#SurfaceInfo: 147 Vertices, 2058 Edges, 1372 Faces, IsOrientable=false
 #Vertices of faces:
vof1:=[[145,146,147],[144,145,146],[143,146,147],[142,145,147],[139,140,141],[137,138,140],[134,135,136],[132,133,135],[129,130,131],[127,128,130],
[137,139,140],[127,129,130],[132,134,135],[125,126,138],[123,124,128],[121,122,136],[119,120,131],[117,118,133],[115,116,141],[114,139,141],
[113,137,138],[112,132,133],[111,134,136],[110,129,131],[109,127,128],[107,108,129],[105,106,127],[103,104,132],[101,102,134],[99,100,137],
[97,98,139],[113,125,138],[109,123,128],[111,121,136],[114,115,141],[110,119,131],[112,117,133],[103,115,132],[107,125,129],[101,123,134],
[97,117,139],[105,121,127],[99,119,137],[96,112,117],[95,114,115],[94,111,121],[93,109,123],[92,113,125],[91,110,119],[90,121,127],
[89,123,134],[88,117,139],[87,115,132],[86,125,129],[85,119,137],[96,117,138],[91,119,141],[94,121,131],[93,123,133],[95,115,136],
[92,125,128],[90,121,131],[89,123,133],[88,117,138],[86,125,128],[85,119,141],[87,115,136],[84,89,133],[83,90,131],[82,88,138],
[81,86,128],[80,87,136],[79,85,141],[78,96,138],[77,93,133],[76,91,141],[75,94,131],[74,92,128],[73,95,136],[86,129,137],
[89,127,134],[87,132,139],[88,132,139],[90,127,134],[85,129,137],[71,72,92],[69,70,91],[67,68,93],[65,66,95],[63,64,94],
[61,62,96],[60,82,138],[59,79,141],[58,83,131],[57,81,128],[56,80,136],[55,84,133],[54,87,139],[53,85,129],[52,86,137],
[51,89,127],[50,88,132],[49,90,134],[48,73,136],[47,78,138],[46,74,128],[45,77,133],[44,76,141],[43,75,131],[42,47,86],
[41,43,85],[40,45,88],[39,46,89],[38,48,90],[37,44,87],[60,112,132],[57,113,137],[59,110,129],[55,109,127],[58,111,134],
[56,114,139],[41,43,86],[39,46,90],[38,48,89],[40,45,87],[42,47,85],[37,44,88],[47,57,78],[46,55,74],[43,59,75],
[48,58,73],[45,60,77],[44,56,76],[54,56,139],[52,57,137],[53,59,129],[51,55,127],[49,58,134],[50,60,132],[54,60,112],
[52,59,110],[51,58,111],[50,56,114],[49,55,109],[53,57,113],[47,72,86],[43,70,85],[44,66,87],[45,62,88],[48,64,90],
[46,68,89],[54,60,138],[52,59,141],[53,57,128],[51,58,131],[49,55,133],[50,56,136],[71,72,86],[67,68,89],[63,64,90],
[65,66,87],[69,70,85],[61,62,88],[36,45,48],[35,43,46],[34,44,47],[34,47,99],[34,44,97],[35,46,105],[35,43,107],
[36,45,103],[36,48,101],[33,53,113],[32,52,110],[31,54,112],[30,51,111],[29,50,114],[28,49,109],[54,56,138],[52,57,141],
[53,59,128],[51,55,131],[50,60,136],[49,58,133],[47,57,72],[43,59,70],[45,60,62],[44,56,66],[46,55,68],[48,58,64],
[46,63,90],[43,71,86],[45,65,87],[48,67,89],[47,69,85],[44,61,88],[27,56,57],[26,55,59],[25,58,60],[25,60,136],
[27,56,138],[27,57,141],[26,59,128],[25,58,133],[26,55,131],[46,63,105],[43,71,107],[48,67,101],[45,65,103],[44,61,97],
[47,69,99],[57,70,72],[59,70,72],[60,62,66],[56,62,66],[58,64,68],[55,64,68],[33,110,113],[32,110,113],[29,112,114],
[28,109,111],[30,109,111],[31,112,114],[56,57,143],[58,60,142],[55,59,144],[33,140,141],[32,128,130],[29,138,140],[30,133,135],
[31,135,136],[28,130,131],[58,88,142],[56,86,143],[60,90,142],[57,87,143],[59,89,144],[55,85,144],[27,33,141],[27,29,138],
[26,28,131],[25,31,136],[26,32,128],[25,30,133],[33,110,140],[32,113,130],[29,112,140],[28,111,130],[31,114,135],[30,109,135],
[24,58,68],[23,55,64],[22,59,72],[21,57,70],[20,56,62],[19,60,66],[63,67,101],[63,67,105],[61,65,103],[69,71,107],
[61,65,97],[69,71,99],[60,84,89],[59,83,90],[57,82,88],[55,81,86],[56,79,85],[58,80,87],[18,59,90],[17,55,86],
[16,60,89],[15,57,88],[14,56,85],[13,58,87],[27,33,95],[27,29,92],[25,31,94],[26,28,91],[25,30,96],[26,32,93],
[67,105,120],[69,107,124],[65,97,126],[63,101,118],[61,103,122],[71,99,116],[21,41,57],[20,40,56],[22,42,59],[19,37,60],
[23,38,55],[24,39,58],[104,110,140],[98,109,135],[102,113,130],[108,112,140],[100,111,130],[106,114,135],[57,82,87],[55,81,85],
[60,84,90],[56,79,86],[58,80,88],[59,83,89],[12,85,88],[11,87,89],[10,86,90],[103,104,117],[99,100,125],[101,102,121],
[97,98,115],[107,108,119],[105,106,123],[28,107,125],[32,105,121],[33,97,117],[30,103,115],[31,101,123],[29,99,119],[31,49,90],
[33,54,87],[28,53,85],[29,52,86],[30,50,88],[32,51,89],[55,74,107],[57,78,97],[59,75,105],[58,73,103],[56,76,99],
[60,77,101],[40,87,101],[42,85,97],[37,88,99],[41,86,105],[39,90,107],[38,89,103],[28,74,107],[33,78,97],[32,75,105],
[30,73,103],[29,76,99],[31,77,101],[23,104,117],[19,100,125],[21,106,123],[20,102,121],[22,98,115],[24,108,119],[33,103,117],
[28,99,125],[32,101,121],[31,105,123],[29,107,119],[30,97,115],[10,86,105],[11,89,103],[12,85,97],[10,90,107],[12,88,99],
[11,87,101],[30,50,96],[31,49,94],[33,54,95],[28,53,91],[32,51,93],[29,52,92],[33,82,87],[28,81,85],[31,84,90],
[29,79,86],[32,83,89],[30,80,88],[104,120,140],[102,126,130],[100,122,130],[108,118,140],[98,124,135],[106,116,135],[41,57,105],
[39,58,107],[40,56,101],[42,59,97],[38,55,103],[37,60,99],[40,97,126],[39,101,118],[41,99,116],[38,105,120],[37,103,122],
[42,107,124],[17,55,107],[16,60,101],[15,57,97],[18,59,105],[13,58,103],[14,56,99],[86,90,147],[85,88,145],[87,89,146],
[41,85,94],[42,86,96],[37,87,91],[40,88,93],[39,89,92],[38,90,95],[96,98,112],[94,106,111],[95,104,114],[93,102,109],
[91,100,110],[92,108,113],[20,65,95],[23,67,93],[19,61,96],[24,63,94],[21,71,92],[22,69,91],[35,92,105],[36,93,103],
[35,94,107],[36,95,101],[34,91,97],[34,96,99],[21,41,138],[20,40,141],[23,38,128],[24,39,136],[19,37,133],[22,42,131],
[18,85,90],[17,86,89],[16,88,89],[15,86,88],[14,85,87],[13,87,90],[21,40,141],[22,38,128],[19,39,136],[24,37,133],
[23,42,131],[20,41,138],[24,63,136],[21,71,138],[20,65,141],[23,67,128],[22,69,131],[19,61,133],[21,35,92],[23,36,93],
[22,34,91],[20,36,95],[19,34,96],[24,35,94],[15,86,96],[16,88,93],[18,85,94],[13,90,95],[17,89,92],[14,87,91],
[88,89,146],[86,88,145],[87,90,146],[85,87,145],[85,90,147],[86,89,147],[50,96,98],[52,92,108],[49,94,106],[54,95,104],
[53,91,100],[51,93,102],[40,93,97],[39,92,101],[38,95,105],[42,96,107],[41,94,99],[37,91,103],[98,112,124],[108,113,118],
[104,114,120],[106,111,116],[100,110,122],[102,109,126],[10,92,105],[11,93,103],[12,91,97],[10,94,107],[11,95,101],[12,96,99],
[24,28,74],[22,33,78],[23,30,73],[21,32,75],[20,31,77],[19,29,76],[17,58,107],[18,57,105],[16,56,101],[15,59,97],
[14,60,99],[13,55,103],[29,79,107],[33,82,103],[30,80,97],[28,81,99],[32,83,101],[31,84,105],[22,98,104],[24,100,108],
[21,102,106],[23,98,104],[19,100,108],[20,102,106],[16,21,137],[13,22,129],[17,19,132],[15,23,127],[14,24,134],[18,20,139],
[81,126,138],[84,124,128],[83,122,136],[79,120,131],[80,116,141],[82,118,133],[48,104,132],[47,98,139],[46,108,129],[43,106,127],
[44,100,137],[45,102,134],[78,92,96],[75,91,94],[77,93,96],[74,92,93],[73,94,95],[76,91,95],[57,81,93],[55,84,96],
[60,82,92],[56,80,94],[58,83,91],[59,79,95],[9,48,136],[8,47,138],[7,44,141],[6,46,128],[5,43,131],[4,45,133],
[70,91,116],[68,93,118],[64,94,120],[62,96,126],[66,95,122],[72,92,124],[24,30,68],[21,33,70],[23,28,64],[22,32,72],
[20,29,62],[19,31,66],[55,88,142],[60,86,143],[56,90,142],[59,87,143],[58,85,144],[57,89,144],[42,46,124],[40,47,126],
[39,45,118],[41,44,116],[38,43,120],[37,48,122],[9,23,30],[8,22,33],[6,24,28],[5,21,32],[7,19,29],[4,20,31],
[14,31,107],[15,32,103],[18,33,101],[13,28,97],[16,29,105],[17,30,99],[7,41,50],[6,42,49],[8,40,53],[5,38,52],
[9,37,51],[4,39,54],[42,46,109],[40,47,113],[39,45,112],[41,44,114],[37,48,111],[38,43,110],[9,30,68],[8,33,70],
[6,28,64],[5,32,72],[4,31,66],[7,29,62],[48,66,122],[45,68,118],[47,62,126],[44,70,116],[46,72,124],[43,64,120],
[55,96,142],[59,95,143],[60,92,143],[56,94,142],[57,93,144],[58,91,144],[78,92,124],[73,94,120],[76,95,122],[75,91,116],
[77,96,126],[74,93,118],[9,48,132],[8,47,139],[6,46,129],[5,43,127],[4,45,134],[7,44,137],[80,116,137],[83,122,132],
[81,126,139],[84,124,129],[82,118,134],[79,120,127],[16,21,29],[17,19,30],[13,22,28],[18,20,33],[14,24,31],[15,23,32],
[82,92,133],[81,93,138],[84,96,128],[83,91,136],[79,95,131],[80,94,141],[9,63,136],[8,71,138],[7,65,141],[6,67,128],
[4,61,133],[5,69,131],[8,22,104],[7,19,108],[4,20,106],[6,24,100],[9,23,98],[5,21,102],[29,84,105],[30,81,99],
[31,79,107],[32,82,103],[33,83,101],[28,80,97],[13,55,97],[14,60,107],[16,56,105],[15,59,103],[17,58,99],[18,57,101],
[24,30,74],[23,28,73],[22,32,78],[21,33,75],[19,31,76],[20,29,77],[8,112,124],[9,114,120],[7,110,122],[6,113,118],
[4,109,126],[5,111,116],[48,54,104],[47,50,98],[46,52,108],[43,49,106],[45,51,102],[44,53,100],[55,88,146],[60,86,145],
[56,90,146],[59,87,145],[57,89,147],[58,85,147],[15,92,96],[17,92,93],[16,93,96],[18,91,94],[14,91,95],[13,94,95],
[20,36,120],[19,34,124],[23,36,126],[21,35,118],[24,35,116],[22,34,122],[21,40,137],[22,38,129],[19,39,132],[24,37,134],
[20,41,139],[23,42,127],[11,95,105],[12,96,107],[10,92,101],[11,93,97],[12,91,103],[10,94,99],[11,72,110],[12,64,109],
[10,66,112],[10,62,114],[12,68,111],[11,70,113],[3,45,48],[2,44,47],[1,43,46],[32,52,120],[31,54,118],[30,51,122],
[29,50,116],[28,49,124],[33,53,126],[25,28,96],[27,32,95],[27,31,92],[25,29,94],[26,33,93],[26,30,91],[21,67,120],
[24,69,124],[22,65,126],[20,63,118],[19,71,116],[23,61,122],[11,21,141],[12,24,133],[10,20,138],[11,22,128],[10,19,136],
[12,23,131],[1,21,118],[1,24,116],[3,20,120],[2,22,122],[2,19,124],[3,23,126],[8,118,124],[9,116,120],[7,120,122],
[6,118,126],[5,116,122],[4,124,126],[46,79,106],[48,82,102],[47,80,100],[43,84,108],[44,81,98],[45,83,104],[64,79,106],
[68,82,102],[62,81,98],[70,80,100],[72,84,108],[66,83,104],[1,8,118],[2,4,124],[1,9,116],[3,7,120],[3,6,126],
[2,5,122],[1,21,67],[1,24,69],[3,20,63],[3,23,61],[2,22,65],[2,19,71],[26,30,122],[26,33,126],[27,32,120],
[27,31,118],[25,28,124],[25,29,116],[11,21,110],[12,24,109],[11,22,113],[10,20,112],[10,19,114],[12,23,111],[11,105,141],
[11,97,128],[12,107,133],[10,101,138],[10,99,136],[12,103,131],[21,36,120],[24,34,124],[22,36,126],[20,35,118],[23,34,122],
[19,35,116],[44,53,98],[45,51,104],[48,54,102],[47,50,100],[43,49,108],[46,52,106],[28,47,80],[32,48,82],[29,43,84],
[30,44,81],[33,45,83],[31,46,79],[49,124,129],[52,120,127],[54,118,134],[51,122,132],[53,126,139],[50,116,137],[78,118,124],
[73,116,120],[76,120,122],[74,118,126],[77,124,126],[75,116,122],[28,96,142],[32,95,143],[31,92,143],[29,94,142],[30,91,144],
[33,93,144],[1,46,72],[1,43,64],[3,48,66],[3,45,68],[2,44,70],[2,47,62],[42,64,109],[40,70,113],[39,66,112],
[41,62,114],[38,72,110],[37,68,111],[9,63,114],[8,71,112],[7,65,110],[6,67,113],[5,69,111],[4,61,109],[56,105,146],
[55,97,146],[60,107,145],[59,103,145],[58,99,147],[57,101,147],[15,92,133],[17,93,138],[16,96,128],[18,91,136],[13,94,141],
[14,95,131],[23,32,78],[19,30,74],[20,33,75],[21,29,77],[24,31,76],[22,28,73],[7,62,137],[9,68,132],[6,64,129],
[4,66,134],[5,72,127],[8,70,139],[8,40,137],[5,38,129],[4,39,132],[9,37,134],[6,42,127],[7,41,139],[5,8,104],
[5,8,102],[4,7,108],[4,7,106],[6,9,100],[6,9,98],[38,42,130],[37,39,135],[40,41,140],[110,115,116],[109,117,118],
[111,119,120],[112,125,126],[113,123,124],[114,121,122],[13,53,69],[15,51,67],[18,54,65],[16,52,71],[14,49,63],[17,50,61],
[1,127,129],[3,132,134],[2,137,139],[2,104,110],[3,98,109],[1,102,113],[2,108,112],[3,106,114],[1,100,111],[98,122,130],
[104,126,130],[106,118,140],[102,120,140],[100,124,135],[108,116,135],[23,102,117],[19,98,125],[24,106,119],[22,100,115],[20,104,121],
[21,108,123],[69,80,137],[67,82,134],[65,83,132],[63,79,127],[61,81,139],[71,84,129],[15,46,109],[17,45,112],[18,44,114],
[16,47,113],[13,43,110],[14,48,111],[4,54,63],[7,50,71],[8,53,65],[9,51,61],[6,49,69],[5,52,67],[5,7,9],
[4,6,8],[69,137,142],[65,132,144],[67,134,143],[63,127,143],[71,129,142],[61,139,144],[2,104,130],[3,98,130],[1,102,140],
[1,100,135],[2,108,135],[3,106,140],[13,69,110],[15,67,109],[14,63,111],[17,61,112],[16,71,113],[18,65,114],[53,69,80],
[51,67,82],[50,61,81],[49,63,79],[52,71,84],[54,65,83],[2,110,115],[1,111,119],[1,113,123],[3,114,121],[2,112,125],
[3,109,117],[6,8,102],[5,7,104],[4,8,108],[7,9,106],[5,9,100],[4,6,98],[23,78,102],[19,74,98],[20,75,104],
[21,77,108],[22,73,100],[24,76,106],[13,43,141],[15,46,133],[17,45,138],[16,47,128],[14,48,131],[18,44,136],[8,65,110],
[4,63,114],[9,61,109],[7,71,112],[6,69,111],[5,67,113],[38,72,130],[42,64,130],[39,66,135],[37,68,135],[41,62,140],
[40,70,140],[78,109,118],[73,110,116],[76,111,120],[74,112,126],[77,113,124],[75,114,122],[2,53,139],[1,49,129],[1,52,127],
[3,54,134],[2,50,137],[3,51,132],[53,65,98],[51,61,104],[54,63,102],[50,71,100],[52,67,106],[49,69,108],[26,98,122],
[26,104,126],[27,102,120],[27,106,118],[25,108,116],[25,100,124],[68,102,117],[62,98,125],[64,106,119],[70,100,115],[66,104,121],
[72,108,123],[4,68,132],[8,62,137],[5,64,129],[9,66,134],[7,70,139],[6,72,127],[105,141,146],[101,138,147],[97,128,146],
[107,133,145],[103,131,145],[99,136,147],[31,46,143],[28,47,142],[32,48,143],[29,43,142],[33,45,144],[30,44,144],[21,36,110],
[19,35,114],[24,34,109],[20,35,112],[23,34,111],[22,36,113],[1,67,72],[1,64,69],[3,63,66],[3,61,68],[2,62,71],
[2,65,70],[1,3,8],[1,2,4],[1,2,9],[1,3,7],[2,3,6],[2,3,5],[34,80,81],[35,79,84],[36,82,83],
[34,53,80],[35,49,79],[35,52,84],[36,54,83],[36,51,82],[34,50,81],[6,72,123],[4,68,117],[8,62,125],[5,64,119],
[7,70,115],[9,66,121],[25,69,108],[26,65,98],[26,61,104],[27,63,102],[25,71,100],[27,67,106],[67,72,130],[64,69,130],
[63,66,135],[61,68,135],[65,70,140],[62,71,140],[8,36,110],[4,35,114],[9,34,109],[7,35,112],[5,36,113],[6,34,111],
[43,141,146],[46,133,145],[45,138,147],[47,128,146],[44,136,147],[48,131,145],[6,78,102],[4,74,98],[7,75,104],[8,77,108],
[9,76,106],[5,73,100],[2,53,115],[1,49,119],[1,52,123],[3,54,121],[3,51,117],[2,50,125],[67,78,109],[69,73,110],
[63,76,111],[61,74,112],[65,75,114],[71,77,113],[3,8,130],[1,4,140],[2,9,130],[1,7,135],[3,5,140],[2,6,135],
[43,137,142],[44,132,144],[46,134,143],[45,139,144],[47,129,142],[48,127,143],[61,115,144],[69,125,142],[65,117,144],[67,121,143],
[63,123,143],[71,119,142],[38,121,143],[41,119,142],[37,115,144],[40,117,144],[42,125,142],[39,123,143],[26,61,115],[25,71,119],
[27,63,123],[25,69,125],[26,65,117],[27,67,121],[9,76,121],[7,75,115],[6,78,123],[4,74,117],[8,77,125],[5,73,119],
[43,137,146],[47,129,146],[46,134,145],[45,139,147],[44,132,147],[48,127,145],[8,36,130],[4,35,140],[9,34,130],[7,35,135],
[6,34,135],[5,36,140],[67,78,130],[69,73,130],[63,76,135],[61,74,135],[71,77,140],[65,75,140],[34,53,115],[35,49,119],
[35,52,123],[34,50,125],[36,51,117],[36,54,121],[14,64,134],[16,72,137],[13,70,129],[18,66,139],[17,62,132],[15,68,127],
[66,83,115],[64,79,121],[68,82,123],[70,80,119],[62,81,117],[72,84,125],[73,75,76],[74,77,78],[14,64,121],[13,70,119],
[18,66,115],[15,68,123],[17,62,117],[16,72,125],[73,76,121],[74,78,123],[74,77,117],[77,78,125],[73,75,119],[75,76,115],
[72,137,146],[70,129,146],[64,134,145],[66,139,147],[68,127,145],[62,132,147],[37,83,115],[38,79,121],[41,80,119],[42,84,125],
[39,82,123],[40,81,117],[34,73,130],[35,76,135],[35,77,140],[34,74,135],[36,75,140],[36,78,130],[26,34,115],[25,35,119],
[27,35,123],[25,34,125],[27,36,121],[26,36,117],[10,50,66],[12,49,68],[11,52,70],[12,51,64],[10,54,62],[11,53,72],
[37,51,73],[38,52,75],[41,50,76],[42,49,74],[39,54,77],[40,53,78],[12,51,73],[10,50,76],[10,54,77],[12,49,74],
[11,53,78],[11,52,75],[37,73,83],[38,75,79],[41,76,80],[42,74,84],[40,78,81],[39,77,82],[53,72,146],[52,70,146],
[51,64,145],[50,66,147],[54,62,147],[49,68,145],[26,34,73],[25,35,76],[27,35,77],[25,34,74],[26,36,78],[27,36,75],
[14,73,121],[13,75,119],[18,76,115],[15,74,123],[16,78,125],[17,77,117],[26,38,42],[27,40,41],[25,37,39],[13,42,53],
[15,38,51],[16,41,52],[18,40,54],[17,37,50],[14,39,49],[13,26,42],[16,27,41],[15,26,38],[14,25,39],[17,25,37],
[18,27,40],[38,51,145],[41,52,146],[37,50,147],[40,54,147],[39,49,145],[42,53,146],[14,73,83],[13,75,79],[18,76,80],
[15,74,84],[17,77,82],[16,78,81],[12,26,73],[10,25,76],[10,27,77],[12,25,74],[11,27,75],[11,26,78],[11,82,83],
[10,79,84],[12,80,81],[38,83,143],[41,79,142],[37,80,144],[40,82,144],[42,81,142],[39,84,143],[13,14,18],[15,16,17],
[12,80,144],[11,83,143],[10,79,142],[10,84,143],[11,82,144],[12,81,142],[13,14,83],[13,18,79],[14,18,80],[16,17,82],
[15,16,81],[15,17,84],[38,83,145],[41,79,146],[37,80,147],[40,82,147],[42,81,146],[39,84,145],[12,13,26],[11,18,27],
[10,14,25],[10,16,27],[11,15,26],[12,17,25],[13,83,145],[18,79,146],[14,80,147],[16,82,147],[17,84,145],[15,81,146],
[12,13,144],[11,18,143],[10,14,142],[10,16,143],[12,17,142],[11,15,144],[13,144,145],[18,143,146],[14,142,147],[16,143,147],
[15,144,146],[17,142,145]];
###############################################################

