#SurfaceInfo: 384 Vertices, 2304 Edges, 1536 Faces, IsOrientable=true
 #Vertices of faces:
vof1:=[[382,383,384],[381,382,383],[380,383,384],[379,382,384],[376,377,378],[373,374,375],[370,371,372],[367,368,369],[364,365,366],[361,362,363],
[358,359,360],[355,356,357],[352,353,354],[363,372,378],[349,350,351],[346,347,348],[343,344,345],[340,341,342],[337,338,339],[334,335,336],
[335,338,350],[341,344,347],[335,349,350],[341,346,347],[340,341,344],[343,344,347],[334,335,338],[337,338,350],[333,372,378],[332,363,372],
[331,363,378],[330,358,359],[329,352,353],[328,355,356],[325,326,327],[322,323,324],[319,320,321],[316,317,318],[313,314,315],[310,311,312],
[307,308,309],[304,305,306],[301,302,303],[300,322,323],[299,316,317],[298,319,320],[297,310,311],[296,313,314],[295,325,326],[294,307,308],
[293,301,302],[292,304,305],[289,290,291],[287,288,293],[285,286,294],[282,283,284],[279,280,281],[277,278,292],[275,276,312],[272,273,274],
[270,271,327],[267,268,269],[265,266,315],[262,263,264],[260,261,318],[257,258,259],[254,255,256],[252,253,324],[250,251,321],[247,248,249],
[244,245,246],[243,263,347],[240,241,242],[239,268,341],[236,237,238],[235,273,344],[232,233,234],[243,248,338],[229,230,231],[235,258,350],
[239,255,335],[226,227,228],[225,287,293],[224,289,290],[223,289,291],[222,288,293],[221,282,283],[222,285,294],[220,282,284],[219,286,294],
[225,277,292],[218,279,280],[217,279,281],[219,278,292],[216,233,245],[214,215,243],[213,230,237],[211,212,235],[209,210,239],[208,227,241],
[207,272,287],[206,213,275],[205,257,288],[204,213,260],[203,208,270],[202,267,285],[201,208,252],[200,254,286],[199,262,278],[198,216,265],
[197,247,277],[196,216,250],[287,288,331],[213,290,291],[208,283,284],[285,286,333],[277,278,332],[216,280,281],[206,213,291],[272,287,331],
[204,213,290],[257,288,331],[267,285,333],[203,208,284],[254,286,333],[201,208,283],[198,216,280],[262,278,332],[196,216,281],[247,277,332],
[207,272,273],[213,275,312],[202,267,268],[208,270,327],[197,247,248],[216,250,321],[208,252,324],[200,254,255],[205,257,258],[213,260,318],
[216,265,315],[199,262,263],[214,243,263],[216,244,245],[209,239,268],[208,240,241],[208,226,227],[210,239,255],[211,235,258],[213,229,230],
[215,243,248],[216,232,233],[212,235,273],[213,236,237],[195,224,289],[194,225,287],[193,222,288],[192,223,289],[191,222,285],[190,221,282],
[189,219,286],[188,220,282],[187,218,279],[186,225,277],[185,219,278],[184,217,279],[182,183,222],[190,192,357],[187,195,360],[180,181,225],
[184,188,354],[178,179,219],[233,245,375],[214,215,289],[211,212,279],[230,237,369],[227,241,366],[209,210,282],[177,214,289],[182,233,375],
[180,245,375],[176,215,289],[175,210,282],[183,241,366],[178,237,369],[174,211,279],[181,230,369],[173,212,279],[179,227,366],[172,209,282],
[180,194,225],[195,289,360],[192,289,357],[182,193,222],[181,186,225],[187,279,360],[184,279,354],[178,185,219],[188,282,354],[179,189,219],
[190,282,357],[183,191,222],[242,257,331],[171,204,290],[246,247,332],[170,196,281],[169,201,283],[238,254,333],[234,267,333],[168,203,284],
[231,272,331],[167,206,291],[228,262,332],[166,198,280],[213,236,312],[207,212,273],[216,244,315],[199,214,263],[213,229,318],[205,211,258],
[202,209,268],[208,240,327],[200,210,255],[208,226,324],[216,232,321],[197,215,248],[164,165,276],[163,232,317],[162,226,319],[160,161,271],
[158,159,251],[162,236,314],[163,240,310],[156,157,253],[154,155,261],[153,244,326],[153,229,322],[151,152,266],[149,150,162],[148,158,160],
[147,151,154],[145,146,153],[143,144,163],[142,156,164],[329,362,371],[140,141,142],[330,370,377],[138,139,147],[328,361,376],[136,137,148],
[135,294,307],[134,294,308],[133,293,301],[132,292,304],[131,292,305],[130,293,302],[129,300,322],[151,300,323],[128,298,319],[160,299,316],
[164,298,320],[127,299,317],[126,297,310],[156,296,313],[125,296,314],[158,297,311],[154,295,325],[124,295,326],[126,246,330],[138,281,313],
[129,234,329],[141,284,323],[128,231,330],[139,291,316],[125,242,329],[140,290,311],[124,238,328],[136,283,325],[127,228,328],[137,280,320],
[138,147,313],[246,330,370],[140,142,311],[242,329,362],[139,147,316],[231,330,377],[141,142,323],[234,329,371],[136,148,325],[238,328,376],
[137,148,320],[228,328,361],[132,146,304],[123,133,293],[131,150,305],[122,130,293],[133,145,301],[121,132,292],[130,144,302],[120,131,292],
[119,134,294],[135,149,307],[118,135,294],[134,143,308],[160,291,316],[128,298,330],[158,290,311],[125,296,329],[156,281,313],[126,297,330],
[151,284,323],[129,300,329],[124,295,328],[154,283,325],[127,299,328],[164,280,320],[147,154,261],[145,153,244],[142,156,253],[143,163,240],
[148,160,271],[149,162,226],[147,151,266],[146,153,229],[142,164,276],[144,163,232],[150,162,236],[148,158,251],[126,240,310],[156,157,296],
[125,236,314],[158,159,297],[127,232,317],[164,165,298],[151,152,300],[129,229,322],[160,161,299],[128,226,319],[124,244,326],[154,155,295],
[117,236,312],[116,207,212],[115,197,215],[114,232,321],[113,226,324],[112,200,210],[111,240,327],[110,202,209],[109,229,318],[108,205,211],
[107,199,214],[106,244,315],[125,242,257],[140,171,290],[127,228,262],[137,166,280],[139,167,291],[128,231,272],[141,168,284],[129,234,267],
[124,238,254],[136,169,283],[138,170,281],[126,246,247],[176,289,360],[180,194,245],[182,193,233],[177,289,357],[179,189,227],[172,282,354],
[181,186,230],[173,279,360],[174,279,354],[178,185,237],[183,191,241],[175,282,357],[105,195,308],[104,167,177],[103,170,174],[102,187,307],
[101,192,302],[100,169,175],[99,171,176],[98,188,304],[97,166,173],[96,190,301],[95,168,172],[94,184,305],[93,117,124],[91,92,275],
[89,90,252],[88,109,128],[87,106,126],[85,86,270],[84,111,125],[82,83,265],[80,81,250],[79,114,129],[78,113,127],[76,77,260],
[264,333,372],[269,331,378],[274,332,363],[259,333,378],[249,331,363],[256,332,372],[160,330,358],[156,330,359],[151,328,355],[164,329,352],
[158,328,356],[154,329,353],[75,335,349],[74,341,346],[73,343,347],[72,340,344],[71,337,350],[70,334,338],[110,325,327],[112,323,324],
[115,316,318],[108,320,321],[107,311,312],[116,313,315],[214,308,309],[211,307,309],[215,302,303],[210,304,306],[212,305,306],[209,301,303],
[158,160,222],[69,149,150],[68,145,146],[151,154,225],[156,164,219],[67,143,144],[131,207,287],[66,206,275],[65,204,260],[135,205,288],
[133,202,285],[64,203,270],[132,200,286],[63,201,252],[62,198,265],[134,199,278],[61,196,250],[130,197,277],[186,272,274],[242,276,312],
[193,267,269],[246,271,327],[189,262,264],[238,266,315],[191,257,259],[234,261,318],[185,254,256],[231,253,324],[194,247,249],[228,251,321],
[147,243,347],[60,244,246],[142,239,341],[59,240,242],[148,239,335],[58,226,228],[147,235,350],[57,229,231],[142,243,338],[56,232,234],
[55,236,238],[148,235,344],[263,267,347],[72,245,246],[268,272,341],[74,241,242],[262,273,344],[73,237,238],[248,257,338],[71,233,234],
[254,258,350],[70,230,231],[75,227,228],[247,255,335],[146,224,290],[65,225,293],[150,223,291],[64,222,293],[61,222,294],[149,221,283],
[66,219,294],[143,220,284],[145,218,280],[62,225,292],[144,217,281],[63,219,292],[171,204,274],[54,242,331],[170,196,269],[53,246,332],
[52,238,333],[169,201,264],[168,203,259],[51,234,333],[167,206,256],[50,231,331],[166,198,249],[49,228,332],[182,308,375],[116,177,214],
[112,176,215],[180,304,375],[115,174,211],[178,307,369],[183,302,366],[108,175,210],[110,173,212],[181,301,369],[107,172,209],[179,305,366],
[174,175,176],[155,157,159],[152,161,165],[172,173,177],[47,48,174],[46,157,185],[45,155,194],[43,44,176],[41,42,175],[40,159,191],
[39,165,189],[37,38,172],[36,152,186],[34,35,173],[33,161,193],[31,32,177],[48,50,126],[79,86,157],[78,92,155],[44,49,124],
[42,51,125],[83,88,159],[38,52,127],[77,87,165],[81,84,152],[35,54,129],[90,93,161],[32,53,128],[80,168,340],[36,94,129],
[85,170,349],[40,102,126],[45,101,124],[91,169,334],[46,98,125],[82,171,337],[39,105,128],[89,167,346],[33,96,127],[76,166,343],
[199,202,207],[62,64,66],[61,63,65],[197,200,205],[46,157,159],[47,174,176],[45,155,157],[43,175,176],[40,155,159],[41,174,175],
[37,172,177],[39,152,165],[34,172,173],[36,152,161],[31,173,177],[33,161,165],[86,157,185],[47,48,50],[43,44,49],[92,155,194],
[83,159,191],[41,42,51],[77,165,189],[37,38,52],[34,35,54],[81,152,186],[31,32,53],[90,161,193],[54,242,312],[186,204,274],
[53,246,327],[193,196,269],[189,201,264],[52,238,315],[51,234,318],[191,203,259],[50,231,324],[185,206,256],[49,228,321],[194,198,249],
[74,242,276],[186,268,272],[72,246,271],[193,263,267],[73,238,266],[189,262,273],[71,234,261],[191,248,257],[70,231,253],[185,254,258],
[194,247,255],[75,228,251],[102,133,285],[30,64,270],[29,62,265],[98,134,278],[28,66,275],[101,131,287],[27,63,252],[105,132,286],
[26,65,260],[96,135,288],[94,130,277],[25,61,250],[64,66,206],[131,199,207],[130,197,205],[61,63,196],[134,199,202],[62,66,198],
[132,197,200],[63,65,201],[62,64,203],[133,202,207],[135,200,205],[61,65,204],[65,154,225],[68,146,290],[63,156,219],[67,144,281],
[62,151,225],[68,145,280],[67,143,284],[66,164,219],[69,149,283],[61,158,222],[64,160,222],[69,150,291],[116,214,309],[182,214,308],
[178,211,307],[115,211,309],[180,210,304],[112,215,303],[108,210,306],[183,215,302],[181,209,301],[110,212,306],[179,212,305],[107,209,303],
[36,94,184],[80,168,172],[40,102,187],[85,170,174],[91,169,175],[45,101,192],[82,171,176],[46,98,188],[89,167,177],[39,105,195],
[76,166,173],[33,96,190],[94,114,129],[80,250,340],[102,106,126],[85,270,349],[91,275,334],[101,117,124],[82,265,337],[98,111,125],
[89,252,346],[105,109,128],[76,260,343],[96,113,127],[79,86,270],[48,87,126],[44,93,124],[78,92,275],[83,88,265],[42,84,125],
[77,87,260],[38,78,127],[35,79,129],[81,84,250],[32,88,128],[90,93,252],[104,116,177],[105,308,375],[98,304,375],[99,112,176],
[100,108,175],[101,302,366],[103,115,174],[102,307,369],[96,301,369],[97,110,173],[94,305,366],[95,107,172],[75,247,335],[75,227,349],
[74,241,346],[74,272,341],[72,245,340],[73,267,347],[73,237,343],[72,262,344],[71,233,337],[70,257,338],[70,230,334],[71,254,350],
[169,264,372],[52,264,333],[171,274,363],[54,269,331],[53,274,332],[170,269,378],[51,259,333],[168,259,378],[50,249,331],[167,256,372],
[49,256,332],[166,249,363],[65,123,293],[132,146,224],[63,120,292],[130,144,217],[62,121,292],[133,145,218],[64,122,293],[131,150,223],
[134,143,220],[66,118,294],[135,149,221],[61,119,294],[46,185,237],[48,174,354],[45,194,245],[44,176,360],[40,191,241],[42,175,357],
[38,172,354],[39,189,227],[35,173,360],[36,186,230],[32,177,357],[33,193,233],[141,168,340],[36,129,267],[40,126,247],[138,170,349],
[136,169,334],[45,124,254],[140,171,337],[46,125,257],[139,167,346],[39,128,272],[137,166,343],[33,127,262],[116,212,313],[107,117,312],
[106,116,315],[107,214,311],[108,211,320],[109,115,318],[110,209,325],[110,111,327],[112,210,323],[112,113,324],[108,114,321],[115,215,316],
[79,157,296],[50,126,240],[49,124,244],[78,155,295],[88,159,297],[51,125,236],[87,165,298],[52,127,232],[54,129,229],[84,152,300],
[53,128,226],[93,161,299],[60,145,244],[147,261,347],[148,251,344],[55,150,236],[56,144,232],[142,276,338],[57,146,229],[147,266,350],
[58,149,226],[148,271,335],[142,253,341],[59,143,240],[160,298,330],[160,291,358],[154,296,329],[158,290,356],[156,297,330],[156,281,359],
[151,284,355],[164,300,329],[164,280,352],[151,299,328],[154,283,353],[158,295,328],[60,246,370],[147,243,313],[56,234,371],[142,243,323],
[57,231,377],[147,235,316],[59,242,362],[142,239,311],[148,235,325],[55,238,376],[58,228,361],[148,239,320],[303,370,371],[243,367,368],
[306,376,377],[235,373,374],[309,361,362],[239,364,365],[99,377,378],[53,373,375],[104,376,378],[51,374,375],[103,371,372],[52,367,369],
[100,361,363],[54,365,366],[50,368,369],[97,370,372],[49,364,366],[95,362,363],[40,353,354],[39,355,357],[45,359,360],[36,358,360],
[33,352,354],[46,356,357],[145,346,348],[24,347,348],[146,349,351],[23,350,351],[22,341,342],[143,343,345],[21,344,345],[150,340,342],
[20,335,336],[149,337,339],[144,334,336],[19,338,339],[18,187,307],[103,170,336],[104,167,342],[17,195,308],[16,190,301],[97,166,348],
[15,188,304],[99,171,351],[95,168,345],[14,184,305],[100,169,339],[13,192,302],[93,117,121],[88,91,92],[88,109,120],[84,89,90],
[87,106,122],[78,85,86],[79,82,83],[84,111,118],[76,77,93],[78,113,119],[79,114,123],[80,81,87],[194,287,342],[75,195,224],
[72,192,223],[193,288,339],[186,277,336],[74,187,218],[70,184,217],[185,278,345],[71,190,221],[191,285,348],[73,188,220],[189,286,351],
[145,301,364],[121,132,348],[123,133,351],[146,304,365],[122,130,345],[150,305,374],[120,131,339],[144,302,367],[149,307,373],[119,134,336],
[143,308,368],[118,135,342],[12,117,236],[88,116,207],[11,106,244],[78,107,199],[10,109,229],[84,108,205],[79,110,202],[9,111,240],
[93,112,200],[8,113,226],[87,115,197],[7,114,232],[88,92,207],[12,117,121],[7,114,123],[81,87,197],[8,113,119],[77,93,200],
[9,111,118],[79,83,202],[78,86,199],[11,106,122],[84,90,205],[10,109,120],[119,170,336],[18,307,373],[13,302,367],[120,169,339],
[14,305,374],[122,168,345],[15,304,365],[123,171,351],[121,166,348],[16,301,364],[118,167,342],[17,308,368],[97,285,348],[16,71,190],
[14,70,184],[95,278,345],[17,75,195],[104,287,342],[99,286,351],[15,73,188],[13,72,192],[100,288,339],[18,74,187],[103,277,336],
[146,349,365],[23,133,351],[150,340,374],[21,130,345],[22,135,342],[143,343,368],[19,131,339],[144,334,367],[20,134,336],[149,337,373],
[24,132,348],[145,346,364],[243,313,367],[60,303,370],[58,309,361],[239,320,364],[55,306,376],[235,325,373],[239,311,365],[59,309,362],
[235,316,374],[57,306,377],[243,323,368],[56,303,371],[23,266,350],[57,146,351],[58,149,339],[20,271,335],[59,143,345],[22,253,341],
[21,251,344],[55,150,342],[60,145,348],[24,261,347],[19,276,338],[56,144,336],[7,52,232],[87,115,298],[93,112,299],[8,53,226],
[12,51,236],[88,116,297],[84,108,300],[10,54,229],[78,107,295],[11,49,244],[9,50,240],[79,110,296],[36,230,358],[35,45,360],
[32,46,357],[33,233,352],[36,44,360],[45,245,359],[39,227,355],[38,40,354],[33,48,354],[46,237,356],[39,42,357],[40,241,353],
[99,170,378],[53,274,373],[54,269,365],[100,171,363],[52,264,367],[103,169,372],[51,259,374],[104,168,378],[97,167,372],[50,249,368],
[95,166,363],[49,256,364],[52,102,369],[103,115,371],[99,112,377],[53,98,375],[51,105,375],[104,116,376],[54,101,366],[100,108,361],
[97,110,370],[50,96,369],[95,107,362],[49,94,366],[78,119,275],[44,76,93],[48,80,87],[79,123,270],[84,118,250],[35,79,82],
[93,121,252],[32,88,91],[38,78,85],[87,122,260],[42,84,89],[88,120,265],[193,263,339],[72,223,271],[74,218,276],[186,268,336],
[189,273,351],[73,220,266],[191,248,348],[71,221,261],[185,258,345],[70,217,253],[75,224,251],[194,255,342],[36,73,267],[141,245,340],
[39,74,272],[139,241,346],[33,72,262],[137,237,343],[46,70,257],[140,233,337],[45,71,254],[136,230,334],[138,227,349],[40,75,247],
[31,76,173],[33,165,190],[39,152,195],[37,89,177],[41,85,174],[40,155,187],[43,91,175],[45,157,192],[47,82,176],[46,159,188],
[34,80,172],[36,161,184],[182,214,311],[106,116,309],[183,215,316],[108,114,306],[112,113,303],[180,210,323],[109,115,309],[178,211,320],
[110,111,306],[181,209,325],[107,117,303],[179,212,313],[69,291,358],[64,160,298],[62,151,299],[68,280,352],[66,164,300],[67,284,355],
[67,281,359],[63,156,297],[65,154,296],[68,290,356],[61,158,295],[69,283,353],[131,199,223],[64,122,206],[61,119,204],[135,200,221],
[133,207,218],[62,121,203],[65,123,201],[132,197,224],[66,118,198],[134,202,220],[63,120,196],[130,205,217],[30,270,349],[102,106,133],
[25,250,340],[94,114,130],[96,113,135],[26,260,343],[105,109,132],[27,252,346],[101,117,131],[28,275,334],[98,111,134],[29,265,337],
[81,186,204],[34,54,312],[90,193,196],[31,53,327],[77,189,201],[37,52,315],[41,51,318],[83,191,203],[86,185,206],[47,50,324],
[92,194,198],[43,49,321],[90,326,327],[92,317,318],[83,319,321],[77,310,312],[81,314,315],[86,322,324],[76,163,317],[23,165,276],
[19,161,271],[80,162,319],[82,162,314],[24,159,251],[21,157,253],[91,163,310],[85,153,326],[22,155,261],[20,152,266],[89,153,322],
[76,273,274],[6,275,276],[80,268,269],[5,270,271],[82,248,249],[4,250,251],[3,252,253],[91,255,256],[85,258,259],[2,260,261],
[89,263,264],[1,265,266],[102,285,358],[16,30,64],[14,29,62],[98,278,352],[105,286,359],[15,27,63],[17,28,66],[101,287,355],
[13,26,65],[96,288,356],[18,25,61],[94,277,353],[6,23,276],[76,273,317],[1,20,266],[89,263,322],[2,22,261],[85,258,326],
[91,255,310],[3,21,253],[4,24,251],[82,248,314],[80,268,319],[5,19,271],[31,90,327],[90,196,326],[34,77,312],[81,204,314],
[43,83,321],[92,198,317],[83,203,319],[41,92,318],[37,81,315],[77,201,310],[47,86,324],[86,206,322],[16,64,298],[69,102,358],
[68,98,352],[14,62,299],[15,63,297],[67,105,359],[67,101,355],[17,66,300],[68,96,356],[13,65,296],[69,94,353],[18,61,295],
[23,165,190],[31,76,163],[34,80,162],[19,161,184],[47,82,162],[24,159,188],[21,157,192],[43,91,163],[22,155,187],[41,85,153],
[37,89,153],[20,152,195],[44,76,274],[6,119,275],[1,120,265],[42,89,264],[2,122,260],[38,85,259],[32,91,256],[3,121,252],
[35,82,249],[4,118,250],[5,123,270],[48,80,269],[16,30,71],[97,285,358],[95,278,352],[14,29,70],[15,27,73],[99,286,359],
[104,287,355],[17,28,75],[100,288,356],[13,26,72],[103,277,353],[18,25,74],[179,313,367],[60,117,303],[180,323,368],[56,113,303],
[57,114,306],[183,316,374],[59,106,309],[182,311,365],[181,325,373],[55,111,306],[178,320,364],[58,109,309],[35,45,71],[136,230,358],
[140,233,352],[32,46,70],[38,40,75],[138,227,355],[141,245,359],[36,44,73],[137,237,356],[33,48,72],[139,241,353],[39,42,74],
[115,298,371],[7,52,102],[8,53,98],[112,299,377],[10,54,101],[108,300,361],[116,297,376],[12,51,105],[9,50,96],[110,296,370],
[11,49,94],[107,295,362],[23,220,266],[57,273,351],[20,223,271],[58,263,339],[22,217,253],[59,258,345],[55,255,342],[21,224,251],
[24,221,261],[60,248,348],[56,268,336],[19,218,276],[23,106,133],[30,349,365],[27,346,364],[24,109,132],[29,337,373],[20,111,134],
[28,334,367],[19,117,131],[26,343,368],[22,113,135],[21,114,130],[25,340,374],[18,274,373],[99,119,170],[103,120,169],[13,264,367],
[104,122,168],[14,259,374],[100,123,171],[15,269,365],[17,249,368],[97,118,167],[16,256,364],[95,121,166],[12,121,203],[92,207,218],
[83,202,220],[9,118,198],[77,200,221],[8,119,204],[81,197,224],[7,123,201],[86,199,223],[11,122,206],[90,205,217],[10,120,196],
[153,180,181],[187,195,381],[162,178,179],[184,188,379],[190,192,380],[163,182,183],[31,163,182],[23,190,380],[20,195,381],[37,153,181],
[22,187,381],[41,153,180],[43,163,183],[21,192,380],[24,188,379],[47,162,178],[19,184,379],[34,162,179],[19,60,117],[28,179,367],
[24,58,109],[27,178,364],[20,55,111],[29,181,373],[30,182,365],[23,59,106],[25,183,374],[21,57,114],[22,56,113],[26,180,368],
[97,136,358],[30,35,71],[29,32,70],[95,140,352],[99,141,359],[27,44,73],[28,38,75],[104,138,355],[26,48,72],[100,137,356],
[25,42,74],[103,139,353],[6,99,119],[18,44,274],[15,48,269],[5,100,123],[4,97,118],[17,35,249],[3,95,121],[16,32,256],
[14,38,259],[2,104,122],[13,42,264],[1,103,120],[7,69,102],[16,298,371],[14,299,377],[8,68,98],[12,67,105],[15,297,376],
[17,300,361],[10,67,101],[11,69,94],[18,295,362],[13,296,370],[9,68,96],[8,204,314],[34,77,221],[7,201,310],[37,81,224],
[41,92,218],[12,203,319],[9,198,317],[43,83,220],[11,206,322],[47,86,223],[10,196,326],[31,90,217],[57,273,317],[6,23,220],
[5,19,218],[56,268,319],[60,248,314],[4,24,221],[3,21,224],[55,255,310],[59,258,326],[2,22,217],[58,263,322],[1,20,223],
[69,140,141],[362,371,383],[370,377,384],[68,138,139],[67,136,137],[361,376,382],[16,371,383],[7,69,140],[8,68,138],[14,377,384],
[15,376,382],[12,67,137],[10,67,136],[17,361,382],[9,68,139],[13,370,384],[18,362,383],[11,69,141],[6,43,220],[9,57,317],
[1,47,223],[11,58,322],[3,37,224],[7,55,310],[4,34,221],[8,60,314],[5,41,218],[12,56,319],[2,31,217],[10,59,326],
[18,27,44],[6,99,141],[1,103,139],[13,25,42],[2,104,138],[14,28,38],[16,29,32],[3,95,140],[17,30,35],[4,97,136],
[15,26,48],[5,100,137],[30,31,182],[23,59,380],[28,34,179],[19,60,379],[27,47,178],[24,58,379],[21,57,380],[25,43,183],
[26,41,180],[22,56,381],[29,37,181],[20,55,381],[6,25,43],[9,57,380],[10,59,380],[2,30,31],[12,56,381],[5,26,41],
[4,28,34],[8,60,379],[7,55,381],[3,29,37],[11,58,379],[1,27,47],[3,7,140],[16,29,383],[6,11,141],[18,27,383],
[14,28,384],[2,8,138],[13,25,384],[1,9,139],[5,12,137],[15,26,382],[4,10,136],[17,30,382],[1,9,380],[6,25,384],
[1,27,383],[6,11,379],[3,29,383],[3,7,381],[2,8,379],[4,28,384],[5,26,382],[5,12,381],[2,30,382],[4,10,380],
[5,381,382],[4,380,384],[2,379,382],[3,381,383],[6,379,384],[1,380,383]];
###############################################################

#SurfaceInfo: 84 Vertices, 2352 Edges, 1568 Faces, IsOrientable=true
 #Vertices of faces:
vof2:=[[82,83,84],[81,82,83],[80,83,84],[79,82,84],[76,77,78],[74,75,77],[73,75,78],[71,72,77],[70,72,78],[69,70,75],
[68,71,75],[67,68,78],[67,69,77],[64,65,66],[62,63,66],[61,63,65],[70,71,72],[67,69,70],[67,68,71],[61,64,65],
[62,64,66],[61,62,63],[60,63,65],[59,63,66],[58,65,66],[59,66,70],[59,63,67],[58,65,67],[58,66,71],[60,65,70],
[60,63,71],[57,70,71],[56,67,71],[55,67,70],[61,62,70],[62,64,67],[61,64,71],[60,62,70],[59,61,70],[59,64,67],
[60,64,71],[58,61,71],[58,62,67],[57,65,70],[57,63,71],[55,63,67],[55,66,70],[56,66,71],[56,65,67],[60,64,78],
[58,62,75],[58,61,78],[59,61,77],[60,62,77],[59,64,75],[55,66,77],[55,63,75],[56,65,75],[56,66,78],[57,63,78],
[57,65,77],[52,53,54],[50,51,53],[49,50,52],[47,48,69],[46,48,68],[46,47,72],[45,55,56],[44,56,57],[43,55,57],
[42,43,44],[41,44,45],[40,43,45],[45,53,70],[43,52,71],[44,50,67],[43,53,67],[44,52,70],[45,50,71],[39,73,74],
[38,74,76],[37,73,76],[55,64,75],[55,61,77],[56,61,78],[56,62,75],[57,62,77],[57,64,78],[58,59,75],[59,60,77],
[58,60,78],[65,72,77],[63,69,75],[66,69,77],[66,68,78],[65,68,75],[63,72,78],[71,76,77],[70,76,78],[70,74,75],
[67,74,77],[67,73,78],[71,73,75],[34,35,36],[32,33,35],[31,32,34],[30,36,47],[30,33,46],[29,31,47],[28,31,46],
[28,36,48],[29,33,48],[51,54,65],[49,54,66],[49,51,63],[27,77,78],[26,75,78],[25,75,77],[37,38,39],[24,38,39],
[23,37,38],[22,37,39],[21,23,24],[20,22,23],[19,22,24],[21,24,39],[21,23,37],[19,24,38],[19,22,37],[20,22,39],
[20,23,38],[22,24,35],[23,24,34],[22,23,32],[18,28,29],[17,29,30],[16,28,30],[23,29,34],[22,29,35],[22,30,32],
[23,28,32],[24,28,35],[24,30,34],[21,29,39],[19,29,38],[21,30,37],[19,28,37],[20,28,39],[20,30,38],[29,34,39],
[29,35,38],[30,34,37],[28,35,37],[28,32,39],[30,32,38],[19,21,29],[20,21,30],[19,20,28],[17,23,29],[18,22,29],
[17,24,30],[16,23,28],[16,22,30],[18,24,28],[28,29,51],[29,30,54],[28,30,49],[13,14,15],[11,12,14],[10,12,15],
[14,30,54],[14,28,51],[12,29,54],[15,30,49],[15,29,51],[12,28,49],[14,34,39],[14,35,38],[12,34,37],[15,32,39],
[12,32,38],[15,35,37],[14,17,23],[14,18,22],[12,17,24],[15,16,23],[15,18,24],[12,16,22],[14,19,21],[15,19,20],
[12,20,21],[14,21,35],[14,19,34],[12,21,32],[12,20,34],[15,20,35],[15,19,32],[14,18,38],[14,17,39],[15,18,37],
[12,17,37],[12,16,38],[15,16,39],[14,23,54],[14,22,51],[12,24,54],[15,23,49],[15,24,51],[12,22,49],[13,14,28],
[11,12,29],[10,15,30],[10,12,28],[11,14,30],[13,15,29],[9,58,60],[8,58,59],[7,59,60],[8,55,64],[9,57,64],
[9,56,61],[7,55,61],[8,56,62],[7,57,62],[9,63,72],[8,63,69],[7,66,69],[8,65,68],[7,65,72],[9,66,68],
[7,71,76],[9,70,76],[8,70,74],[7,67,74],[8,71,73],[9,67,73],[7,27,78],[9,27,77],[9,26,75],[7,25,75],
[8,25,77],[8,26,78],[7,9,52],[8,9,50],[7,8,53],[38,44,51],[39,44,54],[39,43,49],[38,45,49],[37,43,51],
[37,45,54],[34,35,44],[32,34,45],[32,35,43],[28,44,48],[30,44,47],[29,45,47],[30,43,46],[28,45,46],[29,43,48],
[51,54,71],[49,51,70],[49,54,67],[33,36,80],[31,36,79],[31,33,81],[12,14,47],[12,15,46],[14,15,48],[17,51,71],
[16,51,70],[18,54,71],[16,54,67],[17,49,67],[18,49,70],[8,36,79],[9,31,79],[9,33,80],[7,31,81],[8,33,81],
[7,36,80],[15,44,48],[14,43,48],[12,44,47],[14,45,47],[12,43,46],[15,45,46],[9,57,58],[9,56,60],[7,57,59],
[7,55,60],[8,55,58],[8,56,59],[9,64,72],[8,62,68],[7,62,72],[8,64,69],[9,61,68],[7,61,69],[7,65,76],
[9,63,76],[8,65,73],[8,63,74],[9,66,73],[7,66,74],[7,27,71],[9,27,70],[8,25,70],[8,26,71],[9,26,67],
[7,25,67],[9,52,77],[8,53,77],[7,52,78],[9,50,75],[8,50,78],[7,53,75],[21,35,44],[19,34,44],[20,35,43],
[19,32,43],[20,34,45],[21,32,45],[11,30,44],[13,28,44],[11,29,45],[10,30,43],[10,28,45],[13,29,43],[22,44,51],
[23,44,54],[24,45,54],[23,43,49],[22,45,49],[24,43,51],[18,38,44],[17,39,44],[18,37,43],[17,37,45],[16,39,43],
[16,38,45],[31,55,56],[33,55,57],[36,56,57],[17,18,78],[16,17,75],[16,18,77],[6,43,44],[5,44,45],[4,43,45],
[33,52,71],[36,52,70],[31,53,70],[36,50,67],[31,50,71],[33,53,67],[36,64,76],[36,61,73],[31,62,73],[33,62,76],
[31,64,74],[33,61,74],[23,73,74],[22,74,76],[24,73,76],[3,8,9],[2,7,9],[1,7,8],[22,69,76],[23,68,74],
[23,69,73],[24,72,73],[24,68,76],[22,72,74],[31,56,59],[36,57,58],[36,56,60],[33,57,59],[31,55,58],[33,55,60],
[31,62,68],[33,62,72],[31,64,69],[36,64,72],[33,61,69],[36,61,68],[33,65,76],[36,63,76],[31,63,74],[31,65,73],
[33,66,74],[36,66,73],[27,33,71],[27,36,70],[25,31,70],[26,31,71],[25,33,67],[26,36,67],[36,52,77],[31,53,77],
[36,50,75],[31,50,78],[33,53,75],[33,52,78],[6,15,44],[6,14,43],[5,12,44],[5,14,45],[4,15,45],[4,12,43],
[2,7,36],[1,7,31],[3,8,36],[3,9,31],[1,8,33],[2,9,33],[17,51,78],[18,54,78],[16,51,77],[18,49,77],
[17,49,75],[16,54,75],[11,23,44],[13,22,44],[11,24,45],[10,23,43],[13,24,43],[10,22,45],[18,21,44],[17,19,44],
[16,19,43],[17,20,45],[16,21,45],[18,20,43],[28,69,72],[30,68,69],[29,68,72],[6,28,36],[6,29,33],[5,30,36],
[4,28,31],[4,30,33],[5,29,31],[22,36,48],[23,36,47],[24,33,48],[24,31,47],[23,33,46],[22,31,46],[6,9,22],
[5,9,23],[6,7,24],[5,8,24],[4,7,23],[4,8,22],[17,35,36],[16,33,35],[18,34,36],[18,32,33],[17,31,32],
[16,31,34],[9,17,18],[7,16,18],[8,16,17],[9,18,34],[9,17,35],[7,18,32],[7,16,35],[8,16,34],[8,17,32],
[6,9,28],[5,9,30],[6,7,29],[5,8,29],[4,8,28],[4,7,30],[9,22,48],[9,23,47],[7,24,48],[8,24,47],
[8,22,46],[7,23,46],[18,21,36],[17,19,36],[16,19,33],[16,21,31],[18,20,33],[17,20,31],[11,23,36],[13,22,36],
[10,23,33],[11,24,31],[10,22,31],[13,24,33],[34,51,78],[35,54,78],[32,51,77],[32,54,75],[35,49,77],[34,49,75],
[6,15,36],[6,14,33],[5,12,36],[4,12,33],[5,14,31],[4,15,31],[29,72,73],[28,69,76],[29,68,76],[28,72,74],
[30,69,73],[30,68,74],[2,36,77],[1,31,77],[3,36,75],[3,31,78],[2,33,78],[1,33,75],[27,33,65],[27,36,63],
[25,31,63],[26,31,65],[26,36,66],[25,33,66],[31,59,68],[33,59,72],[33,60,69],[31,58,69],[36,60,68],[36,58,72],
[2,44,70],[1,45,70],[3,44,67],[3,45,71],[1,43,67],[2,43,71],[43,52,65],[44,52,63],[45,53,63],[44,50,66],
[45,50,65],[43,53,66],[1,12,63],[1,15,66],[3,14,66],[2,15,65],[3,12,65],[2,14,63],[43,55,72],[43,57,69],
[44,56,72],[45,55,68],[45,56,69],[44,57,68],[36,42,43],[33,42,44],[36,41,45],[33,40,45],[31,41,44],[31,40,43],
[15,69,72],[14,68,72],[12,68,69],[36,38,51],[36,39,54],[33,39,49],[31,38,49],[31,37,54],[33,37,51],[33,36,82],
[31,36,83],[31,33,84],[36,43,82],[36,45,83],[33,45,84],[33,44,82],[31,44,83],[31,43,84],[14,57,68],[15,55,72],
[15,57,69],[12,55,68],[12,56,69],[14,56,72],[1,12,70],[1,15,67],[3,14,67],[2,15,71],[2,14,70],[3,12,71],
[12,53,63],[15,52,65],[14,50,66],[12,50,65],[15,53,66],[14,52,63],[21,36,51],[19,36,54],[20,33,51],[19,33,49],
[20,31,54],[21,31,49],[44,60,68],[45,59,68],[43,59,72],[43,60,69],[44,58,72],[45,58,69],[27,43,65],[27,44,63],
[25,45,63],[26,44,66],[26,45,65],[25,43,66],[2,44,77],[1,45,77],[3,44,75],[3,45,78],[2,43,78],[1,43,75],
[30,56,74],[28,57,74],[29,57,73],[28,55,76],[30,55,73],[29,56,76],[15,36,42],[14,33,42],[12,36,41],[12,33,40],
[15,31,40],[14,31,41],[13,36,38],[13,33,37],[11,36,39],[10,33,39],[10,31,38],[11,31,37],[7,30,40],[8,28,40],
[8,29,41],[9,28,42],[7,29,42],[9,30,41],[9,38,48],[8,38,46],[8,37,47],[7,39,46],[9,39,47],[7,37,48],
[9,34,51],[9,35,54],[7,32,51],[8,32,54],[7,35,49],[8,34,49],[43,62,76],[44,64,76],[44,61,73],[45,62,73],
[43,61,74],[45,64,74],[7,44,80],[9,43,80],[9,45,79],[7,45,81],[8,44,79],[8,43,81],[44,77,80],[45,77,81],
[43,75,81],[44,75,79],[45,78,79],[43,78,80],[27,43,62],[27,44,64],[25,45,64],[26,44,61],[25,43,61],[26,45,62],
[44,60,73],[45,59,73],[43,59,76],[43,60,74],[45,58,74],[44,58,76],[14,70,80],[12,70,81],[15,67,81],[14,67,79],
[12,71,79],[15,71,80],[15,52,62],[14,52,64],[12,53,64],[14,50,61],[15,53,61],[12,50,62],[9,43,82],[9,45,83],
[7,45,84],[7,44,82],[8,43,84],[8,44,83],[9,21,51],[9,19,54],[7,20,51],[7,19,49],[8,21,49],[8,20,54],
[9,13,38],[9,11,39],[7,13,37],[7,10,39],[8,11,37],[8,10,38],[9,15,42],[7,14,42],[9,12,41],[7,12,40],
[8,14,41],[8,15,40],[14,57,73],[15,55,76],[15,57,74],[12,55,73],[14,56,76],[12,56,74],[9,13,21],[9,11,19],
[7,13,20],[8,10,21],[8,11,20],[7,10,19],[7,14,82],[7,12,84],[8,15,84],[8,14,83],[9,15,82],[9,12,83],
[14,77,80],[12,77,81],[15,75,81],[14,75,79],[15,78,80],[12,78,79],[15,59,76],[14,58,76],[12,58,74],[14,60,73],
[15,60,74],[12,59,73],[15,27,62],[14,27,64],[12,25,64],[14,26,61],[12,26,62],[15,25,61],[10,11,61],[11,13,62],
[10,13,64],[11,51,65],[13,54,65],[10,54,66],[11,49,66],[10,51,63],[13,49,63],[11,18,71],[13,17,71],[13,16,70],
[10,17,67],[10,18,70],[11,16,67],[13,34,78],[11,35,78],[13,32,77],[11,32,75],[10,34,75],[10,35,77],[13,34,71],
[11,32,67],[13,32,70],[10,35,70],[11,35,71],[10,34,67],[11,16,66],[11,18,65],[10,18,63],[13,17,65],[13,16,63],
[10,17,66],[11,51,62],[11,49,61],[13,49,64],[10,54,61],[13,54,62],[10,51,64],[13,21,78],[10,21,75],[11,20,75],
[11,19,78],[13,20,77],[10,19,77],[15,27,59],[12,25,58],[15,25,60],[14,27,58],[12,26,59],[14,26,60],[14,77,82],
[12,77,84],[15,75,84],[14,75,83],[12,78,83],[15,78,82],[32,48,63],[34,48,65],[32,47,66],[35,47,65],[34,46,66],
[35,46,63],[19,25,26],[21,25,27],[20,26,27],[25,39,73],[26,39,74],[27,38,74],[25,38,76],[27,37,73],[26,37,76],
[4,23,77],[4,22,75],[5,24,75],[6,22,78],[6,24,77],[5,23,78],[23,25,68],[22,25,72],[23,26,69],[22,27,69],
[24,27,68],[24,26,72],[38,48,78],[38,46,75],[37,47,75],[39,47,78],[37,48,77],[39,46,77],[29,42,77],[30,40,77],
[28,40,75],[29,41,75],[30,41,78],[28,42,78],[27,28,55],[25,30,56],[25,28,57],[27,29,56],[26,30,55],[26,29,57],
[23,25,56],[22,25,57],[24,26,57],[22,27,55],[23,26,55],[24,27,56],[23,40,77],[22,40,75],[24,41,75],[22,42,78],
[24,42,77],[23,41,78],[6,38,78],[5,39,78],[4,38,75],[5,37,75],[4,39,77],[6,37,77],[25,39,68],[26,39,69],
[27,38,69],[25,38,72],[26,37,72],[27,37,68],[19,25,73],[19,26,74],[21,25,76],[20,26,76],[20,27,73],[21,27,74],
[32,47,67],[35,47,71],[35,46,70],[34,48,71],[34,46,67],[32,48,70],[29,77,82],[30,77,84],[28,75,84],[29,75,83],
[28,78,82],[30,78,83],[27,28,59],[25,30,58],[25,28,60],[27,29,58],[26,29,60],[26,30,59],[21,48,78],[21,46,75],
[20,47,75],[19,47,78],[19,46,77],[20,48,77],[47,49,61],[47,51,62],[48,54,62],[48,49,64],[46,51,64],[46,54,61],
[16,47,66],[18,47,65],[18,46,63],[17,48,65],[17,46,66],[16,48,63],[39,40,70],[38,40,67],[38,42,71],[37,41,67],
[37,42,70],[39,41,71],[39,53,56],[38,53,57],[37,50,57],[39,50,55],[38,52,55],[37,52,56],[1,30,63],[1,28,66],
[3,29,66],[2,28,65],[2,29,63],[3,30,65],[28,52,62],[30,53,64],[28,53,61],[29,52,64],[29,50,61],[30,50,62],
[29,70,80],[30,70,81],[28,67,81],[29,67,79],[28,71,80],[30,71,79],[30,63,81],[28,66,81],[29,66,79],[28,65,80],
[30,65,79],[29,63,80],[1,30,64],[1,28,61],[3,29,61],[3,30,62],[2,28,62],[2,29,64],[28,52,59],[30,53,58],
[28,53,60],[29,52,58],[30,50,59],[29,50,60],[29,70,82],[30,70,84],[28,67,84],[29,67,83],[30,71,83],[28,71,82],
[19,53,73],[19,50,74],[21,53,76],[20,50,76],[20,52,73],[21,52,74],[39,53,68],[38,53,72],[37,50,72],[39,50,69],
[37,52,68],[38,52,69],[6,38,71],[5,39,71],[4,38,67],[5,37,67],[6,37,70],[4,39,70],[24,42,70],[23,40,70],
[22,40,67],[24,41,67],[23,41,71],[22,42,71],[22,52,55],[23,53,56],[22,53,57],[24,52,56],[23,50,55],[24,50,57],
[16,48,64],[17,46,61],[16,47,61],[18,47,62],[18,46,64],[17,48,62],[21,48,71],[21,46,67],[20,47,67],[19,47,71],
[20,48,70],[19,46,70],[23,64,81],[22,61,81],[24,61,79],[23,62,79],[22,62,80],[24,64,80],[6,16,64],[4,18,64],
[4,17,61],[6,17,62],[5,16,61],[5,18,62],[2,22,62],[1,23,64],[1,22,61],[2,24,64],[3,24,61],[3,23,62],
[24,63,80],[23,63,81],[22,66,81],[24,66,79],[23,65,79],[22,65,80],[22,52,59],[23,53,58],[22,53,60],[24,52,58],
[24,50,60],[23,50,59],[6,20,70],[5,20,67],[4,19,70],[6,21,71],[5,19,71],[4,21,67],[19,53,68],[19,50,69],
[21,53,72],[21,52,69],[20,50,72],[20,52,68],[24,70,82],[23,70,84],[22,67,84],[24,67,83],[22,71,82],[23,71,83],
[6,32,63],[6,34,65],[5,32,66],[5,35,65],[4,35,63],[4,34,66],[1,19,68],[2,21,69],[1,21,72],[3,19,69],
[2,20,68],[3,20,72],[4,19,63],[4,21,66],[6,20,63],[5,19,65],[6,21,65],[5,20,66],[6,32,64],[4,35,64],
[5,32,61],[5,35,62],[4,34,61],[6,34,62],[24,63,82],[23,63,84],[22,66,84],[22,65,82],[23,65,83],[24,66,83],
[2,22,59],[1,23,58],[1,22,60],[2,24,58],[3,23,59],[3,24,60],[37,42,63],[39,40,63],[38,40,66],[38,42,65],
[39,41,65],[37,41,66],[2,38,55],[1,39,56],[1,38,57],[2,37,56],[3,37,57],[3,39,55],[1,19,56],[1,21,57],
[2,21,55],[3,19,55],[3,20,57],[2,20,56],[2,38,59],[1,39,58],[1,38,60],[2,37,58],[3,37,60],[3,39,59],
[37,63,82],[39,63,84],[38,66,84],[38,65,82],[37,66,83],[39,65,83],[35,40,64],[34,40,61],[32,42,64],[32,41,61],
[34,42,62],[35,41,62],[19,40,63],[21,40,66],[20,42,63],[20,41,66],[21,42,65],[19,41,65],[38,62,80],[37,64,80],
[37,61,79],[39,64,81],[38,61,81],[39,62,79],[21,55,80],[19,56,81],[21,57,81],[19,55,79],[20,56,80],[20,57,79],
[37,64,82],[39,64,84],[38,61,84],[39,62,83],[37,61,83],[38,62,82],[38,59,80],[39,58,81],[38,60,81],[37,58,80],
[39,59,79],[37,60,79],[20,42,64],[19,40,64],[21,40,61],[20,41,61],[19,41,62],[21,42,62],[21,59,80],[20,58,80],
[19,58,81],[21,60,81],[20,60,79],[19,59,79],[21,62,82],[20,64,82],[19,64,84],[21,61,84],[20,61,83],[19,62,83],
[21,59,82],[20,58,82],[19,58,84],[21,60,84],[19,59,83],[20,60,83],[10,11,60],[10,13,58],[11,13,59],[48,49,58],
[46,51,58],[48,54,59],[47,49,60],[46,54,60],[47,51,59],[6,16,58],[4,18,58],[5,16,60],[4,17,60],[5,18,59],
[6,17,59],[34,42,59],[32,42,58],[35,40,58],[32,41,60],[35,41,59],[34,40,60],[16,42,58],[18,40,58],[16,41,60],
[17,40,60],[17,42,59],[18,41,59],[6,49,58],[4,51,58],[4,54,60],[6,54,59],[5,51,59],[5,49,60],[11,48,59],
[13,47,59],[10,47,60],[11,46,60],[13,46,58],[10,48,58],[34,59,82],[32,58,82],[35,58,84],[34,60,84],[32,60,83],
[35,59,83],[42,54,55],[42,49,56],[40,51,56],[40,54,57],[41,51,55],[41,49,57],[47,48,55],[46,47,57],[46,48,56],
[25,26,35],[25,27,34],[26,27,32],[35,53,73],[35,50,74],[34,52,74],[34,53,76],[32,50,76],[32,52,73],[1,35,68],
[2,34,69],[1,34,72],[3,32,72],[3,35,69],[2,32,68],[34,55,80],[32,56,80],[35,56,81],[34,57,81],[32,57,79],
[35,55,79],[35,68,81],[34,72,81],[34,69,80],[32,72,79],[35,69,79],[32,68,80],[1,35,73],[3,35,74],[2,34,74],
[1,34,76],[3,32,76],[2,32,73],[26,35,53],[25,35,50],[26,32,52],[27,32,50],[25,34,52],[27,34,53],[17,42,55],
[16,42,56],[18,40,56],[17,40,57],[18,41,55],[16,41,57],[34,55,82],[32,56,82],[35,56,84],[34,57,84],[35,55,83],
[32,57,83],[13,46,56],[11,46,57],[11,48,55],[13,47,55],[10,47,57],[10,48,56],[6,49,56],[4,51,56],[4,54,57],
[6,54,55],[5,49,57],[5,51,55],[18,50,53],[16,50,52],[17,52,53],[17,76,81],[18,73,81],[17,74,80],[16,73,80],
[16,76,79],[18,74,79],[18,26,53],[17,27,53],[17,25,52],[18,25,50],[16,27,50],[16,26,52],[1,18,73],[1,17,76],
[3,18,74],[2,17,74],[2,16,73],[3,16,76],[17,69,80],[16,68,80],[18,68,81],[17,72,81],[18,69,79],[16,72,79],
[6,11,55],[6,10,56],[4,13,56],[4,11,57],[5,13,55],[5,10,57],[17,55,82],[16,56,82],[18,56,84],[17,57,84],
[16,57,83],[18,55,83],[6,47,69],[4,47,72],[5,48,69],[5,46,72],[4,48,68],[6,46,68],[4,5,76],[5,6,74],
[4,6,73],[6,46,73],[4,48,73],[6,47,74],[4,47,76],[5,46,76],[5,48,74],[6,11,69],[6,10,68],[4,13,68],
[4,11,72],[5,10,72],[5,13,69],[17,69,82],[16,68,82],[18,68,84],[17,72,84],[16,72,83],[18,69,83],[2,17,25],
[1,18,26],[3,18,25],[3,16,27],[2,16,26],[1,17,27],[2,53,54],[1,50,51],[3,49,52],[2,49,50],[3,51,53],
[1,52,54],[1,2,11],[2,3,10],[1,3,13],[42,54,69],[42,49,68],[40,51,68],[40,54,72],[41,49,72],[41,51,69],
[1,11,52],[2,11,53],[1,13,50],[2,10,50],[3,13,53],[3,10,52],[54,69,82],[49,68,82],[54,72,84],[51,68,84],
[51,69,83],[49,72,83],[1,27,54],[2,25,54],[1,26,51],[3,25,51],[2,26,49],[3,27,49],[11,42,69],[10,42,68],
[11,40,72],[13,40,68],[13,41,69],[10,41,72],[40,47,76],[42,47,74],[41,48,74],[41,46,76],[40,48,73],[42,46,73],
[54,74,80],[49,73,80],[54,76,81],[51,73,81],[51,74,79],[49,76,79],[54,74,82],[49,73,82],[54,76,84],[51,73,84],
[49,76,83],[51,74,83],[27,54,81],[25,54,80],[26,51,81],[25,51,79],[27,49,79],[26,49,80],[11,53,80],[13,50,81],
[11,52,81],[10,52,79],[10,50,80],[13,53,79],[11,42,74],[10,42,73],[11,40,76],[10,41,76],[13,41,74],[13,40,73],
[11,74,82],[10,73,82],[11,76,84],[13,73,84],[13,74,83],[10,76,83],[11,25,80],[10,26,80],[11,27,81],[13,26,81],
[13,25,79],[10,27,79],[11,25,82],[11,27,84],[10,26,82],[13,26,84],[10,27,83],[13,25,83],[4,5,27],[4,6,26],
[5,6,25],[25,42,47],[27,40,47],[27,41,46],[26,42,46],[25,41,48],[26,40,48],[5,27,40],[4,27,41],[6,25,41],
[6,26,40],[5,25,42],[4,26,42],[25,47,82],[27,47,84],[26,46,82],[26,48,84],[25,48,83],[27,46,83],[40,42,50],
[41,42,53],[40,41,52],[1,2,47],[1,3,48],[2,3,46],[47,53,80],[47,52,81],[46,50,80],[48,50,81],[48,53,79],
[46,52,79],[1,47,80],[2,47,81],[3,48,81],[3,46,80],[2,46,79],[1,48,79],[5,42,53],[4,42,50],[6,40,50],
[5,40,52],[4,41,52],[6,41,53],[47,53,82],[47,52,84],[48,53,83],[46,50,82],[46,52,83],[48,50,84],[5,80,81],
[6,79,81],[4,79,80],[1,5,80],[2,5,81],[1,6,79],[3,6,81],[2,4,79],[3,4,80],[5,53,82],[5,52,84],
[6,53,83],[4,50,82],[6,50,84],[4,52,83],[1,5,82],[2,5,84],[1,6,83],[2,4,83],[3,6,84],[3,4,82],
[1,41,42],[2,40,41],[3,40,42],[1,41,82],[2,41,84],[3,40,82],[3,42,84],[1,42,83],[2,40,83],[41,80,81],
[40,79,80],[42,79,81],[41,81,82],[41,80,84],[40,80,83],[42,79,84],[42,81,83],[40,79,82]];
###############################################################

#SurfaceInfo: 784 Vertices, 2352 Edges, 1568 Faces, IsOrientable=true
 #Vertices of faces:
vof3:=[[782,783,784],[781,782,783],[780,782,784],[779,783,784],[776,777,778],[773,774,775],[770,771,772],[768,769,777],[766,767,777],[764,765,774],
[762,763,771],[760,761,771],[758,759,774],[755,756,757],[753,754,756],[751,752,756],[766,768,777],[758,764,774],[760,762,771],[751,755,756],
[753,756,757],[752,754,756],[750,751,752],[749,753,754],[748,755,757],[747,749,754],[746,749,753],[745,748,757],[744,748,755],[743,750,752],
[742,750,751],[750,766,768],[748,760,762],[749,758,764],[741,752,754],[740,753,757],[739,751,755],[741,743,752],[741,747,754],[740,746,753],
[739,742,751],[739,744,755],[740,745,757],[743,750,768],[742,750,766],[746,749,764],[747,749,758],[744,748,760],[745,748,762],[738,739,742],
[737,740,745],[736,739,744],[735,741,747],[734,741,743],[733,740,746],[732,747,758],[731,746,764],[730,745,762],[729,744,760],[728,742,766],
[727,743,768],[724,725,726],[721,722,723],[718,719,720],[715,716,717],[712,713,714],[709,710,711],[706,707,708],[703,704,705],[700,701,702],
[697,698,699],[694,695,696],[691,692,693],[688,689,690],[685,686,687],[682,683,684],[679,680,681],[676,677,678],[673,674,675],[670,671,672],
[667,668,669],[664,665,666],[731,733,746],[732,735,747],[729,736,744],[730,737,745],[727,734,743],[728,738,742],[733,737,740],[734,735,741],
[736,738,739],[727,768,769],[731,764,765],[732,758,759],[729,760,761],[730,762,763],[728,766,767],[769,776,777],[767,777,778],[765,773,774],
[759,774,775],[761,770,771],[763,771,772],[661,662,663],[658,659,660],[655,656,657],[652,653,654],[649,650,651],[646,647,648],[643,644,645],
[640,641,642],[637,638,639],[634,635,636],[631,632,633],[628,629,630],[627,776,778],[626,770,772],[625,773,775],[622,623,624],[621,622,623],
[620,622,624],[619,623,624],[617,618,622],[615,616,624],[613,614,623],[617,621,622],[618,620,622],[613,621,623],[614,619,623],[615,619,624],
[616,620,624],[612,613,614],[611,617,618],[610,615,616],[608,609,612],[606,607,611],[604,605,610],[603,611,617],[602,612,613],[601,610,616],
[600,610,615],[599,612,614],[598,611,618],[597,617,621],[596,613,621],[595,618,620],[594,614,619],[593,615,619],[592,616,620],[597,603,617],
[596,602,613],[595,598,618],[594,599,614],[593,600,615],[592,601,616],[596,597,621],[592,595,620],[593,594,619],[603,606,611],[602,608,612],
[598,607,611],[600,604,610],[601,605,610],[599,609,612],[591,608,609],[590,606,607],[589,604,605],[587,588,591],[585,586,590],[583,584,589],
[582,590,606],[581,591,608],[580,590,607],[579,589,604],[578,591,609],[577,589,605],[576,597,603],[575,596,602],[574,595,598],[573,593,600],
[572,592,601],[571,594,599],[570,603,606],[569,602,608],[568,598,607],[567,600,604],[566,599,609],[565,601,605],[564,596,597],[563,593,594],
[562,592,595],[564,575,596],[564,576,597],[562,572,592],[562,574,595],[563,571,594],[563,573,593],[569,575,602],[570,576,603],[566,571,599],
[568,574,598],[565,572,601],[567,573,600],[570,582,606],[569,581,608],[568,580,607],[567,579,604],[566,578,609],[565,577,605],[581,587,591],
[580,585,590],[579,583,589],[577,584,589],[582,586,590],[578,588,591],[561,736,738],[560,733,737],[559,734,735],[558,731,733],[557,728,738],
[556,729,736],[555,732,735],[554,730,737],[553,727,734],[552,728,767],[551,731,765],[550,732,759],[549,730,763],[548,727,769],[547,729,761],
[546,769,776],[545,767,778],[544,765,773],[543,759,775],[542,763,772],[541,761,770],[540,627,776],[539,627,778],[538,626,770],[537,625,775],
[536,625,773],[535,626,772],[533,534,627],[531,532,626],[529,530,625],[527,528,569],[525,526,570],[523,524,567],[521,522,565],[519,520,566],
[517,518,568],[564,661,662],[562,655,656],[563,658,659],[587,640,641],[586,652,653],[585,646,647],[583,649,650],[584,643,644],[588,637,638],
[516,634,635],[515,628,629],[514,631,632],[511,512,513],[508,509,510],[505,506,507],[504,585,586],[503,583,584],[502,587,588],[501,516,634],
[500,515,628],[499,516,635],[498,514,631],[497,514,632],[496,515,629],[495,508,509],[494,508,510],[493,511,512],[492,505,506],[491,505,507],
[490,511,513],[502,587,640],[502,588,637],[504,586,652],[504,585,646],[503,583,649],[503,584,643],[557,561,738],[556,561,736],[553,559,734],
[555,559,735],[558,560,733],[554,560,737],[552,557,728],[549,554,730],[548,553,727],[551,558,731],[547,556,729],[550,555,732],[546,548,769],
[545,552,767],[542,549,763],[544,551,765],[541,547,761],[543,550,759],[540,546,776],[539,545,778],[536,544,773],[535,542,772],[538,541,770],
[537,543,775],[533,539,627],[529,536,625],[534,540,627],[531,538,626],[532,535,626],[530,537,625],[564,575,661],[564,576,662],[563,571,658],
[563,573,659],[562,574,655],[562,572,656],[582,586,653],[581,587,641],[580,585,647],[579,583,650],[577,584,644],[578,588,638],[527,569,581],
[525,570,582],[517,568,580],[523,567,579],[521,565,577],[519,566,578],[528,569,575],[526,570,576],[520,566,571],[518,568,574],[524,567,573],
[522,565,572],[560,706,707],[559,700,701],[561,703,704],[488,489,516],[486,487,514],[484,485,515],[502,697,698],[504,694,695],[503,691,692],
[540,685,686],[539,676,677],[536,688,689],[538,682,683],[535,673,674],[537,679,680],[482,483,552],[480,481,547],[478,479,549],[476,477,548],
[474,475,551],[472,473,550],[471,670,671],[470,667,668],[469,664,665],[508,531,532],[511,533,534],[505,529,530],[468,470,667],[467,471,670],
[466,471,671],[465,469,664],[464,469,665],[463,470,668],[554,560,706],[557,561,703],[556,561,704],[553,559,700],[558,560,707],[555,559,701],
[478,549,554],[476,548,553],[474,551,558],[482,552,557],[472,550,555],[480,547,556],[477,546,548],[483,545,552],[475,544,551],[479,542,549],
[473,543,550],[481,541,547],[540,546,685],[539,545,676],[536,544,688],[535,542,673],[537,543,679],[538,541,682],[533,539,677],[529,536,689],
[531,538,683],[532,535,674],[530,537,680],[534,540,686],[502,640,697],[502,637,698],[504,652,694],[504,646,695],[503,643,691],[503,649,692],
[490,511,533],[492,505,529],[495,508,531],[494,508,532],[491,505,530],[493,511,534],[488,501,516],[489,499,516],[484,500,515],[485,496,515],
[486,497,514],[487,498,514],[525,582,653],[527,581,641],[517,580,647],[523,579,650],[519,578,638],[521,577,644],[528,575,661],[526,576,662],
[524,573,659],[518,574,655],[522,572,656],[520,571,658],[461,462,470],[459,460,471],[457,458,469],[456,640,642],[455,637,639],[454,652,654],
[453,643,645],[452,649,651],[451,646,648],[450,641,642],[449,653,654],[448,638,639],[447,647,648],[446,650,651],[445,644,645],[443,444,642],
[441,442,654],[439,440,639],[437,438,648],[435,436,651],[433,434,645],[432,662,663],[431,659,660],[430,661,663],[429,658,660],[428,655,657],
[427,656,657],[488,489,663],[484,485,660],[486,487,657],[430,488,663],[432,489,663],[429,484,660],[431,485,660],[427,486,657],[428,487,657],
[443,456,642],[441,454,654],[439,455,639],[437,451,648],[433,453,645],[435,452,651],[444,450,642],[442,449,654],[440,448,639],[438,447,648],
[434,445,645],[436,446,651],[430,528,661],[432,526,662],[431,524,659],[427,522,656],[429,520,658],[428,518,655],[449,525,653],[450,527,641],
[446,523,650],[447,517,647],[445,521,644],[448,519,638],[426,488,501],[425,489,499],[424,484,500],[423,487,498],[422,485,496],[421,486,497],
[456,640,697],[455,637,698],[454,652,694],[452,649,692],[451,646,695],[453,643,691],[457,465,469],[461,468,470],[458,464,469],[462,463,470],
[459,466,471],[460,467,471],[490,533,677],[492,529,689],[495,531,683],[494,532,674],[493,534,686],[491,530,680],[477,546,685],[483,545,676],
[475,544,688],[479,542,673],[481,541,682],[473,543,679],[478,554,706],[476,553,700],[472,555,701],[474,558,707],[480,556,704],[482,557,703],
[420,677,678],[419,689,690],[418,683,684],[417,674,675],[416,680,681],[415,686,687],[414,685,687],[413,676,678],[412,688,690],[411,682,684],
[410,673,675],[409,679,681],[407,408,690],[405,406,681],[403,404,684],[401,402,687],[399,400,675],[397,398,678],[396,700,702],[395,701,702],
[394,703,705],[393,706,708],[392,707,708],[391,704,705],[390,697,699],[389,698,699],[388,694,696],[387,692,693],[386,695,696],[385,691,693],
[461,462,702],[457,458,705],[459,460,708],[384,527,528],[383,525,526],[382,523,524],[381,521,522],[380,517,518],[379,519,520],[512,513,699],
[509,510,696],[506,507,693],[390,512,699],[388,510,696],[387,506,693],[389,513,699],[386,509,696],[385,507,693],[391,457,705],[396,461,702],
[395,462,702],[393,459,708],[392,460,708],[394,458,705],[407,419,690],[405,416,681],[403,418,684],[401,415,687],[397,420,678],[399,417,675],
[408,412,690],[402,414,687],[404,411,684],[400,410,675],[406,409,681],[398,413,678],[384,430,528],[383,432,526],[379,429,520],[382,431,524],
[380,428,518],[381,427,522],[391,480,704],[393,478,706],[396,476,700],[395,472,701],[394,482,703],[392,474,707],[414,477,685],[413,483,676],
[412,475,688],[411,481,682],[410,479,673],[409,473,679],[420,490,677],[419,492,689],[418,495,683],[417,494,674],[415,493,686],[416,491,680],
[378,460,467],[377,462,463],[376,457,465],[375,461,468],[374,459,466],[373,458,464],[390,456,697],[389,455,698],[388,454,694],[387,452,692],
[385,453,691],[386,451,695],[384,450,527],[379,448,519],[383,449,525],[382,446,523],[381,445,521],[380,447,517],[372,435,452],[371,433,453],
[370,437,451],[369,443,456],[368,439,455],[367,441,454],[366,444,450],[365,434,445],[364,438,447],[363,436,446],[362,442,449],[361,440,448],
[426,430,488],[425,432,489],[424,429,484],[423,428,487],[422,431,485],[421,427,486],[360,476,477],[359,482,483],[358,480,481],[357,478,479],
[356,472,473],[355,474,475],[354,490,513],[353,493,512],[352,494,510],[351,492,506],[350,495,509],[349,491,507],[354,420,490],[351,419,492],
[349,416,491],[350,418,495],[352,417,494],[353,415,493],[360,414,477],[359,413,483],[355,412,475],[358,411,481],[356,409,473],[357,410,479],
[358,391,480],[357,393,478],[360,396,476],[356,395,472],[355,392,474],[359,394,482],[348,397,420],[347,407,419],[346,405,416],[345,403,418],
[344,399,417],[343,401,415],[342,402,414],[341,398,413],[340,408,412],[339,404,411],[338,406,409],[337,400,410],[353,390,512],[352,388,510],
[351,387,506],[354,389,513],[349,385,507],[350,386,509],[384,426,430],[383,425,432],[379,424,429],[382,422,431],[381,421,427],[380,423,428],
[366,384,450],[362,383,449],[361,379,448],[363,382,446],[364,380,447],[365,381,445],[369,390,456],[368,389,455],[367,388,454],[372,387,452],
[370,386,451],[371,385,453],[376,391,457],[375,396,461],[377,395,462],[374,393,459],[373,394,458],[378,392,460],[366,384,426],[362,383,425],
[361,379,424],[365,381,421],[364,380,423],[363,382,422],[354,368,389],[351,372,387],[349,371,385],[350,370,386],[353,369,390],[352,367,388],
[348,354,420],[347,351,419],[346,349,416],[345,350,418],[343,353,415],[344,352,417],[360,375,396],[359,373,394],[355,378,392],[358,376,391],
[356,377,395],[357,374,393],[342,360,414],[341,359,413],[340,355,412],[339,358,411],[337,357,410],[338,356,409],[335,336,633],[333,334,636],
[331,332,630],[330,635,636],[329,634,636],[328,632,633],[327,631,633],[326,629,630],[325,628,630],[324,499,635],[323,501,634],[322,500,628],
[321,497,632],[320,496,629],[319,498,631],[318,426,501],[317,425,499],[316,424,500],[315,423,498],[314,421,497],[313,422,496],[318,323,501],
[315,319,498],[316,322,500],[313,320,496],[317,324,499],[314,321,497],[319,327,631],[324,330,635],[320,326,629],[323,329,634],[322,325,628],
[321,328,632],[330,333,636],[327,335,633],[325,331,630],[328,336,633],[329,334,636],[326,332,630],[318,366,426],[314,365,421],[315,364,423],
[317,362,425],[316,361,424],[313,363,422],[342,360,375],[340,355,378],[338,356,377],[341,359,373],[337,357,374],[339,358,376],[348,354,368],
[347,351,372],[346,349,371],[345,350,370],[344,352,367],[343,353,369],[311,312,322],[309,310,323],[307,308,319],[305,306,324],[303,304,321],
[301,302,320],[299,300,672],[297,298,669],[295,296,666],[294,670,672],[293,671,672],[292,667,669],[291,668,669],[290,665,666],[289,664,666],
[288,435,436],[287,433,434],[286,437,438],[285,443,444],[284,439,440],[283,441,442],[282,467,670],[281,463,668],[280,466,671],[279,468,667],
[278,464,665],[277,465,664],[276,366,444],[275,365,434],[274,364,438],[273,362,442],[272,361,440],[271,363,436],[270,368,439],[269,372,435],
[268,371,433],[267,370,437],[266,367,441],[265,369,443],[264,375,468],[263,378,467],[262,377,463],[261,373,464],[260,374,466],[259,376,465],
[263,282,467],[262,281,463],[259,277,465],[264,279,468],[260,280,466],[261,278,464],[269,288,435],[268,287,433],[267,286,437],[265,285,443],
[270,284,439],[266,283,441],[276,285,444],[273,283,442],[275,287,434],[274,286,438],[271,288,436],[272,284,440],[282,294,670],[280,293,671],
[279,292,667],[281,291,668],[277,289,664],[278,290,665],[294,299,672],[293,300,672],[291,297,669],[289,295,666],[290,296,666],[292,298,669],
[307,315,319],[305,317,324],[301,313,320],[309,318,323],[303,314,321],[311,316,322],[270,348,368],[269,347,372],[268,346,371],[267,345,370],
[265,343,369],[266,344,367],[264,342,375],[263,340,378],[262,338,377],[261,341,373],[259,339,376],[260,337,374],[276,318,366],[275,314,365],
[274,315,364],[273,317,362],[271,313,363],[272,316,361],[258,327,335],[257,330,333],[256,329,334],[255,325,331],[254,326,332],[253,328,336],
[308,319,327],[306,324,330],[302,320,326],[310,323,329],[304,321,328],[312,322,325],[251,252,288],[249,250,287],[247,248,285],[245,246,286],
[243,244,284],[241,242,283],[239,240,282],[237,238,281],[235,236,277],[233,234,280],[231,232,279],[229,230,278],[228,407,408],[227,405,406],
[226,403,404],[225,401,402],[224,397,398],[223,399,400],[222,342,402],[221,340,408],[220,338,406],[219,341,398],[218,339,404],[217,337,400],
[216,348,397],[215,347,407],[214,346,405],[213,345,403],[212,343,401],[211,344,399],[215,228,407],[214,227,405],[213,226,403],[212,225,401],
[211,223,399],[216,224,397],[221,228,408],[220,227,406],[218,226,404],[217,223,400],[222,225,402],[219,224,398],[222,264,342],[221,263,340],
[220,262,338],[219,261,341],[217,260,337],[218,259,339],[216,270,348],[215,269,347],[214,268,346],[213,267,345],[211,266,344],[212,265,343],
[210,294,299],[209,293,300],[208,291,297],[207,289,295],[206,290,296],[205,292,298],[239,282,294],[237,281,291],[235,277,289],[233,280,293],
[229,278,290],[231,279,292],[247,276,285],[241,273,283],[249,275,287],[245,274,286],[243,272,284],[251,271,288],[244,270,284],[252,269,288],
[250,268,287],[246,267,286],[242,266,283],[248,265,285],[232,264,279],[240,263,282],[238,262,281],[230,261,278],[234,260,280],[236,259,277],
[255,312,325],[253,304,328],[258,308,327],[257,306,330],[254,302,326],[256,310,329],[276,309,318],[275,303,314],[274,307,315],[273,305,317],
[272,311,316],[271,301,313],[203,204,228],[201,202,227],[199,200,226],[197,198,223],[195,196,225],[193,194,224],[192,255,312],[191,254,302],
[190,253,304],[189,256,310],[188,258,308],[187,257,306],[195,222,225],[203,221,228],[201,220,227],[193,219,224],[199,218,226],[197,217,223],
[194,216,224],[204,215,228],[202,214,227],[200,213,226],[198,211,223],[196,212,225],[222,232,264],[221,240,263],[220,238,262],[219,230,261],
[218,236,259],[217,234,260],[243,272,311],[245,274,307],[251,271,301],[247,276,309],[241,273,305],[249,275,303],[210,239,294],[209,233,293],
[208,237,291],[205,231,292],[207,235,289],[206,229,290],[216,244,270],[215,252,269],[214,250,268],[213,246,267],[212,248,265],[211,242,266],
[186,311,312],[185,309,310],[184,307,308],[183,305,306],[182,301,302],[181,303,304],[180,210,239],[179,205,231],[178,208,237],[177,209,233],
[176,206,229],[175,207,235],[182,251,301],[181,249,303],[186,243,311],[183,241,305],[185,247,309],[184,245,307],[186,192,312],[182,191,302],
[184,188,308],[183,187,306],[181,190,304],[185,189,310],[194,216,244],[204,215,252],[202,214,250],[196,212,248],[198,211,242],[200,213,246],
[195,222,232],[203,221,240],[201,220,238],[193,219,230],[197,217,234],[199,218,236],[174,243,244],[173,251,252],[172,249,250],[171,247,248],
[170,241,242],[169,245,246],[168,231,232],[167,239,240],[166,237,238],[165,229,230],[164,235,236],[163,233,234],[167,180,239],[166,178,237],
[168,179,231],[163,177,233],[164,175,235],[165,176,229],[168,195,232],[167,203,240],[166,201,238],[165,193,230],[164,199,236],[163,197,234],
[174,194,244],[173,204,252],[172,202,250],[171,196,248],[169,200,246],[170,198,242],[162,182,191],[161,181,190],[160,186,192],[159,184,188],
[158,185,189],[157,183,187],[173,182,251],[172,181,249],[174,186,243],[169,184,245],[171,185,247],[170,183,241],[156,195,196],[155,193,194],
[154,199,200],[153,203,204],[152,201,202],[151,197,198],[150,168,179],[149,167,180],[148,166,178],[147,163,177],[146,165,176],[145,164,175],
[155,174,194],[153,173,204],[152,172,202],[151,170,198],[154,169,200],[156,171,196],[156,168,195],[153,167,203],[152,166,201],[155,165,193],
[151,163,197],[154,164,199],[160,174,186],[162,173,182],[161,172,181],[159,169,184],[157,170,183],[158,171,185],[150,156,168],[146,155,165],
[149,153,167],[148,152,166],[145,154,164],[147,151,163],[156,158,171],[155,160,174],[153,162,173],[152,161,172],[154,159,169],[151,157,170],
[150,156,158],[146,155,160],[149,153,162],[148,152,161],[147,151,157],[145,154,159],[144,335,336],[143,331,332],[142,333,334],[141,255,331],
[140,254,332],[139,256,334],[138,258,335],[137,253,336],[136,257,333],[135,192,255],[134,191,254],[133,188,258],[132,190,253],[131,187,257],
[130,189,256],[129,158,189],[128,160,192],[127,162,191],[126,159,188],[125,157,187],[124,161,190],[128,135,192],[127,134,191],[126,133,188],
[124,132,190],[129,130,189],[125,131,187],[135,141,255],[134,140,254],[132,137,253],[130,139,256],[131,136,257],[133,138,258],[139,142,334],
[136,142,333],[138,144,335],[137,144,336],[140,143,332],[141,143,331],[129,150,158],[128,146,160],[127,149,162],[124,148,161],[126,145,159],
[125,147,157],[122,123,130],[120,121,135],[118,119,134],[116,117,132],[114,115,131],[112,113,133],[142,715,716],[144,709,710],[143,712,713],
[111,299,300],[110,297,298],[109,295,296],[108,210,299],[107,209,300],[106,205,298],[105,208,297],[104,207,295],[103,206,296],[102,180,210],
[101,179,205],[100,178,208],[99,175,207],[98,177,209],[97,176,206],[96,150,179],[95,146,176],[94,149,180],[93,148,178],[92,145,175],
[91,147,177],[94,102,180],[93,100,178],[96,101,179],[92,99,175],[91,98,177],[95,97,176],[102,108,210],[98,107,209],[101,106,205],
[100,105,208],[99,104,207],[97,103,206],[108,111,299],[107,111,300],[103,109,296],[104,109,295],[106,110,298],[105,110,297],[122,129,130],
[120,128,135],[118,127,134],[116,124,132],[114,125,131],[112,126,133],[96,129,150],[95,128,146],[94,127,149],[93,124,148],[91,125,147],
[92,126,145],[140,143,712],[137,144,709],[139,142,715],[136,142,716],[138,144,710],[141,143,713],[121,135,141],[119,134,140],[117,132,137],
[123,130,139],[113,133,138],[115,131,136],[111,721,722],[109,718,719],[110,724,725],[89,90,100],[87,88,102],[85,86,101],[83,84,97],
[81,82,99],[79,80,98],[108,111,721],[105,110,724],[106,110,725],[107,111,722],[104,109,718],[103,109,719],[87,102,108],[89,100,105],
[79,98,107],[85,101,106],[83,97,103],[81,99,104],[86,96,101],[84,95,97],[88,94,102],[90,93,100],[80,91,98],[82,92,99],
[123,139,715],[121,141,713],[119,140,712],[117,137,709],[115,136,716],[113,138,710],[96,122,129],[95,120,128],[94,118,127],[93,116,124],
[92,112,126],[91,114,125],[78,715,717],[77,709,711],[76,716,717],[75,710,711],[74,712,714],[73,713,714],[71,72,711],[69,70,717],
[67,68,714],[67,73,714],[68,74,714],[69,78,717],[71,77,711],[72,75,711],[70,76,717],[78,123,715],[73,121,713],[74,119,712],
[77,117,709],[75,113,710],[76,115,716],[86,96,122],[84,95,120],[88,94,118],[90,93,116],[82,92,112],[80,91,114],[85,106,725],
[87,108,721],[79,107,722],[81,104,718],[83,103,719],[89,105,724],[66,725,726],[65,721,723],[64,718,720],[63,719,720],[62,722,723],
[61,724,726],[59,60,726],[57,58,720],[55,56,723],[54,122,123],[53,120,121],[52,118,119],[51,116,117],[50,112,113],[49,114,115],
[59,61,726],[60,66,726],[55,65,723],[57,63,720],[56,62,723],[58,64,720],[54,86,122],[53,84,120],[51,90,116],[52,88,118],
[49,80,114],[50,82,112],[61,89,724],[66,85,725],[65,87,721],[62,79,722],[63,83,719],[64,81,718],[54,78,123],[53,73,121],
[51,77,117],[52,74,119],[49,76,115],[50,75,113],[48,71,77],[47,69,78],[46,70,76],[45,72,75],[44,68,74],[43,67,73],
[42,85,86],[41,83,84],[40,89,90],[39,87,88],[38,79,80],[37,81,82],[42,54,86],[41,53,84],[40,51,90],[39,52,88],
[37,50,82],[38,49,80],[40,61,89],[42,66,85],[39,65,87],[38,62,79],[37,64,81],[41,63,83],[36,60,66],[35,55,65],
[34,59,61],[33,58,64],[32,57,63],[31,56,62],[47,54,78],[43,53,73],[48,51,77],[45,50,75],[46,49,76],[44,52,74],
[42,47,54],[41,43,53],[40,48,51],[39,44,52],[38,46,49],[37,45,50],[36,42,66],[32,41,63],[34,40,61],[35,39,65],
[31,38,62],[33,37,64],[36,42,47],[34,40,48],[32,41,43],[35,39,44],[33,37,45],[31,38,46],[30,71,72],[29,67,68],
[28,69,70],[27,47,69],[26,48,71],[25,45,72],[24,43,67],[23,46,70],[22,44,68],[26,30,71],[25,30,72],[23,28,70],
[22,29,68],[27,28,69],[24,29,67],[27,36,47],[26,34,48],[24,32,43],[22,35,44],[23,31,46],[25,33,45],[20,21,29],
[18,19,28],[16,17,30],[15,59,60],[14,55,56],[13,57,58],[12,36,60],[11,34,59],[10,32,57],[9,35,55],[8,31,56],
[7,33,58],[12,15,60],[11,15,59],[9,14,55],[10,13,57],[7,13,58],[8,14,56],[18,27,28],[20,24,29],[21,22,29],
[16,26,30],[17,25,30],[19,23,28],[12,27,36],[11,26,34],[8,23,31],[10,24,32],[7,25,33],[9,22,35],[5,6,15],
[3,4,14],[1,2,13],[5,12,15],[6,11,15],[3,8,14],[4,9,14],[1,7,13],[2,10,13],[12,18,27],[11,16,26],
[8,19,23],[10,20,24],[9,21,22],[7,17,25],[5,12,18],[6,11,16],[3,8,19],[1,7,17],[4,9,21],[2,10,20],
[18,19,781],[16,17,780],[20,21,779],[5,18,781],[6,16,780],[2,20,779],[4,21,779],[3,19,781],[1,17,780],[5,6,782],
[1,2,784],[3,4,783],[5,781,782],[6,780,782],[1,780,784],[4,779,783],[3,781,783],[2,779,784]];
###############################################################

#SurfaceInfo: 120 Vertices, 2400 Edges, 1600 Faces, IsOrientable=true
 #Vertices of faces:
vof4:=[[118,119,120],[117,118,119],[116,119,120],[115,118,120],[112,113,114],[110,111,113],[108,109,112],[106,107,114],[103,104,105],[101,102,104],
[99,100,103],[97,98,99],[95,96,97],[94,95,101],[99,103,104],[95,101,104],[95,97,99],[91,92,93],[88,89,90],[85,86,87],
[87,89,92],[86,90,91],[85,88,93],[89,91,92],[85,88,89],[85,86,91],[83,84,87],[82,84,90],[82,83,93],[79,80,81],
[77,78,81],[76,78,80],[75,77,78],[74,79,80],[73,79,81],[72,76,80],[71,76,78],[70,77,81],[68,69,80],[66,67,81],
[64,65,78],[68,74,80],[64,75,78],[65,71,78],[66,73,81],[67,70,81],[69,72,80],[63,66,67],[62,64,65],[61,68,69],
[70,71,74],[72,73,75],[60,61,69],[59,62,64],[60,63,67],[58,63,66],[59,61,68],[58,62,65],[68,71,74],[69,72,73],
[64,72,75],[67,70,74],[65,70,71],[66,73,75],[64,68,92],[67,69,86],[65,66,88],[58,63,72],[59,61,70],[58,62,74],
[60,61,75],[60,63,71],[59,62,73],[68,71,92],[69,73,86],[64,72,92],[67,74,86],[66,75,88],[65,70,88],[60,71,92],
[59,73,86],[58,72,92],[58,74,86],[59,70,88],[60,75,88],[60,88,92],[59,86,88],[58,86,92],[57,86,98],[56,92,105],
[55,88,94],[56,86,100],[57,88,96],[55,92,102],[86,92,95],[86,88,104],[88,92,99],[57,86,95],[56,92,99],[55,92,95],
[55,88,104],[57,88,99],[56,86,104],[55,67,69],[56,65,66],[57,64,68],[57,70,77],[55,75,77],[56,74,79],[57,73,79],
[55,71,76],[56,72,76],[52,53,54],[49,50,51],[46,47,48],[43,44,45],[40,41,42],[37,38,39],[48,91,97],[45,89,103],
[39,89,97],[42,91,101],[54,85,103],[51,85,101],[55,69,77],[56,65,79],[57,64,79],[56,66,76],[55,67,76],[57,68,77],
[57,70,95],[56,74,99],[55,71,104],[55,75,95],[56,72,104],[57,73,99],[47,53,84],[41,44,83],[38,50,82],[83,84,91],
[82,83,89],[82,84,85],[52,53,84],[46,47,84],[43,44,83],[37,38,82],[49,50,82],[40,41,83],[84,91,97],[82,89,97],
[83,91,101],[83,89,103],[82,85,101],[84,85,103],[70,95,110],[73,99,107],[74,99,106],[71,104,108],[75,95,111],[72,104,109],
[68,77,107],[66,76,106],[69,77,108],[65,79,109],[64,79,110],[67,76,111],[36,41,50],[35,44,53],[34,38,47],[47,53,101],
[38,50,103],[41,44,97],[60,69,106],[59,64,108],[60,67,107],[58,66,110],[58,65,111],[59,68,109],[43,46,48],[37,39,40],
[43,45,49],[40,42,52],[37,52,54],[46,49,51],[48,50,91],[39,53,89],[38,42,91],[44,51,85],[45,47,89],[41,54,85],
[38,91,110],[47,89,107],[50,91,111],[44,85,109],[53,89,106],[41,85,108],[40,52,107],[43,49,110],[37,52,111],[43,46,108],
[46,49,106],[37,40,109],[43,48,50],[37,41,54],[39,40,53],[38,42,52],[44,46,51],[45,47,49],[36,41,97],[34,47,101],
[35,53,101],[35,44,97],[36,50,103],[34,38,103],[58,76,111],[60,76,106],[59,77,108],[59,79,109],[60,77,107],[58,79,110],
[66,95,110],[65,95,111],[69,99,106],[64,104,108],[68,104,109],[67,99,107],[52,84,97],[43,83,101],[46,84,103],[40,83,103],
[49,82,97],[37,82,101],[33,41,50],[32,44,53],[31,38,47],[42,66,95],[48,65,95],[54,64,104],[39,69,99],[45,67,99],
[51,68,104],[48,59,77],[54,58,76],[39,59,79],[51,60,76],[42,60,77],[45,58,79],[33,43,50],[33,37,41],[32,40,53],
[31,38,52],[31,47,49],[32,44,46],[35,37,101],[34,40,103],[36,52,97],[34,43,101],[35,49,97],[36,46,103],[52,89,107],
[49,91,110],[43,85,108],[37,91,111],[40,85,109],[46,89,106],[57,89,91],[55,85,91],[56,85,89],[52,57,89],[49,57,91],
[43,55,85],[46,56,89],[40,56,85],[37,55,91],[33,34,43],[33,35,37],[32,34,40],[31,36,52],[32,36,46],[31,35,49],
[48,59,95],[54,58,104],[51,60,104],[45,58,99],[39,59,99],[42,60,95],[30,31,33],[29,32,33],[28,31,32],[84,95,104],
[83,95,99],[82,99,104],[30,33,34],[30,31,36],[29,33,35],[28,32,34],[28,31,35],[29,32,36],[60,83,95],[59,84,95],
[58,84,104],[59,82,99],[60,82,104],[58,83,99],[27,49,57],[27,37,55],[26,43,55],[26,40,56],[25,46,56],[25,52,57],
[28,30,63],[29,30,62],[28,29,61],[30,44,45],[30,53,54],[29,47,48],[28,50,51],[29,38,39],[28,41,42],[30,40,107],
[30,46,108],[28,37,109],[28,43,110],[29,49,106],[29,52,111],[30,44,107],[30,53,108],[29,38,106],[28,50,109],[29,47,111],
[28,41,110],[30,40,63],[28,43,63],[29,49,61],[29,52,62],[28,37,61],[30,46,62],[30,36,45],[30,34,54],[29,35,48],
[28,34,51],[29,36,39],[28,35,42],[27,53,55],[27,44,57],[25,41,57],[26,38,56],[26,47,55],[25,50,56],[60,83,102],
[59,84,98],[58,84,100],[58,83,105],[60,82,94],[59,82,96],[23,24,33],[22,24,32],[22,23,31],[46,86,87],[40,87,92],
[43,92,93],[49,88,90],[37,88,93],[52,86,90],[45,84,87],[54,83,87],[48,82,90],[42,82,93],[51,83,93],[39,84,90],
[23,78,81],[24,78,80],[22,80,81],[23,63,72],[24,61,70],[23,62,74],[22,61,75],[22,63,71],[24,62,73],[23,68,107],
[23,69,108],[24,67,111],[24,66,106],[22,64,110],[22,65,109],[23,45,79],[23,54,76],[24,48,77],[24,39,79],[22,51,76],
[22,42,77],[21,34,55],[20,36,57],[19,35,55],[18,34,56],[17,35,57],[16,36,56],[23,45,68],[23,54,69],[24,48,67],
[24,39,66],[22,51,65],[22,42,64],[23,72,107],[24,70,106],[23,74,108],[24,73,111],[22,75,109],[22,71,110],[23,63,78],
[22,63,80],[24,61,78],[23,62,81],[24,62,80],[22,61,81],[15,54,83],[14,45,84],[13,48,82],[12,39,84],[11,51,83],
[10,42,82],[14,46,86],[15,40,92],[11,43,92],[13,49,88],[12,52,86],[10,37,88],[23,33,76],[24,32,79],[22,32,76],
[24,33,77],[22,31,77],[23,31,79],[36,45,87],[34,54,87],[35,42,93],[35,48,90],[36,39,90],[34,51,93],[68,83,102],
[69,84,98],[67,84,100],[65,82,96],[64,83,105],[66,82,94],[40,63,87],[43,63,93],[49,61,90],[52,62,90],[37,61,93],
[46,62,87],[27,44,107],[27,53,108],[26,38,106],[25,41,110],[25,50,109],[26,47,111],[76,103,105],[79,97,98],[76,101,102],
[79,100,103],[77,96,97],[77,94,101],[27,31,33],[25,31,32],[26,32,33],[86,98,107],[92,105,109],[86,100,106],[88,94,111],
[92,102,108],[88,96,110],[57,62,98],[55,63,102],[56,63,105],[55,61,94],[56,62,100],[57,61,96],[27,48,97],[25,45,103],
[25,39,97],[27,42,101],[26,51,101],[26,54,103],[38,87,110],[47,93,107],[44,90,109],[53,93,106],[50,87,111],[41,90,108],
[14,53,55],[15,44,57],[10,50,56],[11,41,57],[12,47,55],[13,38,56],[9,92,108],[8,86,107],[7,88,110],[6,88,111],
[5,92,109],[4,86,106],[9,57,62],[8,55,63],[7,56,63],[4,55,61],[6,56,62],[5,57,61],[27,33,42],[26,33,51],
[26,32,54],[27,31,48],[25,32,45],[25,31,39],[9,79,97],[8,76,101],[6,79,103],[5,77,97],[7,76,103],[4,77,101],
[14,34,55],[15,36,57],[10,34,56],[11,35,57],[13,36,56],[12,35,55],[27,97,108],[27,101,107],[26,103,111],[25,97,109],
[26,101,106],[25,103,110],[50,62,87],[38,63,87],[47,63,93],[44,61,90],[41,62,90],[53,61,93],[34,87,111],[36,87,110],
[35,93,107],[34,93,106],[35,90,108],[36,90,109],[31,79,98],[33,76,102],[32,79,100],[32,76,105],[31,77,96],[33,77,94],
[14,53,86],[15,44,92],[13,38,88],[10,50,88],[12,47,86],[11,41,92],[15,42,54],[13,48,51],[12,39,54],[14,45,48],
[11,45,51],[10,39,42],[63,78,102],[63,80,105],[62,81,98],[61,78,94],[61,81,96],[62,80,100],[72,98,107],[75,105,109],
[71,96,110],[70,100,106],[74,102,108],[73,94,111],[45,68,102],[54,69,98],[42,64,105],[48,67,100],[39,66,94],[51,65,96],
[84,92,113],[83,86,113],[82,86,112],[82,92,114],[84,88,112],[83,88,114],[3,74,84],[3,72,83],[2,73,84],[1,75,82],
[1,71,83],[2,70,82],[70,102,110],[73,105,107],[71,100,108],[72,94,109],[75,98,111],[74,96,106],[42,66,98],[48,65,102],
[51,68,100],[39,69,105],[45,67,96],[54,64,94],[21,55,83],[20,57,84],[19,55,82],[18,56,83],[17,57,82],[16,56,84],
[9,68,83],[8,69,84],[5,64,83],[4,67,84],[6,66,82],[7,65,82],[15,83,108],[14,84,107],[13,82,111],[11,83,109],
[12,84,106],[10,82,110],[21,83,108],[20,84,107],[19,82,111],[18,83,109],[16,84,106],[17,82,110],[8,74,84],[9,72,83],
[7,75,82],[5,71,83],[4,73,84],[6,70,82],[57,84,113],[55,83,113],[55,82,112],[56,84,112],[56,83,114],[57,82,114],
[3,84,92],[3,83,86],[1,83,88],[2,82,86],[1,82,92],[2,84,88],[54,75,98],[45,70,102],[42,73,105],[48,71,100],
[51,74,96],[39,72,94],[48,74,102],[42,72,98],[39,75,105],[45,71,96],[54,73,94],[51,70,100],[78,102,110],[81,96,106],
[80,105,107],[81,98,111],[80,100,108],[78,94,109],[20,53,86],[18,41,92],[19,38,88],[21,44,92],[17,50,88],[16,47,86],
[31,66,98],[33,65,102],[32,68,100],[32,69,105],[33,64,94],[31,67,96],[15,50,62],[10,47,63],[14,38,63],[13,41,62],
[11,53,61],[12,44,61],[15,97,108],[14,101,107],[13,103,111],[11,97,109],[10,103,110],[12,101,106],[9,68,97],[8,69,101],
[7,65,103],[5,64,97],[4,67,101],[6,66,103],[14,34,111],[15,36,110],[13,36,109],[12,35,108],[11,35,107],[10,34,106],
[14,31,48],[15,33,42],[13,33,51],[12,32,54],[11,32,45],[10,31,39],[9,57,108],[8,55,107],[7,56,110],[4,55,106],
[6,56,111],[5,57,109],[107,108,115],[106,111,117],[109,110,116],[92,101,113],[86,97,113],[92,103,114],[88,97,114],[86,103,112],
[88,101,112],[48,110,113],[42,111,113],[51,108,112],[54,109,112],[45,106,114],[39,107,114],[3,110,111],[1,106,107],[2,108,109],
[21,45,48],[20,42,54],[16,48,51],[19,39,54],[18,39,42],[17,45,51],[9,54,92],[8,45,86],[7,42,88],[6,48,88],
[4,39,86],[5,51,92],[9,62,110],[8,63,111],[7,63,106],[5,61,107],[4,61,108],[6,62,109],[3,62,110],[3,63,111],
[1,63,106],[1,61,107],[2,61,108],[2,62,109],[20,42,111],[21,48,110],[19,54,109],[16,51,108],[17,45,106],[18,39,107],
[75,101,113],[74,103,114],[73,97,114],[72,103,112],[70,97,113],[71,101,112],[9,54,75],[7,42,73],[6,48,71],[4,39,72],
[8,45,70],[5,51,74],[57,108,115],[55,107,115],[55,106,117],[56,111,117],[57,109,116],[56,110,116],[68,97,115],[69,101,115],
[65,103,116],[64,97,116],[66,103,117],[67,101,117],[9,33,65],[8,31,66],[5,32,69],[4,32,68],[6,33,64],[7,31,67],
[21,92,101],[16,86,103],[17,88,97],[20,86,97],[19,88,101],[18,92,103],[8,81,111],[9,78,110],[7,81,106],[5,80,107],
[6,78,109],[4,80,108],[3,54,92],[3,45,86],[1,51,92],[1,42,88],[2,48,88],[2,39,86],[48,57,113],[42,55,113],
[51,55,112],[54,56,112],[39,57,114],[45,56,114],[21,45,108],[20,54,107],[17,51,110],[18,42,109],[16,48,106],[19,39,111],
[14,31,111],[15,33,110],[13,33,109],[12,32,108],[10,31,106],[11,32,107],[15,62,97],[14,63,101],[13,62,103],[11,61,97],
[12,61,101],[10,63,103],[8,48,74],[9,42,72],[7,39,75],[5,45,71],[6,51,70],[4,54,73],[107,108,119],[109,110,118],
[106,111,120],[45,108,119],[54,107,119],[51,110,118],[39,111,120],[48,106,120],[42,109,118],[8,48,81],[9,42,78],[7,39,81],
[5,45,80],[4,54,80],[6,51,78],[20,62,97],[21,63,101],[19,61,101],[16,62,103],[18,63,103],[17,61,97],[9,33,75],
[8,31,70],[5,32,74],[4,32,72],[7,31,73],[6,33,71],[48,57,115],[42,55,115],[51,55,117],[54,56,117],[45,56,116],
[39,57,116],[70,97,115],[75,101,115],[74,103,116],[73,97,116],[71,101,117],[72,103,117],[20,31,111],[21,33,110],[19,33,109],
[16,32,108],[18,32,107],[17,31,106],[3,54,63],[3,45,62],[1,51,63],[1,42,61],[2,39,62],[2,48,61],[48,81,115],
[42,78,115],[39,81,116],[45,80,116],[51,78,117],[54,80,117],[33,75,115],[32,74,116],[31,73,116],[32,72,117],[31,70,115],
[33,71,117],[20,31,62],[21,33,63],[19,33,61],[16,32,62],[17,31,61],[18,32,63],[45,62,119],[54,63,119],[51,63,118],
[42,61,118],[48,61,120],[39,62,120],[31,62,119],[33,63,119],[32,63,118],[31,61,118],[32,62,120],[33,61,120],[31,78,115],
[33,81,115],[32,81,116],[31,80,116],[32,78,117],[33,80,117],[31,78,119],[33,81,119],[32,81,118],[31,80,118],[33,80,120],
[32,78,120],[29,30,78],[28,30,81],[28,29,80],[72,85,87],[70,90,91],[75,91,93],[74,87,89],[71,85,93],[73,89,90],
[25,52,81],[27,37,78],[26,43,78],[25,46,80],[27,49,81],[26,40,80],[21,34,78],[20,36,81],[17,35,81],[18,34,80],
[16,36,80],[19,35,78],[15,50,78],[10,47,81],[13,41,78],[11,53,80],[14,38,81],[12,44,80],[19,27,60],[18,26,58],
[20,25,59],[17,27,59],[16,25,58],[21,26,60],[21,50,78],[17,47,81],[19,41,78],[18,53,80],[16,44,80],[20,38,81],
[15,37,78],[10,52,81],[13,43,78],[11,46,80],[12,40,80],[14,49,81],[10,75,91],[15,72,85],[14,74,89],[12,73,89],
[13,70,91],[11,71,85],[27,75,93],[26,72,87],[25,74,87],[27,70,90],[26,71,93],[25,73,90],[27,29,78],[26,30,78],
[25,30,81],[27,28,81],[26,28,80],[25,29,80],[34,78,119],[36,81,119],[35,81,118],[34,80,118],[35,78,120],[36,80,120],
[11,15,59],[10,13,58],[12,14,60],[41,104,105],[47,99,100],[38,94,95],[53,98,99],[50,95,96],[44,102,104],[3,36,74],
[3,34,72],[1,35,75],[2,36,73],[1,34,71],[2,35,70],[22,23,34],[23,24,36],[22,24,35],[36,59,98],[34,60,102],
[36,58,100],[34,58,105],[35,59,96],[35,60,94],[9,36,65],[8,34,66],[5,35,69],[7,34,67],[4,35,68],[6,36,64],
[38,75,113],[47,74,114],[41,72,112],[53,73,114],[44,71,112],[50,70,113],[44,64,112],[38,65,113],[41,68,112],[53,67,114],
[50,66,113],[47,69,114],[4,35,60],[6,36,58],[9,36,59],[8,34,60],[5,35,59],[7,34,58],[22,34,102],[24,36,98],
[23,36,100],[22,35,94],[23,34,105],[24,35,96],[3,36,65],[3,34,66],[1,35,69],[2,36,64],[1,34,67],[2,35,68],
[5,41,104],[4,47,99],[6,38,95],[7,50,95],[9,44,104],[8,53,99],[41,94,105],[53,98,105],[50,96,102],[38,94,98],
[44,100,102],[47,96,100],[11,27,59],[14,26,60],[15,25,59],[12,27,60],[10,26,58],[13,25,58],[34,72,119],[36,74,119],
[35,75,118],[34,71,118],[35,70,120],[36,73,120],[21,50,70],[17,47,74],[19,41,72],[20,38,75],[18,53,73],[16,44,71],
[27,29,70],[26,30,72],[25,30,74],[27,28,75],[25,29,73],[26,28,71],[15,37,72],[10,52,75],[13,43,70],[11,46,71],
[14,49,74],[12,40,73],[2,91,96],[1,85,102],[3,89,100],[2,89,98],[1,91,94],[3,85,105],[6,7,91],[5,9,85],
[4,8,89],[89,104,113],[85,95,114],[91,99,112],[89,95,112],[85,99,113],[91,104,114],[11,15,104],[12,14,99],[10,13,95],
[14,46,70],[12,52,72],[15,40,75],[13,49,71],[10,37,73],[11,43,74],[20,53,72],[21,44,74],[18,41,75],[17,50,71],
[16,47,70],[19,38,73],[17,59,91],[21,60,85],[19,60,91],[20,59,89],[18,58,85],[16,58,89],[14,69,89],[13,66,91],
[10,65,91],[15,68,85],[11,64,85],[12,67,89],[27,69,93],[26,66,87],[25,65,87],[27,68,90],[25,64,90],[26,67,93],
[14,69,93],[13,66,87],[10,65,87],[15,68,90],[12,67,93],[11,64,90],[17,65,91],[21,68,85],[19,66,91],[20,69,89],
[16,67,89],[18,64,85],[12,20,99],[10,19,95],[15,18,104],[11,21,104],[13,17,95],[14,16,99],[58,89,112],[59,89,113],
[60,91,112],[58,85,114],[59,91,114],[60,85,113],[7,91,94],[8,89,100],[9,85,105],[5,85,102],[4,89,98],[6,91,96],
[3,89,104],[2,91,99],[2,89,95],[1,85,95],[3,85,99],[1,91,104],[19,40,73],[20,37,72],[17,46,71],[18,52,75],
[21,49,74],[16,43,70],[11,30,74],[14,29,70],[15,28,75],[12,30,72],[13,28,71],[10,29,73],[17,43,74],[21,46,70],
[19,52,72],[20,40,75],[16,49,71],[18,37,73],[53,72,119],[44,74,119],[41,75,118],[50,71,118],[38,73,120],[47,70,120],
[11,27,69],[14,26,66],[15,25,65],[12,27,68],[13,25,64],[10,26,67],[3,38,65],[3,50,66],[1,47,69],[2,44,64],
[2,41,68],[1,53,67],[22,41,94],[22,50,102],[24,38,98],[23,44,100],[24,47,96],[23,53,105],[4,47,60],[6,38,58],
[9,44,59],[8,53,60],[7,50,58],[5,41,59],[10,14,76],[13,15,79],[11,12,77],[6,7,87],[4,8,93],[5,9,90],
[87,104,114],[93,104,113],[90,95,114],[87,99,112],[93,95,112],[90,99,113],[9,50,79],[8,38,76],[5,53,77],[7,47,76],
[6,41,79],[4,44,77],[47,66,117],[38,67,117],[53,68,115],[44,69,115],[50,64,116],[41,65,116],[40,64,112],[49,65,113],
[43,68,112],[46,67,114],[52,69,114],[37,66,113],[9,40,104],[4,52,99],[6,49,95],[7,37,95],[8,46,99],[5,43,104],
[52,94,105],[37,98,105],[46,96,102],[40,94,98],[43,96,100],[49,100,102],[4,52,105],[9,40,94],[6,49,102],[7,37,98],
[5,43,100],[8,46,96],[93,94,113],[90,98,114],[87,105,112],[87,100,114],[90,96,113],[93,102,112],[7,87,117],[9,90,116],
[4,93,115],[6,87,116],[5,90,115],[8,93,117],[10,76,87],[14,76,93],[13,79,87],[12,77,93],[11,77,90],[15,79,90],
[47,60,117],[38,58,117],[44,59,115],[53,60,115],[41,59,116],[50,58,116],[7,24,47],[9,22,50],[4,23,44],[8,24,38],
[6,22,41],[5,23,53],[3,38,76],[2,41,79],[2,44,77],[1,53,77],[1,47,76],[3,50,79],[41,65,118],[53,68,119],
[44,69,119],[50,64,118],[47,66,120],[38,67,120],[18,52,69],[20,37,66],[19,40,64],[21,49,65],[16,43,68],[17,46,67],
[3,40,104],[2,52,99],[2,49,95],[1,37,95],[1,43,104],[3,46,99],[7,52,94],[9,37,105],[5,46,102],[4,40,98],
[8,49,100],[6,43,96],[43,60,112],[40,58,112],[49,59,113],[46,58,114],[37,60,113],[52,59,114],[18,87,104],[21,93,104],
[16,87,99],[17,90,95],[19,93,95],[20,90,99],[11,30,69],[14,29,66],[15,28,65],[12,30,68],[10,29,67],[13,28,64],
[17,43,65],[21,46,68],[19,52,66],[20,40,69],[18,37,64],[16,49,67],[6,9,28],[4,5,30],[7,8,29],[9,28,94],
[6,28,102],[7,29,98],[8,29,96],[4,30,105],[5,30,100],[18,76,87],[21,76,93],[20,79,90],[16,79,87],[17,77,90],
[19,77,93],[18,30,69],[20,29,66],[16,30,68],[17,29,67],[19,28,64],[21,28,65],[40,69,119],[52,66,120],[49,67,120],
[43,65,118],[37,64,118],[46,68,119],[3,40,76],[2,52,79],[2,49,77],[1,37,77],[3,46,79],[1,43,76],[7,24,52],
[6,22,43],[9,22,37],[8,24,49],[5,23,46],[4,23,40],[52,59,116],[43,60,117],[40,58,117],[49,59,115],[46,58,116],
[37,60,115],[93,94,115],[93,102,117],[90,98,116],[87,105,117],[90,96,115],[87,100,116],[24,52,116],[23,40,117],[22,43,117],
[23,46,116],[22,37,115],[24,49,115],[40,76,119],[46,79,119],[52,79,120],[49,77,120],[43,76,118],[37,77,118],[21,28,76],
[18,30,76],[20,29,79],[16,30,79],[19,28,77],[17,29,77],[30,100,116],[28,94,115],[28,102,117],[29,98,116],[30,105,117],
[29,96,115],[24,30,116],[24,28,115],[23,28,117],[22,29,115],[22,30,117],[23,29,116],[30,76,118],[28,76,119],[29,79,119],
[30,79,120],[29,77,118],[28,77,120],[24,30,118],[22,30,120],[23,29,118],[24,28,119],[23,28,120],[22,29,119],[13,15,22],
[11,12,23],[10,14,24],[17,24,27],[19,22,27],[18,23,26],[20,24,25],[16,23,25],[21,22,26],[15,19,22],[12,18,23],
[10,20,24],[14,17,24],[13,21,22],[11,16,23],[24,27,118],[22,27,120],[23,26,118],[24,25,119],[22,26,119],[23,25,120],
[4,5,27],[7,8,26],[6,9,25],[1,27,94],[2,27,96],[1,26,102],[3,25,100],[3,26,105],[2,25,98],[15,105,112],
[12,98,114],[10,94,113],[14,100,114],[11,102,112],[13,96,113],[5,15,112],[8,12,114],[6,10,113],[4,14,114],[7,13,113],
[9,11,112],[2,5,27],[1,8,26],[3,6,25],[1,4,27],[2,9,25],[3,7,26],[15,19,105],[12,18,98],[10,20,94],
[14,17,100],[11,16,102],[13,21,96],[27,94,118],[27,96,120],[26,105,119],[26,102,118],[25,100,119],[25,98,120],[15,18,94],
[12,20,105],[10,19,98],[11,21,100],[13,17,102],[14,16,96],[15,94,118],[14,96,120],[12,105,119],[13,102,118],[10,98,120],
[11,100,119],[19,20,105],[18,19,98],[18,20,94],[17,21,100],[16,21,96],[16,17,102],[1,4,14],[2,5,15],[3,7,13],
[1,8,12],[2,9,11],[3,6,10],[1,112,113],[2,113,114],[3,112,114],[6,15,116],[7,14,117],[5,12,115],[9,13,116],
[8,10,117],[4,11,115],[9,18,112],[5,21,112],[4,20,114],[8,16,114],[7,19,113],[6,17,113],[1,21,112],[2,20,114],
[3,16,114],[1,19,113],[3,18,112],[2,17,113],[6,15,118],[7,14,120],[5,12,119],[9,13,118],[4,11,119],[8,10,120],
[1,14,117],[2,15,116],[3,13,116],[1,12,115],[3,10,117],[2,11,115],[6,17,21],[7,19,20],[5,16,21],[9,18,19],
[4,18,20],[8,16,17],[6,21,118],[7,20,120],[5,16,119],[9,19,118],[8,17,120],[4,18,119],[1,21,117],[2,20,116],
[3,16,116],[1,19,115],[2,17,115],[3,18,117],[21,117,118],[20,116,120],[16,116,119],[19,115,118],[18,117,119],[17,115,120]];
###############################################################

