#SurfaceInfo: 243 Vertices, 2187 Edges, 1458 Faces, IsOrientable=true
 #Vertices of faces:
vof1:=[[241,242,243],[240,241,242],[239,241,243],[238,242,243],[235,236,237],[232,233,234],[229,230,231],[226,227,228],[225,235,236],[224,236,237],
[223,235,237],[221,222,228],[219,220,234],[217,218,231],[216,232,233],[215,226,227],[214,229,230],[213,219,234],[212,217,231],[211,221,228],
[208,209,210],[205,206,207],[202,203,204],[199,200,201],[196,197,198],[193,194,195],[192,213,234],[191,212,231],[190,211,228],[189,212,222],
[188,213,218],[187,211,220],[211,212,213],[189,211,212],[187,211,213],[188,212,213],[186,187,213],[185,188,212],[184,189,211],[216,217,236],
[215,219,235],[214,221,237],[183,194,237],[182,200,235],[181,197,236],[179,180,191],[177,178,190],[175,176,192],[173,174,197],[171,172,200],
[169,170,194],[168,184,203],[167,185,206],[166,186,209],[219,228,235],[221,231,237],[217,234,236],[214,221,225],[215,219,224],[216,217,223],
[165,184,189],[164,185,188],[163,186,187],[162,192,213],[161,190,211],[160,191,212],[159,179,185],[158,177,184],[157,175,186],[154,155,156],
[151,152,153],[148,149,150],[145,146,147],[142,143,144],[139,140,141],[136,137,138],[133,134,135],[130,131,132],[128,129,131],[126,127,134],
[124,125,137],[122,123,156],[120,121,153],[118,119,150],[115,116,117],[112,113,114],[109,110,111],[113,119,238],[116,121,239],[110,123,240],
[159,162,213],[157,161,211],[158,160,212],[162,192,204],[160,191,210],[161,190,207],[108,169,194],[107,171,200],[106,173,197],[105,177,190],
[104,179,191],[103,175,192],[167,185,216],[166,186,215],[168,184,214],[102,165,184],[101,163,186],[100,164,185],[99,221,225],[98,217,223],
[97,219,224],[200,228,235],[197,234,236],[194,231,237],[169,177,221],[171,175,219],[173,179,217],[96,140,201],[95,146,195],[94,143,198],
[93,114,139],[92,117,142],[91,111,145],[90,188,230],[89,189,227],[88,187,233],[87,224,232],[86,223,229],[85,225,226],[84,140,204],
[83,146,207],[82,143,210],[101,125,193],[102,127,196],[100,129,199],[102,131,155],[101,134,149],[100,137,152],[121,145,218],[119,142,220],
[123,139,222],[81,127,182],[80,125,181],[79,129,183],[208,209,224],[205,206,223],[202,203,225],[78,199,200],[77,193,194],[76,196,197],
[75,202,204],[74,208,210],[73,205,207],[213,216,219],[211,215,221],[212,214,217],[93,197,198],[91,200,201],[92,194,195],[72,154,189],
[71,148,187],[70,151,188],[131,185,206],[137,186,209],[134,184,203],[69,181,236],[68,183,237],[67,182,235],[192,215,224],[191,216,223],
[190,214,225],[189,200,216],[188,194,215],[187,197,214],[195,198,201],[74,84,99],[73,82,97],[75,83,98],[100,101,102],[66,89,168],
[65,88,166],[64,90,167],[63,100,102],[62,100,101],[61,101,102],[60,73,82],[59,74,84],[58,75,83],[57,192,215],[56,190,214],
[55,191,216],[69,171,236],[67,169,235],[68,173,237],[80,109,125],[79,112,129],[81,115,127],[169,224,232],[171,223,229],[173,225,226],
[72,95,195],[70,94,198],[71,96,201],[77,133,193],[76,130,196],[78,136,199],[179,189,227],[177,187,233],[175,188,230],[75,92,142],
[73,93,139],[74,91,145],[75,201,202],[73,195,205],[74,198,208],[71,187,197],[72,189,200],[70,188,194],[78,200,216],[76,197,214],
[77,194,215],[189,216,219],[187,214,217],[188,215,221],[75,98,204],[73,97,207],[74,99,210],[91,195,201],[92,195,198],[93,198,201],
[192,209,224],[190,203,225],[191,206,223],[69,125,181],[68,129,183],[67,127,182],[89,154,189],[90,151,188],[88,148,187],[85,202,225],
[86,205,223],[87,208,224],[84,140,201],[82,143,198],[83,146,195],[111,145,218],[114,139,222],[117,142,220],[101,125,134],[100,129,137],
[102,127,131],[54,112,113],[53,115,116],[52,109,110],[59,120,121],[58,118,119],[60,122,123],[51,113,119],[50,110,123],[49,116,121],
[130,131,206],[133,134,203],[136,137,209],[128,131,185],[124,137,186],[126,134,184],[102,154,155],[100,151,152],[101,148,149],[123,139,140],
[121,145,146],[119,142,143],[92,194,231],[93,197,234],[91,200,228],[84,99,225],[83,98,223],[82,97,224],[102,184,196],[100,185,199],
[101,186,193],[108,169,221],[106,173,217],[107,171,219],[105,177,221],[104,179,217],[103,175,219],[167,213,216],[166,211,215],[168,212,214],
[143,160,210],[146,161,207],[140,162,204],[157,175,211],[158,177,212],[159,179,213],[182,221,222],[183,217,218],[181,219,220],[82,220,234],
[84,222,228],[83,218,231],[157,214,229],[159,215,226],[158,216,232],[69,214,230],[67,216,233],[68,215,227],[48,79,203],[47,81,209],
[46,80,206],[45,74,202],[44,75,205],[43,73,208],[42,62,82],[41,61,84],[40,63,83],[123,125,193],[119,129,199],[121,127,196],
[83,127,207],[84,125,204],[82,129,210],[166,169,177],[168,173,179],[167,171,175],[39,85,226],[38,87,232],[37,86,229],[90,99,230],
[88,98,233],[89,97,227],[108,121,218],[106,119,220],[107,123,222],[168,216,236],[166,214,237],[167,215,235],[98,186,213],[97,184,211],
[99,185,212],[63,121,153],[62,119,150],[61,123,156],[85,179,185],[86,175,186],[87,177,184],[39,112,114],[38,115,117],[37,109,111],
[83,116,117],[84,110,111],[82,113,114],[113,183,238],[116,182,239],[110,181,240],[123,160,240],[121,162,239],[119,161,238],[36,124,125],
[35,126,127],[34,128,129],[39,99,221],[38,97,219],[37,98,217],[102,133,165],[100,130,164],[101,136,163],[33,186,215],[32,184,214],
[31,185,216],[38,125,168],[37,129,166],[39,127,167],[84,105,160],[83,104,162],[82,103,161],[100,109,113],[101,110,115],[102,112,116],
[133,156,165],[130,153,164],[136,150,163],[102,112,133],[101,115,136],[100,109,130],[181,232,240],[182,226,239],[183,229,238],[162,233,239],
[161,227,238],[160,230,240],[34,128,143],[36,124,140],[35,126,146],[83,104,116],[82,103,113],[84,105,110],[36,125,168],[35,127,167],
[34,129,166],[38,110,115],[39,112,116],[37,109,113],[39,99,114],[37,98,111],[38,97,117],[38,168,236],[39,167,235],[37,166,237],
[31,168,216],[33,167,215],[32,166,214],[30,38,87],[29,37,86],[28,39,85],[41,88,98],[42,90,99],[40,89,97],[107,222,230],
[106,220,227],[108,218,233],[85,168,179],[87,166,177],[86,167,175],[63,108,121],[61,107,123],[62,106,119],[79,124,203],[80,126,206],
[81,128,209],[43,114,208],[45,111,202],[44,117,205],[40,83,120],[42,82,118],[41,84,122],[37,157,229],[38,158,232],[39,159,226],
[69,99,230],[67,98,233],[68,97,227],[62,82,234],[63,83,231],[61,84,228],[115,127,207],[112,129,210],[109,125,204],[84,143,160],
[83,140,162],[82,146,161],[98,167,213],[99,168,212],[97,166,211],[105,160,221],[104,162,217],[103,161,219],[108,182,221],[107,181,219],
[106,183,217],[33,186,193],[31,185,199],[32,184,196],[84,125,225],[83,127,223],[82,129,224],[91,154,228],[93,148,234],[92,151,231],
[123,140,193],[119,143,199],[121,146,196],[85,128,185],[87,126,184],[86,124,186],[51,100,113],[49,102,116],[50,101,110],[54,113,183],
[52,110,181],[53,116,182],[58,119,161],[60,123,160],[59,121,162],[38,125,134],[39,127,131],[37,129,137],[117,181,220],[114,182,222],
[111,183,218],[83,195,218],[84,201,222],[82,198,220],[74,85,202],[73,87,208],[75,86,205],[69,123,125],[67,121,127],[68,119,129],
[48,190,203],[46,191,206],[47,192,209],[91,195,204],[93,201,210],[92,198,207],[39,188,221],[37,187,217],[38,189,219],[97,184,207],
[99,185,210],[98,186,204],[69,76,214],[68,77,215],[67,78,216],[55,158,216],[56,157,214],[57,159,215],[63,102,153],[61,101,156],
[62,100,150],[58,83,117],[60,82,114],[59,84,111],[90,167,171],[89,168,173],[88,166,169],[75,142,201],[74,145,198],[73,139,195],
[175,211,230],[179,213,227],[177,212,233],[133,193,203],[136,199,209],[130,196,206],[89,102,154],[88,101,148],[90,100,151],[71,96,197],
[70,94,194],[72,95,200],[171,229,236],[173,226,237],[169,232,235],[27,103,229],[26,104,226],[25,105,232],[24,233,234],[23,227,228],
[22,230,231],[21,69,203],[20,68,209],[19,67,206],[18,232,234],[17,226,228],[16,229,231],[31,225,235],[33,223,237],[32,224,236],
[15,199,201],[14,196,198],[13,193,195],[26,223,235],[25,225,236],[27,224,237],[12,71,157],[11,72,158],[10,70,159],[9,87,89],
[8,86,88],[7,85,90],[42,62,112],[40,63,115],[41,61,109],[126,178,190],[128,180,191],[124,176,192],[153,174,197],[156,170,194],
[150,172,200],[6,168,203],[5,166,209],[4,167,206],[26,221,231],[27,217,234],[25,219,228],[72,124,195],[71,128,201],[70,126,198],
[31,74,91],[33,75,92],[32,73,93],[17,201,202],[18,198,208],[16,195,205],[31,69,171],[32,68,173],[33,67,169],[57,192,193],
[55,191,199],[56,190,196],[39,63,100],[38,61,102],[37,62,101],[66,72,168],[64,70,167],[65,71,166],[65,88,137],[64,90,131],
[66,89,134],[65,149,199],[64,152,196],[66,155,193],[65,137,149],[66,134,155],[64,131,152],[155,192,193],[152,190,196],[149,191,199],
[13,31,69],[15,32,68],[14,33,67],[66,72,124],[65,71,128],[64,70,126],[18,126,198],[16,124,195],[17,128,201],[26,55,235],
[27,57,237],[25,56,236],[11,29,72],[10,30,70],[12,28,71],[8,86,144],[7,85,147],[9,87,141],[15,65,199],[13,66,193],
[14,64,196],[7,90,131],[9,89,134],[8,88,137],[31,91,225],[33,92,223],[32,93,224],[18,208,234],[16,205,231],[17,202,228],
[105,232,235],[103,229,236],[104,226,237],[96,153,197],[95,150,200],[94,156,194],[21,193,203],[19,196,206],[20,199,209],[15,142,201],
[13,139,195],[14,145,198],[31,90,171],[33,88,169],[32,89,173],[55,72,158],[57,70,159],[56,71,157],[69,76,203],[67,78,206],
[68,77,209],[39,63,188],[38,61,189],[37,62,187],[47,124,192],[46,128,191],[48,126,190],[39,51,100],[37,50,101],[38,49,102],
[57,140,193],[56,146,196],[55,143,199],[24,148,234],[22,151,231],[23,154,228],[25,125,225],[27,129,224],[26,127,223],[33,75,193],
[32,73,196],[31,74,199],[26,160,221],[25,161,219],[27,162,217],[25,61,228],[27,62,234],[26,63,231],[6,124,203],[4,126,206],
[5,128,209],[6,85,168],[4,86,167],[5,87,166],[42,90,112],[41,88,109],[40,89,115],[31,72,168],[32,71,166],[33,70,167],
[33,37,237],[32,38,236],[31,39,235],[25,105,110],[26,104,116],[27,103,113],[23,161,227],[22,160,230],[24,162,233],[18,181,232],
[16,183,229],[17,182,226],[124,140,176],[126,146,178],[128,143,180],[62,112,133],[61,109,130],[63,115,136],[130,153,174],[136,150,172],
[133,156,170],[89,102,153],[90,100,150],[88,101,156],[115,184,207],[109,186,204],[112,185,210],[195,204,218],[198,207,220],[201,210,222],
[58,117,161],[59,111,162],[60,114,160],[53,114,182],[54,111,183],[52,117,181],[74,85,128],[75,86,124],[73,87,126],[69,99,123],
[68,97,119],[67,98,121],[82,118,146],[84,122,143],[83,120,140],[63,108,182],[62,106,183],[61,107,181],[29,37,137],[28,39,131],
[30,38,134],[107,211,230],[108,212,233],[106,213,227],[43,99,114],[44,97,117],[45,98,111],[37,113,157],[39,116,159],[38,110,158],
[35,98,167],[34,97,166],[36,99,168],[163,192,234],[165,190,228],[164,191,231],[76,211,220],[77,213,218],[78,212,222],[36,189,222],
[34,187,220],[35,188,218],[20,68,87],[21,69,85],[19,67,86],[11,89,158],[10,90,159],[12,88,157],[87,89,242],[85,90,241],
[86,88,243],[62,131,155],[61,137,152],[63,134,149],[93,95,146],[92,96,140],[91,94,143],[30,80,181],[29,79,183],[28,81,182],
[47,129,131],[48,125,137],[46,127,134],[72,145,147],[70,142,144],[71,139,141],[110,137,138],[113,131,132],[116,134,135],[57,122,156],
[55,118,150],[56,120,153],[24,155,156],[22,149,150],[23,152,153],[13,154,156],[15,148,150],[14,151,153],[130,132,154],[136,138,151],
[133,135,148],[143,144,202],[140,141,205],[146,147,208],[3,158,184],[2,159,185],[1,157,186],[14,108,194],[13,107,200],[15,106,197],
[1,103,192],[3,105,190],[2,104,191],[135,191,210],[138,190,207],[132,192,204],[34,157,161],[36,158,160],[35,159,162],[64,92,207],
[65,93,210],[66,91,204],[42,93,148],[40,92,151],[41,91,154],[77,79,124],[76,80,126],[78,81,128],[1,114,208],[3,111,202],
[2,117,205],[40,120,161],[42,118,160],[41,122,162],[30,44,87],[28,43,85],[29,45,86],[41,98,144],[40,97,141],[42,99,147],
[35,94,146],[34,96,143],[36,95,140],[2,4,30],[3,6,29],[1,5,28],[4,30,44],[5,28,43],[6,29,45],[34,120,161],
[35,122,162],[36,118,160],[64,138,207],[66,132,204],[65,135,210],[1,103,208],[2,104,205],[3,105,202],[2,135,191],[1,132,192],
[3,138,190],[3,6,158],[1,5,157],[2,4,159],[41,144,202],[42,147,208],[40,141,205],[40,138,151],[41,132,154],[42,135,148],
[15,106,148],[14,108,151],[13,107,154],[24,57,156],[23,56,153],[22,55,150],[2,30,80],[1,28,81],[3,29,79],[42,93,95],
[41,91,94],[40,92,96],[89,158,242],[88,157,243],[90,159,241],[20,44,87],[19,45,86],[21,43,85],[68,87,242],[69,85,241],
[67,86,243],[35,94,218],[36,95,222],[34,96,220],[35,98,144],[36,99,147],[34,97,141],[36,110,158],[35,116,159],[34,113,157],
[76,107,211],[77,106,213],[78,108,212],[29,110,137],[30,116,134],[28,113,131],[94,118,146],[96,122,143],[95,120,140],[1,53,114],
[2,52,117],[3,54,111],[77,204,218],[78,210,222],[76,207,220],[3,115,184],[2,112,185],[1,109,186],[130,154,174],[133,148,170],
[136,151,172],[146,178,208],[143,180,202],[140,176,205],[18,30,181],[17,28,182],[16,29,183],[23,40,161],[24,41,162],[22,42,160],
[25,110,138],[27,113,132],[26,116,135],[31,72,147],[32,71,141],[33,70,144],[12,88,109],[11,89,115],[10,90,112],[26,63,149],
[27,62,155],[25,61,152],[25,48,125],[26,46,127],[27,47,129],[24,148,155],[23,152,154],[22,149,151],[55,91,143],[57,92,140],
[56,93,146],[34,62,187],[35,63,188],[36,61,189],[77,79,209],[76,80,203],[78,81,206],[55,72,118],[57,70,122],[56,71,120],
[14,145,194],[15,142,197],[13,139,200],[13,94,156],[15,95,150],[14,96,153],[163,208,234],[164,205,231],[165,202,228],[65,93,224],
[66,91,225],[64,92,223],[7,62,131],[9,63,134],[8,61,137],[30,70,142],[28,71,139],[29,72,145],[17,78,128],[16,77,124],
[18,76,126],[149,164,191],[155,163,192],[152,165,190],[46,134,155],[47,131,152],[48,137,149],[43,99,123],[45,98,121],[44,97,119],
[62,133,183],[61,130,181],[63,136,182],[4,73,126],[6,75,124],[5,74,128],[27,111,162],[26,114,160],[25,117,161],[31,39,51],
[32,38,49],[33,37,50],[32,89,153],[33,88,156],[31,90,150],[21,75,193],[20,74,199],[19,73,196],[55,105,235],[57,104,237],
[56,103,236],[4,86,144],[5,87,141],[6,85,147],[47,66,124],[48,64,126],[46,65,128],[15,65,68],[14,64,67],[13,66,69],
[53,209,210],[54,203,204],[52,206,207],[47,81,138],[46,80,132],[48,79,135],[43,73,145],[45,74,142],[44,75,139],[158,179,180],
[157,177,178],[159,175,176],[69,173,174],[68,169,170],[67,171,172],[50,183,194],[49,181,197],[51,182,200],[6,165,189],[4,164,188],
[5,163,187],[80,109,149],[81,115,155],[79,112,152],[24,169,224],[23,173,225],[22,171,223],[77,133,163],[78,136,164],[76,130,165],
[17,179,189],[16,175,188],[18,177,187],[53,115,133],[52,109,136],[54,112,130],[58,118,144],[59,120,147],[60,122,141],[51,60,119],
[49,58,121],[50,59,123],[60,73,94],[58,75,95],[59,74,96],[26,51,55],[27,50,57],[25,49,56],[10,30,48],[12,28,46],
[11,29,47],[6,8,144],[5,7,147],[4,9,141],[13,31,43],[15,32,44],[14,33,45],[118,120,122],[43,44,45],[52,53,54],
[46,47,48],[51,55,60],[50,57,59],[49,56,58],[6,118,144],[4,122,141],[5,120,147],[53,133,163],[54,130,165],[52,136,164],
[6,8,165],[5,7,163],[4,9,164],[4,16,188],[5,18,187],[6,17,189],[13,43,145],[15,44,139],[14,45,142],[11,47,138],
[10,48,135],[12,46,132],[36,59,147],[34,60,141],[35,58,144],[65,68,170],[64,67,172],[66,69,174],[46,47,65],[47,48,66],
[46,48,64],[20,74,142],[19,73,145],[21,75,139],[31,43,51],[33,45,50],[32,44,49],[4,73,94],[5,74,96],[6,75,95],
[50,133,183],[51,136,182],[49,130,181],[44,60,119],[45,58,121],[43,59,123],[79,152,165],[81,155,163],[80,149,164],[17,78,179],
[18,76,177],[16,77,175],[24,65,224],[22,64,223],[23,66,225],[13,60,94],[14,59,96],[15,58,95],[50,145,194],[51,139,200],
[49,142,197],[54,80,203],[53,79,209],[52,81,206],[27,29,47],[26,28,46],[25,30,48],[26,51,149],[25,49,152],[27,50,155],
[12,109,149],[10,112,152],[11,115,155],[3,115,133],[1,109,136],[2,112,130],[54,77,204],[52,76,207],[53,78,210],[1,53,54],
[3,52,54],[2,52,53],[78,108,164],[76,107,165],[77,106,163],[67,171,243],[68,169,242],[69,173,241],[20,43,44],[21,43,45],
[19,44,45],[158,179,242],[157,177,243],[159,175,241],[24,57,169],[22,55,171],[23,56,173],[6,158,180],[4,159,176],[5,157,178],
[64,81,138],[65,79,135],[66,80,132],[34,118,120],[36,118,122],[35,120,122],[7,34,62],[8,36,61],[9,35,63],[55,91,105],
[57,92,104],[56,93,103],[46,148,155],[48,149,151],[47,152,154],[33,144,156],[31,147,150],[32,141,153],[26,114,135],[25,117,138],
[27,111,132],[18,30,142],[16,29,145],[17,28,139],[72,94,118],[71,95,120],[70,96,122],[29,36,110],[28,34,113],[30,35,116],
[42,95,222],[41,94,218],[40,96,220],[108,151,172],[107,154,174],[106,148,170],[23,40,138],[22,42,135],[24,41,132],[42,163,208],
[41,165,202],[40,164,205],[2,80,135],[3,79,138],[1,81,132],[103,178,208],[105,180,202],[104,176,205],[4,44,144],[6,45,147],
[5,43,141],[25,178,232],[26,180,226],[27,176,229],[11,91,111],[10,92,117],[12,93,114],[9,70,151],[7,71,148],[8,72,154],
[172,222,230],[170,218,233],[174,220,227],[171,232,240],[169,226,239],[173,229,238],[179,233,239],[177,230,240],[175,227,238],[21,156,165],
[19,153,164],[20,150,163],[103,178,232],[104,176,229],[105,180,226],[108,172,230],[107,174,227],[106,170,233],[42,172,222],[40,174,220],
[41,170,218],[8,72,94],[9,70,96],[7,71,95],[12,114,135],[11,111,132],[10,117,138],[21,144,156],[19,141,153],[20,147,150],
[8,47,154],[7,46,148],[9,48,151],[11,91,105],[12,93,103],[10,92,104],[55,171,240],[56,173,238],[57,169,239],[179,233,242],
[175,227,241],[177,230,243],[171,232,243],[173,229,241],[169,226,242],[20,106,163],[21,107,165],[19,108,164],[27,29,176],[25,30,178],
[26,28,180],[78,179,239],[76,177,240],[77,175,238],[29,36,59],[30,35,58],[28,34,60],[7,34,118],[9,35,120],[8,36,122],
[2,53,78],[3,52,76],[1,54,77],[12,51,149],[11,50,155],[10,49,152],[54,80,135],[52,81,132],[53,79,138],[44,60,144],
[43,59,141],[45,58,147],[3,50,133],[2,49,130],[1,51,136],[20,43,51],[19,44,49],[21,45,50],[18,20,142],[17,21,139],
[16,19,145],[24,47,65],[22,46,64],[23,48,66],[66,80,174],[65,79,170],[64,81,172],[11,23,138],[12,24,132],[10,22,135],
[13,50,145],[14,49,142],[15,51,139],[4,16,94],[6,17,95],[5,18,96],[8,79,165],[9,80,164],[7,81,163],[42,53,163],
[40,52,164],[41,54,165],[6,118,180],[5,120,178],[4,122,176],[13,55,60],[15,56,58],[14,57,59],[7,81,172],[8,79,170],
[9,80,174],[2,19,49],[1,20,51],[3,21,50],[11,13,50],[10,14,49],[12,15,51],[8,122,176],[9,120,178],[7,118,180],
[2,78,239],[1,77,238],[3,76,240],[29,59,176],[28,60,180],[30,58,178],[18,20,106],[16,19,108],[17,21,107],[13,55,240],
[14,57,239],[15,56,238],[11,23,105],[10,22,104],[12,24,103],[8,24,47],[9,23,48],[7,22,46],[21,60,144],[20,58,147],
[19,59,141],[12,54,135],[10,53,138],[11,52,132],[8,16,94],[7,17,95],[9,18,96],[42,53,172],[41,54,170],[40,52,174],
[106,233,242],[108,230,243],[107,227,241],[103,232,243],[105,226,242],[104,229,241],[9,18,174],[8,16,170],[7,17,172],[11,52,174],
[12,54,170],[10,53,172],[24,103,243],[22,104,241],[23,105,242],[18,106,242],[16,108,243],[17,107,241],[19,59,176],[21,60,180],
[20,58,178],[8,24,176],[7,22,180],[9,23,178],[11,13,240],[12,15,238],[10,14,239],[2,19,239],[3,21,240],[1,20,238],
[19,176,239],[20,178,238],[21,180,240],[18,174,242],[17,172,241],[16,170,243],[24,176,243],[23,178,242],[22,180,241],[11,174,240],
[10,172,239],[12,170,238],[176,239,243],[180,240,241],[178,238,242],[174,240,242],[170,238,243],[172,239,241]];
###############################################################

#SurfaceInfo: 600 Vertices, 2400 Edges, 1600 Faces, IsOrientable=true
 #Vertices of faces:
vof2:=[[598,599,600],[597,598,599],[596,599,600],[595,598,600],[592,593,594],[589,590,591],[586,587,588],[583,584,585],[580,581,582],[577,578,579],
[574,575,576],[573,592,593],[572,593,594],[571,592,594],[568,569,570],[565,566,567],[562,563,564],[561,589,590],[560,583,584],[559,586,587],
[556,557,558],[555,562,563],[554,568,569],[553,565,566],[552,568,570],[551,565,567],[550,562,564],[549,573,592],[548,572,593],[547,571,594],
[544,545,546],[541,542,543],[538,539,540],[537,574,575],[536,580,581],[535,577,578],[532,533,534],[529,530,531],[526,527,528],[525,554,568],
[524,553,565],[523,555,562],[522,532,533],[521,526,527],[520,529,530],[517,518,519],[514,515,516],[511,512,513],[508,509,510],[507,511,512],
[506,508,509],[505,514,515],[504,511,513],[503,508,510],[502,514,516],[501,505,514],[500,507,511],[499,506,508],[498,502,514],[497,503,508],
[496,504,511],[495,501,514],[494,499,508],[493,500,511],[492,498,514],[491,496,511],[490,497,508],[491,493,511],[492,495,514],[490,494,508],
[487,488,489],[484,485,486],[481,482,483],[478,479,480],[475,476,477],[472,473,474],[469,470,471],[466,467,468],[463,464,465],[460,461,462],
[457,458,459],[454,455,456],[453,466,467],[452,469,470],[451,463,464],[450,487,488],[449,484,485],[448,481,482],[475,476,484],[478,479,487],
[472,473,481],[453,466,522],[451,463,521],[452,469,520],[454,455,491],[457,458,492],[460,461,490],[448,472,481],[450,478,487],[449,475,484],
[447,469,493],[446,466,494],[445,463,495],[443,444,472],[441,442,478],[439,440,475],[442,491,493],[440,490,494],[444,492,495],[438,443,444],
[437,439,440],[436,441,442],[442,447,493],[444,445,495],[440,446,494],[446,466,522],[447,469,520],[445,463,521],[444,448,472],[440,449,475],
[442,450,478],[444,457,492],[440,460,490],[442,454,491],[435,517,518],[434,517,519],[433,518,519],[518,522,532],[517,520,529],[519,521,526],
[431,432,437],[429,430,436],[427,428,438],[426,435,517],[425,434,519],[424,433,518],[435,518,532],[433,519,526],[434,517,529],[446,518,522],
[445,519,521],[447,517,520],[444,448,457],[442,450,454],[440,449,460],[437,440,446],[436,442,447],[438,444,445],[421,422,423],[418,419,420],
[415,416,417],[414,448,457],[413,449,460],[412,450,454],[411,435,532],[410,434,529],[409,433,526],[431,437,446],[427,438,445],[429,436,447],
[424,446,518],[426,447,517],[425,445,519],[501,525,554],[499,523,555],[500,524,553],[408,522,533],[407,520,530],[406,521,527],[404,405,422],
[402,403,416],[400,401,419],[398,399,525],[396,397,523],[394,395,524],[392,393,496],[390,391,497],[388,389,498],[387,495,501],[386,493,500],
[385,494,499],[384,492,498],[383,490,497],[382,491,496],[381,469,493],[380,463,495],[379,466,494],[406,479,480],[408,473,474],[407,476,477],
[469,471,547],[463,465,548],[466,468,549],[378,453,522],[377,452,520],[376,451,521],[375,458,492],[374,461,490],[373,455,491],[406,432,437],
[407,428,438],[408,430,436],[371,372,545],[369,370,539],[367,368,542],[365,366,423],[363,364,420],[361,362,417],[358,359,360],[355,356,357],
[352,353,354],[375,458,535],[374,461,537],[373,455,536],[351,378,453],[350,376,451],[349,377,452],[348,471,547],[347,468,549],[346,465,548],
[345,406,479],[344,407,476],[343,408,473],[406,437,480],[408,436,474],[407,438,477],[381,469,547],[379,466,549],[380,463,548],[375,384,492],
[373,382,491],[374,383,490],[381,386,493],[379,385,494],[380,387,495],[404,422,574],[400,419,577],[402,416,580],[342,398,525],[341,394,524],
[340,396,523],[339,388,498],[338,390,497],[337,392,496],[406,432,527],[407,428,530],[408,430,533],[378,408,522],[376,406,521],[377,407,520],
[387,501,554],[386,500,553],[385,499,555],[382,393,496],[384,389,498],[383,391,497],[399,501,525],[395,500,524],[397,499,523],[336,414,448],
[335,412,450],[334,413,449],[333,409,433],[332,411,435],[331,410,434],[405,421,422],[403,415,416],[401,418,419],[424,431,446],[425,427,445],
[426,429,447],[341,549,573],[342,547,571],[340,548,572],[329,330,411],[327,328,409],[325,326,410],[324,547,594],[323,548,593],[322,549,592],
[321,537,574],[320,535,577],[319,536,580],[318,321,546],[317,320,543],[316,319,540],[315,322,507],[314,324,505],[313,323,506],[504,538,539],
[502,541,542],[503,544,545],[485,541,543],[482,538,540],[488,544,546],[312,532,534],[311,526,528],[310,529,531],[403,554,569],[405,553,566],
[401,555,563],[459,552,570],[456,551,567],[462,550,564],[309,537,575],[308,536,581],[307,535,578],[306,530,531],[305,527,528],[304,533,534],
[392,393,531],[388,389,528],[390,391,534],[303,501,505],[302,500,507],[301,499,506],[300,498,502],[299,496,504],[298,497,503],[297,449,485],
[296,448,482],[295,450,488],[294,457,459],[293,454,456],[292,460,462],[351,461,462],[349,455,456],[350,458,459],[291,437,439],[290,436,441],
[289,438,443],[288,414,457],[287,413,460],[286,412,454],[285,411,532],[284,409,526],[283,410,529],[389,422,423],[391,416,417],[393,419,420],
[421,423,554],[415,417,555],[418,420,553],[282,531,581],[281,528,578],[280,534,575],[326,359,381],[330,356,379],[328,353,380],[279,306,328],
[278,305,330],[277,304,326],[276,350,550],[275,351,551],[274,349,552],[273,375,561],[272,374,559],[271,373,560],[270,273,561],[269,272,559],
[268,271,560],[267,273,375],[266,271,373],[265,272,374],[264,276,350],[263,274,349],[262,275,351],[279,328,353],[277,326,359],[278,330,356],
[261,285,411],[260,283,410],[259,284,409],[258,288,414],[257,286,412],[256,287,413],[289,396,443],[290,398,441],[291,394,439],[350,458,550],
[351,461,551],[349,455,552],[288,294,457],[287,292,460],[286,293,454],[282,392,531],[280,390,534],[281,388,528],[306,327,328],[304,325,326],
[305,329,330],[278,305,527],[277,304,533],[279,306,530],[282,308,581],[280,309,575],[281,307,578],[306,531,581],[304,534,575],[305,528,578],
[274,459,552],[276,462,550],[275,456,551],[403,423,554],[401,417,555],[405,420,553],[285,312,532],[283,310,529],[284,311,526],[294,459,570],
[292,462,564],[293,456,567],[297,485,541],[296,482,538],[295,488,544],[300,502,541],[298,503,544],[299,504,538],[302,315,507],[301,313,506],
[303,314,505],[312,391,534],[310,393,531],[311,389,528],[318,321,537],[316,319,536],[317,320,535],[313,323,593],[315,322,592],[314,324,594],
[316,482,540],[318,488,546],[317,485,543],[358,359,381],[352,353,380],[355,356,379],[365,389,423],[361,391,417],[363,393,420],[369,504,539],
[371,503,545],[367,502,542],[426,429,582],[424,431,576],[425,427,579],[405,421,566],[401,418,563],[403,415,569],[326,331,410],[328,333,409],
[330,332,411],[297,334,449],[295,335,450],[296,336,448],[303,399,501],[301,397,499],[302,395,500],[383,391,416],[382,393,419],[384,389,422],
[387,421,554],[386,418,553],[385,415,555],[255,432,527],[254,430,533],[253,428,530],[321,422,574],[319,416,580],[320,419,577],[341,394,573],
[340,396,572],[342,398,571],[300,339,498],[299,337,496],[298,338,497],[326,381,386],[328,380,387],[330,379,385],[375,384,561],[374,383,559],
[373,382,560],[342,381,547],[340,380,548],[341,379,549],[291,437,480],[289,438,477],[290,436,474],[323,346,548],[322,347,549],[324,348,547],
[349,377,456],[350,376,459],[351,378,462],[309,461,537],[307,458,535],[308,455,536],[343,378,408],[344,377,407],[345,376,406],[252,556,557],
[251,556,558],[250,557,558],[249,581,582],[248,575,576],[247,578,579],[245,246,421],[243,244,418],[241,242,415],[240,250,254],[239,252,253],
[238,251,255],[237,561,589],[236,559,586],[235,560,583],[234,334,583],[233,335,589],[232,336,586],[231,256,322],[230,258,323],[229,257,324],
[228,329,513],[227,325,516],[226,327,510],[224,225,489],[222,223,486],[220,221,483],[219,221,367],[218,225,369],[217,223,371],[216,573,593],
[215,571,592],[214,572,594],[212,213,414],[210,211,413],[208,209,412],[206,207,282],[204,205,280],[202,203,281],[200,201,240],[198,199,239],
[196,197,238],[195,561,590],[194,559,587],[193,560,584],[192,563,564],[191,569,570],[190,566,567],[189,525,568],[188,523,562],[187,524,565],
[186,329,411],[185,327,409],[184,325,410],[183,322,507],[182,323,506],[181,324,505],[180,507,512],[179,506,509],[178,505,515],[177,504,513],
[176,502,516],[175,503,510],[174,485,486],[173,482,483],[172,488,489],[427,428,541],[429,430,538],[431,432,544],[353,372,545],[359,368,542],
[356,370,539],[171,371,372],[170,367,368],[169,369,370],[345,366,423],[343,362,417],[344,364,420],[216,359,360],[215,353,354],[214,356,357],
[315,335,412],[313,334,413],[314,336,414],[312,342,525],[310,340,523],[311,341,524],[282,338,390],[281,337,392],[280,339,388],[189,346,465],
[187,348,471],[188,347,468],[288,351,453],[287,349,452],[286,350,451],[168,375,535],[167,373,536],[166,374,537],[231,570,590],[229,564,587],
[230,567,584],[252,368,512],[251,372,515],[250,370,509],[186,239,338],[185,240,339],[184,238,337],[165,186,191],[164,185,190],[163,184,192],
[162,399,591],[161,397,588],[160,395,585],[159,162,591],[158,160,585],[157,161,588],[156,162,399],[155,160,395],[154,161,397],[164,185,240],
[163,184,238],[165,186,239],[188,267,468],[189,266,465],[187,265,471],[170,252,368],[169,250,370],[171,251,372],[214,356,539],[215,353,545],
[216,359,542],[178,372,515],[179,370,509],[180,368,512],[180,183,507],[178,181,505],[179,182,506],[186,191,329],[184,192,325],[185,190,327],
[195,231,590],[194,229,587],[193,230,584],[191,570,590],[190,567,584],[192,564,587],[200,240,339],[196,238,337],[198,239,338],[163,192,563],
[164,190,566],[165,191,569],[202,281,392],[206,282,390],[204,280,388],[210,313,413],[212,314,414],[208,315,412],[216,360,573],[214,357,572],
[215,354,571],[169,218,369],[171,217,371],[170,219,367],[174,222,486],[172,224,489],[173,220,483],[177,228,513],[175,226,510],[176,227,516],
[183,231,322],[181,229,324],[182,230,323],[189,346,568],[188,347,562],[187,348,565],[189,312,525],[187,311,524],[188,310,523],[252,512,556],
[250,509,557],[251,515,558],[237,335,589],[236,336,586],[235,334,583],[225,369,489],[223,371,486],[221,367,483],[201,240,254],[197,238,255],
[199,239,253],[238,251,556],[240,250,558],[239,252,557],[228,305,329],[226,306,327],[227,304,325],[345,366,376],[343,362,378],[344,364,377],
[258,323,346],[257,324,348],[256,322,347],[222,291,480],[224,290,474],[220,289,477],[195,384,561],[193,382,560],[194,383,559],[186,298,338],
[185,300,339],[184,299,337],[245,387,421],[241,385,415],[243,386,418],[303,399,591],[302,395,585],[301,397,588],[234,297,334],[232,296,336],
[233,295,335],[246,421,566],[242,415,569],[244,418,563],[247,427,579],[248,431,576],[249,429,582],[177,369,504],[175,371,503],[176,367,502],
[172,318,488],[174,317,485],[173,316,482],[216,313,593],[214,314,594],[215,315,592],[166,318,537],[168,317,535],[167,316,536],[302,315,335],
[303,314,336],[301,313,334],[298,432,544],[300,428,541],[299,430,538],[297,427,541],[295,431,544],[296,429,538],[231,294,570],[230,293,567],
[229,292,564],[285,312,342],[284,311,341],[283,310,340],[345,403,423],[344,405,420],[343,401,417],[282,308,338],[280,309,339],[281,307,337],
[249,306,581],[247,305,578],[248,304,575],[207,282,392],[203,281,388],[205,280,390],[288,294,453],[286,293,451],[287,292,452],[213,258,414],
[209,257,412],[211,256,413],[186,261,411],[185,259,409],[184,260,410],[279,353,372],[278,356,370],[277,359,368],[168,267,375],[166,265,374],
[167,266,373],[237,270,561],[235,268,560],[236,269,559],[264,286,350],[262,288,351],[263,287,349],[321,384,422],[320,382,419],[319,383,416],
[328,333,387],[330,332,385],[326,331,386],[342,358,381],[341,355,379],[340,352,380],[312,361,391],[311,365,389],[310,363,393],[275,377,456],
[276,378,462],[274,376,459],[255,278,527],[253,279,530],[254,277,533],[308,455,552],[307,458,550],[309,461,551],[291,394,573],[289,396,572],
[290,398,571],[153,590,591],[152,584,585],[151,587,588],[150,589,591],[149,583,585],[148,586,588],[146,147,225],[144,145,223],[142,143,221],
[141,232,467],[140,234,470],[139,233,464],[137,138,273],[135,136,271],[133,134,272],[132,545,546],[131,539,540],[130,542,543],[129,552,568],
[128,550,562],[127,551,565],[126,243,244],[125,241,242],[124,245,246],[123,251,255],[122,250,254],[121,252,253],[232,270,586],[234,269,583],
[233,268,589],[120,229,257],[119,231,256],[118,230,258],[117,329,513],[116,327,510],[115,325,516],[183,224,225],[181,220,221],[182,222,223],
[219,221,244],[217,223,246],[218,225,242],[132,206,207],[131,202,203],[130,204,205],[125,404,405],[124,400,401],[126,402,403],[114,394,395],
[113,396,397],[112,398,399],[111,512,513],[110,509,510],[109,515,516],[318,476,484],[316,479,487],[317,473,481],[108,453,467],[107,451,464],
[106,452,470],[105,255,432],[104,253,428],[103,254,430],[102,426,582],[101,425,579],[100,424,576],[218,396,443],[219,394,439],[217,398,441],
[123,257,286],[122,258,288],[121,256,287],[227,270,273],[228,268,271],[226,269,272],[206,267,273],[202,265,272],[204,266,271],[99,102,582],
[98,101,579],[97,100,576],[96,101,425],[95,100,424],[94,102,426],[114,219,394],[112,217,398],[113,218,396],[132,206,267],[130,204,266],
[131,202,265],[111,117,513],[109,115,516],[110,116,510],[120,123,257],[119,121,256],[118,122,258],[105,123,255],[104,121,253],[103,122,254],
[124,245,400],[126,243,402],[125,241,404],[126,219,244],[124,217,246],[125,218,242],[132,207,546],[130,205,543],[131,203,540],[137,206,273],
[133,202,272],[135,204,271],[138,227,273],[134,226,272],[136,228,271],[108,141,467],[107,139,464],[106,140,470],[146,225,242],[142,221,244],
[144,223,246],[147,183,225],[145,182,223],[143,181,221],[150,268,589],[148,270,586],[149,269,583],[129,308,552],[127,309,551],[128,307,550],
[123,264,286],[121,263,287],[122,262,288],[232,237,270],[233,235,268],[234,236,269],[108,294,453],[106,292,452],[107,293,451],[126,345,403],
[124,343,401],[125,344,405],[119,231,294],[120,229,292],[118,230,293],[105,298,432],[103,299,430],[104,300,428],[167,316,479],[168,317,473],
[166,318,476],[172,318,484],[174,317,481],[173,316,487],[141,232,296],[139,233,295],[140,234,297],[152,302,585],[151,301,588],[153,303,591],
[111,512,556],[109,515,558],[110,509,557],[129,346,568],[128,347,562],[127,348,565],[177,228,268],[176,227,270],[175,226,269],[169,218,443],
[170,219,439],[171,217,441],[153,191,590],[151,192,587],[152,190,584],[117,191,329],[115,192,325],[116,190,327],[180,183,224],[179,182,222],
[178,181,220],[130,216,542],[132,215,545],[131,214,539],[123,171,251],[121,170,252],[122,169,250],[114,155,395],[113,154,397],[112,156,399],
[150,159,591],[148,157,588],[149,158,585],[227,248,304],[226,249,306],[228,247,305],[285,342,358],[283,340,352],[284,341,355],[247,297,427],
[249,296,429],[248,295,431],[245,333,387],[243,331,386],[241,332,385],[186,261,298],[184,260,299],[185,259,300],[195,321,384],[194,319,383],
[193,320,382],[213,258,346],[211,256,347],[209,257,348],[274,366,376],[275,364,377],[276,362,378],[199,253,279],[201,254,277],[197,255,278],
[177,369,489],[176,367,483],[175,371,486],[237,302,335],[235,301,334],[236,303,336],[189,312,361],[188,310,363],[187,311,365],[174,222,480],
[173,220,477],[172,224,474],[291,360,573],[290,354,571],[289,357,572],[210,216,313],[208,215,315],[212,214,314],[202,207,392],[205,206,390],
[203,204,388],[165,242,569],[163,244,563],[164,246,566],[198,308,338],[200,309,339],[196,307,337],[183,195,231],[182,193,230],[181,194,229],
[178,279,372],[180,277,368],[179,278,370],[168,267,468],[166,265,471],[167,266,465],[163,238,556],[165,239,557],[164,240,558],[92,93,241],
[90,91,245],[88,89,243],[87,580,582],[86,574,576],[85,577,579],[83,84,160],[81,82,161],[79,80,162],[78,232,467],[77,233,464],
[76,234,470],[75,321,546],[74,320,543],[73,319,540],[72,441,478],[71,439,475],[70,443,472],[69,484,486],[68,481,483],[67,487,489],
[66,478,480],[65,472,474],[64,475,477],[63,470,471],[62,464,465],[61,467,468],[60,425,434],[59,424,433],[58,426,435],[155,333,433],
[154,331,434],[156,332,435],[159,404,574],[157,402,580],[158,400,577],[57,345,479],[56,343,473],[55,344,476],[54,224,290],[53,222,291],
[52,220,289],[51,189,266],[50,188,267],[49,187,265],[117,158,160],[115,159,162],[116,157,161],[108,155,160],[107,154,161],[106,156,162],
[58,156,435],[59,155,433],[60,154,434],[64,71,475],[65,70,472],[66,72,478],[63,76,470],[61,78,467],[62,77,464],[81,107,161],
[79,106,162],[83,108,160],[84,117,160],[82,116,161],[80,115,162],[87,157,580],[85,158,577],[86,159,574],[62,167,465],[61,168,468],
[63,166,471],[53,291,360],[52,289,357],[54,290,354],[65,172,474],[64,173,477],[66,174,480],[51,189,361],[49,187,365],[50,188,363],
[67,177,489],[69,175,486],[68,176,483],[48,276,362],[47,275,364],[46,274,366],[75,195,321],[73,194,319],[74,193,320],[90,245,333],
[92,241,332],[88,243,331],[45,285,358],[44,284,355],[43,283,352],[150,159,404],[149,158,400],[148,157,402],[114,155,333],[112,156,332],
[113,154,331],[54,180,224],[53,179,222],[52,178,220],[72,171,441],[70,169,443],[71,170,439],[69,172,484],[67,173,487],[68,174,481],
[57,167,479],[55,166,476],[56,168,473],[57,126,345],[55,125,344],[56,124,343],[78,232,237],[76,234,236],[77,233,235],[108,141,155],
[106,140,156],[107,139,154],[75,207,546],[73,203,540],[74,205,543],[93,241,404],[91,245,400],[89,243,402],[111,117,158],[110,116,157],
[109,115,159],[51,130,266],[49,131,265],[50,132,267],[60,96,425],[58,94,426],[59,95,424],[85,98,579],[86,97,576],[87,99,582],
[129,198,308],[128,196,307],[127,200,309],[180,201,277],[179,197,278],[178,199,279],[130,210,216],[131,212,214],[132,208,215],[117,153,191],
[116,152,190],[115,151,192],[129,213,346],[127,209,348],[128,211,347],[111,163,556],[109,164,558],[110,165,557],[152,237,302],[153,236,303],
[151,235,301],[139,248,295],[140,247,297],[141,249,296],[105,261,298],[104,259,300],[103,260,299],[108,119,294],[107,118,293],[106,120,292],
[150,177,268],[149,175,269],[148,176,270],[147,183,195],[143,181,194],[145,182,193],[142,163,244],[144,164,246],[146,165,242],[138,227,248],
[136,228,247],[134,226,249],[133,202,207],[135,203,204],[137,205,206],[105,123,264],[103,122,262],[104,121,263],[120,123,171],[118,122,169],
[119,121,170],[114,126,219],[113,125,218],[112,124,217],[42,51,54],[41,49,53],[40,50,52],[38,39,129],[36,37,127],[34,35,128],
[32,33,104],[30,31,103],[28,29,105],[26,27,102],[24,25,101],[22,23,100],[96,261,285],[94,259,284],[95,260,283],[98,264,276],
[97,262,275],[99,263,274],[66,99,102],[64,97,100],[65,98,101],[63,96,101],[61,94,102],[62,95,100],[24,63,101],[26,61,102],
[22,62,100],[27,66,102],[25,65,101],[23,64,100],[28,105,264],[32,104,263],[30,103,262],[29,105,261],[31,103,260],[33,104,259],
[38,129,213],[34,128,211],[36,127,209],[39,129,198],[37,127,200],[35,128,196],[85,98,264],[87,99,263],[86,97,262],[60,96,261],
[59,95,260],[58,94,259],[45,96,285],[43,95,283],[44,94,284],[48,98,276],[46,99,274],[47,97,275],[42,51,361],[40,50,363],
[41,49,365],[41,53,360],[42,54,354],[40,52,357],[63,76,96],[62,77,95],[61,78,94],[65,70,98],[66,72,99],[64,71,97],
[138,139,248],[134,141,249],[136,140,247],[111,142,163],[110,146,165],[109,144,164],[51,130,210],[50,132,208],[49,131,212],[73,135,203],
[74,137,205],[75,133,207],[78,152,237],[77,151,235],[76,153,236],[57,114,126],[56,112,124],[55,113,125],[55,63,166],[56,61,168],
[57,62,167],[72,120,171],[71,119,170],[70,118,169],[54,180,201],[52,178,199],[53,179,197],[93,150,404],[89,148,402],[91,149,400],
[90,114,333],[88,113,331],[92,112,332],[75,147,195],[74,145,193],[73,143,194],[67,150,177],[68,148,176],[69,149,175],[65,69,172],
[66,68,174],[64,67,173],[85,111,158],[87,110,157],[86,109,159],[84,117,153],[80,115,151],[82,116,152],[83,108,119],[79,106,120],
[81,107,118],[60,139,154],[59,141,155],[58,140,156],[21,51,54],[20,50,52],[19,49,53],[34,35,75],[38,39,74],[36,37,73],
[18,365,366],[17,361,362],[16,363,364],[15,358,360],[14,352,354],[13,355,357],[34,43,352],[38,45,358],[36,44,355],[35,46,366],
[37,48,362],[39,47,364],[14,34,352],[13,36,355],[15,38,358],[18,35,366],[16,39,364],[17,37,362],[35,75,147],[37,73,143],
[39,74,145],[21,54,201],[19,53,197],[20,52,199],[36,73,135],[34,75,133],[38,74,137],[21,51,210],[19,49,212],[20,50,208],
[15,41,360],[14,42,354],[13,40,357],[18,41,365],[17,42,361],[16,40,363],[37,48,200],[35,46,196],[39,47,198],[38,45,213],
[36,44,209],[34,43,211],[60,138,139],[58,136,140],[59,134,141],[67,93,150],[69,91,149],[68,89,148],[70,81,118],[72,79,120],
[71,83,119],[55,88,113],[57,90,114],[56,92,112],[76,84,153],[78,82,152],[77,80,151],[85,111,142],[86,109,144],[87,110,146],
[48,70,98],[46,72,99],[47,71,97],[45,76,96],[44,78,94],[43,77,95],[29,60,261],[33,58,259],[31,59,260],[28,85,264],
[30,86,262],[32,87,263],[23,64,67],[25,65,69],[27,66,68],[24,55,63],[22,57,62],[26,56,61],[42,90,91],[41,88,89],
[40,92,93],[12,212,213],[11,208,209],[10,210,211],[9,200,201],[8,196,197],[7,198,199],[12,45,213],[10,43,211],[11,44,209],
[9,48,200],[7,47,198],[8,46,196],[18,41,88],[16,40,92],[17,42,90],[13,40,93],[15,41,89],[14,42,91],[10,21,210],
[11,20,208],[12,19,212],[9,21,201],[7,20,199],[8,19,197],[29,60,138],[31,59,134],[33,58,136],[28,85,142],[32,87,146],
[30,86,144],[45,76,84],[43,77,80],[44,78,82],[24,55,88],[26,56,92],[22,57,90],[48,70,81],[47,71,83],[46,72,79],
[23,67,93],[27,68,89],[25,69,91],[18,35,147],[17,37,143],[16,39,145],[15,38,137],[13,36,135],[14,34,133],[21,32,33],
[20,28,29],[19,30,31],[6,146,147],[5,142,143],[4,144,145],[3,137,138],[2,133,134],[1,135,136],[1,33,136],[2,31,134],
[3,29,138],[1,13,135],[2,14,133],[3,15,137],[6,18,147],[4,16,145],[5,17,143],[6,32,146],[4,30,144],[5,28,142],
[9,21,32],[8,19,30],[7,20,28],[10,21,33],[12,19,31],[11,20,29],[13,23,93],[14,25,91],[15,27,89],[18,24,88],
[17,22,90],[16,26,92],[9,48,81],[8,46,79],[7,47,83],[12,45,84],[11,44,82],[10,43,80],[79,80,597],[83,84,595],
[81,82,596],[10,80,597],[11,82,596],[12,84,595],[9,81,596],[7,83,595],[8,79,597],[1,10,33],[3,11,29],[2,12,31],
[6,9,32],[5,7,28],[4,8,30],[6,18,24],[5,17,22],[4,16,26],[1,13,23],[3,15,27],[2,14,25],[22,23,598],
[24,25,600],[26,27,599],[1,23,598],[3,27,599],[2,25,600],[6,24,600],[4,26,599],[5,22,598],[6,9,596],[4,8,597],
[5,7,595],[1,10,597],[2,12,595],[3,11,596],[1,597,598],[3,596,599],[2,595,600],[6,596,600],[5,595,598],[4,597,599]];
###############################################################

