#SurfaceInfo: 1029 Vertices, 7203 Edges, 4802 Faces, IsOrientable=true
 #Vertices of faces:
vof1:=[[1027,1028,1029],[1026,1027,1028],[1025,1027,1029],[1024,1028,1029],[1021,1022,1023],[1018,1019,1020],[1015,1016,1017],[1012,1013,1014],[1009,1010,1011],[1006,1007,1008\
],
[1003,1004,1005],[1000,1001,1002],[997,998,999],[996,1021,1022],[995,1015,1016],[994,1018,1019],[991,992,993],[988,989,990],[985,986,987],[982,983,984],
[979,980,981],[976,977,978],[973,974,975],[970,971,972],[967,968,969],[966,1000,1001],[965,1003,1004],[964,997,998],[961,962,963],[958,959,960],
[955,956,957],[952,953,954],[949,950,951],[946,947,948],[944,945,953],[942,943,947],[940,941,950],[939,994,1018],[938,996,1021],[937,995,1015],
[936,1012,1013],[935,1006,1007],[934,1009,1010],[933,1001,1002],[932,998,999],[931,1004,1005],[928,929,930],[925,926,927],[922,923,924],[919,920,921],
[916,917,918],[913,914,915],[944,952,953],[942,946,947],[940,949,950],[911,912,978],[909,910,981],[907,908,984],[906,973,974],[905,967,968],
[904,970,971],[901,902,903],[898,899,900],[895,896,897],[893,894,940],[891,892,942],[889,890,944],[886,887,888],[883,884,885],[880,881,882],
[879,947,948],[878,953,954],[877,950,951],[876,966,1000],[875,964,997],[874,965,1003],[871,872,873],[868,869,870],[865,866,867],[862,863,864],
[859,860,861],[856,857,858],[855,974,975],[854,968,969],[853,971,972],[850,851,852],[847,848,849],[844,845,846],[843,1022,1023],[842,1016,1017],
[841,1019,1020],[838,839,840],[835,836,837],[832,833,834],[830,831,1005],[828,829,1002],[826,827,999],[823,824,825],[820,821,822],[817,818,819],
[816,907,908],[815,911,912],[814,909,910],[813,1013,1014],[812,1007,1008],[811,1010,1011],[809,810,1014],[807,808,1008],[805,806,1011],[802,803,804],
[799,800,801],[796,797,798],[793,794,795],[790,791,792],[787,788,789],[784,785,786],[781,782,783],[778,779,780],[775,776,777],[773,774,814],
[771,772,816],[769,770,815],[768,799,800],[767,802,803],[766,796,797],[765,790,791],[764,793,794],[763,787,788],[809,813,1014],[805,811,1011],
[807,812,1008],[762,814,909],[761,815,911],[760,816,907],[805,807,809],[807,809,813],[805,807,812],[805,809,811],[758,759,975],[756,757,972],
[754,755,969],[752,753,782],[750,751,779],[748,749,785],[745,746,747],[742,743,744],[739,740,741],[736,737,738],[733,734,735],[730,731,732],
[729,761,911],[728,760,907],[727,762,909],[768,776,799],[766,777,796],[767,775,802],[726,764,793],[725,763,787],[724,765,790],[762,773,814],
[761,769,815],[760,771,816],[723,775,776],[722,775,777],[721,776,777],[720,778,779],[719,784,785],[718,781,782],[716,717,756],[714,715,754],
[712,713,758],[711,900,923],[710,897,929],[709,903,926],[707,708,990],[705,706,993],[703,704,987],[700,701,702],[697,698,699],[694,695,696],
[691,692,693],[688,689,690],[685,686,687],[682,683,684],[679,680,681],[676,677,678],[674,675,878],[672,673,879],[670,671,877],[669,770,947],
[668,772,953],[667,774,950],[666,719,785],[665,718,782],[664,720,779],[663,719,784],[662,718,781],[661,720,778],[660,716,756],[659,714,754],
[658,712,758],[712,713,912],[716,717,910],[714,715,908],[657,723,775],[656,721,776],[655,722,777],[664,758,975],[665,754,969],[666,756,972],
[750,751,793],[748,749,790],[752,753,787],[654,739,740],[653,742,743],[652,745,746],[651,736,737],[650,733,734],[649,730,731],[648,760,771],
[647,762,773],[646,761,769],[645,726,793],[644,724,790],[643,725,787],[642,727,762],[641,728,760],[640,729,761],[723,776,799],[722,775,802],
[721,777,796],[639,807,813],[638,809,811],[637,805,812],[671,826,999],[673,830,1005],[675,828,1002],[634,635,636],[631,632,633],[628,629,630],
[627,698,970],[626,701,967],[625,695,973],[623,624,719],[621,622,718],[619,620,720],[709,722,854],[711,723,853],[710,721,855],[616,617,618],
[613,614,615],[610,611,612],[608,609,697],[606,607,700],[604,605,694],[603,686,821],[602,689,818],[601,692,824],[599,600,760],[597,598,762],
[595,596,761],[594,595,703],[593,599,707],[592,597,705],[591,608,1012],[590,604,1009],[589,606,1006],[588,817,818],[587,820,821],[586,823,824],
[620,835,836],[622,832,833],[624,838,839],[584,585,624],[582,583,622],[580,581,620],[579,615,980],[578,618,983],[577,612,977],[754,823,825],
[758,820,822],[756,817,819],[576,809,810],[575,805,806],[574,807,808],[629,655,794],[635,656,791],[632,657,788],[618,717,756],[615,713,758],
[612,715,754],[657,677,848],[656,680,851],[655,683,845],[575,854,996],[574,853,995],[576,855,994],[571,572,573],[568,569,570],[565,566,567],
[563,564,566],[561,562,569],[559,560,572],[557,558,593],[555,556,592],[553,554,594],[550,551,552],[547,548,549],[544,545,546],[542,543,702],
[540,541,696],[538,539,699],[535,536,537],[532,533,534],[529,530,531],[526,527,528],[523,524,525],[520,521,522],[518,519,743],[516,517,746],
[514,515,740],[512,513,645],[510,511,644],[508,509,643],[506,507,992],[504,505,986],[502,503,989],[501,808,966],[500,806,965],[499,810,964],
[600,655,683],[596,656,680],[598,657,677],[498,854,996],[497,855,994],[496,853,995],[495,574,995],[494,576,994],[493,575,996],[492,589,1006],
[491,591,1012],[490,590,1009],[489,588,817],[488,587,820],[487,586,823],[582,605,622],[580,609,620],[584,607,624],[486,622,832],[485,624,838],
[484,620,835],[671,817,826],[675,823,828],[673,820,830],[634,635,884],[628,629,887],[631,632,881],[483,628,630],[482,634,636],[481,631,633],
[480,673,1005],[479,675,1002],[478,671,999],[477,627,970],[476,625,973],[475,626,967],[627,671,698],[625,673,695],[626,675,701],[474,619,620],
[473,621,622],[472,623,624],[471,721,855],[470,723,853],[469,722,854],[598,610,611],[600,613,614],[596,616,617],[468,758,820],[467,756,817],
[466,754,823],[465,576,810],[464,575,806],[463,574,808],[656,791,851],[657,788,848],[655,794,845],[576,809,855],[574,807,853],[575,805,854],
[615,713,980],[612,715,977],[618,717,983],[615,758,822],[618,756,819],[612,754,825],[599,707,760],[597,705,762],[595,703,761],[591,608,697],
[589,606,700],[590,604,694],[586,692,824],[588,689,818],[587,686,821],[581,620,836],[585,624,839],[583,622,833],[579,614,615],[578,617,618],
[577,611,612],[462,674,878],[461,670,877],[460,672,879],[459,668,953],[458,667,950],[457,669,947],[682,683,845],[676,677,848],[679,680,851],
[607,700,701],[605,694,695],[609,697,698],[601,691,692],[603,685,686],[602,688,689],[594,703,987],[592,705,993],[593,707,990],[710,855,897],
[709,854,903],[711,853,900],[456,637,805],[455,639,807],[454,638,809],[465,723,799],[464,721,796],[463,722,802],[453,640,729],[452,642,727],
[451,641,728],[600,648,760],[596,646,761],[598,647,762],[649,727,730],[651,728,736],[650,729,733],[571,654,739],[565,652,745],[568,653,742],
[632,657,775],[635,656,776],[629,655,777],[450,663,719],[449,661,720],[448,662,718],[715,872,908],[713,869,912],[717,866,910],[622,665,718],
[620,664,720],[624,666,719],[645,750,793],[643,752,787],[644,748,790],[660,666,756],[658,664,758],[659,665,754],[447,588,694],[446,586,697],
[445,587,700],[854,912,978],[853,908,984],[855,910,981],[444,495,843],[443,494,842],[442,493,841],[692,896,949],[689,902,946],[686,899,952],
[441,455,839],[440,456,833],[439,454,836],[883,884,970],[880,881,967],[886,887,973],[438,503,922],[437,505,925],[436,507,928],[435,940,949],
[434,944,952],[433,942,946],[431,432,455],[429,430,456],[427,428,454],[455,905,967],[454,904,970],[456,906,973],[793,855,974],[790,853,971],
[787,854,968],[426,491,636],[425,490,630],[424,492,633],[843,893,940],[841,889,944],[842,891,942],[423,436,698],[422,438,701],[421,437,695],
[548,850,851],[545,847,848],[551,844,845],[774,901,902],[770,898,899],[772,895,896],[419,420,883],[417,418,880],[415,416,886],[555,876,966],
[557,874,965],[553,875,964],[460,862,863],[461,859,860],[462,856,857],[457,630,676],[459,633,679],[458,636,682],[414,855,975],[413,853,972],
[412,854,969],[411,502,654],[410,504,652],[409,506,653],[868,869,874],[871,872,876],[865,866,875],[843,948,1022],[841,951,1019],[842,954,1016],
[407,408,948],[405,406,954],[403,404,951],[558,843,1023],[554,841,1020],[556,842,1017],[437,850,852],[438,844,846],[436,847,849],[402,455,480],
[401,454,479],[400,456,478],[398,399,744],[396,397,747],[394,395,741],[393,879,947],[392,877,950],[391,878,953],[389,390,536],[387,388,533],
[385,386,530],[383,384,573],[381,382,570],[379,380,567],[377,378,834],[375,376,840],[373,374,837],[455,608,609],[454,604,605],[456,606,607],
[579,602,818],[578,601,824],[577,603,821],[473,599,600],[474,595,596],[472,597,598],[701,943,967],[695,941,973],[698,945,970],[621,718,987],
[619,720,993],[623,719,990],[579,709,722],[578,710,721],[577,711,723],[705,765,791],[703,764,794],[707,763,788],[749,773,774],[751,769,770],
[753,771,772],[538,774,814],[540,770,815],[542,772,816],[397,698,699],[395,695,696],[399,701,702],[372,692,693],[371,686,687],[370,689,690],
[369,671,877],[368,675,878],[367,673,879],[719,770,947],[720,772,953],[718,774,950],[669,770,1019],[667,774,1016],[668,772,1022],[533,642,762],
[536,640,761],[530,641,760],[366,751,793],[365,749,790],[364,753,787],[586,666,785],[588,664,779],[587,665,782],[361,362,363],[360,373,416],
[359,377,418],[358,375,420],[377,442,620],[373,443,624],[375,444,622],[380,382,384],[357,579,904],[356,578,905],[355,577,906],[354,419,705],
[353,415,703],[352,417,707],[350,351,774],[348,349,770],[346,347,772],[345,686,766],[344,689,768],[343,692,767],[342,492,843],[341,490,841],
[340,491,842],[339,490,902],[338,491,896],[337,492,899],[347,486,850],[351,485,844],[349,484,847],[336,850,911],[335,847,909],[334,844,907],
[423,535,713],[422,532,717],[421,529,715],[529,827,856],[535,829,862],[532,831,859],[333,372,890],[332,371,892],[331,370,894],[330,514,985],
[329,518,988],[328,516,991],[559,924,1014],[561,930,1011],[563,927,1008],[326,327,937],[324,325,939],[322,323,938],[321,353,738],[320,352,732],
[319,354,735],[316,317,318],[313,314,315],[310,311,312],[309,375,420],[308,373,416],[307,377,418],[359,418,931],[360,416,932],[358,420,933],
[306,361,362],[305,362,363],[304,361,363],[303,444,622],[302,443,624],[301,442,620],[360,373,554],[358,375,556],[359,377,558],[356,860,905],
[357,863,904],[355,857,906],[346,347,749],[350,351,751],[348,349,753],[345,684,766],[343,678,767],[344,681,768],[300,343,692],[299,345,686],
[298,344,689],[297,347,850],[296,349,847],[295,351,844],[334,486,907],[336,484,911],[335,485,909],[423,713,846],[422,717,852],[421,715,849],
[696,829,862],[699,831,859],[702,827,856],[511,535,829],[513,529,827],[509,532,831],[336,486,850],[334,485,844],[335,484,847],[529,715,856],
[532,717,859],[535,713,862],[337,492,843],[338,491,842],[339,490,841],[294,586,785],[293,587,782],[292,588,779],[291,667,1016],[290,668,1022],
[289,669,1019],[288,367,879],[287,368,878],[286,369,877],[285,397,698],[284,399,701],[283,395,695],[372,693,704],[370,690,708],[371,687,706],
[371,686,766],[372,692,767],[370,689,768],[350,538,774],[346,542,772],[348,540,770],[365,749,773],[366,751,769],[364,753,771],[751,770,1019],
[753,772,1022],[749,774,1016],[419,705,765],[417,707,763],[415,703,764],[579,722,904],[577,723,906],[578,721,905],[282,623,990],[281,621,987],
[280,619,993],[408,941,973],[404,945,970],[406,943,967],[279,472,597],[278,474,595],[277,473,599],[276,579,602],[275,578,601],[274,577,603],
[579,709,818],[577,711,821],[578,710,824],[385,386,904],[389,390,905],[387,388,906],[273,842,954],[272,843,948],[271,841,951],[379,380,613],
[381,382,616],[383,384,610],[457,533,676],[458,530,682],[459,536,679],[462,541,856],[460,539,862],[461,543,859],[305,411,654],[304,409,653],
[306,410,652],[555,628,876],[553,631,875],[557,634,874],[270,393,879],[269,391,878],[268,392,877],[377,501,834],[373,500,837],[375,499,840],
[328,558,1023],[330,556,1017],[329,554,1020],[401,409,479],[402,411,480],[400,410,478],[402,868,874],[400,865,875],[401,871,876],[267,437,850],
[266,436,847],[265,438,844],[405,406,982],[407,408,976],[403,404,979],[264,396,397],[263,398,399],[262,394,395],[412,585,969],[413,581,972],
[414,583,975],[380,384,567],[380,382,570],[382,384,573],[377,378,442],[375,376,444],[373,374,443],[353,415,416],[354,419,420],[352,417,418],
[351,774,901],[347,772,895],[349,770,898],[548,850,911],[551,844,907],[545,847,909],[423,535,698],[421,529,695],[422,532,701],[342,843,893],
[340,842,891],[341,841,889],[337,770,899],[339,774,902],[338,772,896],[491,636,896],[492,633,899],[490,630,902],[366,793,974],[365,790,971],
[364,787,968],[386,530,760],[390,536,761],[388,533,762],[393,719,947],[392,718,950],[391,720,953],[399,702,744],[395,696,741],[397,699,747],
[455,608,905],[456,606,906],[454,604,904],[455,480,609],[456,478,607],[454,479,605],[431,455,967],[427,454,970],[429,456,973],[435,843,940],
[433,842,942],[434,841,944],[416,886,973],[420,883,970],[418,880,967],[432,455,839],[428,454,836],[430,456,833],[421,437,505],[423,436,507],
[422,438,503],[435,896,949],[433,902,946],[434,899,952],[444,558,843],[443,556,842],[442,554,841],[436,849,928],[437,852,925],[438,846,922],
[407,948,1022],[403,951,1019],[405,954,1016],[425,479,675],[426,480,673],[424,478,671],[369,671,698],[367,673,695],[368,675,701],[425,483,630],
[424,481,633],[426,482,636],[477,884,970],[476,887,973],[475,881,967],[586,660,666],[587,659,665],[588,658,664],[281,645,750],[280,644,748],
[282,643,752],[375,622,665],[373,624,666],[377,620,664],[869,874,912],[866,875,910],[872,876,908],[450,719,770],[448,718,774],[449,720,772],
[502,571,654],[506,568,653],[504,565,652],[440,456,637],[441,455,639],[439,454,638],[469,854,978],[471,855,981],[470,853,984],[413,853,900],
[412,854,903],[414,855,897],[594,718,987],[593,719,990],[592,720,993],[601,691,900],[602,688,897],[603,685,903],[607,701,943],[605,695,941],
[609,698,945],[636,682,845],[630,676,848],[633,679,851],[459,668,978],[457,669,981],[458,667,984],[460,863,879],[462,857,878],[461,860,877],
[357,579,614],[355,577,611],[356,578,617],[340,491,591],[341,490,590],[342,492,589],[489,588,694],[488,587,700],[487,586,697],[347,486,832],
[349,484,835],[351,485,838],[447,590,694],[445,589,700],[446,591,697],[586,692,949],[587,686,952],[588,689,946],[380,583,833],[384,585,839],
[382,581,836],[354,705,762],[352,707,760],[353,703,761],[713,932,980],[717,933,983],[715,931,977],[453,615,822],[451,612,825],[452,618,819],
[793,809,855],[787,805,854],[790,807,853],[705,791,851],[707,788,848],[703,794,845],[495,574,843],[493,575,841],[494,576,842],[498,854,912],
[497,855,910],[496,853,908],[473,600,683],[472,598,677],[474,596,680],[261,518,743],[260,514,740],[259,516,746],[258,500,806],[257,501,808],
[256,499,810],[264,506,992],[263,502,989],[262,504,986],[508,509,966],[510,511,964],[512,513,965],[255,520,521],[254,523,524],[253,526,527],
[529,530,641],[532,533,642],[535,536,640],[538,699,814],[542,702,816],[540,696,815],[544,545,848],[550,551,845],[547,548,851],[555,592,966],
[553,594,964],[557,593,965],[629,777,887],[632,775,881],[635,776,884],[453,729,733],[451,728,736],[452,727,730],[600,613,648],[598,610,647],
[596,616,646],[473,605,622],[472,607,624],[474,609,620],[467,671,817],[466,675,823],[468,673,820],[464,575,721],[463,574,722],[465,576,723],
[559,571,572],[561,568,569],[563,565,566],[300,590,727],[298,589,729],[299,591,728],[939,1001,1018],[937,1004,1015],[938,998,1021],[252,765,802],
[251,763,796],[250,764,799],[248,249,914],[246,247,920],[244,245,917],[241,242,243],[238,239,240],[235,236,237],[363,835,962],[362,838,959],
[361,832,956],[234,936,1012],[233,934,1009],[232,935,1006],[234,830,831],[233,828,829],[232,826,827],[230,231,552],[228,229,549],[226,227,546],
[225,231,916],[224,229,913],[223,227,919],[306,922,923],[305,928,929],[304,925,926],[423,836,837],[421,833,834],[422,839,840],[221,222,766],
[219,220,768],[217,218,767],[410,647,856],[411,646,859],[409,648,862],[599,835,837],[597,832,834],[595,838,840],[216,973,975],[215,967,969],
[214,970,972],[571,827,999],[568,831,1005],[565,829,1002],[242,943,947],[236,941,950],[239,945,953],[213,393,483],[212,392,482],[211,391,481],
[210,237,352],[209,240,353],[208,243,354],[209,401,934],[210,400,935],[208,402,936],[637,869,893],[638,866,889],[639,872,891],[207,231,809],
[206,229,807],[205,227,805],[458,678,731],[457,681,734],[459,684,737],[204,944,945],[203,940,941],[202,942,943],[201,937,995],[200,938,996],
[199,939,994],[249,933,1002],[247,931,1005],[245,932,999],[198,489,519],[197,487,515],[196,488,517],[793,795,884],[787,789,887],[790,792,881],
[195,882,1010],[194,888,1013],[193,885,1007],[192,555,1013],[191,557,1007],[190,553,1010],[189,552,1003],[188,549,997],[187,546,1000],[186,564,572],
[185,560,569],[184,562,566],[232,966,1001],[234,964,998],[233,965,1004],[711,794,795],[710,788,789],[709,791,792],[183,803,804],[182,800,801],
[181,797,798],[180,291,661],[179,290,663],[178,289,662],[177,589,895],[176,591,901],[175,590,898],[174,282,363],[173,281,362],[172,280,361],
[170,171,185],[168,169,184],[166,167,186],[165,961,962],[164,955,956],[163,958,959],[162,929,930],[161,923,924],[160,926,927],[258,922,924],
[257,928,930],[256,925,927],[202,916,917],[203,913,914],[204,919,920],[834,916,918],[837,913,915],[840,919,921],[934,952,954],[936,946,948],
[935,949,951],[240,936,1013],[243,935,1007],[237,934,1010],[317,920,921],[311,914,915],[314,917,918],[308,933,1001],[309,931,1004],[307,932,998],
[159,802,804],[158,796,798],[157,799,801],[156,223,470],[155,224,471],[154,225,469],[432,692,896],[428,689,902],[430,686,899],[426,491,744],
[424,492,741],[425,490,747],[443,494,552],[442,493,546],[444,495,549],[441,614,839],[439,611,836],[440,617,833],[503,786,922],[507,780,928],
[505,783,925],[153,437,695],[152,436,698],[151,438,701],[431,432,642],[429,430,641],[427,428,640],[179,411,502],[180,409,506],[178,410,504],
[366,378,834],[365,374,837],[364,376,840],[222,398,744],[220,394,741],[218,396,747],[266,402,455],[265,400,456],[267,401,454],[457,630,742],
[458,636,739],[459,633,745],[759,924,975],[755,930,969],[757,927,972],[756,757,846],[754,755,852],[758,759,849],[150,742,744],[149,739,741],
[148,745,747],[568,730,732],[565,733,735],[571,736,738],[225,743,744],[224,740,741],[223,746,747],[734,735,784],[731,732,781],[737,738,778],
[725,763,857],[724,765,860],[726,764,863],[282,727,909],[280,729,911],[281,728,907],[483,563,628],[481,559,631],[482,561,634],[634,884,947],
[631,881,950],[628,887,953],[471,817,826],[469,820,830],[470,823,828],[558,625,673],[556,626,675],[554,627,671],[209,475,626],[210,477,627],
[208,476,625],[473,621,927],[472,623,924],[474,619,930],[168,715,872],[166,717,866],[170,713,869],[448,607,662],[450,609,663],[449,605,661],
[147,571,739],[146,568,742],[145,565,745],[144,454,809],[143,455,807],[142,456,805],[263,471,721],[264,469,722],[262,470,723],[141,459,953],
[140,457,947],[139,458,950],[176,489,817],[177,487,823],[175,488,820],[485,624,941],[484,620,943],[486,622,945],[261,584,607],[260,582,605],
[259,580,609],[464,764,806],[463,763,808],[465,765,810],[495,566,995],[493,569,996],[494,572,994],[249,596,656],[245,600,655],[247,598,657],
[400,508,643],[401,512,645],[402,510,644],[316,566,567],[313,569,570],[310,572,573],[146,558,593],[147,554,594],[145,556,592],[138,501,966],
[137,500,965],[136,499,964],[519,743,847],[515,740,844],[517,746,850],[518,519,887],[516,517,881],[514,515,884],[195,543,702],[194,541,696],
[193,539,699],[135,557,558],[134,553,554],[133,555,556],[547,549,581],[544,546,585],[550,552,583],[563,564,773],[559,560,769],[561,562,771],
[270,551,552],[269,545,546],[268,548,549],[249,507,992],[247,503,989],[245,505,986],[513,637,645],[509,639,643],[511,638,644],[435,562,569],
[433,564,566],[434,560,572],[274,506,507],[275,504,505],[276,502,503],[132,808,966],[131,810,964],[130,806,965],[318,396,486],[315,398,484],
[312,394,485],[129,760,1015],[128,762,1018],[127,761,1021],[293,405,919],[294,403,913],[292,407,916],[213,641,961],[211,642,955],[212,640,958],
[339,614,815],[338,617,814],[337,611,816],[184,507,704],[186,505,708],[185,503,706],[126,282,745],[125,281,742],[124,280,739],[705,849,940],
[703,852,942],[707,846,944],[167,609,888],[169,607,885],[171,605,882],[177,350,744],[175,346,741],[176,348,747],[390,435,472],[386,433,474],
[388,434,473],[505,792,895],[507,789,898],[503,795,901],[314,342,711],[317,340,710],[311,341,709],[123,438,798],[122,436,804],[121,437,801],
[183,336,509],[181,335,513],[182,334,511],[150,249,513],[148,245,509],[149,247,511],[123,661,710],[121,663,711],[122,662,709],[232,495,594],
[233,493,592],[234,494,593],[120,493,592],[119,494,593],[118,495,594],[123,317,710],[122,311,709],[121,314,711],[123,438,661],[121,437,663],
[122,436,662],[150,181,513],[148,183,509],[149,182,511],[117,132,808],[116,131,810],[115,130,806],[435,472,562],[434,473,560],[433,474,564],
[274,507,898],[276,503,901],[275,505,895],[249,513,637],[247,511,638],[245,509,639],[150,249,656],[149,247,657],[148,245,655],[245,600,986],
[247,598,989],[249,596,992],[234,494,572],[232,495,566],[233,493,569],[140,765,810],[139,763,808],[141,764,806],[260,538,582],[261,540,584],
[259,542,580],[176,238,817],[175,235,820],[177,241,823],[177,487,744],[176,489,747],[175,488,741],[114,147,739],[113,145,745],[112,146,742],
[171,605,661],[167,609,663],[169,607,662],[469,483,830],[470,481,828],[471,482,826],[140,884,947],[139,881,950],[141,887,953],[264,469,820],
[262,470,823],[263,471,817],[465,765,860],[464,764,863],[463,763,857],[171,731,781],[167,737,778],[169,734,784],[225,350,744],[223,348,747],
[224,346,741],[145,565,735],[146,568,732],[147,571,738],[758,849,940],[756,846,944],[754,852,942],[623,759,924],[619,755,930],[621,757,927],
[124,636,739],[126,633,745],[125,630,742],[143,266,455],[142,265,456],[144,267,454],[150,457,742],[148,459,745],[149,458,739],[151,438,864],
[153,437,861],[152,436,858],[429,641,794],[431,642,788],[427,640,791],[440,617,814],[441,614,815],[439,611,816],[184,507,780],[185,503,786],
[186,505,783],[212,428,640],[211,432,642],[213,430,641],[270,494,552],[268,495,549],[269,493,546],[150,426,744],[148,425,747],[149,424,741],
[222,491,744],[218,490,747],[220,492,741],[160,626,926],[162,625,929],[161,627,923],[111,256,925],[110,257,928],[109,258,922],[202,414,916],
[204,412,919],[203,413,913],[446,834,916],[445,837,913],[447,840,919],[397,936,946],[399,935,949],[395,934,952],[240,691,1013],[237,688,1010],
[243,685,1007],[108,314,918],[107,311,915],[106,317,921],[105,308,933],[104,307,932],[103,309,931],[159,467,804],[157,468,801],[158,466,798],
[154,469,649],[156,470,650],[155,471,651],[129,1004,1015],[127,998,1021],[128,1001,1018],[223,405,919],[225,407,916],[224,403,913],[165,213,961],
[163,212,958],[164,211,955],[168,184,704],[170,185,706],[166,186,708],[174,282,745],[173,281,742],[172,280,739],[166,167,888],[170,171,882],
[168,169,885],[177,792,895],[176,795,901],[175,789,898],[180,661,710],[178,662,709],[179,663,711],[342,711,794],[341,709,791],[340,710,788],
[121,182,801],[123,181,798],[122,183,804],[182,334,800],[181,335,797],[183,336,803],[232,594,1001],[233,592,1004],[234,593,998],[198,519,847],
[196,517,850],[197,515,844],[519,787,887],[515,793,884],[517,790,881],[193,539,885],[195,543,882],[194,541,888],[133,192,555],[135,191,557],
[134,190,553],[188,549,581],[189,552,583],[187,546,585],[564,572,773],[562,566,771],[560,569,769],[249,507,1002],[245,505,999],[247,503,1005],
[185,435,569],[186,434,572],[184,433,566],[200,569,996],[199,572,994],[201,566,995],[202,484,943],[204,486,945],[203,485,941],[139,458,678],
[141,459,684],[140,457,681],[144,231,809],[142,227,805],[143,229,807],[170,637,869],[168,639,872],[166,638,866],[209,240,626],[208,243,625],
[210,237,627],[209,475,934],[208,476,936],[210,477,935],[393,483,563],[392,482,561],[391,481,559],[236,631,950],[239,628,953],[242,634,947],
[568,730,1005],[565,733,1002],[571,736,999],[223,470,746],[225,469,743],[224,471,740],[216,924,975],[214,927,972],[215,930,969],[178,410,856],
[180,409,862],[179,411,859],[366,597,834],[364,595,840],[365,599,837],[221,222,398],[217,218,396],[219,220,394],[208,266,402],[209,267,401],
[210,265,400],[421,617,833],[422,614,839],[423,611,836],[304,783,925],[305,780,928],[306,786,922],[234,830,1012],[232,826,1006],[233,828,1009],
[225,230,231],[223,226,227],[224,228,229],[597,832,956],[595,838,959],[599,835,962],[235,236,941],[238,239,945],[241,242,943],[244,245,932],
[248,249,933],[246,247,931],[231,552,1003],[227,546,1000],[229,549,997],[190,195,1010],[191,193,1007],[192,194,1013],[232,827,966],[233,829,965],
[234,831,964],[165,363,962],[164,361,956],[163,362,959],[308,939,1001],[307,938,998],[309,937,1004],[159,252,802],[157,250,799],[158,251,796],
[246,317,920],[244,314,917],[248,311,914],[238,240,936],[235,237,934],[241,243,935],[233,934,954],[232,935,951],[234,936,948],[421,834,918],
[422,840,921],[423,837,915],[204,920,944],[202,917,942],[203,914,940],[135,377,558],[133,375,556],[134,373,554],[302,624,941],[301,620,943],
[303,622,945],[174,304,363],[172,306,361],[173,305,362],[263,575,721],[262,576,723],[264,574,722],[467,554,671],[468,558,673],[466,556,675],
[449,473,605],[448,472,607],[450,474,609],[514,776,884],[516,775,881],[518,777,887],[132,592,966],[130,593,965],[131,594,964],[337,702,816],
[339,696,815],[338,699,814],[535,640,958],[532,642,955],[529,641,961],[102,253,526],[101,255,520],[100,254,523],[138,509,966],[137,513,965],
[136,511,964],[180,264,506],[178,262,504],[179,263,502],[258,806,924],[256,810,927],[257,808,930],[473,683,927],[474,680,930],[472,677,924],
[705,851,940],[703,845,942],[707,848,944],[207,793,809],[205,787,805],[206,790,807],[353,761,1021],[352,760,1015],[354,762,1018],[382,547,581],
[384,544,585],[380,550,583],[447,590,727],[446,591,728],[445,589,729],[489,519,694],[488,517,700],[487,515,697],[311,341,590],[314,342,589],
[317,340,591],[339,357,614],[338,356,617],[337,355,611],[726,863,879],[724,860,877],[725,857,878],[261,607,943],[259,609,945],[260,605,941],
[145,592,720],[147,594,718],[146,593,719],[441,639,643],[439,638,644],[440,637,645],[282,643,727],[281,645,728],[280,644,729],[477,795,884],
[475,792,881],[476,789,887],[151,368,701],[152,369,698],[153,367,695],[705,849,928],[707,846,922],[703,852,925],[444,558,625],[442,554,627],
[443,556,626],[390,435,896],[388,434,899],[386,433,902],[421,505,792],[422,503,795],[423,507,789],[432,692,839],[430,686,833],[428,689,836],
[216,416,973],[214,420,970],[215,418,967],[480,609,888],[479,605,882],[478,607,885],[195,702,744],[193,699,747],[194,696,741],[213,393,719],
[211,391,720],[212,392,718],[127,390,761],[128,388,762],[129,386,760],[366,378,974],[364,376,968],[365,374,971],[432,636,896],[428,630,902],
[430,633,899],[342,637,893],[340,639,891],[341,638,889],[280,548,911],[282,545,909],[281,551,907],[351,591,901],[349,590,898],[347,589,895],
[240,353,416],[243,354,420],[237,352,418],[316,384,567],[310,382,573],[313,380,570],[378,442,546],[374,443,552],[376,444,549],[99,581,972],
[98,585,969],[97,583,975],[264,318,396],[262,312,394],[263,315,398],[293,405,982],[294,403,979],[292,407,976],[266,436,804],[267,437,801],
[265,438,798],[400,508,875],[401,512,876],[402,510,874],[402,411,644],[400,410,643],[401,409,645],[146,328,558],[147,329,554],[145,330,556],
[138,377,501],[136,375,499],[137,373,500],[270,551,879],[268,548,877],[269,545,878],[561,634,874],[563,628,876],[559,631,875],[304,653,926],
[305,654,929],[306,652,923],[541,647,856],[543,646,859],[539,648,862],[458,530,731],[459,536,737],[457,533,734],[710,789,824],[709,792,818],
[711,795,821],[274,506,603],[276,502,602],[275,504,601],[279,390,472],[277,388,473],[278,386,474],[126,282,990],[124,280,993],[125,281,987],
[419,765,802],[415,764,799],[417,763,796],[365,563,773],[364,561,771],[366,559,769],[177,350,538],[176,348,540],[175,346,542],[300,343,590],
[299,345,591],[298,344,589],[217,678,767],[219,681,768],[221,684,766],[507,693,704],[503,687,706],[505,690,708],[96,287,368],[95,286,369],
[94,288,367],[291,661,1016],[290,663,1022],[289,662,1019],[292,779,916],[293,782,919],[294,785,913],[296,743,847],[297,746,850],[295,740,844],
[336,398,484],[334,396,486],[335,394,485],[423,757,846],[421,759,849],[422,755,852],[336,509,831],[334,511,829],[335,513,827],[571,702,827],
[565,696,829],[568,699,831],[318,336,486],[312,334,485],[315,335,484],[168,715,856],[170,713,862],[166,717,859],[313,314,569],[310,311,572],
[316,317,566],[319,735,784],[321,738,778],[320,732,781],[200,322,938],[201,326,937],[199,324,939],[162,561,930],[160,563,927],[161,559,924],
[453,615,733],[452,618,730],[451,612,736],[360,713,932],[359,715,931],[358,717,933],[550,636,845],[544,630,848],[547,633,851],[413,601,900],
[414,602,897],[412,603,903],[459,469,978],[458,470,984],[457,471,981],[502,559,571],[504,563,565],[506,561,568],[498,874,912],[496,876,908],
[497,875,910],[309,375,665],[307,377,664],[308,373,666],[586,660,949],[588,658,946],[587,659,952],[425,483,675],[424,481,671],[426,482,673],
[339,448,774],[338,449,772],[337,450,770],[384,610,647],[382,616,646],[380,613,648],[273,433,842],[271,434,841],[272,435,843],[406,431,967],
[408,429,973],[404,427,970],[608,860,905],[604,863,904],[606,857,906],[387,723,906],[385,722,904],[389,721,905],[405,749,1016],[407,753,1022],
[403,751,1019],[347,749,832],[349,753,835],[351,751,838],[283,529,695],[284,532,701],[285,535,698],[337,574,843],[338,576,842],[339,575,841],
[261,518,988],[259,516,991],[260,514,985],[372,767,890],[370,768,894],[371,766,892],[222,224,393],[220,223,392],[218,225,391],[616,876,1000],
[610,874,1003],[613,875,997],[377,851,852],[375,845,846],[373,848,849],[288,894,940],[287,892,942],[286,890,944],[871,873,916],[865,867,919],
[868,870,913],[497,1003,1005],[498,1000,1002],[496,997,999],[700,976,977],[694,979,980],[697,982,983],[93,388,997],[92,390,1003],[91,386,1000],
[988,996,1022],[985,994,1019],[991,995,1016],[866,867,934],[872,873,936],[869,870,935],[90,881,882],[89,884,885],[88,887,888],[87,860,861],
[86,863,864],[85,857,858],[665,906,974],[664,904,971],[666,905,968],[122,322,815],[121,326,816],[123,324,814],[84,779,780],[83,782,783],
[82,785,786],[81,105,663],[80,103,662],[79,104,661],[348,631,726],[346,634,725],[350,628,724],[78,238,867],[77,241,873],[76,235,870],
[285,985,986],[284,991,992],[283,988,989],[296,358,512],[295,359,510],[297,360,508],[219,856,858],[217,862,864],[221,859,861],[256,983,984],
[257,977,978],[258,980,981],[901,903,985],[895,897,991],[898,900,988],[137,985,987],[136,991,993],[138,988,990],[173,553,977],[172,555,980],
[174,557,983],[276,781,783],[274,784,786],[275,778,780],[372,879,948],[371,877,951],[370,878,954],[822,886,888],[825,880,882],[819,883,885],
[75,509,531],[74,513,537],[73,511,534],[333,893,894],[332,889,890],[331,891,892],[184,1012,1014],[185,1006,1008],[186,1009,1011],[316,909,981],
[313,907,984],[310,911,978],[564,982,984],[560,979,981],[562,976,978],[299,989,990],[298,986,987],[300,992,993],[300,683,727],[299,680,728],
[298,677,729],[249,860,914],[245,863,917],[247,857,920],[226,336,546],[230,335,552],[228,334,549],[231,381,916],[227,379,919],[229,383,913],
[220,419,768],[218,417,767],[222,415,766],[211,481,891],[213,483,893],[212,482,889],[210,352,982],[208,354,979],[209,353,976],[401,672,934],
[402,670,936],[400,674,935],[869,893,986],[872,891,989],[866,889,992],[206,229,284],[205,227,283],[207,231,285],[201,678,731],[200,684,737],
[199,681,734],[191,882,1010],[192,885,1007],[190,888,1013],[557,861,1007],[553,858,1010],[555,864,1013],[189,419,1003],[188,417,997],[187,415,1000],
[184,562,665],[185,560,664],[186,564,666],[179,290,789],[180,291,792],[178,289,795],[175,590,736],[176,591,733],[177,589,730],[280,361,732],
[281,362,735],[282,363,738],[72,171,185],[71,167,186],[70,169,184],[69,155,224],[68,154,225],[67,156,223],[95,594,595],[96,592,597],
[94,593,599],[604,912,1009],[606,908,1006],[608,910,1012],[122,580,581],[121,582,583],[123,584,585],[357,635,636],[355,629,630],[356,632,633],
[616,618,932],[610,612,933],[613,615,931],[336,579,980],[334,577,977],[335,578,983],[82,629,794],[84,632,788],[83,635,791],[202,768,800],
[204,766,797],[203,767,803],[66,710,929],[65,709,926],[64,711,923],[329,903,926],[330,897,929],[328,900,923],[63,705,706],[62,707,708],
[61,703,704],[342,708,990],[341,704,987],[340,706,993],[154,697,699],[156,694,696],[155,700,702],[118,683,684],[119,677,678],[120,680,681],
[111,672,673],[110,670,671],[109,674,675],[547,637,812],[544,638,811],[550,639,813],[645,677,726],[643,680,725],[644,683,724],[149,646,769],
[148,647,773],[150,648,771],[270,665,969],[269,666,972],[268,664,975],[617,651,737],[614,649,731],[611,650,734],[652,746,1012],[653,743,1006],
[654,740,1009],[145,657,723],[146,655,722],[147,656,721],[430,661,778],[432,662,781],[428,663,784],[60,712,912],[59,714,908],[58,716,910],
[307,403,418],[309,407,420],[308,405,416],[416,435,932],[420,434,933],[418,433,931],[60,306,362],[59,305,363],[58,304,361],[301,350,442],
[302,346,443],[303,348,444],[360,554,601],[359,558,602],[358,556,603],[253,260,740],[255,259,746],[254,261,743],[77,256,499],[78,258,500],
[76,257,501],[262,819,986],[264,825,992],[263,822,989],[510,886,964],[508,883,966],[512,880,965],[219,453,822],[217,452,819],[221,451,825],
[96,933,983],[94,931,977],[95,932,980],[384,667,839],[382,669,836],[380,668,833],[417,668,978],[419,667,984],[415,669,981],[378,685,903],
[376,691,900],[374,688,897],[127,281,750],[128,280,748],[129,282,752],[275,425,479],[276,424,478],[274,426,480],[386,637,904],[388,639,906],
[390,638,905],[273,276,954],[272,275,948],[271,274,951],[151,381,616],[152,379,613],[153,383,610],[530,575,682],[536,576,679],[533,574,676],
[461,543,993],[460,539,987],[462,541,990],[305,411,518],[306,410,514],[304,409,516],[143,555,628],[142,557,634],[144,553,631],[268,392,597],
[270,393,595],[269,391,599],[221,501,834],[217,499,840],[219,500,837],[411,472,480],[409,474,479],[410,473,478],[402,576,868],[401,575,871],
[400,574,865],[154,267,850],[156,265,844],[155,266,847],[406,428,982],[404,430,979],[408,432,976],[264,327,397],[262,325,395],[263,323,399],
[206,412,585],[205,414,583],[207,413,581],[155,276,579],[154,274,577],[156,275,578],[277,497,599],[279,498,597],[278,496,595],[408,864,941],
[406,858,943],[404,861,945],[280,619,918],[281,621,921],[282,623,915],[210,356,860],[208,357,863],[209,355,857],[346,742,749],[350,745,751],
[348,739,753],[343,678,938],[344,681,937],[345,684,939],[206,298,689],[205,300,692],[207,299,686],[150,285,397],[148,283,395],[149,284,399],
[372,619,704],[371,623,706],[370,621,708],[174,288,879],[173,286,877],[172,287,878],[293,498,587],[294,496,586],[292,497,588],[297,347,888],
[295,351,882],[296,349,885],[486,789,907],[485,792,909],[484,795,911],[713,748,846],[715,750,849],[717,752,852],[57,699,859],[56,702,856],
[55,696,862],[89,511,535],[90,509,532],[88,513,529],[333,798,890],[331,804,894],[332,801,892],[149,333,372],[150,331,370],[148,332,371],
[329,518,731],[330,514,737],[328,516,734],[190,330,985],[191,329,988],[192,328,991],[54,559,1014],[53,561,1011],[52,563,1008],[190,927,1008],
[191,924,1014],[192,930,1011],[63,327,937],[62,323,938],[61,325,939],[77,353,738],[78,352,732],[76,354,735],[214,314,315],[215,311,312],
[216,317,318],[60,316,318],[59,310,312],[58,313,315],[157,158,159],[374,376,378],[502,504,506],[139,627,989],[140,625,992],[141,626,986],
[152,356,976],[153,357,982],[151,355,979],[49,50,51],[49,50,330],[50,51,328],[49,51,329],[190,330,1008],[192,328,1011],[191,329,1014],
[150,285,331],[149,284,333],[148,283,332],[61,345,939],[62,343,938],[63,344,937],[621,708,921],[619,704,918],[623,706,915],[277,497,588],
[278,496,586],[279,498,587],[206,298,585],[207,299,581],[205,300,583],[63,327,397],[62,323,399],[61,325,395],[536,576,868],[533,574,865],
[530,575,871],[153,357,383],[151,355,381],[152,356,379],[271,274,426],[273,276,424],[272,275,425],[129,752,852],[127,750,849],[128,748,846],
[48,667,839],[47,668,833],[46,669,836],[219,500,822],[217,499,819],[221,501,825],[77,499,738],[76,501,735],[78,500,732],[60,318,362],
[58,315,361],[59,312,363],[60,306,712],[58,304,716],[59,305,714],[408,432,781],[406,428,784],[404,430,778],[149,372,646],[150,370,648],
[148,371,647],[388,550,639],[390,544,638],[386,547,637],[56,155,702],[55,156,696],[57,154,699],[155,266,700],[154,267,697],[156,265,694],
[329,731,903],[328,734,900],[330,737,897],[435,618,932],[433,615,931],[434,612,933],[208,357,635],[210,356,632],[209,355,629],[60,604,912],
[58,608,910],[59,606,908],[653,908,1006],[652,910,1012],[654,912,1009],[96,392,597],[94,391,599],[95,393,595],[69,155,579],[67,156,578],
[68,154,577],[127,281,735],[129,282,738],[128,280,732],[179,486,789],[180,485,792],[178,484,795],[184,270,665],[185,268,664],[186,269,666],
[189,419,984],[187,415,981],[188,417,978],[199,611,734],[200,617,737],[201,614,731],[205,283,414],[207,285,413],[206,284,412],[141,869,986],
[140,866,992],[139,872,989],[111,401,672],[109,400,674],[110,402,670],[352,357,982],[353,356,976],[354,355,979],[202,419,768],[204,415,766],
[203,417,767],[220,419,1003],[222,415,1000],[218,417,997],[210,860,914],[209,857,920],[208,863,917],[683,724,727],[677,726,729],[680,725,728],
[120,299,680],[118,300,683],[119,298,677],[153,564,982],[151,560,979],[152,562,976],[298,626,986],[299,627,989],[300,625,992],[60,316,909],
[59,310,911],[58,313,907],[54,184,1014],[52,185,1008],[53,186,1011],[333,798,893],[331,804,891],[332,801,889],[88,513,537],[89,511,534],
[90,509,531],[347,822,888],[349,819,885],[351,825,882],[372,619,948],[370,621,954],[371,623,951],[155,276,783],[156,275,780],[154,274,786],
[143,555,980],[144,553,977],[142,557,983],[138,462,990],[136,461,993],[137,460,987],[378,903,985],[374,897,991],[376,900,988],[96,256,983],
[95,258,980],[94,257,977],[219,453,858],[217,452,864],[221,451,861],[360,508,883],[358,512,880],[359,510,886],[263,822,886],[262,819,883],
[264,825,880],[285,819,986],[283,822,989],[284,825,992],[78,258,867],[76,257,870],[77,256,873],[348,444,631],[350,442,628],[346,443,634],
[80,432,662],[79,430,661],[81,428,663],[299,342,990],[300,340,993],[298,341,987],[83,635,782],[82,629,785],[84,632,779],[121,582,816],
[123,584,814],[122,580,815],[72,185,1006],[70,184,1012],[71,186,1009],[564,666,968],[562,665,974],[560,664,971],[87,557,861],[86,555,864],
[85,553,858],[89,192,885],[88,190,888],[90,191,882],[672,867,934],[674,870,935],[670,873,936],[87,249,860],[85,247,857],[86,245,863],
[285,901,985],[283,898,988],[284,895,991],[173,700,977],[174,697,983],[172,694,980],[313,564,984],[310,562,978],[316,560,981],[136,991,995],
[138,988,996],[137,985,994],[92,497,1003],[93,496,997],[91,498,1000],[127,528,998],[128,522,1001],[129,525,1004],[332,767,890],[331,766,892],
[333,768,894],[259,991,1016],[260,985,1019],[261,988,1022],[339,401,575],[337,400,574],[338,402,576],[227,283,529],[231,285,535],[229,284,532],
[145,387,723],[147,389,721],[146,385,722],[277,404,427],[279,408,429],[278,406,431],[273,418,433],[272,416,435],[271,420,434],[109,483,675],
[111,482,673],[110,481,671],[252,660,949],[251,659,952],[250,658,946],[309,665,906],[308,666,905],[307,664,904],[293,498,874],[292,497,875],
[294,496,876],[54,502,559],[52,504,563],[53,506,561],[360,413,601],[358,412,603],[359,414,602],[357,550,636],[356,547,633],[355,544,630],
[360,713,748],[358,717,752],[359,715,750],[176,615,733],[177,618,730],[175,612,736],[199,324,681],[200,322,684],[201,326,678],[274,319,784],
[276,320,781],[275,321,778],[166,221,859],[168,219,856],[170,217,862],[226,318,336],[228,312,334],[230,315,335],[336,579,831],[335,578,827],
[334,577,829],[336,398,980],[335,394,983],[334,396,977],[296,358,743],[295,359,740],[297,360,746],[779,873,916],[785,870,913],[782,867,919],
[94,288,894],[95,286,890],[96,287,892],[120,219,681],[118,221,684],[119,217,678],[343,590,736],[344,589,730],[345,591,733],[419,667,802],
[417,668,796],[415,669,799],[124,543,993],[125,539,987],[126,541,990],[502,504,601],[504,506,603],[502,506,602],[792,818,909],[795,821,911],
[789,824,907],[514,536,737],[516,533,734],[518,530,731],[65,653,926],[64,652,923],[66,654,929],[174,551,879],[172,545,878],[173,548,877],
[138,377,851],[137,373,848],[136,375,845],[145,330,929],[147,329,926],[146,328,923],[411,518,644],[409,516,645],[410,514,643],[512,616,876],
[508,613,875],[510,610,874],[210,293,982],[209,292,976],[208,294,979],[374,376,549],[376,378,546],[374,378,552],[316,384,667],[313,380,668],
[310,382,669],[240,405,416],[237,403,418],[243,407,420],[280,548,918],[281,551,921],[282,545,915],[342,637,904],[341,638,905],[340,639,906],
[378,685,974],[374,688,971],[376,691,968],[215,312,418],[216,318,416],[214,315,420],[205,692,839],[206,689,836],[207,686,833],[291,421,792],
[290,423,789],[289,422,795],[390,896,1003],[386,902,1000],[388,899,997],[140,444,625],[141,443,626],[139,442,627],[63,705,928],[61,703,925],
[62,707,922],[151,368,616],[153,367,610],[152,369,613],[439,644,683],[440,645,677],[441,643,680],[372,726,879],[370,725,878],[371,724,877],
[519,694,979],[515,697,982],[517,700,976],[384,544,811],[380,550,813],[382,547,812],[77,353,1021],[76,354,1018],[78,352,1015],[288,851,940],
[286,848,944],[287,845,942],[190,683,927],[191,677,924],[192,680,930],[180,264,327],[179,263,323],[178,262,325],[75,138,509],[73,136,511],
[74,137,513],[102,253,260],[100,254,261],[101,255,259],[89,535,958],[88,529,961],[90,532,955],[304,516,775],[305,518,777],[306,514,776],
[450,474,479],[449,473,478],[448,472,480],[467,554,601],[466,556,603],[468,558,602],[263,575,682],[264,574,676],[262,576,679],[174,288,304],
[173,286,305],[172,287,306],[302,864,941],[303,861,945],[301,858,943],[135,377,852],[134,373,849],[133,375,846],[233,276,954],[234,275,948],
[232,274,951],[238,872,936],[241,869,935],[235,866,934],[308,405,939],[307,403,938],[309,407,937],[158,159,252],[157,158,251],[157,159,250],
[163,362,735],[165,363,738],[164,361,732],[829,880,965],[831,886,964],[827,883,966],[190,195,985],[192,194,991],[191,193,988],[227,616,1000],
[229,613,997],[231,610,1003],[244,616,932],[246,613,931],[248,610,933],[268,597,956],[269,599,962],[270,595,959],[67,223,405],[69,224,403],
[68,225,407],[746,830,1012],[740,828,1009],[743,826,1006],[223,226,392],[225,230,391],[224,228,393],[83,304,783],[82,306,786],[84,305,780],
[421,617,651],[423,611,650],[422,614,649],[221,398,834],[217,396,840],[219,394,837],[57,179,859],[55,180,862],[56,178,856],[365,497,599],
[364,496,595],[366,498,597],[255,470,746],[253,471,740],[254,469,743],[497,730,1005],[496,736,999],[498,733,1002],[236,631,726],[242,634,725],
[239,628,724],[144,231,381],[143,229,383],[142,227,379],[139,678,938],[141,684,939],[140,681,937],[204,486,797],[203,485,803],[202,484,800],
[154,196,850],[155,198,847],[156,197,844],[134,190,1013],[135,191,1010],[133,192,1007],[94,593,998],[95,594,1001],[96,592,1004],[334,549,800],
[336,546,803],[335,552,797],[342,708,794],[340,706,788],[341,704,791],[123,181,585],[122,183,581],[121,182,583],[66,180,710],[64,179,711],
[65,178,709],[166,297,888],[168,296,885],[170,295,882],[172,739,753],[174,745,751],[173,742,749],[61,168,704],[62,166,708],[63,170,706],
[164,211,891],[163,212,889],[165,213,893],[111,256,984],[109,258,981],[110,257,978],[414,871,916],[413,868,913],[412,865,919],[381,446,916],
[383,445,913],[379,447,919],[691,864,1013],[685,861,1007],[688,858,1010],[108,214,314],[106,216,317],[107,215,311],[96,105,933],[94,103,931],
[95,104,932],[467,804,894],[466,798,890],[468,801,892],[222,393,491],[218,391,490],[220,392,492],[150,397,426],[148,395,425],[149,399,424],
[270,494,969],[268,495,975],[269,493,972],[212,428,982],[213,430,979],[211,432,976],[324,440,814],[326,439,816],[322,441,815],[151,408,864],
[152,406,858],[153,404,861],[84,642,788],[83,640,791],[82,641,794],[143,266,628],[144,267,631],[142,265,634],[538,623,759],[542,621,757],
[540,619,755],[145,657,735],[147,656,738],[146,655,732],[225,301,350],[224,302,346],[223,303,348],[72,171,731],[70,169,734],[71,167,737],
[89,140,884],[88,141,887],[90,139,881],[482,826,889],[481,828,891],[483,830,893],[114,348,739],[112,346,742],[113,350,745],[238,817,867],
[235,820,870],[241,823,873],[600,893,986],[596,889,992],[598,891,989],[148,655,773],[150,656,771],[149,657,769],[411,472,562],[410,473,560],
[409,474,564],[274,480,898],[275,479,895],[276,478,901],[104,438,661],[103,436,662],[105,437,663],[405,749,832],[403,751,838],[407,753,835],
[384,541,647],[380,539,648],[382,543,646],[162,561,874],[161,559,875],[160,563,876],[127,279,390],[129,278,386],[128,277,388],[147,212,718],
[146,213,719],[145,211,720],[339,357,448],[337,355,450],[338,356,449],[314,347,589],[317,351,591],[311,349,590],[447,643,727],[445,644,729],
[446,645,728],[337,571,702],[338,568,699],[339,565,696],[422,755,921],[423,757,915],[421,759,918],[235,260,941],[241,261,943],[238,259,945],
[208,266,804],[210,265,798],[209,267,801],[214,810,927],[216,806,924],[215,808,930],[365,393,563],[366,391,559],[364,392,561],[200,314,569],
[201,317,566],[199,311,572],[503,687,1005],[505,690,999],[507,693,1002],[206,517,790],[207,515,793],[205,519,787],[480,541,888],[478,539,885],
[479,543,882],[99,188,581],[97,189,583],[98,187,585],[177,475,792],[175,476,789],[176,477,795],[457,471,651],[458,470,650],[459,469,649],
[237,627,923],[243,625,929],[240,626,926],[399,477,935],[395,475,934],[397,476,936],[185,435,786],[184,433,780],[186,434,783],[124,432,636],
[126,430,633],[125,428,630],[758,914,940],[754,917,942],[756,920,944],[465,608,860],[463,606,857],[464,604,863],[264,318,820],[263,315,817],
[262,312,823],[171,661,1016],[169,662,1019],[167,663,1022],[195,487,744],[194,488,741],[193,489,747],[177,538,582],[175,542,580],[176,540,584],
[234,572,773],[233,569,769],[232,566,771],[170,249,637],[166,247,638],[168,245,639],[117,139,808],[115,141,806],[116,140,810],[121,244,314],
[122,248,311],[123,246,317],[150,181,457],[149,182,458],[148,183,459],[120,132,592],[118,131,594],[119,130,593],[74,816,908],[75,814,910],
[73,815,912],[59,810,1014],[58,806,1011],[60,808,1008],[367,813,1013],[368,811,1010],[369,812,1007],[44,45,125],[42,43,124],[40,41,126],
[57,958,960],[56,955,957],[55,961,963],[41,962,963],[43,956,957],[45,959,960],[39,294,813],[38,292,811],[37,293,812],[36,824,825],
[35,818,819],[34,821,822],[974,1021,1023],[968,1015,1017],[971,1018,1020],[173,553,582],[172,555,580],[174,557,584],[136,222,224],[137,218,225],
[138,220,223],[81,105,773],[79,104,769],[80,103,771],[122,322,426],[123,324,424],[121,326,425],[93,388,466],[91,386,468],[92,390,467],
[84,296,512],[83,297,508],[82,295,510],[214,348,726],[216,346,725],[215,350,724],[75,524,531],[73,521,534],[74,527,537],[39,77,241],
[37,76,235],[38,78,238],[64,419,883],[65,417,880],[66,415,886],[326,447,588],[324,445,587],[322,446,586],[389,517,536],[385,515,530],
[387,519,533],[383,573,961],[379,567,958],[381,570,955],[33,408,948],[32,404,951],[31,406,954],[256,748,785],[258,750,779],[257,752,782],
[30,751,779],[29,753,782],[28,749,785],[126,768,776],[125,767,775],[124,766,777],[480,660,1005],[478,659,999],[479,658,1002],[42,649,727],
[44,650,729],[40,651,728],[453,640,921],[451,641,915],[452,642,918],[122,464,796],[121,463,802],[123,465,799],[462,527,674],[460,521,672],
[461,524,670],[531,598,611],[534,596,617],[537,600,614],[97,491,1012],[98,490,1009],[99,492,1006],[61,468,758],[62,466,754],[63,467,756],
[498,537,996],[496,531,995],[497,534,994],[542,543,962],[538,539,956],[540,541,959],[320,532,534],[321,529,531],[319,535,537],[71,527,528],
[70,521,522],[72,524,525],[27,530,531],[26,533,534],[25,536,537],[483,520,522],[481,526,528],[482,523,525],[115,568,570],[116,571,573],
[117,565,567],[96,368,960],[94,367,957],[95,369,963],[35,98,969],[36,97,975],[34,99,972],[102,343,526],[100,344,523],[101,345,520],
[160,429,626],[161,431,627],[162,427,625],[109,646,922],[110,648,928],[111,647,925],[24,203,413],[23,202,414],[22,204,412],[446,522,834],
[447,528,840],[445,525,837],[397,520,946],[395,526,952],[399,523,949],[83,237,688],[82,243,685],[84,240,691],[108,250,918],[106,251,921],
[107,252,915],[104,307,928],[103,309,925],[105,308,922],[159,414,467],[158,413,466],[157,412,468],[77,154,649],[76,155,651],[78,156,650],
[22,438,864],[24,436,858],[23,437,861],[196,429,794],[197,431,788],[198,427,791],[171,214,781],[167,215,778],[169,216,784],[28,470,481],
[30,471,482],[29,469,483],[114,147,528],[113,145,522],[112,146,525],[21,176,238],[20,177,241],[19,175,235],[142,260,538],[143,261,540],
[144,259,542],[139,465,763],[141,463,764],[140,464,765],[74,117,132],[75,116,131],[73,115,130],[118,235,495],[120,238,493],[119,241,494],
[268,269,270],[55,56,57],[1017,1020,1023],[818,821,824],[18,33,39],[17,32,37],[16,31,38],[195,202,527],[194,203,521],[193,204,524],
[107,188,963],[108,189,957],[106,187,960],[108,189,250],[107,188,252],[106,187,251],[113,446,522],[112,445,525],[114,447,528],[23,195,202],
[22,193,204],[24,194,203],[308,646,922],[309,647,925],[307,648,928],[160,196,429],[162,198,427],[161,197,431],[344,523,949],[345,520,946],
[343,526,952],[74,117,567],[73,115,570],[75,116,573],[30,482,525],[29,483,522],[28,481,528],[36,97,491],[34,99,492],[35,98,490],
[27,531,598],[25,537,600],[26,534,596],[202,527,674],[204,524,670],[203,521,672],[71,462,527],[72,461,524],[70,460,521],[17,32,404],
[18,33,408],[16,31,406],[33,39,77],[31,38,78],[32,37,76],[38,238,493],[37,235,495],[39,241,494],[73,130,521],[74,132,527],
[75,131,524],[167,215,724],[171,214,726],[169,216,725],[82,295,685],[84,296,691],[83,297,688],[319,527,537],[321,524,531],[320,521,534],
[63,92,467],[62,93,466],[61,91,468],[122,426,464],[123,424,465],[121,425,463],[974,1017,1023],[971,1020,1023],[968,1017,1020],[36,818,824],
[34,821,824],[35,818,821],[18,39,294],[17,37,293],[16,38,292],[41,107,963],[45,106,960],[43,108,957],[57,368,960],[55,369,963],
[56,367,957],[43,538,956],[45,540,959],[41,542,962],[42,43,649],[40,41,651],[44,45,650],[41,126,776],[43,124,777],[45,125,775],
[56,570,955],[55,573,961],[57,567,958],[39,367,813],[37,369,812],[38,368,811],[71,528,998],[72,525,1004],[70,522,1001],[121,244,802],
[123,246,799],[122,248,796],[81,234,773],[80,232,771],[79,233,769],[195,487,527],[193,489,524],[194,488,521],[463,606,764],[464,604,765],
[465,608,763],[61,758,914],[63,756,920],[62,754,917],[82,243,929],[83,237,923],[84,240,926],[99,188,963],[98,187,960],[97,189,957],
[480,541,660],[479,543,658],[478,539,659],[206,389,517],[205,387,519],[207,385,515],[660,687,1005],[658,693,1002],[659,690,999],[59,214,810],
[60,215,808],[58,216,806],[118,235,260],[120,238,259],[119,241,261],[640,755,921],[642,759,918],[641,757,915],[117,339,565],[116,337,571],
[115,338,568],[147,212,528],[146,213,525],[145,211,522],[23,105,437],[22,104,438],[24,103,436],[105,655,773],[104,657,769],[103,656,771],
[114,214,348],[113,215,350],[112,216,346],[138,223,303],[137,225,301],[136,224,302],[143,540,755],[144,542,757],[142,538,759],[84,512,642],
[82,510,641],[83,508,640],[35,494,969],[34,493,972],[36,495,975],[397,426,520],[399,424,523],[395,425,526],[96,105,960],[95,104,963],
[94,103,957],[108,214,781],[107,215,778],[106,216,784],[322,381,446],[326,379,447],[324,383,445],[414,467,871],[412,468,865],[413,466,868],
[28,173,749],[30,174,751],[29,172,753],[196,708,794],[198,704,791],[197,706,788],[135,368,1010],[133,369,1007],[134,367,1013],[77,154,196],
[78,156,197],[76,155,198],[142,379,958],[144,381,955],[143,383,961],[28,255,470],[30,253,471],[29,254,469],[56,57,178],[55,57,179],
[55,56,180],[398,522,834],[394,525,837],[396,528,840],[268,270,956],[269,270,959],[268,269,962],[66,831,886],[64,827,883],[65,829,880],
[21,238,872],[19,235,866],[20,241,869],[102,142,260],[101,144,259],[100,143,261],[77,649,1021],[78,650,1015],[76,651,1018],[63,104,928],
[62,105,922],[61,103,925],[685,974,1021],[691,968,1015],[688,971,1018],[250,548,918],[252,545,915],[251,551,921],[173,548,582],[174,551,584],
[172,545,580],[43,65,653],[41,66,654],[45,64,652],[25,514,536],[27,518,530],[26,516,533],[124,543,962],[126,541,959],[125,539,956],
[102,343,736],[101,345,733],[100,344,730],[30,779,873],[29,782,867],[28,785,870],[21,176,615],[19,175,612],[20,177,618],[24,360,413],
[22,358,412],[23,359,414],[111,482,523],[110,481,526],[109,483,520],[227,321,529],[231,319,535],[229,320,532],[124,331,766],[126,333,768],
[125,332,767],[93,496,531],[91,498,537],[92,497,534],[136,222,995],[137,218,994],[138,220,996],[85,553,582],[86,555,580],[87,557,584],
[71,98,1009],[72,99,1006],[70,97,1012],[74,582,816],[73,580,815],[75,584,814],[257,635,782],[256,629,785],[258,632,779],[34,283,822],
[36,284,825],[35,285,819],[23,451,861],[24,453,858],[22,452,864],[96,256,748],[94,257,752],[95,258,750],[32,623,951],[33,619,948],
[31,621,954],[90,531,995],[89,534,994],[88,537,996],[298,429,626],[300,427,625],[299,431,627],[42,724,727],[40,725,728],[44,726,729],
[64,202,419],[66,204,415],[65,203,417],[139,465,872],[140,464,866],[141,463,869],[159,283,414],[157,284,412],[158,285,413],[199,531,611],
[201,537,614],[200,534,617],[74,653,908],[73,654,912],[75,652,910],[60,604,1008],[59,606,1014],[58,608,1011],[388,466,550],[386,468,547],
[390,467,544],[109,372,646],[111,371,647],[110,370,648],[271,322,426],[272,326,425],[273,324,424],[517,536,868],[515,530,871],[519,533,865],
[278,322,586],[279,324,587],[277,326,588],[453,708,921],[452,704,918],[451,706,915],[181,457,651],[183,459,649],[182,458,650],[177,475,582],
[176,477,584],[175,476,580],[200,314,347],[201,317,351],[199,311,349],[312,823,873],[315,817,867],[318,820,870],[598,828,891],[600,830,893],
[596,826,889],[365,393,491],[364,392,492],[366,391,490],[115,141,939],[116,140,937],[117,139,938],[365,497,730],[366,498,733],[364,496,736],
[227,244,616],[231,248,610],[229,246,613],[163,657,735],[164,655,732],[165,656,738],[405,832,939],[407,835,937],[403,838,938],[302,691,864],
[301,688,858],[303,685,861],[467,601,894],[468,602,892],[466,603,890],[449,478,901],[448,480,898],[450,479,895],[288,304,775],[287,306,776],
[286,305,777],[66,180,327],[65,178,325],[64,179,323],[384,541,811],[382,543,812],[380,539,813],[211,517,976],[213,519,979],[212,515,982],
[236,372,726],[239,371,724],[242,370,725],[190,439,683],[192,441,680],[191,440,677],[89,140,444],[90,139,442],[88,141,443],[291,421,651],
[289,422,649],[290,423,650],[67,240,405],[68,243,407],[69,237,403],[374,549,800],[376,546,803],[378,552,797],[367,510,610],[369,508,613],
[368,512,616],[447,514,643],[446,516,645],[445,518,644],[138,288,851],[136,287,845],[137,286,848],[316,667,802],[310,669,799],[313,668,796],
[118,131,221],[119,130,217],[120,132,219],[94,894,998],[96,892,1004],[95,890,1001],[358,743,826],[360,746,830],[359,740,828],[166,221,297],
[170,217,295],[168,219,296],[234,275,321],[232,274,319],[233,276,320],[324,440,681],[322,441,684],[326,439,678],[54,502,601],[53,506,602],
[52,504,603],[162,293,874],[160,294,876],[161,292,875],[307,342,904],[309,340,906],[308,341,905],[158,252,949],[159,250,946],[157,251,952],
[273,312,418],[271,315,420],[272,318,416],[129,278,431],[128,277,427],[127,279,429],[145,387,929],[146,385,923],[147,389,926],[171,259,1016],
[167,261,1022],[169,260,1019],[87,170,249],[86,168,245],[85,166,247],[89,192,958],[90,191,955],[88,190,961],[313,564,968],[316,560,971],
[310,562,974],[81,125,428],[79,126,430],[80,124,432],[266,442,628],[265,443,634],[267,444,631],[257,674,870],[256,670,873],[258,672,867],
[263,682,886],[262,679,883],[264,676,880],[360,748,883],[359,750,886],[358,752,880],[195,378,985],[193,376,988],[194,374,991],[75,138,462],
[74,137,460],[73,136,461],[143,398,980],[144,396,977],[142,394,983],[165,798,893],[164,804,891],[163,801,889],[60,818,909],[58,824,907],
[59,821,911],[153,409,564],[152,411,562],[151,410,560],[120,299,342],[119,298,341],[118,300,340],[210,293,914],[208,294,917],[209,292,920],
[220,896,1003],[218,899,997],[222,902,1000],[352,357,550],[354,355,544],[353,356,547],[111,339,401],[110,338,402],[109,337,400],[111,189,984],
[110,188,978],[109,187,981],[54,184,270],[53,186,269],[52,185,268],[179,486,797],[178,484,800],[180,485,803],[69,579,831],[67,578,827],
[68,577,829],[96,226,392],[95,228,393],[94,230,391],[208,635,804],[209,629,801],[210,632,798],[435,618,786],[433,615,780],[434,612,783],
[72,731,903],[71,737,897],[70,734,900],[173,266,700],[174,267,697],[172,265,694],[56,155,783],[57,154,786],[55,156,780],[151,408,781],
[153,404,778],[152,406,784],[82,306,712],[84,305,714],[83,304,716],[226,318,362],[228,312,363],[230,315,361],[128,500,732],[129,499,738],
[127,501,735],[347,500,822],[351,501,825],[349,499,819],[48,205,839],[46,206,836],[47,207,833],[129,135,852],[128,133,846],[127,134,849],
[357,383,448],[356,379,449],[355,381,450],[61,395,475],[63,397,476],[62,399,477],[181,298,585],[182,300,583],[183,299,581],[61,168,345],
[63,170,344],[62,166,343],[285,331,901],[284,333,895],[283,332,898],[49,330,1008],[51,329,1014],[50,328,1011],[15,902,903],[14,896,897],
[13,899,900],[44,125,327],[40,126,325],[42,124,323],[294,813,963],[293,812,960],[292,811,957],[12,250,764],[11,252,765],[10,251,763],
[132,242,243],[130,236,237],[131,239,240],[188,362,838],[187,361,832],[189,363,835],[11,410,647],[10,409,648],[12,411,646],[198,448,489],
[196,450,488],[197,449,487],[255,691,693],[254,685,687],[253,688,690],[460,682,684],[462,676,678],[461,679,681],[196,660,716],[197,658,712],
[198,659,714],[93,255,521],[92,253,527],[91,254,524],[327,328,1023],[323,329,1020],[325,330,1017],[277,290,668],[278,289,669],[279,291,667],
[46,324,325],[47,322,323],[48,326,327],[9,321,353],[8,319,354],[7,320,352],[6,128,522],[5,129,525],[4,127,528],[13,538,623],
[14,540,619],[15,542,621],[277,301,404],[279,303,408],[278,302,406],[8,46,669],[9,47,668],[7,48,667],[49,236,329],[50,239,330],
[51,242,328],[385,387,389],[32,112,712],[33,113,714],[31,114,716],[3,23,47],[2,24,46],[1,22,48],[9,47,321],[7,48,320],
[8,46,319],[8,278,669],[7,279,667],[9,277,668],[277,290,301],[278,289,302],[279,291,303],[242,327,328],[236,323,329],[239,325,330],
[93,255,693],[92,253,690],[91,254,687],[50,131,239],[51,132,242],[49,130,236],[42,47,323],[44,48,327],[40,46,325],[383,448,489],
[379,449,487],[381,450,488],[3,47,207],[1,48,205],[2,46,206],[5,129,499],[4,127,501],[6,128,500],[189,228,363],[187,230,361],
[188,226,362],[32,82,712],[31,83,716],[33,84,714],[13,70,900],[15,72,903],[14,71,897],[7,352,550],[8,354,544],[9,353,547],
[15,222,902],[14,220,896],[13,218,899],[11,151,410],[12,152,411],[10,153,409],[74,460,682],[73,461,679],[75,462,676],[81,125,327],
[80,124,323],[79,126,325],[162,293,960],[161,292,957],[160,294,963],[439,462,678],[440,461,681],[441,460,684],[69,130,237],[67,131,240],
[68,132,243],[66,327,1023],[65,325,1017],[64,323,1020],[255,302,691],[254,303,685],[253,301,688],[47,278,322],[48,277,326],[46,279,324],
[13,32,623],[15,31,621],[14,33,619],[23,47,451],[22,48,452],[24,46,453],[12,250,548],[10,251,551],[11,252,545],[6,398,522],
[4,396,528],[5,394,525],[77,196,716],[76,198,714],[78,197,712],[196,660,687],[198,659,690],[197,658,693],[206,385,389],[207,385,387],
[205,387,389],[99,813,963],[97,811,957],[98,812,960],[11,604,765],[10,608,763],[12,606,764],[13,43,538],[15,41,542],[14,45,540],
[93,130,521],[91,131,524],[92,132,527],[32,76,112],[31,78,114],[33,77,113],[16,302,406],[18,303,408],[17,301,404],[161,197,449],
[160,196,450],[162,198,448],[10,307,648],[12,308,646],[11,309,647],[3,23,195],[2,24,194],[1,22,193],[114,447,716],[112,445,712],
[113,446,714],[187,251,832],[189,250,835],[188,252,838],[164,635,804],[165,632,798],[163,629,801],[676,752,880],[682,750,886],[679,748,883],
[87,170,344],[85,166,343],[86,168,345],[129,135,431],[127,134,429],[128,133,427],[120,307,342],[119,308,341],[118,309,340],[131,221,297],
[132,219,296],[130,217,295],[195,378,797],[194,374,800],[193,376,803],[90,266,442],[88,265,443],[89,267,444],[191,440,955],[190,439,961],
[192,441,958],[331,449,901],[333,450,895],[332,448,898],[54,601,894],[52,603,890],[53,602,892],[115,832,939],[117,838,938],[116,835,937],
[273,312,873],[271,315,867],[272,318,870],[200,347,500],[199,349,499],[201,351,501],[211,517,868],[212,515,871],[213,519,865],[109,236,372],
[110,242,370],[111,239,371],[49,604,1008],[50,608,1011],[51,606,1014],[181,298,429],[183,299,431],[182,300,427],[96,226,748],[94,230,752],
[95,228,750],[34,159,283],[36,157,284],[35,158,285],[257,635,674],[258,632,672],[256,629,670],[74,85,582],[75,87,584],[73,86,580],
[90,222,995],[88,220,996],[89,218,994],[93,199,531],[92,200,534],[91,201,537],[227,244,321],[229,246,320],[231,248,319],[111,189,523],
[109,187,520],[110,188,526],[23,359,828],[24,360,830],[22,358,826],[19,612,783],[20,618,786],[21,615,780],[100,365,730],[101,366,733],
[102,364,736],[124,331,962],[126,333,959],[125,332,956],[25,447,514],[27,445,518],[26,446,516],[475,548,582],[476,545,580],[477,551,584],
[289,649,1021],[291,651,1018],[290,650,1015],[21,465,872],[20,463,869],[19,464,866],[66,69,831],[65,68,829],[64,67,827],[52,268,962],
[53,269,959],[54,270,956],[56,180,803],[55,179,797],[57,178,800],[29,254,867],[28,255,870],[30,253,873],[102,142,958],[101,144,955],
[100,143,961],[196,453,708],[197,451,706],[198,452,704],[28,173,266],[29,172,265],[30,174,267],[466,550,868],[467,544,871],[468,547,865],
[273,324,383],[272,326,379],[271,322,381],[108,151,781],[106,152,784],[107,153,778],[143,398,755],[142,394,759],[144,396,757],[137,286,301],
[136,287,302],[138,288,303],[103,165,656],[105,164,655],[104,163,657],[23,105,960],[24,103,957],[22,104,963],[111,117,339],[109,116,337],
[110,115,338],[510,641,757],[508,640,755],[512,642,759],[119,167,261],[118,169,260],[120,171,259],[59,114,214],[58,112,216],[60,113,215],
[541,660,811],[539,659,813],[543,658,812],[82,387,929],[84,389,926],[83,385,923],[61,475,914],[62,477,917],[63,476,920],[81,234,321],
[80,232,319],[79,233,320],[244,316,802],[248,313,796],[246,310,799],[71,894,998],[70,890,1001],[72,892,1004],[39,367,510],[38,368,512],
[37,369,508],[56,570,783],[57,567,786],[55,573,780],[45,288,775],[43,286,777],[41,287,776],[43,183,649],[45,182,650],[41,181,651],
[57,135,368],[56,134,367],[55,133,369],[43,108,653],[45,106,652],[41,107,654],[17,293,914],[18,294,917],[16,292,920],[36,60,818],
[35,59,821],[34,58,824],[313,968,1020],[310,974,1017],[316,971,1023],[426,464,520],[425,463,526],[424,465,523],[63,92,104],[61,91,103],
[62,93,105],[319,487,527],[320,488,521],[321,489,524],[295,685,1021],[297,688,1018],[296,691,1015],[42,167,724],[44,171,726],[40,169,725],
[36,37,495],[35,39,494],[34,38,493],[71,98,462],[70,97,460],[72,99,461],[64,202,674],[65,203,672],[66,204,670],[27,598,828],
[25,600,830],[26,596,826],[36,365,491],[35,366,490],[34,364,492],[29,211,522],[28,212,528],[30,213,525],[74,567,653],[75,573,652],
[73,570,654],[158,344,949],[157,343,952],[159,345,946],[43,65,1025],[45,64,1024],[41,66,1026],[64,674,1024],[66,670,1026],[65,672,1025],
[45,288,1024],[41,287,1026],[43,286,1025],[107,570,654],[106,573,652],[108,567,653],[244,316,1023],[248,313,1020],[246,310,1017],[79,320,488],
[81,321,489],[80,319,487],[17,475,914],[16,476,920],[18,477,917],[36,60,113],[34,58,112],[35,59,114],[44,120,171],[40,118,169],
[42,119,167],[39,510,757],[38,512,759],[37,508,755],[93,105,164],[92,104,163],[91,103,165],[55,133,797],[57,135,800],[56,134,803],
[21,465,523],[20,463,526],[19,464,520],[289,295,1021],[290,296,1015],[291,297,1018],[52,331,962],[54,332,956],[53,333,959],[36,100,365],
[34,102,364],[35,101,366],[19,570,783],[21,573,780],[20,567,786],[23,27,828],[22,26,826],[24,25,830],[164,635,674],[163,629,670],
[165,632,672],[35,39,158],[34,38,159],[36,37,157],[110,115,242],[111,117,239],[109,116,236],[29,211,868],[30,213,865],[28,212,871],
[255,272,870],[253,273,873],[254,271,867],[52,70,890],[54,71,894],[53,72,892],[100,439,961],[102,441,958],[101,440,955],[28,90,266],
[30,89,267],[29,88,265],[134,181,429],[133,182,427],[135,183,431],[87,158,344],[86,159,345],[85,157,343],[228,682,750],[226,679,748],
[230,676,752],[116,250,835],[117,252,838],[115,251,832],[25,447,716],[26,446,714],[27,445,712],[3,195,797],[1,193,803],[2,194,800],
[10,120,307],[11,118,309],[12,119,308],[161,331,449],[162,332,448],[160,333,450],[13,43,183],[15,41,181],[14,45,182],[11,49,604],
[12,51,606],[10,50,608],[98,658,812],[97,660,811],[99,659,813],[197,451,693],[196,453,687],[198,452,690],[77,113,716],[76,112,714],
[78,114,712],[4,396,757],[5,394,759],[6,398,755],[12,475,548],[11,476,545],[10,477,551],[16,255,302],[17,253,301],[18,254,303],
[66,69,1023],[64,67,1020],[65,68,1017],[69,93,130],[68,92,132],[67,91,131],[98,439,462],[97,441,460],[99,440,461],[23,162,960],
[22,160,963],[24,161,957],[74,85,682],[73,86,679],[75,87,676],[11,108,151],[10,107,153],[12,106,152],[15,90,222],[13,89,218],
[14,88,220],[7,550,868],[9,547,865],[8,544,871],[13,32,70],[14,33,71],[15,31,72],[32,82,387],[31,83,385],[33,84,389],
[189,228,523],[188,226,526],[187,230,520],[4,201,501],[6,200,500],[5,199,499],[2,206,385],[1,205,389],[3,207,387],[273,383,489],
[271,381,488],[272,379,487],[42,47,451],[40,46,453],[44,48,452],[49,130,295],[51,132,296],[50,131,297],[93,199,693],[91,201,687],
[92,200,690],[81,242,327],[79,239,325],[80,236,323],[286,290,301],[288,291,303],[287,289,302],[8,47,278],[7,46,279],[9,48,277],
[47,244,321],[46,248,319],[48,246,320],[250,658,1029],[252,660,1027],[251,659,1028],[98,658,1029],[99,659,1028],[97,660,1027],[116,250,1029],
[115,251,1028],[117,252,1027],[8,47,244],[9,48,246],[7,46,248],[5,199,693],[6,200,690],[4,201,687],[3,32,387],[2,31,385],
[1,33,389],[42,451,693],[44,452,690],[40,453,687],[11,49,108],[10,50,107],[12,51,106],[25,113,716],[27,114,712],[26,112,714],
[85,228,682],[87,230,676],[86,226,679],[14,133,182],[13,135,183],[15,134,181],[15,28,90],[14,29,88],[13,30,89],[98,100,439],
[99,101,440],[97,102,441],[32,52,70],[31,53,72],[33,54,71],[16,255,272],[18,254,271],[17,253,273],[7,29,868],[8,28,871],
[9,30,865],[81,115,242],[80,116,236],[79,117,239],[39,87,158],[37,85,157],[38,86,159],[23,27,162],[24,25,161],[22,26,160],
[19,107,570],[20,108,567],[21,106,573],[52,161,331],[53,160,333],[54,162,332],[49,289,295],[50,291,297],[51,290,296],[21,228,523],
[19,230,520],[20,226,526],[3,133,797],[2,135,800],[1,134,803],[69,93,164],[67,91,165],[68,92,163],[4,39,757],[6,37,755],
[5,38,759],[10,44,120],[12,42,119],[11,40,118],[36,100,113],[35,101,114],[34,102,112],[12,17,475],[10,18,477],[11,16,476],
[80,272,487],[81,273,489],[79,271,488],[69,244,1023],[68,246,1017],[67,248,1020],[287,289,1026],[286,290,1025],[288,291,1024],[164,674,1024],
[165,672,1025],[163,670,1026],[8,69,244],[7,67,248],[9,68,246],[12,17,42],[11,16,40],[10,18,44],[69,164,1024],[68,163,1026],
[67,165,1025],[49,289,1026],[51,290,1025],[50,291,1024],[25,52,161],[27,54,162],[26,53,160],[4,39,87],[5,38,86],[6,37,85],
[16,80,272],[18,79,271],[17,81,273],[7,14,29],[8,15,28],[9,13,30],[3,14,133],[1,15,134],[2,13,135],[21,85,228],
[20,86,226],[19,87,230],[25,100,113],[26,102,112],[27,101,114],[20,49,108],[21,51,106],[19,50,107],[3,32,52],[1,33,54],
[2,31,53],[5,42,693],[4,40,687],[6,44,690],[79,117,1027],[80,116,1029],[81,115,1028],[98,100,1029],[97,102,1027],[99,101,1028],
[25,100,1029],[26,102,1027],[27,101,1028],[3,7,14],[2,9,13],[1,8,15],[17,81,1028],[16,80,1029],[18,79,1027],[5,20,86],
[4,19,87],[6,21,85],[3,25,52],[2,26,53],[1,27,54],[20,49,1026],[19,50,1024],[21,51,1025],[7,67,1025],[9,68,1026],
[8,69,1024],[5,17,42],[4,16,40],[6,18,44],[3,25,1029],[1,27,1028],[2,26,1027],[5,20,1026],[6,21,1025],[4,19,1024],
[5,17,1028],[6,18,1027],[4,16,1029],[3,7,1025],[1,8,1024],[2,9,1026],[3,1025,1029],[2,1026,1027],[1,1024,1028],[5,1026,1028],
[4,1024,1029],[6,1025,1027]];
###############################################################

