#SurfaceInfo: 729 Vertices, 6561 Edges, 4374 Faces, IsOrientable=true
 #Vertices of faces:
vof1:=[[727,728,729],[725,726,728],[723,724,727],[722,725,727],[720,721,729],[718,719,728],[717,723,729],[715,716,726],[713,714,727],[711,712,725],
[710,720,728],[709,718,726],[707,708,724],[705,706,722],[703,704,721],[701,702,729],[699,700,728],[697,698,723],[696,715,725],[695,713,724],
[694,711,722],[692,693,719],[690,691,717],[688,689,716],[686,687,726],[684,685,727],[682,683,725],[680,681,710],[678,679,720],[676,677,718],
[675,707,723],[674,705,727],[673,703,720],[672,701,721],[671,699,719],[670,697,717],[668,669,714],[666,667,712],[664,665,709],[662,663,708],
[660,661,706],[658,659,724],[656,657,722],[654,655,704],[652,653,729],[650,651,728],[648,649,723],[646,647,696],[644,645,715],[642,643,713],
[640,641,711],[639,692,718],[638,690,729],[637,688,715],[636,686,716],[635,684,714],[634,682,712],[633,680,728],[632,678,710],[631,676,709],
[629,630,721],[627,628,702],[625,626,700],[623,624,698],[621,622,695],[619,620,694],[617,618,693],[615,616,691],[613,614,719],[611,612,717],
[609,610,689],[607,608,726],[605,606,727],[603,604,725],[601,602,681],[599,600,720],[597,598,718],[595,596,675],[593,594,674],[591,592,707],
[589,590,705],[587,588,673],[585,586,701],[583,584,699],[581,582,697],[580,668,713],[579,666,711],[578,664,726],[577,662,707],[576,660,705],
[575,658,708],[574,656,706],[573,654,703],[572,652,702],[650,659,700],[571,648,698],[570,646,725],[569,644,696],[568,642,695],[567,640,694],
[565,566,716],[563,564,687],[561,562,685],[559,560,683],[557,558,710],[555,556,679],[553,554,677],[551,552,703],[549,550,672],[547,548,671],
[545,546,670],[543,544,669],[541,542,667],[540,552,665],[538,539,714],[537,635,712],[536,586,709],[534,535,663],[533,549,661],[532,584,724],
[530,531,722],[528,529,655],[526,527,729],[524,525,728],[522,523,723],[521,551,647],[519,520,715],[518,531,713],[517,550,711],[515,516,639],
[513,514,638],[511,512,692],[509,510,690],[507,508,637],[505,506,686],[503,504,684],[501,502,682],[499,500,633],[497,498,678],[495,496,676],
[494,629,704],[493,627,701],[492,625,699],[491,623,697],[490,621,724],[489,619,722],[488,617,692],[487,615,690],[486,613,693],[485,611,691],
[484,609,688],[483,607,687],[605,630,685],[603,614,683],[482,601,680],[481,599,679],[597,622,677],[480,595,723],[479,593,727],[478,591,675],
[477,589,674],[476,587,720],[475,585,672],[474,583,671],[473,581,670],[471,472,708],[469,470,706],[467,468,659],[465,466,657],[463,464,704],
[461,462,653],[459,460,651],[457,458,649],[456,585,696],[454,455,645],[452,453,643],[450,451,641],[448,449,688],[636,648,654],[446,447,635],
[481,571,634],[444,445,680],[442,443,632],[440,441,631],[439,504,721],[437,438,628],[436,490,626],[434,435,624],[541,622,645],[433,449,620],
[431,432,630],[429,430,702],[427,428,700],[426,572,698],[425,677,695],[424,506,694],[423,602,618],[422,616,664],[421,502,719],[419,420,717],
[418,473,610],[416,417,726],[414,415,727],[412,413,725],[411,602,621],[410,421,720],[409,437,718],[408,596,644],[448,535,594],[406,407,707],
[404,405,705],[403,588,591],[402,420,701],[401,653,699],[400,665,697],[398,399,580],[397,491,579],[395,396,578],[393,394,668],[391,392,666],
[389,390,664],[388,506,577],[387,388,576],[386,469,658],[557,611,656],[385,386,573],[384,608,652],[383,435,650],[381,382,648],[379,380,570],
[377,378,644],[375,376,642],[373,374,640],[372,565,689],[371,563,686],[370,561,684],[369,559,682],[371,557,681],[397,555,678],[553,596,676],
[368,551,673],[367,549,721],[366,547,719],[365,545,717],[364,543,668],[363,541,666],[362,552,664],[361,538,669],[360,537,667],[402,586,665],
[359,534,662],[358,549,660],[357,532,659],[356,530,657],[355,528,654],[526,653,687],[524,566,651],[522,539,649],[354,551,646],[519,621,645],
[518,550,643],[548,550,641],[353,515,718],[352,513,729],[351,511,639],[350,509,638],[349,507,715],[348,505,636],[347,503,635],[346,501,634],
[345,499,728],[344,497,632],[343,495,631],[341,342,693],[339,340,691],[337,338,614],[335,336,612],[333,334,689],[331,332,608],[329,330,606],
[328,411,604],[327,505,681],[325,326,600],[324,439,598],[323,675,676],[322,505,674],[320,321,592],[318,319,590],[317,642,673],[315,316,586],
[313,314,584],[311,312,582],[309,310,662],[601,615,660],[575,599,688],[574,597,609],[307,308,654],[305,306,572],[303,304,659],[302,429,646],
[301,327,569],[299,300,568],[297,298,567],[422,435,716],[317,425,564],[296,367,562],[295,366,560],[294,598,710],[293,540,556],[291,292,554],
[290,362,703],[434,550,592],[548,590,662],[289,310,546],[287,288,566],[285,286,687],[283,284,685],[281,282,683],[279,280,558],[278,671,679],
[277,483,677],[276,354,552],[275,643,672],[523,641,671],[274,386,670],[273,544,661],[272,521,542],[457,540,619],[382,603,714],[271,643,712],
[270,370,709],[269,344,535],[268,343,533],[266,267,724],[265,407,722],[373,529,567],[264,348,729],[262,263,723],[521,547,561],[261,271,715],
[372,617,713],[260,425,711],[259,516,589],[309,514,529],[299,526,692],[257,258,690],[274,508,511],[256,270,686],[255,684,700],[254,608,682],
[307,500,610],[253,622,678],[514,620,676],[339,508,629],[251,252,493],[250,251,492],[248,249,490],[247,400,489],[494,662,682],[246,288,627],
[305,403,625],[244,245,623],[243,358,621],[241,242,619],[488,588,611],[240,385,487],[239,613,629],[238,239,484],[237,531,607],[236,293,605],
[235,292,603],[234,482,507],[232,233,599],[255,273,597],[230,231,480],[229,415,479],[228,353,591],[316,361,589],[226,227,476],[224,225,585],
[223,452,583],[222,418,581],[221,471,663],[220,469,661],[467,574,658],[315,465,656],[409,463,655],[219,461,652],[218,459,650],[265,457,648],
[315,585,647],[454,595,644],[452,588,642],[450,516,640],[264,448,637],[217,654,716],[383,446,714],[481,543,712],[216,444,633],[215,442,710],
[214,440,709],[235,439,630],[213,437,627],[443,490,625],[212,434,623],[306,449,619],[431,485,629],[211,429,628],[427,498,626],[210,426,624],
[256,506,620],[219,423,617],[209,615,664],[208,421,614],[207,419,612],[206,418,609],[416,608,657],[414,472,606],[412,470,604],[389,601,621],
[421,430,600],[409,428,598],[205,448,593],[406,549,592],[404,547,590],[320,587,591],[401,584,648],[447,582,665],[303,398,713],[204,397,711],
[203,395,726],[202,393,580],[201,391,579],[200,389,578],[199,388,707],[198,387,705],[469,525,575],[228,557,574],[197,385,703],[196,384,572],
[195,383,659],[194,381,571],[312,379,725],[193,377,569],[192,375,568],[191,229,669],[189,190,667],[187,188,665],[185,186,539],[184,192,635],
[182,183,536],[181,295,663],[180,294,661],[178,179,584],[177,226,531],[175,176,655],[174,217,527],[173,350,525],[172,523,533],[364,557,647],
[171,246,520],[231,422,517],[386,639,640],[170,469,638],[168,169,512],[167,436,510],[181,583,637],[493,497,506],[165,166,504],[164,375,502],
[163,339,633],[161,162,498],[160,414,496],[159,355,617],[486,519,660],[485,518,534],[158,253,609],[157,483,487],[156,378,630],[154,155,614],
[153,595,613],[285,290,593],[152,470,478],[151,364,477],[150,538,587],[148,149,475],[176,243,474],[146,147,473],[293,411,708],[292,457,706],
[275,456,468],[181,466,523],[533,542,704],[318,462,578],[217,330,460],[176,383,458],[463,517,696],[145,433,455],[144,363,453],[143,451,504],
[306,445,688],[291,512,648],[447,510,654],[571,617,679],[141,142,680],[140,308,443],[139,355,441],[157,472,511],[137,138,470],[135,136,659],
[134,444,657],[261,393,464],[133,220,653],[132,133,651],[130,131,649],[258,365,456],[129,634,645],[128,357,643],[127,356,641],[126,205,449],
[125,584,636],[410,582,635],[437,634,698],[124,296,445],[123,508,632],[239,393,631],[122,173,721],[121,438,616],[120,436,704],[119,408,435],
[325,541,545],[433,439,690],[323,432,536],[233,522,702],[118,586,698],[117,219,695],[116,218,694],[115,193,602],[114,192,422],[113,367,719],
[112,290,717],[150,228,726],[111,260,411],[110,158,720],[109,399,718],[408,446,461],[459,481,535],[118,287,707],[140,532,705],[221,543,701],
[220,541,699],[275,343,697],[108,399,509],[107,491,678],[159,396,473],[148,650,668],[243,416,666],[114,308,664],[123,393,506],[388,391,393],
[106,117,658],[116,485,656],[288,386,424],[254,652,685],[121,650,683],[253,380,533],[105,548,644],[500,546,642],[396,640,691],[187,388,565],
[118,263,371],[104,370,515],[103,263,369],[116,303,551],[102,126,367],[101,213,366],[253,281,365],[100,138,563],[157,274,559],[371,402,528],
[99,168,555],[106,269,553],[137,340,368],[98,209,549],[406,547,573],[97,127,545],[363,508,586],[97,238,362],[107,538,686],[323,537,565],
[96,107,359],[95,323,358],[177,420,532],[215,530,653],[94,204,355],[366,526,542],[145,225,524],[144,483,522],[93,354,387],[92,96,519],
[121,254,518],[120,121,550],[130,353,458],[169,348,352],[204,475,511],[211,509,554],[91,349,462],[90,152,505],[89,315,503],[88,313,501],
[342,345,525],[87,269,497],[268,339,495],[86,341,618],[339,428,616],[337,613,672],[335,553,611],[260,333,610],[85,331,607],[84,329,605],
[411,419,603],[284,505,602],[112,325,599],[439,527,597],[493,505,594],[318,515,589],[313,508,583],[311,399,581],[309,524,577],[150,576,601],
[460,688,708],[267,609,706],[307,414,573],[236,305,702],[235,303,700],[83,429,570],[301,384,696],[299,360,695],[280,297,694],[422,503,566],
[82,425,563],[367,561,620],[327,366,559],[81,294,558],[291,540,555],[252,291,553],[310,545,548],[287,402,565],[166,285,564],[283,562,641],
[281,378,560],[279,452,557],[214,278,556],[80,277,554],[106,386,546],[273,492,543],[85,272,541],[170,552,619],[143,539,603],[79,271,635],
[78,370,536],[77,269,534],[268,310,549],[266,584,612],[407,531,702],[187,373,528],[264,464,527],[262,340,523],[241,547,551],[271,286,520],
[284,372,531],[260,282,517],[76,309,513],[299,512,654],[257,446,510],[168,507,511],[255,504,599],[254,502,597],[75,307,499],[306,498,622],
[304,496,620],[339,415,494],[251,378,701],[154,250,699],[239,579,697],[198,248,724],[76,247,722],[330,662,704],[195,288,493],[74,403,492],
[78,244,491],[184,358,490],[241,329,489],[311,588,692],[73,240,690],[413,486,629],[163,238,688],[72,237,483],[236,351,630],[71,235,614],
[203,234,680],[70,232,481],[69,273,622],[162,230,723],[164,228,478],[68,316,477],[226,451,720],[224,260,475],[452,468,474],[91,171,504],
[67,169,628],[66,500,626],[65,241,624],[206,297,622],[64,222,620],[63,83,630],[134,159,430],[61,62,428],[66,260,572],[60,64,425],
[58,59,424],[438,544,618],[57,530,616],[56,141,502],[324,379,420],[54,55,610],[122,267,417],[216,415,416],[200,296,413],[125,419,602],
[132,410,422],[266,437,655],[213,596,656],[443,585,594],[332,407,512],[53,100,405],[227,400,411],[508,580,581],[52,578,629],[342,391,394],
[50,51,392],[196,295,390],[175,503,577],[438,501,576],[371,377,611],[333,384,573],[49,105,608],[48,65,435],[47,224,382],[46,187,570],
[108,178,378],[58,264,376],[199,345,374],[337,484,543],[131,206,541],[361,406,615],[360,404,703],[401,402,423],[412,517,534],[105,257,549],
[261,357,482],[356,362,394],[262,400,528],[45,353,687],[293,361,566],[43,44,539],[276,515,537],[135,513,520],[213,298,350],[368,427,507],
[117,227,348],[98,334,347],[55,346,406],[83,407,499],[151,188,344],[42,248,343],[145,561,693],[144,325,691],[125,322,338],[175,336,410],
[655,663,689],[332,489,555],[173,267,328],[56,559,681],[236,326,334],[55,235,324],[400,565,675],[333,649,674],[160,289,321],[156,319,616],
[253,471,673],[56,212,316],[191,314,577],[41,312,608],[302,487,660],[363,394,599],[143,392,597],[304,390,609],[40,49,646],[158,327,410],
[39,300,484],[38,206,298],[68,301,340],[37,136,614],[338,589,612],[140,334,403],[57,494,608],[328,427,606],[57,123,604],[36,152,327],
[37,247,600],[43,309,598],[142,215,323],[114,214,322],[35,571,592],[81,590,695],[317,405,489],[34,235,586],[162,208,584],[190,207,582],
[76,310,396],[153,482,615],[180,504,575],[33,502,574],[75,249,308],[498,572,604],[261,496,659],[194,302,330],[283,388,569],[107,288,568],
[323,403,567],[32,296,716],[317,382,540],[295,381,689],[369,520,710],[31,293,403],[30,259,292],[29,157,703],[434,442,559],[246,440,662],
[289,607,680],[96,409,687],[280,333,604],[29,677,679],[212,506,677],[58,140,276],[28,492,672],[29,85,671],[84,377,670],[51,164,661],
[68,244,521],[279,457,468],[218,578,714],[172,217,712],[207,445,709],[116,302,724],[368,475,722],[28,522,561],[210,257,715],[100,252,713],
[60,251,711],[259,303,331],[329,529,634],[137,212,692],[86,490,686],[428,434,684],[174,571,610],[192,536,678],[125,529,676],[28,90,629],
[27,252,444],[128,251,389],[249,337,344],[131,343,400],[212,246,682],[440,605,627],[117,603,625],[98,266,623],[111,449,621],[158,279,619],
[283,403,611],[244,288,385],[26,29,613],[138,239,612],[518,607,651],[423,605,649],[105,229,655],[314,447,591],[307,571,589],[380,441,583],
[249,581,681],[206,385,471],[222,469,588],[29,110,574],[212,315,399],[77,463,507],[25,219,398],[24,218,397],[110,189,265],[154,420,448],
[70,153,217],[54,383,488],[82,146,543],[444,453,486],[130,215,517],[105,214,538],[68,82,467],[325,432,465],[123,261,457],[256,315,418],
[50,240,454],[90,373,452],[26,115,450],[188,264,431],[94,170,654],[362,446,637],[299,481,484],[147,216,488],[92,190,442],[99,426,440],
[95,99,306],[271,413,485],[204,429,658],[408,427,656],[317,426,471],[23,219,408],[22,209,317],[270,421,461],[419,489,700],[21,206,480],
[416,543,663],[152,156,412],[62,389,456],[56,357,421],[191,356,409],[20,205,587],[94,242,406],[23,89,404],[20,234,320],[382,401,518],
[32,423,665],[247,303,326],[43,204,324],[51,203,228],[348,391,480],[166,389,451],[199,331,626],[149,198,332],[137,256,469],[19,236,557],
[178,197,562],[53,384,553],[232,383,493],[165,183,381],[190,312,413],[73,115,377],[114,375,505],[80,191,544],[18,189,542],[187,282,540],
[185,538,709],[184,537,636],[182,450,586],[181,343,535],[294,522,533],[79,178,532],[177,359,530],[175,192,529],[113,174,526],[202,350,524],
[133,521,557],[207,246,519],[417,422,550],[469,514,639],[398,436,509],[165,503,506],[375,388,501],[339,500,580],[161,252,497],[160,251,495],
[159,412,488],[328,660,693],[122,534,691],[253,345,484],[157,225,687],[378,483,685],[154,503,683],[285,480,613],[17,285,479],[152,583,675],
[151,237,674],[135,476,538],[148,210,672],[243,575,671],[146,466,670],[384,411,472],[383,457,470],[109,275,467],[249,465,523],[464,533,583],
[461,546,578],[217,459,691],[278,456,463],[143,433,454],[363,452,516],[118,143,450],[141,305,445],[308,442,447],[355,440,571],[157,471,597],
[105,135,468],[65,444,466],[261,463,518],[133,462,582],[132,460,698],[258,313,585],[129,280,455],[52,128,453],[110,127,451],[251,296,444],
[90,443,508],[26,239,441],[173,504,558],[121,370,437],[120,369,490],[79,119,434],[163,545,645],[52,449,690],[100,431,536],[41,430,522],
[16,118,572],[61,219,425],[112,218,424],[15,115,423],[113,502,536],[290,420,719],[150,334,417],[109,188,437],[127,446,644],[448,481,509],
[118,136,407],[134,405,532],[190,305,591],[220,221,420],[159,352,395],[148,394,688],[243,392,609],[303,308,390],[50,387,391],[121,435,519],
[185,253,379],[378,487,548],[156,376,546],[155,374,691],[187,372,499],[263,361,686],[43,104,684],[103,446,682],[47,116,368],[73,102,721],
[101,476,719],[75,281,717],[173,617,689],[71,138,371],[33,370,521],[84,274,369],[417,528,681],[61,168,397],[112,269,596],[137,503,673],
[66,209,367],[366,467,573],[127,174,365],[161,647,668],[160,508,666],[44,97,664],[360,565,606],[96,322,662],[46,95,660],[14,177,357],
[167,215,356],[202,366,687],[201,225,566],[17,483,539],[76,93,646],[13,92,621],[120,124,548],[108,130,718],[351,453,475],[36,350,554],
[462,624,715],[90,348,522],[315,347,432],[313,338,346],[53,149,435],[22,51,564],[200,562,594],[144,380,560],[230,237,598],[103,127,556],
[179,290,394],[77,146,550],[40,87,546],[12,17,566],[131,286,430],[95,201,284],[25,75,282],[186,509,558],[200,343,671],[11,481,552],
[40,88,275],[10,145,274],[317,436,542],[284,540,652],[292,382,404],[40,161,643],[231,270,415],[9,72,535],[8,300,533],[32,265,367],
[14,101,529],[266,348,477],[184,263,318],[113,425,610],[82,516,701],[226,392,526],[82,223,258],[91,514,561],[388,492,495],[209,489,565],
[229,244,246],[7,20,245],[72,242,544],[381,487,618],[237,294,484],[6,307,531],[19,103,293],[34,211,292],[232,482,544],[193,233,495],
[31,90,255],[197,222,479],[27,91,353],[56,128,361],[12,77,476],[150,223,335],[235,287,576],[185,359,437],[37,77,434],[36,109,431],
[211,362,601],[299,498,552],[254,256,272],[141,314,664],[140,208,354],[109,418,514],[36,204,657],[211,472,542],[145,470,498],[166,404,621],
[6,13,430],[87,230,428],[398,426,455],[126,397,658],[136,395,405],[82,200,546],[264,281,387],[28,380,525],[29,91,228],[133,385,478],
[94,180,195],[72,194,362],[17,379,526],[64,193,442],[5,102,192],[160,461,669],[156,459,667],[191,246,665],[170,180,186],[33,192,558],
[54,183,261],[610,618,661],[179,365,666],[226,454,638],[122,172,416],[171,180,225],[231,300,503],[181,600,638],[139,169,199],[45,167,602],
[105,341,637],[67,166,573],[66,164,488],[175,633,683],[119,414,531],[305,519,577],[41,245,518],[156,243,534],[155,242,549],[182,313,595],
[6,179,593],[257,261,364],[64,165,587],[4,149,359],[104,176,358],[3,77,147],[63,282,539],[37,135,635],[295,433,521],[180,274,410],
[176,289,408],[172,283,527],[281,525,562],[125,424,523],[9,236,364],[159,230,517],[49,384,386],[111,170,360],[67,512,622],[356,510,672],
[79,108,502],[163,210,268],[81,241,498],[78,472,496],[352,355,400],[435,464,486],[23,382,485],[158,185,213],[287,376,630],[140,374,614],
[69,173,290],[132,477,588],[150,346,460],[138,408,474],[317,473,521],[69,318,708],[174,330,706],[233,456,541],[181,255,433],[176,232,663],
[405,580,696],[8,108,144],[41,107,504],[291,301,668],[100,297,617],[139,530,646],[94,372,659],[23,260,657],[294,365,685],[148,641,645],
[291,386,643],[252,611,641],[126,335,410],[11,369,636],[148,359,634],[124,304,661],[113,228,632],[202,316,631],[153,377,721],[7,47,616],
[321,453,704],[36,168,408],[258,338,439],[323,434,502],[84,490,702],[78,302,694],[569,631,717],[11,409,459],[141,214,707],[80,308,705],
[118,325,699],[88,515,697],[107,154,177],[350,473,695],[252,431,666],[80,367,658],[18,366,656],[287,325,424],[282,291,650],[122,533,622],
[424,468,644],[180,610,642],[33,473,640],[11,19,565],[3,118,429],[34,358,515],[162,241,263],[166,306,551],[126,185,567],[184,193,213],
[37,192,253],[297,524,563],[29,559,684],[99,208,402],[173,390,555],[94,113,553],[28,547,615],[412,465,545],[132,274,586],[138,238,269],
[38,271,538],[148,245,537],[68,107,558],[402,532,606],[401,530,604],[273,526,600],[272,524,598],[169,314,689],[164,304,511],[229,298,501],
[166,342,663],[126,497,706],[213,495,647],[238,310,341],[87,339,647],[15,333,387],[85,186,250],[71,84,579],[39,419,595],[374,505,596],
[65,112,413],[210,471,527],[270,446,601],[13,267,276],[8,235,363],[314,360,429],[43,384,649],[280,307,427],[335,559,564],[140,283,439],
[268,485,493],[97,318,320],[19,313,581],[38,51,311],[64,150,287],[21,52,609],[146,414,467],[303,306,576],[42,83,363],[89,301,472],
[278,299,392],[240,277,297],[22,392,548],[259,281,701],[181,277,341],[85,233,259],[35,170,181],[116,271,331],[370,638,683],[98,310,353],
[407,490,618],[45,137,262],[25,241,322],[161,208,271],[67,207,372],[21,299,510],[53,74,257],[93,168,234],[233,255,402],[254,255,401],
[50,75,595],[174,272,620],[106,301,339],[154,171,513],[6,237,239],[7,116,198],[76,321,475],[244,476,525],[105,312,358],[177,311,560],
[73,179,441],[56,163,460],[237,326,450],[236,501,639],[92,235,371],[171,203,300],[49,60,232],[48,59,273],[44,244,316],[111,224,469],
[16,91,439],[52,67,438],[66,110,436],[222,433,539],[83,314,432],[159,429,695],[61,427,694],[66,426,575],[64,311,677],[58,506,623],
[438,529,602],[421,422,530],[324,355,419],[54,468,473],[195,216,414],[74,200,412],[57,535,585],[81,406,512],[78,100,404],[267,411,665],
[396,579,629],[250,295,389],[48,383,611],[224,381,385],[187,380,492],[118,178,377],[58,375,515],[199,263,373],[262,337,364],[131,363,605],
[172,615,669],[562,667,703],[359,479,517],[152,394,657],[353,357,653],[356,361,651],[353,444,537],[24,135,352],[177,298,638],[136,349,427],
[80,117,636],[98,494,635],[406,486,634],[71,83,345],[188,336,632],[248,628,631],[237,342,561],[236,325,340],[60,125,337],[334,501,655],
[331,441,489],[329,460,681],[129,322,333],[41,289,320],[318,434,616],[313,491,577],[29,41,311],[40,157,302],[158,301,304],[341,394,550],
[136,307,338],[103,336,589],[140,333,401],[57,332,496],[328,330,679],[123,328,677],[142,165,676],[35,321,466],[81,319,365],[49,405,642],
[34,86,316],[162,209,314],[263,330,429],[19,327,388],[38,107,300],[245,298,323],[296,435,456],[218,382,425],[366,381,580],[520,598,714],
[16,31,540],[30,291,357],[29,63,290],[322,442,592],[46,440,590],[86,310,680],[119,286,409],[279,396,604],[2,212,483],[201,275,492],
[75,85,523],[42,51,273],[4,244,272],[172,424,643],[270,445,712],[267,295,302],[180,265,368],[303,426,589],[309,444,634],[37,212,526],
[86,270,494],[248,337,345],[131,203,247],[117,305,660],[98,245,534],[243,378,449],[154,158,242],[20,240,244],[293,406,423],[61,105,415],
[353,447,482],[361,362,571],[226,337,400],[45,225,443],[223,293,441],[44,222,681],[206,221,593],[220,222,379],[110,211,658],[399,498,656],
[77,409,513],[6,25,652],[24,230,650],[189,305,648],[31,264,420],[44,70,716],[54,570,714],[146,349,712],[138,216,453],[130,205,710],
[296,541,661],[17,68,574],[218,275,535],[113,123,265],[265,418,647],[369,373,588],[115,207,516],[383,431,637],[144,170,217],[147,324,633],
[190,215,459],[122,214,426],[450,596,627],[178,594,625],[87,99,619],[23,558,617],[21,22,615],[147,208,461],[124,207,489],[74,543,657],
[12,62,601],[24,357,430],[216,356,428],[20,352,593],[89,102,547],[32,319,447],[27,247,713],[43,128,711],[201,314,348],[9,200,451],
[556,626,707],[332,554,705],[256,421,525],[19,228,409],[196,553,564],[165,186,194],[227,292,326],[7,62,468],[89,300,542],[184,462,514],
[56,231,458],[15,248,648],[89,109,142],[182,374,443],[24,46,472],[1,216,470],[134,286,309],[21,71,464],[22,78,220],[131,205,250],
[125,179,376],[1,123,160],[47,156,393],[133,433,607],[95,115,432],[144,233,257],[116,458,499],[2,149,422],[69,112,578],[30,411,441],
[399,467,555],[249,491,686],[245,379,650],[416,462,592],[88,114,249],[331,461,500],[149,396,459],[370,375,385],[365,389,471],[100,269,500],
[74,233,371],[93,99,115],[16,106,234],[14,97,438],[273,362,542],[215,358,463],[142,253,653],[145,224,398],[144,277,486],[92,354,436],
[68,96,373],[10,19,121],[87,349,352],[3,149,204],[1,15,349],[89,279,302],[88,182,368],[15,135,291],[9,60,287],[106,119,401],
[40,164,619],[79,205,410],[60,268,396],[9,480,702],[82,373,594],[160,340,641],[65,547,599],[102,142,286],[226,284,374],[73,130,282],
[251,278,321],[250,277,319],[63,248,258],[109,184,443],[249,329,441],[130,240,524],[11,229,413],[57,238,351],[234,247,414],[14,70,519],
[69,167,306],[71,226,605],[15,260,395],[27,70,468],[171,215,623],[58,625,628],[45,329,624],[66,100,620],[221,238,630],[57,134,163],
[52,62,464],[8,59,140],[535,544,616],[320,379,633],[132,266,417],[32,266,407],[53,152,464],[149,227,384],[438,520,578],[39,197,342],
[36,196,521],[189,307,576],[22,65,484],[47,200,364],[30,345,653],[157,404,488],[45,98,528],[141,213,287],[48,340,507],[77,219,227],
[25,209,334],[24,55,573],[43,332,499],[26,151,187],[5,15,42],[12,428,539],[83,282,572],[55,139,259],[130,415,462],[413,460,538],
[33,437,612],[28,52,575],[390,572,636],[16,27,382],[46,80,528],[278,378,509],[61,376,464],[112,342,374],[203,206,514],[292,334,360],
[61,82,257],[137,223,566],[120,416,520],[328,350,647],[328,368,568],[68,347,403],[259,346,432],[344,408,456],[124,555,693],[175,254,289],
[55,92,618],[258,493,675],[492,600,674],[142,639,673],[2,27,56],[128,175,191],[204,208,608],[152,363,627],[143,151,625],[38,593,652],
[21,220,614],[74,343,612],[214,463,651],[440,582,592],[117,590,698],[143,239,584],[516,557,582],[153,182,261],[129,265,575],[111,574,580],
[155,194,704],[172,475,569],[195,554,568],[74,497,567],[276,316,716],[478,568,710],[138,391,403],[9,50,259],[142,186,607],[61,153,670],
[477,567,709],[129,329,372],[40,280,692],[35,174,221],[183,398,678],[376,397,676],[216,344,672],[516,563,623],[110,217,613],[137,246,612],
[32,548,655],[274,432,591],[23,344,581],[18,129,471],[5,212,285],[35,48,463],[209,277,398],[165,397,573],[65,448,487],[271,457,652],
[79,240,256],[242,296,454],[218,238,452],[21,172,450],[262,335,442],[289,427,532],[255,419,523],[155,391,453],[147,169,381],[65,190,618],
[375,488,596],[96,191,308],[95,189,355],[73,187,594],[42,181,240],[4,294,587],[79,104,134],[62,103,359],[5,175,234],[17,113,491],
[202,347,675],[207,211,606],[80,341,417],[122,155,455],[166,210,613],[164,285,575],[6,583,600],[283,448,466],[182,466,668],[114,371,639],
[18,165,497],[224,375,495],[3,7,161],[12,86,534],[154,487,673],[14,17,577],[151,232,342],[129,243,592],[128,146,234],[33,141,223],
[62,245,447],[127,189,438],[11,163,175],[219,633,649],[290,367,544],[127,170,250],[104,163,190],[81,221,341],[12,148,445],[98,243,390],
[84,308,326],[20,50,93],[96,121,256],[185,320,515],[119,459,546],[53,395,446],[16,420,476],[75,276,631],[44,321,417],[168,415,570],
[269,349,413],[161,324,458],[44,141,298],[292,322,330],[46,161,328],[225,579,642],[242,483,574],[53,76,176],[6,92,262],[34,120,336],
[13,168,554],[144,210,295],[87,289,430],[17,164,288],[131,285,671],[201,283,670],[189,280,509],[200,278,494],[11,276,336],[145,386,555],
[206,231,370],[9,344,432],[8,338,343],[101,564,567],[264,351,477],[33,184,262],[103,241,544],[232,495,507],[90,238,273],[222,229,369],
[335,397,452],[110,197,418],[24,36,485],[132,601,628],[266,552,626],[39,136,203],[63,199,283],[37,198,281],[133,197,286],[17,312,347],
[64,183,569],[102,568,693],[177,229,461],[188,225,246],[88,180,185],[178,300,365],[119,139,168],[436,540,602],[119,148,160],[151,155,257],
[63,186,448],[254,294,410],[173,562,645],[48,49,640],[108,164,170],[173,285,399],[18,385,470],[224,364,588],[99,147,317],[293,318,323],
[84,233,275],[405,517,700],[2,10,433],[41,143,208],[301,512,558],[197,297,679],[18,355,646],[31,136,372],[30,134,260],[258,400,685],
[7,252,356],[125,369,478],[122,153,176],[5,7,121],[14,120,321],[57,112,569],[154,277,678],[135,252,416],[18,116,372],[102,185,479],
[101,184,312],[99,390,528],[94,106,423],[43,97,412],[97,234,269],[36,94,418],[145,272,299],[204,304,354],[211,481,519],[88,145,298],
[78,166,525],[13,87,706],[39,130,603],[10,150,270],[13,346,708],[8,479,700],[188,199,698],[43,482,696],[84,529,536],[268,527,594],
[51,81,399],[236,563,577],[52,191,267],[42,231,570],[278,360,417],[32,277,280],[374,392,545],[35,98,552],[42,79,331],[78,194,638],
[1,25,551],[39,208,286],[207,284,477],[93,345,513],[50,479,499],[174,304,556],[106,415,603],[3,513,699],[6,34,697],[455,560,692],
[179,453,690],[72,450,466],[171,316,680],[49,70,134],[48,62,69],[16,25,338],[332,396,467],[42,102,599],[4,101,597],[58,327,582],
[59,340,477],[35,112,494],[10,327,350],[37,76,104],[103,309,482],[45,193,288],[326,377,593],[7,227,457],[41,298,561],[251,337,454],
[5,395,682],[99,230,605],[111,126,183],[213,279,376],[177,331,380],[219,224,507],[214,241,341],[115,325,380],[84,96,315],[85,90,387],
[2,26,93],[172,216,596],[120,306,663],[90,156,250],[127,191,360],[89,205,295],[1,18,423],[73,198,203],[5,227,480],[42,59,199],
[4,63,198],[5,10,197],[53,153,465],[232,258,290],[4,136,143],[88,101,157],[26,30,254],[47,182,545],[16,76,604],[129,169,263],
[104,128,167],[12,101,114],[60,327,467],[126,174,300],[111,500,606],[96,125,202],[13,147,404],[124,196,487],[347,462,524],[4,247,522],
[3,13,338],[230,354,674],[86,95,566],[46,284,430],[91,227,237],[4,229,349],[35,211,358],[31,329,443],[40,82,137],[34,188,387],
[15,85,91],[71,72,637],[226,230,379],[222,245,442],[4,14,27],[1,282,428],[39,72,108],[247,348,626],[275,425,536],[11,209,486],
[2,3,255],[129,361,389],[75,223,334],[77,198,500],[109,141,201],[88,431,470],[381,405,407],[264,474,562],[132,478,631],[195,274,344],
[108,194,564],[193,259,322],[319,666,669],[194,454,667],[54,139,518],[49,579,637],[34,67,333],[54,66,162],[79,480,531],[297,496,512],
[28,510,679],[491,496,585],[81,486,527],[69,447,689],[71,451,474],[455,554,708],[351,474,696],[20,101,108],[45,107,320],[49,62,530],
[150,201,632],[632,670,694],[81,220,350],[67,86,122],[59,250,644],[223,595,640],[123,551,564],[83,193,636],[465,491,553],[210,267,537],
[288,393,511],[48,484,595],[439,532,607],[97,357,485],[318,330,510],[95,313,419],[12,132,311],[109,182,301],[139,281,421],[67,94,449],
[23,66,158],[27,54,93],[195,196,673],[74,195,639],[65,80,537],[47,135,494],[142,501,520],[133,309,336],[64,336,627],[279,315,579],
[48,221,377],[5,16,178],[93,162,248],[25,106,304],[46,54,111],[85,570,598],[217,436,445],[52,103,426],[86,189,278],[1,117,302],
[113,449,560],[158,171,202],[159,354,398],[223,248,305],[2,270,349],[205,455,568],[87,169,265],[115,198,606],[178,231,324],[55,326,352],
[50,102,451],[56,176,214],[73,139,286],[24,47,511],[71,193,393],[78,133,632],[156,239,454],[218,310,458],[2,186,192],[92,373,387],
[19,95,120],[9,39,402],[24,162,196],[40,60,478],[395,475,669],[70,474,667],[91,149,215],[169,324,625],[64,100,152],[63,221,272],
[57,159,183],[31,39,391],[30,38,50],[31,58,440],[30,117,199],[296,460,590],[27,47,163],[83,266,516],[151,392,456],[600,649,683],
[1,30,289],[10,37,220],[114,514,651],[33,351,580],[32,55,276],[61,70,633],[240,242,418],[21,26,272],[9,21,268],[155,205,480],
[147,160,183],[2,352,685],[28,59,153],[6,576,675],[202,424,473],[225,465,488],[14,458,479],[15,380,476],[69,128,466],[11,390,645],
[10,104,591],[20,312,395],[26,499,684],[321,458,668],[14,311,336],[167,623,628],[53,497,646],[25,34,124],[179,249,431],[335,364,496],
[36,68,138],[228,513,560],[51,231,559],[23,202,493],[19,359,587],[45,104,256],[67,190,210],[44,76,476],[276,326,627],[92,114,445],
[41,63,139],[146,376,394],[8,38,401],[35,110,342],[1,146,279],[23,33,74],[319,474,482],[196,414,626],[195,332,412],[26,155,186],
[22,80,472],[167,347,576],[59,131,284],[183,340,563],[123,351,567],[70,320,624],[22,165,294],[346,347,624],[319,451,693],[201,346,674],
[368,478,569],[18,22,32],[89,581,587],[58,60,151],[3,8,20],[8,28,197],[51,73,527],[72,345,560],[55,161,280],[38,44,134],
[179,262,351],[10,297,335],[3,31,46],[69,72,455],[13,75,570],[97,268,510],[12,38,119],[126,171,563],[7,203,651],[124,162,628],
[111,242,590],[59,188,465],[346,354,556],[194,196,556],[167,312,669],[556,624,667],[124,167,319],[725,727,728],[723,727,729],[720,728,729],
[718,726,728],[715,725,726],[713,724,727],[711,722,725],[707,723,724],[705,722,727],[703,720,721],[701,721,729],[699,719,728],[697,717,723],
[692,718,719],[690,717,729],[688,715,716],[686,716,726],[684,714,727],[682,712,725],[680,710,728],[678,710,720],[676,709,718],[668,713,714],
[666,711,712],[664,709,726],[662,707,708],[660,705,706],[658,708,724],[656,706,722],[654,703,704],[652,702,729],[650,700,728],[648,698,723],
[646,696,725],[644,696,715],[642,695,713],[640,694,711],[629,704,721],[627,701,702],[625,699,700],[623,697,698],[621,695,724],[619,694,722],
[617,692,693],[615,690,691],[613,693,719],[611,691,717],[609,688,689],[607,687,726],[605,685,727],[603,683,725],[601,680,681],[599,679,720],
[597,677,718],[595,675,723],[593,674,727],[591,675,707],[589,674,705],[587,673,720],[585,672,701],[583,671,699],[581,670,697],[565,689,716],
[563,686,687],[561,684,685],[559,682,683],[557,681,710],[555,678,679],[553,676,677],[551,673,703],[549,672,721],[547,671,719],[545,670,717],
[543,668,669],[541,666,667],[552,664,665],[538,669,714],[537,667,712],[586,665,709],[534,662,663],[549,660,661],[532,659,724],[530,657,722],
[528,654,655],[526,653,729],[524,651,728],[522,649,723],[551,646,647],[519,645,715],[518,643,713],[550,641,711],[515,639,718],[513,638,729],
[511,639,692],[509,638,690],[507,637,715],[505,636,686],[503,635,684],[501,634,682],[499,633,728],[497,632,678],[495,631,676],[471,663,708],
[469,661,706],[467,658,659],[465,656,657],[463,655,704],[461,652,653],[459,650,651],[457,648,649],[585,647,696],[454,644,645],[452,642,643],
[450,640,641],[448,637,688],[636,654,716],[446,635,714],[481,634,712],[444,633,680],[442,632,710],[440,631,709],[439,630,721],[437,627,628],
[490,625,626],[434,623,624],[621,622,645],[449,619,620],[431,629,630],[429,628,702],[427,626,700],[426,624,698],[622,677,695],[506,620,694],
[423,617,618],[615,616,664],[421,614,719],[419,612,717],[418,609,610],[416,608,726],[414,606,727],[412,604,725],[601,602,621],[421,600,720],
[409,598,718],[595,596,644],[448,593,594],[406,592,707],[404,590,705],[587,588,591],[402,586,701],[401,584,699],[582,665,697],[398,580,713],
[397,579,711],[395,578,726],[393,580,668],[391,579,666],[389,578,664],[388,577,707],[387,576,705],[469,575,658],[557,574,656],[385,573,703],
[384,572,652],[383,650,659],[381,571,648],[379,570,725],[377,569,644],[375,568,642],[373,567,640],[341,618,693],[339,616,691],[337,613,614],
[335,611,612],[333,610,689],[331,607,608],[329,605,606],[411,603,604],[505,602,681],[325,599,600],[439,597,598],[596,675,676],[505,594,674],
[320,591,592],[318,589,590],[588,642,673],[315,585,586],[313,583,584],[311,581,582],[309,577,662],[576,601,660],[575,688,708],[574,609,706],
[307,573,654],[305,572,702],[303,659,700],[571,634,698],[429,570,646],[301,569,696],[299,568,695],[297,567,694],[422,566,716],[425,563,564],
[367,561,562],[366,559,560],[294,558,710],[540,555,556],[291,553,554],[362,552,703],[549,550,592],[547,548,590],[310,545,546],[287,565,566],
[285,564,687],[283,562,685],[281,560,683],[279,557,558],[278,556,679],[277,554,677],[354,551,552],[550,643,672],[548,641,671],[386,546,670],
[273,543,544],[272,541,542],[540,552,619],[539,603,714],[271,635,712],[370,536,709],[269,534,535],[268,533,549],[266,584,724],[407,531,722],
[373,528,529],[264,527,729],[345,525,728],[262,523,723],[521,547,551],[271,520,715],[372,531,713],[260,517,711],[515,516,589],[309,513,514],
[299,512,692],[257,510,690],[507,508,511],[256,506,686],[255,504,684],[254,502,682],[307,499,500],[498,622,678],[496,620,676],[339,494,629],
[251,493,701],[250,492,699],[491,579,697],[248,490,724],[247,489,722],[494,662,704],[288,493,627],[403,492,625],[244,491,623],[358,490,621],
[241,489,619],[488,588,692],[240,487,690],[486,613,629],[485,611,656],[238,484,688],[237,483,607],[236,605,630],[235,603,614],[234,482,680],
[232,481,599],[273,597,622],[230,480,723],[415,479,727],[228,478,591],[316,477,589],[226,476,720],[224,475,585],[452,474,583],[418,473,581],
[191,544,669],[189,542,667],[187,540,665],[185,538,539],[184,537,635],[182,536,586],[181,535,663],[294,533,661],[178,532,584],[177,530,531],
[175,529,655],[174,526,527],[350,524,525],[522,523,533],[521,557,647],[246,519,520],[518,531,607],[422,517,550],[516,639,640],[469,514,638],
[168,511,512],[436,509,510],[508,583,637],[493,505,506],[165,503,504],[375,501,502],[339,500,633],[161,497,498],[160,495,496],[159,488,617],
[487,615,660],[486,660,693],[485,534,691],[253,484,609],[157,483,687],[378,630,685],[154,614,683],[482,601,615],[481,571,679],[480,595,613],
[285,479,593],[152,478,675],[151,477,674],[476,538,587],[148,475,672],[243,474,671],[146,473,670],[411,472,708],[457,470,706],[275,467,468],
[465,466,523],[464,533,704],[461,462,578],[217,459,460],[383,457,458],[456,463,696],[433,454,455],[363,452,453],[143,450,451],[306,449,688],
[512,648,654],[446,447,510],[141,445,680],[308,442,443],[355,440,441],[157,471,472],[137,469,470],[135,468,659],[444,466,657],[261,463,464],
[133,462,653],[132,460,651],[130,458,649],[258,456,585],[129,455,645],[128,453,643],[127,451,641],[205,448,449],[584,636,648],[447,582,635],
[296,444,445],[443,508,632],[239,441,631],[173,504,721],[121,437,438],[120,436,490],[119,434,435],[541,545,645],[433,449,690],[431,432,536],
[430,522,702],[428,684,700],[118,572,698],[219,425,695],[218,424,694],[115,423,602],[114,422,664],[113,502,719],[290,420,717],[150,417,726],
[312,413,725],[111,411,621],[158,410,720],[109,437,718],[408,446,644],[448,481,535],[118,407,707],[405,532,705],[305,403,591],[221,420,701],
[220,653,699],[343,400,697],[398,399,509],[397,491,678],[159,395,396],[148,394,668],[243,392,666],[308,390,664],[388,393,506],[387,388,391],
[106,386,658],[288,385,386],[254,608,652],[121,435,650],[382,401,648],[253,379,380],[378,548,644],[376,546,642],[374,640,691],[187,372,565],
[263,371,686],[104,370,684],[103,369,682],[371,557,611],[116,368,551],[102,367,721],[101,366,719],[281,365,717],[372,617,689],[138,371,563],
[370,521,561],[274,369,559],[371,528,681],[168,397,555],[269,553,596],[137,368,673],[209,367,549],[366,547,573],[127,365,545],[364,647,668],
[363,508,666],[97,362,664],[361,538,686],[360,537,565],[96,359,662],[95,358,660],[177,357,532],[215,356,530],[94,355,654],[366,526,687],
[225,524,566],[483,522,539],[93,354,646],[92,519,621],[121,518,550],[120,548,550],[130,353,718],[348,352,729],[351,475,511],[350,509,554],
[349,462,715],[90,348,505],[315,347,503],[313,346,501],[269,344,497],[268,343,495],[91,439,504],[67,438,628],[66,436,626],[65,435,624],
[206,541,622],[222,433,620],[83,432,630],[159,429,430],[61,427,428],[66,426,572],[64,425,677],[58,424,506],[438,602,618],[422,530,616],
[56,421,502],[324,419,420],[54,473,610],[122,416,417],[216,414,415],[200,412,413],[411,419,602],[410,421,422],[409,437,655],[408,596,656],
[535,585,594],[406,407,512],[100,404,405],[403,588,611],[402,420,532],[401,530,653],[400,411,665],[399,580,581],[396,578,629],[391,393,394],
[50,391,392],[295,389,390],[503,506,577],[388,501,576],[386,469,639],[384,386,573],[49,384,608],[48,383,435],[224,381,382],[187,380,570],
[178,377,378],[58,375,376],[199,373,374],[337,364,543],[131,363,541],[361,615,669],[360,667,703],[402,423,665],[359,517,534],[105,358,549],
[261,357,659],[356,394,657],[355,400,528],[353,653,687],[361,566,651],[43,539,649],[353,515,537],[135,352,513],[236,351,639],[298,350,638],
[349,427,507],[117,348,636],[98,347,635],[346,406,634],[83,345,499],[188,344,632],[248,343,631],[342,561,693],[325,340,691],[125,337,338],
[335,336,410],[334,655,689],[331,332,489],[329,330,460],[267,328,411],[327,559,681],[236,325,326],[235,324,439],[323,565,675],[322,333,674],
[289,320,321],[318,319,616],[317,471,673],[212,315,316],[313,314,577],[41,311,312],[310,548,662],[394,599,688],[392,597,609],[308,447,654],
[305,306,445],[303,304,390],[40,302,646],[158,301,327],[299,300,484],[206,297,298],[341,342,394],[301,339,340],[136,338,614],[336,589,612],
[140,333,334],[57,332,608],[328,330,606],[123,328,604],[152,327,505],[247,326,600],[43,324,598],[142,323,676],[114,322,505],[35,321,592],
[81,319,590],[317,405,642],[34,316,586],[162,314,584],[190,312,582],[76,309,310],[504,575,599],[502,574,597],[75,307,308],[306,498,572],
[304,496,659],[302,330,429],[327,388,569],[107,300,568],[298,323,567],[296,435,716],[317,382,425],[32,296,367],[295,366,381],[520,598,710],
[31,293,540],[30,291,292],[29,290,703],[434,442,592],[440,590,662],[289,310,680],[287,288,424],[286,409,687],[284,652,685],[282,650,683],
[279,280,604],[29,671,679],[212,483,677],[140,276,354],[275,492,672],[85,523,671],[84,274,670],[51,273,661],[244,272,521],[279,457,619],
[218,382,714],[172,643,712],[270,445,709],[267,302,724],[265,368,722],[162,263,723],[28,547,561],[257,261,715],[100,617,713],[60,425,711],
[259,303,589],[309,529,634],[212,526,692],[258,439,690],[157,274,511],[86,270,686],[494,608,682],[307,571,610],[192,253,678],[514,529,676],
[90,508,629],[251,252,444],[250,251,389],[248,249,337],[131,247,400],[246,662,682],[246,440,627],[117,305,625],[98,245,623],[243,449,621],
[158,242,619],[240,244,385],[26,239,613],[138,238,239],[293,423,605],[292,382,603],[168,234,507],[233,255,599],[254,255,597],[230,231,517],
[105,229,415],[353,447,591],[361,571,589],[226,227,400],[225,443,585],[223,441,583],[222,581,681],[206,221,471],[220,222,469],[110,574,658],
[315,399,656],[77,409,463],[25,219,652],[24,218,650],[189,265,648],[264,420,448],[70,217,716],[54,383,714],[146,543,712],[216,444,453],
[130,215,710],[214,538,709],[221,543,663],[220,541,661],[68,467,574],[315,432,465],[219,408,461],[218,459,535],[123,265,457],[315,418,647],
[50,454,595],[373,452,588],[115,450,516],[264,431,637],[170,217,654],[383,446,637],[481,484,543],[147,216,633],[190,215,442],[214,426,440],
[213,596,627],[443,594,625],[212,506,623],[99,306,619],[413,485,629],[211,429,658],[427,498,656],[210,426,471],[23,219,617],[22,209,615],
[208,421,461],[207,419,489],[21,206,609],[416,543,657],[414,472,496],[152,412,470],[62,389,601],[357,421,430],[356,409,428],[20,205,593],
[242,406,549],[89,404,547],[20,320,587],[32,447,665],[247,303,713],[43,204,711],[203,228,726],[202,393,631],[201,348,391],[200,389,451],
[199,626,707],[198,332,705],[256,469,525],[19,228,557],[197,562,703],[196,384,553],[195,383,493],[165,194,381],[115,193,377],[114,192,375],
[149,422,435],[22,317,564],[200,296,562],[144,295,560],[237,294,598],[103,293,556],[211,292,554],[290,362,394],[77,434,550],[87,289,546],
[17,288,566],[131,285,286],[201,283,284],[75,281,282],[280,509,558],[200,278,671],[144,277,483],[11,276,552],[40,275,643],[340,523,641],
[145,274,386],[544,618,661],[317,521,542],[457,540,652],[161,271,643],[231,270,370],[9,344,535],[8,343,533],[266,267,417],[32,265,407],
[101,529,567],[264,348,477],[184,262,263],[261,271,457],[260,425,610],[259,516,701],[299,392,526],[82,257,258],[274,508,586],[256,270,421],
[255,419,700],[500,610,642],[253,533,622],[514,561,620],[339,508,580],[252,493,497],[251,492,495],[249,490,686],[400,489,565],[244,246,288],
[20,244,245],[176,243,358],[241,242,544],[383,488,611],[381,385,487],[239,579,629],[237,239,484],[6,237,531],[19,236,293],[34,235,292],
[232,482,507],[232,233,495],[90,255,273],[206,231,480],[222,229,479],[91,228,353],[56,316,361],[77,227,476],[145,224,225],[223,335,452],
[197,222,418],[235,287,630],[185,213,437],[184,443,490],[37,212,434],[36,431,485],[211,601,628],[498,552,626],[210,624,715],[256,272,620],
[219,423,649],[209,314,664],[140,208,614],[207,246,612],[206,418,514],[204,608,657],[211,472,606],[470,498,604],[166,389,621],[6,430,600],
[230,428,598],[303,398,426],[204,397,658],[136,203,395],[202,366,580],[201,225,579],[200,546,578],[199,283,388],[198,281,387],[28,525,575],
[29,228,574],[133,197,385],[196,390,572],[94,195,659],[194,362,571],[17,312,379],[64,193,569],[102,192,568],[229,461,669],[190,459,667],
[188,246,665],[180,185,186],[33,184,192],[182,183,261],[295,663,689],[180,610,661],[178,179,365],[177,226,638],[176,655,663],[174,217,330],
[173,328,350],[122,172,533],[171,225,246],[231,422,503],[170,181,638],[139,168,169],[167,436,602],[181,341,637],[165,166,573],[164,375,488],
[163,175,633],[161,162,208],[119,160,414],[355,571,617],[305,519,660],[245,518,534],[158,304,609],[157,302,487],[156,243,378],[154,155,242],
[153,182,595],[179,290,593],[151,257,364],[64,150,587],[148,149,359],[77,146,147],[191,229,246],[189,190,305],[151,187,188],[63,186,539],
[37,192,635],[183,536,678],[181,295,433],[180,294,410],[125,179,584],[226,284,531],[175,176,289],[172,217,527],[173,525,562],[172,424,523],
[236,364,557],[171,513,520],[49,386,640],[111,170,469],[67,169,512],[167,356,510],[181,583,600],[165,497,506],[166,451,504],[108,164,502],
[163,268,339],[162,241,498],[159,352,355],[435,486,519],[382,485,518],[158,185,253],[378,483,487],[156,376,630],[155,374,614],[153,217,613],
[173,285,290],[385,470,478],[364,477,588],[150,460,538],[149,204,475],[176,408,474],[147,317,473],[293,318,708],[292,330,706],[233,275,456],
[181,255,523],[436,542,704],[69,318,578],[176,232,383],[405,517,696],[10,145,433],[8,144,363],[41,143,504],[148,445,688],[291,301,512],
[299,510,654],[297,617,679],[142,607,680],[140,308,705],[139,355,646],[137,138,612],[136,372,659],[134,260,657],[123,261,393],[133,607,651],
[131,605,649],[258,365,685],[148,634,645],[291,357,643],[252,356,641],[126,205,410],[125,369,636],[79,410,635],[359,437,634],[124,296,661],
[113,123,632],[122,153,721],[7,121,616],[120,321,704],[119,168,408],[325,465,545],[323,502,536],[84,233,702],[132,586,698],[117,590,695],
[116,302,694],[290,367,719],[112,569,717],[111,224,260],[110,451,720],[108,399,718],[270,446,461],[11,459,481],[141,287,707],[82,543,701],
[325,541,699],[88,275,697],[108,378,509],[107,154,678],[159,473,695],[291,650,668],[252,416,666],[80,117,658],[18,116,656],[105,468,644],
[396,473,640],[19,388,565],[118,263,429],[104,358,515],[103,241,263],[303,306,551],[102,126,185],[101,184,213],[37,253,281],[100,297,563],
[29,157,559],[99,402,528],[99,390,555],[94,106,553],[137,262,340],[98,310,549],[406,547,615],[97,412,545],[97,238,269],[38,107,538],
[245,323,537],[68,96,107],[95,323,432],[36,94,204],[273,526,542],[145,272,524],[144,233,522],[50,93,387],[96,121,519],[254,401,518],
[169,314,348],[204,304,511],[211,481,509],[91,462,514],[89,300,503],[88,298,501],[166,342,525],[87,497,706],[339,495,647],[86,310,341],
[87,339,428],[210,613,672],[252,553,611],[15,260,333],[85,186,607],[71,84,605],[39,419,603],[284,374,505],[65,112,599],[471,527,597],
[309,524,598],[150,270,601],[346,460,708],[13,267,706],[307,414,531],[9,236,702],[8,235,700],[188,437,698],[83,314,429],[43,384,696],
[360,429,695],[280,427,694],[86,490,618],[428,434,616],[337,344,672],[335,553,564],[85,259,331],[84,329,529],[284,540,602],[112,325,424],
[283,439,527],[268,493,594],[318,320,515],[313,508,581],[51,311,399],[524,563,577],[150,287,576],[163,460,688],[52,267,609],[414,467,573],
[236,305,577],[235,303,576],[42,83,570],[301,384,472],[278,299,360],[277,280,297],[82,516,563],[81,294,365],[291,386,555],[392,545,548],
[402,565,606],[166,285,613],[283,611,641],[281,378,701],[452,516,557],[214,278,463],[80,277,341],[74,492,543],[85,233,541],[35,170,552],
[143,603,625],[79,271,331],[78,370,638],[12,77,534],[266,437,612],[407,490,702],[46,187,528],[264,376,464],[342,345,374],[25,241,551],
[208,271,286],[207,284,372],[260,282,572],[76,93,513],[53,257,446],[50,75,499],[69,306,622],[174,304,620],[106,339,415],[154,513,699],
[6,239,697],[116,198,724],[76,475,722],[194,330,704],[195,288,568],[74,403,567],[78,244,525],[184,312,358],[241,329,624],[311,560,692],
[73,179,690],[72,237,450],[71,235,371],[171,203,680],[49,70,232],[48,69,273],[51,164,228],[68,244,316],[279,452,468],[293,411,441],
[227,292,457],[62,456,468],[35,181,466],[300,533,542],[184,318,462],[56,176,458],[215,463,517],[145,398,455],[144,453,486],[15,291,648],
[109,141,142],[140,374,443],[73,139,441],[24,472,511],[138,216,470],[37,135,136],[134,309,444],[71,393,464],[78,133,220],[132,133,478],
[130,131,205],[365,389,456],[129,329,634],[56,128,357],[127,191,356],[111,126,449],[327,410,582],[124,207,445],[123,160,508],[156,239,393],
[122,173,267],[438,544,616],[408,435,456],[433,439,607],[118,450,586],[117,219,227],[116,218,458],[45,193,602],[2,192,422],[113,265,367],
[69,112,290],[150,228,632],[30,260,411],[66,110,158],[109,399,467],[118,287,325],[140,439,532],[275,343,535],[107,491,686],[148,245,650],
[243,416,592],[114,249,308],[123,506,677],[106,117,603],[116,271,485],[386,424,643],[254,294,685],[121,370,683],[380,533,583],[105,548,655],
[461,500,546],[396,459,691],[187,388,492],[118,371,377],[370,375,515],[263,369,373],[116,303,331],[126,367,658],[213,366,656],[253,365,471],
[100,138,269],[233,371,402],[93,99,168],[106,234,269],[340,368,507],[98,209,334],[55,406,573],[97,127,438],[235,363,586],[238,273,362],
[107,177,359],[215,323,358],[154,177,420],[142,215,653],[204,324,355],[18,366,542],[92,354,387],[92,96,373],[121,254,256],[19,120,121],
[310,353,458],[87,169,352],[15,91,349],[90,152,156],[89,279,315],[88,182,313],[87,269,349],[137,503,566],[61,82,425],[66,367,620],
[327,366,467],[81,512,558],[282,291,540],[135,252,291],[9,287,402],[166,551,564],[562,641,645],[378,449,560],[214,556,707],[80,554,705],
[106,119,546],[273,492,600],[85,272,598],[164,170,619],[143,433,539],[78,100,536],[77,269,500],[268,310,396],[239,584,612],[480,531,702],
[187,373,594],[464,486,527],[65,241,547],[142,286,520],[130,282,517],[270,415,494],[251,278,378],[154,250,277],[63,198,248],[37,76,247],
[322,330,662],[78,491,496],[329,441,489],[132,311,588],[73,130,240],[11,413,486],[57,163,238],[72,242,483],[238,351,630],[21,71,614],
[203,234,247],[70,481,519],[24,162,230],[40,164,478],[68,340,477],[71,226,451],[260,395,475],[70,468,474],[91,171,215],[169,625,628],
[331,500,626],[297,512,622],[64,100,620],[63,221,630],[57,134,159],[61,62,464],[23,66,260],[60,64,287],[58,59,140],[57,535,616],
[56,141,214],[324,379,633],[55,610,618],[172,216,416],[125,529,602],[132,417,422],[32,266,655],[332,496,512],[53,100,152],[227,384,411],
[52,438,578],[39,342,391],[38,50,51],[196,295,521],[175,191,577],[189,438,576],[67,333,573],[49,105,637],[48,65,484],[47,224,364],
[46,54,570],[79,108,178],[31,58,264],[30,199,345],[157,404,703],[106,401,423],[156,412,534],[155,257,549],[153,261,482],[45,262,528],
[45,98,353],[293,361,406],[43,44,97],[58,276,515],[141,213,298],[332,407,499],[15,42,248],[171,180,504],[66,100,500],[64,222,442],
[63,83,282],[134,286,430],[12,62,428],[59,424,644],[57,530,604],[33,141,502],[220,379,420],[54,55,139],[415,416,462],[296,413,460],
[125,419,523],[132,274,410],[53,395,405],[28,52,629],[22,51,392],[175,503,683],[438,501,520],[48,377,611],[333,384,649],[105,312,608],
[27,47,382],[337,345,484],[131,203,206],[292,360,404],[255,401,402],[159,412,517],[61,105,257],[353,357,482],[356,361,362],[262,337,400],
[45,225,687],[223,293,566],[44,222,539],[267,276,537],[135,416,520],[213,350,647],[328,368,427],[227,348,480],[334,347,403],[55,259,346],
[83,266,407],[151,344,456],[42,181,343],[145,555,693],[144,217,691],[96,125,322],[175,254,410],[124,489,555],[56,460,681],[236,334,501],
[55,92,235],[258,400,675],[600,649,674],[1,160,289],[47,156,616],[142,253,673],[2,56,212],[41,208,608],[117,302,660],[152,363,394],
[143,151,392],[243,390,609],[49,530,646],[39,484,595],[38,206,593],[68,301,558],[37,220,614],[338,343,612],[140,283,403],[427,532,606],
[36,152,657],[37,526,600],[114,214,651],[440,571,592],[405,489,700],[143,208,584],[207,516,582],[76,396,604],[180,265,575],[33,574,580],
[75,249,523],[16,572,604],[172,283,569],[32,276,716],[16,382,540],[169,381,689],[369,478,710],[31,391,403],[30,50,259],[335,442,559],
[96,202,687],[333,401,604],[328,677,679],[28,510,672],[153,377,670],[520,578,714],[217,445,712],[207,477,709],[28,90,522],[27,252,713],
[128,251,711],[40,137,692],[434,559,684],[35,174,571],[125,376,676],[27,353,444],[128,361,389],[131,343,671],[137,212,246],[363,605,627],
[266,516,623],[29,110,613],[314,432,591],[307,338,589],[249,344,581],[18,385,471],[224,469,588],[212,285,399],[48,463,507],[25,209,398],
[24,397,573],[110,127,189],[154,448,487],[61,70,153],[54,66,488],[82,146,467],[444,486,634],[105,135,538],[240,256,418],[240,242,454],
[90,238,452],[21,26,450],[109,188,431],[362,446,601],[299,481,552],[147,404,488],[92,262,442],[99,440,605],[95,99,115],[271,413,538],
[3,204,429],[289,408,427],[99,317,426],[23,344,408],[9,21,480],[120,416,663],[96,191,409],[20,50,240],[94,406,423],[23,382,404],
[20,93,234],[155,391,480],[149,332,396],[178,562,594],[53,149,384],[147,183,381],[65,190,413],[73,377,721],[375,505,596],[80,191,308],
[18,189,355],[73,187,282],[80,537,636],[4,294,522],[79,134,532],[62,359,530],[5,175,192],[17,113,526],[202,347,524],[133,557,582],
[207,211,519],[463,518,651],[341,417,550],[328,568,693],[122,155,691],[253,345,653],[2,483,685],[28,153,615],[17,164,285],[6,583,675],
[230,237,674],[285,575,671],[283,466,670],[80,367,544],[185,567,709],[184,193,636],[182,450,466],[192,529,536],[113,174,610],[202,350,473],
[133,433,521],[114,514,639],[354,398,436],[375,388,495],[111,500,580],[7,161,252],[160,251,321],[412,465,488],[46,328,660],[86,122,534],
[157,225,488],[154,503,673],[5,285,480],[14,17,479],[152,464,583],[151,237,342],[15,135,476],[148,210,537],[129,243,575],[128,146,466],
[249,465,491],[143,239,454],[141,223,305],[245,442,447],[65,444,537],[313,491,585],[129,280,333],[52,128,191],[173,558,617],[33,370,437],
[84,369,490],[79,434,502],[11,163,645],[52,67,449],[100,252,431],[41,522,561],[16,118,178],[61,219,633],[112,218,578],[1,15,423],
[113,425,536],[150,223,334],[127,250,644],[186,448,509],[118,136,143],[104,190,591],[81,220,221],[20,352,395],[303,308,326],[185,320,379],
[124,487,548],[156,459,546],[26,187,499],[43,499,684],[395,446,682],[7,47,116],[420,476,719],[75,631,717],[69,173,689],[71,138,474],
[33,473,521],[44,417,681],[61,168,415],[112,269,413],[66,162,209],[127,174,556],[161,458,668],[160,666,669],[44,141,664],[14,177,311],
[167,215,623],[17,483,574],[53,76,646],[6,13,92],[34,120,124],[321,453,475],[36,168,554],[258,313,338],[145,298,561],[144,325,380],
[25,322,338],[11,175,336],[332,467,555],[56,231,559],[292,326,334],[55,161,324],[156,250,319],[191,314,360],[42,363,599],[4,143,597],
[40,49,60],[39,203,300],[38,44,298],[57,112,494],[57,123,351],[36,327,350],[43,309,482],[214,241,322],[81,350,695],[209,317,489],
[67,190,207],[261,364,496],[78,194,302],[45,107,288],[293,323,403],[317,436,540],[120,369,520],[259,292,322],[289,532,607],[29,311,677],
[28,380,492],[29,85,91],[84,326,377],[164,304,661],[36,68,521],[7,457,468],[368,475,569],[144,210,257],[60,251,337],[5,212,682],
[98,266,552],[158,213,279],[26,29,684],[229,501,655],[314,447,689],[331,380,441],[249,329,681],[206,370,385],[222,369,588],[77,219,507],
[219,224,398],[218,397,452],[110,265,418],[105,214,341],[68,82,373],[115,325,432],[96,256,315],[90,373,387],[26,93,115],[188,264,387],
[94,170,180],[72,362,637],[216,488,596],[92,190,618],[95,120,306],[89,205,587],[94,242,418],[23,89,581],[97,234,320],[18,32,423],
[51,73,203],[42,199,331],[4,149,198],[45,137,256],[5,178,197],[53,465,553],[232,258,493],[64,165,183],[73,115,198],[383,431,470],
[109,201,275],[278,392,456],[83,363,516],[101,157,597],[65,448,466],[54,261,518],[462,582,592],[460,590,698],[280,455,692],[52,453,690],
[251,296,454],[31,90,443],[26,30,441],[107,504,558],[79,119,531],[47,163,545],[41,289,430],[15,115,380],[334,360,417],[103,127,446],
[136,405,407],[49,134,405],[116,372,499],[129,263,361],[43,104,128],[47,182,368],[73,102,286],[12,101,476],[80,417,528],[61,376,397],
[112,374,596],[174,300,365],[161,328,647],[111,360,606],[46,95,284],[14,97,357],[95,201,566],[12,17,539],[13,404,621],[39,108,130],
[179,351,453],[347,462,624],[247,348,522],[346,347,432],[13,338,346],[51,559,564],[177,380,560],[179,376,394],[146,394,550],[40,82,546],
[12,86,566],[131,284,430],[25,75,334],[186,192,558],[74,200,343],[40,88,157],[40,161,280],[231,415,570],[72,535,544],[14,438,529],
[132,266,477],[226,374,392],[82,137,223],[91,237,561],[4,229,244],[3,7,20],[65,487,618],[22,294,484],[6,307,576],[19,103,359],
[34,211,358],[103,482,544],[193,213,495],[8,197,479],[16,27,91],[10,150,335],[26,254,272],[36,109,418],[211,362,542],[145,299,498],
[87,99,230],[126,335,397],[226,379,526],[5,42,102],[4,14,101],[53,435,464],[82,200,594],[40,87,619],[1,25,282],[10,274,591],
[9,39,72],[8,38,300],[266,348,626],[263,318,330],[223,248,258],[11,209,565],[7,62,245],[381,407,618],[232,290,544],[193,233,259],
[3,31,255],[185,359,479],[37,77,198],[141,201,314],[204,208,354],[109,184,514],[89,472,542],[88,145,470],[78,166,404],[13,87,430],
[122,426,455],[264,281,562],[380,476,525],[180,195,274],[72,108,194],[193,322,442],[156,454,667],[191,267,665],[23,33,558],[319,365,666],
[194,454,638],[180,225,642],[600,638,683],[63,139,199],[633,649,683],[41,245,298],[98,243,534],[313,419,595],[6,593,652],[165,294,587],
[4,359,587],[3,77,513],[282,428,539],[135,494,635],[281,421,525],[210,268,527],[81,399,498],[352,400,685],[23,485,493],[69,455,708],
[126,174,706],[2,255,433],[232,342,663],[351,580,696],[8,20,108],[41,107,320],[182,301,668],[23,74,657],[11,390,636],[276,316,631],
[78,632,694],[11,19,409],[3,118,699],[34,515,697],[179,431,666],[67,122,622],[33,223,640],[99,147,208],[173,399,555],[113,491,553],
[164,288,511],[166,306,663],[126,497,567],[221,238,341],[34,333,387],[170,186,250],[71,579,637],[150,201,346],[13,75,276],[9,200,364],
[136,307,427],[97,268,485],[97,318,510],[19,95,313],[12,38,311],[89,109,301],[240,297,524],[139,259,281],[181,240,277],[67,94,372],
[21,272,299],[74,233,257],[44,244,476],[179,249,441],[227,237,326],[126,171,300],[60,151,232],[42,59,273],[44,316,716],[16,338,439],
[52,426,575],[139,421,530],[95,355,419],[27,54,468],[195,196,414],[74,195,412],[57,496,585],[81,406,486],[172,475,669],[474,562,667],
[479,517,700],[30,357,653],[7,356,651],[24,47,135],[142,501,639],[71,83,193],[133,336,632],[132,628,631],[110,217,436],[61,670,694],
[66,164,575],[64,311,336],[58,623,628],[424,468,473],[195,216,344],[279,396,579],[205,250,295],[224,375,385],[169,199,263],[262,335,364],
[21,172,615],[24,55,352],[177,229,298],[4,136,349],[35,98,494],[71,72,345],[34,188,336],[162,248,628],[318,323,434],[106,301,304],
[103,426,589],[165,397,676],[49,579,642],[34,67,86],[296,456,541],[218,275,425],[29,41,63],[129,322,592],[46,111,590],[119,409,459],
[201,492,674],[75,85,570],[4,63,272],[89,295,302],[88,180,368],[86,278,494],[93,248,345],[154,158,171],[159,230,354],[319,447,482],
[226,337,454],[45,329,443],[222,245,379],[230,379,650],[248,305,648],[16,31,420],[570,598,714],[270,349,712],[138,391,453],[205,568,710],
[17,68,347],[87,265,647],[115,207,606],[108,144,170],[326,450,627],[178,324,625],[147,160,461],[12,132,601],[24,357,485],[216,356,672],
[75,223,595],[326,352,593],[89,102,142],[32,277,319],[9,50,451],[142,165,186],[54,111,183],[178,231,300],[45,104,167],[67,166,210],
[14,519,577],[41,139,518],[6,179,262],[76,104,176],[3,13,147],[125,202,424],[127,170,360],[163,190,210],[81,241,341],[22,78,472],
[213,287,376],[36,138,408],[381,405,580],[148,160,641],[11,229,369],[25,124,304],[113,228,560],[171,202,316],[155,453,704],[478,569,631],
[88,185,515],[39,208,402],[173,390,645],[94,113,449],[38,271,652],[218,238,310],[15,85,387],[85,90,250],[84,315,579],[189,280,307],
[19,581,587],[21,52,464],[146,234,414],[167,306,576],[22,32,548],[21,268,510],[53,74,497],[174,221,272],[7,198,203],[44,76,321],
[27,56,163],[92,114,371],[48,59,340],[236,340,563],[60,125,478],[17,491,577],[103,309,336],[8,140,401],[330,510,679],[321,466,668],
[86,316,680],[10,19,327],[63,258,290],[31,46,440],[119,139,286],[42,51,231],[210,267,295],[221,377,593],[35,110,211],[228,409,513],
[6,25,34],[44,70,134],[1,146,349],[147,169,324],[149,215,459],[122,176,214],[172,450,596],[21,22,220],[24,46,430],[1,216,428],
[102,547,599],[4,27,247],[196,556,626],[195,332,554],[194,196,564],[155,186,194],[231,324,458],[109,182,443],[46,80,472],[1,18,470],
[133,286,309],[458,479,499],[88,249,431],[177,331,461],[74,371,639],[5,16,234],[35,358,463],[209,277,486],[2,349,352],[2,3,149],
[1,279,302],[38,119,401],[9,60,268],[226,230,605],[5,15,395],[14,27,70],[182,374,545],[59,131,250],[1,123,551],[47,393,511],
[88,101,114],[129,389,471],[16,25,106],[92,436,445],[5,10,121],[79,205,480],[60,396,467],[160,183,340],[278,321,417],[130,462,524],
[229,349,413],[247,414,626],[69,128,167],[45,320,624],[70,320,633],[39,197,286],[98,390,528],[83,572,636],[130,415,603],[203,514,651],
[124,319,693],[30,254,289],[202,493,675],[195,639,673],[2,27,93],[128,175,234],[64,152,627],[58,151,625],[33,74,612],[111,242,574],
[455,554,568],[18,129,372],[35,48,221],[277,398,678],[171,563,623],[42,79,240],[86,95,189],[104,134,163],[52,62,103],[347,576,675],
[368,478,568],[155,205,455],[63,283,448],[18,22,165],[3,46,161],[12,119,148],[84,96,308],[13,168,570],[53,153,176],[14,120,336],
[13,554,708],[189,278,509],[9,259,432],[3,8,338],[101,108,564],[264,351,474],[33,262,351],[24,36,196],[31,39,136],[57,183,569],
[123,564,567],[201,632,670],[47,200,494],[276,336,627],[274,344,432],[351,477,567],[224,495,507],[110,197,342],[167,312,347],[102,451,693],
[26,151,155],[48,595,640],[84,275,536],[28,197,679],[31,329,372],[50,102,479],[20,101,312],[43,332,412],[304,354,556],[2,10,270],
[117,199,698],[474,482,696],[73,527,594],[51,81,527],[345,513,560],[48,49,62],[8,28,59],[91,149,227],[22,65,80],[35,112,342],
[68,138,403],[58,440,582],[129,169,265],[159,183,398],[79,104,256],[242,296,590],[18,497,646],[196,487,673],[62,69,447],[12,114,445],
[16,76,476],[188,225,465],[10,197,297],[30,38,134],[5,7,227],[14,321,458],[59,188,199],[32,55,280],[59,284,477],[72,455,560],
[69,72,466],[58,60,327],[126,183,563],[59,153,465],[10,220,350],[10,37,104],[193,288,393],[146,279,376],[2,26,186],[198,500,606],
[124,162,196],[346,354,674],[167,319,669],[194,556,667],[54,93,162],[319,451,474],[1,30,117],[23,158,202],[55,276,326],[312,395,669],
[70,624,667],[297,335,496],[124,167,628],[346,556,624]];
###############################################################

