#SurfaceInfo: 192 Vertices, 1152 Edges, 768 Faces, IsOrientable=true
 #Vertices of faces:
vof1:=[[190,191,192],[188,189,191],[187,188,190],[185,186,190],[184,185,192],[182,183,191],[181,182,192],[179,180,191],[178,179,189],[176,177,188],
[175,176,189],[173,174,190],[171,172,190],[169,170,188],[168,173,187],[167,171,186],[166,169,187],[165,166,185],[165,170,186],[163,164,192],
[161,162,191],[159,160,192],[157,158,191],[155,156,185],[154,163,184],[153,161,183],[152,159,181],[151,157,180],[150,155,184],[149,175,182],
[148,150,182],[147,179,184],[149,177,183],[148,156,181],[147,180,186],[146,163,189],[144,145,188],[143,160,189],[141,142,190],[139,140,188],
[137,138,179],[136,146,178],[135,144,177],[134,160,175],[133,141,174],[132,142,172],[131,139,170],[130,137,178],[129,168,176],[128,130,176],
[127,173,181],[126,171,183],[125,169,178],[129,174,177],[128,138,175],[127,174,183],[126,172,181],[125,170,180],[143,159,187],[124,161,186],
[146,164,187],[122,123,185],[120,121,192],[118,119,185],[116,117,173],[114,115,171],[112,113,169],[111,143,168],[110,124,167],[109,164,166],
[108,122,166],[107,120,164],[106,158,162],[105,121,160],[104,118,156],[113,116,168],[103,114,167],[112,117,166],[109,154,165],[102,103,165],
[101,157,177],[100,155,167],[102,115,170],[124,162,184],[101,158,175],[100,156,172],[99,144,180],[97,98,182],[95,96,182],[93,94,179],
[91,92,189],[89,90,179],[87,88,163],[85,86,161],[83,84,159],[81,82,157],[79,80,155],[136,147,154],[110,126,153],[111,127,152],
[78,99,151],[77,150,162],[76,97,175],[75,95,150],[74,93,184],[73,91,163],[72,140,145],[71,92,143],[70,89,138],[80,87,154],
[69,85,153],[68,83,152],[67,81,151],[79,88,150],[134,149,152],[77,148,153],[66,69,149],[65,68,148],[64,67,147],[63,141,170],
[63,142,166],[62,139,174],[61,137,151],[66,86,177],[65,84,156],[64,82,186],[99,145,178],[62,140,168],[61,138,158],[60,122,172],
[59,87,176],[58,102,176],[56,57,173],[54,55,171],[53,83,169],[51,52,187],[50,64,173],[49,52,171],[48,66,169],[47,57,146],
[45,46,144],[44,123,160],[43,54,141],[42,56,142],[40,41,139],[39,104,137],[109,125,136],[78,101,135],[38,62,133],[37,60,132],
[38,63,131],[100,130,145],[36,59,168],[58,65,130],[35,56,181],[54,90,183],[34,53,178],[33,51,159],[32,82,161],[31,52,146],
[30,119,123],[29,50,117],[48,49,115],[48,79,113],[39,57,136],[45,80,135],[103,123,134],[39,43,133],[28,42,132],[40,68,131],
[47,104,130],[111,129,134],[100,128,135],[80,119,129],[29,103,128],[39,90,127],[28,35,126],[68,96,125],[27,120,156],[27,121,150],
[36,118,164],[61,116,133],[26,114,132],[77,112,131],[46,119,174],[29,44,138],[41,96,180],[60,123,167],[36,119,154],[61,117,142],
[26,115,141],[77,113,140],[25,97,162],[34,95,160],[37,93,158],[24,85,165],[29,65,165],[23,86,157],[22,137,155],[35,89,163],
[49,92,161],[50,74,159],[21,120,157],[20,112,155],[19,94,143],[18,73,124],[17,98,164],[16,17,122],[51,78,120],[38,91,121],
[15,47,118],[67,75,116],[31,76,114],[69,70,112],[77,100,110],[37,63,108],[36,81,107],[25,42,106],[34,43,105],[14,37,106],
[27,81,104],[24,25,154],[22,99,167],[13,41,144],[14,74,124],[12,96,98],[16,90,94],[11,88,89],[49,58,86],[20,50,84],
[21,82,118],[20,66,80],[67,94,111],[31,73,110],[69,98,109],[16,69,108],[31,78,107],[38,71,105],[19,75,113],[18,76,103],
[17,70,117],[102,108,134],[11,68,102],[42,76,101],[10,91,138],[10,92,130],[26,87,107],[23,85,106],[23,83,105],[32,81,106],
[79,104,129],[11,41,115],[15,145,172],[25,98,153],[34,96,152],[37,94,151],[35,90,136],[26,88,121],[23,84,120],[28,59,145],
[58,108,143],[14,53,140],[13,114,149],[9,116,148],[45,55,147],[70,79,149],[11,128,148],[29,75,147],[24,46,139],[8,112,137],
[48,76,146],[21,51,144],[7,121,141],[6,142,158],[7,91,139],[16,33,126],[32,40,127],[12,31,99],[5,140,162],[18,44,97],
[5,19,95],[4,88,93],[52,92,110],[6,17,89],[28,87,135],[71,85,108],[14,83,131],[61,78,100],[27,43,75],[35,40,73],
[25,28,72],[14,60,72],[10,40,70],[13,60,152],[9,62,153],[28,55,136],[8,63,151],[15,53,122],[34,60,99],[3,87,102],
[18,57,64],[19,52,55],[4,66,83],[2,47,48],[21,46,50],[22,44,95],[7,54,95],[6,56,97],[7,41,89],[22,39,119],
[33,71,110],[14,32,111],[4,74,80],[38,73,107],[12,36,67],[5,48,88],[66,76,109],[65,75,125],[64,74,111],[2,64,103],
[25,36,62],[1,51,117],[2,82,115],[1,52,113],[32,57,73],[24,45,72],[24,71,123],[43,55,132],[42,57,133],[13,40,72],
[70,104,127],[20,46,86],[15,58,84],[32,47,92],[24,44,91],[26,81,129],[23,43,125],[2,116,128],[11,126,135],[9,17,118],
[1,79,114],[20,124,131],[6,93,122],[4,101,105],[30,62,71],[3,63,107],[12,19,59],[3,56,84],[8,54,86],[30,47,53],
[6,44,50],[5,7,49],[33,45,74],[38,61,77],[26,37,134],[10,65,85],[30,34,39],[1,29,45],[23,42,109],[2,101,133],
[1,27,132],[5,59,97],[8,19,58],[3,18,20],[15,21,49],[9,67,96],[13,31,98],[8,69,90],[33,78,105],[3,35,68],
[9,41,82],[33,55,94],[9,16,30],[22,46,54],[13,17,51],[5,53,93],[10,27,106],[12,18,22],[4,11,16],[15,56,59],
[6,7,21],[1,10,72],[3,8,12],[2,4,30],[188,190,191],[185,190,192],[182,191,192],[179,189,191],[176,188,189],[173,187,190],
[171,186,190],[169,187,188],[165,185,186],[163,184,192],[161,183,191],[159,181,192],[157,180,191],[155,184,185],[149,182,183],[148,181,182],
[147,179,180],[146,178,189],[144,177,188],[160,175,189],[141,174,190],[142,172,190],[139,170,188],[137,178,179],[129,176,177],[128,175,176],
[127,173,174],[126,171,172],[125,169,170],[143,168,187],[124,167,186],[164,166,187],[122,166,185],[170,180,186],[120,164,192],[158,162,191],
[121,160,192],[118,156,185],[116,168,173],[114,167,171],[112,166,169],[109,165,166],[102,165,170],[146,163,164],[124,161,162],[143,159,160],
[101,157,158],[100,155,156],[147,154,184],[126,153,183],[127,152,181],[99,151,180],[150,162,184],[97,175,182],[95,150,182],[93,179,184],
[174,177,183],[156,172,181],[91,163,189],[140,145,188],[92,143,189],[89,138,179],[87,154,163],[85,153,161],[83,152,159],[81,151,157],
[79,150,155],[134,149,175],[77,148,150],[66,149,177],[65,148,156],[64,147,186],[99,144,145],[63,141,142],[62,139,140],[61,137,138],
[125,136,178],[101,135,177],[62,133,174],[60,132,172],[63,131,170],[130,145,178],[59,168,176],[58,130,176],[56,173,181],[54,171,183],
[53,169,178],[138,158,175],[51,159,187],[82,161,186],[52,146,187],[119,123,185],[50,117,173],[49,115,171],[48,113,169],[57,136,146],
[45,135,144],[123,134,160],[43,133,141],[42,132,142],[40,131,139],[104,130,137],[111,129,168],[100,128,130],[119,129,174],[29,128,138],
[90,127,183],[35,126,181],[96,125,180],[60,122,123],[27,120,121],[36,118,119],[61,116,117],[26,114,115],[77,112,113],[100,110,167],
[63,108,166],[36,107,164],[25,106,162],[34,105,160],[37,106,158],[27,104,156],[113,140,168],[103,123,167],[117,142,166],[24,154,165],
[29,103,165],[86,157,177],[22,155,167],[115,141,170],[41,144,180],[74,124,184],[96,98,182],[90,94,179],[88,89,163],[49,86,161],
[50,84,159],[21,82,157],[20,80,155],[94,111,143],[73,110,124],[98,109,164],[16,108,122],[78,107,120],[38,105,121],[47,104,118],
[75,113,116],[76,103,114],[70,112,117],[109,136,154],[102,103,134],[11,102,115],[76,101,175],[100,145,172],[25,97,98],[34,95,96],
[37,93,94],[10,91,92],[35,89,90],[26,87,88],[23,85,86],[23,83,84],[32,81,82],[79,80,129],[77,110,153],[111,134,152],
[61,78,151],[27,75,150],[35,73,163],[28,72,145],[71,108,143],[14,72,140],[10,70,138],[80,119,154],[69,98,153],[68,96,152],
[67,94,151],[88,121,150],[13,149,152],[9,148,153],[55,136,147],[69,70,149],[11,68,148],[67,75,147],[46,139,174],[8,137,151],
[84,120,156],[15,122,172],[34,99,178],[87,102,176],[57,64,173],[52,55,171],[66,83,169],[47,48,146],[21,46,144],[44,95,160],
[7,54,141],[6,56,142],[7,41,139],[22,39,137],[33,110,126],[32,111,127],[31,78,99],[77,140,162],[18,76,97],[19,75,95],
[4,74,93],[38,73,91],[71,92,110],[17,70,89],[80,87,135],[69,85,108],[68,83,131],[36,67,81],[48,79,88],[66,69,109],
[65,68,125],[64,67,111],[20,66,86],[58,65,84],[2,64,82],[36,62,168],[61,142,158],[28,59,87],[58,102,108],[42,56,57],
[43,54,55],[14,53,83],[1,51,52],[50,64,74],[49,52,92],[48,66,76],[32,47,57],[24,45,46],[24,44,123],[13,40,41],
[39,104,127],[78,100,135],[38,61,133],[26,37,132],[38,77,131],[10,65,130],[33,74,159],[32,92,161],[31,76,146],[30,71,123],
[30,39,119],[1,29,117],[2,48,115],[1,79,113],[39,90,136],[39,57,133],[28,55,132],[47,92,130],[26,129,134],[11,128,135],
[23,109,125],[2,103,128],[28,126,135],[17,118,164],[2,116,133],[1,114,132],[20,112,131],[44,91,138],[5,97,162],[6,93,158],
[60,99,167],[65,85,165],[23,120,157],[112,137,155],[19,58,143],[18,20,124],[6,17,122],[21,51,120],[7,91,121],[15,21,118],
[9,67,116],[13,31,114],[8,69,112],[78,101,105],[38,62,71],[14,37,60],[38,63,107],[12,36,59],[3,35,56],[8,54,90],
[30,34,53],[33,51,78],[31,52,110],[29,44,50],[5,48,49],[45,74,80],[34,39,43],[25,28,42],[35,40,68],[28,35,136],
[22,46,119],[9,41,96],[25,36,154],[26,121,141],[24,71,85],[29,65,75],[19,55,94],[18,57,73],[13,17,98],[9,16,17],
[15,47,53],[37,108,134],[26,81,107],[23,42,106],[23,43,105],[14,32,106],[81,104,129],[13,51,144],[14,124,131],[12,31,98],
[12,67,96],[16,33,94],[16,69,90],[4,11,88],[8,58,86],[3,20,84],[9,82,118],[4,66,80],[31,73,107],[33,71,105],
[19,52,113],[18,64,103],[17,51,117],[61,77,100],[3,68,102],[42,101,133],[3,87,107],[10,85,106],[4,83,105],[27,81,106],
[70,79,104],[41,82,115],[15,59,145],[5,53,140],[25,62,153],[34,60,152],[37,63,151],[79,114,149],[116,128,148],[29,45,147],
[24,91,139],[11,16,126],[40,70,127],[12,22,99],[6,44,97],[5,7,95],[5,88,93],[6,7,89],[24,25,72],[14,74,111],
[11,41,89],[15,49,58],[20,46,50],[42,76,109],[33,45,55],[32,40,73],[18,22,44],[5,19,59],[43,75,125],[13,60,72],
[53,93,122],[2,30,47],[22,54,95],[56,59,97],[1,45,72],[27,43,132],[10,40,72],[46,54,86],[15,56,84],[2,4,101],
[9,30,62],[3,8,63],[6,21,50],[7,21,49],[8,12,19],[3,12,18],[4,16,30],[1,10,27]];
###############################################################

