#SurfaceInfo: 301 Vertices, 903 Edges, 602 Faces, IsOrientable=true
 #Vertices of faces:
vof1:=[[299,300,301],[298,299,300],[297,299,301],[296,300,301],[293,294,295],[290,291,292],[287,288,289],[284,285,286],[281,282,283],[278,279,280],
[275,276,277],[272,273,274],[269,270,271],[266,267,268],[263,264,265],[260,261,262],[258,259,267],[256,257,264],[254,255,261],[252,253,257],
[250,251,255],[248,249,259],[247,249,276],[246,253,273],[245,251,270],[244,266,267],[243,263,264],[242,260,261],[258,267,268],[254,261,262],
[256,264,265],[250,255,261],[248,259,267],[252,257,264],[245,250,251],[247,248,249],[246,252,253],[249,275,276],[253,272,273],[251,269,270],
[240,241,254],[238,239,258],[236,237,256],[235,254,255],[234,258,259],[233,256,257],[232,253,257],[231,249,259],[230,251,255],[230,235,255],
[232,233,257],[231,234,259],[233,236,256],[235,240,254],[234,238,258],[239,258,268],[237,256,265],[241,254,262],[229,245,250],[228,246,252],
[227,247,248],[232,253,272],[231,249,275],[230,251,269],[242,250,261],[243,252,264],[244,248,267],[225,226,230],[223,224,231],[221,222,232],
[220,241,262],[219,237,265],[218,239,268],[225,230,269],[221,232,272],[223,231,275],[217,235,240],[216,234,238],[215,233,236],[226,230,235],
[222,232,233],[224,231,234],[229,242,250],[227,244,248],[228,243,252],[214,266,268],[213,260,262],[212,263,265],[211,275,277],[210,269,271],
[209,272,274],[208,211,277],[207,209,274],[206,210,271],[205,213,260],[204,212,263],[203,214,266],[214,218,268],[213,220,262],[212,219,265],
[202,229,242],[201,228,243],[200,227,244],[211,223,275],[209,221,272],[210,225,269],[217,226,235],[216,224,234],[215,222,233],[199,243,263],
[198,244,266],[197,242,260],[195,196,211],[193,194,210],[191,192,209],[188,189,190],[187,188,189],[186,188,190],[185,189,190],[184,193,194],
[183,195,196],[182,191,192],[181,213,220],[180,212,219],[179,214,218],[178,217,226],[177,215,222],[176,216,224],[196,211,223],[192,209,221],
[194,210,225],[197,202,242],[199,201,243],[198,200,244],[198,203,266],[197,205,260],[199,204,263],[195,208,211],[191,207,209],[193,206,210],
[175,225,226],[174,221,222],[173,223,224],[172,205,213],[171,203,214],[170,204,212],[169,185,203],[168,186,205],[167,187,204],[165,166,183],
[164,166,184],[163,166,182],[165,166,184],[163,166,183],[164,166,182],[170,187,204],[171,185,203],[172,186,205],[170,180,212],[172,181,213],
[171,179,214],[162,195,208],[161,191,207],[160,193,206],[169,198,203],[167,199,204],[168,197,205],[159,198,200],[158,199,201],[157,197,202],
[175,194,225],[173,196,223],[174,192,221],[175,178,226],[173,176,224],[174,177,222],[169,185,189],[167,187,188],[168,186,190],[165,183,195],
[163,182,191],[164,184,193],[156,187,189],[155,185,190],[154,186,188],[153,184,194],[152,183,196],[151,182,192],[150,170,180],[149,172,181],
[148,171,179],[156,169,189],[155,168,190],[154,167,188],[147,175,178],[146,174,177],[145,173,176],[153,175,194],[151,174,192],[152,173,196],
[156,170,187],[154,172,186],[155,171,185],[153,165,184],[151,164,182],[152,163,183],[159,169,198],[157,168,197],[158,167,199],[162,165,195],
[160,164,193],[161,163,191],[153,162,165],[152,161,163],[151,160,164],[150,156,170],[148,155,171],[149,154,172],[147,153,175],[145,152,173],
[146,151,174],[156,159,169],[155,157,168],[154,158,167],[147,153,162],[146,151,160],[145,152,161],[150,156,159],[149,154,158],[148,155,157],
[144,247,276],[143,245,270],[142,246,273],[141,276,277],[140,270,271],[139,273,274],[138,229,245],[137,227,247],[136,228,246],[135,200,227],
[134,202,229],[133,201,228],[132,208,277],[131,206,271],[130,207,274],[129,159,200],[128,158,201],[127,157,202],[126,162,208],[125,160,206],
[124,161,207],[126,132,208],[124,130,207],[125,131,206],[129,135,200],[128,133,201],[127,134,202],[134,138,229],[133,136,228],[135,137,227],
[132,141,277],[130,139,274],[131,140,271],[136,142,246],[137,144,247],[138,143,245],[141,144,276],[139,142,273],[140,143,270],[126,147,162],
[124,145,161],[125,146,160],[129,150,159],[127,148,157],[128,149,158],[122,123,135],[120,121,134],[118,119,133],[116,117,132],[114,115,130],
[112,113,131],[111,240,241],[110,238,239],[109,236,237],[142,278,279],[144,284,285],[143,281,282],[108,220,241],[107,218,239],[106,219,237],
[105,217,240],[104,216,238],[103,215,236],[102,181,220],[101,179,218],[100,180,219],[99,178,217],[98,176,216],[97,177,215],[96,150,180],
[95,148,179],[94,149,181],[93,147,178],[92,145,176],[91,146,177],[93,99,178],[91,97,177],[92,98,176],[96,100,180],[94,102,181],
[95,101,179],[99,105,217],[97,103,215],[98,104,216],[102,108,220],[100,106,219],[101,107,218],[105,111,240],[103,109,236],[104,110,238],
[108,111,241],[106,109,237],[107,110,239],[116,126,132],[112,125,131],[114,124,130],[96,129,150],[94,128,149],[95,127,148],[93,126,147],
[91,125,146],[92,124,145],[141,144,284],[140,143,281],[139,142,278],[138,143,282],[137,144,285],[136,142,279],[117,132,141],[113,131,140],
[115,130,139],[122,135,137],[118,133,136],[120,134,138],[123,129,135],[119,128,133],[121,127,134],[89,90,99],[87,88,97],[85,86,98],
[83,84,102],[81,82,101],[79,80,100],[111,293,294],[109,290,291],[110,287,288],[108,111,293],[107,110,287],[106,109,290],[105,111,294],
[104,110,288],[103,109,291],[83,102,108],[79,100,106],[81,101,107],[89,99,105],[85,98,104],[87,97,103],[80,96,100],[82,95,101],
[84,94,102],[90,93,99],[86,92,98],[88,91,97],[120,138,282],[118,136,279],[122,137,285],[117,141,284],[115,139,278],[113,140,281],
[93,116,126],[92,114,124],[91,112,125],[96,123,129],[95,121,127],[94,119,128],[77,78,286],[75,76,280],[73,74,283],[72,282,283],
[71,279,280],[70,285,286],[69,284,286],[68,278,280],[67,281,283],[71,75,280],[72,73,283],[70,77,286],[69,78,286],[67,74,283],
[68,76,280],[69,117,284],[67,113,281],[68,115,278],[72,120,282],[70,122,285],[71,118,279],[90,93,116],[88,91,112],[86,92,114],
[80,96,123],[84,94,119],[82,95,121],[83,108,293],[79,106,290],[81,107,287],[89,105,294],[87,103,291],[85,104,288],[65,66,292],
[63,64,295],[61,62,289],[60,122,123],[59,118,119],[58,120,121],[57,116,117],[56,112,113],[55,114,115],[54,293,295],[53,287,289],
[52,290,292],[51,294,295],[50,291,292],[49,288,289],[53,61,289],[52,65,292],[54,63,295],[51,64,295],[49,62,289],[50,66,292],
[57,90,116],[55,86,114],[56,88,112],[51,89,294],[49,85,288],[50,87,291],[54,83,293],[52,79,290],[53,81,287],[60,80,123],
[58,82,121],[59,84,119],[59,71,118],[60,70,122],[58,72,120],[57,69,117],[55,68,115],[56,67,113],[48,71,75],[47,70,77],
[46,72,73],[45,69,78],[44,68,76],[43,67,74],[42,89,90],[41,85,86],[40,87,88],[39,83,84],[38,79,80],[37,81,82],
[42,57,90],[40,56,88],[41,55,86],[39,59,84],[37,58,82],[38,60,80],[39,54,83],[37,53,81],[38,52,79],[42,51,89],
[40,50,87],[41,49,85],[36,53,61],[35,54,63],[34,52,65],[33,51,64],[32,50,66],[31,49,62],[45,57,69],[43,56,67],
[44,55,68],[48,59,71],[46,58,72],[47,60,70],[42,45,57],[41,44,55],[40,43,56],[33,42,51],[31,41,49],[32,40,50],
[35,39,54],[34,38,52],[36,37,53],[39,48,59],[38,47,60],[37,46,58],[35,39,48],[36,37,46],[34,38,47],[33,42,45],
[32,40,43],[31,41,44],[30,73,74],[29,75,76],[28,77,78],[27,45,78],[26,43,74],[25,44,76],[24,48,75],[23,46,73],
[22,47,77],[22,28,77],[24,29,75],[23,30,73],[26,30,74],[27,28,78],[25,29,76],[24,35,48],[22,34,47],[23,36,46],
[27,33,45],[25,31,44],[26,32,43],[20,21,30],[18,19,28],[16,17,29],[15,65,66],[14,61,62],[13,63,64],[12,33,64],
[11,31,62],[10,32,66],[9,34,65],[8,35,63],[7,36,61],[9,15,65],[7,14,61],[8,13,63],[10,15,66],[12,13,64],
[11,14,62],[16,24,29],[20,23,30],[18,22,28],[12,27,33],[10,26,32],[11,25,31],[8,24,35],[7,23,36],[9,22,34],
[19,27,28],[21,26,30],[17,25,29],[5,6,13],[3,4,15],[1,2,14],[5,12,13],[1,11,14],[3,10,15],[4,9,15],
[6,8,13],[2,7,14],[8,16,24],[9,18,22],[7,20,23],[12,19,27],[11,17,25],[10,21,26],[5,12,19],[3,10,21],
[1,11,17],[6,8,16],[4,9,18],[2,7,20],[18,19,298],[16,17,297],[20,21,296],[5,19,298],[3,21,296],[1,17,297],
[6,16,297],[2,20,296],[4,18,298],[5,6,299],[1,2,301],[3,4,300],[5,298,299],[3,296,300],[1,297,301],[6,297,299],
[4,298,300],[2,296,301]];
###############################################################

#SurfaceInfo: 301 Vertices, 903 Edges, 602 Faces, IsOrientable=true
 #Vertices of faces:
vof2:=[[299,300,301],[298,299,300],[297,299,301],[296,300,301],[293,294,295],[290,291,292],[287,288,289],[284,285,286],[281,282,283],[278,279,280],
[275,276,277],[272,273,274],[269,270,271],[266,267,268],[263,264,265],[260,261,262],[257,258,259],[254,255,256],[251,252,253],[248,249,250],
[245,246,247],[242,243,244],[240,241,243],[238,239,246],[236,237,249],[235,275,276],[235,269,270],[235,272,273],[249,269,271],[246,276,277],
[243,272,274],[232,233,234],[229,230,231],[226,227,228],[223,224,225],[222,224,255],[221,225,258],[220,223,252],[219,231,258],[218,234,252],
[217,228,255],[236,248,249],[240,242,243],[238,245,246],[216,226,227],[215,232,233],[214,229,230],[213,233,234],[212,227,228],[211,230,231],
[223,251,252],[224,254,255],[225,257,258],[234,252,253],[228,255,256],[231,258,259],[217,222,255],[219,221,258],[218,220,252],[222,223,224],
[221,224,225],[220,223,225],[219,229,231],[218,232,234],[217,226,228],[249,250,269],[243,244,272],[246,247,276],[241,243,274],[237,249,271],
[239,246,277],[235,269,275],[235,270,272],[235,273,276],[210,266,267],[209,263,264],[208,260,261],[206,207,217],[204,205,218],[202,203,219],
[200,201,215],[198,199,214],[196,197,216],[195,200,201],[194,198,199],[193,196,197],[201,215,232],[199,214,229],[197,216,226],[192,210,266],
[191,208,260],[190,209,263],[189,241,274],[188,237,271],[187,239,277],[206,217,226],[202,219,229],[204,218,232],[207,217,222],[205,218,220],
[203,219,221],[192,236,248],[191,238,245],[190,240,242],[250,269,275],[247,273,276],[244,270,272],[213,234,253],[211,231,259],[212,228,256],
[222,223,251],[220,225,257],[221,224,254],[186,275,277],[185,270,271],[184,273,274],[183,213,253],[182,212,256],[181,211,259],[186,250,275],
[185,244,270],[184,247,273],[186,187,277],[184,189,274],[185,188,271],[180,195,200],[179,193,196],[178,194,198],[207,222,251],[203,221,254],
[205,220,257],[201,204,232],[197,206,226],[199,202,229],[192,210,248],[190,209,242],[191,208,245],[177,248,250],[176,242,244],[175,245,247],
[174,254,256],[173,251,253],[172,257,259],[171,264,265],[170,261,262],[169,267,268],[168,195,201],[167,193,197],[166,194,199],[165,171,193],
[164,170,194],[163,169,195],[167,171,193],[168,169,195],[166,170,194],[162,171,265],[161,169,268],[160,170,262],[163,169,267],[164,170,261],
[165,171,264],[173,183,253],[172,181,259],[174,182,256],[177,210,248],[175,208,245],[176,209,242],[168,201,204],[166,199,202],[167,197,206],
[173,207,251],[172,205,257],[174,203,254],[163,180,195],[165,179,193],[164,178,194],[159,186,187],[158,185,188],[157,184,189],[177,186,250],
[175,184,247],[176,185,244],[156,206,207],[155,204,205],[154,202,203],[153,210,267],[152,208,261],[151,209,264],[150,174,182],[149,173,183],
[148,172,181],[147,163,180],[146,164,178],[145,165,179],[156,173,207],[154,174,203],[155,172,205],[156,167,206],[154,166,202],[155,168,204],
[153,177,210],[151,176,209],[152,175,208],[153,163,267],[151,165,264],[152,164,261],[159,177,186],[158,176,185],[157,175,184],[162,167,171],
[160,166,170],[161,168,169],[153,159,177],[152,157,175],[151,158,176],[156,162,167],[155,161,168],[154,160,166],[149,156,173],[148,155,172],
[150,154,174],[147,153,163],[146,152,164],[145,151,165],[147,153,159],[145,151,158],[146,152,157],[149,156,162],[150,154,160],[148,155,161],
[144,236,237],[143,238,239],[142,240,241],[141,263,265],[140,260,262],[139,266,268],[138,192,236],[137,190,240],[136,191,238],[135,187,239],
[134,189,241],[133,188,237],[132,192,266],[131,190,263],[130,191,260],[129,159,187],[128,158,188],[127,157,189],[126,162,265],[125,160,262],
[124,161,268],[129,135,187],[128,133,188],[127,134,189],[132,138,192],[130,136,191],[131,137,190],[125,140,262],[124,139,268],[126,141,265],
[132,139,266],[131,141,263],[130,140,260],[133,144,237],[134,142,241],[135,143,239],[138,144,236],[137,142,240],[136,143,238],[129,147,159],
[127,146,157],[128,145,158],[125,150,160],[124,148,161],[126,149,162],[122,123,139],[120,121,141],[118,119,140],[116,117,133],[114,115,135],
[112,113,134],[111,198,214],[110,200,215],[109,196,216],[136,284,285],[138,278,279],[137,281,282],[108,215,233],[107,214,230],[106,216,227],
[105,213,233],[104,211,230],[103,212,227],[102,182,212],[101,181,211],[100,183,213],[99,180,200],[98,178,198],[97,179,196],[96,150,182],
[95,148,181],[94,149,183],[93,147,180],[92,146,178],[91,145,179],[93,99,180],[91,97,179],[92,98,178],[96,102,182],[94,100,183],
[95,101,181],[100,105,213],[102,103,212],[101,104,211],[104,107,230],[103,106,227],[105,108,233],[99,110,200],[97,109,196],[98,111,198],
[107,111,214],[106,109,216],[108,110,215],[114,129,135],[116,128,133],[112,127,134],[96,125,150],[94,126,149],[95,124,148],[93,129,147],
[91,128,145],[92,127,146],[138,144,278],[136,143,284],[137,142,281],[117,133,144],[115,135,143],[113,134,142],[118,130,140],[122,132,139],
[120,131,141],[119,125,140],[121,126,141],[123,124,139],[131,137,282],[132,138,279],[130,136,285],[89,90,102],[87,88,100],[85,86,101],
[83,84,99],[81,82,97],[79,80,98],[107,293,294],[106,287,288],[108,290,291],[107,111,293],[108,110,290],[106,109,287],[83,99,110],
[79,98,111],[81,97,109],[104,107,294],[105,108,291],[103,106,288],[85,101,104],[89,102,103],[87,100,105],[90,96,102],[86,95,101],
[88,94,100],[84,93,99],[80,92,98],[82,91,97],[120,131,282],[118,130,285],[122,132,279],[117,144,278],[113,142,281],[115,143,284],
[93,114,129],[92,112,127],[91,116,128],[96,119,125],[95,123,124],[94,121,126],[77,78,280],[75,76,286],[73,74,283],[72,285,286],
[71,279,280],[70,282,283],[69,284,286],[68,278,280],[67,281,283],[72,75,286],[71,77,280],[70,73,283],[67,74,283],[69,76,286],
[68,78,280],[68,117,278],[67,113,281],[69,115,284],[71,122,279],[70,120,282],[72,118,285],[82,91,116],[80,92,112],[84,93,114],
[86,95,123],[90,96,119],[88,94,121],[85,104,294],[89,103,288],[87,105,291],[79,111,293],[81,109,287],[83,110,290],[65,66,289],
[63,64,295],[61,62,292],[60,122,123],[59,118,119],[58,120,121],[57,116,117],[56,112,113],[55,114,115],[54,294,295],[53,288,289],
[52,291,292],[51,293,295],[50,287,289],[49,290,292],[54,63,295],[52,61,292],[53,65,289],[51,64,295],[49,62,292],[50,66,289],
[57,82,116],[55,84,114],[56,80,112],[51,79,293],[49,83,290],[50,81,287],[54,85,294],[52,87,291],[53,89,288],[60,86,123],
[58,88,121],[59,90,119],[59,72,118],[58,70,120],[60,71,122],[57,68,117],[55,69,115],[56,67,113],[48,72,75],[47,70,73],
[46,71,77],[45,69,76],[44,68,78],[43,67,74],[42,85,86],[41,87,88],[40,89,90],[39,79,80],[38,83,84],[37,81,82],
[37,57,82],[39,56,80],[38,55,84],[40,59,90],[42,60,86],[41,58,88],[42,54,85],[40,53,89],[41,52,87],[39,51,79],
[37,50,81],[38,49,83],[36,54,63],[35,52,61],[34,53,65],[33,51,64],[32,50,66],[31,49,62],[44,57,68],[43,56,67],
[45,55,69],[48,59,72],[46,60,71],[47,58,70],[39,43,56],[38,45,55],[37,44,57],[33,39,51],[31,38,49],[32,37,50],
[36,42,54],[35,41,52],[34,40,53],[42,46,60],[41,47,58],[40,48,59],[36,42,46],[34,40,48],[35,41,47],[33,39,43],
[32,37,44],[31,38,45],[30,77,78],[29,73,74],[28,75,76],[27,43,74],[26,44,78],[25,45,76],[24,46,77],[23,48,75],
[22,47,73],[24,30,77],[23,28,75],[22,29,73],[26,30,78],[25,28,76],[27,29,74],[24,36,46],[23,34,48],[22,35,47],
[27,33,43],[25,31,45],[26,32,44],[20,21,28],[18,19,30],[16,17,29],[15,61,62],[14,63,64],[13,65,66],[12,33,64],
[11,32,66],[10,31,62],[9,36,63],[8,34,65],[7,35,61],[7,15,61],[8,13,65],[9,14,63],[11,13,66],[10,15,62],
[12,14,64],[18,24,30],[16,22,29],[20,23,28],[12,27,33],[10,25,31],[11,26,32],[9,24,36],[7,22,35],[8,23,34],
[17,27,29],[21,25,28],[19,26,30],[5,6,14],[3,4,15],[1,2,13],[5,12,14],[1,11,13],[3,10,15],[4,7,15],
[6,9,14],[2,8,13],[9,18,24],[8,20,23],[7,16,22],[12,17,27],[11,19,26],[10,21,25],[5,12,17],[3,10,21],
[1,11,19],[6,9,18],[4,7,16],[2,8,20],[16,17,298],[18,19,297],[20,21,296],[5,17,298],[3,21,296],[1,19,297],
[6,18,297],[2,20,296],[4,16,298],[5,6,299],[1,2,301],[3,4,300],[5,298,299],[3,296,300],[1,297,301],[6,297,299],
[4,298,300],[2,296,301]];
###############################################################

#SurfaceInfo: 304 Vertices, 912 Edges, 608 Faces, IsOrientable=true
 #Vertices of faces:
vof3:=[[302,303,304],[301,302,303],[300,302,304],[299,303,304],[296,297,298],[293,294,295],[290,291,292],[287,288,289],[284,285,286],[281,282,283],
[278,279,280],[276,277,279],[274,275,279],[274,278,279],[275,276,279],[277,279,280],[271,272,273],[268,269,270],[265,266,267],[262,263,264],
[259,260,261],[256,257,258],[253,254,255],[250,251,252],[247,248,249],[244,245,246],[241,242,243],[238,239,240],[235,236,237],[234,251,257],
[233,245,260],[232,248,254],[231,237,251],[230,240,248],[229,243,245],[226,227,228],[223,224,225],[220,221,222],[227,241,242],[224,235,236],
[221,238,239],[219,242,243],[218,236,237],[217,239,240],[231,235,237],[229,241,243],[230,238,240],[231,234,251],[230,232,248],[229,233,245],
[250,251,257],[244,245,260],[247,248,254],[237,251,252],[243,245,246],[240,248,249],[232,253,254],[233,259,260],[234,256,257],[215,216,230],
[213,214,231],[211,212,229],[210,260,261],[209,254,255],[208,257,258],[207,210,261],[206,208,258],[205,209,255],[204,234,256],[203,233,259],
[202,232,253],[208,250,257],[209,247,254],[210,244,260],[211,229,241],[215,230,238],[213,231,235],[214,231,234],[212,229,233],[216,230,232],
[218,237,252],[217,240,249],[219,243,246],[226,227,241],[220,221,238],[223,224,235],[199,200,201],[196,197,198],[193,194,195],[210,262,263],
[208,268,269],[209,265,266],[200,226,228],[194,220,222],[197,223,225],[192,200,228],[191,197,225],[190,194,222],[189,199,200],[188,193,194],
[187,196,197],[197,198,223],[200,201,226],[194,195,220],[186,218,252],[185,219,246],[184,217,249],[208,250,268],[210,244,262],[209,247,265],
[207,210,263],[205,209,266],[206,208,269],[204,214,234],[202,216,232],[203,212,233],[211,226,241],[213,223,235],[215,220,238],[183,250,252],
[182,244,246],[181,247,249],[180,204,214],[179,203,212],[178,202,216],[177,207,263],[176,206,269],[175,205,266],[183,250,268],[182,244,262],
[181,247,265],[183,186,252],[181,184,249],[182,185,246],[195,215,220],[201,211,226],[198,213,223],[189,192,200],[188,190,194],[187,191,197],
[174,271,272],[173,272,273],[172,271,273],[264,275,276],[270,277,280],[267,274,278],[171,263,264],[170,269,270],[169,266,267],[168,268,270],
[167,262,264],[166,265,267],[165,213,214],[164,211,212],[163,215,216],[189,199,272],[187,196,273],[188,193,271],[173,189,272],[174,188,271],
[172,187,273],[174,199,272],[172,193,271],[173,196,273],[170,270,280],[169,267,274],[171,264,276],[166,267,278],[168,270,277],[167,264,275],
[165,180,214],[163,178,216],[164,179,212],[162,189,192],[161,187,191],[160,188,190],[163,195,215],[165,198,213],[164,201,211],[159,183,186],
[158,182,185],[157,181,184],[168,183,268],[166,181,265],[167,182,262],[171,177,263],[169,175,266],[170,176,269],[156,278,280],[155,274,275],
[154,276,277],[153,199,201],[152,193,195],[151,196,198],[150,165,180],[149,164,179],[148,163,178],[147,171,177],[146,170,176],[145,169,175],
[152,163,195],[151,165,198],[153,164,201],[156,170,280],[154,171,276],[155,169,274],[156,166,278],[154,168,277],[155,167,275],[153,174,199],
[151,173,196],[152,172,193],[159,168,183],[158,167,182],[157,166,181],[160,174,188],[161,172,187],[162,173,189],[153,160,174],[152,161,172],
[151,162,173],[155,158,167],[156,157,166],[154,159,168],[150,151,165],[148,152,163],[149,153,164],[147,154,171],[145,155,169],[146,156,170],
[150,151,162],[149,153,160],[148,152,161],[147,154,159],[146,156,157],[145,155,158],[144,227,242],[143,221,239],[142,224,236],[141,219,242],
[140,217,239],[139,218,236],[138,227,228],[137,221,222],[136,224,225],[135,186,218],[134,184,217],[133,185,219],[132,192,228],[131,190,222],
[130,191,225],[129,159,186],[128,157,184],[127,158,185],[126,162,192],[125,160,190],[124,161,191],[126,132,192],[124,130,191],[125,131,190],
[129,135,186],[127,133,185],[128,134,184],[132,138,228],[130,136,225],[131,137,222],[135,139,218],[133,141,219],[134,140,217],[138,144,227],
[136,142,224],[137,143,221],[141,144,242],[140,143,239],[139,142,236],[126,150,162],[124,148,161],[125,149,160],[129,147,159],[127,145,158],
[128,146,157],[122,123,132],[120,121,130],[118,119,131],[116,117,135],[114,115,133],[112,113,134],[144,287,288],[143,284,285],[142,281,282],
[111,259,261],[110,256,258],[109,253,255],[108,204,256],[107,202,253],[106,203,259],[105,207,261],[104,205,255],[103,206,258],[102,180,204],
[101,178,202],[100,179,203],[99,177,207],[98,175,205],[97,176,206],[96,150,180],[95,148,178],[94,149,179],[93,147,177],[92,145,175],
[91,146,176],[93,99,177],[91,97,176],[92,98,175],[96,102,180],[94,100,179],[95,101,178],[99,105,207],[97,103,206],[98,104,205],
[102,108,204],[100,106,203],[101,107,202],[105,111,261],[103,110,258],[104,109,255],[108,110,256],[106,111,259],[107,109,253],[122,126,132],
[118,125,131],[120,124,130],[93,129,147],[91,128,146],[92,127,145],[96,126,150],[94,125,149],[95,124,148],[139,142,281],[141,144,287],
[140,143,284],[138,144,288],[137,143,285],[136,142,282],[116,135,139],[112,134,140],[114,133,141],[123,132,138],[119,131,137],[121,130,136],
[117,129,135],[113,128,134],[115,127,133],[89,90,99],[87,88,97],[85,86,98],[83,84,102],[81,82,100],[79,80,101],[111,296,297],
[110,290,291],[109,293,294],[106,111,296],[107,109,293],[108,110,290],[105,111,297],[104,109,294],[103,110,291],[83,102,108],[79,101,107],
[81,100,106],[89,99,105],[85,98,104],[87,97,103],[84,96,102],[80,95,101],[82,94,100],[90,93,99],[86,92,98],[88,91,97],
[123,138,288],[121,136,282],[119,137,285],[116,139,281],[114,141,287],[112,140,284],[96,122,126],[95,120,124],[94,118,125],[93,117,129],
[92,115,127],[91,113,128],[78,288,289],[77,282,283],[76,285,286],[75,281,283],[74,287,289],[73,284,286],[71,72,283],[69,70,289],
[67,68,286],[71,77,283],[67,76,286],[69,78,289],[72,75,283],[68,73,286],[70,74,289],[75,116,281],[73,112,284],[74,114,287],
[78,123,288],[76,119,285],[77,121,282],[90,93,117],[88,91,113],[86,92,115],[84,96,122],[82,94,118],[80,95,120],[81,106,296],
[83,108,290],[79,107,293],[89,105,297],[87,103,291],[85,104,294],[66,296,298],[65,290,292],[64,293,295],[63,297,298],[62,291,292],
[61,294,295],[59,60,292],[57,58,295],[55,56,298],[54,122,123],[53,118,119],[52,120,121],[51,116,117],[50,112,113],[49,114,115],
[55,66,298],[57,64,295],[59,65,292],[56,63,298],[58,61,295],[60,62,292],[51,90,117],[49,86,115],[50,88,113],[63,89,297],
[61,85,294],[62,87,291],[66,81,296],[64,79,293],[65,83,290],[54,84,122],[52,80,120],[53,82,118],[53,76,119],[52,77,121],
[54,78,123],[51,75,116],[49,74,114],[50,73,112],[48,67,76],[47,71,77],[46,69,78],[45,72,75],[44,70,74],[43,68,73],
[42,89,90],[41,85,86],[40,87,88],[39,81,82],[38,79,80],[37,83,84],[42,51,90],[40,50,88],[41,49,86],[39,53,82],
[37,54,84],[38,52,80],[39,66,81],[37,65,83],[38,64,79],[42,63,89],[40,62,87],[41,61,85],[36,57,64],[35,55,66],
[34,59,65],[33,56,63],[32,60,62],[31,58,61],[45,51,75],[43,50,73],[44,49,74],[48,53,76],[46,54,78],[47,52,77],
[42,45,51],[41,44,49],[40,43,50],[33,42,63],[31,41,61],[32,40,62],[35,39,66],[36,38,64],[34,37,65],[39,48,53],
[38,47,52],[37,46,54],[35,39,48],[34,37,46],[36,38,47],[33,42,45],[32,40,43],[31,41,44],[30,71,72],[29,69,70],
[28,67,68],[27,45,72],[26,43,68],[25,44,70],[24,48,67],[23,46,69],[22,47,71],[22,30,71],[24,28,67],[23,29,69],
[27,30,72],[26,28,68],[25,29,70],[24,35,48],[23,34,46],[22,36,47],[27,33,45],[25,31,44],[26,32,43],[20,21,29],
[18,19,28],[16,17,30],[15,57,58],[14,55,56],[13,59,60],[12,33,56],[11,31,58],[10,32,60],[9,34,59],[8,35,55],
[7,36,57],[9,13,59],[7,15,57],[8,14,55],[11,15,58],[10,13,60],[12,14,56],[20,23,29],[18,24,28],[16,22,30],
[12,27,33],[11,25,31],[10,26,32],[8,24,35],[7,22,36],[9,23,34],[17,27,30],[21,25,29],[19,26,28],[5,6,14],
[3,4,15],[1,2,13],[5,12,14],[1,10,13],[3,11,15],[2,9,13],[6,8,14],[4,7,15],[8,18,24],[9,20,23],
[7,16,22],[12,17,27],[10,19,26],[11,21,25],[5,12,17],[3,11,21],[1,10,19],[6,8,18],[4,7,16],[2,9,20],
[16,17,301],[18,19,300],[20,21,299],[5,17,301],[3,21,299],[1,19,300],[6,18,300],[2,20,299],[4,16,301],[5,6,302],
[1,2,304],[3,4,303],[5,301,302],[3,299,303],[1,300,304],[6,300,302],[4,301,303],[2,299,304]];
###############################################################

#SurfaceInfo: 307 Vertices, 921 Edges, 614 Faces, IsOrientable=true
 #Vertices of faces:
vof4:=[[305,306,307],[304,305,306],[303,305,307],[302,306,307],[299,300,301],[296,297,298],[293,294,295],[290,291,292],[287,288,289],[284,285,286],
[281,282,283],[280,281,282],[279,281,283],[278,282,283],[275,276,277],[273,274,276],[271,272,276],[271,275,276],[273,276,277],[272,274,276],
[268,269,270],[265,266,267],[262,263,264],[259,260,261],[256,257,258],[253,254,255],[266,272,274],[263,273,277],[269,271,275],[251,252,260],
[249,250,254],[247,248,257],[246,280,281],[245,278,282],[244,279,283],[243,279,281],[242,278,283],[241,280,282],[240,252,280],[239,250,278],
[238,248,279],[246,252,280],[244,248,279],[245,250,278],[240,241,280],[238,243,279],[239,242,278],[240,251,252],[238,247,248],[239,249,250],
[243,246,281],[242,244,283],[241,245,282],[252,259,260],[250,253,254],[248,256,257],[268,269,275],[265,266,272],[262,263,273],[236,237,242],
[234,235,243],[232,233,241],[230,231,264],[228,229,270],[226,227,267],[225,275,277],[224,271,272],[223,273,274],[222,268,270],[221,262,264],
[220,265,267],[219,263,264],[218,269,270],[217,266,267],[216,266,274],[215,269,271],[214,263,277],[213,222,268],[212,221,262],[211,220,265],
[214,219,263],[216,217,266],[215,218,269],[214,225,277],[216,223,274],[215,224,271],[221,230,264],[220,226,267],[222,228,270],[219,231,264],
[217,227,267],[218,229,270],[232,240,241],[236,239,242],[234,238,243],[225,268,275],[224,265,272],[223,262,273],[235,243,246],[233,241,245],
[237,242,244],[210,240,251],[209,239,249],[208,238,247],[246,252,259],[245,250,253],[244,248,256],[206,207,215],[204,205,214],[202,203,216],
[201,218,229],[200,219,231],[199,217,227],[198,221,230],[197,222,228],[196,220,226],[202,216,223],[206,215,224],[204,214,225],[205,214,219],
[203,216,217],[207,215,218],[235,246,259],[237,244,256],[233,245,253],[213,225,268],[212,223,262],[211,224,265],[210,232,240],[208,234,238],
[209,236,239],[195,259,261],[194,253,255],[193,256,258],[192,211,220],[191,213,222],[190,212,221],[187,188,189],[184,185,186],[181,182,183],
[180,190,212],[179,192,211],[178,191,213],[188,195,261],[185,193,258],[182,194,255],[177,209,236],[176,210,232],[175,208,234],[195,235,259],
[194,233,253],[193,237,256],[192,196,220],[190,198,221],[191,197,222],[201,207,218],[199,203,217],[200,205,219],[204,213,225],[206,211,224],
[202,212,223],[174,234,235],[173,232,233],[172,236,237],[171,201,207],[170,199,203],[169,200,205],[168,192,196],[167,191,197],[166,190,198],
[174,195,235],[172,193,237],[173,194,233],[174,175,234],[172,177,236],[173,176,232],[187,188,195],[184,185,193],[181,182,194],[179,206,211],
[180,202,212],[178,204,213],[165,206,207],[164,202,203],[163,204,205],[162,180,190],[161,178,191],[160,179,192],[159,160,179],[158,161,178],
[157,162,180],[165,171,207],[163,169,205],[164,170,203],[165,179,206],[163,178,204],[164,180,202],[156,174,175],[155,173,176],[154,172,177],
[160,168,192],[162,166,190],[161,167,191],[174,187,195],[173,181,194],[172,184,193],[153,164,170],[152,165,171],[151,163,169],[150,161,167],
[149,160,168],[148,162,166],[156,174,187],[154,172,184],[155,173,181],[159,165,179],[157,164,180],[158,163,178],[147,187,189],[146,181,183],
[145,184,186],[146,157,162],[145,158,161],[147,159,160],[147,159,189],[145,158,186],[146,157,183],[147,156,187],[146,155,181],[145,154,184],
[147,149,160],[146,148,162],[145,150,161],[152,159,165],[151,158,163],[153,157,164],[147,149,156],[145,150,154],[146,148,155],[152,159,189],
[153,157,183],[151,158,186],[144,251,260],[143,247,257],[142,249,254],[141,260,261],[140,254,255],[139,257,258],[138,210,251],[137,208,247],
[136,209,249],[135,188,189],[134,182,183],[133,185,186],[132,177,209],[131,175,208],[130,176,210],[129,188,261],[128,182,255],[127,185,258],
[126,156,175],[125,154,177],[124,155,176],[126,131,175],[124,130,176],[125,132,177],[129,135,188],[127,133,185],[128,134,182],[130,138,210],
[132,136,209],[131,137,208],[129,141,261],[127,139,258],[128,140,255],[136,142,249],[138,144,251],[137,143,247],[141,144,260],[139,143,257],
[140,142,254],[126,149,156],[124,148,155],[125,150,154],[134,153,183],[133,151,186],[135,152,189],[122,123,130],[120,121,131],[118,119,132],
[116,117,129],[114,115,127],[112,113,128],[144,290,291],[143,284,285],[142,287,288],[111,230,231],[110,226,227],[109,228,229],[108,199,227],
[107,200,231],[106,201,229],[105,198,230],[104,196,226],[103,197,228],[102,169,200],[101,171,201],[100,170,199],[99,166,198],[98,168,196],
[97,167,197],[96,153,170],[95,151,169],[94,152,171],[93,149,168],[92,148,166],[91,150,167],[92,99,166],[91,97,167],[93,98,168],
[94,101,171],[96,100,170],[95,102,169],[99,105,198],[97,103,197],[98,104,196],[100,108,199],[102,107,200],[101,106,201],[105,111,230],
[103,109,228],[104,110,226],[107,111,231],[106,109,229],[108,110,227],[118,125,132],[122,124,130],[120,126,131],[96,134,153],[94,135,152],
[95,133,151],[93,126,149],[91,125,150],[92,124,148],[141,144,290],[140,142,287],[139,143,284],[136,142,288],[137,143,285],[138,144,291],
[116,129,141],[112,128,140],[114,127,139],[119,132,136],[121,131,137],[123,130,138],[117,129,135],[113,128,134],[115,127,133],[89,90,99],
[87,88,97],[85,86,98],[83,84,101],[81,82,102],[79,80,100],[111,299,300],[109,293,294],[110,296,297],[107,111,299],[108,110,296],
[106,109,293],[105,111,300],[104,110,297],[103,109,294],[83,101,106],[79,100,108],[81,102,107],[89,99,105],[85,98,104],[87,97,103],
[84,94,101],[82,95,102],[80,96,100],[90,92,99],[86,93,98],[88,91,97],[119,136,288],[123,138,291],[121,137,285],[116,141,290],
[114,139,284],[112,140,287],[92,122,124],[93,120,126],[91,118,125],[94,117,135],[95,115,133],[96,113,134],[78,291,292],[77,285,286],
[76,288,289],[75,290,292],[74,284,286],[73,287,289],[71,72,292],[69,70,286],[67,68,289],[71,78,292],[67,76,289],[69,77,286],
[72,75,292],[68,73,289],[70,74,286],[75,116,290],[73,112,287],[74,114,284],[76,119,288],[77,121,285],[78,123,291],[90,92,122],
[88,91,118],[86,93,120],[84,94,117],[80,96,113],[82,95,115],[81,107,299],[79,108,296],[83,106,293],[89,105,300],[87,103,294],
[85,104,297],[66,299,301],[65,296,298],[64,293,295],[63,300,301],[62,297,298],[61,294,295],[59,60,295],[57,58,298],[55,56,301],
[54,122,123],[53,118,119],[52,120,121],[51,116,117],[50,112,113],[49,114,115],[59,64,295],[55,66,301],[57,65,298],[56,63,301],
[60,61,295],[58,62,298],[54,90,122],[52,86,120],[53,88,118],[63,89,300],[62,85,297],[61,87,294],[64,83,293],[66,81,299],
[65,79,296],[51,84,117],[49,82,115],[50,80,113],[54,78,123],[52,77,121],[53,76,119],[50,73,112],[49,74,114],[51,75,116],
[48,71,78],[47,69,77],[46,67,76],[45,70,74],[44,68,73],[43,72,75],[42,89,90],[41,85,86],[40,87,88],[39,83,84],
[38,81,82],[37,79,80],[42,54,90],[40,53,88],[41,52,86],[37,50,80],[39,51,84],[38,49,82],[39,64,83],[37,65,79],
[38,66,81],[42,63,89],[40,61,87],[41,62,85],[36,59,64],[35,57,65],[34,55,66],[33,56,63],[32,58,62],[31,60,61],
[44,50,73],[43,51,75],[45,49,74],[48,54,78],[46,53,76],[47,52,77],[42,48,54],[41,47,52],[40,46,53],[33,42,63],
[32,41,62],[31,40,61],[35,37,65],[34,38,66],[36,39,64],[37,44,50],[38,45,49],[39,43,51],[35,37,44],[36,39,43],
[34,38,45],[33,42,48],[31,40,46],[32,41,47],[30,71,72],[29,67,68],[28,69,70],[27,43,72],[26,44,68],[25,45,70],
[24,48,71],[23,46,67],[22,47,69],[24,30,71],[22,28,69],[23,29,67],[27,30,72],[25,28,70],[26,29,68],[27,36,43],
[25,34,45],[26,35,44],[24,33,48],[22,32,47],[23,31,46],[20,21,29],[18,19,30],[16,17,28],[15,59,60],[14,55,56],
[13,57,58],[12,33,56],[11,32,58],[10,31,60],[9,36,59],[8,34,55],[7,35,57],[9,15,59],[7,13,57],[8,14,55],
[10,15,60],[11,13,58],[12,14,56],[18,24,30],[20,23,29],[16,22,28],[12,24,33],[10,23,31],[11,22,32],[9,27,36],
[7,26,35],[8,25,34],[19,27,30],[21,26,29],[17,25,28],[5,6,14],[3,4,15],[1,2,13],[5,12,14],[1,11,13],
[3,10,15],[4,9,15],[6,8,14],[2,7,13],[9,19,27],[8,17,25],[7,21,26],[12,18,24],[11,16,22],[10,20,23],
[5,12,18],[3,10,20],[1,11,16],[6,8,17],[4,9,19],[2,7,21],[18,19,304],[16,17,303],[20,21,302],[5,18,304],
[3,20,302],[1,16,303],[6,17,303],[2,21,302],[4,19,304],[5,6,305],[1,2,307],[3,4,306],[5,304,305],[3,302,306],
[1,303,307],[6,303,305],[4,304,306],[2,302,307]];
###############################################################

#SurfaceInfo: 309 Vertices, 927 Edges, 618 Faces, IsOrientable=true
 #Vertices of faces:
vof5:=[[307,308,309],[306,307,308],[305,307,309],[304,308,309],[301,302,303],[298,299,300],[295,296,297],[292,293,294],[289,290,291],[286,287,288],
[283,284,285],[280,281,282],[277,278,279],[274,275,276],[271,272,273],[268,269,270],[265,266,267],[262,263,264],[259,260,261],[256,257,258],
[253,254,255],[250,251,252],[248,249,266],[246,247,263],[244,245,260],[242,243,249],[240,241,245],[238,239,247],[236,237,272],[234,235,269],
[232,233,275],[257,283,284],[254,280,281],[251,277,278],[231,284,285],[230,281,282],[229,278,279],[231,274,275],[230,268,269],[229,271,272],
[241,269,270],[243,272,273],[239,275,276],[228,254,280],[227,257,283],[226,251,277],[223,224,225],[220,221,222],[217,218,219],[216,231,285],
[215,229,279],[214,230,282],[231,274,284],[229,271,278],[230,268,281],[236,243,272],[234,241,269],[232,239,275],[229,237,272],[231,233,275],
[230,235,269],[242,243,273],[238,239,276],[240,241,270],[243,248,249],[241,244,245],[239,246,247],[256,257,284],[250,251,278],[253,254,281],
[248,265,266],[244,259,260],[246,262,263],[212,213,262],[210,211,259],[208,209,265],[207,265,267],[206,262,264],[205,259,261],[204,251,252],
[203,257,258],[202,254,255],[199,200,201],[218,221,224],[198,199,200],[197,199,201],[196,200,201],[195,204,252],[194,202,255],[193,203,258],
[192,206,264],[191,205,261],[190,207,267],[207,208,265],[206,212,262],[205,210,259],[218,223,224],[217,218,221],[220,221,224],[204,226,251],
[202,228,254],[203,227,257],[209,248,265],[213,246,262],[211,244,259],[189,238,276],[188,240,270],[187,242,273],[256,274,284],[253,268,281],
[250,271,278],[236,243,248],[232,239,246],[234,241,244],[215,229,237],[214,230,235],[216,231,233],[186,274,276],[185,268,270],[184,271,273],
[194,221,222],[195,218,219],[193,224,225],[183,197,205],[182,198,206],[181,196,207],[181,196,200],[182,198,199],[183,197,201],[180,215,237],
[179,214,235],[178,216,233],[186,256,274],[184,250,271],[185,253,268],[186,189,276],[184,187,273],[185,188,270],[177,203,227],[176,202,228],
[175,204,226],[195,218,223],[193,220,224],[194,217,221],[196,207,208],[197,205,210],[198,206,212],[182,192,206],[181,190,207],[183,191,205],
[193,225,258],[195,219,252],[194,222,255],[209,236,248],[211,234,244],[213,232,246],[174,236,237],[173,232,233],[172,234,235],[171,256,258],
[170,250,252],[169,253,255],[168,198,200],[167,197,199],[166,196,201],[165,195,204],[164,193,203],[163,194,202],[168,181,200],[166,183,201],
[167,182,199],[173,213,232],[174,209,236],[172,211,234],[171,225,258],[169,222,255],[170,219,252],[162,181,190],[161,183,191],[160,182,192],
[168,198,212],[166,196,208],[167,197,210],[165,195,223],[163,194,217],[164,193,220],[165,175,204],[163,176,202],[164,177,203],[159,186,189],
[158,184,187],[157,185,188],[171,186,256],[169,185,253],[170,184,250],[173,178,233],[174,180,237],[172,179,235],[156,212,213],[155,208,209],
[154,210,211],[153,223,225],[152,220,222],[151,217,219],[150,173,178],[149,172,179],[148,174,180],[147,165,175],[146,164,177],[145,163,176],
[153,165,223],[152,164,220],[151,163,217],[156,168,212],[154,167,210],[155,166,208],[153,171,225],[151,170,219],[152,169,222],[156,173,213],
[154,172,211],[155,174,209],[159,171,186],[158,170,184],[157,169,185],[162,168,181],[160,167,182],[161,166,183],[150,156,173],[148,155,174],
[149,154,172],[153,159,171],[152,157,169],[151,158,170],[156,162,168],[155,161,166],[154,160,167],[147,153,165],[145,151,163],[146,152,164],
[150,156,162],[149,154,160],[148,155,161],[147,153,159],[146,152,157],[145,151,158],[144,249,266],[143,245,260],[142,247,263],[141,242,249],
[140,238,247],[139,240,245],[138,266,267],[137,260,261],[136,263,264],[135,189,238],[134,187,242],[133,188,240],[132,190,267],[131,191,261],
[130,192,264],[129,159,189],[128,157,188],[127,158,187],[126,162,190],[125,160,192],[124,161,191],[126,132,190],[124,131,191],[125,130,192],
[128,133,188],[127,134,187],[129,135,189],[132,138,267],[130,136,264],[131,137,261],[134,141,242],[133,139,240],[135,140,238],[136,142,263],
[138,144,266],[137,143,260],[141,144,249],[140,142,247],[139,143,245],[126,150,162],[124,148,161],[125,149,160],[129,147,159],[127,145,158],
[128,146,157],[122,123,132],[120,121,131],[118,119,130],[116,117,135],[114,115,134],[112,113,133],[144,292,293],[142,286,287],[143,289,290],
[111,283,285],[110,277,279],[109,280,282],[108,227,283],[107,226,277],[106,228,280],[105,216,285],[104,215,279],[103,214,282],[102,177,227],
[101,175,226],[100,176,228],[99,178,216],[98,180,215],[97,179,214],[96,150,178],[95,148,180],[94,149,179],[93,146,177],[92,145,176],
[91,147,175],[96,99,178],[94,97,179],[95,98,180],[93,102,177],[92,100,176],[91,101,175],[99,105,216],[97,103,214],[98,104,215],
[101,107,226],[100,106,228],[102,108,227],[105,111,285],[103,109,282],[104,110,279],[108,111,283],[106,109,280],[107,110,277],[122,126,132],
[118,125,130],[120,124,131],[91,129,147],[93,128,146],[92,127,145],[96,126,150],[94,125,149],[95,124,148],[141,144,292],[139,143,289],
[140,142,286],[138,144,293],[137,143,290],[136,142,287],[112,133,139],[114,134,141],[116,135,140],[123,132,138],[121,131,137],[119,130,136],
[113,128,133],[117,129,135],[115,127,134],[89,90,99],[87,88,97],[85,86,98],[83,84,101],[81,82,100],[79,80,102],[111,301,302],
[109,295,296],[110,298,299],[108,111,301],[107,110,298],[106,109,295],[105,111,302],[104,110,299],[103,109,296],[83,101,107],[79,102,108],
[81,100,106],[89,99,105],[85,98,104],[87,97,103],[84,91,101],[80,93,102],[82,92,100],[90,96,99],[86,95,98],[88,94,97],
[123,138,293],[119,136,287],[121,137,290],[114,141,292],[116,140,286],[112,139,289],[96,122,126],[95,120,124],[94,118,125],[92,115,127],
[93,113,128],[91,117,129],[77,78,294],[75,76,291],[73,74,288],[72,293,294],[71,287,288],[70,290,291],[69,286,288],[68,292,294],
[67,289,291],[72,77,294],[71,73,288],[70,75,291],[69,74,288],[67,76,291],[68,78,294],[67,112,289],[68,114,292],[69,116,286],
[72,123,293],[70,121,290],[71,119,287],[90,96,122],[88,94,118],[86,95,120],[82,92,115],[84,91,117],[80,93,113],[83,107,298],
[81,106,295],[79,108,301],[89,105,302],[87,103,296],[85,104,299],[65,66,297],[63,64,303],[61,62,300],[60,122,123],[59,118,119],
[58,120,121],[57,116,117],[56,112,113],[55,114,115],[54,301,303],[53,295,297],[52,298,300],[51,302,303],[50,299,300],[49,296,297],
[53,65,297],[52,61,300],[54,63,303],[51,64,303],[49,66,297],[50,62,300],[60,90,122],[58,86,120],[59,88,118],[51,89,302],
[50,85,299],[49,87,296],[52,83,298],[54,79,301],[53,81,295],[56,80,113],[55,82,115],[57,84,117],[60,72,123],[59,71,119],
[58,70,121],[55,68,114],[57,69,116],[56,67,112],[48,72,77],[47,70,75],[46,71,73],[45,69,74],[44,68,78],[43,67,76],
[42,89,90],[41,85,86],[40,87,88],[39,83,84],[38,79,80],[37,81,82],[42,60,90],[40,59,88],[41,58,86],[38,56,80],
[39,57,84],[37,55,82],[39,52,83],[37,53,81],[38,54,79],[42,51,89],[40,49,87],[41,50,85],[36,54,63],[35,52,61],
[34,53,65],[33,51,64],[32,50,62],[31,49,66],[45,57,69],[43,56,67],[44,55,68],[48,60,72],[46,59,71],[47,58,70],
[42,48,60],[41,47,58],[40,46,59],[33,42,51],[32,41,50],[31,40,49],[36,38,54],[34,37,53],[35,39,52],[38,43,56],
[37,44,55],[39,45,57],[36,38,43],[35,39,45],[34,37,44],[33,42,48],[31,40,46],[32,41,47],[30,77,78],[29,73,74],
[28,75,76],[27,45,74],[26,43,76],[25,44,78],[24,48,77],[23,46,73],[22,47,75],[24,30,77],[22,28,75],[23,29,73],
[26,28,76],[27,29,74],[25,30,78],[27,35,45],[25,34,44],[26,36,43],[24,33,48],[22,32,47],[23,31,46],[20,21,29],
[18,19,28],[16,17,30],[15,65,66],[14,61,62],[13,63,64],[12,33,64],[11,32,62],[10,31,66],[9,34,65],[8,35,61],
[7,36,63],[9,15,65],[7,13,63],[8,14,61],[10,15,66],[12,13,64],[11,14,62],[16,24,30],[20,23,29],[18,22,28],
[12,24,33],[10,23,31],[11,22,32],[7,26,36],[9,25,34],[8,27,35],[19,26,28],[17,25,30],[21,27,29],[5,6,13],
[3,4,15],[1,2,14],[5,12,13],[1,11,14],[3,10,15],[4,9,15],[6,7,13],[2,8,14],[7,19,26],[8,21,27],
[9,17,25],[12,16,24],[11,18,22],[10,20,23],[5,12,16],[3,10,20],[1,11,18],[6,7,19],[4,9,17],[2,8,21],
[16,17,306],[18,19,305],[20,21,304],[5,16,306],[3,20,304],[1,18,305],[6,19,305],[2,21,304],[4,17,306],[5,6,307],
[1,2,309],[3,4,308],[5,306,307],[3,304,308],[1,305,309],[6,305,307],[4,306,308],[2,304,309]];
###############################################################

#SurfaceInfo: 313 Vertices, 939 Edges, 626 Faces, IsOrientable=true
 #Vertices of faces:
vof6:=[[311,312,313],[310,311,312],[309,311,313],[308,312,313],[305,306,307],[302,303,304],[299,300,301],[296,297,298],[293,294,295],[290,291,292],
[287,288,289],[284,285,286],[281,282,283],[278,279,280],[275,276,277],[272,273,274],[269,270,271],[267,268,279],[265,266,282],[263,264,285],
[260,261,262],[257,258,259],[254,255,256],[253,258,266],[252,261,268],[251,255,264],[276,287,288],[273,288,289],[270,287,289],[248,249,250],
[245,246,247],[242,243,244],[240,241,256],[239,241,259],[238,241,262],[237,250,276],[236,247,273],[235,244,270],[252,267,268],[251,263,264],
[253,265,266],[251,254,255],[252,260,261],[253,257,258],[234,248,249],[233,242,243],[232,245,246],[231,249,250],[230,243,244],[229,246,247],
[240,254,256],[238,260,262],[239,257,259],[250,275,276],[244,269,270],[247,272,273],[238,241,256],[240,241,259],[239,241,262],[237,248,250],
[235,242,244],[236,245,247],[273,274,288],[276,277,287],[270,271,289],[237,276,288],[235,270,287],[236,273,289],[266,281,282],[264,284,285],
[268,278,279],[227,228,254],[225,226,260],[223,224,257],[221,222,248],[219,220,245],[217,218,242],[216,258,259],[215,255,256],[214,261,262],
[213,258,266],[212,255,264],[211,261,268],[213,216,258],[211,214,261],[212,215,255],[221,234,248],[217,233,242],[219,232,245],[213,266,281],
[211,268,278],[212,264,284],[222,237,248],[218,235,242],[220,236,245],[227,240,254],[225,238,260],[223,239,257],[215,238,256],[214,239,262],
[216,240,259],[210,253,265],[209,251,263],[208,252,267],[228,251,254],[224,253,257],[226,252,260],[237,274,288],[236,271,289],[235,277,287],
[231,250,275],[229,247,272],[230,244,269],[206,207,213],[204,205,211],[202,203,212],[201,217,233],[200,221,234],[199,219,232],[198,231,275],
[197,230,269],[196,229,272],[206,213,281],[202,212,284],[204,211,278],[207,213,216],[203,212,215],[205,211,214],[209,228,251],[208,226,252],
[210,224,253],[215,225,238],[216,227,240],[214,223,239],[222,237,274],[220,236,271],[218,235,277],[194,195,201],[192,193,200],[190,191,199],
[189,275,277],[188,269,271],[187,272,274],[186,284,286],[185,278,280],[184,281,283],[183,186,286],[182,184,283],[181,185,280],[180,192,193],
[179,194,195],[178,190,191],[195,201,217],[191,199,219],[193,200,221],[187,222,274],[189,218,277],[188,220,271],[177,209,228],[176,210,224],
[175,208,226],[184,206,281],[185,204,278],[186,202,284],[189,198,275],[187,196,272],[188,197,269],[207,216,227],[205,214,223],[203,215,225],
[173,174,186],[171,172,185],[169,170,184],[168,227,228],[167,223,224],[166,225,226],[165,221,222],[164,217,218],[163,219,220],[165,193,221],
[163,191,219],[164,195,217],[168,207,227],[166,203,225],[167,205,223],[162,188,197],[161,189,198],[160,187,196],[169,184,206],[173,186,202],
[171,185,204],[168,177,228],[166,175,226],[167,176,224],[165,187,222],[163,188,220],[164,189,218],[159,180,192],[158,178,190],[157,179,194],
[174,183,186],[172,181,185],[170,182,184],[169,170,180],[173,174,178],[171,172,179],[156,206,207],[155,202,203],[154,204,205],[153,180,193],
[152,178,191],[151,179,195],[153,170,180],[151,172,179],[152,174,178],[153,165,193],[151,164,195],[152,163,191],[150,174,183],[149,170,182],
[148,172,181],[159,169,180],[157,171,179],[158,173,178],[147,168,177],[146,167,176],[145,166,175],[156,169,206],[154,171,204],[155,173,202],
[156,168,207],[154,167,205],[155,166,203],[160,165,187],[161,164,189],[162,163,188],[153,160,165],[152,162,163],[151,161,164],[147,156,168],
[145,155,166],[146,154,167],[156,159,169],[155,158,173],[154,157,171],[150,152,174],[148,151,172],[149,153,170],[150,152,162],[149,153,160],
[148,151,161],[147,156,159],[146,154,157],[145,155,158],[144,192,200],[143,194,201],[142,190,199],[141,234,249],[140,232,246],[139,233,243],
[138,229,246],[137,230,243],[136,231,249],[135,201,233],[134,199,232],[133,200,234],[132,197,230],[131,196,229],[130,198,231],[129,159,192],
[128,157,194],[127,158,190],[126,162,197],[125,160,196],[124,161,198],[126,132,197],[124,130,198],[125,131,196],[130,136,231],[131,138,229],
[132,137,230],[135,139,233],[133,141,234],[134,140,232],[137,139,243],[136,141,249],[138,140,246],[127,142,190],[128,143,194],[129,144,192],
[135,143,201],[133,144,200],[134,142,199],[126,150,162],[124,148,161],[125,149,160],[129,147,159],[127,145,158],[128,146,157],[122,123,131],
[120,121,130],[118,119,132],[116,117,144],[114,115,143],[112,113,142],[111,265,282],[110,263,285],[109,267,279],[108,285,286],[107,279,280],
[106,282,283],[139,296,297],[141,290,291],[140,293,294],[105,210,265],[104,208,267],[103,209,263],[102,176,210],[101,175,208],[100,177,209],
[99,183,286],[98,181,280],[97,182,283],[96,147,177],[95,145,175],[94,146,176],[93,150,183],[92,148,181],[91,149,182],[93,99,183],
[92,98,181],[91,97,182],[94,102,176],[96,100,177],[95,101,175],[102,105,210],[100,103,209],[101,104,208],[99,108,286],[97,106,283],
[98,107,280],[105,111,265],[104,109,267],[103,110,263],[107,109,279],[106,111,282],[108,110,285],[122,125,131],[118,126,132],[120,124,130],
[96,129,147],[94,128,146],[95,127,145],[93,126,150],[91,125,149],[92,124,148],[114,135,143],[112,134,142],[116,133,144],[113,127,142],
[117,129,144],[115,128,143],[137,139,296],[138,140,293],[136,141,290],[135,139,297],[134,140,294],[133,141,291],[119,132,137],[123,131,138],
[121,130,136],[89,90,102],[87,88,100],[85,86,101],[83,84,99],[81,82,98],[79,80,97],[111,305,306],[109,302,303],[110,299,300],
[106,111,305],[108,110,299],[107,109,302],[105,111,306],[103,110,300],[104,109,303],[83,99,108],[79,97,106],[81,98,107],[89,102,105],
[87,100,103],[85,101,104],[90,94,102],[86,95,101],[88,96,100],[84,93,99],[80,91,97],[82,92,98],[119,137,296],[121,136,290],
[123,138,293],[114,135,297],[116,133,291],[112,134,294],[93,118,126],[91,122,125],[92,120,124],[94,115,128],[95,113,127],[96,117,129],
[77,78,298],[75,76,295],[73,74,292],[72,296,298],[71,290,292],[70,293,295],[69,297,298],[68,291,292],[67,294,295],[70,75,295],
[71,73,292],[72,77,298],[69,78,298],[67,76,295],[68,74,292],[69,114,297],[67,112,294],[68,116,291],[72,119,296],[70,123,293],
[71,121,290],[84,93,118],[82,92,120],[80,91,122],[90,94,115],[86,95,113],[88,96,117],[81,107,302],[79,106,305],[83,108,299],
[89,105,306],[85,104,303],[87,103,300],[65,66,301],[63,64,304],[61,62,307],[60,118,119],[59,120,121],[58,122,123],[57,114,115],
[56,112,113],[55,116,117],[54,305,307],[53,299,301],[52,302,304],[51,306,307],[50,303,304],[49,300,301],[53,65,301],[52,63,304],
[54,61,307],[51,62,307],[49,66,301],[50,64,304],[60,84,118],[58,80,122],[59,82,120],[51,89,306],[49,87,300],[50,85,303],
[52,81,302],[53,83,299],[54,79,305],[57,90,115],[55,88,117],[56,86,113],[60,72,119],[59,71,121],[58,70,123],[57,69,114],
[55,68,116],[56,67,112],[48,72,77],[47,71,73],[46,70,75],[45,69,78],[44,68,74],[43,67,76],[42,89,90],[41,87,88],
[40,85,86],[39,83,84],[38,79,80],[37,81,82],[39,60,84],[38,58,80],[37,59,82],[42,57,90],[40,56,86],[41,55,88],
[38,54,79],[37,52,81],[39,53,83],[42,51,89],[40,50,85],[41,49,87],[36,52,63],[35,54,61],[34,53,65],[33,51,62],
[32,49,66],[31,50,64],[45,57,69],[43,56,67],[44,55,68],[48,60,72],[46,58,70],[47,59,71],[39,48,60],[37,47,59],
[38,46,58],[33,42,51],[32,41,49],[31,40,50],[34,39,53],[36,37,52],[35,38,54],[42,45,57],[41,44,55],[40,43,56],
[34,39,48],[35,38,46],[36,37,47],[33,42,45],[31,40,43],[32,41,44],[30,75,76],[29,73,74],[28,77,78],[27,45,78],
[26,43,76],[25,44,74],[24,48,77],[23,46,75],[22,47,73],[24,28,77],[22,29,73],[23,30,75],[25,29,74],[27,28,78],
[26,30,76],[24,34,48],[23,35,46],[22,36,47],[27,33,45],[25,32,44],[26,31,43],[20,21,29],[18,19,28],[16,17,30],
[15,63,64],[14,61,62],[13,65,66],[12,33,62],[11,31,64],[10,32,66],[9,34,65],[8,35,61],[7,36,63],[9,13,65],
[7,15,63],[8,14,61],[11,15,64],[10,13,66],[12,14,62],[18,24,28],[16,23,30],[20,22,29],[12,27,33],[11,26,31],
[10,25,32],[9,24,34],[7,22,36],[8,23,35],[19,27,28],[17,26,30],[21,25,29],[5,6,14],[3,4,13],[1,2,15],
[5,12,14],[3,10,13],[1,11,15],[4,9,13],[6,8,14],[2,7,15],[9,18,24],[8,16,23],[7,20,22],[12,19,27],
[10,21,25],[11,17,26],[5,12,19],[1,11,17],[3,10,21],[6,8,16],[4,9,18],[2,7,20],[18,19,310],[16,17,309],
[20,21,308],[5,19,310],[3,21,308],[1,17,309],[6,16,309],[2,20,308],[4,18,310],[5,6,311],[1,2,313],[3,4,312],
[5,310,311],[3,308,312],[1,309,313],[6,309,311],[4,310,312],[2,308,313]];
###############################################################

#SurfaceInfo: 316 Vertices, 948 Edges, 632 Faces, IsOrientable=true
 #Vertices of faces:
vof7:=[[314,315,316],[313,314,315],[312,314,316],[311,315,316],[308,309,310],[305,306,307],[302,303,304],[299,300,301],[296,297,298],[293,294,295],
[290,291,292],[287,288,289],[284,285,286],[281,282,283],[278,279,280],[275,276,277],[272,273,274],[269,270,271],[266,267,268],[263,264,265],
[260,261,262],[257,258,259],[254,255,256],[251,252,253],[248,249,250],[245,246,247],[242,243,244],[239,240,241],[236,237,238],[235,261,264],
[234,255,267],[233,258,270],[231,232,279],[229,230,273],[227,228,276],[226,272,273],[225,278,279],[224,275,276],[223,273,274],[222,279,280],
[221,276,277],[220,226,272],[219,224,275],[218,225,278],[217,222,280],[216,221,277],[215,223,274],[226,229,273],[224,227,276],[225,231,279],
[222,232,279],[223,230,273],[221,228,276],[214,248,249],[213,251,252],[212,245,246],[211,242,243],[210,236,237],[209,239,240],[235,263,264],
[233,269,270],[234,266,267],[235,260,261],[233,257,258],[234,254,255],[208,281,282],[207,281,283],[206,282,283],[204,205,234],[202,203,235],
[200,201,233],[223,290,291],[222,284,285],[221,287,288],[208,285,286],[207,288,289],[206,291,292],[198,199,208],[196,197,206],[194,195,207],
[210,269,271],[209,263,265],[211,266,268],[214,260,262],[213,254,256],[212,257,259],[226,252,253],[224,246,247],[225,249,250],[193,243,244],
[193,237,238],[193,240,241],[193,241,243],[193,237,244],[193,238,240],[192,210,271],[191,211,268],[190,209,265],[189,212,259],[188,214,262],
[187,213,256],[198,208,285],[194,207,288],[196,206,291],[206,282,292],[208,281,286],[207,283,289],[199,208,282],[195,207,281],[197,206,283],
[220,226,253],[218,225,250],[219,224,247],[215,223,290],[216,221,287],[217,222,284],[200,233,269],[204,234,266],[202,235,263],[201,233,257],
[205,234,254],[203,235,260],[214,248,260],[212,245,257],[213,251,254],[210,236,269],[211,242,266],[209,239,263],[226,229,252],[225,231,249],
[224,227,246],[222,232,285],[221,228,288],[223,230,291],[186,213,252],[185,212,246],[184,214,249],[183,211,243],[182,210,237],[181,209,240],
[180,218,250],[179,220,253],[178,219,247],[186,229,252],[185,227,246],[184,231,249],[177,215,290],[176,216,287],[175,217,284],[182,192,210],
[181,190,209],[183,191,211],[185,189,212],[184,188,214],[186,187,213],[182,237,244],[181,238,240],[183,241,243],[200,236,269],[202,239,263],
[204,242,266],[205,251,254],[203,248,260],[201,245,257],[199,282,292],[197,283,289],[195,281,286],[198,232,285],[196,230,291],[194,228,288],
[174,290,292],[173,287,289],[172,284,286],[171,229,230],[170,227,228],[169,231,232],[168,251,253],[167,248,250],[166,245,247],[165,242,244],
[164,236,238],[163,239,241],[168,179,253],[167,180,250],[166,178,247],[169,198,232],[170,194,228],[171,196,230],[174,199,292],[172,195,286],
[173,197,289],[168,205,251],[166,201,245],[167,203,248],[165,204,242],[163,202,239],[164,200,236],[165,182,244],[163,183,241],[164,181,238],
[162,186,187],[161,184,188],[160,185,189],[159,182,192],[158,183,191],[157,181,190],[174,177,290],[172,175,284],[173,176,287],[171,186,229],
[169,184,231],[170,185,227],[156,204,205],[155,200,201],[154,202,203],[153,198,199],[152,194,195],[151,196,197],[150,168,179],[149,166,178],
[148,167,180],[147,174,177],[146,172,175],[145,173,176],[156,165,204],[155,164,200],[154,163,202],[156,168,205],[154,167,203],[155,166,201],
[153,174,199],[152,172,195],[151,173,197],[151,171,196],[152,170,194],[153,169,198],[162,171,186],[160,170,185],[161,169,184],[159,165,182],
[157,164,181],[158,163,183],[151,162,171],[153,161,169],[152,160,170],[150,156,168],[148,154,167],[149,155,166],[156,159,165],[154,158,163],
[155,157,164],[145,151,173],[147,153,174],[146,152,172],[145,151,162],[146,152,160],[147,153,161],[150,156,159],[149,155,157],[148,154,158],
[144,261,264],[143,255,267],[142,258,270],[141,267,268],[140,270,271],[139,264,265],[138,258,259],[137,255,256],[136,261,262],[135,192,271],
[134,190,265],[133,191,268],[132,189,259],[131,187,256],[130,188,262],[129,159,192],[128,157,190],[127,158,191],[126,162,187],[125,160,189],
[124,161,188],[125,132,189],[124,130,188],[126,131,187],[129,135,192],[127,133,191],[128,134,190],[132,138,259],[130,136,262],[131,137,256],
[133,141,268],[134,139,265],[135,140,271],[136,144,261],[138,142,258],[137,143,255],[140,142,270],[139,144,264],[141,143,267],[126,145,162],
[125,146,160],[124,147,161],[129,150,159],[127,148,158],[128,149,157],[122,123,132],[120,121,130],[118,119,131],[116,117,135],[114,115,133],
[112,113,134],[142,296,297],[144,293,294],[143,299,300],[111,278,280],[110,272,274],[109,275,277],[108,218,278],[107,219,275],[106,220,272],
[105,217,280],[104,215,274],[103,216,277],[102,180,218],[101,178,219],[100,179,220],[99,175,217],[98,176,216],[97,177,215],[96,150,179],
[95,148,180],[94,149,178],[93,145,176],[92,146,175],[91,147,177],[92,99,175],[91,97,177],[93,98,176],[96,100,179],[95,102,180],
[94,101,178],[99,105,217],[98,103,216],[97,104,215],[102,108,218],[100,106,220],[101,107,219],[105,111,280],[103,109,277],[104,110,274],
[106,110,272],[107,109,275],[108,111,278],[122,125,132],[120,124,130],[118,126,131],[96,129,150],[94,128,149],[95,127,148],[93,126,145],
[91,124,147],[92,125,146],[141,143,299],[139,144,293],[140,142,296],[138,142,297],[137,143,300],[136,144,294],[116,135,140],[112,134,139],
[114,133,141],[123,132,138],[119,131,137],[121,130,136],[117,129,135],[113,128,134],[115,127,133],[89,90,99],[87,88,97],[85,86,98],
[83,84,100],[81,82,102],[79,80,101],[111,308,309],[109,305,306],[110,302,303],[108,111,308],[106,110,302],[107,109,305],[105,111,309],
[104,110,303],[103,109,306],[83,100,106],[79,101,107],[81,102,108],[89,99,105],[87,97,104],[85,98,103],[84,96,100],[82,95,102],
[80,94,101],[90,92,99],[86,93,98],[88,91,97],[123,138,297],[121,136,294],[119,137,300],[114,141,299],[116,140,296],[112,139,293],
[92,122,125],[93,118,126],[91,120,124],[96,117,129],[95,115,127],[94,113,128],[78,297,298],[77,294,295],[76,300,301],[75,299,301],
[74,293,295],[73,296,298],[71,72,298],[69,70,295],[67,68,301],[71,78,298],[67,76,301],[69,77,295],[72,73,298],[68,75,301],
[70,74,295],[75,114,299],[74,112,293],[73,116,296],[78,123,297],[76,119,300],[77,121,294],[90,92,122],[86,93,118],[88,91,120],
[84,96,117],[80,94,113],[82,95,115],[83,106,302],[81,108,308],[79,107,305],[89,105,309],[85,103,306],[87,104,303],[66,308,310],
[65,302,304],[64,305,307],[63,309,310],[62,306,307],[61,303,304],[59,60,310],[57,58,307],[55,56,304],[54,122,123],[53,118,119],
[52,120,121],[51,116,117],[50,112,113],[49,114,115],[59,66,310],[57,64,307],[55,65,304],[60,63,310],[56,61,304],[58,62,307],
[54,90,122],[52,88,120],[53,86,118],[63,89,309],[61,87,303],[62,85,306],[65,83,302],[64,79,305],[66,81,308],[51,84,117],
[49,82,115],[50,80,113],[54,78,123],[52,77,121],[53,76,119],[50,74,112],[49,75,114],[51,73,116],[48,71,78],[47,69,77],
[46,67,76],[45,68,75],[44,70,74],[43,72,73],[42,89,90],[41,87,88],[40,85,86],[39,83,84],[38,79,80],[37,81,82],
[42,54,90],[40,53,86],[41,52,88],[38,50,80],[39,51,84],[37,49,82],[39,65,83],[37,66,81],[38,64,79],[42,63,89],
[40,62,85],[41,61,87],[36,55,65],[35,57,64],[34,59,66],[33,60,63],[32,58,62],[31,56,61],[44,50,74],[43,51,73],
[45,49,75],[48,54,78],[46,53,76],[47,52,77],[42,48,54],[41,47,52],[40,46,53],[33,42,63],[31,41,61],[32,40,62],
[35,38,64],[34,37,66],[36,39,65],[38,44,50],[37,45,49],[39,43,51],[35,38,44],[36,39,43],[34,37,45],[33,42,48],
[32,40,46],[31,41,47],[30,71,72],[29,69,70],[28,67,68],[27,43,72],[26,44,70],[25,45,68],[24,48,71],[23,46,67],
[22,47,69],[24,30,71],[22,29,69],[23,28,67],[27,30,72],[25,28,68],[26,29,70],[27,36,43],[25,34,45],[26,35,44],
[24,33,48],[22,31,47],[23,32,46],[20,21,29],[18,19,30],[16,17,28],[15,55,56],[14,57,58],[13,59,60],[12,33,60],
[11,31,56],[10,32,58],[9,36,55],[8,34,59],[7,35,57],[9,15,55],[8,13,59],[7,14,57],[10,14,58],[12,13,60],
[11,15,56],[18,24,30],[16,23,28],[20,22,29],[12,24,33],[10,23,32],[11,22,31],[9,27,36],[7,26,35],[8,25,34],
[19,27,30],[21,26,29],[17,25,28],[5,6,13],[3,4,15],[1,2,14],[5,12,13],[3,11,15],[1,10,14],[4,9,15],
[6,8,13],[2,7,14],[9,19,27],[8,17,25],[7,21,26],[12,18,24],[11,20,22],[10,16,23],[5,12,18],[1,10,16],
[3,11,20],[6,8,17],[4,9,19],[2,7,21],[18,19,313],[16,17,312],[20,21,311],[5,18,313],[3,20,311],[1,16,312],
[6,17,312],[2,21,311],[4,19,313],[5,6,314],[1,2,316],[3,4,315],[5,313,314],[3,311,315],[1,312,316],[6,312,314],
[4,313,315],[2,311,316]];
###############################################################

#SurfaceInfo: 108 Vertices, 972 Edges, 648 Faces, IsOrientable=true
 #Vertices of faces:
vof8:=[[106,107,108],[105,106,107],[104,107,108],[103,106,108],[100,101,102],[97,98,99],[94,95,96],[91,92,93],[88,89,90],[85,86,87],
[84,100,101],[83,94,95],[82,97,98],[81,91,92],[80,88,89],[79,85,86],[78,82,97],[77,84,100],[76,83,94],[75,81,91],
[74,79,85],[73,80,88],[74,78,82],[73,76,83],[75,77,84],[71,72,104],[69,70,105],[67,68,103],[73,76,80],[75,77,81],
[74,78,79],[64,65,66],[61,62,63],[58,59,60],[57,71,72],[56,69,70],[55,67,68],[67,77,81],[69,78,79],[71,76,80],
[53,54,78],[51,52,77],[49,50,76],[46,47,48],[43,44,45],[40,41,42],[39,64,65],[38,58,59],[37,61,62],[55,67,81],
[57,71,80],[56,69,79],[35,36,67],[33,34,71],[31,32,69],[47,67,77],[44,71,76],[41,69,78],[58,61,64],[28,29,30],
[28,29,36],[28,30,34],[29,30,32],[31,69,92],[33,71,86],[35,67,89],[36,47,67],[32,41,69],[34,44,71],[51,52,91],
[49,50,88],[53,54,85],[46,47,77],[40,41,78],[43,44,76],[27,57,80],[26,56,79],[25,55,81],[39,61,64],[37,58,61],
[38,58,64],[23,24,61],[21,22,58],[19,20,64],[62,67,103],[65,71,104],[59,69,105],[22,68,103],[24,72,104],[20,70,105],
[52,77,95],[54,78,101],[50,76,98],[24,46,54],[22,40,50],[20,43,52],[18,36,68],[17,34,72],[16,32,70],[46,54,101],
[43,52,95],[40,50,98],[29,59,105],[30,65,104],[28,62,103],[15,65,71],[14,59,69],[13,62,67],[24,28,104],[20,30,105],
[22,29,103],[24,54,72],[22,50,68],[20,52,70],[23,24,46],[19,20,43],[21,22,40],[26,53,85],[25,51,91],[27,49,88],
[24,39,61],[20,38,64],[22,37,58],[27,68,80],[25,70,81],[26,72,79],[46,77,95],[43,76,98],[40,78,101],[53,69,92],
[51,67,89],[49,71,86],[29,32,41],[30,34,44],[28,36,47],[11,12,46],[9,10,43],[7,8,40],[6,22,59],[5,20,65],
[4,24,62],[20,75,91],[22,73,88],[24,74,85],[43,75,84],[40,73,83],[46,74,82],[43,65,66],[40,59,60],[46,62,63],
[29,36,42],[30,32,45],[28,34,48],[40,60,73],[46,63,74],[43,66,75],[4,12,62],[5,10,65],[6,8,59],[11,46,82],
[7,40,83],[9,43,84],[5,20,75],[4,24,74],[6,22,73],[29,42,59],[28,48,62],[30,45,65],[15,43,65],[13,46,62],
[14,40,59],[24,39,85],[22,37,88],[20,38,91],[12,23,46],[8,21,40],[10,19,43],[36,42,68],[34,48,72],[32,45,70],
[26,53,92],[27,49,86],[25,51,89],[22,29,41],[24,28,47],[20,30,44],[52,70,81],[54,72,79],[50,68,80],[46,95,101],
[40,98,101],[43,95,98],[8,74,101],[12,75,95],[10,73,98],[14,79,93],[15,80,87],[13,81,90],[20,65,107],[22,59,106],
[24,62,108],[22,35,36],[20,31,32],[24,33,34],[24,100,102],[22,97,99],[20,94,96],[80,86,89],[79,86,92],[81,89,92],
[65,76,94],[59,78,97],[62,77,100],[40,42,99],[46,48,102],[43,45,96],[39,65,87],[37,62,90],[38,59,93],[3,13,67],
[2,15,71],[1,14,69],[8,53,69],[10,49,71],[12,51,67],[27,68,90],[26,72,87],[25,70,93],[26,71,85],[27,67,88],
[25,69,91],[17,34,65],[16,32,59],[18,36,62],[18,68,89],[17,72,86],[16,70,92],[11,43,83],[7,46,84],[9,40,82],
[2,68,73],[1,72,74],[3,70,75],[2,68,89],[3,70,92],[1,72,86],[3,13,75],[1,14,74],[2,15,73],[2,26,71],
[3,27,67],[1,25,69],[37,68,90],[39,72,87],[38,70,93],[11,43,96],[9,40,99],[7,46,102],[17,65,76],[18,62,77],
[16,59,78],[16,79,92],[18,81,89],[17,80,86],[24,33,102],[22,35,99],[20,31,96],[34,65,107],[32,59,106],[36,62,108],
[24,34,108],[20,32,107],[22,36,106],[25,79,93],[27,81,90],[26,80,87],[8,53,74],[10,49,73],[12,51,75],[48,62,100],
[45,65,94],[42,59,97],[9,95,101],[7,95,98],[11,98,101],[13,52,81],[14,54,79],[15,50,80],[22,41,97],[20,44,94],
[24,47,100],[25,86,89],[26,89,92],[27,86,92],[42,68,99],[45,70,96],[48,72,102],[10,19,71],[12,23,67],[8,21,69],
[39,71,85],[38,69,91],[37,67,88],[13,46,84],[14,40,82],[15,43,83],[5,75,95],[6,73,98],[4,74,101],[7,11,83],
[9,11,82],[7,9,84],[10,65,87],[8,59,93],[12,62,90],[60,68,73],[66,70,75],[63,72,74],[1,78,102],[2,76,99],
[3,77,96],[36,88,90],[34,85,87],[32,91,93],[2,86,87],[1,92,93],[3,89,90],[8,97,101],[10,94,98],[12,95,100],
[23,36,61],[19,34,64],[21,32,58],[82,84,98],[82,83,95],[83,84,101],[51,56,70],[49,55,68],[53,57,72],[32,64,66],
[34,61,63],[36,58,60],[25,27,57],[25,26,55],[26,27,56],[33,53,86],[35,49,89],[31,51,92],[4,12,84],[5,10,83],
[6,8,82],[7,74,100],[11,75,94],[9,73,97],[56,57,89],[55,57,92],[55,56,86],[8,79,102],[10,80,99],[12,81,96],
[8,82,102],[12,84,96],[10,83,99],[51,55,56],[53,56,57],[49,55,57],[4,82,84],[5,83,84],[6,82,83],[84,94,98],
[83,97,101],[82,95,100],[1,57,92],[3,56,89],[2,55,86],[34,63,85],[32,66,91],[36,60,88],[23,36,90],[21,32,93],
[19,34,87],[48,74,100],[42,73,97],[45,75,94],[3,12,90],[1,8,93],[2,10,87],[7,11,100],[7,9,97],[9,11,94],
[53,72,102],[51,70,96],[49,68,99],[25,53,86],[27,51,92],[26,49,89],[8,41,97],[12,47,100],[10,44,94],[33,53,74],
[31,51,75],[35,49,73],[25,57,79],[27,56,81],[26,55,80],[34,64,108],[32,58,107],[36,61,106],[32,64,106],[34,61,107],
[36,58,108],[33,79,102],[31,81,96],[35,80,99],[8,16,79],[10,17,80],[12,18,81],[2,17,76],[1,16,78],[3,18,77],
[9,76,99],[7,78,102],[11,77,96],[3,25,27],[1,25,26],[2,26,27],[11,13,75],[9,15,73],[7,14,74],[2,57,89],
[1,56,86],[3,55,92],[19,39,71],[21,38,69],[23,37,67],[13,52,84],[15,50,83],[14,54,82],[5,9,95],[4,11,101],
[6,7,98],[37,60,68],[39,63,72],[38,66,70],[16,25,31],[17,26,33],[18,27,35],[21,29,60],[19,30,66],[23,28,63],
[1,85,102],[3,91,96],[2,88,99],[11,12,52],[7,8,54],[9,10,50],[14,101,102],[13,95,96],[15,98,99],[51,77,90],
[53,78,93],[49,76,87],[44,45,64],[41,42,58],[47,48,61],[29,64,105],[28,58,103],[30,61,104],[28,64,104],[29,61,103],
[30,58,105],[4,7,95],[5,11,98],[6,9,101],[44,64,104],[47,61,103],[41,58,105],[45,64,105],[48,61,104],[42,58,103],
[6,14,101],[5,15,98],[4,13,95],[5,11,52],[6,9,50],[4,7,54],[29,37,60],[30,38,66],[28,39,63],[23,28,37],
[19,30,39],[21,29,38],[3,25,31],[2,27,35],[1,26,33],[28,64,106],[30,58,108],[29,61,107],[29,64,108],[30,61,106],
[28,58,107],[16,25,53],[17,26,49],[18,27,51],[14,53,102],[15,49,99],[13,51,96],[3,12,52],[2,10,50],[1,8,54],
[23,77,90],[19,76,87],[21,78,93],[63,85,102],[60,88,99],[66,91,96],[1,57,85],[2,55,88],[3,56,91],[51,55,90],
[49,57,87],[53,56,93],[5,9,76],[4,11,77],[6,7,78],[2,17,57],[3,18,55],[1,16,56],[33,57,79],[35,55,80],
[31,56,81],[33,48,74],[31,45,75],[35,42,73],[8,16,41],[12,18,47],[10,17,44],[11,13,100],[7,14,97],[9,15,94],
[52,84,94],[54,82,100],[50,83,97],[4,82,102],[6,83,99],[5,84,96],[16,31,38],[18,35,37],[17,33,39],[19,66,94],
[23,63,100],[21,60,97],[15,44,87],[13,47,90],[14,41,93],[45,52,91],[48,54,85],[42,50,88],[52,66,94],[50,60,97],
[54,63,100],[14,21,97],[13,23,100],[15,19,94],[18,37,47],[17,39,44],[16,38,41],[35,37,42],[33,39,48],[31,38,45],
[5,45,52],[4,48,54],[6,42,50],[4,13,47],[6,14,41],[5,15,44],[45,91,105],[42,88,103],[48,85,104],[44,87,104],
[41,93,105],[47,90,103],[33,57,87],[31,56,93],[35,55,90],[17,57,85],[16,56,91],[18,55,88],[4,63,102],[5,66,96],
[6,60,99],[4,23,77],[6,21,78],[5,19,76],[14,16,53],[13,18,51],[15,17,49],[29,37,108],[28,39,107],[30,38,106],
[3,31,52],[1,33,54],[2,35,50],[28,37,106],[29,38,107],[30,39,108],[33,54,63],[35,50,60],[31,52,66],[33,87,104],
[35,90,103],[31,93,105],[16,91,105],[17,85,104],[18,88,103],[4,47,63],[6,41,60],[5,44,66],[6,21,42],[5,19,45],
[4,23,48],[37,42,106],[38,45,107],[39,48,108],[37,47,108],[38,41,106],[39,44,107],[14,16,21],[15,17,19],[13,18,23],
[21,42,106],[23,48,108],[19,45,107],[47,63,108],[44,66,107],[41,60,106],[16,21,105],[18,23,103],[17,19,104],[33,63,104],
[31,66,105],[35,60,103],[21,105,106],[19,104,107],[23,103,108],[63,104,108],[60,103,106],[66,105,107]];
###############################################################

#SurfaceInfo: 54 Vertices, 972 Edges, 648 Faces, IsOrientable=true
 #Vertices of faces:
vof9:=[[52,53,54],[51,52,53],[50,53,54],[49,52,54],[46,47,48],[43,44,45],[40,41,42],[38,39,44],[37,39,41],[37,38,47],
[35,36,45],[33,34,42],[31,32,48],[29,30,54],[27,28,53],[25,26,52],[24,45,52],[23,48,54],[22,42,53],[21,46,49],
[20,43,51],[19,40,50],[19,26,33],[21,28,31],[20,30,35],[19,30,31],[21,26,35],[20,28,33],[48,49,51],[45,50,51],
[42,49,50],[18,28,45],[17,30,42],[16,26,48],[19,33,40],[20,35,43],[21,31,46],[19,31,50],[21,35,49],[20,33,51],
[19,21,26],[20,21,28],[19,20,30],[18,45,51],[16,48,49],[17,42,50],[40,48,54],[42,43,53],[45,46,52],[31,48,51],
[33,42,49],[35,45,50],[25,26,48],[27,28,45],[29,30,42],[14,15,18],[13,15,17],[13,14,16],[18,25,49],[16,29,50],
[17,27,51],[29,33,46],[27,35,40],[25,31,43],[29,43,54],[25,40,52],[27,46,53],[12,14,18],[11,13,16],[10,15,17],
[10,14,16],[11,15,18],[12,13,17],[25,41,49],[27,47,51],[29,44,50],[31,43,54],[35,40,52],[33,46,53],[25,40,43],
[27,40,46],[29,43,46],[14,19,21],[13,19,20],[15,20,21],[17,33,51],[18,35,49],[16,31,50],[14,25,48],[13,29,42],
[15,27,45],[33,40,54],[31,46,52],[35,43,53],[18,31,51],[17,35,50],[16,33,49],[9,44,50],[8,47,51],[7,41,49],
[9,43,46],[8,40,46],[7,40,43],[12,14,48],[10,15,45],[11,13,42],[17,33,54],[16,31,52],[18,35,53],[11,15,21],
[10,14,19],[12,13,20],[18,31,54],[16,33,53],[17,35,52],[5,6,52],[4,5,53],[4,6,54],[34,37,50],[32,38,49],
[36,39,51],[24,39,50],[22,37,49],[23,38,51],[18,19,47],[17,21,44],[16,20,41],[8,26,35],[9,28,33],[7,30,31],
[3,40,50],[2,46,49],[1,43,51],[10,49,51],[12,49,50],[11,50,51],[7,33,34],[9,35,36],[8,31,32],[3,26,52],
[1,30,54],[2,28,53],[3,22,53],[2,23,54],[1,24,52],[35,38,39],[31,37,38],[33,37,39],[26,37,41],[28,38,47],
[30,39,44],[34,38,44],[36,37,47],[32,39,41],[12,18,23],[10,17,24],[11,16,22],[10,16,34],[12,17,36],[11,18,32],
[16,27,47],[17,25,41],[18,29,44],[16,27,34],[18,29,32],[17,25,36],[10,34,44],[11,32,41],[12,36,47],[3,26,41],
[2,28,47],[1,30,44],[8,31,37],[7,33,39],[9,35,38],[12,23,50],[11,22,51],[10,24,49],[3,22,40],[2,23,46],
[1,24,43],[8,35,39],[7,31,38],[9,33,37],[18,19,23],[16,20,22],[17,21,24],[22,26,37],[23,28,38],[24,30,39],
[32,34,38],[32,36,39],[34,36,37],[2,6,54],[1,5,52],[3,4,53],[3,6,52],[2,5,53],[1,4,54],[12,22,49],
[10,23,51],[11,24,50],[1,36,51],[2,32,49],[3,34,50],[9,12,48],[8,11,42],[7,10,45],[16,41,53],[17,44,52],
[18,47,54],[1,10,19],[2,12,20],[3,11,21],[18,44,53],[17,41,54],[16,47,52],[7,34,43],[8,32,40],[9,36,46],
[9,28,50],[7,30,49],[8,26,51],[3,8,29],[2,9,25],[1,7,27],[5,6,50],[4,5,49],[4,6,51],[20,41,44],
[19,41,47],[21,44,47],[13,14,46],[13,15,40],[14,15,43],[18,25,34],[17,27,32],[16,29,36],[23,27,35],[22,25,31],
[24,29,33],[40,44,48],[41,45,46],[42,43,47],[25,27,34],[25,29,36],[27,29,32],[5,30,49],[6,28,50],[4,26,51],
[13,32,40],[15,34,43],[14,36,46],[44,48,53],[42,47,52],[41,45,54],[20,44,52],[21,47,54],[19,41,53],[2,17,32],
[3,18,34],[1,16,36],[12,22,31],[11,24,33],[10,23,35],[3,4,29],[1,5,27],[2,6,25],[22,32,34],[23,32,36],
[24,34,36],[22,23,28],[23,24,30],[22,24,26],[19,23,27],[20,22,25],[21,24,29],[14,24,43],[15,22,40],[13,23,46],
[5,23,50],[6,22,51],[4,24,49],[7,27,39],[9,25,38],[8,29,37],[1,41,44],[2,44,47],[3,41,47],[12,43,47],
[11,41,46],[10,40,44],[3,6,21],[1,4,19],[2,5,20],[8,39,42],[9,37,48],[7,38,45],[26,30,32],[28,30,34],
[26,28,36],[12,26,33],[11,30,35],[10,28,31],[1,18,28],[2,16,26],[3,17,30],[20,32,48],[21,34,42],[19,36,45],
[24,45,48],[23,42,48],[22,42,45],[1,18,37],[3,17,38],[2,16,39],[6,12,33],[5,10,31],[4,11,35],[38,42,45],
[39,42,48],[37,45,48],[6,21,42],[4,19,45],[5,20,48],[12,26,43],[10,28,40],[11,30,46],[1,28,41],[3,30,47],
[2,26,44],[4,12,31],[6,10,35],[5,11,33],[2,17,37],[1,16,38],[3,18,39],[20,32,52],[19,36,53],[21,34,54],
[24,48,53],[22,45,54],[23,42,52],[13,26,32],[14,28,36],[15,30,34],[5,26,30],[4,26,28],[6,28,30],[19,27,39],
[21,29,37],[20,25,38],[14,22,24],[13,23,24],[15,22,23],[6,22,32],[4,24,34],[5,23,36],[6,25,27],[5,27,29],
[4,25,29],[9,32,43],[7,36,40],[8,34,46],[9,22,44],[7,23,41],[8,24,47],[6,32,43],[5,36,40],[4,34,46],
[14,22,44],[15,23,41],[13,24,47],[8,24,53],[7,23,52],[9,22,54],[9,32,52],[8,34,54],[7,36,53],[3,39,48],
[2,37,45],[1,38,42],[15,30,47],[13,26,44],[14,28,41],[5,26,43],[6,30,46],[4,28,40],[6,10,42],[5,11,48],
[4,12,45],[5,10,29],[4,11,25],[6,12,27],[3,20,38],[2,19,39],[1,21,37],[1,7,8],[3,8,9],[2,7,9],
[8,14,25],[9,15,27],[7,13,29],[7,14,21],[8,15,20],[9,13,19],[1,3,10],[2,3,11],[1,2,12],[9,10,12],
[7,10,11],[8,11,12],[4,17,37],[5,18,39],[6,16,38],[4,15,31],[5,14,33],[6,13,35],[6,15,33],[5,13,31],
[4,14,35],[5,17,38],[4,16,39],[6,18,37],[4,9,16],[5,8,17],[6,7,18],[1,15,33],[2,14,35],[3,13,31],
[1,13,35],[2,15,31],[3,14,33],[4,7,17],[6,8,16],[5,9,18],[7,9,21],[8,9,19],[7,8,20],[1,8,25],
[2,7,29],[3,9,27],[1,3,48],[1,2,42],[2,3,45],[1,12,21],[2,11,19],[3,10,20],[10,12,29],[11,12,27],
[10,11,25],[9,10,42],[8,12,45],[7,11,48],[5,39,43],[6,38,46],[4,37,40],[5,14,41],[6,13,44],[4,15,47],
[9,15,52],[8,14,54],[7,13,53],[9,13,54],[7,14,52],[8,15,53],[5,13,47],[4,14,44],[6,15,41],[4,39,46],
[6,37,43],[5,38,40],[19,29,38],[20,27,37],[21,25,39],[15,26,36],[14,30,32],[13,28,34],[14,37,50],[13,39,51],
[15,38,49],[15,39,50],[14,38,51],[13,37,49],[22,28,39],[24,26,38],[23,30,37],[5,22,34],[4,23,32],[6,24,36],
[15,26,50],[13,28,49],[14,30,51],[14,32,50],[15,36,49],[13,34,51],[22,39,46],[23,37,43],[24,38,40],[5,22,47],
[6,24,41],[4,23,44],[15,38,53],[14,37,52],[13,39,54],[15,39,52],[13,37,53],[14,38,54],[5,34,41],[4,32,47],
[6,36,44],[28,39,43],[30,37,40],[26,38,46],[12,29,38],[10,25,39],[11,27,37],[12,21,39],[10,20,37],[11,19,38],
[4,7,20],[6,8,19],[5,9,21],[1,13,25],[3,14,27],[2,15,29],[1,15,48],[3,13,45],[2,14,42],[4,9,42],
[6,7,48],[5,8,45],[19,22,29],[21,23,25],[20,24,27],[10,46,47],[12,40,41],[11,43,44],[35,47,48],[31,41,42],
[33,44,45],[17,46,48],[18,40,42],[16,43,45],[7,17,22],[9,18,24],[8,16,23],[1,22,35],[3,23,33],[2,24,31],
[1,32,33],[3,31,36],[2,34,35],[8,17,28],[7,18,26],[9,16,30],[31,33,35],[16,17,18],[31,35,41],[31,33,44],
[33,35,47],[17,18,46],[16,17,43],[16,18,40],[17,28,48],[16,30,45],[18,26,42],[31,36,42],[32,33,45],[34,35,48],
[22,29,35],[24,27,31],[23,25,33],[17,19,22],[16,21,23],[18,20,24],[1,22,46],[2,24,40],[3,23,43],[10,26,46],
[11,28,43],[12,30,40],[12,34,41],[11,36,44],[10,32,47],[7,22,47],[8,23,44],[9,24,41],[1,32,50],[2,34,51],
[3,36,49],[7,26,50],[9,30,51],[8,28,49],[15,29,48],[14,27,42],[13,25,45],[4,20,42],[5,21,45],[6,19,48],
[12,39,52],[11,38,54],[10,37,53],[12,38,53],[10,39,54],[11,37,52],[9,41,51],[7,47,50],[8,44,49],[11,36,54],
[12,34,52],[10,32,53],[11,28,52],[12,30,53],[10,26,54],[1,46,50],[3,43,49],[2,40,51],[29,35,41],[25,33,47],
[27,31,44],[20,36,42],[19,34,48],[21,32,45],[18,20,46],[17,19,43],[16,21,40],[28,29,48],[25,30,45],[26,27,42],
[29,41,51],[27,44,49],[25,47,50],[20,46,50],[21,40,51],[19,43,49],[28,29,52],[26,27,54],[25,30,53],[20,36,54],
[21,32,53],[19,34,52],[29,51,52],[25,50,53],[27,49,54],[20,50,54],[19,49,52],[21,51,53]];
###############################################################

#SurfaceInfo: 325 Vertices, 975 Edges, 650 Faces, IsOrientable=true
 #Vertices of faces:
vof10:=[[323,324,325],[322,323,324],[321,323,325],[320,324,325],[317,318,319],[314,315,316],[311,312,313],[308,309,310],[305,306,307],[302,303,304],
[299,300,301],[296,297,298],[293,294,295],[290,291,292],[287,288,289],[284,285,286],[281,282,283],[278,279,280],[275,276,277],[272,273,274],
[269,270,271],[266,267,268],[264,265,285],[262,263,288],[260,261,291],[257,258,259],[254,255,256],[251,252,253],[249,250,270],[247,248,273],
[245,246,267],[243,244,246],[241,242,250],[239,240,248],[282,293,294],[279,296,297],[276,299,300],[238,294,295],[237,297,298],[236,300,301],
[235,284,285],[234,287,288],[233,290,291],[239,285,286],[241,288,289],[243,291,292],[233,234,235],[230,231,232],[228,229,232],[226,227,232],
[225,238,258],[224,236,252],[223,237,255],[222,231,258],[221,229,255],[220,227,252],[239,247,248],[243,245,246],[241,249,250],[236,251,252],
[238,257,258],[237,254,255],[231,258,259],[229,255,256],[227,252,253],[222,225,258],[220,224,252],[221,223,255],[222,230,231],[220,226,227],
[221,228,229],[229,230,232],[226,231,232],[227,228,232],[219,282,293],[218,276,299],[217,279,296],[216,237,298],[215,236,301],[214,238,295],
[235,264,285],[234,262,288],[233,260,291],[239,265,285],[243,261,291],[241,263,288],[243,244,292],[241,242,289],[239,240,286],[225,238,294],
[224,236,300],[223,237,297],[233,235,284],[233,234,290],[234,235,287],[247,272,273],[245,266,267],[249,269,270],[281,282,294],[275,276,300],
[278,279,297],[212,213,222],[210,211,220],[208,209,221],[206,207,266],[204,205,272],[202,203,269],[201,282,283],[200,276,277],[199,279,280],
[198,266,268],[197,272,274],[196,269,271],[195,198,268],[194,196,271],[193,197,274],[192,201,283],[191,199,280],[190,200,277],[198,206,266],
[196,202,269],[197,204,272],[201,219,282],[199,217,279],[200,218,276],[205,247,272],[203,249,269],[207,245,266],[189,244,292],[188,240,286],
[187,242,289],[212,222,230],[208,221,228],[210,220,226],[213,222,225],[209,221,223],[211,220,224],[225,281,294],[223,278,297],[224,275,300],
[233,260,284],[235,264,287],[234,262,290],[215,236,251],[214,238,257],[216,237,254],[229,230,256],[227,228,253],[226,231,259],[239,247,265],
[241,249,263],[243,245,261],[186,290,292],[185,284,286],[184,287,289],[183,190,198],[182,191,196],[181,192,197],[180,201,219],[179,200,218],
[178,199,217],[177,215,251],[176,216,254],[175,214,257],[184,264,287],[186,262,290],[185,260,284],[185,188,286],[184,187,289],[186,189,292],
[190,198,206],[192,197,204],[191,196,202],[181,192,283],[183,190,277],[182,191,280],[183,195,198],[181,193,197],[182,194,196],[213,225,281],
[211,224,275],[209,223,278],[212,230,256],[210,226,259],[208,228,253],[205,247,265],[207,245,261],[203,249,263],[174,264,265],[173,260,261],
[172,262,263],[171,257,259],[170,251,253],[169,254,256],[168,281,283],[167,275,277],[166,278,280],[165,190,200],[164,192,201],[163,191,199],
[164,180,201],[165,179,200],[163,178,199],[173,207,261],[172,203,263],[174,205,265],[169,212,256],[170,208,253],[171,210,259],[168,213,281],
[166,209,278],[167,211,275],[162,181,193],[161,182,194],[160,183,195],[168,181,283],[166,182,280],[167,183,277],[165,190,206],[163,191,202],
[164,192,204],[159,184,187],[158,186,189],[157,185,188],[173,185,260],[172,186,262],[174,184,264],[169,176,254],[171,175,257],[170,177,251],
[156,212,213],[155,208,209],[154,210,211],[153,206,207],[152,202,203],[151,204,205],[150,165,179],[149,164,180],[148,163,178],[147,169,176],
[146,170,177],[145,171,175],[153,165,206],[151,164,204],[152,163,202],[156,168,213],[154,167,211],[155,166,209],[156,169,212],[154,171,210],
[155,170,208],[153,173,207],[151,174,205],[152,172,203],[157,173,185],[159,174,184],[158,172,186],[162,168,181],[160,167,183],[161,166,182],
[153,157,173],[152,158,172],[151,159,174],[156,162,168],[155,161,166],[154,160,167],[150,153,165],[148,152,163],[149,151,164],[147,156,169],
[146,155,170],[145,154,171],[149,151,159],[150,153,157],[148,152,158],[147,156,162],[145,154,160],[146,155,161],[144,246,267],[143,248,273],
[142,250,270],[141,244,246],[140,240,248],[139,242,250],[138,270,271],[137,267,268],[136,273,274],[135,189,244],[134,187,242],[133,188,240],
[132,193,274],[131,194,271],[130,195,268],[129,159,187],[128,157,188],[127,158,189],[126,162,193],[125,161,194],[124,160,195],[126,132,193],
[124,130,195],[125,131,194],[128,133,188],[127,135,189],[129,134,187],[132,136,274],[130,137,268],[131,138,271],[135,141,244],[134,139,242],
[133,140,240],[138,142,270],[136,143,273],[137,144,267],[141,144,246],[139,142,250],[140,143,248],[129,149,159],[127,148,158],[128,150,157],
[126,147,162],[124,145,160],[125,146,161],[122,123,132],[120,121,130],[118,119,131],[116,117,134],[114,115,133],[112,113,135],[144,302,303],
[143,308,309],[142,305,306],[111,296,298],[110,293,295],[109,299,301],[108,219,293],[107,217,296],[106,218,299],[105,216,298],[104,214,295],
[103,215,301],[102,180,219],[101,178,217],[100,179,218],[99,176,216],[98,175,214],[97,177,215],[96,148,178],[95,150,179],[94,149,180],
[93,147,176],[92,145,175],[91,146,177],[93,99,176],[91,97,177],[92,98,175],[94,102,180],[95,100,179],[96,101,178],[99,105,216],
[97,103,215],[98,104,214],[102,108,219],[100,106,218],[101,107,217],[105,111,298],[103,109,301],[104,110,295],[107,111,296],[106,109,299],
[108,110,293],[122,126,132],[118,125,131],[120,124,130],[93,126,147],[91,125,146],[92,124,145],[95,128,150],[94,129,149],[96,127,148],
[141,144,302],[140,143,308],[139,142,305],[136,143,309],[138,142,306],[137,144,303],[112,135,141],[114,133,140],[116,134,139],[123,132,136],
[119,131,138],[121,130,137],[115,128,133],[113,127,135],[117,129,134],[89,90,99],[87,88,97],[85,86,98],[83,84,102],[81,82,100],
[79,80,101],[111,317,318],[109,311,312],[110,314,315],[107,111,317],[108,110,314],[106,109,311],[105,111,318],[104,110,315],[103,109,312],
[83,102,108],[79,101,107],[81,100,106],[89,99,105],[85,98,104],[87,97,103],[80,96,101],[82,95,100],[84,94,102],[90,93,99],
[86,92,98],[88,91,97],[123,136,309],[121,137,303],[119,138,306],[114,140,308],[116,139,305],[112,141,302],[95,115,128],[96,113,127],
[94,117,129],[93,122,126],[92,120,124],[91,118,125],[77,78,310],[75,76,307],[73,74,304],[72,309,310],[71,303,304],[70,306,307],
[69,302,304],[68,308,310],[67,305,307],[72,77,310],[70,75,307],[71,73,304],[67,76,307],[69,74,304],[68,78,310],[67,116,305],
[69,112,302],[68,114,308],[72,123,309],[70,119,306],[71,121,303],[90,93,122],[88,91,118],[86,92,120],[84,94,117],[80,96,113],
[82,95,115],[83,108,314],[81,106,311],[79,107,317],[89,105,318],[87,103,312],[85,104,315],[65,66,316],[63,64,319],[61,62,313],
[60,122,123],[59,118,119],[58,120,121],[57,116,117],[56,112,113],[55,114,115],[54,317,319],[53,314,316],[52,311,313],[51,318,319],
[50,312,313],[49,315,316],[54,63,319],[52,61,313],[53,65,316],[51,64,319],[49,66,316],[50,62,313],[60,90,122],[58,86,120],
[59,88,118],[51,89,318],[49,85,315],[50,87,312],[53,83,314],[54,79,317],[52,81,311],[57,84,117],[56,80,113],[55,82,115],
[60,72,123],[58,71,121],[59,70,119],[55,68,114],[56,69,112],[57,67,116],[48,72,77],[47,71,73],[46,70,75],[45,69,74],
[44,68,78],[43,67,76],[42,89,90],[41,85,86],[40,87,88],[39,83,84],[38,79,80],[37,81,82],[42,60,90],[40,59,88],
[41,58,86],[37,55,82],[39,57,84],[38,56,80],[39,53,83],[37,52,81],[38,54,79],[42,51,89],[40,50,87],[41,49,85],
[36,53,65],[35,54,63],[34,52,61],[33,51,64],[32,49,66],[31,50,62],[44,55,68],[43,57,67],[45,56,69],[48,60,72],
[46,59,70],[47,58,71],[42,48,60],[41,47,58],[40,46,59],[33,42,51],[32,41,49],[31,40,50],[36,39,53],[35,38,54],
[34,37,52],[39,43,57],[38,45,56],[37,44,55],[36,39,43],[34,37,44],[35,38,45],[33,42,48],[31,40,46],[32,41,47],
[30,75,76],[29,77,78],[28,73,74],[27,43,76],[26,44,78],[25,45,74],[24,48,77],[23,46,75],[22,47,73],[23,30,75],
[22,28,73],[24,29,77],[27,30,76],[25,28,74],[26,29,78],[27,36,43],[25,35,45],[26,34,44],[24,33,48],[22,32,47],
[23,31,46],[20,21,30],[18,19,28],[16,17,29],[15,61,62],[14,63,64],[13,65,66],[12,33,64],[11,31,62],[10,32,66],
[9,36,65],[8,34,61],[7,35,63],[9,13,65],[7,14,63],[8,15,61],[11,15,62],[10,13,66],[12,14,64],[16,24,29],
[20,23,30],[18,22,28],[12,24,33],[11,23,31],[10,22,32],[9,27,36],[8,26,34],[7,25,35],[21,27,30],[17,26,29],
[19,25,28],[5,6,14],[3,4,15],[1,2,13],[5,12,14],[1,10,13],[3,11,15],[2,9,13],[6,7,14],[4,8,15],
[9,21,27],[7,19,25],[8,17,26],[12,16,24],[10,18,22],[11,20,23],[5,12,16],[3,11,20],[1,10,18],[6,7,19],
[4,8,17],[2,9,21],[16,17,322],[18,19,321],[20,21,320],[5,16,322],[3,20,320],[1,18,321],[6,19,321],[2,21,320],
[4,17,322],[5,6,323],[1,2,325],[3,4,324],[5,322,323],[3,320,324],[1,321,325],[6,321,323],[4,322,324],[2,320,325]];
###############################################################

