#SurfaceInfo: 363 Vertices, 1089 Edges, 726 Faces, IsOrientable=true
 #Vertices of faces:
vof1:=[[361,362,363],[360,361,362],[359,361,363],[358,362,363],[355,356,357],[352,353,354],[349,350,351],[346,347,348],[343,344,345],[340,341,342],
[337,338,339],[334,335,336],[331,332,333],[328,329,330],[325,326,327],[322,323,324],[319,320,321],[316,317,318],[313,314,315],[312,313,314],
[311,316,317],[310,319,320],[309,312,313],[308,312,314],[307,310,319],[306,311,316],[305,310,320],[304,311,317],[302,303,311],[300,301,310],
[298,299,312],[302,304,311],[300,307,310],[301,305,310],[303,306,311],[298,308,312],[299,309,312],[297,298,299],[296,300,301],[295,302,303],
[293,294,296],[291,292,295],[289,290,297],[286,287,288],[283,284,285],[280,281,282],[277,278,279],[274,275,276],[271,272,273],[270,297,299],
[269,297,298],[268,295,302],[267,296,300],[266,295,303],[265,296,301],[281,302,304],[284,300,307],[278,303,306],[287,301,305],[275,299,309],
[272,298,308],[264,280,281],[263,277,278],[262,286,287],[261,283,284],[260,271,272],[259,274,275],[284,285,307],[281,282,304],[287,288,305],
[278,279,306],[272,273,308],[275,276,309],[266,291,295],[268,292,295],[265,293,296],[267,294,296],[269,289,297],[270,290,297],[268,281,302],
[267,284,300],[265,287,301],[266,278,303],[269,272,298],[270,275,299],[257,258,315],[255,256,321],[253,254,318],[252,319,321],[251,320,321],
[250,317,318],[249,316,318],[248,314,315],[247,313,315],[246,307,319],[245,304,317],[244,305,320],[243,306,316],[242,308,314],[241,309,313],
[246,252,319],[244,251,320],[243,249,316],[245,250,317],[241,247,313],[242,248,314],[247,257,315],[248,258,315],[252,255,321],[249,253,318],
[250,254,318],[251,256,321],[240,268,292],[239,266,291],[238,267,294],[237,265,293],[236,269,289],[235,270,290],[246,285,307],[245,282,304],
[243,279,306],[244,288,305],[241,276,309],[242,273,308],[264,268,281],[263,266,278],[261,267,284],[262,265,287],[259,270,275],[260,269,272],
[233,234,241],[231,232,245],[229,230,246],[227,228,242],[225,226,243],[223,224,244],[229,246,252],[227,242,248],[223,244,251],[233,241,247],
[231,245,250],[225,243,249],[224,244,288],[230,246,285],[228,242,273],[234,241,276],[232,245,282],[226,243,279],[222,252,255],[221,251,256],
[220,250,254],[219,249,253],[218,247,257],[217,248,258],[235,259,270],[240,264,268],[236,260,269],[239,263,266],[237,262,265],[238,261,267],
[215,216,338],[213,214,323],[211,212,335],[209,210,332],[207,208,329],[205,206,326],[204,337,338],[203,334,335],[202,331,332],[201,328,329],
[200,322,323],[199,325,326],[198,338,339],[197,323,324],[196,332,333],[195,326,327],[194,329,330],[193,335,336],[197,286,288],[196,283,285],
[193,280,282],[195,277,279],[194,271,273],[198,274,276],[200,203,204],[199,201,202],[203,204,337],[200,204,322],[200,203,334],[199,201,325],
[199,202,331],[201,202,328],[194,271,330],[197,286,324],[196,283,333],[198,274,339],[193,280,336],[195,277,327],[204,215,338],[200,213,323],
[199,205,326],[203,211,335],[201,207,329],[202,209,332],[197,214,323],[195,206,326],[194,208,329],[193,212,335],[198,216,338],[196,210,332],
[192,235,259],[191,240,264],[190,236,260],[189,239,263],[188,238,261],[187,237,262],[197,224,288],[196,230,285],[194,228,273],[198,234,276],
[195,226,279],[193,232,282],[222,229,252],[217,227,248],[219,225,249],[221,223,251],[220,231,250],[218,233,247],[186,262,286],[185,261,283],
[184,264,280],[183,263,277],[182,259,274],[181,260,271],[180,221,223],[179,220,231],[178,218,233],[177,222,229],[176,217,227],[175,219,225],
[182,192,259],[181,190,260],[184,191,264],[183,189,263],[186,187,262],[185,188,261],[182,274,339],[181,271,330],[186,286,324],[185,283,333],
[183,277,327],[184,280,336],[197,214,224],[198,216,234],[193,212,232],[196,210,230],[195,206,226],[194,208,228],[204,215,322],[203,211,337],
[200,213,334],[201,207,325],[202,209,328],[199,205,331],[174,337,339],[173,322,324],[172,328,330],[171,325,327],[170,334,336],[169,331,333],
[168,233,234],[167,231,232],[166,229,230],[165,225,226],[164,223,224],[163,227,228],[168,178,233],[167,179,231],[166,177,229],[165,175,225],
[163,176,227],[164,180,223],[174,211,337],[173,215,322],[172,209,328],[170,213,334],[169,205,331],[171,207,325],[164,214,224],[168,216,234],
[167,212,232],[166,210,230],[165,206,226],[163,208,228],[174,182,339],[172,181,330],[170,184,336],[173,186,324],[169,185,333],[171,183,327],
[162,182,192],[161,181,190],[160,184,191],[159,185,188],[158,183,189],[157,186,187],[156,215,216],[155,213,214],[154,211,212],[153,209,210],
[152,205,206],[151,207,208],[150,164,180],[149,166,177],[148,168,178],[147,167,179],[146,163,176],[145,165,175],[155,164,214],[156,168,216],
[154,167,212],[153,166,210],[151,163,208],[152,165,206],[154,174,211],[156,173,215],[153,172,209],[155,170,213],[151,171,207],[152,169,205],
[162,174,182],[157,173,186],[161,172,181],[160,170,184],[158,171,183],[159,169,185],[154,162,174],[156,157,173],[153,161,172],[155,160,170],
[152,159,169],[151,158,171],[147,154,167],[148,156,168],[149,153,166],[150,155,164],[145,152,165],[146,151,163],[147,154,162],[148,156,157],
[149,153,161],[150,155,160],[146,151,158],[145,152,159],[144,289,290],[143,291,292],[142,293,294],[141,240,292],[140,237,293],[139,239,291],
[138,238,294],[137,235,290],[136,236,289],[135,192,235],[134,191,240],[133,190,236],[132,187,237],[131,189,239],[130,188,238],[129,162,192],
[128,157,187],[127,161,190],[126,160,191],[125,159,188],[124,158,189],[125,130,188],[129,135,192],[128,132,187],[126,134,191],[127,133,190],
[124,131,189],[131,139,239],[135,137,235],[130,138,238],[134,141,240],[133,136,236],[132,140,237],[136,144,289],[137,144,290],[141,143,292],
[140,142,293],[138,142,294],[139,143,291],[129,147,162],[128,148,157],[126,150,160],[127,149,161],[124,146,158],[125,145,159],[122,123,131],
[120,121,133],[118,119,135],[116,117,130],[114,115,132],[112,113,134],[143,346,347],[142,340,341],[144,343,344],[111,255,256],[110,253,254],
[109,257,258],[108,221,256],[107,222,255],[106,220,254],[105,219,253],[104,217,258],[103,218,257],[102,180,221],[101,177,222],[100,179,220],
[99,178,218],[98,175,219],[97,176,217],[96,147,179],[95,148,178],[94,150,180],[93,146,176],[92,145,175],[91,149,177],[94,102,180],
[96,100,179],[95,99,178],[92,98,175],[91,101,177],[93,97,176],[97,104,217],[102,108,221],[101,107,222],[100,106,220],[99,103,218],
[98,105,219],[108,111,256],[107,111,255],[105,110,253],[106,110,254],[103,109,257],[104,109,258],[118,129,135],[114,128,132],[122,124,131],
[116,125,130],[112,126,134],[120,127,133],[96,129,147],[95,128,148],[92,125,145],[94,126,150],[91,127,149],[93,124,146],[139,143,346],
[138,142,340],[141,143,347],[137,144,343],[136,144,344],[140,142,341],[123,131,139],[119,135,137],[117,130,138],[113,134,141],[115,132,140],
[121,133,136],[111,349,350],[110,352,353],[109,355,356],[89,90,97],[87,88,100],[85,86,98],[83,84,101],[81,82,102],[79,80,99],
[104,109,355],[108,111,349],[107,111,350],[105,110,352],[103,109,356],[106,110,353],[89,97,104],[81,102,108],[83,101,107],[87,100,106],
[85,98,105],[79,99,103],[88,96,100],[80,95,99],[90,93,97],[82,94,102],[84,91,101],[86,92,98],[123,139,346],[113,141,347],
[121,136,344],[115,140,341],[119,137,343],[117,138,340],[96,118,129],[95,114,128],[92,116,125],[94,112,126],[93,122,124],[91,120,127],
[77,78,342],[75,76,348],[73,74,345],[72,346,348],[71,347,348],[70,344,345],[69,341,342],[68,340,342],[67,343,345],[72,75,348],
[71,76,348],[70,73,345],[67,74,345],[68,77,342],[69,78,342],[72,123,346],[71,113,347],[68,117,340],[70,121,344],[67,119,343],
[69,115,341],[88,96,118],[80,95,114],[90,93,122],[84,91,120],[86,92,116],[82,94,112],[89,104,355],[87,106,353],[83,107,350],
[81,108,349],[79,103,356],[85,105,352],[66,355,357],[65,353,354],[64,350,351],[63,352,354],[62,349,351],[61,356,357],[59,60,354],
[57,58,351],[55,56,357],[54,118,119],[53,114,115],[52,122,123],[51,112,113],[50,116,117],[49,120,121],[55,66,357],[59,65,354],
[57,64,351],[60,63,354],[56,61,357],[58,62,351],[54,88,118],[53,80,114],[52,90,122],[49,84,120],[50,86,116],[51,82,112],
[66,89,355],[65,87,353],[63,85,352],[62,81,349],[61,79,356],[64,83,350],[52,72,123],[51,71,113],[50,68,117],[49,70,121],
[53,69,115],[54,67,119],[48,68,77],[47,72,75],[46,71,76],[45,70,73],[44,69,78],[43,67,74],[42,87,88],[41,79,80],
[40,89,90],[39,85,86],[38,81,82],[37,83,84],[42,54,88],[41,53,80],[40,52,90],[38,51,82],[37,49,84],[39,50,86],
[40,66,89],[42,65,87],[39,63,85],[38,62,81],[37,64,83],[41,61,79],[36,59,65],[35,58,62],[34,55,66],[33,57,64],
[32,56,61],[31,60,63],[43,54,67],[44,53,69],[47,52,72],[46,51,71],[45,49,70],[48,50,68],[42,43,54],[41,44,53],
[40,47,52],[38,46,51],[37,45,49],[39,48,50],[36,42,65],[32,41,61],[34,40,66],[33,37,64],[31,39,63],[35,38,62],
[36,42,43],[31,39,48],[32,41,44],[34,40,47],[35,38,46],[33,37,45],[30,77,78],[29,75,76],[28,73,74],[27,43,74],
[26,48,77],[25,44,78],[24,47,75],[23,46,76],[22,45,73],[26,30,77],[25,30,78],[22,28,73],[24,29,75],[27,28,74],
[23,29,76],[27,36,43],[26,31,48],[25,32,44],[24,34,47],[22,33,45],[23,35,46],[20,21,29],[18,19,28],[16,17,30],
[15,59,60],[14,55,56],[13,57,58],[12,36,59],[11,31,60],[10,32,56],[9,34,55],[8,33,57],[7,35,58],[12,15,59],
[11,15,60],[10,14,56],[7,13,58],[8,13,57],[9,14,55],[18,27,28],[20,23,29],[21,24,29],[16,26,30],[17,25,30],
[19,22,28],[12,27,36],[11,26,31],[8,22,33],[10,25,32],[7,23,35],[9,24,34],[5,6,15],[3,4,13],[1,2,14],
[5,12,15],[6,11,15],[3,8,13],[1,10,14],[2,9,14],[4,7,13],[12,18,27],[11,16,26],[8,19,22],[10,17,25],
[9,21,24],[7,20,23],[5,12,18],[6,11,16],[3,8,19],[1,10,17],[4,7,20],[2,9,21],[18,19,360],[16,17,359],
[20,21,358],[5,18,360],[6,16,359],[2,21,358],[4,20,358],[3,19,360],[1,17,359],[5,6,361],[1,2,363],[3,4,362],
[5,360,361],[6,359,361],[1,359,363],[4,358,362],[3,360,362],[2,358,363]];
###############################################################

#SurfaceInfo: 156 Vertices, 1092 Edges, 728 Faces, IsOrientable=true
 #Vertices of faces:
vof2:=[[154,155,156],[153,154,155],[152,154,156],[151,155,156],[148,149,150],[145,146,147],[142,143,144],[139,140,141],[136,137,138],[133,134,135],
[130,131,132],[127,128,129],[124,125,126],[121,122,123],[118,119,120],[115,116,117],[113,114,122],[111,112,119],[109,110,116],[106,107,108],
[103,104,105],[100,101,102],[98,99,101],[95,96,97],[93,94,96],[91,92,104],[89,90,125],[87,88,126],[85,86,124],[86,89,129],
[87,90,128],[85,88,127],[83,84,89],[81,82,85],[79,80,87],[101,134,137],[104,131,134],[96,131,137],[77,78,86],[75,76,88],
[73,74,90],[71,72,78],[70,71,77],[68,69,74],[66,67,76],[65,66,75],[64,68,73],[131,134,137],[71,77,78],[68,73,74],
[66,75,76],[97,142,143],[92,145,146],[105,146,147],[102,139,140],[99,140,141],[94,143,144],[80,109,116],[81,110,116],[83,113,122],
[79,114,122],[82,111,119],[84,112,119],[103,104,114],[100,101,113],[98,101,110],[95,96,109],[91,104,111],[93,96,112],[63,66,67],
[62,70,71],[61,68,69],[60,64,68],[59,65,66],[58,71,72],[57,67,76],[56,65,75],[55,64,73],[54,69,74],[53,70,77],
[52,72,78],[83,89,125],[84,89,129],[79,87,128],[80,87,126],[81,85,127],[82,85,124],[104,105,131],[94,96,137],[101,102,137],
[99,101,134],[92,104,134],[96,97,131],[74,87,90],[77,85,86],[78,86,89],[73,89,90],[76,87,88],[75,85,88],[67,72,96],
[64,65,101],[69,70,104],[89,106,107],[87,106,108],[85,107,108],[113,114,143],[109,110,146],[111,112,140],[87,103,105],[85,91,92],
[89,93,94],[89,100,102],[87,95,97],[85,98,99],[51,94,144],[50,102,139],[49,92,145],[48,105,147],[47,97,142],[46,99,141],
[87,103,108],[85,91,108],[89,93,106],[89,100,107],[85,98,107],[87,95,106],[74,87,105],[77,85,92],[78,89,94],[73,89,102],
[75,85,99],[76,87,97],[101,113,143],[104,114,143],[101,110,146],[96,112,140],[96,109,146],[104,111,140],[45,94,137],[44,102,137],
[43,99,134],[42,92,134],[41,97,131],[40,105,131],[82,119,124],[83,122,125],[81,116,127],[79,122,128],[80,116,126],[84,119,129],
[39,53,77],[38,57,76],[37,52,78],[36,56,75],[35,54,74],[34,55,73],[61,69,104],[58,72,96],[63,67,96],[59,65,101],
[62,70,104],[60,64,101],[53,56,68],[54,57,71],[52,55,66],[32,33,105],[30,31,99],[28,29,102],[26,27,94],[24,25,92],
[22,23,97],[133,136,150],[130,135,149],[132,138,148],[80,109,121],[79,114,117],[81,110,118],[83,113,120],[84,112,123],[82,111,115],
[63,66,119],[59,66,122],[61,68,119],[62,71,122],[58,71,116],[60,68,116],[57,67,121],[52,72,123],[54,69,117],[55,64,120],
[56,65,118],[53,70,115],[118,119,142],[121,122,141],[122,123,145],[115,116,144],[116,117,139],[119,120,147],[72,123,136],[67,121,130],
[69,117,132],[64,120,138],[70,115,133],[65,118,135],[63,119,142],[59,122,141],[61,119,147],[62,122,145],[60,116,139],[58,116,144],
[109,121,141],[113,120,147],[114,117,139],[110,118,142],[111,115,144],[112,123,145],[55,83,120],[56,81,118],[52,84,123],[54,79,117],
[53,82,115],[57,80,121],[21,22,97],[20,28,102],[19,32,105],[18,30,99],[17,26,94],[16,24,92],[39,132,148],[36,138,148],
[38,136,150],[35,133,150],[34,135,149],[37,130,149],[37,52,66],[34,55,66],[38,57,71],[35,54,71],[36,56,68],[39,53,68],
[71,116,127],[66,119,124],[71,122,125],[68,119,129],[66,122,128],[68,116,126],[33,74,105],[25,77,92],[23,76,97],[27,78,94],
[29,73,102],[31,75,99],[51,98,107],[50,95,106],[49,100,107],[46,103,108],[48,93,106],[47,91,108],[45,51,94],[44,50,102],
[43,46,99],[42,49,92],[40,48,105],[41,47,97],[60,101,143],[61,104,143],[63,96,146],[62,104,140],[59,101,146],[58,96,140],
[37,38,90],[34,36,86],[35,39,88],[15,90,98],[14,88,100],[15,86,95],[13,88,93],[13,90,91],[14,86,103],[32,33,60],
[28,29,61],[30,31,63],[26,27,62],[22,23,59],[24,25,58],[107,133,136],[106,132,138],[108,130,135],[12,142,144],[11,139,141],
[10,145,147],[21,124,125],[17,127,128],[16,125,126],[20,124,126],[19,127,129],[18,128,129],[83,133,134],[82,130,131],[84,131,132],
[81,136,137],[79,134,135],[80,137,138],[9,90,125],[8,90,128],[7,86,129],[6,88,126],[5,88,127],[4,86,124],[39,77,109],
[38,76,113],[37,78,114],[36,75,112],[34,73,111],[35,74,110],[33,44,137],[25,45,137],[23,43,134],[27,42,134],[29,40,131],
[31,41,131],[60,62,63],[58,59,61],[25,80,137],[23,83,134],[27,79,134],[33,81,137],[31,84,131],[29,82,131],[9,21,125],
[8,17,128],[6,16,126],[4,20,124],[7,18,129],[5,19,127],[33,60,63],[31,62,63],[29,58,61],[27,60,62],[25,58,59],
[23,59,61],[4,14,86],[5,14,88],[9,15,90],[7,15,86],[8,13,90],[6,13,88],[38,90,98],[36,86,95],[35,88,100],
[34,86,103],[37,90,91],[39,88,93],[67,108,130],[72,107,136],[70,107,133],[69,106,132],[65,108,135],[64,106,138],[32,60,143],
[28,61,143],[30,63,146],[26,62,140],[24,58,140],[22,59,146],[33,44,74],[25,45,77],[23,43,76],[27,42,78],[31,41,75],
[29,40,73],[17,94,127],[21,97,124],[16,92,125],[18,99,128],[20,102,126],[19,105,129],[35,110,133],[38,113,136],[39,109,132],
[34,111,135],[37,114,130],[36,112,138],[55,83,133],[56,81,136],[52,84,132],[54,79,135],[57,80,138],[53,82,130],[75,112,145],
[77,109,141],[76,113,147],[78,114,139],[74,110,142],[73,111,144],[12,63,142],[11,59,141],[10,61,147],[10,62,145],[12,58,144],
[11,60,139],[45,51,98],[44,50,95],[42,49,100],[43,46,103],[41,47,91],[40,48,93],[38,71,127],[37,66,124],[35,71,125],
[39,68,129],[36,68,126],[34,66,128],[3,94,143],[2,97,143],[3,92,146],[1,105,146],[2,99,140],[1,102,140],[13,63,91],
[14,62,100],[15,58,98],[15,60,95],[14,59,103],[13,61,93],[37,38,152],[35,39,153],[34,36,151],[14,67,72],[15,69,70],
[13,64,65],[21,103,114],[17,100,113],[16,98,110],[19,95,109],[18,91,111],[20,93,112],[74,121,130],[77,118,135],[76,117,132],
[78,120,138],[75,115,133],[73,123,136],[17,46,108],[21,49,107],[18,48,106],[16,50,106],[20,47,108],[19,51,107],[31,38,150],
[23,36,148],[29,35,150],[33,34,149],[25,37,149],[27,39,148],[31,44,150],[23,45,148],[29,43,150],[33,42,149],[25,40,149],
[27,41,148],[17,46,113],[16,50,110],[21,49,114],[20,47,112],[19,51,109],[18,48,111],[17,67,108],[21,72,107],[18,64,106],
[16,69,106],[19,70,107],[20,65,108],[38,127,152],[37,124,152],[35,125,153],[39,129,153],[36,126,151],[34,128,151],[11,14,59],
[10,14,62],[11,15,60],[12,13,63],[10,13,61],[12,15,58],[78,138,139],[73,136,144],[74,130,142],[75,133,145],[77,135,141],
[76,132,147],[3,94,127],[2,97,124],[3,92,125],[1,105,129],[1,102,126],[2,99,128],[44,74,121],[45,77,118],[43,76,117],
[42,78,120],[40,73,123],[41,75,115],[3,32,143],[3,22,146],[2,28,143],[1,30,146],[1,24,140],[2,26,140],[4,14,67],
[5,14,72],[9,15,70],[6,13,64],[7,15,69],[8,13,65],[25,59,103],[31,62,100],[29,58,98],[27,60,95],[23,61,93],
[33,63,91],[9,21,103],[8,17,100],[6,16,98],[5,19,95],[4,20,93],[7,18,91],[31,38,84],[23,36,83],[29,35,82],
[33,34,81],[27,39,79],[25,37,80],[55,110,133],[53,114,130],[56,113,136],[52,109,132],[57,112,138],[54,111,135],[38,45,98],
[36,44,95],[35,42,100],[34,43,103],[39,40,93],[37,41,91],[14,53,56],[15,52,55],[13,54,57],[136,138,156],[130,132,154],
[133,135,155],[3,79,80],[2,83,84],[1,81,82],[50,67,139],[48,72,147],[47,70,142],[49,64,145],[51,65,144],[46,69,141],
[17,67,139],[20,65,144],[21,72,147],[16,69,141],[19,70,142],[18,64,145],[4,50,67],[5,48,72],[9,47,70],[6,49,64],
[8,51,65],[7,46,69],[2,28,84],[2,26,83],[1,30,82],[1,24,81],[3,32,80],[3,22,79],[138,139,156],[136,144,156],
[135,141,155],[133,145,155],[132,147,154],[130,142,154],[12,15,55],[11,14,53],[10,14,56],[11,15,52],[12,13,54],[10,13,57],
[38,45,84],[36,44,83],[35,42,82],[34,43,81],[37,41,80],[39,40,79],[8,31,100],[4,23,93],[6,29,98],[7,33,91],
[5,27,95],[9,25,103],[3,127,152],[2,124,152],[2,128,151],[3,125,153],[1,129,153],[1,126,151],[50,55,110],[49,53,114],
[46,56,113],[51,52,109],[48,54,111],[47,57,112],[31,44,121],[23,45,118],[29,43,117],[33,42,120],[27,41,115],[25,40,123],
[1,121,123],[2,115,117],[3,118,120],[11,148,149],[12,149,150],[10,148,150],[21,22,55],[20,28,53],[19,32,56],[18,30,52],
[17,26,54],[16,24,57],[8,40,149],[6,41,148],[5,43,150],[9,44,150],[7,45,148],[4,42,149],[5,12,150],[8,11,149],
[6,11,148],[9,10,150],[4,12,149],[7,10,148],[18,51,52],[21,50,55],[20,49,53],[19,46,56],[16,47,57],[17,48,54],
[1,121,153],[3,118,153],[2,117,152],[3,120,152],[1,123,151],[2,115,151],[12,22,55],[11,28,53],[10,32,56],[11,30,52],
[10,24,57],[12,26,54],[7,45,46],[9,44,47],[4,42,50],[5,43,48],[6,41,49],[8,40,51],[8,31,121],[4,23,118],
[6,29,117],[7,33,120],[9,25,123],[5,27,115],[17,139,156],[20,144,156],[18,145,155],[21,147,154],[19,142,154],[16,141,155],
[28,45,84],[26,44,83],[30,42,82],[24,43,81],[22,40,79],[32,41,80],[19,46,154],[16,47,155],[21,50,154],[17,48,156],
[20,49,156],[18,51,155],[28,45,46],[26,44,47],[30,42,50],[24,43,48],[32,41,49],[22,40,51],[8,121,153],[4,118,153],
[6,117,152],[7,120,152],[9,123,151],[5,115,151],[8,11,28],[4,12,26],[6,11,30],[7,10,24],[9,10,32],[5,12,22],
[8,28,153],[4,26,153],[6,30,152],[7,24,152],[5,22,151],[9,32,151],[28,46,154],[26,47,155],[30,50,154],[24,48,156],
[22,51,155],[32,49,156],[28,153,154],[26,153,155],[30,152,154],[24,152,156],[32,151,156],[22,151,155]];
###############################################################

#SurfaceInfo: 182 Vertices, 1092 Edges, 728 Faces, IsOrientable=true
 #Vertices of faces:
vof3:=[[180,181,182],[179,180,181],[178,181,182],[177,180,182],[174,175,176],[172,173,175],[170,171,176],[168,169,174],[165,166,167],[162,163,164],
[159,160,161],[156,157,158],[153,154,155],[150,151,152],[147,148,149],[144,145,146],[141,142,143],[140,147,148],[139,148,149],[138,144,145],
[137,141,142],[136,142,143],[135,145,146],[134,140,147],[133,138,144],[132,135,146],[131,136,143],[130,139,149],[129,137,141],[126,127,128],
[123,124,125],[120,121,122],[119,120,121],[118,126,127],[117,127,128],[116,123,124],[115,121,122],[114,124,125],[113,133,138],[112,131,136],
[111,132,135],[110,130,139],[109,129,137],[108,134,140],[105,106,107],[102,103,104],[99,100,101],[96,97,98],[94,95,97],[92,93,97],
[90,91,97],[88,89,97],[86,87,97],[88,99,100],[87,105,106],[89,106,107],[91,102,103],[90,100,101],[86,103,104],[90,92,97],
[91,96,97],[88,93,97],[86,97,98],[89,94,97],[87,95,97],[85,89,107],[84,91,102],[83,87,105],[82,86,104],[81,88,99],
[80,90,101],[79,88,93],[78,86,98],[77,87,95],[76,89,94],[75,90,92],[74,91,96],[71,72,73],[68,69,70],[65,66,67],
[64,71,72],[63,68,69],[62,65,66],[61,66,67],[60,69,70],[59,72,73],[79,81,88],[74,84,91],[76,85,89],[78,82,86],
[77,83,87],[75,80,90],[56,57,58],[54,55,57],[52,53,57],[57,118,119],[57,114,115],[57,116,117],[75,114,125],[76,119,120],
[74,118,126],[78,117,128],[77,115,122],[79,116,123],[64,110,130],[63,111,132],[59,108,134],[62,112,131],[61,109,129],[60,113,133],
[51,79,123],[50,75,125],[49,76,120],[48,74,126],[47,78,128],[46,77,122],[64,130,151],[59,134,150],[62,131,150],[61,129,152],
[63,132,151],[60,133,152],[56,57,116],[57,58,114],[52,57,119],[54,57,118],[55,57,117],[53,57,115],[64,71,110],[63,68,111],
[62,65,112],[61,67,109],[59,73,108],[60,70,113],[76,85,119],[74,84,118],[78,82,117],[79,81,116],[75,80,114],[77,83,115],
[45,71,125],[44,73,122],[43,67,126],[42,70,128],[41,68,123],[40,65,120],[39,150,151],[38,150,152],[37,151,152],[75,156,157],
[79,153,154],[77,154,155],[74,153,155],[76,156,158],[78,157,158],[126,128,166],[120,122,165],[123,125,167],[79,107,153],[75,102,156],
[78,105,157],[77,104,154],[74,101,155],[76,99,158],[43,126,166],[42,128,166],[40,120,165],[41,123,167],[45,125,167],[44,122,165],
[49,76,156],[50,75,157],[48,74,153],[46,77,155],[47,78,158],[51,79,154],[71,110,125],[65,112,120],[68,111,123],[70,113,128],
[67,109,126],[73,108,122],[39,64,151],[39,59,150],[38,62,150],[37,63,151],[37,60,152],[38,61,152],[52,85,119],[54,84,118],
[53,83,115],[55,82,117],[56,81,116],[58,80,114],[36,48,111],[35,47,112],[34,49,110],[33,51,108],[32,46,109],[31,50,113],
[30,165,166],[29,166,167],[28,165,167],[85,159,160],[82,160,161],[84,162,163],[83,163,164],[80,159,161],[81,162,164],[119,121,134],
[114,124,132],[116,124,130],[118,127,133],[117,127,129],[115,121,131],[112,136,166],[111,135,166],[113,138,167],[110,139,165],[108,140,167],
[109,137,165],[105,107,150],[99,101,151],[102,104,152],[85,107,171],[84,102,173],[83,105,169],[82,104,168],[80,101,172],[81,99,170],
[79,83,93],[75,82,92],[74,81,96],[77,84,95],[76,80,94],[78,85,98],[51,82,123],[50,83,125],[49,84,120],[48,85,126],
[46,80,122],[47,81,128],[27,134,150],[26,131,150],[25,132,151],[24,130,151],[23,129,152],[22,133,152],[51,82,92],[49,84,95],
[50,83,93],[47,81,96],[48,85,98],[46,80,94],[27,107,150],[26,105,150],[23,104,152],[22,102,152],[25,101,151],[24,99,151],
[121,131,160],[127,129,163],[121,134,164],[124,132,162],[124,130,159],[127,133,161],[27,119,134],[26,115,131],[25,114,132],[24,116,130],
[22,118,133],[23,117,129],[82,123,160],[83,125,163],[84,120,162],[85,126,159],[81,128,164],[80,122,161],[85,160,171],[84,163,173],
[83,164,169],[82,161,168],[81,162,170],[80,159,172],[30,136,166],[29,135,166],[29,138,167],[28,139,165],[30,137,165],[28,140,167],
[50,113,157],[49,110,156],[47,112,158],[51,108,154],[48,111,153],[46,109,155],[53,79,83],[55,75,82],[52,78,85],[56,74,81],
[58,76,80],[54,77,84],[38,62,138],[39,64,136],[39,59,135],[38,61,140],[37,60,139],[37,63,137],[36,111,123],[34,110,125],
[31,113,128],[35,112,120],[33,108,122],[32,109,126],[41,113,167],[43,112,166],[42,111,166],[44,110,165],[40,109,165],[45,108,167],
[79,107,171],[75,102,173],[78,105,169],[74,101,172],[76,99,170],[77,104,168],[47,51,69],[48,49,66],[46,50,72],[21,26,63],
[20,24,61],[19,27,60],[18,23,64],[17,25,62],[16,22,59],[101,133,144],[104,131,143],[102,132,146],[107,130,149],[105,129,141],
[99,134,147],[88,100,113],[87,106,110],[91,103,112],[90,100,108],[86,103,111],[89,106,109],[64,72,158],[63,69,155],[61,66,154],
[62,66,157],[59,72,153],[60,69,156],[15,101,155],[14,102,156],[13,99,158],[12,107,153],[11,104,154],[10,105,157],[15,69,155],
[11,66,154],[10,66,157],[12,72,153],[14,69,156],[13,72,158],[11,104,131],[15,101,133],[10,105,129],[14,102,132],[13,99,134],
[12,107,130],[19,60,156],[21,63,155],[17,62,157],[18,64,158],[16,59,153],[20,61,154],[51,69,92],[47,69,96],[46,72,94],
[50,72,93],[48,66,98],[49,66,95],[40,89,109],[45,90,108],[44,87,110],[41,88,113],[43,91,112],[42,86,111],[100,113,157],
[106,110,156],[103,112,158],[100,108,154],[106,109,155],[103,111,153],[27,60,119],[26,63,115],[23,64,117],[24,61,116],[22,59,118],
[25,62,114],[25,101,144],[26,105,141],[23,104,143],[24,99,147],[27,107,149],[22,102,146],[53,79,171],[55,75,173],[52,78,169],
[56,74,172],[54,77,168],[58,76,170],[28,60,139],[30,63,137],[30,64,136],[29,59,135],[28,61,140],[29,62,138],[34,125,163],
[33,122,161],[36,123,160],[32,126,159],[31,128,164],[35,120,162],[131,160,171],[133,161,168],[129,163,173],[134,164,169],[130,159,172],
[132,162,170],[148,170,171],[145,172,173],[142,168,169],[41,168,174],[45,169,174],[42,170,176],[40,173,175],[44,172,175],[43,171,176],
[45,71,144],[44,73,141],[42,70,143],[41,68,147],[40,65,149],[43,67,146],[140,148,163],[139,148,161],[138,145,160],[135,145,164],
[136,142,159],[137,142,162],[68,70,121],[71,73,127],[65,67,124],[9,88,89],[8,86,87],[7,90,91],[38,89,138],[39,90,136],
[39,87,135],[38,91,140],[37,86,139],[37,88,137],[6,127,161],[5,121,164],[4,124,162],[3,121,160],[2,127,163],[1,124,159],
[7,38,91],[9,38,89],[7,39,90],[8,39,87],[9,37,88],[8,37,86],[6,71,127],[5,68,121],[2,73,127],[1,65,124],
[4,67,124],[3,70,121],[2,140,163],[3,138,160],[1,136,159],[6,139,161],[5,135,164],[4,137,162],[15,40,175],[11,45,174],
[10,41,174],[12,42,176],[13,43,176],[14,44,175],[45,144,169],[43,146,171],[41,147,168],[40,149,173],[44,141,172],[42,143,170],
[34,148,163],[33,148,161],[36,145,160],[35,142,162],[31,145,164],[32,142,159],[58,148,170],[53,148,171],[55,145,173],[52,142,169],
[56,145,172],[54,142,168],[25,71,144],[26,73,141],[23,70,143],[24,68,147],[22,67,146],[27,65,149],[40,89,138],[45,90,136],
[42,86,139],[44,87,135],[41,88,137],[43,91,140],[28,60,119],[29,59,118],[30,63,115],[30,64,117],[29,62,114],[28,61,116],
[19,106,156],[21,106,155],[16,103,153],[18,103,158],[20,100,154],[17,100,157],[13,134,169],[11,131,171],[15,133,168],[10,129,173],
[12,130,172],[14,132,170],[15,69,92],[11,66,98],[10,66,95],[12,72,94],[13,72,93],[14,69,96],[36,48,71],[34,49,68],
[35,47,73],[33,51,65],[31,50,67],[32,46,70],[106,144,146],[103,147,149],[100,141,143],[38,56,58],[37,52,53],[39,54,55],
[118,119,177],[114,115,178],[116,117,179],[9,38,56],[7,38,58],[7,39,54],[8,39,55],[8,37,53],[9,37,52],[19,106,144],
[21,106,146],[16,103,147],[17,100,143],[20,100,141],[18,103,149],[28,119,177],[29,118,177],[30,115,178],[30,117,179],[28,116,179],
[29,114,178],[27,51,65],[22,50,67],[25,48,71],[26,47,73],[23,46,70],[24,49,68],[6,36,71],[5,34,68],[2,35,73],
[1,33,65],[3,32,70],[4,31,67],[34,58,148],[36,56,145],[32,54,142],[33,53,148],[31,55,145],[35,52,142],[13,144,169],
[11,146,171],[15,147,168],[10,149,173],[14,143,170],[12,141,172],[15,40,92],[11,45,98],[10,41,95],[12,42,94],[14,44,96],
[13,43,93],[3,40,138],[1,45,136],[6,42,139],[5,44,135],[2,43,140],[4,41,137],[9,174,175],[7,174,176],[8,175,176],
[18,23,58],[21,26,56],[20,24,54],[19,27,55],[16,22,53],[17,25,52],[47,51,182],[46,50,180],[48,49,181],[29,94,95],
[30,92,93],[28,96,98],[6,10,174],[5,11,174],[2,15,175],[1,14,175],[3,13,176],[4,12,176],[2,9,175],[3,7,176],
[5,7,174],[1,8,175],[6,9,174],[4,8,176],[9,21,56],[7,18,58],[7,20,54],[8,19,55],[9,17,52],[8,16,53],
[23,34,58],[26,36,56],[27,31,55],[24,32,54],[25,35,52],[22,33,53],[6,10,36],[5,11,34],[2,15,35],[1,14,33],
[4,12,31],[3,13,32],[23,46,180],[26,47,182],[27,51,182],[24,49,181],[25,48,181],[22,50,180],[29,94,177],[29,95,178],
[30,92,178],[28,96,177],[28,98,179],[30,93,179],[3,40,92],[4,41,95],[1,45,98],[6,42,94],[2,43,93],[5,44,96],
[13,19,144],[11,21,146],[15,16,147],[10,18,149],[12,20,141],[14,17,143],[2,93,179],[3,92,178],[5,96,177],[1,98,179],
[6,94,177],[4,95,178],[11,21,34],[10,18,36],[12,20,31],[13,19,32],[14,17,33],[15,16,35],[23,34,180],[26,36,182],
[27,31,182],[24,32,181],[22,33,180],[25,35,181],[2,9,21],[3,7,18],[5,7,20],[1,8,19],[6,9,17],[4,8,16],
[2,21,179],[3,18,178],[5,20,177],[1,19,179],[4,16,178],[6,17,177],[21,34,180],[18,36,182],[20,31,182],[19,32,181],
[16,35,181],[17,33,180],[21,179,180],[18,178,182],[20,177,182],[19,179,181],[17,177,180],[16,178,181]];
###############################################################

#SurfaceInfo: 156 Vertices, 1092 Edges, 728 Faces, IsOrientable=true
 #Vertices of faces:
vof4:=[[154,155,156],[153,154,155],[152,154,156],[151,155,156],[148,149,150],[145,146,147],[142,143,144],[139,140,141],[136,137,138],[133,134,135],
[130,131,132],[127,128,129],[124,125,126],[121,122,123],[118,119,120],[116,117,119],[114,115,125],[112,113,122],[110,111,122],[108,109,119],
[106,107,125],[104,105,131],[102,103,132],[100,101,130],[99,135,138],[98,135,141],[97,138,141],[95,96,147],[93,94,144],[91,92,147],
[89,90,144],[87,88,150],[85,86,150],[82,83,84],[79,80,81],[77,78,80],[75,76,83],[72,73,74],[70,71,73],[77,79,80],
[70,72,73],[75,82,83],[89,93,144],[91,95,147],[85,87,150],[135,138,141],[69,104,131],[68,100,130],[67,105,131],[66,101,130],
[65,102,132],[64,103,132],[106,124,125],[110,121,122],[111,112,122],[108,118,119],[107,114,125],[109,116,119],[61,62,63],[59,60,62],
[56,57,58],[53,54,55],[51,52,57],[49,50,54],[48,50,79],[47,52,72],[46,58,82],[45,55,70],[44,63,75],[43,60,77],
[42,79,100],[41,75,104],[40,82,101],[39,70,105],[38,72,103],[37,77,102],[35,36,80],[33,34,83],[31,32,73],[29,30,83],
[27,28,73],[25,26,80],[24,93,94],[23,95,96],[22,91,92],[21,87,88],[20,85,86],[19,89,90],[21,72,74],[22,75,76],
[19,82,84],[24,79,81],[20,77,78],[23,70,71],[24,97,138],[23,97,141],[22,99,135],[21,98,141],[20,99,138],[19,98,135],
[80,81,106],[83,84,108],[78,80,110],[76,83,111],[71,73,107],[73,74,109],[56,57,143],[61,62,146],[49,54,142],[51,57,149],
[53,54,145],[59,62,148],[46,57,58],[45,54,55],[43,60,62],[47,52,57],[48,50,54],[44,62,63],[50,79,100],[52,72,103],
[58,82,101],[55,70,105],[60,77,102],[63,75,104],[29,64,83],[33,65,83],[35,69,80],[25,67,80],[27,66,73],[31,68,73],
[18,24,81],[18,23,71],[17,21,74],[16,22,76],[16,20,78],[17,19,84],[20,42,138],[22,40,135],[21,39,141],[19,41,135],
[23,38,141],[24,37,138],[36,80,106],[34,83,108],[26,80,110],[30,83,111],[32,73,109],[28,73,107],[24,79,93],[23,70,95],
[21,72,87],[22,75,91],[19,82,89],[20,77,85],[24,94,97],[23,96,97],[22,92,99],[21,88,98],[19,90,98],[20,86,99],
[84,108,118],[78,110,121],[76,111,112],[74,109,116],[81,106,124],[71,107,114],[42,68,100],[39,67,105],[40,66,101],[37,65,102],
[38,64,103],[41,69,104],[83,143,146],[80,142,148],[73,145,149],[64,86,124],[69,96,116],[66,94,121],[68,90,112],[67,92,118],
[65,88,114],[57,107,111],[62,106,108],[54,109,110],[33,56,58],[25,59,60],[35,49,50],[29,61,63],[31,51,52],[27,53,55],
[15,50,129],[14,55,128],[13,58,129],[12,60,127],[11,52,127],[10,63,128],[48,56,79],[47,59,72],[46,49,82],[45,61,70],
[43,51,77],[44,53,75],[42,79,103],[40,82,105],[41,75,100],[39,70,102],[37,77,101],[38,72,104],[27,28,58],[29,30,52],
[35,36,63],[33,34,60],[31,32,50],[25,26,55],[58,69,131],[52,67,131],[63,66,130],[55,64,132],[50,65,132],[60,68,130],
[18,130,131],[17,130,132],[16,131,132],[9,127,128],[8,128,129],[7,127,129],[53,56,59],[49,51,61],[30,32,36],[26,28,34],
[28,58,69],[30,52,67],[36,63,66],[26,55,64],[34,60,68],[32,50,65],[6,37,101],[5,42,103],[4,38,104],[3,40,105],
[2,41,100],[1,39,102],[9,10,128],[8,15,129],[8,14,128],[7,11,127],[7,13,129],[9,12,127],[29,63,130],[33,58,131],
[31,52,131],[27,55,132],[25,60,130],[35,50,132],[33,60,127],[25,55,128],[35,63,128],[27,58,129],[31,50,129],[29,52,127],
[33,48,56],[25,47,59],[35,46,49],[29,45,61],[27,44,53],[31,43,51],[53,56,143],[49,61,146],[51,61,149],[49,51,142],
[56,59,148],[53,59,145],[48,54,110],[45,54,109],[43,62,106],[46,57,111],[44,62,108],[47,57,107],[52,79,103],[50,75,100],
[55,82,105],[58,77,101],[63,72,104],[60,70,102],[64,81,124],[65,71,114],[69,74,116],[67,84,118],[66,78,121],[68,76,112],
[61,70,95],[49,82,89],[53,75,91],[56,79,93],[51,77,85],[59,72,87],[94,97,121],[86,99,124],[88,98,114],[96,97,116],
[90,98,112],[92,99,118],[64,83,143],[65,83,146],[69,80,148],[68,73,145],[66,73,149],[67,80,142],[18,24,130],[18,23,131],
[17,21,132],[16,22,131],[17,19,130],[16,20,132],[26,34,110],[26,28,107],[32,36,106],[28,34,108],[30,36,111],[30,32,109],
[23,38,64],[19,41,69],[22,40,66],[20,42,68],[24,37,65],[21,39,67],[9,64,86],[8,69,96],[8,66,94],[7,68,90],
[7,65,88],[9,67,92],[97,143,146],[99,145,149],[98,142,148],[109,110,151],[107,111,152],[106,108,153],[11,52,116],[12,60,121],
[15,50,124],[14,55,114],[10,63,112],[13,58,118],[17,145,146],[16,142,143],[18,148,149],[4,149,150],[3,143,144],[6,148,150],
[5,142,144],[2,146,147],[1,145,147],[62,139,140],[54,133,134],[57,136,137],[3,139,141],[1,137,138],[2,136,138],[5,140,141],
[4,133,135],[6,134,135],[96,110,147],[94,109,144],[92,106,147],[90,107,144],[88,111,150],[86,108,150],[9,110,111],[8,106,107],
[7,108,109],[59,125,126],[53,117,119],[61,119,120],[56,113,122],[49,122,123],[51,115,125],[95,124,126],[87,118,120],[93,114,115],
[85,112,113],[89,116,117],[91,121,123],[57,96,149],[62,94,148],[54,86,142],[57,92,143],[62,90,146],[54,88,145],[35,69,140],
[25,67,134],[33,65,139],[27,66,137],[31,68,133],[29,64,136],[42,117,138],[40,115,135],[39,123,141],[41,126,135],[37,120,138],
[38,113,141],[27,87,139],[25,93,137],[35,85,136],[33,91,134],[31,95,140],[29,89,133],[33,91,139],[27,87,137],[25,93,134],
[29,89,136],[35,85,140],[31,95,133],[95,126,140],[87,120,139],[93,115,137],[85,113,136],[91,123,134],[89,117,133],[37,61,120],
[39,49,123],[42,53,117],[38,56,113],[41,59,126],[40,51,115],[3,27,139],[1,25,137],[2,35,136],[4,29,133],[6,33,134],
[5,31,140],[6,126,135],[1,117,138],[3,113,141],[2,120,138],[4,115,135],[5,123,141],[4,96,149],[6,94,148],[5,86,142],
[3,92,143],[2,90,146],[1,88,145],[54,86,133],[57,96,136],[62,94,139],[62,90,140],[57,92,137],[54,88,134],[9,111,152],
[8,106,153],[8,107,152],[9,110,151],[7,108,153],[7,109,151],[17,97,146],[17,99,145],[16,98,142],[16,97,143],[18,99,149],
[18,98,148],[53,119,143],[49,122,146],[56,122,148],[59,125,145],[51,125,142],[61,119,149],[9,23,64],[8,19,69],[8,22,66],
[7,20,68],[9,21,67],[7,24,65],[28,108,150],[34,110,147],[30,109,144],[36,111,150],[32,106,147],[26,107,144],[12,97,121],
[15,99,124],[14,98,114],[11,97,116],[13,99,118],[10,98,112],[61,95,124],[49,89,116],[53,91,121],[56,93,114],[59,87,118],
[51,85,112],[52,79,116],[50,75,124],[55,82,114],[58,77,118],[60,70,121],[63,72,112],[48,96,110],[45,94,109],[44,86,108],
[43,92,106],[47,90,107],[46,88,111],[9,10,86],[8,15,96],[8,14,94],[7,11,90],[9,12,92],[7,13,88],[4,38,150],
[2,41,147],[3,40,144],[6,37,150],[1,39,147],[5,42,144],[26,64,136],[28,69,140],[30,67,134],[36,66,137],[32,65,139],
[34,68,133],[64,81,143],[65,71,146],[69,74,148],[67,84,142],[68,76,145],[66,78,149],[33,48,127],[25,47,128],[31,43,129],
[35,46,128],[29,45,127],[27,44,129],[20,27,132],[19,25,130],[24,29,130],[23,33,131],[21,35,132],[22,31,131],[85,87,127],
[89,93,129],[91,95,128],[77,79,155],[75,82,154],[70,72,156],[6,26,101],[1,28,102],[3,34,105],[5,36,103],[2,30,100],
[4,32,104],[46,91,128],[45,87,127],[44,89,129],[48,85,127],[47,95,128],[43,93,129],[34,105,133],[26,101,136],[32,104,139],
[28,102,140],[30,100,134],[36,103,137],[75,124,154],[79,116,155],[82,114,154],[77,118,155],[72,112,156],[70,121,156],[6,26,126],
[1,28,117],[3,34,113],[4,32,115],[5,36,123],[2,30,120],[78,119,149],[81,119,143],[71,122,146],[74,122,148],[84,125,142],
[76,125,145],[26,42,144],[28,38,150],[34,41,147],[30,40,144],[32,39,147],[36,37,150],[12,17,97],[15,17,99],[14,16,98],
[11,16,97],[10,18,98],[13,18,99],[9,23,152],[7,20,151],[8,19,153],[8,22,152],[7,24,153],[9,21,151],[4,48,96],
[6,45,94],[5,44,86],[3,43,92],[1,46,88],[2,47,90],[10,86,133],[15,96,136],[14,94,139],[11,90,140],[13,88,134],
[12,92,137],[6,23,33],[3,20,27],[1,19,25],[5,22,31],[2,21,35],[4,24,29],[37,61,124],[39,49,116],[42,53,121],
[38,56,114],[40,51,112],[41,59,118],[91,120,139],[87,115,137],[89,113,136],[85,126,140],[95,117,133],[93,123,134],[104,105,119],
[100,101,122],[102,103,125],[17,44,74],[16,48,76],[16,46,78],[17,45,84],[18,43,71],[18,47,81],[78,105,119],[81,104,119],
[71,101,122],[76,103,125],[84,102,125],[74,100,122],[6,45,84],[3,43,71],[4,48,76],[5,44,74],[2,47,81],[1,46,78],
[11,16,46],[15,17,45],[12,17,44],[14,16,48],[13,18,47],[10,18,43],[6,23,152],[3,20,151],[1,19,153],[5,22,152],
[4,24,153],[2,21,151],[36,37,123],[26,42,126],[28,38,117],[34,41,113],[30,40,120],[32,39,115],[37,124,154],[42,121,156],
[39,116,155],[38,114,154],[41,118,155],[40,112,156],[10,105,133],[15,101,136],[14,104,139],[11,102,140],[12,103,137],[13,100,134],
[46,91,120],[45,87,115],[44,89,113],[48,85,126],[43,93,123],[47,95,117],[37,123,154],[40,120,156],[39,115,155],[42,126,156],
[38,117,154],[41,113,155],[10,43,123],[11,46,120],[15,45,115],[14,48,126],[13,47,117],[12,44,113],[1,78,153],[6,84,152],
[3,71,151],[2,81,151],[5,74,152],[4,76,153],[10,78,105],[11,84,102],[15,71,101],[14,81,104],[13,74,100],[12,76,103],
[10,78,153],[11,84,152],[15,71,151],[14,81,151],[12,76,153],[13,74,152],[10,123,154],[11,120,156],[15,115,155],[14,126,156],
[12,113,155],[13,117,154],[10,153,154],[11,152,156],[15,151,155],[14,151,156],[13,152,154],[12,153,155]];
###############################################################

#SurfaceInfo: 182 Vertices, 1092 Edges, 728 Faces, IsOrientable=true
 #Vertices of faces:
vof5:=[[180,181,182],[179,180,181],[178,181,182],[177,180,182],[174,175,176],[171,172,173],[168,169,170],[165,166,167],[162,163,164],[159,160,161],
[156,157,158],[153,154,155],[150,151,152],[147,148,149],[144,145,146],[141,142,143],[138,139,140],[135,136,137],[134,136,148],[133,142,145],
[132,139,151],[129,130,131],[126,127,128],[123,124,125],[121,122,124],[120,122,130],[120,121,127],[118,119,121],[116,117,120],[114,115,121],
[112,113,120],[110,111,122],[108,109,122],[113,144,158],[117,150,157],[109,147,157],[115,135,158],[111,141,156],[119,138,156],[147,150,157],
[138,141,156],[135,144,158],[112,116,120],[114,118,121],[108,110,122],[120,121,122],[107,129,130],[106,123,124],[105,130,131],[104,124,125],
[103,126,127],[102,127,128],[132,150,151],[134,147,148],[134,135,136],[133,144,145],[132,138,139],[133,141,142],[101,108,149],[100,114,137],
[99,110,143],[98,116,152],[97,112,146],[96,118,140],[95,107,140],[94,106,146],[93,103,143],[92,104,152],[91,102,149],[90,105,137],
[89,95,106],[88,91,107],[87,93,104],[86,92,105],[85,94,102],[84,90,103],[82,83,125],[80,81,123],[78,79,126],[76,77,131],
[74,75,129],[72,73,128],[71,117,120],[70,119,121],[69,115,121],[68,111,122],[67,109,122],[66,113,120],[65,111,156],[64,115,158],
[63,113,158],[62,117,157],[61,109,157],[60,119,156],[59,120,127],[58,121,127],[57,121,124],[56,122,130],[55,122,124],[54,120,130],
[83,117,150],[81,113,144],[73,109,147],[77,115,135],[75,119,138],[79,111,141],[53,99,143],[52,101,149],[51,96,140],[50,97,146],
[49,98,152],[48,100,137],[93,110,143],[92,116,152],[90,114,137],[94,112,146],[95,118,140],[91,108,149],[89,95,107],[85,94,106],
[87,93,103],[86,92,104],[84,90,105],[88,91,102],[47,76,131],[46,80,123],[45,82,125],[44,72,128],[43,74,129],[42,78,126],
[62,101,157],[60,99,156],[65,96,156],[64,97,158],[61,98,157],[63,100,158],[41,55,124],[40,57,124],[39,56,130],[38,54,130],
[37,58,127],[36,59,127],[82,83,117],[80,81,113],[72,73,109],[76,77,115],[78,79,111],[74,75,119],[62,71,117],[60,70,119],
[65,68,111],[64,69,115],[63,66,113],[61,67,109],[59,71,120],[58,70,121],[57,69,121],[56,68,122],[54,66,120],[55,67,122],
[81,133,144],[73,134,147],[77,134,135],[79,133,141],[83,132,150],[75,132,138],[95,106,124],[92,105,130],[93,104,124],[90,103,127],
[94,102,127],[91,107,130],[46,47,132],[44,45,133],[42,43,134],[35,55,83],[34,58,79],[33,59,73],[32,54,77],[31,57,81],
[30,56,75],[93,94,173],[90,91,170],[92,95,176],[99,107,110],[100,106,114],[96,103,118],[101,104,108],[97,105,112],[98,102,116],
[29,67,79],[29,68,73],[28,69,75],[27,71,81],[28,70,77],[27,66,83],[71,107,140],[68,106,146],[66,103,143],[70,104,152],
[67,105,137],[69,102,149],[89,106,169],[87,104,168],[88,107,172],[86,105,171],[84,103,175],[85,102,174],[26,75,129],[25,77,131],
[24,83,125],[23,81,123],[22,79,126],[21,73,128],[20,107,129],[19,105,131],[18,104,125],[17,102,128],[16,103,126],[15,106,123],
[156,157,161],[156,158,164],[157,158,167],[27,153,154],[29,154,155],[28,153,155],[48,49,53],[50,51,52],[111,115,117],[109,113,119],
[20,26,129],[19,25,131],[18,24,125],[17,21,128],[15,23,123],[16,22,126],[76,84,175],[74,89,169],[80,85,174],[78,87,168],
[72,88,172],[82,86,171],[27,83,153],[29,79,154],[29,73,155],[28,77,155],[28,75,153],[27,81,154],[18,101,104],[20,99,107],
[19,97,105],[17,98,102],[15,100,106],[16,96,103],[23,71,81],[21,68,73],[24,66,83],[26,69,75],[22,67,79],[25,70,77],
[71,107,110],[68,106,114],[66,103,118],[70,104,108],[69,102,116],[67,105,112],[48,53,143],[50,52,149],[50,51,146],[51,52,140],
[48,49,137],[49,53,152],[95,118,176],[92,116,176],[90,114,170],[93,110,173],[91,108,170],[94,112,173],[85,106,169],[89,107,172],
[86,104,168],[87,103,175],[88,102,174],[84,105,171],[55,83,132],[56,75,132],[58,79,133],[57,81,133],[59,73,134],[54,77,134],
[60,70,152],[63,66,143],[64,69,149],[62,71,140],[61,67,137],[65,68,146],[33,59,71],[35,55,67],[30,56,68],[34,58,70],
[32,54,66],[31,57,69],[47,131,132],[46,123,132],[45,125,133],[42,126,134],[43,129,134],[44,128,133],[101,157,161],[99,156,161],
[96,156,164],[97,158,167],[100,158,164],[98,157,167],[72,109,119],[74,113,119],[82,115,117],[80,109,113],[76,111,115],[78,111,117],
[37,94,127],[38,91,130],[40,93,124],[41,95,124],[36,90,127],[39,92,130],[35,37,83],[34,38,79],[33,40,73],[32,41,77],
[30,36,75],[31,39,81],[14,46,47],[14,42,43],[14,44,45],[13,92,95],[13,93,94],[13,90,91],[28,70,169],[27,71,171],
[29,67,172],[29,68,168],[27,66,174],[28,69,175],[14,171,172],[14,168,169],[14,174,175],[163,174,176],[162,168,170],[166,175,176],
[160,169,170],[165,172,173],[159,171,173],[155,165,166],[153,159,160],[154,162,163],[12,165,167],[11,163,164],[10,162,164],[9,166,167],
[8,159,161],[7,160,161],[6,118,119],[5,116,117],[4,114,115],[3,112,113],[2,110,111],[1,108,109],[13,136,148],[13,139,151],
[13,142,145],[54,150,152],[55,141,143],[59,144,146],[58,135,137],[56,147,149],[57,138,140],[10,151,152],[7,145,146],[12,139,140],
[8,136,137],[9,142,143],[11,148,149],[50,97,163],[48,100,166],[51,96,160],[53,99,162],[52,101,165],[49,98,159],[26,45,82],
[25,44,72],[22,46,80],[24,43,74],[23,42,78],[21,47,76],[11,41,55],[8,40,57],[9,39,56],[7,38,54],[10,36,59],
[12,37,58],[12,24,145],[11,25,139],[10,26,136],[7,22,148],[9,23,151],[8,21,142],[7,22,46],[12,24,43],[11,25,44],
[8,21,47],[10,26,45],[9,23,42],[10,23,151],[7,24,145],[12,25,139],[8,26,136],[11,22,148],[9,21,142],[10,59,144],
[9,56,147],[11,55,141],[12,58,135],[7,54,150],[8,57,138],[12,145,167],[11,139,164],[10,136,164],[8,142,161],[7,148,161],
[9,151,167],[7,38,160],[11,41,163],[12,37,165],[10,36,162],[8,40,159],[9,39,166],[97,163,176],[100,166,176],[96,160,170],
[99,162,170],[101,165,173],[98,159,173],[51,153,160],[50,154,163],[48,155,166],[52,155,165],[53,154,162],[49,153,159],[13,94,148],
[13,91,139],[13,93,151],[13,92,136],[13,90,142],[13,95,145],[14,47,171],[14,43,172],[14,45,168],[14,46,169],[14,42,175],
[14,44,174],[48,55,143],[50,56,149],[49,58,137],[53,54,152],[52,57,140],[51,59,146],[35,37,94],[34,38,91],[33,40,93],
[32,41,95],[31,39,92],[30,36,90],[1,80,109],[6,72,119],[5,78,117],[2,76,111],[4,82,115],[3,74,113],[33,71,171],
[35,67,172],[30,68,168],[34,70,169],[31,69,175],[32,66,174],[10,60,152],[9,63,143],[11,64,149],[12,62,140],[7,65,146],
[8,61,137],[28,85,169],[29,89,172],[29,86,168],[28,87,175],[27,84,171],[27,88,174],[6,118,176],[5,116,176],[1,108,170],
[4,114,170],[3,112,173],[2,110,173],[37,83,153],[38,79,154],[40,73,155],[41,77,155],[39,81,154],[36,75,153],[80,163,174],
[72,165,172],[78,162,168],[76,166,175],[82,159,171],[74,160,169],[17,21,76],[20,26,82],[19,25,72],[18,24,74],[16,22,80],
[15,23,78],[55,131,132],[56,123,132],[58,125,133],[57,128,133],[54,126,134],[59,129,134],[23,71,110],[21,68,114],[22,67,112],
[24,66,118],[25,70,108],[26,69,116],[17,98,167],[15,100,164],[18,101,161],[20,99,161],[16,96,164],[19,97,167],[108,110,177],
[112,116,179],[114,118,178],[28,147,150],[29,135,144],[27,138,141],[38,76,84],[41,82,86],[37,78,87],[39,74,89],[36,72,88],
[40,80,85],[24,118,178],[25,108,177],[26,116,179],[23,110,177],[21,114,178],[22,112,179],[15,37,78],[17,38,76],[16,40,80],
[20,41,82],[19,36,72],[18,39,74],[29,89,144],[28,85,147],[29,86,135],[28,87,150],[27,88,138],[27,84,141],[38,84,160],
[41,86,163],[37,87,165],[40,85,159],[39,89,166],[36,88,162],[51,59,129],[48,55,131],[50,56,123],[49,58,125],[52,57,128],
[53,54,126],[3,74,160],[1,80,163],[6,72,165],[5,78,162],[4,82,159],[2,76,166],[33,47,171],[35,43,172],[30,45,168],
[34,46,169],[32,44,174],[31,42,175],[35,94,148],[32,95,145],[34,91,139],[33,93,151],[30,90,142],[31,92,136],[6,97,176],
[5,100,176],[1,96,170],[4,99,170],[2,98,173],[3,101,173],[37,51,153],[38,50,154],[40,48,155],[41,52,155],[36,49,153],
[39,53,154],[20,148,161],[17,145,167],[15,139,164],[19,151,167],[16,136,164],[18,142,161],[10,60,144],[9,63,147],[11,64,141],
[12,62,135],[8,61,138],[7,65,150],[7,24,46],[12,25,43],[8,26,47],[10,23,45],[9,21,42],[11,22,44],[129,131,180],
[123,125,182],[126,128,181],[33,65,96],[30,64,97],[34,61,98],[35,63,100],[32,60,99],[31,62,101],[51,129,180],[48,131,180],
[50,123,182],[53,126,181],[52,128,181],[49,125,182],[5,35,100],[4,32,99],[6,30,97],[1,33,96],[3,31,101],[2,34,98],
[34,46,61],[35,43,63],[33,47,65],[30,45,64],[31,42,62],[32,44,60],[20,35,148],[17,32,145],[15,34,139],[19,33,151],
[18,30,142],[16,31,136],[2,89,166],[3,84,160],[1,86,163],[6,87,165],[5,88,162],[4,85,159],[60,89,144],[64,84,141],
[63,85,147],[62,86,135],[65,87,150],[61,88,138],[15,37,51],[17,38,50],[16,40,48],[20,41,52],[18,39,53],[19,36,49],
[24,46,178],[25,43,177],[26,47,179],[23,45,177],[22,44,179],[21,42,178],[2,60,89],[5,61,88],[4,63,85],[3,64,84],
[1,62,86],[6,65,87],[44,60,179],[46,61,178],[43,63,177],[45,64,177],[42,62,178],[47,65,179],[2,15,34],[5,20,35],
[4,17,32],[3,16,31],[1,19,33],[6,18,30],[15,51,180],[20,52,181],[17,50,182],[16,48,180],[19,49,182],[18,53,181],
[2,15,180],[5,20,181],[4,17,182],[3,16,180],[6,18,181],[1,19,182],[2,60,179],[5,61,178],[4,63,177],[3,64,177],
[6,65,179],[1,62,178],[2,179,180],[5,178,181],[4,177,182],[3,177,180],[1,178,182],[6,179,181]];
###############################################################

#SurfaceInfo: 156 Vertices, 1092 Edges, 728 Faces, IsOrientable=true
 #Vertices of faces:
vof6:=[[154,155,156],[153,154,155],[152,155,156],[151,154,156],[148,149,150],[147,148,149],[146,149,150],[145,148,150],[142,143,144],[141,142,143],
[140,143,144],[139,142,144],[138,141,142],[137,141,143],[136,140,144],[135,140,143],[134,139,144],[133,139,142],[132,147,148],[131,147,149],
[130,146,149],[129,145,148],[128,145,150],[127,146,150],[124,125,126],[123,124,125],[122,125,126],[121,124,126],[120,123,124],[119,123,125],
[118,122,125],[117,121,126],[116,121,124],[115,122,126],[114,120,123],[113,119,125],[112,115,126],[111,119,123],[110,117,121],[109,116,121],
[108,118,122],[107,117,126],[106,120,124],[105,118,125],[104,115,122],[103,116,124],[102,132,148],[111,131,147],[114,130,146],[109,127,146],
[104,129,145],[101,129,148],[108,132,147],[100,127,150],[99,131,149],[98,128,150],[97,130,149],[110,128,145],[95,96,149],[94,106,112],
[92,93,150],[90,91,148],[89,103,105],[88,107,113],[86,87,133],[84,85,134],[82,83,129],[80,81,131],[78,79,136],[76,77,128],
[74,75,130],[72,73,135],[70,71,132],[68,69,138],[66,67,127],[64,65,137],[63,71,93],[61,62,65],[59,60,85],[57,58,69],
[56,83,96],[54,55,79],[52,53,87],[50,51,73],[49,75,91],[48,77,95],[47,81,92],[46,67,90],[64,78,86],[66,80,82],
[70,74,76],[68,72,84],[63,71,112],[48,77,103],[56,83,105],[57,69,111],[52,87,110],[54,79,108],[59,85,109],[50,73,104],
[61,65,114],[49,75,113],[47,81,106],[46,67,107],[45,53,87],[44,83,96],[43,75,91],[42,60,85],[41,81,92],[40,55,79],
[39,58,69],[38,71,93],[37,51,73],[36,62,65],[35,67,90],[34,77,95],[80,82,83],[66,67,82],[68,69,84],[64,86,87],
[64,65,78],[78,79,86],[72,84,85],[66,80,81],[70,74,75],[68,72,73],[74,76,77],[70,71,76],[100,102,123],[31,32,33],
[97,101,121],[28,29,30],[25,26,27],[98,99,122],[106,112,147],[24,92,93],[23,95,96],[22,90,91],[107,113,146],[103,105,145],
[89,105,138],[86,96,149],[84,91,148],[94,112,133],[89,103,137],[94,106,134],[68,93,150],[78,92,150],[72,95,149],[88,107,135],
[88,113,136],[64,90,148],[51,102,132],[32,111,147],[32,114,146],[29,104,145],[26,109,146],[55,101,129],[29,108,147],[62,99,131],
[60,98,128],[53,100,127],[58,97,130],[26,110,145],[109,127,138],[21,99,149],[20,101,148],[114,130,133],[108,132,137],[104,129,134],
[19,100,150],[18,97,149],[17,98,150],[111,131,135],[110,128,136],[16,102,148],[22,114,123],[63,113,119],[48,112,115],[24,111,123],
[23,110,121],[22,109,121],[24,108,122],[56,107,117],[46,106,120],[47,105,118],[49,103,116],[23,104,122],[70,98,132],[32,85,134],
[32,79,136],[29,69,138],[26,73,135],[82,99,129],[66,101,127],[29,87,133],[80,100,131],[76,97,128],[26,65,137],[74,102,130],
[42,64,137],[37,86,133],[36,84,134],[39,78,136],[45,72,135],[83,88,129],[40,68,138],[67,94,127],[75,89,130],[71,88,132],
[81,89,131],[77,94,128],[45,72,95],[89,130,137],[88,132,136],[89,131,138],[37,86,96],[36,84,91],[39,78,92],[88,129,135],
[94,128,133],[40,68,93],[42,64,90],[94,127,134],[51,98,132],[32,85,111],[32,79,114],[29,69,104],[53,101,127],[26,73,109],
[55,99,129],[29,87,108],[62,100,131],[60,97,128],[58,102,130],[26,65,110],[29,127,138],[21,82,99],[20,66,101],[29,130,133],
[26,132,137],[32,129,134],[19,80,100],[32,128,136],[18,76,97],[17,70,98],[16,74,102],[26,131,135],[24,93,123],[46,106,147],
[63,113,146],[48,112,147],[47,105,145],[56,107,146],[23,96,121],[22,91,121],[24,92,122],[23,95,122],[49,103,145],[22,90,123],
[105,109,138],[20,84,148],[112,114,133],[103,108,137],[21,72,149],[17,78,150],[104,106,134],[19,68,150],[18,86,149],[107,111,135],
[16,64,148],[110,113,136],[51,102,123],[31,32,147],[32,33,146],[28,29,147],[29,30,145],[25,26,146],[55,101,121],[58,97,121],
[62,99,122],[60,98,122],[26,27,145],[53,100,123],[42,60,137],[40,55,138],[34,77,94],[43,75,89],[44,83,88],[37,51,133],
[45,53,135],[36,62,134],[39,58,136],[35,67,94],[38,71,88],[41,81,89],[63,112,119],[48,103,115],[56,105,117],[24,69,111],
[23,87,110],[22,85,109],[23,73,104],[22,65,114],[49,113,116],[24,79,108],[46,107,120],[47,106,118],[80,83,119],[15,68,73],
[71,76,117],[67,82,115],[14,69,84],[13,64,87],[12,72,85],[11,65,78],[10,79,86],[66,81,116],[74,77,120],[70,75,118],
[8,9,29],[16,21,143],[6,7,32],[18,19,142],[17,20,144],[4,5,26],[37,137,143],[45,138,142],[34,137,141],[43,136,140],
[44,138,141],[39,133,142],[36,135,143],[40,134,144],[42,136,144],[35,135,140],[38,133,139],[41,134,139],[67,98,107],[16,57,111],
[19,61,114],[83,102,105],[71,101,112],[18,59,109],[20,52,110],[77,100,103],[21,54,108],[17,50,104],[75,99,113],[81,97,106],
[21,87,108],[51,67,98],[62,77,100],[16,85,111],[58,83,102],[19,79,114],[17,69,104],[55,75,99],[53,71,101],[18,73,109],
[20,65,110],[60,81,97],[37,60,137],[45,55,138],[34,94,141],[43,89,140],[44,88,141],[39,51,133],[36,53,135],[40,62,134],
[42,58,136],[35,94,140],[41,89,139],[38,88,139],[19,80,142],[8,29,130],[4,26,132],[9,29,127],[5,26,131],[16,74,143],
[21,82,143],[20,66,144],[6,32,129],[7,32,128],[17,70,144],[18,76,142],[101,112,114],[19,61,68],[102,105,109],[20,52,84],
[100,103,108],[21,54,72],[17,50,78],[97,104,106],[99,110,113],[18,59,86],[98,107,111],[16,57,64],[45,95,142],[34,130,137],
[43,132,136],[41,127,134],[44,131,138],[37,96,143],[36,91,143],[42,90,144],[39,92,142],[35,129,135],[40,93,144],[38,128,133],
[80,112,119],[82,103,115],[13,23,87],[70,106,118],[14,24,69],[12,22,85],[11,22,65],[10,24,79],[66,113,116],[74,107,120],
[76,105,117],[15,23,73],[51,93,123],[31,46,147],[33,63,146],[28,48,147],[30,47,145],[25,56,146],[55,96,121],[58,91,121],
[62,92,122],[60,95,122],[53,90,123],[27,49,145],[42,45,153],[52,59,94],[37,40,151],[50,54,88],[57,61,89],[36,39,152],
[13,114,120],[61,113,125],[57,106,124],[54,112,126],[14,109,116],[50,105,125],[10,110,117],[15,111,119],[11,108,118],[59,107,126],
[52,103,124],[12,104,115],[21,63,93],[28,50,51],[31,61,62],[16,47,92],[33,57,58],[19,49,91],[17,56,96],[30,54,55],
[25,52,53],[18,46,90],[27,59,60],[20,48,95],[21,63,87],[28,51,67],[31,62,77],[16,47,85],[33,58,83],[19,49,79],
[17,56,69],[30,55,75],[25,53,71],[18,46,73],[20,48,65],[27,60,81],[21,51,93],[31,46,61],[17,55,96],[33,57,63],
[28,48,50],[30,47,54],[25,52,56],[19,58,91],[16,62,92],[20,60,95],[27,49,59],[18,53,90],[13,23,120],[14,24,116],
[10,24,117],[59,74,107],[52,82,103],[54,80,112],[50,76,105],[61,66,113],[15,23,119],[12,22,115],[11,22,118],[57,70,106],
[13,101,114],[12,97,104],[61,68,125],[11,100,108],[14,102,109],[52,84,124],[57,64,124],[54,72,126],[50,78,125],[10,99,110],
[59,86,126],[15,98,111],[37,60,151],[45,55,153],[59,94,141],[57,89,140],[39,51,152],[36,53,152],[54,88,141],[40,62,151],
[42,58,153],[52,94,140],[50,88,139],[61,89,139],[4,43,132],[74,96,143],[82,91,143],[80,95,142],[76,92,142],[8,34,130],
[6,35,129],[9,41,127],[66,93,144],[5,44,131],[7,38,128],[70,90,144],[24,42,45],[52,59,156],[50,54,155],[23,36,39],
[22,37,40],[57,61,154],[3,97,101],[25,27,125],[2,100,102],[28,30,124],[31,33,126],[1,98,99],[4,45,87],[28,44,96],
[31,43,91],[5,42,85],[25,34,95],[33,41,92],[8,40,79],[6,39,69],[9,37,73],[30,38,93],[7,36,65],[27,35,90],
[4,63,87],[28,44,67],[31,43,77],[5,47,85],[33,41,83],[8,49,79],[25,34,71],[6,56,69],[30,38,75],[9,46,73],
[27,35,81],[7,48,65],[5,42,44],[4,43,45],[28,74,96],[31,82,91],[25,80,95],[33,76,92],[8,34,40],[6,35,39],
[9,37,41],[30,66,93],[27,70,90],[7,36,38],[3,13,101],[3,12,97],[25,68,125],[2,11,100],[2,14,102],[30,84,124],
[28,64,124],[31,72,126],[27,78,125],[1,10,99],[33,86,126],[1,15,98],[24,42,116],[24,45,117],[59,74,156],[52,82,156],
[54,80,155],[50,76,155],[23,36,120],[23,39,119],[22,37,115],[57,70,154],[61,66,154],[22,40,118],[52,56,140],[57,63,140],
[21,51,152],[16,62,151],[47,54,141],[49,59,141],[19,58,153],[18,53,152],[46,61,139],[48,50,139],[20,60,151],[17,55,153],
[8,9,140],[3,16,21],[6,7,141],[1,18,19],[4,5,139],[2,17,20],[3,75,118],[3,83,119],[7,15,68],[2,71,117],
[2,67,115],[4,14,84],[6,13,64],[8,12,72],[9,11,78],[5,10,86],[1,81,116],[1,77,120],[6,13,56],[4,14,63],
[3,41,83],[3,38,75],[5,10,47],[8,12,49],[1,35,81],[1,43,77],[9,11,46],[2,44,67],[7,15,48],[2,34,71],
[9,56,140],[8,63,140],[3,21,152],[3,16,151],[6,47,141],[7,49,141],[1,19,153],[1,18,152],[5,46,139],[2,20,151],
[2,17,153],[4,48,139],[3,13,118],[1,15,116],[3,12,119],[7,25,68],[2,11,117],[2,14,115],[4,30,84],[6,28,64],
[8,31,72],[9,27,78],[1,10,120],[5,33,86],[34,40,118],[42,44,116],[43,45,117],[28,74,156],[31,82,156],[25,80,155],
[33,76,155],[35,39,119],[37,41,115],[30,66,154],[36,38,120],[27,70,154],[13,34,118],[9,27,154],[8,31,156],[14,41,115],
[10,38,120],[6,28,156],[7,25,155],[12,35,119],[11,43,117],[5,33,155],[4,30,154],[15,44,116],[2,34,153],[9,13,56],
[8,14,63],[3,41,152],[3,38,151],[6,10,47],[7,12,49],[1,35,153],[1,43,152],[5,11,46],[4,15,48],[2,44,151],
[13,34,153],[9,13,154],[8,14,156],[14,41,152],[10,38,151],[6,10,156],[7,12,155],[12,35,153],[11,43,152],[15,44,151],
[4,15,154],[5,11,155],[13,153,154],[14,152,156],[10,151,156],[12,153,155],[11,152,155],[15,151,154]];
###############################################################

#SurfaceInfo: 96 Vertices, 1152 Edges, 768 Faces, IsOrientable=true
 #Vertices of faces:
vof7:=[[94,95,96],[93,94,95],[92,95,96],[91,94,96],[88,89,90],[85,86,87],[82,83,84],[81,83,89],[80,86,88],[79,82,85],
[77,78,80],[75,76,79],[73,74,81],[70,71,72],[69,83,93],[68,89,93],[67,86,91],[66,82,92],[65,88,91],[64,85,92],
[66,67,68],[64,65,69],[65,69,93],[64,69,92],[66,68,93],[64,65,91],[66,67,92],[67,68,91],[63,69,92],[62,66,93],
[61,64,91],[60,67,92],[59,68,91],[58,65,93],[57,63,92],[56,59,91],[55,61,91],[54,62,93],[53,58,93],[52,60,92],
[55,79,91],[56,81,91],[54,79,93],[57,81,92],[52,80,92],[53,80,93],[79,81,91],[79,80,93],[80,81,92],[50,51,81],
[48,49,80],[47,50,79],[45,46,80],[44,48,79],[43,45,81],[79,81,95],[80,81,94],[79,80,96],[45,81,95],[48,79,95],
[50,81,94],[45,80,96],[50,79,96],[48,80,94],[42,70,71],[41,71,72],[40,70,72],[40,74,88],[40,78,89],[41,76,83],
[42,77,85],[42,75,86],[41,73,82],[39,72,75],[38,70,73],[37,71,74],[36,71,78],[35,70,76],[34,72,77],[33,40,88],
[32,41,83],[31,40,89],[30,42,85],[29,41,82],[28,42,86],[34,63,77],[39,59,75],[37,61,74],[36,62,78],[38,60,73],
[35,58,76],[42,61,70],[41,62,72],[42,60,71],[40,58,72],[41,63,71],[40,59,70],[71,74,88],[71,78,89],[70,76,83],
[72,77,85],[70,73,82],[72,75,86],[50,55,94],[50,56,96],[45,57,96],[48,53,95],[48,54,94],[45,52,95],[27,61,89],
[26,63,86],[25,60,83],[24,62,88],[23,59,85],[22,58,82],[38,68,70],[37,69,71],[36,67,71],[34,65,72],[39,66,72],
[35,64,70],[57,63,68],[56,59,69],[55,61,66],[54,62,64],[52,60,65],[53,58,67],[30,32,33],[28,29,31],[21,68,70],
[20,69,71],[19,67,71],[18,66,72],[17,64,70],[16,65,72],[35,54,64],[36,53,67],[34,52,65],[38,57,68],[37,56,69],
[39,55,66],[25,60,65],[26,63,68],[23,59,69],[27,61,66],[22,58,67],[24,62,64],[30,33,42],[28,29,42],[28,31,40],
[29,31,41],[30,32,41],[32,33,40],[15,39,59],[14,34,63],[13,37,61],[12,36,62],[11,35,58],[10,38,60],[33,56,96],
[29,57,96],[32,54,94],[28,55,94],[30,52,95],[31,53,95],[22,70,82],[23,72,85],[24,71,88],[26,72,86],[25,70,83],
[27,71,89],[42,57,61],[42,56,60],[40,55,58],[41,53,63],[40,54,59],[41,52,62],[45,75,76],[48,73,74],[50,77,78],
[19,31,39],[20,33,35],[18,28,38],[21,29,36],[17,32,34],[16,30,37],[9,88,89],[8,82,83],[7,85,86],[35,81,89],
[38,79,85],[39,80,88],[37,80,86],[36,81,83],[34,79,82],[50,86,88],[45,82,85],[48,83,89],[22,74,81],[27,77,80],
[26,76,79],[25,75,79],[24,73,81],[23,78,80],[17,46,74],[21,49,75],[20,44,77],[18,43,78],[16,51,76],[19,47,73],
[6,69,83],[5,65,88],[4,64,85],[3,68,89],[2,67,86],[1,66,82],[5,56,81],[2,55,79],[4,52,80],[3,53,80],
[6,54,79],[1,57,81],[33,51,81],[30,46,80],[29,43,81],[31,49,80],[28,47,79],[32,44,79],[47,50,61],[44,48,62],
[43,45,63],[50,51,59],[45,46,60],[48,49,58],[11,28,86],[10,33,88],[14,31,89],[13,29,82],[12,30,85],[15,32,83],
[54,63,77],[53,59,75],[52,61,74],[57,62,78],[56,58,76],[55,60,73],[17,50,55],[21,50,56],[20,45,57],[19,45,52],
[18,48,54],[16,48,53],[12,61,70],[13,62,72],[11,60,71],[14,59,70],[10,58,72],[15,63,71],[13,17,27],[15,21,23],
[14,20,26],[12,18,24],[10,19,25],[11,16,22],[12,18,54],[13,17,55],[15,21,56],[14,20,57],[11,16,53],[10,19,52],
[14,26,31],[13,27,29],[10,25,33],[15,23,32],[11,22,28],[12,24,30],[15,45,63],[10,48,58],[12,50,61],[13,48,62],
[11,45,60],[14,50,59],[50,67,77],[48,68,74],[45,66,76],[45,64,75],[50,65,78],[48,69,73],[35,52,89],[38,53,85],
[39,57,88],[34,56,82],[36,55,83],[37,54,86],[17,27,74],[21,23,75],[16,22,76],[18,24,78],[19,25,73],[20,26,77],
[25,53,75],[27,54,77],[22,52,74],[24,55,73],[23,57,78],[26,56,76],[14,48,89],[11,50,86],[10,50,88],[13,45,82],
[15,48,83],[12,45,85],[26,32,79],[22,33,81],[23,31,80],[27,30,80],[24,29,81],[25,28,79],[5,35,81],[2,38,79],
[1,36,81],[6,34,79],[3,39,80],[4,37,80],[4,7,85],[2,7,86],[5,9,88],[3,9,89],[1,8,82],[6,8,83],
[17,34,46],[20,35,44],[18,38,43],[19,39,47],[21,36,49],[16,37,51],[33,42,51],[30,41,46],[29,42,43],[32,40,44],
[31,41,49],[28,40,47],[5,42,56],[2,40,55],[3,41,53],[1,42,57],[4,41,52],[6,40,54],[12,22,70],[13,23,72],
[11,24,71],[10,26,72],[15,27,71],[14,25,70],[33,35,96],[28,38,94],[29,36,96],[30,37,95],[31,39,95],[32,34,94],
[15,51,59],[14,43,63],[13,47,61],[10,46,60],[12,44,62],[11,49,58],[5,25,65],[4,24,64],[3,26,68],[6,23,69],
[1,27,66],[2,22,67],[35,54,63],[38,57,62],[36,53,59],[34,52,61],[39,55,60],[37,56,58],[21,50,68],[20,45,69],
[19,45,67],[18,48,66],[16,48,65],[17,50,64],[75,77,87],[73,76,84],[74,78,90],[71,84,87],[72,84,90],[70,87,90],
[19,31,51],[20,33,49],[18,28,46],[21,29,44],[16,30,47],[17,32,43],[35,46,74],[39,43,78],[34,51,76],[37,44,77],
[38,49,75],[36,47,73],[3,40,74],[1,41,76],[5,40,78],[2,42,77],[6,41,73],[4,42,75],[32,57,61],[33,53,63],
[31,56,60],[30,55,58],[28,52,62],[29,54,59],[7,33,56],[7,29,57],[9,32,54],[9,28,55],[8,31,53],[8,30,52],
[6,15,39],[3,14,34],[1,13,37],[5,10,38],[4,12,36],[2,11,35],[7,19,71],[7,17,70],[9,21,70],[8,20,71],
[9,16,72],[8,18,72],[7,19,56],[7,17,57],[9,21,54],[8,20,53],[8,18,52],[9,16,55],[3,14,74],[6,15,73],
[5,10,78],[4,12,75],[1,13,76],[2,11,77],[5,38,49],[2,35,46],[1,37,44],[6,39,43],[4,36,47],[3,34,51],
[8,72,90],[8,71,87],[7,71,84],[9,70,87],[7,70,90],[9,72,84],[36,73,96],[39,78,95],[38,75,94],[35,74,96],
[34,76,94],[37,77,95],[4,6,41],[2,3,40],[4,5,42],[1,3,41],[5,6,40],[1,2,42],[19,42,51],[20,41,49],
[16,40,47],[18,41,46],[17,42,43],[21,40,44],[4,7,33],[2,7,29],[5,9,32],[3,9,28],[6,8,30],[1,8,31],
[28,35,52],[31,34,56],[29,37,54],[30,36,55],[32,39,57],[33,38,53],[26,32,61],[22,33,63],[23,31,60],[27,30,58],
[24,29,59],[25,28,62],[27,74,90],[23,75,87],[22,76,84],[24,78,90],[26,77,87],[25,73,84],[22,28,46],[27,29,44],
[26,31,51],[25,33,49],[23,32,43],[24,30,47],[11,36,49],[15,37,51],[14,38,43],[13,39,47],[10,34,46],[12,35,44],
[5,35,63],[2,38,62],[1,36,59],[6,34,61],[4,37,58],[3,39,60],[10,50,64],[12,45,69],[15,48,65],[11,50,68],
[13,45,67],[14,48,66],[3,26,56],[6,23,57],[1,27,54],[5,25,53],[2,22,52],[4,24,55],[15,45,64],[10,48,69],
[12,50,65],[13,48,68],[14,50,67],[11,45,66],[10,26,52],[11,24,53],[12,22,54],[13,23,55],[14,25,57],[15,27,56],
[39,85,87],[36,88,90],[37,89,90],[38,83,84],[35,82,84],[34,86,87],[7,75,77],[9,74,78],[8,73,76],[42,84,90],
[41,87,90],[40,84,87],[46,61,89],[44,63,86],[51,58,82],[49,59,85],[43,62,88],[47,60,83],[74,83,93],[73,89,93],
[78,86,91],[75,82,92],[76,85,92],[77,88,91],[63,69,90],[62,66,87],[61,64,84],[60,67,90],[58,65,87],[59,68,84],
[28,67,77],[31,68,74],[29,66,76],[30,64,75],[32,69,73],[33,65,78],[17,52,89],[21,53,85],[20,54,86],[18,57,88],
[16,56,82],[19,55,83],[9,33,78],[7,28,77],[9,31,74],[8,29,76],[7,30,75],[8,32,73],[16,35,82],[20,34,86],
[17,37,89],[21,39,85],[18,36,88],[19,38,83],[74,83,96],[73,89,96],[78,86,95],[75,82,94],[77,88,95],[76,85,94],
[19,23,55],[17,26,52],[21,24,53],[20,22,54],[16,27,56],[18,25,57],[11,36,90],[15,37,90],[14,38,84],[12,35,84],
[10,34,87],[13,39,87],[22,46,89],[27,44,86],[26,51,82],[25,49,85],[24,47,83],[23,43,88],[27,69,90],[23,66,87],
[22,64,84],[24,67,90],[25,68,84],[26,65,87],[27,51,58],[26,46,61],[22,44,63],[23,47,60],[25,43,62],[24,49,59],
[28,35,67],[31,34,68],[29,37,66],[30,36,64],[33,38,65],[32,39,69],[19,42,90],[20,41,90],[21,40,84],[16,40,87],
[17,42,84],[18,41,87],[8,63,90],[9,59,84],[8,62,87],[7,61,84],[7,60,90],[9,58,87],[14,74,93],[15,73,93],
[10,78,91],[12,75,92],[11,77,91],[13,76,92],[13,14,67],[10,15,64],[10,12,69],[12,15,65],[11,14,66],[11,13,68],
[4,6,33],[1,3,28],[1,2,31],[2,3,29],[5,6,30],[4,5,32],[5,49,63],[2,46,62],[1,44,59],[6,43,61],
[3,51,60],[4,47,58],[3,19,56],[6,17,57],[1,21,54],[5,20,53],[4,16,55],[2,18,52],[13,14,93],[10,15,93],
[10,12,91],[12,15,92],[11,13,92],[11,14,91],[9,44,59],[7,43,61],[9,47,58],[8,49,63],[8,46,62],[7,51,60],
[24,49,67],[25,43,68],[23,47,66],[27,51,69],[26,46,65],[22,44,64],[23,88,95],[22,89,96],[27,86,95],[26,82,94],
[25,85,94],[24,83,96],[13,18,87],[11,19,90],[15,20,90],[14,21,84],[10,16,87],[12,17,84],[3,19,23],[6,17,26],
[1,21,24],[5,20,22],[2,18,25],[4,16,27],[16,35,67],[20,34,68],[17,37,66],[19,38,65],[21,39,69],[18,36,64],
[6,9,33],[1,7,28],[2,9,31],[3,8,29],[4,8,32],[5,7,30],[13,18,93],[10,16,93],[15,20,92],[12,17,91],
[14,21,91],[11,19,92],[6,26,94],[3,23,95],[1,24,96],[2,25,94],[5,22,96],[4,27,95],[18,44,64],[16,49,67],
[20,43,68],[17,47,66],[21,51,69],[19,46,65],[6,9,44],[3,8,49],[1,7,43],[2,9,47],[5,7,51],[4,8,46],
[18,44,93],[16,49,93],[20,43,92],[17,47,91],[19,46,92],[21,51,91],[6,44,94],[3,49,95],[1,43,96],[2,47,94],
[4,46,95],[5,51,96],[44,93,94],[49,93,95],[43,92,96],[47,91,94],[51,91,96],[46,92,95]];
###############################################################

#SurfaceInfo: 96 Vertices, 1152 Edges, 768 Faces, IsOrientable=true
 #Vertices of faces:
vof8:=[[94,95,96],[93,94,95],[92,94,96],[91,95,96],[88,89,90],[85,86,87],[82,83,84],[79,80,81],[76,77,78],[73,74,75],
[70,71,72],[67,68,69],[64,65,66],[61,62,63],[58,59,60],[56,57,63],[53,54,55],[51,52,55],[49,50,60],[48,59,72],
[47,57,69],[46,54,75],[45,52,74],[44,50,71],[43,62,68],[47,48,95],[43,45,96],[44,46,94],[42,48,92],[41,45,93],
[40,43,93],[39,47,92],[38,46,91],[37,44,91],[44,46,91],[47,48,92],[43,45,93],[35,36,46],[33,34,48],[32,33,47],
[31,35,44],[29,30,45],[28,29,43],[37,68,91],[42,74,92],[41,72,93],[40,71,93],[38,69,91],[39,75,92],[47,57,95],
[48,59,95],[44,50,94],[46,54,94],[45,52,96],[43,62,96],[27,58,68],[26,51,69],[25,53,72],[24,61,75],[23,56,71],
[22,49,74],[20,21,58],[18,19,51],[17,21,49],[15,16,61],[14,19,53],[13,16,56],[12,25,84],[11,27,89],[10,24,86],
[9,22,87],[8,26,90],[7,23,83],[21,64,65],[19,64,66],[16,65,66],[15,88,89],[13,88,90],[17,82,83],[20,82,84],
[14,85,86],[18,85,87],[61,62,80],[56,57,78],[58,59,79],[49,50,77],[51,52,76],[53,54,81],[62,63,70],[52,55,70],
[59,60,73],[57,63,73],[54,55,67],[50,60,67],[10,47,69],[8,46,75],[12,45,74],[9,48,72],[7,43,68],[11,44,71],
[6,59,72],[5,52,74],[4,62,68],[3,54,75],[2,50,71],[1,57,69],[42,48,58],[41,45,51],[40,43,61],[39,47,56],
[37,44,49],[38,46,53],[6,17,64],[5,14,64],[4,13,65],[3,18,66],[1,15,66],[2,20,65],[57,84,86],[59,87,90],
[50,86,89],[52,84,89],[54,83,90],[62,83,87],[46,63,70],[47,55,70],[48,55,67],[45,60,67],[43,60,73],[44,63,73],
[15,52,70],[13,59,73],[18,62,70],[14,50,67],[17,54,67],[20,57,73],[15,66,88],[17,64,82],[14,64,85],[13,65,88],
[20,65,82],[18,66,85],[5,21,64],[6,19,64],[2,16,65],[4,21,65],[3,16,66],[1,19,66],[14,84,86],[18,87,90],
[17,83,87],[15,86,89],[20,84,89],[13,83,90],[50,77,86],[57,78,84],[62,80,87],[59,79,90],[54,81,83],[52,76,89],
[6,17,59],[3,18,54],[5,14,52],[4,13,62],[1,15,57],[2,20,50],[3,23,83],[1,25,84],[2,24,86],[4,22,87],
[5,27,89],[6,26,90],[10,24,64],[12,25,65],[9,22,66],[11,27,66],[8,26,65],[7,23,64],[17,49,77],[18,51,76],
[14,53,81],[13,56,78],[15,61,80],[20,58,79],[23,47,56],[27,48,58],[26,45,51],[24,43,61],[25,46,53],[22,44,49],
[21,42,58],[19,41,51],[16,40,61],[16,39,56],[19,38,53],[21,37,49],[2,56,71],[6,53,72],[3,61,75],[5,49,74],
[1,51,69],[4,58,68],[57,86,95],[52,84,96],[59,87,95],[54,90,94],[62,83,96],[50,89,94],[7,68,91],[12,74,92],
[11,71,93],[9,72,93],[8,75,92],[10,69,91],[8,35,46],[11,35,44],[9,33,48],[10,33,47],[7,29,43],[12,29,45],
[1,3,29],[5,6,35],[2,4,33],[22,41,74],[26,39,69],[25,42,72],[23,37,71],[27,40,68],[24,38,75],[42,74,76],
[39,75,81],[37,68,80],[41,72,79],[40,71,77],[38,69,78],[35,36,84],[33,34,89],[31,35,87],[32,33,83],[28,29,86],
[29,30,90],[73,74,88],[67,68,85],[67,69,82],[73,75,82],[70,71,85],[70,72,88],[10,11,12],[7,8,9],[74,76,88],
[72,79,88],[71,77,85],[68,80,85],[69,78,82],[75,81,82],[30,39,69],[36,42,72],[32,37,71],[34,40,68],[28,38,75],
[31,41,74],[27,40,77],[24,38,78],[23,37,80],[22,41,79],[25,42,76],[26,39,81],[66,73,88],[64,73,82],[64,70,85],
[65,70,88],[66,67,85],[65,67,82],[3,12,29],[1,7,29],[5,8,35],[4,10,33],[2,9,33],[6,11,35],[8,9,92],
[10,11,91],[7,9,93],[7,8,91],[10,12,92],[11,12,93],[5,23,49],[2,26,56],[4,25,58],[6,24,53],[3,27,61],
[1,22,51],[11,42,66],[10,40,64],[7,39,64],[12,38,65],[9,37,66],[8,41,65],[1,36,84],[5,34,89],[4,31,87],
[3,32,83],[6,30,90],[2,28,86],[15,29,86],[13,33,83],[18,29,90],[14,35,84],[20,33,89],[17,35,87],[11,20,57],
[7,13,59],[12,14,50],[9,17,54],[10,15,52],[8,18,62],[17,59,77],[18,54,76],[14,52,81],[13,62,78],[20,50,79],
[15,57,80],[5,21,42],[6,19,41],[2,16,40],[3,16,39],[4,21,37],[1,19,38],[77,86,95],[78,84,96],[80,87,95],
[79,90,94],[76,89,94],[81,83,96],[23,47,55],[27,48,55],[26,45,60],[22,44,63],[24,43,60],[25,46,63],[38,41,55],
[37,42,60],[39,40,63],[19,79,80],[16,76,77],[21,80,81],[19,77,78],[21,76,78],[16,79,81],[61,63,76],[56,63,79],
[53,55,77],[51,55,80],[58,60,78],[49,60,81],[22,34,66],[24,32,64],[25,30,65],[23,28,64],[27,31,66],[26,36,65],
[9,15,70],[12,13,73],[11,18,70],[7,14,67],[8,20,73],[10,17,67],[3,21,78],[6,16,76],[4,19,77],[2,19,80],
[1,21,81],[5,16,79],[21,63,76],[19,63,79],[16,55,77],[21,55,80],[16,60,81],[19,60,78],[30,65,70],[34,66,73],
[28,64,70],[31,66,67],[32,64,73],[36,65,67],[23,41,55],[27,38,55],[26,37,60],[25,40,63],[22,39,63],[24,42,60],
[28,59,77],[34,54,76],[36,62,78],[32,52,81],[31,57,80],[30,50,79],[9,15,29],[12,13,33],[11,18,29],[7,14,35],
[10,17,35],[8,20,33],[9,70,92],[12,73,93],[11,70,91],[7,67,93],[10,67,92],[8,73,91],[24,32,71],[25,30,69],
[22,34,68],[23,28,75],[26,36,72],[27,31,74],[61,76,88],[53,77,85],[51,80,85],[56,79,88],[49,81,82],[58,78,82],
[12,38,50],[10,40,52],[11,42,57],[8,41,62],[7,39,59],[9,37,54],[3,27,32],[6,24,30],[5,23,34],[1,22,36],
[2,26,28],[4,25,31],[5,8,42],[6,11,41],[2,9,40],[3,12,39],[1,7,38],[4,10,37],[27,77,95],[24,78,96],
[23,80,95],[22,79,94],[26,81,96],[25,76,94],[46,47,66],[43,44,65],[45,48,64],[15,16,36],[20,21,28],[17,21,30],
[14,19,34],[13,16,31],[18,19,32],[5,9,87],[6,12,84],[4,11,89],[3,10,86],[2,7,83],[1,8,90],[30,31,44],
[28,36,43],[28,34,48],[31,32,47],[30,32,45],[34,36,46],[42,50,66],[39,62,64],[38,52,65],[41,54,65],[37,59,66],
[40,57,64],[13,24,53],[15,23,49],[14,26,56],[17,27,61],[20,22,51],[18,25,58],[32,37,88],[30,39,85],[36,42,85],
[28,38,88],[31,41,82],[34,40,82],[30,44,85],[36,43,85],[28,48,88],[31,47,82],[34,46,82],[32,45,88],[17,30,61],
[14,34,56],[20,28,51],[13,31,53],[18,32,58],[15,36,49],[44,52,65],[46,59,66],[47,50,66],[45,57,64],[43,54,65],
[48,62,64],[37,41,54],[37,39,59],[40,42,57],[38,42,50],[39,41,62],[38,40,52],[37,61,88],[39,53,85],[42,51,85],
[38,56,88],[41,58,82],[40,49,82],[20,22,68],[18,25,69],[13,24,71],[15,23,75],[17,27,74],[14,26,72],[5,9,29],
[2,7,35],[6,12,33],[4,11,29],[1,8,33],[3,10,35],[28,34,54],[34,36,62],[28,36,59],[30,32,50],[30,31,57],
[31,32,52],[19,32,63],[21,30,55],[19,34,60],[16,36,55],[16,31,60],[21,28,63],[3,21,86],[1,21,90],[5,16,87],
[6,16,84],[2,19,83],[4,19,89],[27,32,95],[24,30,96],[23,34,95],[22,36,94],[25,31,94],[26,28,96],[30,70,92],
[34,73,93],[28,70,91],[31,67,93],[32,73,91],[36,67,92],[12,22,39],[10,26,37],[11,23,41],[9,25,40],[7,27,38],
[8,24,42],[21,46,47],[16,45,48],[19,43,44],[5,6,63],[2,4,55],[1,3,60],[70,83,84],[67,89,90],[73,86,87],
[5,13,27],[4,14,22],[3,20,23],[6,15,26],[1,17,25],[2,18,24],[27,46,70],[22,47,70],[23,45,67],[26,44,73],
[24,48,67],[25,43,73],[12,28,77],[10,34,76],[11,36,78],[9,32,81],[7,30,79],[8,31,80],[3,44,78],[5,43,79],
[2,46,80],[6,47,76],[4,45,77],[1,48,81],[13,27,46],[14,22,47],[20,23,45],[15,26,44],[17,25,43],[18,24,48],
[22,70,83],[26,73,87],[23,67,90],[25,73,86],[24,67,89],[27,70,84],[12,22,77],[10,26,76],[11,23,78],[9,25,81],
[8,24,80],[7,27,79],[21,46,86],[21,47,90],[16,45,87],[19,43,89],[19,44,83],[16,48,84],[12,28,54],[10,34,62],
[11,36,59],[9,32,50],[8,31,52],[7,30,57],[5,29,63],[2,35,55],[3,35,60],[1,33,60],[6,33,63],[4,29,55],
[3,20,68],[2,18,69],[4,14,72],[5,13,71],[6,15,75],[1,17,74],[3,44,52],[2,46,59],[6,47,50],[4,45,57],
[1,48,62],[5,43,54],[44,78,85],[43,79,85],[46,80,82],[48,81,88],[45,77,88],[47,76,82],[32,63,95],[30,55,96],
[34,60,95],[36,55,94],[28,63,96],[31,60,94],[37,41,61],[37,39,53],[40,42,51],[38,42,56],[38,40,49],[39,41,58],
[30,61,92],[34,56,93],[28,51,91],[31,53,93],[36,49,92],[32,58,91],[33,38,41],[35,39,40],[29,37,42],[71,72,82],
[68,69,88],[74,75,85],[12,14,58],[10,15,53],[11,20,61],[8,18,56],[9,17,51],[7,13,49],[20,61,92],[18,56,93],
[13,49,92],[17,51,91],[14,58,91],[15,53,93],[33,41,61],[35,40,51],[29,42,56],[29,37,53],[35,39,58],[33,38,49],
[69,77,88],[71,76,82],[74,78,85],[68,81,88],[75,79,85],[72,80,82],[12,54,58],[10,53,62],[11,59,61],[9,50,51],
[7,49,57],[8,52,56],[5,54,71],[1,62,74],[3,52,68],[2,59,69],[6,50,75],[4,57,72],[33,60,94],[29,63,95],
[35,55,96],[35,60,95],[29,55,94],[33,63,96],[22,77,83],[26,76,87],[23,78,90],[25,81,86],[27,79,84],[24,80,89],
[18,48,84],[13,46,86],[14,47,90],[20,45,87],[15,44,83],[17,43,89],[15,83,93],[20,87,92],[14,90,91],[18,84,93],
[17,89,91],[13,86,92],[59,61,69],[54,58,71],[53,62,74],[50,51,75],[49,57,72],[52,56,68],[69,77,83],[71,76,87],
[74,78,90],[75,79,84],[72,80,89],[68,81,86],[33,61,94],[35,58,96],[29,53,95],[35,51,95],[33,49,96],[29,56,94],
[69,83,93],[71,87,92],[74,90,91],[75,84,93],[68,86,92],[72,89,91],[61,69,94],[58,71,96],[53,74,95],[51,75,95],
[56,68,94],[49,72,96],[69,93,94],[71,92,96],[74,91,95],[75,93,95],[72,91,96],[68,92,94]];
###############################################################

#SurfaceInfo: 192 Vertices, 1152 Edges, 768 Faces, IsOrientable=true
 #Vertices of faces:
vof9:=[[190,191,192],[189,190,191],[188,191,192],[187,190,192],[184,185,186],[181,182,183],[178,179,180],[175,176,177],[173,174,176],[172,173,175],
[173,175,176],[171,184,185],[170,178,179],[169,181,182],[168,176,177],[167,175,177],[166,174,176],[165,173,174],[164,172,173],[163,172,175],
[160,161,162],[157,158,159],[155,156,174],[153,154,172],[151,152,177],[149,150,169],[147,148,171],[145,146,171],[143,144,169],[141,142,170],
[139,140,170],[137,138,140],[135,136,146],[133,134,150],[131,132,142],[129,130,144],[127,128,148],[125,126,130],[123,124,128],[121,122,136],
[119,120,132],[117,118,138],[115,116,134],[115,125,169],[121,123,171],[117,119,170],[119,141,170],[125,143,169],[115,149,169],[123,147,171],
[117,139,170],[121,145,171],[117,137,138],[115,133,134],[123,127,128],[121,135,136],[119,131,132],[125,129,130],[115,125,183],[121,123,186],
[117,119,180],[114,121,186],[113,125,183],[112,115,183],[111,123,186],[110,119,180],[109,117,180],[108,119,141],[107,125,143],[106,117,139],
[105,121,145],[104,123,147],[103,115,149],[102,117,137],[101,123,127],[100,121,135],[99,125,129],[98,115,133],[97,119,131],[96,106,139],
[95,108,141],[94,107,143],[93,105,145],[92,103,149],[91,104,147],[99,113,125],[98,112,115],[100,114,121],[101,111,123],[102,109,117],
[97,110,119],[88,89,90],[85,86,87],[82,83,84],[79,80,81],[76,77,78],[73,74,75],[95,108,161],[94,107,162],[93,105,160],
[91,104,158],[96,106,157],[92,103,159],[72,98,112],[71,99,113],[70,102,109],[69,101,111],[68,97,110],[67,100,114],[74,154,167],
[83,152,163],[80,153,165],[86,156,168],[77,151,166],[89,155,164],[151,152,173],[155,156,175],[153,154,176],[97,99,100],[98,101,102],
[80,153,176],[83,152,173],[89,155,175],[74,154,176],[86,156,175],[77,151,173],[66,106,157],[65,107,162],[64,105,160],[63,104,158],
[62,103,159],[61,108,161],[71,97,99],[67,99,100],[72,98,101],[70,98,102],[69,101,102],[68,97,100],[82,83,163],[85,86,168],
[76,77,166],[88,89,164],[73,74,167],[79,80,165],[58,59,60],[55,56,57],[52,53,54],[49,50,51],[46,47,48],[43,44,45],
[142,168,177],[140,167,177],[146,165,174],[150,164,172],[144,163,172],[148,166,174],[72,96,103],[68,94,108],[71,93,107],[70,91,106],
[67,95,105],[69,92,104],[64,169,181],[61,171,184],[62,171,185],[65,170,178],[66,169,182],[63,170,179],[48,168,176],[51,163,175],
[60,165,173],[57,167,175],[54,166,176],[45,164,173],[71,132,178],[67,130,181],[70,134,182],[72,128,185],[68,136,184],[69,138,179],
[149,157,158],[147,157,159],[143,160,161],[139,158,159],[145,161,162],[141,160,162],[42,137,140],[41,135,146],[40,133,150],[39,131,142],
[38,129,144],[37,127,148],[126,130,149],[120,132,139],[124,128,145],[122,136,147],[116,134,143],[118,138,141],[50,123,124],[56,121,122],
[53,125,126],[44,119,120],[47,115,116],[59,117,118],[58,149,150],[46,147,148],[55,143,144],[52,141,142],[49,139,140],[43,145,146],
[90,150,169],[78,148,171],[81,146,171],[75,140,170],[84,144,169],[87,142,170],[41,108,119],[39,107,125],[40,106,117],[38,105,121],
[37,103,115],[42,104,123],[96,102,137],[91,101,127],[93,100,135],[94,99,129],[95,97,131],[92,98,133],[114,163,186],[113,168,183],
[112,166,183],[111,167,186],[109,164,180],[110,165,180],[94,135,162],[93,131,160],[96,127,157],[91,133,158],[92,137,159],[95,129,161],
[88,90,130],[73,75,132],[85,87,138],[82,84,134],[79,81,128],[76,78,136],[52,107,181],[55,105,184],[49,104,185],[46,103,182],
[43,108,178],[58,106,179],[96,111,122],[94,114,124],[91,112,126],[93,110,118],[92,109,120],[95,113,116],[96,122,127],[94,124,135],
[91,126,133],[93,118,131],[95,116,129],[92,120,137],[96,111,137],[94,114,129],[95,113,131],[91,112,127],[93,110,135],[92,109,133],
[50,114,124],[59,110,118],[56,111,122],[53,112,126],[47,113,116],[44,109,120],[73,132,139],[85,138,141],[82,134,143],[88,130,149],
[76,136,147],[79,128,145],[42,50,123],[41,44,119],[40,59,117],[39,53,125],[38,56,121],[37,47,115],[42,137,159],[41,135,162],
[40,133,158],[39,131,160],[37,127,157],[38,129,161],[52,53,181],[46,47,182],[43,44,178],[55,56,184],[58,59,179],[49,50,185],
[66,103,182],[64,107,181],[62,104,185],[63,106,179],[65,108,178],[61,105,184],[68,78,136],[71,75,132],[70,84,134],[69,87,138],
[72,81,128],[67,90,130],[48,168,183],[51,163,186],[54,166,183],[57,167,186],[60,165,180],[45,164,180],[96,102,103],[93,100,107],
[91,101,106],[94,99,108],[92,98,104],[95,97,105],[41,68,108],[39,71,107],[40,70,106],[38,67,105],[42,69,104],[37,72,103],
[46,48,148],[58,60,150],[55,57,144],[52,54,142],[43,45,146],[49,51,140],[90,150,172],[78,148,174],[81,146,174],[75,140,177],
[87,142,177],[84,144,172],[64,90,169],[61,78,171],[62,81,171],[65,75,170],[63,87,170],[66,84,169],[42,140,167],[41,146,165],
[40,150,164],[39,142,168],[37,148,166],[38,144,163],[58,149,158],[46,147,157],[43,145,162],[55,143,161],[49,139,159],[52,141,160],
[118,141,162],[116,143,160],[126,149,157],[120,139,158],[122,147,159],[124,145,161],[52,65,107],[55,64,105],[49,63,104],[46,62,103],
[58,66,106],[43,61,108],[73,111,167],[82,114,163],[85,113,168],[76,112,166],[79,110,165],[88,109,164],[71,97,178],[67,99,181],
[68,100,184],[72,101,185],[69,102,179],[70,98,182],[48,80,176],[60,83,173],[57,89,175],[54,74,176],[45,77,173],[51,86,175],
[36,122,124],[35,118,120],[34,116,126],[32,33,36],[30,31,35],[28,29,34],[27,178,180],[26,185,186],[25,181,183],[24,184,186],
[23,179,180],[22,182,183],[21,59,60],[20,50,51],[19,44,45],[18,47,48],[17,53,54],[16,56,57],[32,72,96],[30,69,92],
[31,71,93],[29,67,95],[28,70,91],[33,68,94],[28,130,181],[29,134,182],[30,132,178],[33,128,185],[31,138,179],[32,136,184],
[17,156,174],[21,155,174],[20,154,172],[18,151,177],[16,152,177],[19,153,172],[26,96,139],[25,95,141],[24,94,143],[23,92,149],
[22,91,147],[27,93,145],[30,63,158],[28,66,157],[29,64,160],[31,65,162],[33,61,161],[32,62,159],[31,65,138],[28,66,130],
[29,64,134],[30,63,132],[32,62,136],[33,61,128],[26,32,96],[25,29,95],[22,28,91],[24,33,94],[27,31,93],[23,30,92],
[17,54,156],[16,57,152],[21,60,155],[20,51,154],[19,45,153],[18,48,151],[32,36,72],[28,34,70],[30,35,69],[29,34,67],
[33,36,68],[31,35,71],[32,56,184],[28,53,181],[29,47,182],[30,44,178],[33,50,185],[31,59,179],[23,102,179],[27,97,178],
[25,99,181],[24,100,184],[22,98,182],[26,101,185],[33,55,161],[32,49,159],[30,58,158],[28,46,157],[29,52,160],[31,43,162],
[21,78,174],[18,75,177],[17,81,174],[19,84,172],[20,90,172],[16,87,177],[26,51,186],[25,54,183],[24,57,186],[23,60,180],
[27,45,180],[22,48,183],[26,73,139],[25,85,141],[24,82,143],[23,88,149],[27,79,145],[22,76,147],[17,53,112],[18,47,113],
[19,44,109],[16,56,111],[20,50,114],[21,59,110],[35,120,137],[34,116,129],[35,118,131],[34,126,133],[36,122,127],[36,124,135],
[55,64,90],[49,63,87],[58,66,84],[46,62,81],[52,65,75],[43,61,78],[48,80,148],[60,83,150],[57,89,144],[54,74,142],
[51,86,140],[45,77,146],[66,102,103],[61,97,105],[65,99,108],[64,100,107],[62,98,104],[63,101,106],[41,68,78],[39,71,75],
[37,72,81],[40,70,84],[38,67,90],[42,69,87],[41,118,162],[39,116,160],[37,126,157],[40,120,158],[38,124,161],[42,122,159],
[42,50,167],[41,44,165],[40,59,164],[39,53,168],[38,56,163],[37,47,166],[73,111,137],[82,114,129],[85,113,131],[76,112,127],
[88,109,133],[79,110,135],[154,156,188],[152,155,189],[151,153,187],[15,118,120],[14,116,126],[13,122,124],[13,32,33],[15,30,31],
[14,28,29],[12,154,167],[11,152,163],[10,153,165],[9,156,168],[8,151,166],[7,155,164],[6,128,148],[5,138,140],[4,134,150],
[3,136,146],[2,132,142],[1,130,144],[3,72,112],[5,71,113],[1,70,109],[2,69,111],[4,67,114],[6,68,110],[12,89,90],
[11,86,87],[10,83,84],[9,80,81],[8,74,75],[7,77,78],[12,89,154],[11,86,152],[10,83,153],[9,80,156],[7,77,155],
[8,74,151],[11,56,163],[12,50,167],[10,44,165],[8,47,166],[7,59,164],[9,53,168],[15,41,118],[14,39,116],[14,37,126],
[15,40,120],[13,42,122],[13,38,124],[6,80,148],[3,77,146],[5,86,140],[1,89,144],[4,83,150],[2,74,142],[12,55,90],
[11,49,87],[10,58,84],[9,46,81],[7,43,78],[8,52,75],[6,21,110],[3,17,112],[5,18,113],[1,19,109],[4,20,114],
[2,16,111],[13,33,55],[13,32,49],[15,30,58],[14,28,46],[15,31,43],[14,29,52],[5,35,71],[3,36,72],[1,34,70],
[2,35,69],[6,36,68],[4,34,67],[54,156,188],[51,154,188],[57,152,189],[48,151,187],[45,153,187],[60,155,189],[1,66,130],
[6,61,128],[5,65,138],[4,64,134],[2,63,132],[3,62,136],[35,73,137],[36,79,135],[34,82,129],[35,85,131],[36,76,127],
[34,88,133],[26,51,73],[25,54,85],[24,57,82],[23,60,88],[22,48,76],[27,45,79],[21,41,78],[18,39,75],[17,37,81],
[19,40,84],[16,42,87],[20,38,90],[23,66,102],[27,61,97],[25,65,99],[24,64,100],[26,63,101],[22,62,98],[26,32,56],
[22,28,53],[25,29,47],[23,30,44],[27,31,59],[24,33,50],[154,156,190],[151,153,191],[152,155,192],[80,156,190],[77,155,192],
[86,152,192],[89,154,190],[74,151,191],[83,153,191],[10,23,44],[7,27,59],[11,26,56],[12,24,50],[9,22,53],[8,25,47],
[1,23,66],[6,27,61],[4,24,64],[5,25,65],[3,22,62],[2,26,63],[51,73,188],[45,79,187],[54,85,188],[57,82,189],
[60,88,189],[48,76,187],[5,35,73],[3,36,79],[1,34,82],[2,35,85],[4,34,88],[6,36,76],[12,13,55],[11,13,49],
[10,15,58],[9,14,46],[8,14,52],[7,15,43],[6,21,80],[3,17,77],[5,18,86],[1,19,89],[2,16,74],[4,20,83],
[15,21,41],[14,18,39],[14,17,37],[15,19,40],[13,20,38],[13,16,42],[10,15,21],[8,14,17],[9,14,18],[7,15,19],
[11,13,20],[12,13,16],[1,82,189],[5,73,188],[3,79,187],[6,76,187],[2,85,188],[4,88,189],[1,10,23],[5,8,25],
[3,9,22],[6,7,27],[2,11,26],[4,12,24],[21,80,190],[17,77,192],[18,86,192],[19,89,190],[20,83,191],[16,74,191],
[10,21,190],[8,17,192],[9,18,192],[7,19,190],[12,16,191],[11,20,191],[1,10,189],[5,8,188],[3,9,187],[6,7,187],
[4,12,189],[2,11,188],[10,189,190],[8,188,192],[9,187,192],[7,187,190],[11,188,191],[12,189,191]];
###############################################################

#SurfaceInfo: 96 Vertices, 1152 Edges, 768 Faces, IsOrientable=true
 #Vertices of faces:
vof10:=[[94,95,96],[93,94,95],[92,94,96],[91,95,96],[88,89,90],[85,86,87],[82,83,84],[79,80,81],[77,78,80],[76,77,79],
[77,79,80],[75,88,89],[74,82,83],[73,85,86],[72,79,81],[71,80,81],[70,77,78],[69,78,80],[68,76,79],[67,76,77],
[64,65,66],[61,62,63],[62,65,90],[63,66,87],[61,64,84],[59,60,70],[57,58,71],[55,56,67],[53,54,72],[51,52,69],
[49,50,68],[46,47,48],[43,44,45],[40,41,42],[37,38,39],[34,35,36],[31,32,33],[30,35,62],[29,32,66],[28,44,61],
[27,38,63],[26,47,65],[25,41,64],[54,60,80],[56,58,79],[50,52,77],[51,52,77],[53,54,80],[59,60,80],[57,58,79],
[49,50,77],[55,56,79],[46,47,65],[40,41,64],[31,32,66],[43,44,61],[37,38,63],[34,35,62],[54,60,76],[56,58,78],
[50,52,81],[24,58,78],[23,60,76],[22,54,76],[21,56,78],[20,50,81],[19,52,81],[18,51,77],[17,53,80],[16,49,77],
[15,55,79],[14,57,79],[13,59,80],[19,46,65],[21,31,66],[24,43,61],[23,34,62],[22,40,64],[20,37,63],[12,16,77],
[11,18,77],[10,17,80],[9,15,79],[8,13,80],[7,14,79],[23,34,76],[22,40,76],[24,43,78],[21,31,78],[19,46,81],
[20,37,81],[33,48,52],[36,45,60],[39,45,58],[36,39,50],[42,48,54],[33,42,56],[6,11,77],[5,10,80],[4,9,79],
[6,7,79],[5,12,77],[4,8,80],[10,40,76],[8,34,76],[11,46,81],[9,31,78],[12,37,81],[7,43,78],[22,33,73],
[20,45,74],[23,39,73],[24,36,75],[19,42,74],[21,48,75],[61,64,74],[62,65,75],[63,66,73],[7,8,12],[9,10,11],
[23,63,73],[20,61,74],[21,65,75],[22,66,73],[24,62,75],[19,64,74],[5,12,15],[5,10,14],[4,9,16],[6,7,17],
[4,8,18],[6,11,13],[7,8,76],[7,12,78],[10,11,76],[9,11,81],[9,10,78],[8,12,81],[45,58,74],[36,60,75],
[42,54,74],[48,52,75],[33,56,73],[39,50,73],[32,60,90],[38,54,84],[44,52,90],[41,50,87],[47,58,84],[35,56,87],
[30,72,79],[29,71,80],[27,69,80],[26,68,79],[28,67,77],[25,70,77],[20,65,94],[22,62,94],[21,61,95],[24,66,96],
[19,63,96],[23,64,95],[68,73,85],[70,75,88],[69,75,89],[71,74,82],[67,73,86],[72,74,83],[23,72,81],[24,67,76],
[20,69,78],[21,71,81],[22,70,78],[19,68,76],[7,33,89],[12,48,83],[9,45,88],[11,39,82],[8,42,86],[10,36,85],
[61,62,92],[61,63,93],[64,65,91],[62,63,91],[64,66,92],[65,66,93],[47,48,80],[44,45,80],[41,42,79],[38,39,79],
[35,36,77],[32,33,77],[30,33,62],[27,42,63],[29,36,66],[28,48,61],[25,39,64],[26,45,65],[23,29,32],[19,28,44],
[21,30,35],[22,27,38],[20,25,41],[24,26,47],[60,61,70],[58,63,71],[54,65,72],[52,66,69],[50,62,68],[56,64,67],
[59,68,70],[57,70,71],[55,67,69],[49,68,71],[53,67,72],[51,69,72],[18,22,51],[17,21,53],[16,24,49],[15,19,55],
[13,20,59],[14,23,57],[19,65,73],[21,66,74],[24,61,73],[23,62,74],[20,63,75],[22,64,75],[24,27,58],[23,28,60],
[22,26,54],[21,25,56],[19,29,52],[20,30,50],[3,5,80],[2,4,79],[2,5,77],[3,6,79],[1,4,80],[1,6,77],
[33,48,55],[33,42,53],[36,45,57],[39,45,49],[36,39,59],[42,48,51],[14,68,90],[16,70,84],[17,69,87],[18,67,84],
[13,71,87],[15,72,90],[2,19,34],[3,23,46],[3,21,37],[2,24,40],[1,22,43],[1,20,31],[2,5,34],[3,5,46],
[3,6,37],[2,4,40],[1,6,31],[1,4,43],[19,34,73],[23,46,74],[20,31,75],[21,37,74],[24,40,73],[22,43,75],
[3,23,32],[2,24,47],[2,19,44],[3,21,35],[1,20,41],[1,22,38],[27,42,53],[26,45,57],[25,39,49],[30,33,55],
[28,48,51],[29,36,59],[14,23,29],[18,22,27],[16,24,26],[17,21,30],[15,19,28],[13,20,25],[1,48,80],[3,45,80],
[3,42,79],[2,39,79],[2,33,77],[1,36,77],[14,44,90],[18,47,84],[13,35,87],[16,38,84],[15,32,90],[17,41,87],
[67,73,84],[68,73,90],[69,75,87],[72,74,90],[71,74,87],[70,75,84],[42,51,86],[33,53,89],[45,49,88],[36,57,85],
[39,59,82],[48,55,83],[23,28,81],[24,27,76],[22,26,78],[21,25,81],[20,30,78],[19,29,76],[65,73,94],[61,73,95],
[66,74,96],[62,74,94],[64,75,95],[63,75,96],[22,51,62],[21,53,61],[24,49,66],[19,55,63],[23,57,64],[20,59,65],
[47,58,63],[32,60,61],[38,54,65],[44,52,66],[35,56,64],[41,50,62],[26,59,68],[25,57,70],[27,55,69],[29,49,71],
[30,51,72],[28,53,67],[68,70,85],[70,71,88],[67,69,89],[68,71,82],[69,72,83],[67,72,86],[29,47,80],[27,44,80],
[26,41,79],[30,38,79],[25,32,77],[28,35,77],[61,70,92],[63,71,93],[64,67,92],[65,72,91],[62,68,91],[66,69,93],
[45,65,93],[39,64,91],[33,62,92],[42,63,91],[48,61,93],[36,66,92],[5,14,68],[4,16,70],[6,17,69],[4,18,67],
[5,15,72],[6,13,71],[25,56,73],[27,58,74],[28,60,75],[26,54,74],[30,50,73],[29,52,75],[7,33,76],[12,48,78],
[8,42,81],[11,39,76],[10,36,78],[9,45,81],[23,63,72],[20,61,69],[21,65,71],[22,66,70],[19,64,68],[24,62,67],
[5,26,30],[4,25,28],[6,27,29],[52,60,94],[54,58,95],[50,56,96],[76,83,84],[76,88,90],[78,86,87],[81,89,90],
[78,82,84],[81,85,87],[2,60,90],[3,50,87],[1,56,87],[1,58,84],[3,52,90],[2,54,84],[20,53,94],[23,55,95],
[21,59,95],[19,57,96],[24,51,96],[22,49,94],[12,44,83],[9,47,88],[7,35,89],[11,41,82],[10,32,85],[8,38,86],
[55,65,90],[57,62,90],[59,63,87],[49,61,84],[51,64,84],[53,66,87],[12,16,53],[11,18,57],[10,17,49],[8,13,55],
[7,14,51],[9,15,59],[7,17,70],[12,15,71],[9,16,69],[10,14,67],[11,13,72],[8,18,68],[10,32,67],[12,44,71],
[9,47,69],[7,35,70],[8,38,68],[11,41,72],[16,20,53],[18,19,57],[14,24,51],[17,22,49],[15,21,59],[13,23,55],
[3,55,90],[2,51,84],[2,57,90],[3,59,87],[1,53,87],[1,49,84],[52,53,94],[51,56,96],[54,55,95],[50,57,96],
[49,60,94],[58,59,95],[16,38,86],[14,44,83],[18,47,88],[13,35,89],[17,41,82],[15,32,85],[36,78,84],[33,76,84],
[48,78,87],[42,81,90],[45,81,87],[39,76,90],[13,72,91],[18,68,91],[17,70,92],[15,71,93],[16,69,93],[14,67,92],
[25,57,62],[29,49,61],[27,55,65],[28,53,66],[26,59,63],[30,51,64],[27,76,88],[26,78,86],[25,81,89],[30,78,82],
[29,76,83],[28,81,85],[12,27,53],[11,26,57],[10,25,49],[8,30,55],[9,29,59],[7,28,51],[3,35,52],[1,41,58],
[1,38,56],[2,44,54],[3,32,50],[2,47,60],[4,25,43],[6,27,31],[4,28,40],[6,29,37],[5,26,34],[5,30,46],
[4,70,85],[6,69,83],[5,72,86],[4,67,89],[5,68,82],[6,71,88],[47,63,72],[32,61,69],[38,65,71],[44,66,70],
[41,62,67],[35,64,68],[73,84,94],[75,84,96],[74,87,94],[73,90,95],[75,87,95],[74,90,96],[51,62,86],[53,61,89],
[59,65,82],[49,66,88],[55,63,83],[57,64,85],[3,45,93],[2,39,91],[2,33,92],[3,42,91],[1,36,92],[1,48,93],
[14,29,47],[18,27,44],[16,26,41],[17,30,38],[15,28,35],[13,25,32],[25,34,73],[27,46,74],[28,31,75],[26,37,74],
[29,43,75],[30,40,73],[3,11,12],[2,8,10],[1,7,9],[3,25,28],[2,27,29],[1,26,30],[52,60,91],[54,58,92],
[50,56,93],[14,22,33],[15,20,45],[18,23,39],[17,24,36],[13,19,42],[16,21,48],[31,33,72],[46,48,67],[40,42,69],
[43,45,68],[37,39,70],[34,36,71],[10,40,52],[8,34,58],[11,46,56],[9,31,54],[7,43,50],[12,37,60],[4,33,52],
[6,45,60],[5,39,58],[4,36,50],[5,42,56],[6,48,54],[4,14,33],[6,15,45],[5,18,39],[4,17,36],[6,16,48],
[5,13,42],[15,20,35],[14,22,47],[18,23,44],[13,19,32],[16,21,41],[17,24,38],[3,25,93],[2,29,91],[2,27,92],
[3,28,91],[1,30,93],[1,26,92],[31,47,72],[35,43,68],[41,46,67],[34,38,71],[32,40,69],[37,44,70],[4,52,85],
[6,60,83],[5,58,86],[4,50,89],[6,54,88],[5,56,82],[12,47,60],[10,35,52],[8,41,58],[11,38,56],[7,32,50],
[9,44,54],[13,52,91],[18,60,91],[17,58,92],[15,50,93],[14,54,92],[16,56,93],[34,58,59],[40,52,53],[46,51,56],
[31,54,55],[37,49,60],[43,50,57],[3,11,55],[3,12,59],[2,10,51],[1,7,49],[1,9,53],[2,8,57],[36,44,71],
[33,41,72],[32,48,67],[42,47,69],[35,39,70],[38,45,68],[25,34,43],[30,40,46],[27,31,46],[28,31,40],[26,34,37],
[29,37,43],[12,27,88],[11,26,86],[10,25,89],[8,30,82],[7,28,85],[9,29,83],[25,62,86],[29,61,89],[27,65,82],
[28,66,88],[30,64,85],[26,63,83],[36,84,94],[33,84,96],[48,87,94],[42,90,95],[39,90,96],[45,87,95],[16,20,86],
[14,24,83],[18,19,88],[13,23,89],[15,21,85],[17,22,82],[4,11,12],[5,7,9],[6,8,10],[4,12,17],[6,10,16],
[6,8,15],[4,11,14],[5,9,13],[5,7,18],[23,44,89],[21,41,85],[20,35,86],[22,47,82],[24,38,83],[19,32,88],
[36,44,94],[33,41,96],[42,47,95],[32,48,94],[38,45,95],[35,39,96],[12,59,88],[9,53,83],[11,55,86],[10,51,89],
[8,57,82],[7,49,85],[34,43,59],[40,46,53],[31,46,51],[31,40,55],[37,43,57],[34,37,49],[13,52,85],[18,60,83],
[17,58,86],[15,50,89],[16,56,82],[14,54,88],[12,31,47],[10,35,43],[8,41,46],[11,34,38],[9,37,44],[7,32,40],
[25,86,93],[29,89,91],[27,82,92],[28,88,91],[26,83,92],[30,85,93],[17,86,93],[16,82,92],[15,89,91],[14,88,91],
[18,83,92],[13,85,93],[31,51,89],[43,59,88],[46,53,83],[34,49,85],[40,55,86],[37,57,82],[44,89,94],[32,88,94],
[38,83,95],[41,85,96],[35,86,96],[47,82,95],[12,17,31],[10,16,43],[8,15,46],[11,14,34],[7,18,40],[9,13,37],
[17,31,93],[16,43,92],[15,46,91],[14,34,91],[13,37,93],[18,40,92],[31,89,94],[43,88,94],[46,83,95],[34,85,96],
[37,82,95],[40,86,96],[31,93,94],[43,92,94],[46,91,95],[34,91,96],[40,92,96],[37,93,95]];
###############################################################

