#SurfaceInfo: 379 Vertices, 1137 Edges, 758 Faces, IsOrientable=true
 #Vertices of faces:
vof1:=[[377,378,379],[376,377,378],[375,377,379],[374,378,379],[371,372,373],[368,369,370],[365,366,367],[362,363,364],[359,360,361],[356,357,358],
[353,354,355],[352,353,354],[351,354,355],[350,353,355],[347,348,349],[344,345,346],[341,342,343],[338,339,340],[335,336,337],[332,333,334],
[330,331,336],[328,329,333],[326,327,339],[325,332,333],[324,335,336],[323,338,339],[322,336,337],[321,333,334],[320,339,340],[317,318,319],
[314,315,316],[311,312,313],[308,309,310],[305,306,307],[302,303,304],[312,323,338],[315,324,335],[318,325,332],[309,322,337],[303,320,340],
[306,321,334],[324,330,336],[323,326,339],[325,328,333],[321,329,333],[320,327,339],[322,331,336],[300,301,349],[298,299,346],[296,297,343],
[294,295,348],[292,293,345],[290,291,342],[288,289,347],[286,287,341],[284,285,344],[281,282,283],[279,280,282],[277,278,282],[276,347,348],
[275,341,342],[274,344,345],[273,348,349],[272,345,346],[271,342,343],[270,341,343],[269,347,349],[268,344,346],[277,281,282],[279,282,283],
[278,280,282],[273,294,348],[271,290,342],[272,292,345],[268,284,344],[269,288,347],[270,286,341],[276,295,348],[274,293,345],[275,291,342],
[276,289,347],[274,285,344],[275,287,341],[272,298,346],[271,296,343],[273,300,349],[268,299,346],[270,297,343],[269,301,349],[267,323,326],
[266,325,328],[265,324,330],[264,320,327],[263,322,331],[262,321,329],[311,312,323],[317,318,325],[314,315,324],[305,306,321],[302,303,320],
[308,309,322],[260,261,276],[258,259,274],[256,257,275],[254,255,284],[252,253,288],[250,251,286],[248,249,292],[246,247,290],[244,245,294],
[242,243,281],[240,241,278],[238,239,279],[237,352,353],[236,351,354],[235,350,355],[234,352,354],[233,350,353],[232,351,355],[231,292,293],
[230,290,291],[229,294,295],[228,288,289],[227,284,285],[226,286,287],[225,281,283],[224,277,278],[223,279,280],[222,332,334],[221,335,337],
[220,338,340],[231,312,313],[230,318,319],[229,315,316],[225,306,307],[224,309,310],[223,303,304],[219,318,332],[218,312,338],[217,315,335],
[216,309,337],[215,306,334],[214,303,340],[213,228,352],[212,227,351],[211,226,350],[218,231,312],[217,229,315],[219,230,318],[215,225,306],
[216,224,309],[214,223,303],[217,221,335],[218,220,338],[219,222,332],[214,220,340],[216,221,337],[215,222,334],[225,283,307],[223,280,304],
[224,277,310],[213,228,289],[211,226,287],[212,227,285],[231,293,313],[229,295,316],[230,291,319],[225,242,281],[223,238,279],[224,240,278],
[230,246,290],[229,244,294],[231,248,292],[228,252,288],[227,254,284],[226,250,286],[228,237,352],[226,235,350],[227,236,351],[213,234,352],
[212,232,351],[211,233,350],[233,237,353],[232,235,355],[234,236,354],[210,271,296],[209,273,300],[208,272,298],[207,270,297],[206,268,299],
[205,269,301],[245,273,294],[249,272,292],[247,271,290],[255,268,284],[251,270,286],[253,269,288],[260,276,295],[256,275,291],[258,274,293],
[261,276,289],[257,275,287],[259,274,285],[239,279,283],[241,278,280],[243,277,281],[265,314,324],[267,311,323],[266,317,325],[262,305,321],
[263,308,322],[264,302,320],[203,204,221],[201,202,220],[199,200,222],[197,198,234],[195,196,232],[193,194,233],[192,262,305],[191,264,302],
[190,263,308],[189,267,311],[188,266,317],[187,265,314],[193,233,237],[197,234,236],[195,232,235],[198,213,234],[194,211,233],[196,212,232],
[203,217,221],[199,219,222],[201,218,220],[200,215,222],[204,216,221],[202,214,220],[206,255,268],[205,253,269],[207,251,270],[209,245,273],
[208,249,272],[210,247,271],[228,237,252],[227,236,254],[226,235,250],[219,230,246],[218,231,248],[217,229,244],[256,291,319],[258,293,313],
[260,295,316],[213,261,289],[211,257,287],[212,259,285],[215,225,242],[216,224,240],[214,223,238],[239,283,307],[241,280,304],[243,277,310],
[186,317,319],[185,311,313],[184,314,316],[183,302,304],[182,308,310],[181,305,307],[180,206,255],[179,207,251],[178,205,253],[182,243,310],
[181,239,307],[183,241,304],[184,260,316],[185,258,313],[186,256,319],[177,209,245],[176,210,247],[175,208,249],[186,188,317],[184,187,314],
[185,189,311],[182,190,308],[181,192,305],[183,191,302],[200,215,242],[202,214,238],[204,216,240],[199,219,246],[201,218,248],[203,217,244],
[198,213,261],[196,212,259],[194,211,257],[193,237,252],[195,235,250],[197,236,254],[174,260,261],[173,258,259],[172,256,257],[171,250,251],
[170,254,255],[169,252,253],[168,248,249],[167,244,245],[166,246,247],[165,242,243],[164,238,239],[163,240,241],[170,180,255],[169,178,253],
[171,179,251],[170,197,254],[169,193,252],[171,195,250],[174,198,261],[172,194,257],[173,196,259],[167,203,244],[166,199,246],[168,201,248],
[165,200,242],[163,204,240],[164,202,238],[162,182,190],[161,183,191],[160,181,192],[159,184,187],[158,186,188],[157,185,189],[166,176,247],
[168,175,249],[167,177,245],[174,184,260],[172,186,256],[173,185,258],[165,182,243],[163,183,241],[164,181,239],[156,203,204],[155,199,200],
[154,201,202],[153,197,198],[152,193,194],[151,195,196],[150,170,180],[149,171,179],[148,169,178],[147,168,175],[146,167,177],[145,166,176],
[155,165,200],[154,164,202],[156,163,204],[155,166,199],[154,168,201],[156,167,203],[153,174,198],[151,173,196],[152,172,194],[153,170,197],
[151,171,195],[152,169,193],[159,174,184],[157,173,185],[158,172,186],[162,165,182],[160,164,181],[161,163,183],[150,153,170],[148,152,169],
[149,151,171],[153,159,174],[152,158,172],[151,157,173],[155,162,165],[156,161,163],[154,160,164],[145,155,166],[146,156,167],[147,154,168],
[145,155,162],[147,154,160],[146,156,161],[150,153,159],[149,151,157],[148,152,158],[144,326,327],[143,330,331],[142,328,329],[141,266,328],
[140,265,330],[139,267,326],[138,264,327],[137,262,329],[136,263,331],[135,187,265],[134,188,266],[133,189,267],[132,190,263],[131,191,264],
[130,192,262],[129,159,187],[128,157,189],[127,158,188],[126,162,190],[125,161,191],[124,160,192],[126,132,190],[124,130,192],[125,131,191],
[129,135,187],[128,133,189],[127,134,188],[132,136,263],[131,138,264],[130,137,262],[134,141,266],[133,139,267],[135,140,265],[137,142,329],
[136,143,331],[138,144,327],[139,144,326],[140,143,330],[141,142,328],[124,147,160],[126,145,162],[125,146,161],[129,150,159],[127,148,158],
[128,149,157],[122,123,130],[120,121,132],[118,119,131],[116,117,135],[114,115,134],[112,113,133],[142,362,363],[143,356,357],[144,359,360],
[111,296,297],[110,298,299],[109,300,301],[108,207,297],[107,206,299],[106,205,301],[105,210,296],[104,208,298],[103,209,300],[102,180,206],
[101,178,205],[100,179,207],[99,176,210],[98,175,208],[97,177,209],[96,150,180],[95,148,178],[94,149,179],[93,147,175],[92,145,176],
[91,146,177],[92,99,176],[91,97,177],[93,98,175],[96,102,180],[94,100,179],[95,101,178],[99,105,210],[97,103,209],[98,104,208],
[101,106,205],[100,108,207],[102,107,206],[105,111,296],[103,109,300],[104,110,298],[107,110,299],[106,109,301],[108,111,297],[118,125,131],
[120,126,132],[122,124,130],[96,129,150],[94,128,149],[95,127,148],[93,124,147],[91,125,146],[92,126,145],[141,142,362],[139,144,359],
[140,143,356],[137,142,363],[138,144,360],[136,143,357],[116,135,140],[112,133,139],[114,134,141],[123,130,137],[119,131,138],[121,132,136],
[117,129,135],[113,128,133],[115,127,134],[89,90,99],[87,88,97],[85,86,98],[83,84,102],[81,82,101],[79,80,100],[111,371,372],
[110,365,366],[109,368,369],[108,111,371],[106,109,368],[107,110,365],[105,111,372],[104,110,366],[103,109,369],[83,102,107],[79,100,108],
[81,101,106],[89,99,105],[85,98,104],[87,97,103],[84,96,102],[82,95,101],[80,94,100],[90,92,99],[86,93,98],[88,91,97],
[123,137,363],[121,136,357],[119,138,360],[114,141,362],[116,140,356],[112,139,359],[92,120,126],[93,122,124],[91,118,125],[96,117,129],
[95,115,127],[94,113,128],[78,357,358],[77,360,361],[76,363,364],[75,362,364],[74,359,361],[73,356,358],[71,72,358],[69,70,361],
[67,68,364],[71,78,358],[67,76,364],[69,77,361],[72,73,358],[68,75,364],[70,74,361],[75,114,362],[74,112,359],[73,116,356],
[76,123,363],[77,119,360],[78,121,357],[90,92,120],[88,91,118],[86,93,122],[84,96,117],[80,94,113],[82,95,115],[81,106,368],
[83,107,365],[79,108,371],[89,105,372],[87,103,369],[85,104,366],[66,371,373],[65,365,367],[64,368,370],[63,372,373],[62,369,370],
[61,366,367],[59,60,370],[57,58,373],[55,56,367],[54,120,121],[53,118,119],[52,122,123],[51,116,117],[50,112,113],[49,114,115],
[57,66,373],[55,65,367],[59,64,370],[58,63,373],[56,61,367],[60,62,370],[54,90,120],[52,86,122],[53,88,118],[63,89,372],
[61,85,366],[62,87,369],[65,83,365],[66,79,371],[64,81,368],[51,84,117],[49,82,115],[50,80,113],[54,78,121],[52,76,123],
[53,77,119],[49,75,114],[50,74,112],[51,73,116],[48,71,78],[47,69,77],[46,67,76],[45,70,74],[44,68,75],[43,72,73],
[42,89,90],[41,85,86],[40,87,88],[39,83,84],[38,79,80],[37,81,82],[42,54,90],[40,53,88],[41,52,86],[37,49,82],
[39,51,84],[38,50,80],[39,65,83],[37,64,81],[38,66,79],[42,63,89],[40,62,87],[41,61,85],[36,55,65],[35,59,64],
[34,57,66],[33,58,63],[32,60,62],[31,56,61],[44,49,75],[43,51,73],[45,50,74],[48,54,78],[46,52,76],[47,53,77],
[42,48,54],[41,46,52],[40,47,53],[33,42,63],[31,41,61],[32,40,62],[35,37,64],[34,38,66],[36,39,65],[37,44,49],
[38,45,50],[39,43,51],[35,37,44],[36,39,43],[34,38,45],[33,42,48],[31,41,46],[32,40,47],[30,71,72],[29,67,68],
[28,69,70],[27,43,72],[26,44,68],[25,45,70],[24,48,71],[23,46,67],[22,47,69],[24,30,71],[22,28,69],[23,29,67],
[27,30,72],[25,28,70],[26,29,68],[27,36,43],[25,34,45],[26,35,44],[24,33,48],[22,32,47],[23,31,46],[20,21,29],
[18,19,30],[16,17,28],[15,55,56],[14,57,58],[13,59,60],[12,33,58],[11,32,60],[10,31,56],[9,36,55],[8,34,57],
[7,35,59],[9,15,55],[7,13,59],[8,14,57],[10,15,56],[11,13,60],[12,14,58],[18,24,30],[20,23,29],[16,22,28],
[12,24,33],[10,23,31],[11,22,32],[9,27,36],[7,26,35],[8,25,34],[19,27,30],[21,26,29],[17,25,28],[5,6,14],
[3,4,15],[1,2,13],[5,12,14],[1,11,13],[3,10,15],[4,9,15],[6,8,14],[2,7,13],[9,19,27],[8,17,25],
[7,21,26],[12,18,24],[11,16,22],[10,20,23],[5,12,18],[3,10,20],[1,11,16],[6,8,17],[4,9,19],[2,7,21],
[18,19,376],[16,17,375],[20,21,374],[5,18,376],[3,20,374],[1,16,375],[6,17,375],[2,21,374],[4,19,376],[5,6,377],
[1,2,379],[3,4,378],[5,376,377],[3,374,378],[1,375,379],[6,375,377],[4,376,378],[2,374,379]];
###############################################################

#SurfaceInfo: 381 Vertices, 1143 Edges, 762 Faces, IsOrientable=true
 #Vertices of faces:
vof2:=[[379,380,381],[378,379,380],[377,379,381],[376,380,381],[373,374,375],[370,371,372],[367,368,369],[364,365,366],[361,362,363],[358,359,360],
[355,356,357],[352,353,354],[349,350,351],[347,348,350],[345,346,353],[343,344,356],[340,341,342],[337,338,339],[334,335,336],[331,332,333],
[343,355,356],[347,349,350],[345,352,353],[330,345,346],[329,343,344],[328,347,348],[326,327,338],[324,325,332],[322,323,335],[320,321,327],
[318,319,325],[316,317,323],[317,319,321],[317,320,321],[318,319,321],[316,317,319],[321,326,327],[319,324,325],[317,322,323],[315,330,346],
[314,328,348],[313,329,344],[312,343,355],[311,345,352],[310,347,349],[326,337,338],[324,331,332],[322,334,335],[330,340,341],[329,341,342],
[328,340,342],[309,330,345],[308,328,347],[307,329,343],[309,330,340],[308,328,342],[307,329,341],[306,326,337],[305,322,334],[304,324,331],
[307,312,343],[309,311,345],[308,310,347],[315,330,341],[313,329,342],[314,328,340],[318,321,326],[317,320,322],[316,319,324],[303,307,312],
[302,309,311],[301,308,310],[306,318,326],[304,316,324],[305,320,322],[307,315,341],[309,314,340],[308,313,342],[299,300,339],[297,298,336],
[295,296,333],[292,293,294],[289,290,291],[286,287,288],[285,320,327],[284,316,323],[283,318,325],[282,327,338],[281,323,335],[280,325,332],
[279,338,339],[278,335,336],[277,332,333],[276,334,336],[275,331,333],[274,337,339],[293,305,334],[287,306,337],[290,304,331],[276,293,334],
[275,290,331],[274,287,337],[279,282,338],[277,280,332],[278,281,335],[282,285,327],[280,283,325],[281,284,323],[273,292,293],[272,286,287],
[271,289,290],[293,294,305],[287,288,306],[290,291,304],[279,299,339],[277,295,333],[278,297,336],[274,300,339],[276,298,336],[275,296,333],
[285,305,320],[283,306,318],[284,304,316],[303,307,315],[301,308,313],[302,309,314],[269,270,282],[267,268,280],[265,266,281],[264,356,357],
[263,350,351],[262,353,354],[260,261,357],[258,259,351],[256,257,354],[255,355,357],[254,349,351],[253,352,354],[252,348,350],[251,344,356],
[250,346,353],[249,312,355],[248,310,349],[247,311,352],[246,315,346],[245,313,344],[244,314,348],[243,303,312],[242,301,310],[241,302,311],
[240,243,303],[239,241,302],[238,242,301],[243,249,312],[241,247,311],[242,248,310],[246,250,346],[244,252,348],[245,251,344],[249,255,355],
[247,253,352],[248,254,349],[260,264,357],[256,262,354],[258,263,351],[255,261,357],[253,257,354],[254,259,351],[251,264,356],[250,262,353],
[252,263,350],[246,303,315],[244,302,314],[245,301,313],[237,276,298],[236,275,296],[235,274,300],[234,279,299],[233,278,297],[232,277,295],
[269,282,285],[265,281,284],[267,280,283],[270,279,282],[266,278,281],[268,277,280],[285,294,305],[284,291,304],[283,288,306],[273,276,293],
[271,275,290],[272,274,287],[230,231,247],[228,229,249],[226,227,248],[224,225,250],[222,223,251],[220,221,252],[217,218,219],[214,215,216],
[211,212,213],[210,256,262],[209,258,263],[208,260,264],[224,250,262],[220,252,263],[222,251,264],[207,255,261],[206,254,259],[205,253,257],
[228,249,255],[226,248,254],[230,247,253],[225,246,250],[221,244,252],[223,245,251],[229,243,249],[227,242,248],[231,241,247],[269,285,294],
[267,283,288],[265,284,291],[234,270,279],[232,268,277],[233,266,278],[237,273,276],[235,272,274],[236,271,275],[240,246,303],[238,245,301],
[239,244,302],[204,292,294],[203,286,288],[202,289,291],[218,240,243],[215,238,242],[212,239,241],[201,204,292],[200,203,286],[199,202,289],
[198,237,273],[197,236,271],[196,235,272],[195,234,270],[194,232,268],[193,233,266],[204,269,294],[202,265,291],[203,267,288],[218,229,243],
[212,231,241],[215,227,242],[217,218,240],[211,212,239],[214,215,238],[225,240,246],[221,239,244],[223,238,245],[207,228,255],[205,230,253],
[206,226,254],[210,224,262],[208,222,264],[209,220,263],[192,269,270],[191,265,266],[190,267,268],[189,273,292],[188,271,289],[187,272,286],
[186,212,213],[185,218,219],[184,215,216],[183,186,213],[182,184,216],[181,185,219],[189,198,273],[187,196,272],[188,197,271],[180,210,224],
[179,209,220],[178,208,222],[177,207,228],[176,206,226],[175,205,230],[184,215,227],[185,218,229],[186,212,231],[192,204,269],[190,203,267],
[191,202,265],[192,195,270],[191,193,266],[190,194,268],[189,201,292],[188,199,289],[187,200,286],[217,225,240],[214,223,238],[211,221,239],
[174,228,229],[173,226,227],[172,230,231],[171,224,225],[170,220,221],[169,222,223],[168,201,204],[167,199,202],[166,200,203],[165,181,201],
[164,182,199],[163,183,200],[168,181,201],[166,183,200],[167,182,199],[162,189,198],[161,187,196],[160,188,197],[171,217,225],[170,211,221],
[169,214,223],[165,189,201],[163,187,200],[164,188,199],[159,192,195],[158,190,194],[157,191,193],[168,192,204],[167,191,202],[166,190,203],
[173,184,227],[172,186,231],[174,185,229],[174,177,228],[172,175,230],[173,176,226],[171,180,224],[170,179,220],[169,178,222],[165,181,219],
[163,183,213],[164,182,216],[156,217,219],[155,211,213],[154,214,216],[153,181,185],[152,183,186],[151,182,184],[156,165,219],[154,164,216],
[155,163,213],[150,171,180],[149,169,178],[148,170,179],[147,174,177],[146,173,176],[145,172,175],[151,173,184],[153,174,185],[152,172,186],
[156,171,217],[154,169,214],[155,170,211],[153,168,181],[151,167,182],[152,166,183],[159,168,192],[157,167,191],[158,166,190],[162,165,189],
[160,164,188],[161,163,187],[156,162,165],[155,161,163],[154,160,164],[153,159,168],[152,158,166],[151,157,167],[147,153,174],[145,152,172],
[146,151,173],[150,156,171],[148,155,170],[149,154,169],[150,156,162],[149,154,160],[148,155,161],[147,153,159],[146,151,157],[145,152,158],
[144,299,300],[143,295,296],[142,297,298],[141,234,299],[140,233,297],[139,232,295],[138,237,298],[137,236,296],[136,235,300],[135,198,237],
[134,197,236],[133,196,235],[132,195,234],[131,193,233],[130,194,232],[129,162,198],[128,160,197],[127,161,196],[126,159,195],[125,157,193],
[124,158,194],[126,132,195],[124,130,194],[125,131,193],[129,135,198],[127,133,196],[128,134,197],[135,138,237],[133,136,235],[134,137,236],
[132,141,234],[130,139,232],[131,140,233],[136,144,300],[138,142,298],[137,143,296],[141,144,299],[140,142,297],[139,143,295],[129,150,162],
[127,148,161],[128,149,160],[126,147,159],[124,145,158],[125,146,157],[122,123,135],[120,121,133],[118,119,134],[116,117,132],[114,115,130],
[112,113,131],[143,364,365],[144,358,359],[142,361,362],[111,260,261],[110,256,257],[109,258,259],[108,210,256],[107,208,260],[106,209,258],
[105,207,261],[104,205,257],[103,206,259],[102,177,207],[101,175,205],[100,176,206],[99,180,210],[98,178,208],[97,179,209],[96,147,177],
[95,145,175],[94,146,176],[93,150,180],[92,148,179],[91,149,178],[93,99,180],[91,98,178],[92,97,179],[96,102,177],[94,100,176],
[95,101,175],[102,105,207],[100,103,206],[101,104,205],[99,108,210],[97,106,209],[98,107,208],[105,111,261],[103,109,259],[104,110,257],
[108,110,256],[106,109,258],[107,111,260],[116,126,132],[112,125,131],[114,124,130],[96,126,147],[94,125,146],[95,124,145],[93,129,150],
[91,128,149],[92,127,148],[141,144,358],[140,142,361],[139,143,364],[137,143,365],[138,142,362],[136,144,359],[117,132,141],[113,131,140],
[115,130,139],[122,135,138],[118,134,137],[120,133,136],[123,129,135],[119,128,134],[121,127,133],[89,90,102],[87,88,100],[85,86,101],
[83,84,99],[81,82,98],[79,80,97],[111,373,374],[109,367,368],[110,370,371],[107,111,373],[108,110,370],[106,109,367],[105,111,374],
[104,110,371],[103,109,368],[83,99,108],[79,97,106],[81,98,107],[89,102,105],[85,101,104],[87,100,103],[90,96,102],[86,95,101],
[88,94,100],[84,93,99],[80,92,97],[82,91,98],[118,137,365],[120,136,359],[122,138,362],[117,141,358],[115,139,364],[113,140,361],
[93,123,129],[92,121,127],[91,119,128],[96,116,126],[95,114,124],[94,112,125],[78,365,366],[77,359,360],[76,362,363],[75,358,360],
[74,364,366],[73,361,363],[71,72,360],[69,70,363],[67,68,366],[71,77,360],[67,78,366],[69,76,363],[72,75,360],[70,73,363],
[68,74,366],[75,117,358],[73,113,361],[74,115,364],[78,118,365],[76,122,362],[77,120,359],[84,93,123],[82,91,119],[80,92,121],
[90,96,116],[88,94,112],[86,95,114],[81,107,373],[79,106,367],[83,108,370],[89,105,374],[87,103,368],[85,104,371],[66,373,375],
[65,370,372],[64,367,369],[63,374,375],[62,368,369],[61,371,372],[59,60,372],[57,58,369],[55,56,375],[54,122,123],[53,118,119],
[52,120,121],[51,116,117],[50,112,113],[49,114,115],[55,66,375],[57,64,369],[59,65,372],[56,63,375],[60,61,372],[58,62,369],
[54,84,123],[52,80,121],[53,82,119],[63,89,374],[61,85,371],[62,87,368],[66,81,373],[64,79,367],[65,83,370],[51,90,116],
[49,86,114],[50,88,112],[53,78,118],[52,77,120],[54,76,122],[51,75,117],[49,74,115],[50,73,113],[48,67,78],[47,71,77],
[46,69,76],[45,72,75],[44,68,74],[43,70,73],[42,89,90],[41,85,86],[40,87,88],[39,81,82],[38,79,80],[37,83,84],
[39,53,82],[37,54,84],[38,52,80],[42,51,90],[40,50,88],[41,49,86],[39,66,81],[37,65,83],[38,64,79],[42,63,89],
[40,62,87],[41,61,85],[36,57,64],[35,55,66],[34,59,65],[33,56,63],[32,60,61],[31,58,62],[45,51,75],[43,50,73],
[44,49,74],[48,53,78],[46,54,76],[47,52,77],[39,48,53],[38,47,52],[37,46,54],[33,42,63],[32,41,61],[31,40,62],
[35,39,66],[36,38,64],[34,37,65],[42,45,51],[41,44,49],[40,43,50],[35,39,48],[34,37,46],[36,38,47],[33,42,45],
[31,40,43],[32,41,44],[30,71,72],[29,69,70],[28,67,68],[27,45,72],[26,43,70],[25,44,68],[24,48,67],[23,46,69],
[22,47,71],[22,30,71],[24,28,67],[23,29,69],[27,30,72],[25,28,68],[26,29,70],[24,35,48],[23,34,46],[22,36,47],
[27,33,45],[25,32,44],[26,31,43],[20,21,29],[18,19,28],[16,17,30],[15,57,58],[14,55,56],[13,59,60],[12,33,56],
[11,31,58],[10,32,60],[9,34,59],[8,35,55],[7,36,57],[9,13,59],[7,15,57],[8,14,55],[11,15,58],[10,13,60],
[12,14,56],[20,23,29],[18,24,28],[16,22,30],[12,27,33],[11,26,31],[10,25,32],[8,24,35],[7,22,36],[9,23,34],
[17,27,30],[21,26,29],[19,25,28],[5,6,14],[3,4,15],[1,2,13],[5,12,14],[1,10,13],[3,11,15],[2,9,13],
[6,8,14],[4,7,15],[8,18,24],[9,20,23],[7,16,22],[12,17,27],[10,19,25],[11,21,26],[5,12,17],[3,11,21],
[1,10,19],[6,8,18],[4,7,16],[2,9,20],[16,17,378],[18,19,377],[20,21,376],[5,17,378],[3,21,376],[1,19,377],
[6,18,377],[2,20,376],[4,16,378],[5,6,379],[1,2,381],[3,4,380],[5,378,379],[3,376,380],[1,377,381],[6,377,379],
[4,378,380],[2,376,381]];
###############################################################

#SurfaceInfo: 192 Vertices, 1152 Edges, 768 Faces, IsOrientable=true
 #Vertices of faces:
vof3:=[[190,191,192],[189,190,191],[188,191,192],[187,190,192],[184,185,186],[181,182,183],[178,179,180],[175,176,177],[172,173,174],[173,177,182],
[174,179,183],[176,180,181],[171,184,185],[170,184,186],[169,185,186],[166,167,168],[163,164,165],[160,161,162],[161,164,167],[164,166,167],
[160,161,167],[161,163,164],[158,159,166],[156,157,160],[154,155,163],[152,153,167],[150,151,161],[148,149,164],[147,161,163],[146,164,166],
[145,160,167],[142,143,144],[139,140,141],[136,137,138],[134,135,186],[132,133,185],[130,131,184],[129,150,161],[128,152,167],[127,148,164],
[147,151,161],[145,153,167],[146,149,164],[146,158,166],[147,154,163],[145,156,160],[126,144,146],[125,141,147],[124,138,145],[123,131,137],
[122,135,140],[121,133,143],[118,119,120],[115,116,117],[112,113,114],[110,111,148],[108,109,150],[106,107,152],[104,105,110],[102,103,106],
[100,101,108],[99,131,137],[98,133,143],[97,135,140],[96,122,135],[95,121,133],[94,123,131],[93,144,146],[92,141,147],[91,138,145],
[98,134,186],[97,130,184],[99,132,185],[121,142,143],[123,136,137],[122,139,140],[126,146,158],[124,145,156],[125,147,154],[90,147,151],
[89,145,153],[88,146,149],[107,129,161],[109,127,164],[111,128,167],[87,90,140],[86,89,137],[85,88,143],[113,171,184],[119,169,185],
[116,170,186],[84,171,185],[83,169,186],[82,170,184],[82,143,144],[84,140,141],[83,137,138],[81,135,186],[80,131,184],[79,133,185],
[76,77,78],[73,74,75],[72,144,165],[71,138,168],[70,141,162],[68,69,79],[66,67,80],[64,65,81],[76,77,160],[76,78,163],
[77,78,166],[73,74,170],[74,75,169],[73,75,171],[63,83,169],[62,82,170],[61,84,171],[81,116,186],[79,119,185],[80,113,184],
[82,143,184],[83,137,186],[84,140,185],[118,119,169],[112,113,171],[115,116,170],[60,107,129],[59,109,127],[58,111,128],[87,90,151],
[85,88,149],[86,89,153],[57,126,158],[56,125,154],[55,124,156],[54,122,139],[53,123,136],[52,121,142],[51,99,132],[50,97,130],
[49,98,134],[83,91,138],[82,93,144],[84,92,141],[81,96,135],[80,94,131],[79,95,133],[85,98,143],[87,97,140],[86,99,137],
[100,108,150],[104,110,148],[102,106,152],[56,177,182],[55,180,181],[57,174,183],[54,173,182],[53,176,181],[52,179,183],[48,113,142],
[47,119,139],[46,116,136],[45,63,152],[44,62,148],[43,61,150],[42,78,129],[41,77,127],[40,76,128],[39,106,126],[38,110,125],
[37,108,124],[172,176,180],[173,177,178],[174,175,179],[108,167,168],[110,161,162],[106,164,165],[58,66,93],[60,64,91],[59,68,92],
[96,166,168],[95,160,162],[94,163,165],[66,148,149],[68,150,151],[64,152,153],[91,159,166],[93,155,163],[92,157,160],[118,158,159],
[112,156,157],[115,154,155],[78,111,148],[76,109,150],[77,107,152],[43,110,111],[44,106,107],[45,108,109],[47,105,110],[46,101,108],
[48,103,106],[100,101,178],[104,105,175],[102,103,172],[118,120,172],[112,114,178],[115,117,175],[38,119,120],[39,113,114],[37,116,117],
[40,107,161],[41,111,167],[42,109,164],[67,98,186],[65,99,185],[69,97,184],[93,107,146],[91,109,145],[92,111,147],[73,99,131],
[74,97,135],[75,98,133],[95,100,121],[94,104,123],[96,102,122],[66,72,170],[64,71,169],[68,70,171],[87,133,157],[85,131,155],
[86,135,159],[71,99,116],[70,97,119],[72,98,113],[50,99,134],[51,98,130],[49,97,132],[36,50,134],[35,49,132],[34,51,130],
[50,71,99],[51,72,98],[49,70,97],[74,86,135],[75,87,133],[73,85,131],[73,99,134],[75,98,130],[74,97,132],[39,72,113],
[38,70,119],[37,71,116],[100,121,178],[102,122,172],[104,123,175],[41,43,111],[42,45,109],[40,44,107],[118,135,159],[115,131,155],
[112,133,157],[118,158,172],[112,156,178],[115,154,175],[66,72,149],[64,71,153],[68,70,151],[33,55,180],[32,56,177],[31,57,174],
[30,54,173],[29,52,179],[28,53,176],[27,41,77],[26,42,78],[25,40,76],[95,100,160],[96,102,166],[94,104,163],[58,93,107],
[59,92,111],[60,91,109],[42,106,164],[41,108,167],[40,110,161],[120,172,176],[117,175,179],[114,173,178],[38,120,125],[37,117,124],
[39,114,126],[44,78,148],[45,77,152],[43,76,150],[78,111,129],[76,109,128],[77,107,127],[37,45,108],[38,43,110],[39,44,106],
[47,105,139],[48,103,142],[46,101,136],[48,106,165],[46,108,168],[47,110,162],[103,172,180],[101,177,178],[105,174,175],[66,115,170],
[68,112,171],[64,118,169],[68,100,150],[64,102,152],[66,104,148],[69,87,97],[67,85,98],[65,86,99],[43,79,95],[45,81,96],
[44,80,94],[83,91,159],[84,92,157],[82,93,155],[51,99,116],[49,98,113],[50,97,119],[54,139,182],[52,142,183],[53,136,181],
[57,126,183],[55,124,181],[56,125,182],[87,151,157],[86,153,159],[85,149,155],[60,107,146],[58,111,147],[59,109,145],[65,140,185],
[69,143,184],[67,137,186],[48,80,113],[46,81,116],[47,79,119],[45,63,83],[43,61,84],[44,62,82],[72,73,170],[70,75,171],
[71,74,169],[77,91,166],[76,92,160],[78,93,163],[66,80,93],[68,79,92],[64,81,91],[71,96,168],[72,94,165],[70,95,162],
[24,178,179],[23,172,173],[22,175,176],[21,178,180],[20,175,177],[19,172,174],[18,119,139],[17,113,142],[16,116,136],[63,152,158],
[61,150,156],[62,148,154],[41,127,151],[40,128,149],[42,129,153],[15,106,126],[14,108,124],[13,110,125],[12,58,66],[11,59,68],
[10,60,64],[33,126,144],[32,124,138],[31,125,141],[30,142,144],[29,136,138],[28,139,141],[9,134,135],[8,130,131],[7,132,133],
[27,129,150],[25,127,148],[26,128,152],[50,83,130],[49,84,134],[51,82,132],[15,54,122],[14,52,121],[13,53,123],[18,57,158],
[17,55,156],[16,56,154],[58,128,165],[60,129,168],[59,127,162],[62,123,170],[61,121,171],[63,122,169],[6,77,160],[5,78,166],
[4,76,163],[34,74,170],[35,73,171],[36,75,169],[7,72,144],[9,70,141],[8,71,138],[5,144,165],[6,138,168],[4,141,162],
[3,68,69],[2,64,65],[1,66,67],[69,79,134],[65,81,130],[67,80,132],[61,87,162],[62,85,165],[63,86,168],[34,123,170],
[36,122,169],[35,121,171],[59,61,162],[58,62,165],[60,63,168],[5,128,165],[4,127,162],[6,129,168],[15,63,122],[13,62,123],
[14,61,121],[9,79,134],[7,80,132],[8,81,130],[6,29,138],[4,28,141],[5,30,144],[9,31,141],[7,33,144],[8,32,138],
[15,54,126],[13,53,125],[14,52,124],[26,128,149],[27,129,153],[25,127,151],[18,63,158],[16,62,154],[17,61,156],[26,152,158],
[25,148,154],[27,150,156],[18,57,139],[17,55,142],[16,56,136],[33,126,180],[31,125,174],[32,124,177],[7,72,73],[8,71,74],
[9,70,75],[3,69,143],[1,67,137],[2,65,140],[12,58,147],[11,59,145],[10,60,146],[42,153,159],[40,149,155],[41,151,157],
[30,142,173],[28,139,176],[29,136,179],[18,50,119],[17,49,113],[16,51,116],[50,83,159],[51,82,155],[49,84,157],[61,69,87],
[63,65,86],[62,67,85],[3,68,100],[1,66,104],[2,64,102],[12,66,115],[10,64,118],[11,68,112],[21,103,180],[19,105,174],
[20,101,177],[46,86,168],[47,87,162],[48,85,165],[4,43,76],[6,45,77],[5,44,78],[22,120,176],[23,114,173],[24,117,179],
[15,42,106],[13,40,110],[14,41,108],[6,100,160],[4,104,163],[5,102,166],[23,158,172],[22,154,175],[24,156,178],[9,118,135],
[7,112,133],[8,115,131],[20,123,175],[19,122,172],[21,121,178],[69,73,134],[67,74,132],[65,75,130],[34,74,86],[36,75,87],
[35,73,85],[34,83,130],[36,84,134],[35,82,132],[48,80,93],[47,79,92],[46,81,91],[105,139,182],[101,136,181],[103,142,183],
[37,45,83],[38,43,84],[39,44,82],[26,78,93],[25,76,92],[27,77,91],[114,126,183],[120,125,182],[117,124,181],[60,109,128],
[58,107,127],[59,111,129],[40,44,94],[42,45,96],[41,43,95],[39,72,149],[37,71,153],[38,70,151],[50,71,96],[49,70,95],
[51,72,94],[181,182,188],[181,183,187],[182,183,189],[88,114,143],[89,117,137],[90,120,140],[90,105,147],[89,101,145],[88,103,146],
[1,32,56],[2,31,57],[3,33,55],[10,30,54],[11,29,52],[12,28,53],[43,79,90],[44,80,88],[45,81,89],[10,26,42],
[11,27,41],[12,25,40],[2,36,50],[1,34,51],[3,35,49],[10,26,30],[12,25,28],[11,27,29],[1,32,34],[3,33,35],
[2,31,36],[10,42,96],[12,40,94],[11,41,95],[114,183,187],[120,182,189],[117,181,188],[105,182,188],[103,183,189],[101,181,187],
[22,90,120],[23,88,114],[24,89,117],[4,43,90],[6,45,89],[5,44,88],[19,90,105],[20,89,101],[21,88,103],[10,54,118],
[12,53,115],[11,52,112],[3,55,100],[2,57,102],[1,56,104],[2,50,159],[3,49,157],[1,51,155],[12,105,147],[10,103,146],
[11,101,145],[3,114,143],[2,120,140],[1,117,137],[9,79,90],[8,81,89],[7,80,88],[26,48,93],[27,46,91],[25,47,92],
[34,37,83],[35,39,82],[36,38,84],[34,46,86],[35,48,85],[36,47,87],[18,50,96],[16,51,94],[17,49,95],[15,42,159],
[14,41,157],[13,40,155],[7,69,73],[9,65,75],[8,67,74],[56,136,179],[57,139,176],[55,142,173],[23,26,158],[24,27,156],
[22,25,154],[17,61,69],[16,62,67],[18,63,65],[26,39,149],[25,38,151],[27,37,153],[54,126,180],[52,124,177],[53,125,174],
[9,31,118],[8,32,115],[7,33,112],[6,29,100],[5,30,102],[4,28,104],[5,60,128],[6,59,129],[4,58,127],[14,59,61],
[15,60,63],[13,58,62],[20,34,123],[21,35,121],[19,36,122],[179,180,191],[173,174,192],[176,177,190],[54,180,191],[52,177,190],
[53,174,192],[56,179,191],[57,176,190],[55,173,192],[4,13,58],[5,15,60],[6,14,59],[23,26,48],[22,25,47],[24,27,46],
[9,18,65],[7,17,69],[8,16,67],[20,34,37],[19,36,38],[21,35,39],[2,15,159],[1,13,155],[3,14,157],[28,56,104],
[30,57,102],[29,55,100],[31,54,118],[33,52,112],[32,53,115],[9,19,90],[7,21,88],[8,20,89],[4,22,90],[5,23,88],
[6,24,89],[12,105,188],[11,101,187],[10,103,189],[3,114,187],[1,117,188],[2,120,189],[10,18,96],[11,17,95],[12,16,94],
[32,34,46],[31,36,47],[33,35,48],[26,30,39],[27,29,37],[25,28,38],[10,18,189],[12,16,188],[11,17,187],[4,13,22],
[6,14,24],[5,15,23],[1,13,188],[3,14,187],[2,15,189],[19,28,38],[20,29,37],[21,30,39],[9,18,19],[8,16,20],
[7,17,21],[22,31,47],[24,32,46],[23,33,48],[28,56,191],[29,55,192],[30,57,190],[31,54,191],[32,53,192],[33,52,190],
[22,31,191],[23,33,190],[24,32,192],[18,19,189],[17,21,187],[16,20,188],[19,28,191],[21,30,190],[20,29,192],[13,22,188],
[15,23,189],[14,24,187],[22,188,191],[24,187,192],[23,189,190],[19,189,191],[20,188,192],[21,187,190]];
###############################################################

#SurfaceInfo: 387 Vertices, 1161 Edges, 774 Faces, IsOrientable=true
 #Vertices of faces:
vof4:=[[385,386,387],[384,385,386],[383,385,387],[382,386,387],[379,380,381],[376,377,378],[373,374,375],[370,371,372],[367,368,369],[364,365,366],
[361,362,363],[358,359,360],[355,356,357],[352,353,354],[349,350,351],[346,347,348],[345,355,356],[344,361,362],[343,358,359],[340,341,342],
[337,338,339],[334,335,336],[333,345,355],[332,343,358],[331,344,361],[338,345,356],[335,343,359],[341,344,362],[330,352,353],[329,346,347],
[328,349,350],[327,332,343],[326,331,344],[325,333,345],[324,330,352],[323,328,349],[322,329,346],[340,341,344],[334,335,343],[337,338,345],
[321,324,330],[320,322,329],[319,323,328],[327,334,343],[325,337,345],[326,340,344],[318,321,324],[317,320,322],[316,319,323],[315,327,334],
[314,326,340],[313,325,337],[312,334,336],[311,340,342],[310,337,339],[316,317,318],[310,311,312],[311,312,342],[310,311,339],[310,312,336],
[317,318,321],[316,317,320],[316,318,319],[312,315,334],[310,313,337],[311,314,340],[308,309,348],[306,307,354],[304,305,351],[303,353,354],
[302,347,348],[301,350,351],[300,352,354],[299,346,348],[298,349,351],[297,324,352],[296,322,346],[295,323,349],[294,318,324],[293,316,323],
[292,317,322],[293,295,323],[292,296,322],[294,297,324],[291,303,353],[290,301,350],[289,302,347],[297,300,352],[295,298,349],[296,299,346],
[301,304,351],[303,306,354],[302,308,348],[300,307,354],[298,305,351],[299,309,348],[292,317,321],[294,318,319],[293,316,320],[312,315,342],
[311,314,339],[310,313,336],[287,288,296],[285,286,295],[283,284,297],[281,282,363],[279,280,357],[277,278,360],[274,275,276],[271,272,273],
[268,269,270],[267,355,357],[266,361,363],[265,358,360],[264,359,360],[263,356,357],[262,362,363],[269,333,355],[272,331,361],[275,332,358],
[261,335,359],[260,338,356],[259,341,362],[258,330,353],[257,328,350],[256,329,347],[255,341,342],[254,338,339],[253,335,336],[252,321,330],
[251,320,329],[250,319,328],[252,258,330],[250,257,328],[251,256,329],[255,259,341],[253,261,335],[254,260,338],[261,264,359],[259,262,362],
[260,263,356],[267,269,355],[265,275,358],[266,272,361],[249,268,269],[248,274,275],[247,271,272],[275,276,332],[269,270,333],[272,273,331],
[265,277,360],[267,279,357],[266,281,363],[262,282,363],[264,278,360],[263,280,357],[258,291,353],[256,289,347],[257,290,350],[255,315,342],
[253,313,336],[254,314,339],[251,293,320],[250,294,319],[252,292,321],[246,300,307],[245,299,309],[244,298,305],[243,301,304],[242,303,306],
[241,302,308],[283,297,300],[287,296,299],[285,295,298],[286,293,295],[284,294,297],[288,292,296],[239,240,259],[237,238,261],[235,236,260],
[233,234,258],[231,232,257],[229,230,256],[228,327,332],[227,325,333],[226,326,331],[225,315,327],[224,313,325],[223,314,326],[222,291,303],
[221,289,302],[220,290,301],[217,218,219],[214,215,216],[211,212,213],[210,222,291],[209,220,290],[208,221,289],[225,228,327],[223,226,326],
[224,227,325],[233,252,258],[229,251,256],[231,250,257],[221,241,302],[220,243,301],[222,242,303],[225,255,315],[223,254,314],[224,253,313],
[234,258,291],[230,256,289],[232,257,290],[207,262,282],[206,263,280],[205,264,278],[204,266,281],[203,267,279],[202,265,277],[228,276,332],
[226,273,331],[227,270,333],[239,259,262],[235,260,263],[237,261,264],[240,255,259],[236,254,260],[238,253,261],[244,285,298],[246,283,300],
[245,287,299],[251,286,293],[252,288,292],[250,284,294],[249,267,269],[247,266,272],[248,265,275],[200,201,228],[198,199,226],[196,197,227],
[195,246,283],[194,245,287],[193,244,285],[200,228,276],[196,227,270],[198,226,273],[192,220,243],[191,222,242],[190,221,241],[201,225,228],
[197,224,227],[199,223,226],[189,217,218],[188,211,212],[187,214,215],[233,252,288],[231,250,284],[229,251,286],[203,249,267],[202,248,265],
[204,247,266],[207,239,262],[205,237,264],[206,235,263],[225,240,255],[224,238,253],[223,236,254],[210,234,291],[209,232,290],[208,230,289],
[186,287,288],[185,283,284],[184,285,286],[189,274,276],[188,268,270],[187,271,273],[183,210,222],[182,209,220],[181,208,221],[210,218,219],
[209,212,213],[208,215,216],[183,210,218],[181,208,215],[182,209,212],[186,194,287],[184,193,285],[185,195,283],[210,219,234],[208,216,230],
[209,213,232],[180,207,239],[179,206,235],[178,205,237],[177,203,249],[176,204,247],[175,202,248],[186,233,288],[184,229,286],[185,231,284],
[189,217,274],[187,214,271],[188,211,268],[183,191,222],[181,190,221],[182,192,220],[189,200,276],[187,198,273],[188,196,270],[201,225,240],
[199,223,236],[197,224,238],[174,239,240],[173,235,236],[172,237,238],[171,233,234],[170,229,230],[169,231,232],[168,247,271],[167,249,268],
[166,248,274],[165,189,218],[164,187,215],[163,188,212],[162,186,194],[161,185,195],[160,184,193],[174,201,240],[172,197,238],[173,199,236],
[165,189,200],[163,188,196],[164,187,198],[159,183,191],[158,182,192],[157,181,190],[166,217,274],[168,214,271],[167,211,268],[171,186,233],
[169,185,231],[170,184,229],[166,175,248],[168,176,247],[167,177,249],[174,180,239],[172,178,237],[173,179,235],[171,219,234],[169,213,232],
[170,216,230],[165,183,218],[163,182,212],[164,181,215],[156,200,201],[155,196,197],[154,198,199],[153,217,219],[152,211,213],[151,214,216],
[153,171,219],[151,170,216],[152,169,213],[150,174,180],[149,173,179],[148,172,178],[147,166,175],[146,167,177],[145,168,176],[153,166,217],
[152,167,211],[151,168,214],[156,165,200],[154,164,198],[155,163,196],[156,174,201],[154,173,199],[155,172,197],[162,171,186],[160,170,184],
[161,169,185],[159,165,183],[157,164,181],[158,163,182],[153,162,171],[152,161,169],[151,160,170],[156,159,165],[155,158,163],[154,157,164],
[147,153,166],[146,152,167],[145,151,168],[150,156,174],[148,155,172],[149,154,173],[147,153,162],[145,151,160],[146,152,161],[150,156,159],
[149,154,157],[148,155,158],[144,304,305],[143,306,307],[142,308,309],[141,243,304],[140,241,308],[139,242,306],[138,244,305],[137,245,309],
[136,246,307],[135,194,245],[134,193,244],[133,195,246],[132,191,242],[131,190,241],[130,192,243],[129,162,194],[128,160,193],[127,161,195],
[126,159,191],[125,157,190],[124,158,192],[126,132,191],[124,130,192],[125,131,190],[129,135,194],[127,133,195],[128,134,193],[134,138,244],
[133,136,246],[135,137,245],[132,139,242],[130,141,243],[131,140,241],[136,143,307],[137,142,309],[138,144,305],[140,142,308],[139,143,306],
[141,144,304],[129,147,162],[127,146,161],[128,145,160],[126,150,159],[124,148,158],[125,149,157],[122,123,135],[120,121,134],[118,119,133],
[116,117,132],[114,115,130],[112,113,131],[144,364,365],[142,367,368],[143,370,371],[111,281,282],[110,277,278],[109,279,280],[108,204,281],
[107,202,277],[106,203,279],[105,207,282],[104,205,278],[103,206,280],[102,176,204],[101,175,202],[100,177,203],[99,180,207],[98,178,205],
[97,179,206],[96,147,175],[95,145,176],[94,146,177],[93,150,180],[92,148,178],[91,149,179],[93,99,180],[91,97,179],[92,98,178],
[96,101,175],[94,100,177],[95,102,176],[99,105,207],[97,103,206],[98,104,205],[102,108,204],[100,106,203],[101,107,202],[105,111,282],
[103,109,280],[104,110,278],[108,111,281],[106,109,279],[107,110,277],[116,126,132],[112,125,131],[114,124,130],[93,126,150],[91,125,149],
[92,124,148],[96,129,147],[95,128,145],[94,127,146],[139,143,370],[141,144,364],[140,142,367],[136,143,371],[137,142,368],[138,144,365],
[117,132,139],[115,130,141],[113,131,140],[122,135,137],[118,133,136],[120,134,138],[123,129,135],[119,127,133],[121,128,134],[89,90,99],
[87,88,97],[85,86,98],[83,84,101],[81,82,100],[79,80,102],[111,379,380],[109,373,374],[110,376,377],[108,111,379],[107,110,376],
[106,109,373],[105,111,380],[104,110,377],[103,109,374],[83,101,107],[79,102,108],[81,100,106],[89,99,105],[85,98,104],[87,97,103],
[84,96,101],[80,95,102],[82,94,100],[90,93,99],[86,92,98],[88,91,97],[118,136,371],[120,138,365],[122,137,368],[117,139,370],
[113,140,367],[115,141,364],[96,123,129],[95,121,128],[94,119,127],[93,116,126],[92,114,124],[91,112,125],[78,371,372],[77,365,366],
[76,368,369],[75,370,372],[74,364,366],[73,367,369],[71,72,372],[69,70,366],[67,68,369],[71,78,372],[69,77,366],[67,76,369],
[72,75,372],[68,73,369],[70,74,366],[75,117,370],[74,115,364],[73,113,367],[78,118,371],[76,122,368],[77,120,365],[90,93,116],
[88,91,112],[86,92,114],[84,96,123],[82,94,119],[80,95,121],[79,108,379],[81,106,373],[83,107,376],[89,105,380],[87,103,374],
[85,104,377],[66,379,381],[65,376,378],[64,373,375],[63,380,381],[62,374,375],[61,377,378],[59,60,378],[57,58,375],[55,56,381],
[54,122,123],[53,118,119],[52,120,121],[51,116,117],[50,112,113],[49,114,115],[55,66,381],[57,64,375],[59,65,378],[56,63,381],
[60,61,378],[58,62,375],[51,90,116],[49,86,114],[50,88,112],[63,89,380],[61,85,377],[62,87,374],[66,79,379],[64,81,373],
[65,83,376],[54,84,123],[52,80,121],[53,82,119],[52,77,120],[53,78,118],[54,76,122],[51,75,117],[50,73,113],[49,74,115],
[48,69,77],[47,71,78],[46,67,76],[45,72,75],[44,70,74],[43,68,73],[42,89,90],[41,85,86],[40,87,88],[39,79,80],
[38,81,82],[37,83,84],[42,51,90],[40,50,88],[41,49,86],[39,52,80],[37,54,84],[38,53,82],[39,66,79],[37,65,83],
[38,64,81],[42,63,89],[40,62,87],[41,61,85],[36,57,64],[35,55,66],[34,59,65],[33,56,63],[32,60,61],[31,58,62],
[45,51,75],[43,50,73],[44,49,74],[48,52,77],[46,54,76],[47,53,78],[42,45,51],[41,44,49],[40,43,50],[33,42,63],
[32,41,61],[31,40,62],[35,39,66],[36,38,64],[34,37,65],[39,48,52],[38,47,53],[37,46,54],[35,39,48],[34,37,46],
[36,38,47],[33,42,45],[31,40,43],[32,41,44],[30,71,72],[29,67,68],[28,69,70],[27,45,72],[26,43,68],[25,44,70],
[24,48,69],[23,46,67],[22,47,71],[22,30,71],[24,28,69],[23,29,67],[27,30,72],[25,28,70],[26,29,68],[24,35,48],
[23,34,46],[22,36,47],[27,33,45],[25,32,44],[26,31,43],[20,21,29],[18,19,28],[16,17,30],[15,57,58],[14,55,56],
[13,59,60],[12,33,56],[11,31,58],[10,32,60],[9,34,59],[8,35,55],[7,36,57],[9,13,59],[7,15,57],[8,14,55],
[11,15,58],[10,13,60],[12,14,56],[20,23,29],[18,24,28],[16,22,30],[12,27,33],[11,26,31],[10,25,32],[8,24,35],
[7,22,36],[9,23,34],[17,27,30],[21,26,29],[19,25,28],[5,6,14],[3,4,15],[1,2,13],[5,12,14],[1,10,13],
[3,11,15],[2,9,13],[6,8,14],[4,7,15],[8,18,24],[9,20,23],[7,16,22],[12,17,27],[10,19,25],[11,21,26],
[5,12,17],[3,11,21],[1,10,19],[6,8,18],[4,7,16],[2,9,20],[16,17,384],[18,19,383],[20,21,382],[5,17,384],
[3,21,382],[1,19,383],[6,18,383],[2,20,382],[4,16,384],[5,6,385],[1,2,387],[3,4,386],[5,384,385],[3,382,386],
[1,383,387],[6,383,385],[4,384,386],[2,382,387]];
###############################################################

#SurfaceInfo: 388 Vertices, 1164 Edges, 776 Faces, IsOrientable=true
 #Vertices of faces:
vof5:=[[386,387,388],[385,386,387],[384,386,388],[383,387,388],[380,381,382],[377,378,379],[374,375,376],[371,372,373],[368,369,370],[365,366,367],
[362,363,364],[359,360,361],[356,357,358],[353,354,355],[350,351,352],[347,348,349],[344,345,346],[342,343,351],[340,341,348],[338,339,345],
[336,337,348],[334,335,345],[332,333,351],[329,330,331],[327,328,330],[325,326,330],[325,329,330],[327,330,331],[326,328,330],[336,340,348],
[332,342,351],[334,338,345],[324,327,331],[323,326,328],[322,325,329],[321,332,333],[320,336,337],[319,334,335],[343,350,351],[339,344,345],
[341,347,348],[333,351,352],[335,345,346],[337,348,349],[317,318,354],[315,316,360],[313,314,357],[311,312,353],[309,310,359],[307,308,356],
[305,306,322],[303,304,323],[301,302,324],[298,299,300],[295,296,297],[292,293,294],[290,291,321],[288,289,319],[286,287,320],[285,362,363],
[284,362,364],[283,363,364],[282,359,360],[281,353,354],[280,356,357],[279,360,361],[278,354,355],[277,357,358],[276,359,361],[275,353,355],
[274,356,358],[299,342,343],[296,340,341],[293,338,339],[272,273,363],[270,271,364],[268,269,362],[267,306,361],[266,304,355],[265,302,358],
[264,273,299],[263,269,296],[262,271,293],[261,290,321],[260,288,319],[259,286,320],[266,303,304],[267,305,306],[265,301,302],[273,298,299],
[271,292,293],[269,295,296],[264,272,273],[262,270,271],[263,268,269],[299,300,343],[293,294,339],[296,297,341],[264,299,342],[262,293,338],
[263,296,340],[281,317,354],[280,313,357],[282,315,360],[281,311,353],[280,307,356],[282,309,359],[279,316,360],[277,314,357],[278,318,354],
[274,308,356],[275,312,353],[276,310,359],[267,279,361],[265,277,358],[266,278,355],[276,306,361],[274,302,358],[275,304,355],[273,283,363],
[269,285,362],[271,284,364],[272,285,363],[270,283,364],[268,284,362],[258,333,352],[257,337,349],[256,335,346],[255,343,350],[254,339,344],
[253,341,347],[291,321,333],[287,320,337],[289,319,335],[305,322,325],[301,324,331],[303,323,328],[251,252,266],[249,250,267],[247,248,265],
[245,246,272],[243,244,270],[241,242,268],[239,240,308],[237,238,312],[235,236,310],[233,234,307],[231,232,311],[229,230,309],[228,311,312],
[227,307,308],[226,309,310],[225,302,324],[224,306,322],[223,304,323],[222,320,336],[221,319,334],[220,321,332],[219,324,327],[218,323,326],
[217,322,329],[216,336,340],[215,334,338],[214,332,342],[213,327,328],[212,325,326],[211,329,331],[213,219,327],[211,217,329],[212,218,326],
[216,222,336],[214,220,332],[215,221,334],[219,225,324],[218,223,323],[217,224,322],[227,239,308],[226,235,310],[228,237,312],[226,229,309],
[227,233,307],[228,231,311],[210,282,315],[209,281,317],[208,280,313],[232,281,311],[230,282,309],[234,280,307],[213,303,328],[211,301,331],
[212,305,325],[241,268,284],[245,272,285],[243,270,283],[207,278,318],[206,279,316],[205,277,314],[240,274,308],[238,275,312],[236,276,310],
[225,274,302],[223,275,304],[224,276,306],[251,266,278],[247,265,277],[249,267,279],[214,264,342],[216,263,340],[215,262,338],[246,264,272],
[242,263,268],[244,262,270],[252,266,303],[248,265,301],[250,267,305],[220,261,321],[222,259,320],[221,260,319],[258,291,333],[256,289,335],
[257,287,337],[255,300,343],[254,294,339],[253,297,341],[273,283,298],[271,284,292],[269,285,295],[203,204,219],[201,202,217],[199,200,218],
[197,198,222],[195,196,220],[193,194,221],[226,260,288],[227,261,290],[228,259,286],[192,255,300],[191,253,297],[190,254,294],[189,258,291],
[188,257,287],[187,256,289],[195,220,261],[193,221,260],[197,222,259],[226,235,288],[228,237,286],[227,239,290],[226,229,260],[228,231,259],
[227,233,261],[203,219,225],[201,217,224],[199,218,223],[196,214,220],[194,215,221],[198,216,222],[204,213,219],[200,212,218],[202,211,217],
[214,246,264],[215,244,262],[216,242,263],[225,240,274],[224,236,276],[223,238,275],[205,247,277],[207,251,278],[206,249,279],[243,283,298],
[245,285,295],[241,284,292],[213,252,303],[212,250,305],[211,248,301],[209,232,281],[210,230,282],[208,234,280],[186,295,297],[185,292,294],
[184,298,300],[183,290,291],[182,286,287],[181,288,289],[184,192,300],[185,190,294],[186,191,297],[180,209,232],[179,208,234],[178,210,230],
[186,245,295],[185,241,292],[184,243,298],[177,205,247],[176,206,249],[175,207,251],[183,239,290],[181,235,288],[182,237,286],[183,189,291],
[181,187,289],[182,188,287],[204,213,252],[202,211,248],[200,212,250],[196,214,246],[198,216,242],[194,215,244],[203,225,240],[199,223,238],
[201,224,236],[195,233,261],[197,231,259],[193,229,260],[174,251,252],[173,247,248],[172,249,250],[171,245,246],[170,241,242],[169,243,244],
[168,239,240],[167,235,236],[166,237,238],[165,233,234],[164,229,230],[163,231,232],[162,185,190],[161,186,191],[160,184,192],[165,195,233],
[163,197,231],[164,193,229],[168,203,240],[166,199,238],[167,201,236],[171,196,246],[169,194,244],[170,198,242],[174,204,252],[172,200,250],
[173,202,248],[159,183,189],[158,182,188],[157,181,187],[168,183,239],[166,182,237],[167,181,235],[174,175,251],[172,176,249],[173,177,247],
[171,186,245],[169,184,243],[170,185,241],[164,178,230],[163,180,232],[165,179,234],[156,203,204],[155,199,200],[154,201,202],[153,197,198],
[152,193,194],[151,195,196],[150,165,179],[149,163,180],[148,164,178],[147,174,175],[146,173,177],[145,172,176],[156,174,204],[154,173,202],
[155,172,200],[151,171,196],[153,170,198],[152,169,194],[156,168,203],[154,167,201],[155,166,199],[152,164,193],[151,165,195],[153,163,197],
[161,171,186],[162,170,185],[160,169,184],[159,168,183],[157,167,181],[158,166,182],[148,152,164],[150,151,165],[149,153,163],[156,159,168],
[155,158,166],[154,157,167],[151,161,171],[152,160,169],[153,162,170],[147,156,174],[145,155,172],[146,154,173],[149,153,162],[148,152,160],
[150,151,161],[147,156,159],[146,154,157],[145,155,158],[144,350,352],[143,347,349],[142,344,346],[141,255,350],[140,253,347],[139,254,344],
[138,258,352],[137,256,346],[136,257,349],[135,190,254],[134,192,255],[133,191,253],[132,189,258],[131,187,256],[130,188,257],[129,162,190],
[128,160,192],[127,161,191],[126,159,189],[125,157,187],[124,158,188],[126,132,189],[124,130,188],[125,131,187],[128,134,192],[127,133,191],
[129,135,190],[132,138,258],[130,136,257],[131,137,256],[133,140,253],[135,139,254],[134,141,255],[138,144,352],[136,143,349],[137,142,346],
[141,144,350],[139,142,344],[140,143,347],[129,149,162],[127,150,161],[128,148,160],[126,147,159],[124,145,158],[125,146,157],[122,123,132],
[120,121,130],[118,119,131],[116,117,133],[114,115,134],[112,113,135],[111,317,318],[110,315,316],[109,313,314],[144,371,372],[142,365,366],
[143,368,369],[108,210,315],[107,208,313],[106,209,317],[105,207,318],[104,206,316],[103,205,314],[102,175,207],[101,176,206],[100,177,205],
[99,178,210],[98,179,208],[97,180,209],[96,150,179],[95,148,178],[94,149,180],[93,147,175],[92,145,176],[91,146,177],[94,97,180],
[96,98,179],[95,99,178],[93,102,175],[91,100,177],[92,101,176],[102,105,207],[100,103,205],[101,104,206],[99,108,210],[97,106,209],
[98,107,208],[105,111,318],[103,109,314],[104,110,316],[107,109,313],[106,111,317],[108,110,315],[122,126,132],[118,125,131],[120,124,130],
[93,126,147],[91,125,146],[92,124,145],[95,128,148],[94,129,149],[96,127,150],[141,144,371],[140,143,368],[139,142,365],[138,144,372],
[137,142,366],[136,143,369],[114,134,141],[112,135,139],[116,133,140],[123,132,138],[119,131,137],[121,130,136],[115,128,134],[113,129,135],
[117,127,133],[89,90,102],[87,88,100],[85,86,101],[83,84,97],[81,82,99],[79,80,98],[111,380,381],[109,374,375],[110,377,378],
[106,111,380],[108,110,377],[107,109,374],[105,111,381],[104,110,378],[103,109,375],[83,97,106],[79,98,107],[81,99,108],[89,102,105],
[85,101,104],[87,100,103],[90,93,102],[86,92,101],[88,91,100],[84,94,97],[80,96,98],[82,95,99],[123,138,372],[121,136,369],
[119,137,366],[114,141,371],[112,139,365],[116,140,368],[94,113,129],[96,117,127],[95,115,128],[93,122,126],[92,120,124],[91,118,125],
[77,78,373],[75,76,370],[73,74,367],[72,372,373],[71,369,370],[70,366,367],[69,371,373],[68,365,367],[67,368,370],[72,77,373],
[70,73,367],[71,75,370],[68,74,367],[67,76,370],[69,78,373],[69,114,371],[67,116,368],[68,112,365],[72,123,372],[70,119,366],
[71,121,369],[84,94,113],[82,95,115],[80,96,117],[90,93,122],[88,91,118],[86,92,120],[79,107,374],[81,108,377],[83,106,380],
[89,105,381],[87,103,375],[85,104,378],[65,66,379],[63,64,376],[61,62,382],[60,122,123],[59,118,119],[58,120,121],[57,114,115],
[56,112,113],[55,116,117],[54,380,382],[53,377,379],[52,374,376],[51,381,382],[50,375,376],[49,378,379],[53,65,379],[54,61,382],
[52,63,376],[51,62,382],[49,66,379],[50,64,376],[56,84,113],[55,80,117],[57,82,115],[51,89,381],[49,85,378],[50,87,375],
[54,83,380],[52,79,374],[53,81,377],[60,90,122],[58,86,120],[59,88,118],[60,72,123],[58,71,121],[59,70,119],[57,69,114],
[55,67,116],[56,68,112],[48,72,77],[47,71,75],[46,70,73],[45,69,78],[44,67,76],[43,68,74],[42,89,90],[41,85,86],
[40,87,88],[39,83,84],[38,79,80],[37,81,82],[37,57,82],[39,56,84],[38,55,80],[42,60,90],[40,59,88],[41,58,86],
[39,54,83],[37,53,81],[38,52,79],[42,51,89],[40,50,87],[41,49,85],[36,54,61],[35,52,63],[34,53,65],[33,51,62],
[32,50,64],[31,49,66],[45,57,69],[43,56,68],[44,55,67],[48,60,72],[46,59,70],[47,58,71],[37,45,57],[38,44,55],
[39,43,56],[33,42,51],[31,41,49],[32,40,50],[34,37,53],[35,38,52],[36,39,54],[42,48,60],[41,47,58],[40,46,59],
[34,37,45],[36,39,43],[35,38,44],[33,42,48],[32,40,46],[31,41,47],[30,75,76],[29,73,74],[28,77,78],[27,45,78],
[26,43,74],[25,44,76],[24,48,77],[23,46,73],[22,47,75],[22,30,75],[24,28,77],[23,29,73],[27,28,78],[25,30,76],
[26,29,74],[27,34,45],[25,35,44],[26,36,43],[24,33,48],[22,31,47],[23,32,46],[20,21,30],[18,19,28],[16,17,29],
[15,61,62],[14,63,64],[13,65,66],[12,33,62],[11,31,66],[10,32,64],[9,34,65],[8,35,63],[7,36,61],[7,15,61],
[9,13,65],[8,14,63],[11,13,66],[10,14,64],[12,15,62],[18,24,28],[16,23,29],[20,22,30],[12,24,33],[10,23,32],
[11,22,31],[9,27,34],[7,26,36],[8,25,35],[19,27,28],[17,26,29],[21,25,30],[5,6,15],[3,4,13],[1,2,14],
[5,12,15],[3,11,13],[1,10,14],[6,7,15],[2,8,14],[4,9,13],[9,19,27],[8,21,25],[7,17,26],[12,18,24],
[11,20,22],[10,16,23],[5,12,18],[1,10,16],[3,11,20],[6,7,17],[4,9,19],[2,8,21],[18,19,385],[16,17,384],
[20,21,383],[5,18,385],[3,20,383],[1,16,384],[6,17,384],[2,21,383],[4,19,385],[5,6,386],[1,2,388],[3,4,387],
[5,385,386],[3,383,387],[1,384,388],[6,384,386],[4,385,387],[2,383,388]];
###############################################################

#SurfaceInfo: 397 Vertices, 1191 Edges, 794 Faces, IsOrientable=true
 #Vertices of faces:
vof6:=[[395,396,397],[394,395,396],[393,395,397],[392,396,397],[389,390,391],[386,387,388],[383,384,385],[380,381,382],[377,378,379],[374,375,376],
[371,372,373],[368,369,370],[365,366,367],[362,363,364],[359,360,361],[356,357,358],[360,371,372],[357,365,366],[363,368,369],[362,363,368],
[359,360,371],[356,357,365],[355,356,365],[354,362,368],[353,359,371],[352,365,367],[351,368,370],[350,371,373],[347,348,349],[344,345,346],
[341,342,343],[348,350,373],[345,351,370],[342,352,367],[350,353,371],[352,355,365],[351,354,368],[340,350,353],[339,352,355],[338,351,354],
[347,348,350],[341,342,352],[344,345,351],[340,347,350],[338,344,351],[339,341,352],[337,340,347],[336,339,341],[335,338,344],[333,334,349],
[331,332,343],[329,330,346],[328,372,373],[327,366,367],[326,369,370],[325,347,349],[324,341,343],[323,344,346],[322,348,349],[321,342,343],
[320,345,346],[319,348,373],[318,342,367],[317,345,370],[319,322,348],[318,321,342],[317,320,345],[316,328,372],[315,326,369],[314,327,366],
[319,328,373],[317,326,370],[318,327,367],[325,333,349],[323,329,346],[324,331,343],[321,332,343],[320,330,346],[322,334,349],[325,337,347],
[323,335,344],[324,336,341],[312,313,319],[310,311,318],[308,309,317],[306,307,364],[304,305,358],[302,303,361],[300,301,337],[298,299,336],
[296,297,335],[295,360,361],[294,363,364],[293,357,358],[292,362,364],[291,359,361],[290,356,358],[289,360,372],[288,363,369],[287,357,366],
[286,354,362],[285,353,359],[284,355,356],[283,340,353],[282,339,355],[281,338,354],[280,335,338],[279,336,339],[278,337,340],[278,283,340],
[280,281,338],[279,282,339],[283,285,353],[282,284,355],[281,286,354],[286,292,362],[284,290,356],[285,291,359],[289,295,360],[287,293,357],
[288,294,363],[278,300,337],[280,296,335],[279,298,336],[294,306,364],[295,302,361],[293,304,358],[292,307,364],[291,303,361],[290,305,358],
[289,316,372],[287,314,366],[288,315,369],[301,325,337],[299,324,336],[297,323,335],[277,322,334],[276,320,330],[275,321,332],[274,325,333],
[273,324,331],[272,323,329],[312,319,328],[310,318,327],[308,317,326],[313,319,322],[309,317,320],[311,318,321],[270,271,286],[268,269,284],
[266,267,285],[264,265,289],[262,263,287],[260,261,288],[257,258,259],[254,255,256],[251,252,253],[248,249,250],[245,246,247],[242,243,244],
[241,316,328],[240,314,327],[239,315,326],[236,237,238],[234,235,278],[232,233,280],[230,231,279],[229,237,249],[228,238,246],[227,236,243],
[226,235,249],[225,233,243],[224,231,246],[221,222,223],[219,220,222],[217,218,222],[216,220,255],[215,221,252],[214,217,258],[213,241,258],
[212,240,252],[211,239,255],[225,227,243],[224,228,246],[226,229,249],[227,236,237],[228,236,238],[229,237,238],[226,234,235],[224,230,231],
[225,232,233],[219,221,222],[217,222,223],[218,220,222],[215,221,223],[214,217,218],[216,219,220],[213,214,258],[211,216,255],[212,215,252],
[213,241,316],[211,239,315],[212,240,314],[237,248,249],[236,242,243],[238,245,246],[235,249,250],[231,246,247],[233,243,244],[217,257,258],
[221,251,252],[220,254,255],[241,258,259],[239,255,256],[240,252,253],[234,278,283],[232,280,281],[230,279,282],[241,312,328],[239,308,326],
[240,310,327],[264,289,316],[260,288,315],[262,287,314],[210,292,307],[209,291,303],[208,290,305],[207,294,306],[206,293,304],[205,295,302],
[235,278,300],[231,279,298],[233,280,296],[265,289,295],[261,288,294],[263,287,293],[270,286,292],[266,285,291],[268,284,290],[267,283,285],
[271,281,286],[269,282,284],[277,313,322],[275,311,321],[276,309,320],[274,301,325],[272,297,323],[273,299,324],[203,204,215],[201,202,216],
[199,200,214],[197,198,225],[195,196,224],[193,194,226],[192,274,301],[191,273,299],[190,272,297],[189,276,309],[188,275,311],[187,277,313],
[193,226,234],[197,225,232],[195,224,230],[194,226,229],[198,225,227],[196,224,228],[201,216,219],[199,214,218],[203,215,223],[200,213,214],
[204,212,215],[202,211,216],[205,265,295],[207,261,294],[206,263,293],[210,270,292],[208,268,290],[209,266,291],[234,267,283],[230,269,282],
[232,271,281],[241,259,312],[240,253,310],[239,256,308],[227,237,248],[229,238,245],[228,236,242],[235,250,300],[233,244,296],[231,247,298],
[219,221,251],[218,220,254],[217,223,257],[213,264,316],[212,262,314],[211,260,315],[186,310,311],[185,308,309],[184,312,313],[183,300,301],
[182,298,299],[181,296,297],[180,207,261],[179,206,263],[178,205,265],[183,250,300],[181,244,296],[182,247,298],[184,259,312],[185,256,308],
[186,253,310],[177,210,270],[176,209,266],[175,208,268],[185,189,309],[184,187,313],[186,188,311],[183,192,301],[181,190,297],[182,191,299],
[200,213,264],[202,211,260],[204,212,262],[201,219,251],[203,223,257],[199,218,254],[196,228,242],[198,227,248],[194,229,245],[193,234,267],
[195,230,269],[197,232,271],[174,268,269],[173,270,271],[172,266,267],[171,260,261],[170,264,265],[169,262,263],[168,257,259],[167,254,256],
[166,251,253],[165,248,250],[164,242,244],[163,245,247],[169,179,263],[171,180,261],[170,178,265],[173,197,271],[172,193,267],[174,195,269],
[165,198,248],[163,194,245],[164,196,242],[168,203,257],[167,199,254],[166,201,251],[169,204,262],[170,200,264],[171,202,260],[162,183,192],
[161,182,191],[160,181,190],[159,184,187],[158,186,188],[157,185,189],[173,177,270],[174,175,268],[172,176,266],[168,184,259],[166,186,253],
[167,185,256],[165,183,250],[163,182,247],[164,181,244],[156,203,204],[155,199,200],[154,201,202],[153,197,198],[152,193,194],[151,195,196],
[150,169,179],[149,171,180],[148,170,178],[147,173,177],[146,174,175],[145,172,176],[156,169,204],[154,171,202],[155,170,200],[156,168,203],
[154,166,201],[155,167,199],[153,165,198],[151,164,196],[152,163,194],[153,173,197],[151,174,195],[152,172,193],[159,168,184],[157,167,185],
[158,166,186],[162,165,183],[160,164,181],[161,163,182],[153,162,165],[152,161,163],[151,160,164],[156,159,168],[155,157,167],[154,158,166],
[150,156,169],[148,155,170],[149,154,171],[147,153,173],[145,152,172],[146,151,174],[147,153,162],[146,151,160],[145,152,161],[150,156,159],
[149,154,158],[148,155,157],[144,333,334],[143,329,330],[142,331,332],[141,274,333],[140,272,329],[139,273,331],[138,275,332],[137,277,334],
[136,276,330],[135,187,277],[134,189,276],[133,188,275],[132,192,274],[131,190,272],[130,191,273],[129,159,187],[128,158,188],[127,157,189],
[126,162,192],[125,160,190],[124,161,191],[126,132,192],[124,130,191],[125,131,190],[129,135,187],[128,133,188],[127,134,189],[134,136,276],
[133,138,275],[135,137,277],[132,141,274],[130,139,273],[131,140,272],[138,142,332],[136,143,330],[137,144,334],[141,144,333],[139,142,331],
[140,143,329],[126,147,162],[124,145,161],[125,146,160],[129,150,159],[127,148,157],[128,149,158],[122,123,135],[120,121,134],[118,119,133],
[116,117,132],[114,115,130],[112,113,131],[142,374,375],[144,380,381],[143,377,378],[111,306,307],[110,302,303],[109,304,305],[108,207,306],
[107,205,302],[106,206,304],[105,210,307],[104,209,303],[103,208,305],[102,180,207],[101,178,205],[100,179,206],[99,177,210],[98,175,208],
[97,176,209],[96,150,179],[95,148,178],[94,149,180],[93,147,177],[92,145,176],[91,146,175],[93,99,177],[92,97,176],[91,98,175],
[96,100,179],[94,102,180],[95,101,178],[99,105,210],[97,104,209],[98,103,208],[102,108,207],[100,106,206],[101,107,205],[105,111,307],
[103,109,305],[104,110,303],[108,111,306],[106,109,304],[107,110,302],[116,126,132],[112,125,131],[114,124,130],[96,129,150],[94,128,149],
[95,127,148],[93,126,147],[91,125,146],[92,124,145],[141,144,380],[140,143,377],[139,142,374],[136,143,378],[137,144,381],[138,142,375],
[117,132,141],[113,131,140],[115,130,139],[122,135,137],[118,133,138],[120,134,136],[123,129,135],[119,128,133],[121,127,134],[89,90,99],
[87,88,98],[85,86,97],[83,84,102],[81,82,101],[79,80,100],[111,389,390],[109,383,384],[110,386,387],[108,111,389],[107,110,386],
[106,109,383],[105,111,390],[104,110,387],[103,109,384],[83,102,108],[79,100,106],[81,101,107],[89,99,105],[85,97,104],[87,98,103],
[80,96,100],[82,95,101],[84,94,102],[90,93,99],[86,92,97],[88,91,98],[120,136,378],[118,138,375],[122,137,381],[117,141,380],
[115,139,374],[113,140,377],[93,116,126],[92,114,124],[91,112,125],[96,123,129],[95,121,127],[94,119,128],[77,78,382],[75,76,376],
[73,74,379],[72,378,379],[71,375,376],[70,381,382],[69,380,382],[68,374,376],[67,377,379],[71,75,376],[72,73,379],[70,77,382],
[69,78,382],[67,74,379],[68,76,376],[69,117,380],[67,113,377],[68,115,374],[72,120,378],[70,122,381],[71,118,375],[90,93,116],
[88,91,112],[86,92,114],[80,96,123],[84,94,119],[82,95,121],[83,108,389],[79,106,383],[81,107,386],[89,105,390],[87,103,384],
[85,104,387],[66,389,391],[65,383,385],[64,386,388],[63,390,391],[62,384,385],[61,387,388],[59,60,385],[57,58,391],[55,56,388],
[54,122,123],[53,118,119],[52,120,121],[51,116,117],[50,112,113],[49,114,115],[55,64,388],[57,66,391],[59,65,385],[58,63,391],
[56,61,388],[60,62,385],[51,90,116],[49,86,114],[50,88,112],[63,89,390],[61,85,387],[62,87,384],[66,83,389],[65,79,383],
[64,81,386],[54,80,123],[52,82,121],[53,84,119],[53,71,118],[54,70,122],[52,72,120],[51,69,117],[49,68,115],[50,67,113],
[48,71,75],[47,70,77],[46,72,73],[45,69,78],[44,68,76],[43,67,74],[42,89,90],[41,85,86],[40,87,88],[39,83,84],
[38,79,80],[37,81,82],[42,51,90],[40,50,88],[41,49,86],[39,53,84],[37,52,82],[38,54,80],[39,66,83],[37,64,81],
[38,65,79],[42,63,89],[40,62,87],[41,61,85],[36,55,64],[35,57,66],[34,59,65],[33,58,63],[32,60,62],[31,56,61],
[45,51,69],[43,50,67],[44,49,68],[48,53,71],[46,52,72],[47,54,70],[42,45,51],[41,44,49],[40,43,50],[33,42,63],
[31,41,61],[32,40,62],[35,39,66],[34,38,65],[36,37,64],[39,48,53],[38,47,54],[37,46,52],[35,39,48],[36,37,46],
[34,38,47],[33,42,45],[32,40,43],[31,41,44],[30,73,74],[29,75,76],[28,77,78],[27,45,78],[26,43,74],[25,44,76],
[24,48,75],[23,46,73],[22,47,77],[22,28,77],[24,29,75],[23,30,73],[26,30,74],[27,28,78],[25,29,76],[24,35,48],
[22,34,47],[23,36,46],[27,33,45],[25,31,44],[26,32,43],[20,21,30],[18,19,28],[16,17,29],[15,59,60],[14,55,56],
[13,57,58],[12,33,58],[11,31,56],[10,32,60],[9,34,59],[8,35,57],[7,36,55],[9,15,59],[7,14,55],[8,13,57],
[10,15,60],[12,13,58],[11,14,56],[16,24,29],[20,23,30],[18,22,28],[12,27,33],[10,26,32],[11,25,31],[8,24,35],
[7,23,36],[9,22,34],[19,27,28],[21,26,30],[17,25,29],[5,6,13],[3,4,15],[1,2,14],[5,12,13],[1,11,14],
[3,10,15],[4,9,15],[6,8,13],[2,7,14],[8,16,24],[9,18,22],[7,20,23],[12,19,27],[11,17,25],[10,21,26],
[5,12,19],[3,10,21],[1,11,17],[6,8,16],[4,9,18],[2,7,20],[18,19,394],[16,17,393],[20,21,392],[5,19,394],
[3,21,392],[1,17,393],[6,16,393],[2,20,392],[4,18,394],[5,6,395],[1,2,397],[3,4,396],[5,394,395],[3,392,396],
[1,393,397],[6,393,395],[4,394,396],[2,392,397]];
###############################################################

#SurfaceInfo: 399 Vertices, 1197 Edges, 798 Faces, IsOrientable=true
 #Vertices of faces:
vof7:=[[397,398,399],[396,397,398],[395,397,399],[394,398,399],[391,392,393],[388,389,390],[385,386,387],[382,383,384],[379,380,381],[376,377,378],
[373,374,375],[370,371,372],[367,368,369],[364,365,366],[361,362,363],[358,359,360],[355,356,357],[352,353,354],[359,367,368],[353,361,362],
[356,364,365],[351,368,369],[350,362,363],[349,365,366],[346,347,348],[343,344,345],[340,341,342],[344,351,369],[347,349,366],[341,350,363],
[358,359,367],[352,353,361],[355,356,364],[339,358,367],[338,355,364],[337,352,361],[343,344,351],[340,341,350],[346,347,349],[335,336,342],
[333,334,348],[331,332,345],[330,367,369],[329,361,363],[328,364,366],[327,340,342],[326,346,348],[325,343,345],[324,344,345],[323,341,342],
[322,347,348],[321,344,369],[320,341,363],[319,347,366],[317,318,343],[315,316,340],[313,314,346],[312,317,318],[311,313,314],[310,315,316],
[313,326,346],[317,325,343],[315,327,340],[321,324,344],[319,322,347],[320,323,341],[319,328,366],[321,330,369],[320,329,363],[327,335,342],
[325,331,345],[326,333,348],[324,332,345],[322,334,348],[323,336,342],[330,339,367],[329,337,361],[328,338,364],[318,343,351],[314,346,349],
[316,340,350],[308,309,313],[306,307,315],[304,305,317],[302,303,319],[300,301,320],[298,299,321],[296,297,360],[294,295,354],[292,293,357],
[290,291,339],[288,289,337],[286,287,338],[285,359,368],[284,356,365],[283,353,362],[282,351,368],[281,349,365],[280,350,362],[279,359,360],
[278,353,354],[277,356,357],[276,358,360],[275,352,354],[274,355,357],[273,339,358],[272,337,352],[271,338,355],[273,276,358],[271,274,355],
[272,275,352],[279,285,359],[277,284,356],[278,283,353],[282,285,368],[280,283,362],[281,284,365],[273,290,339],[271,286,338],[272,288,337],
[279,296,360],[277,292,357],[278,294,354],[276,297,360],[274,293,357],[275,295,354],[304,317,325],[306,315,327],[308,313,326],[282,318,351],
[280,316,350],[281,314,349],[291,330,339],[287,328,338],[289,329,337],[270,324,332],[269,323,336],[268,322,334],[267,325,331],[266,327,335],
[265,326,333],[302,319,328],[300,320,329],[298,321,330],[303,319,322],[301,320,323],[299,321,324],[307,310,315],[309,311,313],[305,312,317],
[263,264,285],[261,262,284],[259,260,283],[257,258,271],[255,256,273],[253,254,272],[250,251,252],[247,248,249],[244,245,246],[241,242,243],
[238,239,240],[235,236,237],[242,373,374],[239,374,375],[236,373,375],[234,370,371],[233,370,372],[232,371,372],[251,286,287],[245,288,289],
[248,290,291],[231,310,316],[230,312,318],[229,311,314],[227,228,370],[225,226,371],[223,224,372],[222,228,251],[221,226,248],[220,224,245],
[218,219,239],[216,217,242],[214,215,236],[213,219,310],[212,215,312],[211,217,311],[222,227,228],[220,223,224],[221,225,226],[213,218,219],
[211,216,217],[212,214,215],[213,231,310],[211,229,311],[212,230,312],[221,248,290],[220,245,288],[222,251,286],[228,250,251],[224,244,245],
[226,247,248],[217,241,242],[219,238,239],[215,235,236],[245,246,289],[251,252,287],[248,249,291],[228,234,370],[226,232,371],[224,233,372],
[227,233,370],[223,232,372],[225,234,371],[218,239,374],[214,236,375],[216,242,373],[242,243,374],[236,237,373],[239,240,375],[219,307,310],
[217,309,311],[215,305,312],[230,282,318],[229,281,314],[231,280,316],[210,276,297],[209,275,295],[208,274,293],[207,279,296],[206,278,294],
[205,277,292],[255,273,290],[253,272,288],[257,271,286],[263,282,285],[261,281,284],[259,280,283],[260,278,283],[264,279,285],[262,277,284],
[256,273,276],[254,272,275],[258,271,274],[267,304,325],[265,308,326],[266,306,327],[268,303,322],[270,299,324],[269,301,323],[289,300,329],
[291,298,330],[287,302,328],[203,204,213],[201,202,212],[199,200,211],[197,198,223],[195,196,227],[193,194,225],[192,268,303],[191,269,301],
[190,270,299],[189,267,304],[188,266,306],[187,265,308],[193,225,234],[195,227,233],[197,223,232],[201,212,230],[203,213,231],[199,211,229],
[194,221,225],[196,222,227],[198,220,223],[204,213,218],[202,212,214],[200,211,216],[207,264,279],[205,262,277],[206,260,278],[210,256,276],
[208,258,274],[209,254,275],[230,263,282],[231,259,280],[229,261,281],[218,243,374],[214,240,375],[216,237,373],[228,234,250],[224,233,244],
[226,232,247],[246,289,300],[249,291,298],[252,287,302],[219,238,307],[215,235,305],[217,241,309],[221,255,290],[222,257,286],[220,253,288],
[186,304,305],[185,308,309],[184,306,307],[183,298,299],[182,302,303],[181,300,301],[180,205,262],[179,206,260],[178,207,264],[185,241,309],
[184,238,307],[186,235,305],[182,252,302],[181,246,300],[183,249,298],[177,209,254],[176,210,256],[175,208,258],[186,189,304],[184,188,306],
[185,187,308],[183,190,299],[181,191,301],[182,192,303],[204,218,243],[200,216,237],[202,214,240],[196,222,257],[198,220,253],[194,221,255],
[201,230,263],[199,229,261],[203,231,259],[193,234,250],[197,232,247],[195,233,244],[174,263,264],[173,261,262],[172,259,260],[171,257,258],
[170,253,254],[169,255,256],[168,250,252],[167,247,249],[166,244,246],[165,241,243],[164,238,240],[163,235,237],[172,179,260],[174,178,264],
[173,180,262],[168,193,250],[166,195,244],[167,197,247],[172,203,259],[173,199,261],[174,201,263],[171,196,257],[169,194,255],[170,198,253],
[165,204,243],[163,200,237],[164,202,240],[162,182,192],[161,181,191],[160,183,190],[159,185,187],[158,186,189],[157,184,188],[169,176,256],
[171,175,258],[170,177,254],[168,182,252],[167,183,249],[166,181,246],[165,185,241],[163,186,235],[164,184,238],[156,203,204],[155,199,200],
[154,201,202],[153,195,196],[152,193,194],[151,197,198],[150,172,179],[149,173,180],[148,174,178],[147,170,177],[146,171,175],[145,169,176],
[156,165,204],[154,164,202],[155,163,200],[152,169,194],[151,170,198],[153,171,196],[156,172,203],[154,174,201],[155,173,199],[152,168,193],
[151,167,197],[153,166,195],[159,165,185],[157,164,184],[158,163,186],[162,168,182],[160,167,183],[161,166,181],[152,162,168],[153,161,166],
[151,160,167],[150,156,172],[149,155,173],[148,154,174],[156,159,165],[155,158,163],[154,157,164],[145,152,169],[146,153,171],[147,151,170],
[145,152,162],[147,151,160],[146,153,161],[150,156,159],[148,154,157],[149,155,158],[144,335,336],[143,331,332],[142,333,334],[141,267,331],
[140,265,333],[139,266,335],[138,270,332],[137,268,334],[136,269,336],[135,187,265],[134,189,267],[133,188,266],[132,190,270],[131,192,268],
[130,191,269],[129,159,187],[128,157,188],[127,158,189],[126,160,190],[125,161,191],[124,162,192],[126,132,190],[124,131,192],[125,130,191],
[129,135,187],[128,133,188],[127,134,189],[131,137,268],[130,136,269],[132,138,270],[134,141,267],[133,139,266],[135,140,265],[138,143,332],
[137,142,334],[136,144,336],[140,142,333],[139,144,335],[141,143,331],[126,147,160],[124,145,162],[125,146,161],[129,150,159],[127,149,158],
[128,148,157],[122,123,132],[120,121,131],[118,119,130],[116,117,135],[114,115,134],[112,113,133],[143,382,383],[142,376,377],[144,379,380],
[111,296,297],[110,292,293],[109,294,295],[108,207,296],[107,205,292],[106,206,294],[105,210,297],[104,209,295],[103,208,293],[102,178,207],
[101,180,205],[100,179,206],[99,176,210],[98,177,209],[97,175,208],[96,150,179],[95,149,180],[94,148,178],[93,147,177],[92,145,176],
[91,146,175],[92,99,176],[91,97,175],[93,98,177],[96,100,179],[94,102,178],[95,101,180],[99,105,210],[97,103,208],[98,104,209],
[101,107,205],[102,108,207],[100,106,206],[105,111,297],[103,110,293],[104,109,295],[106,109,294],[108,111,296],[107,110,292],[118,125,130],
[122,126,132],[120,124,131],[96,129,150],[94,128,148],[95,127,149],[93,126,147],[91,125,146],[92,124,145],[141,143,382],[139,144,379],
[140,142,376],[138,143,383],[136,144,380],[137,142,377],[116,135,140],[112,133,139],[114,134,141],[123,132,138],[119,130,136],[121,131,137],
[117,129,135],[113,128,133],[115,127,134],[89,90,99],[87,88,97],[85,86,98],[83,84,100],[81,82,101],[79,80,102],[111,391,392],
[109,388,389],[110,385,386],[108,111,391],[107,110,385],[106,109,388],[105,111,392],[104,109,389],[103,110,386],[83,100,106],[79,102,108],
[81,101,107],[89,99,105],[85,98,104],[87,97,103],[84,96,100],[82,95,101],[80,94,102],[90,92,99],[86,93,98],[88,91,97],
[123,138,383],[121,137,377],[119,136,380],[114,141,382],[116,140,376],[112,139,379],[92,120,124],[93,122,126],[91,118,125],[96,117,129],
[95,115,127],[94,113,128],[78,377,378],[77,380,381],[76,383,384],[75,382,384],[74,379,381],[73,376,378],[71,72,378],[69,70,381],
[67,68,384],[71,78,378],[67,76,384],[69,77,381],[72,73,378],[68,75,384],[70,74,381],[75,114,382],[74,112,379],[73,116,376],
[76,123,383],[77,119,380],[78,121,377],[90,92,120],[88,91,118],[86,93,122],[84,96,117],[80,94,113],[82,95,115],[81,107,385],
[83,106,388],[79,108,391],[89,105,392],[87,103,386],[85,104,389],[66,391,393],[65,385,387],[64,388,390],[63,392,393],[62,386,387],
[61,389,390],[59,60,387],[57,58,393],[55,56,390],[54,120,121],[53,118,119],[52,122,123],[51,116,117],[50,112,113],[49,114,115],
[57,66,393],[55,64,390],[59,65,387],[58,63,393],[56,61,390],[60,62,387],[54,90,120],[52,86,122],[53,88,118],[63,89,392],
[61,85,389],[62,87,386],[64,83,388],[66,79,391],[65,81,385],[51,84,117],[49,82,115],[50,80,113],[54,78,121],[52,76,123],
[53,77,119],[49,75,114],[50,74,112],[51,73,116],[48,71,78],[47,69,77],[46,67,76],[45,70,74],[44,68,75],[43,72,73],
[42,89,90],[41,85,86],[40,87,88],[39,83,84],[38,79,80],[37,81,82],[42,54,90],[40,53,88],[41,52,86],[37,49,82],
[39,51,84],[38,50,80],[39,64,83],[37,65,81],[38,66,79],[42,63,89],[40,62,87],[41,61,85],[36,55,64],[35,59,65],
[34,57,66],[33,58,63],[32,60,62],[31,56,61],[44,49,75],[43,51,73],[45,50,74],[48,54,78],[46,52,76],[47,53,77],
[42,48,54],[41,46,52],[40,47,53],[33,42,63],[31,41,61],[32,40,62],[35,37,65],[34,38,66],[36,39,64],[37,44,49],
[38,45,50],[39,43,51],[35,37,44],[36,39,43],[34,38,45],[33,42,48],[31,41,46],[32,40,47],[30,71,72],[29,67,68],
[28,69,70],[27,43,72],[26,44,68],[25,45,70],[24,48,71],[23,46,67],[22,47,69],[24,30,71],[22,28,69],[23,29,67],
[27,30,72],[25,28,70],[26,29,68],[27,36,43],[25,34,45],[26,35,44],[24,33,48],[22,32,47],[23,31,46],[20,21,29],
[18,19,30],[16,17,28],[15,55,56],[14,57,58],[13,59,60],[12,33,58],[11,32,60],[10,31,56],[9,36,55],[8,34,57],
[7,35,59],[9,15,55],[7,13,59],[8,14,57],[10,15,56],[11,13,60],[12,14,58],[18,24,30],[20,23,29],[16,22,28],
[12,24,33],[10,23,31],[11,22,32],[9,27,36],[7,26,35],[8,25,34],[19,27,30],[21,26,29],[17,25,28],[5,6,14],
[3,4,15],[1,2,13],[5,12,14],[1,11,13],[3,10,15],[4,9,15],[6,8,14],[2,7,13],[9,19,27],[8,17,25],
[7,21,26],[12,18,24],[11,16,22],[10,20,23],[5,12,18],[3,10,20],[1,11,16],[6,8,17],[4,9,19],[2,7,21],
[18,19,396],[16,17,395],[20,21,394],[5,18,396],[3,20,394],[1,16,395],[6,17,395],[2,21,394],[4,19,396],[5,6,397],
[1,2,399],[3,4,398],[5,396,397],[3,394,398],[1,395,399],[6,395,397],[4,396,398],[2,394,399]];
###############################################################

#SurfaceInfo: 399 Vertices, 1197 Edges, 798 Faces, IsOrientable=true
 #Vertices of faces:
vof8:=[[397,398,399],[396,397,398],[395,397,399],[394,398,399],[391,392,393],[388,389,390],[385,386,387],[382,383,384],[379,380,381],[376,377,378],
[373,374,375],[370,371,372],[367,368,369],[366,367,368],[365,370,371],[364,373,374],[363,374,375],[362,371,372],[361,368,369],[359,360,366],
[357,358,365],[355,356,364],[356,358,360],[352,353,354],[349,350,351],[346,347,348],[343,344,345],[342,352,353],[341,352,354],[340,353,354],
[356,359,360],[357,358,360],[355,356,358],[350,363,375],[347,362,372],[344,361,369],[360,366,367],[356,364,373],[358,365,370],[337,338,339],
[334,335,336],[331,332,333],[330,336,342],[329,339,341],[328,333,340],[325,326,327],[322,323,324],[319,320,321],[318,323,332],[317,326,335],
[316,320,338],[314,315,320],[312,313,326],[310,311,323],[309,314,315],[308,310,311],[307,312,313],[311,323,332],[315,320,338],[313,326,335],
[318,331,332],[316,337,338],[317,334,335],[318,322,323],[316,319,320],[317,325,326],[310,323,324],[314,320,321],[312,326,327],[328,331,333],
[329,337,339],[330,334,336],[330,342,352],[328,340,353],[329,341,354],[349,350,363],[343,344,361],[346,347,362],[357,360,367],[355,358,370],
[356,359,373],[305,306,331],[303,304,337],[301,302,334],[299,300,343],[297,298,349],[295,296,346],[293,294,351],[291,292,345],[289,290,348],
[287,288,308],[285,286,309],[283,284,307],[282,335,336],[281,332,333],[280,338,339],[279,336,342],[278,333,340],[277,339,341],[276,367,369],
[275,373,375],[274,370,372],[273,349,351],[272,343,345],[271,346,348],[270,350,351],[269,344,345],[268,347,348],[267,350,375],[266,344,369],
[265,347,372],[264,342,353],[263,340,354],[262,341,352],[259,260,261],[256,257,258],[253,254,255],[267,270,350],[265,268,347],[266,269,344],
[267,275,375],[265,274,372],[266,276,369],[264,279,342],[262,277,341],[263,278,340],[279,282,336],[277,280,339],[278,281,333],[252,283,307],
[251,285,309],[250,287,308],[272,299,343],[271,295,346],[273,297,349],[273,293,351],[271,289,348],[272,291,345],[270,294,351],[268,290,348],
[269,292,345],[305,318,331],[301,317,334],[303,316,337],[276,357,367],[274,355,370],[275,359,373],[298,349,363],[296,346,362],[300,343,361],
[264,328,353],[262,330,352],[263,329,354],[306,328,331],[302,330,334],[304,329,337],[249,318,322],[248,317,325],[247,316,319],[246,314,321],
[245,312,327],[244,310,324],[282,313,335],[280,315,338],[281,311,332],[286,309,314],[284,307,312],[288,308,310],[242,243,267],[240,241,265],
[238,239,266],[236,237,279],[234,235,277],[232,233,278],[230,231,299],[228,229,295],[226,227,297],[260,299,300],[257,295,296],[254,297,298],
[225,359,366],[224,355,364],[223,357,365],[222,361,368],[221,363,374],[220,362,371],[219,366,368],[218,364,374],[217,365,371],[216,307,313],
[215,309,315],[214,308,311],[219,222,368],[217,220,371],[218,221,374],[219,225,366],[217,223,365],[218,224,364],[230,260,299],[226,254,297],
[228,257,295],[259,260,300],[256,257,296],[253,254,298],[216,282,313],[214,281,311],[215,280,315],[222,300,361],[220,296,362],[221,298,363],
[225,275,359],[223,276,357],[224,274,355],[213,270,294],[212,269,292],[211,268,290],[231,272,299],[227,273,297],[229,271,295],[210,272,291],
[209,273,293],[208,271,289],[216,252,307],[214,250,308],[215,251,309],[236,279,282],[232,278,281],[234,277,280],[237,264,279],[233,263,278],
[235,262,277],[242,267,275],[238,266,276],[240,265,274],[243,267,270],[239,266,269],[241,265,268],[246,286,314],[244,288,310],[245,284,312],
[264,306,328],[263,304,329],[262,302,330],[249,305,318],[247,303,316],[248,301,317],[206,207,219],[204,205,217],[202,203,218],[200,201,252],
[198,199,250],[196,197,251],[195,260,261],[194,254,255],[193,257,258],[195,252,283],[194,250,287],[193,251,285],[195,261,283],[193,258,285],
[194,255,287],[195,200,252],[193,196,251],[194,198,250],[192,249,305],[191,248,301],[190,247,303],[189,244,288],[188,245,284],[187,246,286],
[201,216,252],[197,215,251],[199,214,250],[195,230,260],[193,228,257],[194,226,254],[206,219,225],[202,218,224],[204,217,223],[207,219,222],
[203,218,221],[205,217,220],[237,264,306],[235,262,302],[233,263,304],[210,231,272],[208,229,271],[209,227,273],[213,243,270],[211,241,268],
[212,239,269],[225,242,275],[224,240,274],[223,238,276],[222,259,300],[221,253,298],[220,256,296],[216,236,282],[215,234,280],[214,232,281],
[186,305,306],[185,301,302],[184,303,304],[183,283,284],[182,285,286],[181,287,288],[186,192,305],[184,190,303],[185,191,301],[180,213,243],
[179,212,239],[178,211,241],[177,210,231],[176,209,227],[175,208,229],[186,237,306],[184,233,304],[185,235,302],[182,187,286],[181,189,288],
[183,188,284],[183,261,283],[181,255,287],[182,258,285],[207,222,259],[205,220,256],[203,221,253],[206,225,242],[204,223,238],[202,224,240],
[201,216,236],[199,214,232],[197,215,234],[195,200,230],[194,198,226],[193,196,228],[174,242,243],[173,238,239],[172,240,241],[171,236,237],
[170,232,233],[169,234,235],[168,230,231],[167,226,227],[166,228,229],[165,259,261],[164,256,258],[163,253,255],[162,186,192],[161,185,191],
[160,184,190],[168,200,230],[166,196,228],[167,198,226],[171,201,236],[169,197,234],[170,199,232],[174,206,242],[172,202,240],[173,204,238],
[165,207,259],[163,203,253],[164,205,256],[165,183,261],[163,181,255],[164,182,258],[159,183,188],[158,181,189],[157,182,187],[171,186,237],
[169,185,235],[170,184,233],[168,177,231],[166,175,229],[167,176,227],[174,180,243],[172,178,241],[173,179,239],[156,206,207],[155,202,203],
[154,204,205],[153,200,201],[152,196,197],[151,198,199],[150,174,180],[149,173,179],[148,172,178],[147,168,177],[146,167,176],[145,166,175],
[156,165,207],[154,164,205],[155,163,203],[156,174,206],[154,173,204],[155,172,202],[153,171,201],[151,170,199],[152,169,197],[153,168,200],
[151,167,198],[152,166,196],[162,171,186],[160,170,184],[161,169,185],[159,165,183],[157,164,182],[158,163,181],[153,162,171],[152,161,169],
[151,160,170],[150,156,174],[148,155,172],[149,154,173],[156,159,165],[155,158,163],[154,157,164],[147,153,168],[145,152,166],[146,151,167],
[147,153,162],[146,151,160],[145,152,161],[150,156,159],[149,154,157],[148,155,158],[144,322,324],[143,319,321],[142,325,327],[141,246,321],
[140,244,324],[139,245,327],[138,249,322],[137,247,319],[136,248,325],[135,192,249],[134,190,247],[133,191,248],[132,188,245],[131,187,246],
[130,189,244],[129,162,192],[128,160,190],[127,161,191],[126,159,188],[125,157,187],[124,158,189],[126,132,188],[124,130,189],[125,131,187],
[129,135,192],[127,133,191],[128,134,190],[135,138,249],[133,136,248],[134,137,247],[132,139,245],[130,140,244],[131,141,246],[138,144,322],
[136,142,325],[137,143,319],[139,142,327],[141,143,321],[140,144,324],[129,147,162],[127,145,161],[128,146,160],[126,150,159],[124,148,158],
[125,149,157],[122,123,135],[120,121,133],[118,119,134],[116,117,132],[114,115,130],[112,113,131],[144,382,383],[142,376,377],[143,379,380],
[111,293,294],[110,291,292],[109,289,290],[108,210,291],[107,208,289],[106,209,293],[105,213,294],[104,211,290],[103,212,292],[102,177,210],
[101,175,208],[100,176,209],[99,180,213],[98,178,211],[97,179,212],[96,150,180],[95,148,178],[94,149,179],[93,147,177],[92,145,175],
[91,146,176],[96,99,180],[94,97,179],[95,98,178],[93,102,177],[91,100,176],[92,101,175],[99,105,213],[97,103,212],[98,104,211],
[102,108,210],[100,106,209],[101,107,208],[105,111,294],[104,109,290],[103,110,292],[108,110,291],[106,111,293],[107,109,289],[116,126,132],
[112,125,131],[114,124,130],[96,126,150],[94,125,149],[95,124,148],[93,129,147],[91,128,146],[92,127,145],[139,142,376],[140,144,382],
[141,143,379],[138,144,383],[137,143,380],[136,142,377],[117,132,139],[113,131,141],[115,130,140],[122,135,138],[118,134,137],[120,133,136],
[123,129,135],[119,128,134],[121,127,133],[89,90,99],[87,88,97],[85,86,98],[83,84,102],[81,82,100],[79,80,101],[111,391,392],
[110,385,386],[109,388,389],[106,111,391],[107,109,388],[108,110,385],[105,111,392],[104,109,389],[103,110,386],[83,102,108],[79,101,107],
[81,100,106],[89,99,105],[85,98,104],[87,97,103],[84,93,102],[80,92,101],[82,91,100],[90,96,99],[86,95,98],[88,94,97],
[122,138,383],[120,136,377],[118,137,380],[117,139,376],[115,140,382],[113,141,379],[93,123,129],[92,121,127],[91,119,128],[96,116,126],
[95,114,124],[94,112,125],[78,383,384],[77,377,378],[76,380,381],[75,376,378],[74,382,384],[73,379,381],[71,72,378],[69,70,384],
[67,68,381],[71,77,378],[67,76,381],[69,78,384],[72,75,378],[68,73,381],[70,74,384],[75,117,376],[73,113,379],[74,115,382],
[78,122,383],[76,118,380],[77,120,377],[90,96,116],[88,94,112],[86,95,114],[84,93,123],[82,91,119],[80,92,121],[81,106,391],
[83,108,385],[79,107,388],[89,105,392],[87,103,386],[85,104,389],[66,391,393],[65,385,387],[64,388,390],[63,392,393],[62,386,387],
[61,389,390],[59,60,387],[57,58,390],[55,56,393],[54,122,123],[53,118,119],[52,120,121],[51,116,117],[50,112,113],[49,114,115],
[55,66,393],[57,64,390],[59,65,387],[56,63,393],[58,61,390],[60,62,387],[51,90,116],[49,86,114],[50,88,112],[63,89,392],
[61,85,389],[62,87,386],[66,81,391],[64,79,388],[65,83,385],[54,84,123],[52,80,121],[53,82,119],[53,76,118],[52,77,120],
[54,78,122],[51,75,117],[49,74,115],[50,73,113],[48,67,76],[47,71,77],[46,69,78],[45,72,75],[44,70,74],[43,68,73],
[42,89,90],[41,85,86],[40,87,88],[39,81,82],[38,79,80],[37,83,84],[42,51,90],[40,50,88],[41,49,86],[39,53,82],
[37,54,84],[38,52,80],[39,66,81],[37,65,83],[38,64,79],[42,63,89],[40,62,87],[41,61,85],[36,57,64],[35,55,66],
[34,59,65],[33,56,63],[32,60,62],[31,58,61],[45,51,75],[43,50,73],[44,49,74],[48,53,76],[46,54,78],[47,52,77],
[42,45,51],[41,44,49],[40,43,50],[33,42,63],[31,41,61],[32,40,62],[35,39,66],[36,38,64],[34,37,65],[39,48,53],
[38,47,52],[37,46,54],[35,39,48],[34,37,46],[36,38,47],[33,42,45],[32,40,43],[31,41,44],[30,71,72],[29,69,70],
[28,67,68],[27,45,72],[26,43,68],[25,44,70],[24,48,67],[23,46,69],[22,47,71],[22,30,71],[24,28,67],[23,29,69],
[27,30,72],[26,28,68],[25,29,70],[24,35,48],[23,34,46],[22,36,47],[27,33,45],[25,31,44],[26,32,43],[20,21,29],
[18,19,28],[16,17,30],[15,57,58],[14,55,56],[13,59,60],[12,33,56],[11,31,58],[10,32,60],[9,34,59],[8,35,55],
[7,36,57],[9,13,59],[7,15,57],[8,14,55],[11,15,58],[10,13,60],[12,14,56],[20,23,29],[18,24,28],[16,22,30],
[12,27,33],[11,25,31],[10,26,32],[8,24,35],[7,22,36],[9,23,34],[17,27,30],[21,25,29],[19,26,28],[5,6,14],
[3,4,15],[1,2,13],[5,12,14],[1,10,13],[3,11,15],[2,9,13],[6,8,14],[4,7,15],[8,18,24],[9,20,23],
[7,16,22],[12,17,27],[10,19,26],[11,21,25],[5,12,17],[3,11,21],[1,10,19],[6,8,18],[4,7,16],[2,9,20],
[16,17,396],[18,19,395],[20,21,394],[5,17,396],[3,21,394],[1,19,395],[6,18,395],[2,20,394],[4,16,396],[5,6,397],
[1,2,399],[3,4,398],[5,396,397],[3,394,398],[1,395,399],[6,395,397],[4,396,398],[2,394,399]];
###############################################################

