#SurfaceInfo: 117 Vertices, 1053 Edges, 702 Faces, IsOrientable=true
 #Vertices of faces:
vof1:=[[115,116,117],[113,114,116],[111,112,115],[110,113,115],[108,109,117],[106,107,116],[105,111,117],[103,104,114],[101,102,115],[99,100,113],
[98,108,116],[97,106,114],[96,100,112],[94,95,110],[92,93,117],[90,91,116],[88,89,111],[87,103,113],[86,101,112],[85,99,110],
[84,89,109],[83,107,112],[81,82,105],[79,80,114],[77,78,115],[75,76,113],[74,103,108],[72,73,106],[71,100,111],[70,94,115],
[69,92,109],[68,90,107],[67,88,105],[66,73,104],[65,102,109],[64,100,107],[63,75,98],[61,62,97],[60,72,112],[58,59,110],
[56,57,117],[54,55,116],[53,94,111],[52,94,103],[51,87,101],[49,50,99],[73,89,108],[48,106,112],[47,81,117],[46,79,104],
[45,77,102],[44,75,100],[43,74,98],[42,72,97],[41,87,96],[40,50,95],[39,93,114],[38,91,104],[37,89,102],[35,36,86],
[33,34,85],[32,51,109],[31,49,107],[33,55,105],[30,36,114],[29,61,115],[27,28,113],[46,81,108],[26,106,108],[25,81,100],
[24,94,108],[71,80,92],[23,70,90],[21,22,88],[50,73,103],[23,101,109],[20,99,107],[30,75,116],[61,65,114],[60,76,96],
[19,58,95],[18,56,93],[43,54,91],[50,89,94],[17,52,87],[16,51,86],[15,49,85],[40,71,84],[16,70,83],[22,66,82],
[14,80,110],[42,78,96],[47,76,95],[34,93,103],[13,73,91],[12,54,69],[11,39,68],[28,64,67],[23,41,104],[19,21,102],
[10,88,100],[28,29,98],[28,81,97],[12,70,112],[9,11,110],[35,59,117],[8,33,116],[17,58,111],[19,61,103],[9,101,113],
[25,99,103],[10,75,89],[53,61,112],[7,81,113],[48,59,79],[6,47,77],[5,44,74],[4,12,72],[22,87,100],[6,92,114],
[63,90,104],[26,88,102],[35,39,112],[33,38,110],[32,53,84],[31,83,102],[14,33,82],[3,36,80],[61,78,85],[17,27,76],
[22,81,103],[2,25,71],[24,45,70],[38,69,80],[23,32,68],[3,21,67],[48,66,84],[38,47,65],[32,64,98],[41,44,63],
[12,40,62],[31,72,105],[16,57,84],[15,55,83],[30,53,82],[80,82,94],[8,78,87],[6,50,76],[2,27,46],[13,45,83],
[14,44,56],[37,43,58],[6,40,96],[16,63,95],[5,14,93],[4,69,91],[52,74,89],[58,75,86],[47,62,109],[2,98,107],
[13,20,105],[11,28,115],[2,33,108],[45,92,106],[14,35,100],[33,69,94],[20,92,111],[57,90,115],[60,73,101],[35,46,109],
[26,33,107],[1,75,111],[23,55,60],[20,58,93],[30,48,56],[37,54,65],[21,52,86],[15,51,62],[2,5,49],[44,71,89],
[37,79,110],[77,95,96],[51,75,95],[9,74,93],[25,72,91],[54,83,109],[14,39,107],[28,42,105],[26,41,66],[19,65,93],
[10,64,91],[28,31,63],[35,62,81],[1,11,59],[35,57,67],[2,17,53],[12,61,94],[10,27,73],[22,48,53],[7,18,47],
[46,47,59],[6,45,79],[4,5,43],[1,4,42],[20,40,66],[30,39,42],[36,62,66],[2,34,84],[19,51,98],[10,49,97],
[30,32,66],[3,29,65],[46,63,70],[9,26,62],[63,72,81],[59,62,108],[11,57,71],[7,55,70],[19,22,77],[8,18,65],
[6,43,64],[31,50,90],[13,17,92],[37,83,84],[38,82,95],[21,35,80],[15,78,97],[5,46,76],[24,52,73],[68,92,101],
[34,65,104],[27,102,110],[8,26,98],[6,71,97],[13,58,117],[56,78,116],[18,101,106],[43,79,99],[31,54,89],[71,79,106],
[77,91,117],[32,87,92],[54,76,114],[19,39,104],[9,28,102],[6,29,32],[9,20,36],[34,39,61],[13,27,38],[5,25,69],
[4,24,68],[23,34,67],[21,27,49],[48,73,86],[34,60,105],[56,82,84],[52,57,80],[10,51,78],[49,53,76],[27,64,104],
[16,58,98],[9,40,41],[16,25,40],[37,52,78],[36,54,75],[13,24,55],[22,26,45],[50,60,77],[23,44,46],[12,20,26],
[1,30,68],[30,55,76],[18,48,60],[5,17,21],[15,16,24],[5,15,18],[9,14,15],[12,36,41],[11,34,40],[23,69,87],
[60,85,88],[41,70,79],[4,39,59],[1,8,38],[25,34,57],[49,51,61],[36,55,113],[1,29,47],[3,7,38],[37,48,85],
[17,37,96],[2,8,106],[13,64,66],[42,63,82],[5,54,72],[3,57,86],[55,67,85],[7,25,87],[24,50,74],[44,79,90],
[39,64,96],[17,93,105],[3,90,99],[48,58,99],[14,83,96],[14,69,95],[57,78,91],[8,37,41],[35,64,83],[8,17,42],
[21,46,53],[7,15,45],[4,77,88],[20,50,68],[31,82,97],[24,30,59],[10,38,66],[11,27,101],[7,8,29],[6,28,74],
[9,18,44],[12,25,43],[22,32,56],[19,63,86],[29,53,70],[3,20,31],[4,21,45],[32,67,74],[3,49,68],[2,11,16],
[40,47,60],[11,24,42],[23,33,88],[12,29,111],[7,22,99],[29,43,67],[1,10,71],[45,80,97],[31,65,84],[7,13,16],
[4,19,26],[1,3,18],[15,56,74],[10,62,85],[41,42,52],[56,77,90],[51,68,69],[1,44,88],[43,59,85],[18,72,86],
[36,52,67],[113,115,116],[111,115,117],[108,116,117],[106,114,116],[103,113,114],[101,112,115],[99,110,113],[100,111,112],[94,110,115],
[92,109,117],[90,107,116],[88,105,111],[89,108,109],[106,107,112],[81,105,117],[79,104,114],[77,102,115],[75,100,113],[74,98,108],
[72,97,106],[73,103,104],[101,102,109],[99,100,107],[75,98,116],[61,97,114],[60,96,112],[58,95,110],[56,93,117],[54,91,116],
[89,94,111],[52,87,103],[51,86,101],[49,85,99],[87,96,100],[50,94,95],[92,93,114],[90,91,104],[88,89,102],[87,101,113],
[35,86,112],[33,85,110],[32,84,109],[31,83,107],[33,82,105],[36,80,114],[61,78,115],[27,76,113],[81,103,108],[73,106,108],
[25,71,100],[24,70,94],[69,80,92],[23,68,90],[21,67,88],[71,84,89],[70,83,112],[22,81,82],[79,80,110],[77,78,96],
[75,76,95],[74,93,103],[72,73,91],[71,92,111],[70,90,115],[54,69,109],[39,68,107],[28,67,105],[41,66,104],[19,65,102],
[10,64,100],[28,63,98],[62,81,97],[12,72,112],[11,59,110],[35,57,117],[33,55,116],[17,53,111],[61,94,103],[50,99,103],
[10,73,89],[48,53,112],[7,47,81],[46,59,79],[6,45,77],[44,63,75],[5,43,74],[4,42,72],[48,66,73],[47,65,109],
[64,98,107],[12,61,62],[60,72,105],[58,59,117],[56,57,84],[54,55,83],[53,82,94],[52,80,94],[51,78,87],[49,50,76],
[48,79,106],[47,77,117],[27,46,104],[45,83,102],[14,44,100],[43,58,98],[42,78,97],[40,41,96],[16,40,95],[14,39,93],
[38,69,91],[37,52,89],[36,75,86],[34,61,85],[51,62,109],[2,49,107],[13,55,105],[30,39,114],[28,29,115],[28,81,113],
[2,46,108],[26,45,106],[35,81,100],[33,94,108],[22,88,100],[50,60,73],[23,46,109],[20,26,107],[1,30,75],[29,61,65],
[55,60,76],[19,58,93],[18,48,56],[37,43,54],[17,21,52],[15,16,51],[5,15,49],[23,41,87],[20,40,50],[38,65,104],
[37,102,110],[35,36,62],[2,33,34],[32,51,98],[31,49,97],[30,36,66],[27,28,64],[46,63,81],[26,62,108],[25,72,81],
[24,59,108],[57,71,80],[23,55,70],[21,22,53],[23,60,101],[20,58,99],[30,56,116],[54,65,114],[17,76,96],[19,77,95],
[18,65,93],[43,64,91],[31,50,89],[17,87,92],[16,57,86],[15,55,85],[40,66,84],[16,83,84],[38,66,82],[14,35,80],
[46,47,76],[25,34,103],[13,24,73],[12,69,94],[11,68,101],[35,64,67],[23,34,104],[21,27,102],[8,29,98],[6,28,97],
[9,14,110],[8,78,116],[58,75,111],[19,22,103],[9,18,101],[25,43,99],[54,75,89],[39,61,112],[44,74,89],[22,32,87],
[6,76,114],[19,63,104],[9,26,102],[35,39,59],[8,33,38],[29,32,53],[28,31,102],[14,33,107],[3,20,36],[13,17,27],
[2,5,25],[4,24,45],[3,38,80],[23,32,67],[3,21,49],[6,40,71],[16,63,70],[22,26,66],[39,42,96],[38,47,95],
[34,93,105],[13,91,117],[12,36,54],[11,34,39],[19,21,86],[10,85,88],[12,41,70],[9,11,40],[17,37,58],[19,51,61],
[9,36,113],[10,51,75],[49,53,61],[7,55,113],[30,48,59],[6,29,47],[5,44,46],[4,12,26],[6,32,92],[31,63,90],
[26,33,88],[27,38,110],[2,53,84],[14,56,82],[37,78,85],[2,71,106],[45,70,79],[30,32,68],[3,29,67],[32,64,66],
[41,42,63],[40,47,62],[31,54,72],[30,53,76],[7,8,87],[6,50,74],[13,45,92],[44,56,90],[6,64,96],[63,82,95],
[5,17,93],[4,77,91],[48,58,86],[20,31,105],[11,57,115],[92,101,106],[20,68,92],[3,57,90],[27,73,101],[35,83,109],
[52,73,86],[44,71,79],[14,95,96],[51,69,95],[9,20,93],[25,57,91],[11,28,42],[8,26,41],[10,78,91],[1,11,71],
[2,8,17],[10,27,49],[7,15,18],[1,47,59],[6,43,79],[4,5,21],[1,4,88],[37,48,84],[9,41,44],[12,25,40],
[14,15,83],[30,42,82],[80,82,97],[2,11,27],[13,64,83],[5,14,69],[4,68,69],[52,67,74],[2,16,98],[13,20,66],
[23,33,69],[12,20,111],[21,35,46],[1,29,111],[8,37,65],[9,15,62],[37,41,79],[9,28,74],[17,42,105],[34,57,67],
[22,48,99],[18,47,60],[4,43,59],[1,8,42],[34,65,84],[46,53,70],[7,29,70],[8,18,106],[50,77,90],[37,83,96],
[21,45,80],[15,56,78],[5,54,76],[19,26,98],[10,71,97],[79,90,99],[39,64,104],[25,69,87],[24,50,68],[31,82,84],
[13,16,58],[7,16,25],[52,57,78],[7,22,45],[60,77,88],[1,3,68],[24,30,55],[48,60,85],[15,24,74],[5,18,72],
[10,62,66],[3,31,65],[63,72,86],[59,62,85],[22,56,77],[15,45,97],[24,42,52],[4,19,39],[7,13,38],[34,40,60],
[23,44,88],[11,16,24],[3,7,99],[36,55,67],[1,10,38],[1,18,44],[12,29,43],[32,56,74],[49,51,68],[36,41,52],
[3,18,86],[43,67,85]];
###############################################################

#SurfaceInfo: 81 Vertices, 1053 Edges, 702 Faces, IsOrientable=true
 #Vertices of faces:
vof2:=[[79,80,81],[77,78,80],[75,76,81],[74,77,79],[72,73,79],[70,71,78],[69,75,80],[67,68,80],[65,66,76],[63,64,74],
[62,72,81],[61,70,77],[59,60,81],[57,58,77],[55,56,73],[53,54,71],[51,52,69],[50,67,78],[49,65,75],[56,63,79],
[47,48,79],[45,46,78],[43,44,75],[60,68,69],[41,42,66],[39,40,64],[37,38,62],[36,47,61],[35,59,76],[34,57,74],
[33,55,72],[32,53,70],[51,71,80],[31,33,80],[29,30,76],[29,55,74],[27,28,72],[25,26,70],[48,60,62],[46,58,61],
[24,40,56],[23,44,54],[22,52,53],[21,27,50],[20,49,67],[19,33,56],[18,47,73],[17,45,71],[17,43,69],[51,60,67],
[31,41,65],[28,39,63],[37,66,81],[47,64,77],[16,61,81],[15,51,77],[13,14,73],[12,59,71],[13,69,70],[11,12,65],
[11,41,63],[48,68,74],[31,46,50],[30,44,49],[14,66,69],[10,28,42],[9,26,40],[8,38,41],[18,36,39],[7,35,57],
[16,20,34],[9,33,59],[32,37,57],[15,61,71],[6,33,68],[6,29,66],[10,29,64],[6,27,62],[10,25,61],[37,48,59],
[46,47,57],[16,40,55],[15,44,53],[22,51,58],[27,54,78],[52,67,75],[33,76,79],[32,49,79],[38,56,78],[5,37,75],
[4,7,68],[3,47,66],[5,45,64],[45,62,65],[7,61,63],[2,3,55],[5,43,53],[2,40,51],[31,58,81],[16,30,35],
[15,34,55],[14,28,33],[12,26,32],[46,56,62],[4,54,61],[1,24,58],[23,35,49],[12,36,53],[2,21,44],[20,22,50],
[6,19,65],[4,18,43],[1,17,72],[9,17,32],[42,45,51],[31,43,63],[5,49,66],[48,56,64],[34,60,61],[13,34,56],
[22,54,59],[1,13,52],[1,11,49],[11,35,56],[47,63,68],[27,31,45],[30,43,67],[38,60,66],[5,28,41],[26,39,48],
[8,37,44],[42,57,76],[20,40,74],[38,59,72],[36,57,70],[61,73,80],[28,32,80],[64,71,76],[21,69,74],[19,63,72],
[27,30,70],[4,21,60],[26,56,67],[8,33,54],[19,29,52],[29,50,53],[4,49,51],[1,56,75],[3,8,60],[19,27,41],
[25,30,39],[25,37,53],[16,44,79],[15,73,78],[14,18,32],[12,17,38],[5,17,70],[3,12,31],[30,71,74],[50,55,69],
[21,42,49],[10,18,33],[3,20,41],[5,19,39],[7,25,28],[3,16,26],[8,9,35],[18,34,37],[6,24,25],[6,23,77],
[10,13,67],[6,31,36],[24,29,37],[23,29,47],[16,27,51],[15,25,75],[30,32,54],[52,68,71],[31,69,76],[17,48,49],
[7,62,69],[8,42,47],[18,40,45],[23,38,45],[7,13,36],[2,23,33],[13,32,43],[2,18,71],[33,58,75],[16,29,57],
[15,20,29],[14,27,59],[12,25,57],[21,46,54],[19,40,58],[12,22,68],[2,26,27],[24,43,73],[23,71,72],[9,53,69],
[21,45,67],[20,43,65],[49,78,81],[56,68,77],[28,49,77],[52,66,73],[14,57,65],[12,20,63],[7,21,48],[16,24,46],
[41,57,69],[39,42,61],[13,15,38],[36,52,59],[13,35,41],[34,39,59],[21,33,37],[24,32,47],[2,8,46],[15,40,57],
[20,44,52],[11,14,22],[11,27,39],[26,38,80],[5,76,78],[4,6,28],[3,6,64],[5,10,21],[10,30,63],[5,8,15],
[12,64,81],[35,62,70],[7,24,33],[16,23,32],[1,50,61],[6,35,51],[15,19,22],[30,52,65],[4,11,58],[2,17,42],
[17,50,63],[11,34,54],[10,34,75],[9,22,79],[1,45,59],[13,54,63],[20,38,47],[5,11,72],[11,48,70],[14,31,42],
[12,28,40],[36,58,64],[16,62,73],[10,31,32],[4,62,74],[24,39,67],[9,21,29],[4,20,45],[1,7,19],[3,9,51],
[25,50,66],[44,61,72],[51,70,73],[5,9,13],[3,11,43],[7,30,42],[5,18,58],[14,25,68],[10,66,77],[9,64,67],
[36,41,62],[7,29,59],[9,27,55],[32,74,78],[60,71,75],[58,69,79],[36,54,68],[43,46,55],[4,53,72],[1,16,31],
[14,38,55],[40,43,62],[22,24,49],[23,56,65],[19,36,45],[7,17,44],[17,22,47],[31,54,67],[48,66,72],[9,28,38],
[26,36,37],[2,22,57],[21,41,77],[19,73,76],[21,34,58],[26,34,52],[8,22,76],[1,14,51],[12,35,75],[2,30,48],
[3,52,79],[18,65,74],[18,48,52],[3,10,23],[8,36,80],[18,42,80],[13,29,45],[7,40,75],[2,19,77],[2,65,68],
[4,15,23],[3,53,58],[38,50,68],[15,28,35],[24,50,81],[16,42,59],[37,65,78],[8,25,43],[4,14,24],[1,12,23],
[19,44,50],[6,30,73],[11,46,60],[35,54,79],[4,13,47],[20,42,60],[28,74,81],[46,64,70],[44,62,80],[25,55,60],
[27,53,74],[10,55,71],[1,10,26],[6,8,67],[3,18,72],[8,39,73],[23,37,46],[6,53,81],[20,39,81],[1,66,70],
[9,24,48],[26,41,44],[35,60,64],[14,34,78],[55,63,76],[2,11,25],[17,40,80],[26,50,77],[22,39,78],[34,41,79],
[17,46,76],[77,79,80],[75,80,81],[72,79,81],[70,77,78],[67,78,80],[65,75,76],[63,74,79],[59,76,81],[57,74,77],
[55,72,73],[53,70,71],[51,69,80],[47,73,79],[45,71,78],[43,69,75],[60,67,68],[41,65,66],[39,63,64],[37,62,81],
[47,61,77],[33,68,80],[29,66,76],[29,64,74],[27,62,72],[25,61,70],[48,59,60],[46,57,58],[40,55,56],[44,53,54],
[22,51,52],[27,50,78],[49,67,75],[33,56,79],[60,61,81],[51,58,77],[13,56,73],[54,59,71],[13,52,69],[20,50,67],
[11,49,65],[11,56,63],[47,48,68],[31,45,46],[30,43,44],[60,66,69],[28,41,42],[26,39,40],[8,37,38],[18,36,47],
[35,57,76],[20,34,74],[33,59,72],[32,57,70],[61,71,80],[48,49,79],[46,56,78],[37,44,75],[7,68,69],[42,47,66],
[40,45,64],[38,45,62],[7,36,61],[9,35,59],[34,37,57],[2,33,55],[32,43,53],[2,51,71],[31,33,58],[16,29,30],
[15,29,55],[14,27,28],[12,25,26],[48,56,62],[46,54,61],[24,40,58],[23,44,49],[12,22,53],[2,21,27],[6,19,33],
[18,43,73],[17,71,72],[9,17,69],[45,51,67],[31,43,65],[28,63,72],[49,66,81],[56,64,77],[31,32,80],[30,71,76],
[55,69,74],[26,27,70],[4,60,62],[1,58,61],[24,56,67],[23,33,54],[29,52,53],[21,29,50],[4,20,49],[1,19,56],
[17,42,45],[17,43,63],[3,51,60],[27,31,41],[25,28,39],[25,37,66],[3,47,64],[16,44,61],[15,51,73],[13,14,32],
[12,38,59],[5,13,70],[3,11,12],[5,11,41],[68,71,74],[31,50,69],[30,42,49],[14,66,73],[10,28,33],[9,26,32],
[3,8,41],[5,18,39],[7,25,57],[3,16,20],[15,34,61],[6,25,68],[6,66,77],[10,64,67],[6,36,62],[10,42,61],
[29,37,59],[29,47,57],[16,27,55],[15,25,53],[32,54,78],[52,71,75],[69,76,79],[16,31,81],[15,28,77],[12,64,71],
[62,69,70],[12,57,65],[20,41,63],[21,48,74],[24,46,50],[14,57,69],[9,40,51],[13,38,41],[36,39,59],[7,13,35],
[16,34,59],[9,21,33],[24,32,37],[15,23,71],[6,24,29],[10,23,29],[6,27,51],[10,25,75],[26,37,48],[8,46,47],
[16,40,57],[15,20,44],[11,22,58],[11,27,54],[26,52,67],[8,33,76],[28,32,49],[26,38,56],[5,37,78],[4,7,28],
[5,21,45],[19,45,65],[7,30,63],[2,3,26],[5,8,43],[2,19,40],[58,64,81],[16,35,62],[14,24,33],[12,23,32],
[4,54,68],[35,49,51],[12,31,36],[2,8,44],[19,22,50],[6,30,65],[4,11,43],[1,11,72],[5,17,49],[11,34,60],
[34,56,75],[22,54,79],[1,52,59],[1,24,49],[23,35,56],[13,47,63],[27,45,59],[13,43,67],[20,38,60],[11,39,48],
[31,42,76],[28,40,74],[38,66,72],[36,64,70],[62,73,80],[16,32,79],[15,38,78],[5,58,75],[3,52,66],[5,64,76],
[62,65,74],[50,61,63],[3,43,55],[5,53,72],[30,35,54],[14,34,55],[43,46,62],[4,61,72],[36,37,53],[7,21,44],
[20,22,47],[4,18,45],[1,7,17],[17,32,47],[16,42,51],[31,54,63],[5,10,66],[9,48,64],[13,34,54],[14,22,59],
[1,10,13],[11,35,70],[12,63,68],[30,39,67],[5,9,28],[2,42,57],[20,40,43],[36,41,57],[39,61,73],[21,41,69],
[19,63,76],[27,30,74],[4,21,58],[7,19,29],[4,14,51],[1,12,75],[19,27,39],[2,25,30],[44,52,79],[73,76,78],
[18,32,74],[17,38,50],[3,10,31],[21,42,60],[18,33,37],[5,15,19],[8,15,35],[18,34,52],[24,25,43],[2,23,77],
[10,30,32],[2,17,48],[8,42,80],[18,40,80],[23,38,47],[13,36,45],[10,18,71],[7,33,75],[20,29,45],[21,37,46],
[2,22,68],[16,24,73],[53,58,69],[21,54,67],[20,52,65],[74,78,81],[50,68,77],[28,38,80],[19,44,72],[30,70,73],
[8,36,54],[19,52,73],[50,53,81],[8,25,60],[19,41,77],[14,18,42],[12,17,40],[17,46,70],[25,50,55],[21,49,77],
[1,16,26],[8,9,67],[4,6,23],[6,31,67],[15,40,75],[36,52,68],[7,40,62],[1,23,45],[2,18,65],[19,36,58],
[3,23,72],[9,27,53],[22,49,78],[56,65,68],[12,20,81],[4,13,15],[4,24,47],[15,22,57],[11,14,25],[26,36,80],
[6,28,81],[6,35,64],[10,21,34],[7,24,48],[16,23,46],[30,48,52],[3,9,79],[1,14,31],[12,28,35],[24,39,81],
[1,50,66],[1,51,70],[9,13,29],[3,18,58],[14,38,68],[41,44,62],[7,42,59],[9,38,55],[35,60,75],[34,58,79],
[14,65,78],[20,39,42],[35,41,79],[34,39,78],[2,11,46],[3,6,53],[10,55,63],[9,22,24],[48,66,70],[4,53,74],
[10,26,77],[55,60,71],[18,48,72],[17,22,76],[23,37,65],[26,44,50],[6,8,73],[46,60,64],[17,44,80],[46,55,76],
[26,34,41],[8,22,39]];
###############################################################

#SurfaceInfo: 117 Vertices, 1053 Edges, 702 Faces, IsOrientable=true
 #Vertices of faces:
vof3:=[[115,116,117],[113,114,116],[111,112,115],[110,113,115],[108,109,117],[106,107,116],[105,111,117],[103,104,114],[101,102,115],[99,100,113],
[98,108,116],[97,106,114],[95,96,112],[93,94,110],[91,92,117],[89,90,116],[87,88,111],[86,103,113],[85,101,112],[84,99,110],
[82,83,109],[80,81,107],[78,79,105],[76,77,114],[74,75,115],[72,73,113],[70,71,108],[69,70,106],[68,95,111],[67,93,115],
[66,91,109],[65,89,107],[87,94,105],[63,64,104],[62,65,102],[60,61,100],[59,84,98],[57,58,97],[55,56,112],[53,54,110],
[51,52,117],[49,50,116],[48,63,111],[46,47,103],[45,99,101],[44,46,99],[43,82,108],[42,80,106],[46,78,117],[41,76,104],
[50,74,102],[40,72,100],[70,79,98],[69,97,109],[39,54,96],[38,52,94],[37,50,92],[40,43,90],[35,36,88],[66,86,105],
[34,73,85],[32,33,84],[42,53,109],[31,39,107],[72,77,105],[74,83,114],[57,80,115],[30,51,113],[54,58,108],[29,38,106],
[27,28,95],[26,88,93],[25,87,91],[24,89,111],[23,27,87],[34,63,103],[65,76,101],[22,60,99],[27,59,116],[57,88,114],
[21,55,96],[53,59,94],[51,80,92],[30,49,90],[60,63,88],[46,58,86],[45,85,114],[44,84,104],[29,72,83],[20,81,92],
[19,79,90],[18,30,77],[60,75,86],[17,40,71],[15,16,70],[68,97,98],[41,67,97],[48,49,66],[14,18,94],[22,91,104],
[29,33,102],[13,20,100],[56,63,98],[54,97,101],[51,104,112],[49,64,110],[34,65,117],[32,60,116],[33,92,103],[19,64,101],
[19,82,99],[20,67,82],[11,12,80],[10,71,78],[28,69,76],[9,74,108],[8,72,106],[7,67,70],[11,35,69],[49,54,95],
[38,62,93],[50,55,91],[40,53,89],[6,35,87],[11,66,113],[34,71,112],[32,70,110],[15,42,83],[5,31,81],[77,79,93],
[60,74,77],[24,57,75],[51,73,75],[35,54,71],[38,70,95],[27,68,73],[33,67,88],[25,66,112],[24,65,110],[23,94,96],
[47,62,107],[56,61,77],[16,75,84],[48,58,73],[24,31,56],[4,54,75],[35,52,68],[50,67,95],[14,47,85],[38,41,99],
[9,23,46],[43,85,110],[42,84,86],[21,46,85],[29,41,51],[8,31,79],[3,4,109],[6,96,106],[68,76,94],[18,64,92],
[4,47,88],[38,39,86],[72,85,91],[84,89,92],[89,96,109],[74,94,107],[39,57,105],[40,62,114],[14,35,115],[78,95,113],
[18,95,107],[16,39,91],[48,52,89],[16,87,103],[3,26,65],[2,25,60],[12,59,100],[7,47,57],[20,45,55],[12,44,53],
[36,49,103],[32,63,101],[6,46,98],[3,40,45],[2,15,44],[57,72,82],[19,37,78],[30,31,76],[1,40,70],[10,15,69],
[3,97,111],[2,41,115],[49,100,109],[14,99,105],[22,23,64],[13,33,62],[1,13,61],[56,78,84],[35,51,56],[9,34,52],
[8,32,50],[15,47,92],[46,80,82],[43,48,67],[11,42,102],[18,46,71],[28,41,107],[9,50,105],[8,40,117],[7,79,83],
[35,81,109],[28,37,102],[26,43,100],[36,53,56],[9,33,53],[8,13,39],[5,52,72],[30,80,98],[8,28,66],[19,21,87],
[59,82,111],[7,27,30],[22,67,105],[15,27,66],[5,65,88],[21,64,89],[19,59,74],[13,45,58],[2,5,114],[17,37,104],
[1,83,101],[10,81,99],[43,55,79],[4,52,77],[5,28,71],[26,37,70],[19,29,68],[63,66,106],[72,81,104],[51,79,102],
[29,34,98],[20,32,97],[37,60,112],[3,15,116],[31,82,102],[4,80,100],[9,20,76],[58,74,90],[9,69,93],[2,10,50],
[28,34,44],[6,26,32],[25,42,47],[23,26,77],[17,57,95],[16,51,93],[14,54,91],[38,78,89],[1,27,110],[10,86,88],
[17,24,85],[11,23,41],[16,59,81],[18,48,57],[24,33,55],[13,53,75],[12,41,45],[7,23,44],[2,85,108],[17,84,106],
[11,21,117],[8,87,98],[6,7,39],[4,18,37],[4,22,36],[15,39,74],[36,62,83],[14,32,80],[30,45,78],[27,65,103],
[3,76,92],[2,22,90],[27,31,100],[20,21,102],[30,36,97],[6,58,64],[15,61,104],[12,18,90],[17,53,77],[36,79,91],
[4,29,32],[13,63,90],[5,48,69],[93,103,108],[24,44,67],[6,11,75],[13,50,71],[4,25,73],[11,13,112],[61,81,96],
[12,62,87],[7,61,111],[31,34,58],[5,56,90],[37,54,83],[1,12,47],[16,43,64],[19,42,48],[62,63,96],[61,94,101],
[19,62,86],[17,23,113],[30,47,55],[33,49,73],[36,44,108],[20,23,49],[1,10,14],[22,26,28],[7,10,56],[34,61,82],
[12,68,71],[9,61,66],[8,14,65],[3,7,21],[2,35,59],[9,18,42],[21,25,26],[24,25,59],[45,69,86],[1,29,44],
[6,10,20],[5,6,17],[16,37,68],[3,60,78],[11,40,93],[2,55,107],[1,39,73],[10,33,52],[36,41,96],[26,31,75],
[16,58,76],[5,14,64],[38,55,73],[1,3,52],[25,43,69],[22,29,48],[38,43,81],[24,28,42],[8,12,22],[25,45,68],
[17,21,83],[113,115,116],[111,115,117],[108,116,117],[106,114,116],[103,113,114],[101,112,115],[99,110,113],[95,111,112],[93,110,115],
[91,109,117],[89,107,116],[87,105,111],[82,108,109],[80,106,107],[78,105,117],[76,104,114],[74,102,115],[72,100,113],[70,98,108],
[69,97,106],[63,103,104],[65,101,102],[60,99,100],[59,98,116],[57,97,114],[55,96,112],[53,94,110],[51,92,117],[49,90,116],
[63,88,111],[46,86,103],[45,85,101],[44,84,99],[54,95,96],[38,93,94],[50,91,92],[40,89,90],[35,87,88],[66,86,113],
[34,85,112],[32,84,110],[42,83,109],[31,81,107],[77,79,105],[74,77,114],[57,75,115],[51,73,113],[54,71,108],[38,70,106],
[27,68,95],[67,88,93],[25,66,91],[24,65,89],[23,87,94],[72,82,83],[80,81,92],[19,78,79],[30,76,77],[60,74,75],
[72,73,85],[40,70,71],[15,69,70],[68,97,111],[41,67,115],[49,66,109],[62,65,107],[14,94,105],[22,64,104],[33,62,102],
[13,61,100],[56,84,98],[54,58,97],[51,56,112],[49,54,110],[34,52,117],[32,50,116],[48,89,111],[47,92,103],[19,99,101],
[46,82,99],[43,67,82],[11,42,80],[46,71,78],[28,41,76],[9,50,74],[8,40,72],[7,70,79],[35,69,109],[63,64,101],
[60,61,77],[16,59,84],[48,57,58],[24,55,56],[53,54,75],[35,51,52],[49,50,95],[48,63,66],[46,47,85],[41,45,99],
[23,44,46],[43,85,108],[42,84,106],[21,46,117],[41,51,104],[37,50,102],[40,43,100],[8,79,98],[3,97,109],[6,39,96],
[52,68,94],[18,37,92],[43,79,90],[4,36,88],[39,86,105],[33,84,92],[53,89,109],[39,74,107],[57,72,105],[62,83,114],
[14,80,115],[30,78,113],[58,74,108],[29,72,106],[28,95,107],[26,77,93],[16,87,91],[27,87,103],[34,63,98],[3,65,76],
[2,22,60],[27,59,100],[47,57,88],[20,21,55],[12,53,59],[30,51,80],[30,36,49],[32,60,63],[6,46,58],[40,45,114],
[15,44,104],[39,54,91],[38,52,89],[35,36,56],[9,66,105],[34,58,73],[29,32,33],[9,42,53],[8,31,39],[52,72,77],
[15,74,83],[57,80,82],[29,38,41],[27,28,66],[26,65,88],[21,25,87],[24,59,111],[7,23,27],[34,65,103],[76,94,101],
[22,99,105],[15,27,116],[5,88,114],[21,89,96],[59,74,94],[18,30,90],[60,86,88],[45,58,86],[2,85,114],[17,84,104],
[1,29,83],[10,20,81],[4,18,77],[75,84,86],[5,17,71],[16,37,70],[29,68,98],[20,67,97],[18,94,107],[72,91,104],
[29,51,102],[20,49,100],[32,97,101],[37,104,112],[43,64,110],[8,65,117],[3,60,116],[33,49,103],[20,82,102],[12,80,100],
[10,56,78],[9,69,76],[67,70,95],[11,69,93],[38,62,86],[2,50,55],[17,40,53],[6,11,35],[11,66,112],[28,34,71],
[26,32,70],[15,42,47],[5,31,56],[17,24,57],[16,51,75],[14,35,54],[38,78,95],[1,27,73],[10,33,88],[25,60,112],
[24,85,110],[23,41,96],[20,76,92],[19,74,90],[15,16,39],[30,97,98],[36,41,97],[48,49,73],[14,18,64],[22,36,91],
[13,20,45],[56,63,90],[54,83,101],[23,49,64],[19,21,64],[19,59,82],[11,12,41],[10,50,71],[5,28,69],[9,93,108],
[8,66,106],[7,44,67],[40,62,93],[55,79,91],[6,87,98],[11,23,113],[13,71,112],[1,70,110],[5,72,81],[51,79,93],
[24,31,75],[4,73,75],[35,68,71],[25,68,73],[24,33,67],[27,65,110],[61,94,96],[12,47,62],[7,56,61],[4,37,54],
[50,67,105],[1,14,47],[38,81,99],[9,18,46],[19,42,86],[31,79,102],[4,100,109],[63,96,106],[64,89,92],[14,85,91],
[78,84,89],[81,96,109],[2,35,115],[17,95,113],[18,57,95],[7,39,57],[30,45,55],[36,44,53],[46,80,98],[3,45,78],
[2,44,108],[19,37,68],[27,30,31],[1,3,40],[2,10,15],[2,41,107],[10,14,99],[22,23,26],[13,33,53],[1,13,39],
[9,34,61],[8,14,32],[3,15,92],[22,48,67],[11,21,102],[12,18,71],[7,21,83],[35,59,81],[47,55,107],[53,56,77],
[9,20,23],[17,21,85],[3,4,52],[6,17,106],[16,68,76],[4,25,47],[38,39,73],[5,48,52],[16,93,103],[3,21,26],
[2,25,59],[7,30,47],[1,12,44],[36,103,108],[37,60,78],[31,58,76],[10,69,86],[3,7,111],[13,62,63],[1,61,101],
[9,33,52],[8,13,50],[43,48,69],[28,42,102],[11,40,117],[36,79,83],[26,28,37],[25,26,43],[8,22,28],[19,62,87],
[61,82,111],[13,58,90],[61,81,104],[31,34,82],[4,32,80],[29,34,44],[6,20,32],[24,25,42],[17,23,77],[16,43,81],
[18,42,48],[11,13,75],[8,12,87],[6,7,10],[4,22,29],[36,62,96],[2,5,90],[26,31,100],[5,6,64],[15,61,66],
[5,14,65],[17,37,83],[38,43,55],[19,29,48],[24,28,44],[6,26,75],[33,55,73],[12,45,68],[12,22,90],[16,58,64],
[25,45,69],[1,10,52]];
###############################################################

#SurfaceInfo: 81 Vertices, 1053 Edges, 702 Faces, IsOrientable=true
 #Vertices of faces:
vof4:=[[79,80,81],[77,78,80],[75,76,81],[74,77,79],[72,73,79],[70,71,78],[69,75,80],[67,68,80],[66,67,76],[64,65,74],
[63,72,81],[62,70,77],[60,61,81],[58,59,77],[57,60,73],[56,58,71],[54,55,69],[53,67,78],[52,67,75],[51,64,79],
[50,70,79],[48,49,78],[46,47,75],[45,48,68],[44,46,66],[43,65,72],[41,42,63],[39,40,62],[38,60,76],[37,58,74],
[36,60,72],[35,58,70],[37,54,80],[34,64,80],[33,58,76],[31,32,74],[30,49,72],[29,42,70],[28,33,61],[27,31,59],
[26,49,57],[42,54,56],[25,55,77],[24,36,53],[23,35,52],[22,44,51],[34,70,73],[23,48,71],[21,46,69],[28,48,67],
[27,46,67],[25,64,72],[21,41,81],[39,63,77],[53,54,81],[20,75,77],[19,46,73],[19,71,72],[17,18,69],[16,32,67],
[15,65,67],[14,24,64],[13,19,50],[19,41,49],[17,39,47],[12,32,45],[41,44,65],[24,39,43],[11,42,75],[40,52,79],
[10,38,62],[28,37,46],[12,27,36],[10,25,35],[16,26,37],[20,64,68],[12,33,66],[10,31,65],[49,51,63],[9,42,62],
[13,33,60],[31,41,58],[39,49,60],[42,57,58],[11,54,77],[9,36,78],[35,74,75],[44,53,79],[38,41,79],[37,39,78],
[31,72,75],[15,42,68],[48,66,77],[8,20,63],[7,11,62],[6,18,60],[5,58,61],[4,55,60],[7,10,54],[4,15,34],
[48,58,64],[15,32,36],[20,30,35],[11,29,44],[18,28,40],[8,27,61],[26,55,64],[36,54,76],[6,24,70],[23,36,80],
[22,35,80],[5,34,52],[23,38,51],[13,21,49],[8,28,57],[5,11,27],[25,38,52],[6,21,56],[5,12,63],[31,54,61],
[50,59,75],[19,40,57],[8,19,56],[5,17,55],[32,53,69],[3,52,65],[3,24,51],[19,45,70],[4,19,48],[17,46,64],
[32,44,48],[46,65,71],[24,45,72],[41,43,75],[6,39,79],[3,62,76],[3,28,74],[27,69,72],[25,70,81],[26,38,80],
[21,35,76],[44,63,74],[17,72,77],[60,67,70],[4,61,65],[24,33,59],[33,57,75],[31,56,79],[26,50,53],[2,43,52],
[1,6,51],[8,22,70],[7,17,48],[24,46,50],[2,40,48],[2,5,41],[1,38,39],[4,29,53],[2,20,33],[33,46,54],
[4,18,62],[16,25,50],[15,26,43],[6,14,54],[8,13,23],[7,22,41],[32,39,50],[12,40,75],[41,62,73],[28,39,71],
[10,22,67],[12,62,81],[10,28,77],[16,27,81],[12,34,37],[10,23,69],[45,51,58],[4,9,32],[13,32,71],[26,41,45],
[6,30,57],[11,34,36],[9,17,43],[24,40,74],[8,30,53],[17,41,50],[47,68,72],[15,22,45],[20,24,42],[11,30,40],
[18,38,63],[37,61,62],[1,36,55],[1,10,37],[15,27,64],[29,33,48],[2,15,31],[20,49,54],[18,26,33],[49,55,66],
[42,65,76],[36,66,70],[17,44,80],[1,52,73],[21,51,71],[1,13,69],[57,62,67],[11,67,79],[52,64,78],[34,56,81],
[12,23,77],[27,51,73],[9,25,71],[26,69,74],[29,50,55],[2,49,76],[10,19,47],[43,60,80],[38,56,68],[14,25,36],
[13,35,66],[9,22,37],[1,11,31],[10,49,68],[34,42,46],[14,23,33],[13,22,31],[13,30,36],[9,34,35],[18,23,44],
[15,29,38],[2,14,37],[14,19,31],[19,39,42],[8,29,52],[2,7,51],[6,11,68],[4,25,56],[4,10,26],[2,16,64],
[18,35,68],[34,44,61],[23,40,72],[36,51,68],[5,16,60],[38,55,58],[8,51,78],[5,13,75],[5,57,78],[21,40,53],
[3,18,29],[2,3,61],[18,45,66],[28,56,64],[22,59,71],[16,17,45],[43,53,62],[6,20,28],[3,20,25],[3,11,66],
[22,46,81],[32,38,59],[30,61,77],[29,59,67],[4,16,28],[27,33,55],[23,43,59],[6,16,22],[8,34,74],[7,23,53],
[21,50,52],[5,9,21],[4,39,54],[15,19,33],[4,14,17],[7,12,19],[32,40,56],[55,65,73],[24,71,76],[20,26,81],
[37,51,66],[9,65,69],[9,45,63],[52,60,71],[6,58,80],[20,43,78],[8,10,79],[57,68,69],[56,63,69],[14,34,40],
[14,58,73],[5,30,48],[28,47,52],[27,45,57],[3,16,21],[3,55,63],[49,53,65],[45,59,62],[3,27,53],[8,12,26],
[7,14,21],[13,47,63],[15,47,60],[35,48,65],[15,24,44],[14,26,35],[22,43,61],[6,17,59],[5,29,56],[2,12,38],
[7,25,59],[28,59,69],[32,37,76],[4,30,70],[30,45,74],[1,8,15],[1,14,50],[7,27,56],[13,44,54],[16,47,66],
[1,43,57],[16,49,79],[42,55,78],[18,34,47],[23,61,73],[6,13,29],[12,25,47],[10,66,73],[3,9,30],[29,35,41],
[2,39,44],[7,20,29],[2,11,47],[40,68,76],[12,50,78],[21,37,57],[25,31,76],[50,66,74],[5,32,80],[61,63,71],
[20,22,47],[7,46,78],[16,30,31],[1,42,74],[1,9,47],[11,17,73],[14,30,43],[18,21,73],[7,9,68],[1,3,59],
[18,24,81],[77,79,80],[75,80,81],[72,79,81],[70,77,78],[67,78,80],[67,75,76],[64,74,79],[60,76,81],[58,74,77],
[60,72,73],[58,70,71],[54,69,80],[70,73,79],[48,71,78],[46,69,75],[48,67,68],[46,66,67],[64,65,72],[41,63,81],
[39,62,77],[64,68,80],[33,66,76],[31,65,74],[49,63,72],[42,62,70],[33,60,61],[31,58,59],[49,57,60],[42,56,58],
[54,55,77],[36,53,78],[35,52,75],[44,51,79],[54,61,81],[59,75,77],[19,57,73],[19,56,71],[17,55,69],[32,53,67],
[52,65,67],[24,51,64],[19,50,70],[19,48,49],[17,46,47],[32,45,48],[44,46,65],[24,43,72],[41,42,75],[39,40,79],
[38,62,76],[28,37,74],[27,36,72],[25,35,70],[26,37,80],[41,50,79],[39,49,78],[47,72,75],[15,45,68],[44,48,66],
[15,43,65],[20,42,63],[11,40,62],[18,38,60],[37,58,61],[36,55,60],[35,58,76],[10,37,54],[15,34,64],[33,48,58],
[15,31,32],[20,30,49],[11,29,42],[18,28,33],[27,31,61],[26,49,55],[42,54,76],[10,25,77],[24,36,70],[23,35,80],
[22,44,80],[34,52,73],[23,51,71],[13,21,69],[28,57,67],[11,27,67],[25,52,64],[21,56,81],[12,63,77],[34,36,80],
[32,44,74],[30,72,77],[29,67,70],[4,28,61],[27,33,59],[26,33,57],[31,54,56],[4,25,55],[24,50,53],[23,43,52],
[6,22,51],[8,34,70],[7,23,48],[21,46,50],[28,40,48],[27,46,73],[25,71,72],[5,21,41],[38,39,63],[4,53,54],
[20,33,75],[19,33,46],[19,31,72],[4,17,18],[16,32,50],[6,14,24],[8,13,19],[7,19,41],[17,39,50],[12,32,40],
[41,65,73],[24,39,71],[5,11,75],[38,52,79],[10,62,67],[28,46,64],[12,27,81],[16,26,81],[20,35,68],[12,37,66],
[10,65,69],[45,51,63],[4,9,62],[13,60,71],[41,45,58],[39,43,60],[6,57,58],[11,36,54],[9,43,78],[40,74,75],
[8,53,79],[53,62,81],[20,28,77],[18,26,69],[16,67,79],[15,60,67],[14,58,64],[13,29,50],[2,41,49],[19,39,47],
[12,19,45],[17,41,44],[2,40,52],[10,38,68],[34,37,46],[12,25,36],[10,35,66],[16,22,37],[20,26,64],[2,12,33],
[1,10,31],[49,51,68],[9,34,42],[13,23,33],[22,31,41],[42,57,68],[11,66,77],[9,30,36],[34,35,74],[23,44,53],
[29,38,41],[2,37,39],[15,19,42],[17,48,77],[8,20,29],[2,7,11],[6,18,68],[5,34,61],[7,10,22],[4,15,26],
[2,48,64],[1,15,36],[11,34,44],[18,23,40],[8,22,61],[55,64,78],[36,68,76],[6,30,70],[5,52,60],[38,51,58],
[13,49,54],[8,57,78],[6,56,79],[5,12,78],[25,50,59],[21,40,57],[8,56,63],[5,55,63],[27,53,69],[3,29,52],
[2,3,51],[45,66,70],[4,48,65],[22,46,71],[17,45,72],[41,43,62],[6,28,39],[3,25,76],[3,66,74],[23,69,72],
[22,70,81],[32,38,80],[37,51,78],[13,31,75],[7,12,62],[6,60,80],[5,58,80],[4,60,70],[7,46,54],[4,14,34],
[13,32,36],[30,35,48],[15,29,44],[8,15,27],[14,23,36],[13,22,35],[23,38,59],[21,49,53],[8,28,52],[5,27,57],
[25,38,56],[6,16,21],[12,50,75],[14,19,40],[5,9,17],[32,59,69],[3,53,65],[3,20,24],[4,10,19],[16,17,64],
[61,65,71],[24,45,59],[43,57,75],[3,59,62],[3,16,28],[20,25,81],[12,26,38],[14,21,35],[13,44,63],[15,24,33],
[11,31,79],[14,26,50],[2,14,43],[1,6,13],[7,17,59],[2,5,16],[1,38,55],[4,29,56],[14,33,54],[26,43,53],
[6,20,54],[8,12,23],[61,62,73],[28,59,71],[22,59,67],[4,32,39],[32,71,76],[26,45,74],[17,43,80],[24,40,76],
[8,30,74],[11,47,68],[9,22,45],[24,42,74],[30,40,53],[37,57,62],[1,14,37],[27,56,64],[29,33,55],[2,31,76],
[16,49,66],[42,55,65],[36,51,66],[1,11,73],[21,52,71],[1,57,69],[18,34,81],[23,61,77],[21,37,76],[63,69,74],
[1,8,51],[24,46,81],[1,39,42],[7,29,53],[2,20,47],[18,45,62],[16,25,31],[10,28,47],[16,27,45],[12,34,47],
[10,23,73],[9,32,37],[26,35,41],[30,45,57],[40,68,72],[15,22,47],[3,11,30],[18,47,63],[5,29,48],[2,15,38],
[50,55,66],[49,65,76],[1,47,52],[21,51,73],[50,52,78],[34,40,56],[7,27,51],[9,25,47],[7,56,68],[7,14,25],
[13,47,66],[5,13,30],[8,10,26],[16,47,60],[55,58,73],[18,29,35],[2,44,61],[18,66,73],[28,56,69],[30,43,61],
[6,29,59],[3,27,55],[7,9,21],[39,44,54],[14,17,73],[5,32,56],[9,35,65],[9,63,71],[7,20,78],[10,49,79],
[42,46,78],[18,24,44],[14,30,31],[6,11,17],[3,18,21],[3,61,63],[4,16,30],[1,43,59],[9,68,69],[20,22,43],
[1,3,9],[1,50,74]];
###############################################################

#SurfaceInfo: 196 Vertices, 1176 Edges, 784 Faces, IsOrientable=true
 #Vertices of faces:
vof5:=[[194,195,196],[192,193,195],[190,191,194],[189,192,194],[187,188,196],[185,186,195],[184,190,196],[183,184,193],[181,182,194],[179,180,192],
[178,187,195],[177,185,193],[176,178,191],[175,177,189],[173,174,196],[171,172,195],[170,183,190],[169,183,192],[168,181,191],[179,188,189],
[167,169,186],[166,168,184],[164,165,193],[162,163,194],[160,161,192],[159,176,187],[158,175,185],[157,176,190],[156,175,194],[155,173,188],
[154,171,186],[153,157,182],[152,156,180],[151,155,178],[150,154,177],[148,149,191],[146,147,189],[144,145,196],[143,151,195],[141,142,190],
[140,167,183],[139,166,181],[138,179,187],[139,167,185],[137,166,196],[136,164,184],[135,162,182],[134,160,180],[133,138,174],[132,139,172],
[131,137,170],[130,136,169],[129,135,168],[128,134,188],[126,127,186],[124,125,184],[122,123,193],[121,130,192],[119,120,187],[117,118,185],
[116,153,176],[115,152,175],[114,151,173],[113,150,171],[114,153,181],[113,152,179],[112,150,193],[111,148,178],[110,146,177],[109,144,174],
[108,143,172],[141,165,170],[107,114,163],[106,113,161],[105,143,159],[104,112,158],[103,111,157],[110,156,163],[102,109,155],[101,108,154],
[99,100,182],[97,98,180],[95,96,178],[93,94,177],[91,92,191],[89,90,189],[88,103,190],[86,87,183],[84,85,181],[83,133,179],
[82,132,167],[81,131,166],[80,130,164],[79,129,162],[128,157,160],[133,158,173],[80,132,171],[79,131,183],[78,129,191],[77,128,189],
[76,126,169],[106,124,168],[107,122,165],[75,121,161],[119,149,159],[117,147,158],[74,145,158],[80,105,151],[79,108,142],[109,121,140],
[73,78,139],[72,77,138],[71,76,139],[106,137,145],[70,107,136],[69,110,135],[68,75,134],[66,67,174],[65,78,172],[64,90,170],
[63,92,169],[61,62,168],[59,60,188],[58,69,186],[57,70,184],[56,72,187],[55,71,185],[54,94,176],[52,53,175],[50,51,173],
[48,49,171],[47,107,153],[46,106,152],[81,104,150],[103,115,148],[45,146,163],[44,102,144],[43,101,143],[138,141,164],[107,115,162],
[45,106,160],[44,105,176],[43,104,175],[42,102,188],[41,101,186],[49,99,157],[40,97,156],[95,108,155],[93,153,154],[74,91,149],
[89,105,147],[39,88,142],[86,127,140],[84,125,139],[38,123,138],[45,109,130],[44,110,120],[43,75,118],[88,116,154],[37,42,114],
[41,85,113],[49,68,114],[40,62,113],[112,123,153],[74,97,111],[36,105,110],[35,106,109],[34,39,165],[33,42,163],[32,41,161],
[31,70,159],[30,60,157],[29,69,156],[28,87,155],[27,103,154],[26,35,182],[50,95,180],[52,97,178],[36,54,177],[25,68,181],
[24,62,179],[42,60,167],[23,89,166],[22,91,164],[21,55,162],[30,73,160],[20,74,133],[19,105,132],[18,108,131],[73,80,129],
[72,81,128],[71,126,159],[27,124,145],[28,70,122],[56,68,121],[119,148,169],[117,146,170],[74,81,144],[27,108,141],[28,109,167],
[29,73,166],[17,69,182],[68,99,180],[21,66,138],[16,90,137],[75,92,136],[61,133,135],[59,132,134],[38,58,127],[57,125,152],
[15,56,120],[14,55,118],[54,100,116],[52,98,115],[50,96,114],[48,94,113],[29,39,85],[56,83,135],[55,82,134],[31,57,80],
[17,51,79],[21,34,158],[16,79,87],[78,92,133],[77,90,132],[38,76,148],[15,71,149],[14,21,147],[13,112,145],[12,57,151],
[17,19,142],[20,36,140],[11,35,137],[10,53,136],[9,72,135],[8,71,134],[22,101,174],[23,47,172],[24,46,168],[34,48,173],
[7,129,171],[6,144,150],[58,59,148],[5,58,146],[25,76,144],[24,66,143],[37,38,141],[10,107,152],[17,75,104],[37,102,115],
[45,85,101],[62,97,140],[9,95,172],[8,93,123],[91,93,97],[10,36,89],[34,88,121],[86,126,156],[84,124,159],[38,81,122],
[9,110,119],[8,75,117],[11,37,151],[85,96,150],[4,35,174],[34,66,170],[3,70,143],[39,60,111],[26,63,100],[50,64,98],
[52,96,131],[14,25,85],[24,67,83],[42,65,82],[64,81,89],[63,80,91],[55,62,79],[11,15,51],[14,49,96],[25,47,165],
[20,45,54],[4,44,118],[9,22,43],[3,44,94],[13,43,53],[41,69,141],[49,63,128],[40,64,126],[16,62,127],[14,76,125],
[15,77,123],[11,54,130],[4,10,120],[9,35,118],[46,82,116],[33,47,112],[23,32,111],[5,68,165],[12,20,163],[6,19,161],
[18,86,155],[21,30,164],[2,102,162],[4,101,160],[26,122,128],[50,124,126],[1,26,124],[7,40,122],[63,104,119],[31,64,117],
[32,74,131],[4,39,73],[27,51,69],[87,90,116],[18,92,161],[5,61,92],[59,61,90],[32,46,57],[56,71,88],[54,99,137],
[48,93,140],[5,39,84],[31,33,130],[51,129,147],[1,36,121],[22,30,67],[23,29,65],[14,48,51],[7,49,67],[30,59,115],
[29,45,58],[25,44,87],[24,43,103],[16,22,33],[63,67,73],[20,48,149],[7,19,147],[24,27,82],[25,28,83],[5,18,56],
[1,28,60],[17,35,119],[95,99,117],[16,31,99],[3,87,100],[13,98,103],[40,67,94],[18,47,83],[13,20,78],[12,19,77],
[6,76,100],[1,34,149],[53,82,145],[7,10,142],[17,52,136],[66,84,146],[8,22,95],[2,23,93],[2,16,91],[4,89,111],
[29,72,86],[31,84,98],[38,100,104],[15,37,41],[70,83,94],[36,60,142],[18,19,52],[42,78,112],[55,61,116],[1,15,50],
[102,118,125],[8,46,88],[11,12,33],[6,32,96],[2,21,127],[11,26,27],[7,28,53],[3,13,58],[5,12,13],[30,37,127],
[2,10,125],[9,47,86],[3,66,98],[1,53,65],[64,65,72],[26,40,65],[46,120,123],[2,32,120],[6,12,61],[3,6,59],
[41,57,77],[8,23,33],[192,194,195],[190,194,196],[187,195,196],[185,193,195],[183,192,193],[181,191,194],[179,189,192],[176,190,191],
[175,189,194],[173,188,196],[171,186,195],[183,184,190],[179,187,188],[167,185,186],[166,184,196],[164,184,193],[162,182,194],[160,180,192],
[176,178,187],[175,177,185],[153,181,182],[152,179,180],[151,178,195],[150,177,193],[148,178,191],[146,177,189],[144,174,196],[143,172,195],
[141,170,190],[167,169,183],[166,168,181],[133,173,174],[132,171,172],[131,170,183],[130,169,192],[129,168,191],[128,188,189],[126,169,186],
[124,168,184],[122,165,193],[156,163,194],[121,161,192],[119,159,187],[117,158,185],[153,157,176],[152,156,175],[151,155,173],[150,154,171],
[141,164,165],[107,162,163],[106,160,161],[105,159,176],[104,158,175],[103,157,190],[102,155,188],[101,154,186],[99,157,182],[97,156,180],
[95,155,178],[93,154,177],[91,149,191],[89,147,189],[137,145,196],[88,142,190],[86,140,183],[84,139,181],[133,138,179],[132,139,167],
[131,137,166],[130,136,164],[129,135,162],[128,134,160],[119,148,149],[117,146,147],[74,144,145],[105,143,151],[108,141,142],[109,140,167],
[73,139,166],[72,138,187],[71,139,185],[70,136,184],[69,135,182],[68,134,180],[66,138,174],[78,139,172],[90,137,170],[92,136,169],
[61,135,168],[59,134,188],[58,127,186],[57,125,184],[112,123,193],[56,120,187],[55,118,185],[54,116,176],[52,115,175],[50,114,173],
[48,113,171],[107,114,153],[106,113,152],[104,112,150],[103,111,148],[110,146,163],[102,109,144],[101,108,143],[86,126,127],[84,124,125],
[38,122,123],[109,121,130],[110,119,120],[75,117,118],[116,153,154],[107,115,152],[37,114,151],[85,113,150],[68,114,181],[62,113,179],
[97,111,178],[36,110,177],[35,109,174],[95,108,172],[34,165,170],[42,114,163],[41,113,161],[70,143,159],[112,145,158],[60,111,157],
[69,110,156],[28,109,155],[27,108,154],[26,100,182],[50,98,180],[52,96,178],[54,94,177],[78,92,191],[77,90,189],[79,87,183],
[25,85,181],[24,83,179],[42,82,167],[81,89,166],[80,91,164],[55,79,162],[30,157,160],[74,133,158],[80,105,132],[79,108,131],
[73,78,129],[72,77,128],[71,76,126],[106,124,145],[70,107,122],[68,75,121],[54,99,100],[52,97,98],[50,95,96],[48,93,94],
[63,91,92],[64,89,90],[88,103,154],[86,87,155],[39,84,85],[83,133,135],[82,132,134],[74,81,131],[31,80,130],[51,79,129],
[49,128,157],[34,158,173],[80,129,171],[76,148,169],[46,106,168],[47,107,165],[75,92,161],[71,149,159],[21,147,158],[57,80,151],
[17,79,142],[36,121,140],[77,123,138],[76,125,139],[35,106,137],[10,107,136],[9,110,135],[8,75,134],[22,67,174],[23,65,172],
[64,117,170],[63,119,169],[24,62,168],[42,60,188],[41,69,186],[44,94,176],[43,53,175],[48,51,173],[7,49,171],[47,112,153],
[46,57,152],[81,144,150],[59,115,148],[45,58,146],[25,44,144],[24,43,143],[38,138,141],[45,106,109],[44,105,110],[43,75,104],
[37,42,102],[41,85,101],[49,68,99],[40,62,97],[93,123,153],[74,91,97],[36,89,105],[34,39,88],[24,66,67],[42,65,78],
[55,61,62],[30,59,60],[29,58,69],[31,57,70],[56,72,135],[55,71,134],[52,53,136],[15,50,51],[14,48,49],[38,81,104],
[98,103,115],[20,45,163],[44,102,118],[22,43,101],[21,138,164],[102,115,162],[45,101,160],[40,126,156],[18,108,155],[20,74,149],
[19,105,147],[39,60,142],[62,127,140],[45,54,130],[4,44,120],[9,43,118],[46,88,116],[49,96,114],[40,94,113],[32,74,111],
[5,39,165],[12,33,163],[6,32,161],[31,84,159],[29,86,156],[17,35,182],[95,99,180],[28,60,167],[23,29,166],[22,30,164],
[2,21,162],[4,73,160],[20,78,133],[19,77,132],[18,52,131],[81,122,128],[124,126,159],[26,27,124],[7,28,122],[56,88,121],
[29,39,73],[17,51,69],[21,34,66],[16,87,90],[61,92,133],[59,90,132],[38,58,148],[15,56,71],[14,21,55],[33,42,112],
[32,41,57],[25,28,87],[24,27,103],[11,26,35],[20,36,54],[25,68,165],[23,89,111],[16,22,91],[30,67,73],[63,73,80],
[64,72,81],[27,82,145],[28,70,83],[5,56,68],[66,146,170],[27,69,141],[16,99,137],[17,75,136],[37,38,127],[10,125,152],
[15,120,123],[14,118,125],[87,100,116],[29,45,85],[18,56,83],[55,82,116],[16,62,79],[38,76,100],[1,15,149],[14,51,147],
[13,53,145],[11,12,151],[7,19,142],[20,48,140],[11,54,137],[4,101,174],[9,47,172],[6,96,150],[5,84,146],[6,76,144],
[3,66,143],[37,41,141],[17,104,119],[93,97,140],[9,22,95],[8,23,93],[2,91,93],[4,10,89],[11,15,37],[14,85,96],
[4,35,118],[3,70,94],[26,63,128],[50,64,126],[14,25,76],[13,78,112],[12,57,77],[17,19,52],[7,10,53],[9,72,86],
[8,71,88],[23,33,47],[24,46,82],[34,48,149],[7,129,147],[3,58,59],[5,13,58],[30,37,115],[8,46,123],[10,36,142],
[1,34,121],[9,35,119],[8,95,117],[4,39,111],[63,100,104],[31,64,98],[32,96,131],[67,83,94],[53,65,82],[11,27,51],
[25,47,83],[3,44,87],[13,43,103],[49,63,67],[40,64,65],[2,16,127],[11,33,130],[2,10,120],[18,19,161],[1,50,124],
[26,40,122],[31,99,117],[61,90,116],[5,18,92],[5,12,61],[6,59,61],[16,31,33],[1,36,60],[7,40,67],[15,41,77],
[2,23,32],[12,13,20],[6,12,19],[18,47,86],[21,30,127],[2,102,125],[1,26,65],[32,46,120],[29,65,72],[8,22,33],
[1,28,53],[3,6,100],[3,13,98],[66,84,98]];
###############################################################

#SurfaceInfo: 294 Vertices, 1176 Edges, 784 Faces, IsOrientable=true
 #Vertices of faces:
vof6:=[[292,293,294],[290,291,293],[288,289,294],[287,290,292],[285,286,292],[283,284,291],[282,288,293],[280,281,293],[278,279,289],[276,277,287],
[275,285,294],[274,283,290],[272,273,294],[270,271,290],[268,269,286],[266,267,284],[265,281,282],[264,280,291],[263,278,288],[262,276,292],
[260,261,291],[258,259,288],[256,257,281],[254,255,279],[252,253,277],[251,273,275],[250,271,274],[249,272,289],[255,270,287],[248,268,285],
[247,266,283],[245,246,289],[243,244,287],[241,242,285],[239,240,283],[237,238,273],[235,236,271],[233,234,269],[241,267,275],[231,232,265],
[230,261,264],[229,259,263],[228,262,286],[227,260,284],[234,258,282],[226,256,280],[225,254,278],[224,252,276],[222,223,286],[220,221,284],
[218,219,282],[216,217,280],[214,215,278],[212,213,276],[210,211,261],[208,209,259],[206,207,257],[216,253,264],[204,205,251],[202,203,250],
[201,246,249],[200,244,255],[199,242,248],[198,240,247],[197,245,279],[196,243,277],[207,239,274],[195,237,272],[194,235,270],[193,233,268],
[192,241,266],[191,231,281],[189,190,279],[187,188,277],[185,186,275],[183,184,274],[181,182,272],[180,254,270],[178,179,268],[176,177,266],
[174,175,246],[172,173,244],[171,173,242],[170,201,240],[168,169,238],[166,167,236],[181,232,249],[164,165,230],[162,163,229],[161,223,228],
[160,221,227],[159,219,234],[158,217,226],[157,215,225],[156,213,224],[155,222,269],[154,220,267],[165,218,265],[169,214,263],[167,212,262],
[153,210,260],[152,208,258],[151,206,256],[150,216,252],[153,204,273],[149,202,271],[148,184,269],[147,186,267],[145,146,265],[143,144,264],
[142,220,263],[140,141,262],[138,139,260],[137,233,258],[135,136,256],[133,134,254],[131,132,252],[129,130,223],[128,142,221],[127,219,236],
[126,217,238],[125,161,215],[124,160,213],[122,123,211],[135,209,226],[140,205,228],[138,203,227],[120,121,201],[118,119,200],[116,117,199],
[114,115,198],[190,197,206],[188,196,208],[113,184,207],[112,182,195],[111,180,194],[110,179,193],[130,177,192],[109,191,257],[108,189,255],
[107,187,253],[121,185,251],[119,183,250],[124,178,248],[123,176,247],[174,224,245],[106,172,243],[105,171,241],[104,201,239],[103,168,237],
[102,166,235],[101,181,231],[106,164,261],[139,162,259],[100,141,257],[99,144,253],[97,98,251],[95,96,250],[94,104,249],[93,189,248],
[92,187,247],[90,91,245],[88,89,243],[87,206,239],[85,86,237],[98,121,235],[99,107,233],[83,84,231],[82,93,190],[81,92,188],
[80,186,209],[79,182,213],[134,180,211],[78,179,230],[94,177,232],[76,77,175],[75,91,173],[85,173,195],[121,170,194],[90,163,197],
[88,161,196],[74,160,178],[72,73,159],[70,71,158],[68,69,157],[67,79,156],[148,155,168],[147,154,166],[146,165,171],[66,169,220],
[65,141,167],[64,139,153],[63,137,152],[62,136,151],[84,132,150],[61,153,238],[60,149,236],[59,184,234],[145,176,232],[143,178,230],
[73,142,229],[77,133,225],[91,131,224],[129,191,222],[58,127,218],[57,126,216],[56,161,214],[55,160,212],[54,122,210],[53,135,208],
[52,140,204],[69,138,202],[58,120,246],[118,195,244],[91,116,242],[89,114,240],[50,51,229],[49,56,228],[48,55,227],[47,186,226],
[46,145,225],[45,149,222],[44,164,218],[43,168,214],[42,166,212],[41,61,210],[40,64,204],[45,157,202],[39,148,183],[38,47,147],
[37,46,146],[36,144,170],[99,137,175],[37,136,200],[49,134,205],[48,132,203],[35,67,130],[33,34,128],[125,152,196],[45,117,155],
[66,115,154],[32,59,113],[41,54,112],[31,50,111],[30,32,110],[28,29,130],[100,109,122],[108,135,200],[96,119,126],[27,124,189],
[51,123,187],[26,89,106],[34,105,192],[25,87,104],[26,86,103],[24,98,102],[40,84,101],[23,106,211],[22,139,209],[21,141,207],
[97,133,205],[95,131,203],[38,93,199],[32,92,198],[35,107,193],[83,149,191],[29,80,185],[24,79,181],[21,76,174],[22,75,172],
[20,85,171],[32,90,162],[29,88,223],[39,74,221],[72,167,219],[70,169,217],[44,68,215],[18,19,199],[90,116,198],[17,151,197],
[16,144,194],[15,97,193],[35,95,192],[14,120,185],[13,118,183],[19,122,176],[12,156,174],[11,23,172],[26,68,164],[110,138,162],
[10,100,140],[9,16,99],[8,15,98],[35,96,97],[48,94,125],[87,128,190],[8,86,159],[17,84,163],[16,82,111],[7,20,81],
[78,105,165],[71,109,129],[27,69,108],[51,67,107],[12,21,65],[11,22,64],[11,18,63],[6,12,62],[61,76,126],[60,75,127],
[59,85,159],[51,73,79],[19,77,145],[5,44,58],[7,57,150],[7,43,56],[5,42,55],[10,53,188],[40,52,132],[9,58,175],
[89,103,170],[50,83,163],[9,47,158],[46,115,157],[36,101,143],[67,70,129],[33,72,142],[45,115,116],[12,66,114],[54,124,182],
[50,123,180],[14,30,179],[13,28,177],[3,4,158],[66,70,156],[36,103,155],[46,102,154],[13,94,152],[14,78,151],[17,56,150],
[2,74,143],[76,96,133],[4,75,131],[4,9,127],[5,30,120],[28,112,118],[62,88,114],[17,49,78],[43,82,148],[42,81,147],
[30,41,113],[36,40,117],[13,39,63],[2,37,102],[37,57,119],[31,60,83],[4,34,95],[3,25,86],[3,26,71],[8,24,73],
[23,33,134],[22,60,80],[21,61,113],[19,38,100],[14,29,62],[2,24,101],[20,57,146],[39,82,128],[44,55,125],[18,64,117],
[15,69,110],[48,52,104],[16,47,93],[20,59,92],[27,68,71],[18,77,137],[2,6,136],[1,31,112],[1,43,111],[27,54,109],
[15,53,108],[33,49,105],[28,31,80],[6,63,74],[23,65,72],[6,11,65],[10,25,52],[8,25,53],[1,7,42],[1,5,41],
[10,38,81],[3,34,87],[290,292,293],[288,293,294],[285,292,294],[283,290,291],[280,291,293],[278,288,289],[276,287,292],[272,289,294],
[270,287,290],[268,285,286],[266,283,284],[281,282,293],[262,286,292],[260,284,291],[258,282,288],[256,280,281],[254,278,279],[252,276,277],
[273,275,294],[271,274,290],[245,279,289],[243,277,287],[241,275,285],[239,274,283],[237,272,273],[235,270,271],[233,268,269],[241,266,267],
[231,265,281],[261,264,291],[259,263,288],[222,269,286],[220,267,284],[218,265,282],[216,264,280],[214,263,278],[212,262,276],[210,260,261],
[208,258,259],[206,256,257],[254,255,270],[216,252,253],[204,251,273],[202,250,271],[246,249,289],[244,255,287],[242,248,285],[240,247,283],
[191,257,281],[189,255,279],[187,253,277],[185,251,275],[183,250,274],[181,249,272],[178,248,268],[176,247,266],[174,245,246],[172,243,244],
[171,241,242],[201,239,240],[168,237,238],[166,235,236],[233,234,258],[181,231,232],[164,230,261],[162,229,259],[223,228,286],[221,227,284],
[219,234,282],[217,226,280],[215,225,278],[213,224,276],[153,238,273],[149,236,271],[184,234,269],[186,267,275],[145,232,265],[143,230,264],
[142,229,263],[140,228,262],[138,227,260],[135,226,256],[133,225,254],[131,224,252],[129,222,223],[142,220,221],[127,218,219],[126,216,217],
[161,214,215],[160,212,213],[122,210,211],[135,208,209],[206,207,239],[140,204,205],[138,202,203],[120,201,246],[118,200,244],[116,199,242],
[114,198,240],[190,197,279],[188,196,277],[184,207,274],[182,195,272],[180,194,270],[179,193,268],[177,192,266],[106,211,261],[139,209,259],
[141,207,257],[144,253,264],[97,205,251],[95,203,250],[104,201,249],[108,200,255],[93,199,248],[92,198,247],[90,197,245],[88,196,243],
[85,195,237],[121,194,235],[107,193,233],[105,192,241],[83,191,231],[93,189,190],[92,187,188],[80,185,186],[148,183,184],[79,181,182],
[134,180,254],[178,179,230],[176,177,232],[76,174,175],[75,172,173],[85,171,173],[121,170,201],[168,169,214],[166,167,212],[164,165,218],
[90,162,163],[88,161,223],[74,160,221],[72,159,219],[70,158,217],[68,157,215],[79,156,213],[148,155,269],[147,154,267],[146,165,265],
[169,220,263],[141,167,262],[139,153,260],[137,152,258],[136,151,256],[132,150,252],[58,175,246],[173,195,244],[91,173,242],[89,170,240],
[169,217,238],[167,219,236],[94,232,249],[78,165,230],[50,163,229],[56,161,228],[55,160,227],[59,159,234],[47,158,226],[46,157,225],
[156,174,224],[45,155,222],[66,154,220],[61,153,210],[152,196,208],[151,197,206],[57,150,216],[64,153,204],[45,149,202],[47,147,186],
[46,145,146],[36,143,144],[100,140,141],[138,139,162],[99,137,233],[135,136,200],[133,134,205],[131,132,203],[67,129,130],[33,128,142],
[60,127,236],[61,126,238],[125,161,196],[124,160,178],[122,123,176],[120,121,185],[118,119,183],[45,116,117],[66,114,115],[87,190,206],
[53,188,208],[59,113,184],[54,112,182],[50,111,180],[30,110,179],[28,130,177],[100,109,257],[99,107,253],[98,121,251],[96,119,250],
[124,189,248],[123,187,247],[91,224,245],[89,106,243],[87,104,239],[86,103,237],[98,102,235],[84,101,231],[29,130,223],[39,128,221],
[44,125,215],[124,182,213],[123,180,211],[186,209,226],[49,205,228],[48,203,227],[37,119,200],[18,117,199],[115,116,198],[21,113,207],
[112,118,195],[16,111,194],[15,110,193],[35,130,192],[109,129,191],[27,108,189],[51,107,187],[23,106,172],[105,165,171],[103,155,168],
[102,154,166],[24,101,181],[26,106,164],[16,99,144],[15,97,98],[35,95,96],[48,94,104],[90,91,116],[88,89,114],[85,86,159],
[83,84,163],[16,82,93],[20,81,92],[22,80,209],[23,134,211],[76,77,133],[75,91,131],[74,143,178],[72,73,142],[70,71,129],
[27,68,69],[51,67,79],[43,148,168],[42,147,166],[20,146,171],[21,65,141],[22,64,139],[18,63,137],[6,62,136],[40,84,132],
[51,73,229],[77,145,225],[149,191,222],[44,58,218],[43,56,214],[42,55,212],[41,54,210],[40,52,204],[69,157,202],[82,128,190],
[10,81,188],[14,78,179],[13,94,177],[77,137,175],[144,170,194],[17,163,197],[8,73,159],[3,71,158],[67,70,156],[66,70,169],
[65,72,167],[13,63,152],[14,62,151],[17,84,150],[60,83,149],[19,145,176],[9,58,127],[57,119,126],[54,109,122],[53,108,135],
[10,52,140],[69,110,138],[5,58,120],[50,51,123],[17,49,56],[48,55,125],[44,68,164],[41,61,113],[40,64,117],[45,115,157],
[13,39,183],[38,47,93],[37,46,102],[36,103,170],[9,99,175],[35,67,107],[33,34,105],[32,59,92],[31,50,83],[30,32,113],
[28,29,80],[19,100,122],[76,96,126],[26,89,103],[34,95,192],[3,25,87],[3,26,86],[8,24,98],[19,38,199],[32,90,198],
[35,97,193],[14,29,185],[12,21,174],[11,22,172],[32,110,162],[39,82,148],[38,81,147],[37,57,146],[2,37,136],[33,49,134],
[48,52,132],[34,87,128],[94,125,152],[36,117,155],[46,115,154],[1,41,112],[1,31,111],[27,54,124],[25,52,104],[2,24,102],
[36,40,101],[96,97,133],[4,95,131],[24,73,79],[21,61,76],[22,60,75],[20,59,85],[29,62,88],[39,63,74],[18,19,77],
[17,78,151],[14,30,120],[13,28,118],[12,66,156],[11,23,65],[26,68,71],[9,16,47],[8,15,53],[7,20,57],[11,18,64],
[6,12,65],[4,75,127],[5,44,55],[7,56,150],[1,7,43],[1,5,42],[4,9,158],[2,101,143],[12,62,114],[10,38,100],
[8,25,86],[43,82,111],[7,42,81],[49,78,105],[27,71,109],[15,69,108],[6,11,63],[10,25,53],[23,33,72],[3,4,34],
[2,6,74],[5,30,41],[28,31,112],[31,60,80]];
###############################################################

#SurfaceInfo: 196 Vertices, 1176 Edges, 784 Faces, IsOrientable=true
 #Vertices of faces:
vof7:=[[194,195,196],[192,193,195],[190,191,194],[189,192,194],[187,188,196],[185,186,195],[184,190,196],[183,184,193],[181,182,194],[179,180,192],
[178,187,195],[177,185,193],[176,178,191],[175,177,189],[173,174,196],[171,172,195],[170,183,190],[169,183,192],[168,181,191],[179,188,189],
[167,169,186],[166,168,184],[164,165,193],[162,163,194],[160,161,192],[159,176,187],[158,175,185],[157,176,190],[156,175,194],[155,173,188],
[154,171,186],[153,157,182],[152,156,180],[151,155,178],[150,154,177],[148,149,191],[146,147,189],[144,145,196],[143,151,195],[141,142,190],
[140,167,183],[139,166,181],[138,179,187],[137,167,185],[136,166,196],[135,164,184],[134,162,182],[133,160,180],[132,138,174],[131,137,172],
[130,136,170],[129,135,169],[128,134,168],[127,133,188],[125,126,186],[123,124,184],[121,122,193],[120,129,192],[118,119,187],[116,117,185],
[115,153,176],[114,152,175],[113,151,173],[112,150,171],[111,153,181],[110,152,179],[109,150,193],[108,148,178],[107,146,177],[106,144,174],
[105,143,172],[141,165,170],[104,111,163],[103,110,161],[102,143,159],[101,109,158],[100,108,157],[107,156,163],[99,106,155],[98,105,154],
[96,97,182],[94,95,180],[93,95,178],[91,92,177],[89,90,191],[87,88,189],[86,100,190],[84,85,183],[82,83,181],[81,132,179],
[80,131,167],[79,130,166],[78,129,164],[77,128,162],[89,127,160],[91,132,173],[76,131,171],[75,130,183],[74,128,191],[73,127,189],
[72,125,169],[103,123,168],[104,121,165],[71,120,161],[118,149,159],[116,147,158],[70,91,145],[76,102,151],[75,105,142],[106,120,140],
[69,74,139],[68,73,138],[67,72,137],[103,136,145],[66,104,135],[65,107,134],[69,71,133],[63,64,174],[61,62,172],[60,147,170],
[59,149,169],[58,137,168],[56,57,188],[55,139,186],[54,66,184],[53,68,187],[52,67,185],[51,92,176],[49,50,175],[47,48,173],
[45,46,171],[44,104,153],[43,103,152],[42,101,150],[80,100,148],[41,146,163],[40,99,144],[64,98,143],[56,141,164],[104,114,162],
[39,103,160],[39,102,176],[38,101,175],[37,99,188],[36,98,186],[35,96,157],[34,94,156],[93,105,155],[91,153,154],[70,89,149],
[87,102,147],[33,86,142],[84,126,140],[82,124,139],[32,56,122],[39,106,129],[39,107,119],[38,71,117],[86,115,154],[31,37,113],
[36,112,128],[30,35,111],[34,58,110],[109,122,153],[29,70,108],[28,102,107],[42,103,106],[31,33,165],[27,62,163],[25,26,161],
[24,124,159],[23,158,174],[67,133,157],[65,126,156],[85,111,155],[100,110,154],[25,113,182],[35,112,180],[22,29,178],[28,51,177],
[21,30,181],[20,58,179],[37,57,167],[18,19,166],[16,17,164],[15,72,162],[13,14,160],[70,78,132],[79,102,131],[38,105,130],
[69,98,128],[44,68,127],[43,67,125],[12,123,145],[11,66,121],[33,69,120],[118,121,148],[116,123,146],[70,79,144],[105,110,141],
[106,111,167],[28,69,166],[46,65,182],[10,69,180],[45,63,138],[61,90,137],[9,60,136],[59,71,135],[132,134,137],[56,131,133],
[32,126,139],[54,124,152],[8,53,119],[52,77,117],[51,97,115],[49,95,114],[47,95,113],[45,92,112],[10,90,121],[7,88,123],
[28,33,83],[53,81,134],[52,80,133],[6,54,78],[46,77,99],[10,89,98],[45,59,91],[60,76,90],[9,75,85],[74,90,132],
[73,88,131],[32,47,72],[8,101,149],[6,77,147],[5,62,145],[4,26,151],[23,50,142],[24,92,140],[30,138,165],[42,97,136],
[50,76,135],[68,75,134],[78,96,172],[45,77,170],[8,47,169],[20,43,168],[16,59,173],[18,60,171],[15,40,150],[3,52,148],
[2,29,146],[35,36,144],[21,34,143],[32,41,141],[76,104,152],[53,71,101],[31,65,99],[30,38,96],[58,94,115],[14,93,172],
[5,91,122],[17,29,89],[19,28,87],[8,31,86],[84,87,125],[82,93,123],[32,42,121],[75,107,118],[71,116,157],[31,43,151],
[99,128,150],[15,42,174],[13,31,170],[27,57,111],[25,55,110],[1,24,143],[22,23,109],[33,67,108],[10,97,113],[7,95,112],
[22,95,130],[21,40,83],[20,64,81],[37,62,80],[18,79,147],[16,78,149],[58,72,77],[13,57,89],[55,74,87],[6,66,93],
[8,43,48],[21,44,165],[2,22,80],[41,51,63],[14,64,66],[13,56,65],[24,57,114],[23,39,55],[1,39,92],[22,38,50],
[36,55,141],[10,35,116],[7,16,34],[9,68,126],[2,40,124],[3,26,122],[1,97,129],[19,55,119],[30,117,119],[44,62,109],
[19,108,114],[63,80,163],[41,61,161],[40,72,159],[13,64,158],[9,16,156],[38,84,155],[29,65,164],[4,24,162],[15,23,160],
[11,21,127],[12,20,125],[18,108,120],[10,12,118],[7,113,116],[70,114,130],[28,59,63],[53,60,61],[60,81,85],[59,83,161],
[3,56,88],[2,47,139],[26,43,54],[6,9,52],[51,54,96],[49,94,144],[47,93,146],[7,44,87],[33,82,138],[6,115,129],
[66,98,127],[32,101,159],[6,82,158],[4,76,124],[23,25,75],[24,27,120],[8,30,73],[62,74,78],[16,48,112],[11,18,46],
[29,41,126],[35,40,85],[34,64,100],[25,37,54],[9,17,115],[79,94,122],[25,46,118],[13,45,82],[11,48,92],[11,50,90],
[12,88,97],[26,73,79],[44,125,145],[12,27,142],[11,34,140],[1,52,136],[49,53,135],[42,88,148],[14,84,96],[5,86,94],
[4,73,86],[5,74,84],[48,67,142],[1,2,21],[20,22,63],[37,51,61],[2,81,100],[7,68,140],[26,36,41],[4,15,17],
[14,15,19],[1,3,81],[17,58,117],[17,19,57],[5,14,119],[4,5,117],[20,27,109],[49,61,83],[3,36,49],[18,27,48],
[12,46,50],[3,83,85],[192,194,195],[190,194,196],[187,195,196],[185,193,195],[183,192,193],[181,191,194],[179,189,192],[176,190,191],
[175,189,194],[173,188,196],[171,186,195],[183,184,190],[179,187,188],[167,185,186],[166,184,196],[164,184,193],[162,182,194],[160,180,192],
[176,178,187],[175,177,185],[153,181,182],[152,179,180],[151,178,195],[150,177,193],[148,178,191],[146,177,189],[144,174,196],[143,172,195],
[141,170,190],[167,169,183],[166,168,181],[132,173,174],[131,171,172],[130,170,183],[129,169,192],[128,168,191],[127,188,189],[125,169,186],
[123,168,184],[121,165,193],[156,163,194],[120,161,192],[118,159,187],[116,158,185],[153,157,176],[152,156,175],[151,155,173],[150,154,171],
[141,164,165],[104,162,163],[103,160,161],[102,159,176],[101,158,175],[100,157,190],[99,155,188],[98,154,186],[96,157,182],[94,156,180],
[93,155,178],[91,154,177],[89,149,191],[87,147,189],[136,145,196],[86,142,190],[84,140,183],[82,139,181],[132,138,179],[131,137,167],
[130,136,166],[129,135,164],[128,134,162],[127,133,160],[118,148,149],[116,146,147],[70,144,145],[102,143,151],[105,141,142],[106,140,167],
[69,139,166],[68,138,187],[67,137,185],[66,135,184],[65,134,182],[69,133,180],[63,138,174],[61,137,172],[60,136,170],[59,135,169],
[134,137,168],[56,133,188],[126,139,186],[54,124,184],[109,122,193],[53,119,187],[52,117,185],[51,115,176],[49,114,175],[47,113,173],
[45,112,171],[104,111,153],[103,110,152],[101,109,150],[100,108,148],[107,146,163],[99,106,144],[98,105,143],[84,125,126],[82,123,124],
[32,121,122],[106,120,129],[107,118,119],[71,116,117],[115,153,154],[104,114,152],[31,113,151],[112,128,150],[30,111,181],[58,110,179],
[29,108,178],[28,107,177],[42,106,174],[93,105,172],[31,165,170],[27,111,163],[25,110,161],[24,143,159],[23,109,158],[67,108,157],
[65,107,156],[106,111,155],[105,110,154],[97,113,182],[95,112,180],[22,95,178],[51,92,177],[74,90,191],[73,88,189],[75,85,183],
[21,83,181],[20,81,179],[37,80,167],[18,79,166],[16,78,164],[72,77,162],[13,89,160],[70,91,132],[76,102,131],[75,105,130],
[69,74,128],[68,73,127],[67,72,125],[103,123,145],[66,104,121],[69,71,120],[51,96,97],[49,94,95],[47,93,95],[45,91,92],
[10,89,90],[7,87,88],[86,100,154],[84,85,155],[33,82,83],[81,132,134],[80,131,133],[70,79,130],[6,78,129],[77,99,128],
[89,98,127],[59,91,173],[60,76,171],[47,72,169],[43,103,168],[44,104,165],[59,71,161],[101,149,159],[6,147,158],[5,91,145],
[4,76,151],[23,75,142],[24,120,140],[55,74,139],[30,73,138],[58,72,137],[42,103,136],[76,104,135],[75,107,134],[71,133,157],
[64,158,174],[62,78,172],[77,147,170],[8,149,169],[20,58,168],[37,57,188],[36,55,186],[39,92,176],[38,50,175],[16,48,173],
[18,46,171],[44,109,153],[43,54,152],[15,42,150],[52,80,148],[29,41,146],[35,40,144],[34,64,143],[32,56,141],[39,103,106],
[39,102,107],[38,71,101],[31,37,99],[36,98,128],[30,35,96],[34,58,94],[91,122,153],[29,70,89],[28,87,102],[31,33,86],
[20,63,64],[37,61,62],[18,60,147],[16,59,149],[13,56,57],[6,54,66],[53,68,134],[52,67,133],[49,50,135],[8,47,48],
[45,46,77],[32,42,101],[2,80,100],[41,63,163],[40,99,150],[64,66,98],[56,65,164],[24,114,162],[23,39,160],[35,116,157],
[16,34,156],[38,105,155],[70,78,149],[79,102,147],[33,67,142],[68,126,140],[2,124,139],[3,56,122],[1,39,129],[39,55,119],
[30,38,117],[86,94,115],[25,37,113],[35,36,112],[35,85,111],[34,100,110],[70,108,114],[33,138,165],[62,80,163],[26,41,161],
[40,124,159],[9,126,156],[25,46,182],[10,35,180],[57,111,167],[19,28,166],[17,29,164],[4,15,162],[14,15,160],[74,78,132],
[73,79,131],[22,38,130],[21,44,127],[20,43,125],[12,88,123],[11,90,121],[33,108,120],[10,118,121],[7,116,123],[28,33,69],
[46,65,99],[10,69,98],[45,59,63],[60,61,90],[9,60,85],[90,132,137],[56,88,131],[32,47,139],[8,53,101],[6,52,77],
[27,62,109],[25,26,54],[4,24,124],[15,23,174],[29,65,126],[2,22,29],[28,51,63],[21,30,165],[18,19,108],[9,16,17],
[15,40,72],[13,14,64],[7,44,68],[43,48,67],[12,125,145],[11,66,127],[42,121,148],[93,123,146],[79,94,144],[55,110,141],
[45,82,138],[9,52,136],[53,71,135],[32,41,126],[76,124,152],[8,30,119],[58,77,117],[97,115,129],[95,114,130],[7,95,113],
[48,92,112],[28,59,83],[53,60,81],[54,78,96],[50,76,90],[9,68,75],[32,72,159],[44,62,145],[26,43,151],[12,50,142],
[11,92,140],[1,97,136],[14,96,172],[13,45,170],[3,88,148],[2,47,146],[36,49,144],[1,21,143],[36,41,141],[38,84,96],
[14,66,93],[17,57,89],[19,55,87],[8,73,86],[74,84,87],[6,82,93],[8,31,43],[13,31,65],[24,27,57],[23,25,55],
[1,24,92],[22,23,50],[10,113,116],[7,16,112],[2,21,40],[5,62,74],[4,26,73],[42,88,97],[1,3,52],[11,21,34],
[17,58,115],[5,94,122],[44,87,125],[25,75,118],[20,22,109],[10,12,97],[40,83,85],[64,81,100],[22,63,80],[41,51,61],
[19,57,114],[7,34,140],[26,79,122],[14,19,119],[5,117,119],[61,83,161],[13,82,158],[18,27,120],[12,46,118],[49,53,61],
[37,51,54],[6,9,115],[11,18,48],[3,26,36],[12,20,27],[3,81,85],[11,46,50],[27,48,142],[4,5,86],[5,14,84],
[1,2,81],[4,17,117],[15,17,19],[3,49,83]];
###############################################################

#SurfaceInfo: 294 Vertices, 1176 Edges, 784 Faces, IsOrientable=true
 #Vertices of faces:
vof8:=[[292,293,294],[290,291,293],[288,289,294],[287,290,292],[285,286,292],[283,284,291],[282,288,293],[280,281,293],[278,279,289],[276,277,287],
[275,285,294],[274,283,290],[272,273,294],[270,271,290],[268,269,286],[266,267,284],[265,281,282],[264,280,291],[263,278,288],[262,276,292],
[260,261,291],[258,259,288],[256,257,281],[254,255,279],[252,253,277],[251,273,275],[250,271,274],[249,272,289],[255,270,287],[248,268,285],
[247,266,283],[245,246,289],[243,244,287],[241,242,285],[239,240,283],[237,238,273],[235,236,271],[233,234,269],[241,267,275],[231,232,265],
[230,261,264],[229,259,263],[228,262,286],[227,260,284],[234,258,282],[226,256,280],[225,254,278],[224,252,276],[222,223,286],[220,221,284],
[218,219,282],[216,217,280],[214,215,278],[212,213,276],[210,211,261],[208,209,259],[206,207,257],[216,253,264],[204,205,251],[202,203,250],
[201,246,249],[200,244,255],[199,242,248],[198,240,247],[197,245,279],[196,243,277],[207,239,274],[195,237,272],[194,235,270],[193,233,268],
[192,241,266],[191,231,281],[189,190,279],[187,188,277],[185,186,275],[183,184,274],[181,182,272],[180,254,270],[178,179,268],[176,177,266],
[174,175,246],[172,173,244],[170,171,242],[169,201,240],[167,168,238],[165,166,236],[181,232,249],[163,164,230],[161,162,229],[160,223,228],
[159,221,227],[158,219,234],[157,217,226],[156,215,225],[155,213,224],[154,222,269],[153,220,267],[164,218,265],[168,214,263],[166,212,262],
[152,210,260],[151,208,258],[150,206,256],[149,216,252],[148,204,273],[147,202,271],[145,146,269],[144,186,267],[142,143,265],[140,141,264],
[138,139,263],[136,137,262],[134,135,260],[133,233,258],[131,132,256],[129,130,254],[127,128,252],[125,126,223],[123,124,221],[121,122,219],
[119,120,217],[135,160,215],[118,159,213],[117,139,211],[131,209,226],[136,205,228],[134,203,227],[115,116,201],[113,114,200],[112,120,199],
[111,122,198],[190,197,206],[188,196,208],[110,184,207],[109,182,195],[108,180,194],[107,179,193],[106,177,192],[105,191,257],[104,189,255],
[103,187,253],[116,185,251],[114,183,250],[118,178,248],[139,176,247],[102,174,245],[101,172,243],[100,170,241],[99,201,239],[98,167,237],
[97,165,235],[96,181,231],[95,163,261],[94,161,259],[92,93,257],[91,141,253],[89,90,251],[88,102,250],[87,99,249],[85,86,248],
[84,107,247],[82,83,245],[81,87,243],[80,206,239],[78,79,237],[90,116,235],[91,103,233],[76,77,231],[74,75,190],[72,73,188],
[70,71,186],[69,126,184],[128,182,203],[68,130,180],[83,179,230],[87,177,232],[67,86,175],[66,84,173],[78,171,195],[116,169,194],
[82,162,197],[81,160,196],[74,159,178],[65,97,158],[68,98,157],[64,71,156],[63,69,155],[146,154,167],[144,153,165],[143,164,170],
[84,139,168],[62,137,166],[61,135,152],[60,133,151],[59,132,150],[65,128,149],[58,148,238],[57,147,236],[56,145,234],[142,176,232],
[140,178,230],[65,138,229],[86,129,225],[84,127,224],[55,125,222],[54,123,220],[53,121,218],[52,119,216],[54,160,214],[51,159,212],
[50,117,210],[49,131,208],[88,136,204],[48,134,202],[47,115,246],[56,113,244],[57,112,242],[46,111,240],[45,59,238],[44,60,236],
[55,149,229],[43,54,228],[51,182,227],[42,47,226],[41,198,225],[59,168,224],[46,169,222],[39,40,220],[43,163,218],[123,167,214],
[38,165,212],[36,37,210],[36,119,204],[35,121,202],[34,80,146],[33,49,144],[31,32,143],[29,30,141],[77,137,162],[28,91,133],
[40,132,200],[43,130,205],[27,42,124],[35,41,122],[36,120,152],[135,151,196],[46,120,154],[39,122,153],[110,156,193],[28,51,109],
[50,108,171],[26,107,173],[25,30,106],[93,105,117],[104,131,200],[88,114,119],[41,86,118],[24,83,102],[23,87,101],[42,100,192],
[80,99,145],[22,79,98],[90,97,138],[33,77,96],[34,95,211],[94,147,209],[92,148,207],[89,129,205],[102,127,203],[33,85,199],
[107,156,198],[103,184,193],[41,76,191],[74,140,189],[72,142,187],[30,70,185],[32,126,183],[21,128,181],[44,67,174],[66,112,172],
[78,113,170],[20,82,161],[19,81,223],[18,74,221],[97,153,219],[98,154,217],[64,134,215],[22,63,213],[17,138,211],[16,42,209],
[96,152,199],[137,150,197],[19,108,195],[15,18,194],[16,155,192],[22,118,191],[13,14,189],[12,89,187],[115,141,185],[113,143,183],
[72,117,176],[66,127,174],[10,11,172],[10,130,163],[37,70,161],[9,38,93],[8,91,115],[12,17,90],[7,24,88],[6,80,190],
[14,79,158],[18,75,108],[5,15,73],[37,71,110],[16,69,125],[10,68,101],[83,100,164],[22,68,105],[13,71,104],[12,69,103],
[62,106,150],[6,61,151],[14,21,65],[45,58,67],[44,57,66],[56,78,158],[15,55,169],[4,40,54],[4,43,53],[15,52,149],
[38,51,92],[37,50,94],[49,85,188],[8,48,121],[47,124,175],[9,56,173],[57,94,171],[60,95,166],[55,76,162],[8,47,157],
[59,106,155],[36,110,148],[16,35,147],[49,104,186],[31,89,142],[14,29,140],[7,77,136],[27,123,146],[11,46,112],[3,39,111],
[50,105,180],[26,82,179],[25,81,177],[73,85,175],[48,101,157],[2,9,145],[31,67,129],[35,76,125],[11,29,111],[39,45,132],
[44,58,133],[2,38,144],[6,34,60],[3,32,61],[11,30,62],[8,28,53],[40,52,114],[28,58,92],[24,27,100],[2,23,99],
[2,7,33],[17,27,34],[21,61,96],[20,25,70],[19,75,126],[18,73,124],[19,25,109],[10,62,95],[5,72,93],[1,13,64],
[1,12,63],[20,53,109],[23,48,64],[13,63,79],[1,17,24],[1,7,23],[6,32,75],[4,5,52],[5,9,26],[3,21,29],
[3,31,45],[4,20,26],[290,292,293],[288,293,294],[285,292,294],[283,290,291],[280,291,293],[278,288,289],[276,287,292],[272,289,294],
[270,287,290],[268,285,286],[266,283,284],[281,282,293],[262,286,292],[260,284,291],[258,282,288],[256,280,281],[254,278,279],[252,276,277],
[273,275,294],[271,274,290],[245,279,289],[243,277,287],[241,275,285],[239,274,283],[237,272,273],[235,270,271],[233,268,269],[241,266,267],
[231,265,281],[261,264,291],[259,263,288],[222,269,286],[220,267,284],[218,265,282],[216,264,280],[214,263,278],[212,262,276],[210,260,261],
[208,258,259],[206,256,257],[254,255,270],[216,252,253],[204,251,273],[202,250,271],[246,249,289],[244,255,287],[242,248,285],[240,247,283],
[191,257,281],[189,255,279],[187,253,277],[185,251,275],[183,250,274],[181,249,272],[178,248,268],[176,247,266],[174,245,246],[172,243,244],
[170,241,242],[201,239,240],[167,237,238],[165,235,236],[233,234,258],[181,231,232],[163,230,261],[161,229,259],[223,228,286],[221,227,284],
[219,234,282],[217,226,280],[215,225,278],[213,224,276],[148,238,273],[147,236,271],[145,234,269],[186,267,275],[142,232,265],[140,230,264],
[138,229,263],[136,228,262],[134,227,260],[131,226,256],[129,225,254],[127,224,252],[125,222,223],[123,220,221],[121,218,219],[119,216,217],
[160,214,215],[159,212,213],[117,210,211],[131,208,209],[206,207,239],[136,204,205],[134,202,203],[115,201,246],[113,200,244],[112,199,242],
[111,198,240],[190,197,279],[188,196,277],[184,207,274],[182,195,272],[180,194,270],[179,193,268],[177,192,266],[95,211,261],[94,209,259],
[92,207,257],[141,253,264],[89,205,251],[102,203,250],[99,201,249],[104,200,255],[85,199,248],[107,198,247],[82,197,245],[81,196,243],
[78,195,237],[116,194,235],[103,193,233],[100,192,241],[76,191,231],[74,189,190],[72,187,188],[70,185,186],[126,183,184],[128,181,182],
[130,180,254],[178,179,230],[176,177,232],[67,174,175],[66,172,173],[78,170,171],[116,169,201],[167,168,214],[165,166,212],[163,164,218],
[82,161,162],[81,160,223],[74,159,221],[97,158,219],[98,157,217],[64,156,215],[63,155,213],[146,154,269],[144,153,267],[143,164,265],
[139,168,263],[137,166,262],[135,152,260],[133,151,258],[132,150,256],[128,149,252],[47,175,246],[56,173,244],[57,171,242],[46,169,240],
[59,168,238],[60,166,236],[87,232,249],[83,164,230],[55,162,229],[54,160,228],[51,159,227],[56,158,234],[47,157,226],[156,198,225],
[59,155,224],[46,154,222],[39,153,220],[36,152,210],[151,196,208],[150,197,206],[52,149,216],[36,148,204],[35,147,202],[80,145,146],
[49,144,186],[31,142,143],[29,140,141],[138,139,211],[77,136,137],[134,135,215],[91,133,233],[131,132,200],[129,130,205],[127,128,203],
[69,125,126],[27,123,124],[35,121,122],[36,119,120],[135,160,196],[118,159,178],[117,139,176],[115,116,185],[113,114,183],[46,112,120],
[39,111,122],[80,190,206],[49,188,208],[110,184,193],[51,109,182],[50,108,180],[26,107,179],[25,106,177],[93,105,257],[91,103,253],
[90,116,251],[88,114,250],[86,118,248],[84,139,247],[83,102,245],[87,101,243],[80,99,239],[79,98,237],[90,97,235],[77,96,231],
[19,126,223],[18,124,221],[122,153,219],[120,154,217],[22,118,213],[42,209,226],[43,205,228],[182,203,227],[40,114,200],[120,152,199],
[41,122,198],[110,148,207],[19,109,195],[18,108,194],[107,156,193],[106,155,192],[22,105,191],[13,104,189],[12,103,187],[102,127,174],
[10,101,172],[100,164,170],[98,154,167],[97,153,165],[21,96,181],[10,95,163],[37,94,161],[38,92,93],[91,115,141],[12,89,90],
[24,88,102],[23,87,99],[85,86,175],[84,107,173],[82,83,179],[81,87,177],[78,79,158],[76,77,162],[18,74,75],[5,72,73],
[37,70,71],[10,68,130],[67,86,129],[66,84,127],[74,140,178],[65,97,138],[22,68,98],[13,64,71],[12,63,69],[123,146,167],
[38,144,165],[113,143,170],[62,137,150],[61,135,151],[44,60,133],[45,59,132],[21,65,128],[45,58,238],[44,57,236],[65,149,229],
[41,86,225],[84,168,224],[55,169,222],[40,54,220],[43,53,218],[54,123,214],[38,51,212],[37,50,210],[88,119,204],[48,121,202],
[6,75,190],[73,85,188],[71,104,186],[69,103,184],[68,105,180],[108,171,195],[15,169,194],[137,162,197],[14,65,158],[68,101,157],
[71,110,156],[16,69,155],[62,95,166],[61,96,152],[6,60,151],[59,106,150],[58,92,148],[57,94,147],[9,56,145],[72,142,176],
[55,76,125],[8,53,121],[52,114,119],[50,105,117],[49,104,131],[7,88,136],[48,64,134],[8,47,115],[56,78,113],[57,66,112],
[11,46,111],[15,55,149],[4,43,54],[42,47,124],[39,40,132],[43,130,163],[36,37,110],[6,34,80],[33,49,85],[3,31,32],
[11,29,30],[8,28,91],[27,42,100],[35,41,76],[28,51,92],[50,94,171],[9,26,173],[25,30,70],[72,93,117],[24,83,100],
[16,42,192],[22,63,79],[17,90,138],[7,33,77],[17,34,211],[16,147,209],[33,96,199],[41,118,191],[14,140,189],[89,142,187],
[30,141,185],[32,143,183],[44,66,174],[11,112,172],[20,70,161],[27,34,146],[2,33,144],[28,58,133],[28,53,109],[30,62,106],
[23,48,101],[2,99,145],[34,60,95],[31,89,129],[32,75,126],[44,58,67],[20,26,82],[19,25,81],[19,75,108],[15,18,73],
[13,14,79],[10,11,62],[2,9,38],[1,12,17],[1,7,24],[5,15,52],[16,35,125],[14,21,29],[31,45,67],[4,40,52],
[73,124,175],[8,48,157],[3,29,111],[5,9,93],[6,32,61],[4,20,53],[3,39,45],[3,21,61],[2,7,23],[17,24,27],
[20,25,109],[1,23,64],[1,13,63],[4,5,26]];
###############################################################

#SurfaceInfo: 196 Vertices, 1176 Edges, 784 Faces, IsOrientable=true
 #Vertices of faces:
vof9:=[[194,195,196],[192,193,195],[190,191,194],[189,192,194],[187,188,196],[185,186,195],[184,190,196],[182,183,193],[180,181,194],[178,179,192],
[177,187,195],[176,185,193],[174,175,191],[172,173,189],[170,171,196],[168,169,195],[166,167,190],[165,182,192],[164,180,191],[163,178,189],
[161,162,188],[159,160,186],[157,158,184],[155,156,193],[154,168,194],[152,153,192],[150,151,187],[148,149,185],[147,174,190],[146,172,194],
[145,170,188],[144,168,186],[143,166,184],[141,142,183],[139,140,181],[137,138,179],[136,152,177],[134,135,176],[132,133,191],[130,131,189],
[154,169,196],[129,152,195],[128,172,190],[126,127,182],[125,165,180],[123,124,178],[149,161,187],[122,159,185],[121,157,196],[120,155,183],
[119,154,181],[118,152,179],[117,150,177],[116,148,176],[114,115,175],[112,113,173],[110,111,171],[108,109,169],[106,107,167],[105,113,164],
[103,104,163],[101,102,188],[99,100,186],[97,98,184],[129,153,193],[96,180,192],[95,157,187],[94,185,187],[92,93,174],[91,111,172],
[90,147,170],[89,146,168],[87,88,166],[124,141,182],[86,139,180],[85,137,178],[84,134,193],[83,132,175],[82,130,173],[81,169,171],
[80,129,169],[112,167,172],[79,126,165],[104,125,164],[78,123,163],[77,78,162],[75,76,160],[73,74,158],[72,150,156],[71,99,168],
[70,71,153],[68,69,151],[66,67,149],[65,74,145],[64,144,162],[62,63,143],[60,61,183],[59,94,181],[58,59,179],[57,72,177],
[56,117,176],[128,146,191],[96,181,189],[100,170,190],[119,134,182],[55,178,182],[54,76,161],[53,68,159],[52,157,160],[51,122,155],
[70,121,154],[53,75,150],[49,50,148],[88,114,174],[48,110,170],[102,108,168],[47,106,166],[46,105,191],[81,103,189],[45,101,162],
[73,99,160],[44,97,158],[121,153,156],[95,96,153],[73,151,157],[43,92,147],[98,111,146],[63,90,145],[89,144,158],[87,142,143],
[124,127,140],[41,42,138],[118,135,136],[39,40,135],[130,133,178],[38,126,131],[55,59,154],[58,140,152],[55,80,128],[37,47,127],
[36,38,165],[34,35,124],[33,40,120],[84,119,183],[32,118,142],[61,116,117],[30,31,116],[29,103,175],[28,86,173],[96,109,171],
[55,133,169],[91,109,167],[27,163,164],[26,79,163],[95,121,188],[94,177,186],[100,171,184],[59,155,185],[81,105,174],[80,103,172],
[108,166,174],[25,42,141],[123,137,139],[24,37,137],[23,134,138],[82,86,132],[22,85,130],[84,129,139],[24,41,126],[21,85,125],
[20,77,123],[75,77,161],[50,75,159],[19,72,155],[71,154,156],[61,70,152],[50,68,150],[18,66,148],[64,65,188],[57,64,186],
[62,144,184],[44,60,142],[59,118,140],[39,58,138],[51,72,136],[17,56,135],[128,129,133],[84,131,181],[100,128,153],[39,127,134],
[16,54,149],[15,53,122],[57,121,160],[31,51,120],[70,119,136],[53,115,117],[49,113,116],[88,93,111],[14,66,107],[15,19,113],
[13,83,104],[97,102,166],[42,92,98],[109,132,180],[89,95,108],[94,95,128],[12,50,93],[18,91,93],[11,42,147],[46,110,146],
[10,25,88],[19,49,83],[9,13,82],[46,81,175],[80,81,173],[8,112,115],[78,79,86],[9,31,104],[7,27,78],[6,62,162],
[40,48,158],[52,99,151],[71,149,151],[5,143,145],[39,43,143],[55,165,179],[59,156,176],[65,144,161],[64,121,159],[62,89,157],
[71,150,161],[70,148,159],[4,66,114],[87,106,110],[12,35,106],[18,105,107],[44,48,101],[99,102,145],[23,47,97],[81,96,108],
[14,35,92],[92,111,114],[33,47,90],[48,89,147],[41,87,141],[85,124,139],[20,41,137],[28,130,132],[21,38,130],[129,131,140],
[20,37,126],[22,38,125],[34,69,123],[32,33,183],[32,36,179],[61,119,177],[30,118,176],[29,51,115],[17,28,113],[109,111,112],
[109,133,164],[15,91,107],[3,27,113],[26,45,104],[95,102,146],[94,96,100],[46,98,171],[15,93,105],[83,91,103],[2,25,124],
[26,86,123],[1,24,85],[36,84,138],[31,82,83],[7,22,82],[80,125,139],[24,76,79],[21,74,104],[20,38,69],[4,34,67],
[26,28,74],[1,21,162],[17,45,63],[56,61,148],[54,57,66],[99,101,170],[55,94,119],[2,76,85],[14,20,68],[22,52,76],
[16,115,122],[4,24,75],[8,10,50],[21,28,45],[21,73,77],[7,17,44],[1,73,78],[43,48,142],[98,102,143],[7,31,63],
[7,65,158],[5,30,142],[19,122,136],[13,19,135],[23,58,127],[3,116,120],[15,16,117],[15,83,116],[108,147,167],[131,133,163],
[33,118,141],[32,84,137],[30,134,136],[126,140,141],[34,38,77],[12,34,75],[49,66,72],[2,10,68],[22,65,69],[64,67,69],
[17,19,60],[58,61,120],[18,50,72],[18,29,56],[71,100,144],[10,20,54],[4,53,107],[54,77,160],[9,18,51],[70,122,149],
[14,53,114],[49,112,114],[47,88,110],[14,41,106],[40,97,101],[33,42,97],[12,41,92],[23,42,90],[89,90,110],[25,87,138],
[8,49,175],[9,105,173],[8,11,167],[80,86,165],[9,112,164],[6,78,82],[3,40,74],[26,52,69],[1,67,151],[5,13,74],
[39,63,120],[57,117,156],[26,65,76],[1,64,68],[45,52,62],[4,37,88],[39,48,87],[32,35,47],[11,46,107],[31,44,45],
[7,73,145],[23,30,44],[35,43,127],[33,63,135],[25,34,36],[27,103,125],[58,60,155],[3,30,51],[9,56,115],[29,91,132],
[1,2,79],[8,46,106],[10,11,37],[3,28,29],[6,22,27],[12,24,67],[13,56,60],[2,14,54],[6,13,40],[36,79,131],
[32,37,43],[16,57,67],[17,27,29],[10,16,93],[4,11,25],[5,62,90],[6,52,101],[11,43,98],[5,23,60],[2,35,36],
[8,12,16],[3,5,6],[192,194,195],[190,194,196],[187,195,196],[185,193,195],[182,192,193],[180,191,194],[178,189,192],[174,190,191],
[172,189,194],[170,188,196],[168,186,195],[166,184,190],[161,187,188],[159,185,186],[157,184,196],[155,183,193],[154,181,194],[152,179,192],
[150,177,187],[148,176,185],[141,182,183],[139,180,181],[137,178,179],[152,177,195],[134,176,193],[132,175,191],[130,173,189],[169,171,196],
[129,169,195],[167,172,190],[126,165,182],[125,164,180],[123,163,178],[114,174,175],[112,172,173],[110,170,171],[108,168,169],[106,166,167],
[165,180,192],[105,164,191],[103,163,189],[101,162,188],[99,160,186],[97,158,184],[153,156,193],[146,168,194],[96,153,192],[151,157,187],
[149,185,187],[92,147,174],[111,146,172],[90,145,170],[89,144,168],[87,143,166],[77,161,162],[75,159,160],[73,157,158],[72,155,156],
[71,154,168],[70,152,153],[68,150,151],[66,148,149],[147,170,190],[65,145,188],[64,144,186],[62,143,184],[60,142,183],[59,140,181],
[58,138,179],[72,136,177],[56,135,176],[128,133,191],[131,181,189],[121,154,196],[100,128,190],[127,134,182],[124,178,182],[54,149,161],
[53,122,159],[121,157,160],[51,120,155],[70,119,154],[118,136,152],[53,117,150],[49,116,148],[87,141,142],[124,139,140],[41,137,138],
[39,134,135],[130,132,133],[38,130,131],[55,154,169],[129,140,152],[80,128,172],[37,126,127],[38,125,165],[34,123,124],[122,155,185],
[33,120,183],[84,119,181],[32,118,179],[61,117,177],[30,116,176],[29,115,175],[28,113,173],[109,111,171],[109,133,169],[91,107,167],
[27,113,164],[26,104,163],[95,102,188],[94,100,186],[98,171,184],[84,129,193],[94,95,187],[59,94,185],[93,105,174],[91,103,172],
[88,166,174],[25,124,141],[86,123,139],[24,85,137],[84,134,138],[82,83,132],[22,82,130],[80,81,169],[80,129,139],[24,79,126],
[21,104,125],[77,78,123],[53,114,115],[49,112,113],[88,110,111],[108,109,167],[14,106,107],[15,105,113],[83,103,104],[97,101,102],
[99,100,170],[42,97,98],[128,129,153],[96,109,180],[89,95,157],[12,92,93],[91,93,111],[42,90,147],[89,110,146],[25,87,88],
[86,132,180],[85,130,178],[49,83,175],[9,82,173],[46,81,171],[8,112,167],[79,86,165],[9,104,164],[27,78,163],[6,78,162],
[52,76,160],[40,74,158],[71,150,156],[99,102,168],[71,100,153],[52,69,151],[67,149,151],[5,74,145],[62,144,162],[39,63,143],
[61,119,183],[94,96,181],[55,59,179],[57,177,186],[117,156,176],[46,146,191],[81,96,189],[55,119,182],[55,133,178],[65,76,161],
[64,68,159],[52,62,157],[75,150,161],[50,148,159],[4,88,114],[48,87,110],[102,108,166],[35,47,106],[46,105,107],[81,103,175],
[44,45,101],[73,99,145],[23,44,97],[95,121,153],[95,96,108],[35,43,92],[92,98,111],[33,63,90],[48,89,158],[24,75,76],
[21,73,74],[50,72,150],[71,99,151],[70,71,149],[20,68,69],[4,66,67],[26,65,74],[1,64,162],[45,62,63],[56,60,61],
[58,59,155],[57,66,72],[56,115,117],[95,128,146],[119,134,136],[2,54,76],[14,53,68],[51,115,122],[70,121,159],[4,53,75],
[8,49,50],[48,101,170],[47,97,166],[21,45,162],[73,77,160],[7,44,158],[57,121,156],[1,73,151],[43,48,147],[98,102,146],
[7,63,145],[65,144,158],[5,142,143],[58,127,140],[23,42,138],[19,135,136],[13,40,135],[126,131,140],[59,154,156],[58,61,152],
[55,94,128],[23,47,127],[36,165,179],[35,124,127],[3,40,120],[30,118,142],[15,116,117],[31,83,116],[80,86,173],[96,100,171],
[133,163,164],[79,131,163],[64,121,188],[100,144,184],[81,108,174],[33,42,141],[84,137,139],[32,37,137],[23,30,134],[41,126,141],
[85,125,139],[20,123,137],[34,75,77],[12,50,75],[19,49,72],[61,70,148],[10,50,68],[18,66,107],[64,65,69],[57,64,67],
[17,44,60],[59,118,176],[39,58,120],[18,51,72],[17,29,56],[10,16,54],[15,53,107],[54,57,160],[9,31,51],[70,122,136],
[41,42,92],[33,118,135],[39,40,48],[20,38,126],[55,80,165],[37,47,88],[34,36,38],[12,34,35],[33,40,97],[32,84,183],
[32,43,142],[61,116,120],[30,31,44],[27,29,103],[26,28,86],[91,109,132],[26,76,79],[94,119,177],[81,105,173],[80,103,125],
[11,25,42],[4,24,37],[78,82,86],[22,76,85],[12,24,41],[1,21,85],[20,54,77],[19,60,155],[18,56,148],[44,48,142],
[118,140,141],[39,87,138],[30,51,136],[17,63,135],[129,131,133],[36,84,131],[39,43,127],[16,122,149],[15,19,122],[31,63,120],
[3,113,116],[17,19,113],[13,74,104],[18,50,93],[18,29,91],[11,147,167],[10,88,93],[13,19,83],[6,13,82],[9,112,115],
[1,78,79],[31,45,104],[7,73,78],[102,143,145],[43,98,143],[71,144,161],[49,66,114],[46,106,110],[8,12,106],[9,18,105],
[14,92,114],[111,112,114],[47,90,110],[89,108,147],[41,87,106],[2,85,124],[14,20,41],[21,28,130],[21,38,77],[10,20,37],
[22,38,69],[34,67,69],[32,33,47],[32,35,36],[3,29,51],[17,28,45],[109,112,164],[15,83,91],[3,6,27],[26,45,52],
[2,10,25],[26,69,123],[1,24,67],[25,36,138],[7,31,82],[7,22,65],[14,54,66],[9,13,56],[8,46,175],[8,16,115],
[7,17,27],[5,6,62],[52,99,101],[62,89,90],[2,14,35],[28,29,132],[22,27,125],[11,46,98],[15,16,93],[3,28,74],
[6,22,52],[16,57,117],[1,2,68],[8,10,11],[5,13,60],[4,11,107],[4,25,34],[3,5,30],[23,58,60],[6,40,101],
[5,23,90],[2,36,79],[11,37,43],[12,16,67]];
###############################################################

#SurfaceInfo: 168 Vertices, 1176 Edges, 784 Faces, IsOrientable=true
 #Vertices of faces:
vof10:=[[166,167,168],[164,165,167],[162,163,168],[161,164,166],[159,160,166],[157,158,165],[156,162,167],[154,155,167],[152,153,163],[150,151,161],
[149,159,168],[148,157,164],[146,147,168],[144,145,164],[142,143,160],[140,141,158],[138,139,156],[137,154,165],[136,152,162],[135,150,166],
[133,134,166],[131,132,165],[129,130,162],[127,128,155],[125,126,153],[123,124,151],[121,122,149],[120,133,148],[132,146,163],[126,144,161],
[119,142,159],[118,140,157],[117,138,167],[115,116,167],[113,114,163],[111,112,161],[109,110,159],[107,108,157],[106,128,147],[104,105,145],
[102,103,143],[109,141,149],[100,101,139],[98,99,137],[97,136,154],[96,115,135],[114,133,160],[112,131,158],[103,129,156],[95,127,154],
[94,125,152],[110,123,150],[93,121,168],[92,133,164],[90,91,168],[89,138,164],[88,137,160],[86,87,158],[84,85,156],[82,83,152],
[80,81,150],[106,127,134],[79,105,132],[77,78,130],[75,76,128],[97,124,137],[73,74,122],[74,114,120],[71,72,132],[69,70,126],
[76,119,146],[118,125,144],[68,90,117],[87,115,155],[85,113,153],[111,147,151],[76,107,148],[67,128,146],[66,104,144],[65,102,142],
[65,109,140],[100,138,145],[72,98,165],[64,154,162],[83,115,166],[62,63,166],[60,61,165],[59,121,162],[58,126,155],[56,57,153],
[55,100,151],[53,54,149],[52,57,148],[50,51,142],[49,117,140],[48,55,138],[79,104,116],[47,78,114],[46,112,143],[45,49,110],
[43,44,108],[42,106,120],[47,68,105],[76,101,132],[40,41,99],[41,87,96],[38,39,114],[36,37,112],[43,61,103],[47,95,131],
[94,102,129],[35,62,93],[60,92,102],[57,90,147],[54,88,143],[57,86,141],[84,134,139],[82,120,136],[47,80,135],[34,106,133],
[33,105,131],[32,77,129],[31,75,127],[31,97,123],[73,121,130],[39,71,163],[37,69,161],[30,146,159],[39,144,157],[51,90,167],
[28,29,163],[27,63,161],[26,150,159],[25,98,157],[41,103,147],[24,145,149],[23,44,143],[22,29,141],[21,73,139],[20,32,137],
[19,23,136],[29,48,135],[17,18,127],[93,104,125],[19,92,123],[16,21,121],[84,113,133],[47,77,91],[46,89,142],[15,45,137],
[44,87,103],[14,85,158],[22,83,86],[12,13,81],[37,97,127],[45,79,96],[15,35,78],[47,74,112],[11,31,72],[21,70,101],
[11,57,68],[10,26,87],[17,75,85],[34,93,147],[12,27,76],[15,67,113],[66,103,111],[65,75,107],[9,51,72],[28,64,140],
[63,75,83],[23,62,134],[29,60,132],[20,58,128],[23,56,126],[29,55,124],[53,122,155],[52,116,120],[50,97,119],[49,96,118],
[15,55,117],[71,79,115],[9,78,113],[16,111,143],[27,49,109],[8,43,107],[13,42,128],[68,94,104],[13,76,100],[40,98,108],
[38,99,160],[26,36,158],[43,75,156],[7,131,154],[99,129,152],[62,108,168],[18,60,164],[8,70,160],[66,116,156],[36,71,152],
[6,69,150],[11,134,141],[18,130,161],[15,85,124],[80,122,123],[40,73,120],[5,27,132],[5,8,126],[4,87,119],[42,82,118],
[16,70,117],[6,25,128],[11,62,104],[77,102,135],[72,109,142],[4,64,100],[67,73,98],[53,88,154],[52,86,115],[15,49,63],
[14,59,157],[3,54,153],[3,57,151],[51,56,69],[7,40,48],[23,46,139],[9,44,56],[13,39,58],[37,50,94],[61,74,80],
[23,35,58],[29,50,102],[20,57,89],[25,42,54],[95,134,135],[7,66,120],[34,79,88],[33,56,86],[32,84,141],[31,68,80],
[2,39,108],[2,18,37],[8,30,125],[14,39,123],[42,51,116],[28,70,114],[63,85,112],[5,41,106],[5,24,105],[22,42,149],
[32,99,145],[19,91,97],[48,89,96],[17,95,125],[19,110,139],[21,79,93],[56,92,113],[38,47,90],[36,46,138],[2,45,88],
[2,44,86],[81,84,158],[22,60,82],[12,53,80],[37,40,106],[45,78,105],[35,65,77],[31,71,83],[21,69,81],[10,70,155],
[17,89,153],[34,64,151],[12,68,148],[1,113,146],[1,111,144],[70,107,140],[51,81,165],[6,28,162],[32,91,149],[89,119,148],
[17,38,142],[34,36,140],[24,43,138],[50,116,124],[6,110,156],[54,79,101],[21,40,96],[10,66,114],[54,91,112],[10,60,103],
[38,95,100],[61,81,93],[67,92,122],[24,36,106],[6,59,105],[58,77,115],[30,52,73],[34,71,123],[33,40,69],[111,131,146],
[32,58,144],[19,56,90],[3,26,152],[3,25,150],[20,28,141],[18,22,121],[1,16,31],[1,21,84],[14,87,122],[2,13,22],
[24,26,78],[17,65,93],[27,41,129],[9,24,42],[5,23,59],[5,29,134],[6,20,45],[67,117,155],[1,32,97],[1,96,119],
[46,58,71],[16,22,55],[27,53,126],[8,52,124],[13,35,55],[33,83,99],[26,35,81],[6,33,75],[7,53,109],[3,99,100],
[37,91,108],[18,45,89],[8,61,137],[54,85,116],[10,11,127],[10,18,78],[27,72,130],[4,63,76],[61,82,125],[16,59,68],
[25,67,102],[11,66,109],[4,122,145],[46,72,73],[44,64,88],[15,62,98],[14,17,121],[48,53,153],[52,130,151],[28,50,69],
[7,55,111],[9,31,43],[13,38,51],[36,94,117],[43,48,80],[20,61,147],[25,59,143],[30,95,139],[7,35,136],[12,88,133],
[30,86,131],[12,84,129],[48,108,163],[8,24,159],[59,136,148],[91,101,107],[20,46,74],[41,49,90],[4,44,62],[5,14,124],
[30,67,94],[25,118,135],[33,92,145],[14,38,41],[19,60,101],[9,64,130],[4,50,104],[39,66,110],[3,11,98],[2,12,94],
[34,65,92],[1,9,118],[52,77,107],[16,83,160],[26,119,136],[63,74,82],[3,10,101],[7,33,65],[4,28,74],[2,30,110],
[64,95,118],[19,49,82],[164,166,167],[162,167,168],[159,166,168],[157,164,165],[154,165,167],[152,162,163],[150,161,166],[146,163,168],
[144,161,164],[142,159,160],[140,157,158],[138,156,167],[133,160,166],[131,158,165],[129,156,162],[127,154,155],[125,152,153],[123,150,151],
[121,149,168],[133,148,164],[115,155,167],[113,153,163],[111,151,161],[109,149,159],[107,148,157],[128,146,147],[104,144,145],[102,142,143],
[109,140,141],[100,138,139],[98,137,165],[136,154,162],[115,135,166],[90,147,168],[138,145,164],[88,143,160],[86,141,158],[84,139,156],
[97,137,154],[82,136,152],[80,135,150],[106,133,134],[105,131,132],[77,129,130],[75,127,128],[125,126,144],[97,123,124],[73,121,122],
[114,120,133],[71,132,163],[69,126,161],[119,146,159],[118,144,157],[90,117,167],[62,134,166],[60,132,165],[121,130,162],[58,128,155],
[56,126,153],[55,124,151],[53,122,149],[52,120,148],[76,132,146],[50,119,142],[49,118,140],[55,117,138],[79,115,116],[78,113,114],
[111,112,143],[49,109,110],[43,107,108],[42,106,128],[68,104,105],[102,103,129],[76,100,101],[40,98,99],[87,96,115],[38,114,160],
[36,112,158],[43,103,156],[95,131,154],[94,129,152],[110,150,159],[62,93,168],[60,92,164],[51,116,167],[28,114,163],[63,112,161],
[98,108,157],[41,106,147],[24,105,145],[44,103,143],[22,141,149],[21,101,139],[32,99,137],[19,97,136],[48,96,135],[47,112,131],
[17,95,127],[94,104,125],[19,110,123],[21,93,121],[92,113,133],[47,90,91],[46,89,138],[45,88,137],[44,86,87],[84,85,158],
[22,82,83],[12,80,81],[37,106,127],[45,79,105],[35,77,78],[75,76,107],[73,74,120],[47,74,114],[31,71,72],[21,69,70],
[57,68,90],[10,87,155],[17,85,153],[34,147,151],[12,76,148],[67,113,146],[66,111,144],[65,109,142],[65,107,140],[51,72,165],
[28,64,162],[63,83,166],[91,108,168],[18,89,164],[8,137,160],[14,87,158],[85,116,156],[71,83,152],[69,81,150],[11,127,134],
[79,101,132],[18,78,130],[13,76,128],[15,124,137],[74,80,122],[27,72,132],[8,70,126],[4,76,119],[82,118,125],[16,68,117],
[15,85,113],[103,111,147],[25,67,128],[11,66,104],[65,77,102],[4,100,145],[72,73,98],[64,88,154],[83,86,115],[15,62,63],
[60,61,103],[14,59,121],[23,58,126],[56,57,86],[13,55,100],[53,54,153],[52,57,151],[50,51,69],[15,49,117],[7,48,55],
[79,93,104],[47,78,105],[23,46,143],[45,49,96],[9,43,44],[42,82,120],[47,68,80],[40,41,96],[41,87,103],[13,38,39],
[36,37,94],[43,61,80],[23,35,62],[29,60,102],[20,57,147],[25,54,143],[11,57,141],[95,134,139],[7,120,136],[47,77,135],
[34,88,133],[33,86,131],[32,84,129],[31,97,127],[31,80,123],[39,108,163],[18,37,161],[8,30,159],[14,39,157],[61,81,165],
[6,59,162],[53,126,155],[3,57,153],[3,100,151],[54,91,149],[57,89,148],[38,51,142],[36,117,140],[43,48,138],[50,104,116],
[46,74,112],[6,45,110],[44,62,108],[40,106,120],[41,99,129],[39,66,114],[37,91,112],[38,47,95],[50,94,102],[35,81,93],
[67,92,102],[54,79,88],[84,134,141],[34,36,106],[6,33,105],[32,58,77],[31,43,75],[52,73,130],[39,71,123],[37,40,69],
[30,131,146],[39,58,144],[51,56,90],[28,29,141],[27,63,76],[3,26,150],[3,25,98],[24,42,149],[23,44,56],[22,29,55],
[21,40,73],[20,32,141],[19,23,139],[29,48,163],[17,18,121],[19,56,92],[1,16,21],[1,84,113],[46,72,142],[15,45,78],
[2,22,86],[2,12,13],[37,50,97],[15,35,55],[11,31,68],[10,26,78],[17,65,75],[34,65,93],[12,27,129],[9,42,51],
[28,70,140],[63,75,85],[5,23,134],[5,29,132],[6,20,128],[29,50,124],[67,122,155],[66,116,120],[1,97,119],[1,96,118],
[58,71,115],[9,56,113],[16,55,111],[27,53,109],[8,52,107],[83,99,160],[26,81,158],[6,75,156],[7,53,154],[3,99,152],
[27,130,161],[24,26,159],[25,59,157],[32,145,149],[46,73,139],[20,61,137],[23,59,136],[29,134,135],[10,18,127],[17,93,125],
[34,92,123],[16,22,121],[12,84,133],[77,91,107],[17,89,142],[14,85,124],[13,51,81],[21,79,96],[11,72,109],[70,101,107],
[26,87,119],[61,93,147],[15,67,98],[10,66,103],[9,72,130],[34,64,140],[33,75,83],[20,46,58],[52,116,124],[34,71,79],
[9,24,78],[16,59,143],[27,41,49],[8,24,43],[13,22,42],[12,68,94],[40,48,108],[38,99,100],[26,36,152],[7,111,131],
[18,22,60],[36,46,71],[6,28,69],[5,27,126],[5,8,124],[4,87,122],[16,70,160],[6,25,150],[11,62,98],[4,44,64],
[30,67,73],[12,53,88],[30,52,86],[33,56,69],[7,33,40],[13,35,58],[20,45,89],[25,42,118],[95,118,135],[7,66,109],
[2,37,108],[2,18,45],[8,61,125],[14,122,123],[42,54,116],[10,70,114],[54,85,112],[5,24,106],[5,59,105],[33,99,145],
[32,91,97],[89,96,119],[30,95,125],[30,110,139],[38,41,90],[24,36,138],[2,44,88],[21,81,84],[19,60,82],[48,53,80],
[70,117,155],[48,89,153],[64,130,151],[59,68,148],[1,111,146],[1,32,144],[66,110,156],[4,62,104],[25,102,135],[64,95,100],
[52,77,115],[49,63,82],[3,54,101],[61,74,82],[2,39,110],[5,14,41],[19,91,101],[7,35,65],[16,31,83],[14,17,38],
[10,60,101],[1,9,31],[67,94,117],[92,122,145],[4,28,50],[26,35,136],[119,136,148],[19,49,90],[20,28,74],[3,10,11],
[4,63,74],[2,30,94],[33,65,92],[9,64,118]];
###############################################################

