#SurfaceInfo: 192 Vertices, 960 Edges, 640 Faces, IsOrientable=true
 #Vertices of faces:
vof1:=[[190,191,192],[189,190,191],[188,190,192],[187,191,192],[184,185,186],[183,184,185],[182,185,186],[181,184,186],[178,179,180],[175,176,177],
[172,173,174],[171,172,173],[170,178,179],[169,175,176],[168,171,172],[167,171,173],[166,169,175],[165,170,178],[164,169,176],[163,170,179],
[160,161,162],[157,158,159],[154,155,156],[151,152,153],[148,149,150],[145,146,147],[142,143,144],[139,140,141],[136,137,138],[133,134,135],
[130,131,132],[127,128,129],[124,125,126],[121,122,123],[118,119,120],[115,116,117],[114,129,135],[111,112,113],[110,123,132],[109,120,126],
[106,107,108],[130,131,143],[124,125,149],[127,128,146],[133,134,137],[118,119,152],[121,122,140],[116,133,135],[112,130,132],[116,125,126],
[107,127,129],[112,119,120],[107,121,123],[121,151,152],[127,148,149],[125,142,143],[130,145,146],[119,136,137],[133,139,140],[121,140,151],
[118,121,152],[130,143,145],[125,131,143],[127,146,148],[124,127,149],[128,130,146],[125,142,149],[133,137,139],[119,134,137],[119,136,152],
[122,133,140],[110,112,132],[111,112,130],[114,116,135],[115,116,133],[106,107,127],[109,116,126],[107,114,129],[116,117,125],[107,108,121],
[109,112,120],[107,110,123],[112,113,119],[104,105,116],[103,106,115],[102,108,111],[100,101,112],[98,99,107],[97,113,117],[96,124,127],
[105,146,148],[101,142,149],[95,128,130],[94,125,131],[98,143,145],[93,119,134],[99,137,139],[92,122,133],[104,136,152],[100,140,151],
[91,118,121],[97,117,125],[98,107,114],[103,115,133],[104,114,116],[103,106,127],[105,109,116],[100,109,112],[102,108,121],[97,113,119],
[99,107,110],[101,110,112],[102,111,130],[102,138,150],[88,89,90],[97,141,147],[85,86,87],[103,144,153],[82,83,84],[83,152,153],
[89,149,150],[86,143,144],[83,146,147],[86,137,138],[89,140,141],[82,83,152],[83,103,153],[88,89,149],[89,102,150],[85,86,143],
[83,97,147],[83,84,146],[86,103,144],[89,90,140],[86,102,138],[86,87,137],[89,97,141],[105,109,146],[96,103,127],[95,102,130],
[101,110,149],[98,114,143],[94,97,125],[100,109,140],[91,102,121],[104,114,152],[92,103,133],[99,110,137],[93,97,119],[89,95,102],
[88,110,149],[89,93,97],[87,110,137],[86,91,102],[90,109,140],[83,94,97],[85,114,143],[86,96,103],[84,109,146],[83,92,103],
[82,114,152],[82,85,114],[83,92,94],[84,90,109],[86,91,96],[87,88,110],[89,93,95],[79,80,81],[76,77,78],[73,74,75],
[70,71,72],[67,68,69],[64,65,66],[63,76,77],[62,79,80],[61,64,65],[60,67,68],[59,64,66],[58,68,69],[57,77,78],
[56,79,81],[55,70,71],[54,73,74],[53,70,72],[52,74,75],[51,56,79],[50,57,78],[49,54,73],[48,55,70],[47,60,67],
[46,61,64],[45,53,70],[44,52,75],[43,58,69],[42,59,64],[41,63,76],[40,62,79],[39,51,79],[50,57,82],[38,40,79],
[41,63,85],[37,42,64],[43,58,87],[44,52,84],[36,45,70],[35,46,64],[47,60,88],[34,48,70],[49,54,90],[79,92,94],
[33,82,85],[64,93,95],[32,87,88],[70,91,96],[31,84,90],[33,50,82],[39,79,94],[31,49,90],[34,70,96],[32,47,88],
[35,64,93],[31,44,84],[36,70,91],[32,43,87],[37,64,95],[33,41,85],[38,79,92],[30,160,161],[29,154,155],[28,157,158],
[31,32,33],[25,26,27],[25,26,28],[31,32,170],[25,27,30],[32,33,171],[26,27,29],[31,33,169],[30,50,160],[30,47,161],
[29,44,154],[28,41,157],[29,43,155],[28,49,158],[30,39,94],[24,33,50],[29,38,92],[23,33,41],[28,37,95],[22,32,43],
[28,36,91],[21,31,44],[30,35,93],[20,32,47],[29,34,96],[19,31,49],[24,33,171],[25,30,39],[19,31,169],[27,29,34],
[20,32,171],[27,30,35],[21,31,170],[25,28,36],[22,32,170],[26,28,37],[23,33,169],[26,29,38],[24,50,160],[30,50,94],
[19,49,158],[29,43,96],[20,47,161],[30,47,93],[28,41,91],[21,44,154],[28,49,95],[22,43,155],[23,41,157],[29,44,92],
[98,165,170],[37,166,175],[34,165,178],[101,166,169],[104,163,170],[36,164,176],[38,163,179],[99,164,169],[35,168,172],[100,168,171],
[105,167,171],[39,167,173],[63,161,162],[58,160,162],[54,155,156],[52,157,159],[57,158,159],[60,154,156],[88,90,185],[138,150,159],
[141,147,162],[85,87,186],[144,153,156],[82,84,184],[105,148,158],[96,124,173],[98,145,160],[94,131,175],[95,128,178],[101,142,155],
[91,118,172],[100,151,154],[104,136,157],[92,122,176],[93,134,179],[99,139,161],[18,57,82],[39,51,156],[17,54,90],[34,48,159],
[35,46,159],[16,60,88],[36,45,156],[15,52,84],[37,42,162],[14,58,87],[13,63,85],[38,40,162],[51,144,156],[18,82,184],
[15,84,184],[45,153,156],[46,138,159],[16,88,185],[48,150,159],[17,90,185],[14,87,186],[42,147,162],[40,141,162],[13,85,186],
[37,63,162],[14,58,160],[39,60,156],[18,57,158],[38,58,162],[13,63,161],[15,52,157],[36,54,156],[16,60,154],[35,57,159],
[17,54,155],[34,52,159],[37,131,175],[98,160,165],[39,124,173],[105,158,167],[99,161,164],[38,134,179],[104,157,163],[36,122,176],
[100,154,168],[35,118,172],[101,155,166],[34,128,178],[23,99,169],[26,38,163],[20,100,171],[27,35,168],[25,36,164],[21,104,170],
[27,34,165],[19,101,169],[26,37,166],[22,98,170],[25,39,167],[24,105,171],[50,94,175],[24,145,160],[22,142,155],[49,95,178],
[43,96,173],[19,148,158],[20,139,161],[47,93,179],[44,92,176],[23,136,157],[21,151,154],[41,91,172],[51,183,184],[46,183,185],
[48,181,186],[42,182,185],[40,181,184],[45,182,186],[77,100,101],[27,108,111],[74,98,99],[26,113,117],[25,106,115],[68,104,105],
[76,151,153],[69,148,150],[78,142,144],[73,145,147],[67,136,138],[75,139,141],[12,50,78],[51,56,145],[48,55,142],[11,49,73],
[46,61,139],[10,47,67],[9,44,75],[45,53,136],[42,59,148],[8,43,69],[40,62,151],[7,41,76],[7,76,153],[40,76,151],
[8,69,150],[42,69,148],[51,73,145],[12,78,144],[11,73,147],[48,78,142],[10,67,138],[46,75,139],[45,67,136],[9,75,141],
[18,51,184],[51,144,183],[45,153,182],[15,40,184],[16,46,185],[46,138,183],[17,42,185],[48,150,181],[42,147,182],[14,48,186],
[13,45,186],[40,141,181],[24,56,145],[12,50,175],[11,49,178],[22,55,142],[10,47,179],[20,61,139],[23,53,136],[9,44,176],
[8,43,173],[19,59,148],[21,62,151],[7,41,172],[26,117,163],[23,74,99],[27,111,168],[20,77,100],[21,68,104],[25,106,164],
[27,108,165],[19,77,101],[22,74,98],[26,113,166],[24,68,105],[25,115,167],[14,160,165],[37,63,131],[18,158,167],[39,60,124],
[38,58,134],[13,161,164],[35,57,118],[16,154,168],[36,54,122],[15,157,163],[34,52,128],[17,155,166],[56,179,180],[61,175,177],
[53,178,180],[55,176,177],[62,173,174],[59,172,174],[62,80,165],[6,63,77],[5,60,68],[61,65,167],[4,58,68],[59,66,164],
[56,81,168],[3,57,77],[2,54,74],[55,71,163],[1,52,74],[53,72,166],[6,63,131],[14,80,165],[5,60,124],[18,65,167],
[17,72,166],[1,52,128],[3,57,118],[16,81,168],[15,71,163],[2,54,122],[13,66,164],[4,58,134],[61,115,167],[5,24,68],
[55,117,163],[2,23,74],[3,20,77],[56,111,168],[53,113,166],[1,22,74],[6,19,77],[62,108,165],[59,106,164],[4,21,68],
[12,61,175],[24,56,180],[22,55,177],[11,53,178],[20,61,177],[10,56,179],[9,55,176],[23,53,180],[19,59,174],[8,62,173],
[7,59,172],[21,62,174],[12,144,183],[18,51,73],[14,48,78],[11,147,182],[9,141,181],[13,45,67],[8,150,181],[17,42,69],
[10,138,183],[16,46,75],[15,40,76],[7,153,182],[66,134,135],[80,131,132],[72,124,126],[65,128,129],[71,118,120],[81,122,123],
[65,66,181],[67,69,188],[76,78,187],[80,81,182],[71,72,183],[73,75,189],[4,66,134],[13,66,135],[6,80,131],[14,80,132],
[18,65,129],[5,72,124],[17,72,126],[1,65,128],[16,81,123],[3,71,118],[2,81,122],[15,71,120],[18,73,189],[12,72,183],
[11,80,182],[14,78,187],[13,67,188],[9,66,181],[17,69,188],[8,65,181],[7,81,182],[15,76,187],[16,75,189],[10,71,183],
[3,20,177],[10,56,111],[2,23,180],[9,55,117],[1,22,177],[11,53,113],[5,24,180],[12,61,115],[8,62,108],[6,19,174],
[4,21,174],[7,59,106],[129,135,180],[115,117,191],[123,132,177],[111,113,190],[106,108,192],[120,126,174],[10,111,190],[3,123,177],
[12,115,191],[5,129,180],[1,132,177],[11,113,190],[9,117,191],[2,135,180],[8,108,192],[6,126,174],[4,120,174],[7,106,192],
[14,132,187],[6,11,80],[5,12,72],[18,129,189],[1,8,65],[17,126,188],[3,10,71],[16,123,189],[15,120,187],[2,7,81],
[4,9,66],[13,135,188],[2,135,188],[4,9,191],[6,11,190],[1,132,187],[5,129,189],[5,12,191],[3,123,189],[3,10,190],
[6,126,188],[1,8,192],[2,7,192],[4,120,187],[3,189,190],[4,187,191],[2,188,192],[5,189,191],[1,187,192],[6,188,190]];
###############################################################

#SurfaceInfo: 162 Vertices, 972 Edges, 648 Faces, IsOrientable=true
 #Vertices of faces:
vof2:=[[160,161,162],[159,160,161],[158,161,162],[157,160,162],[154,155,156],[151,152,153],[148,149,150],[145,146,147],[142,143,144],[139,140,141],
[136,137,138],[133,134,135],[130,131,132],[127,128,129],[125,126,128],[124,125,127],[121,122,123],[119,120,122],[118,119,121],[125,127,128],
[119,121,122],[116,117,121],[115,116,127],[113,114,122],[112,113,128],[110,111,125],[109,110,119],[107,108,137],[105,106,131],[103,104,131],
[101,102,134],[99,100,134],[97,98,137],[96,136,137],[95,137,138],[95,130,131],[94,131,132],[94,133,134],[96,134,135],[92,93,110],
[90,91,113],[88,89,116],[92,110,119],[93,110,125],[88,116,127],[89,116,121],[90,113,128],[91,113,122],[96,97,137],[95,107,137],
[94,103,131],[96,99,134],[95,105,131],[94,101,134],[86,87,96],[84,85,94],[82,83,95],[80,81,95],[78,79,94],[76,77,96],
[75,112,128],[74,115,127],[73,109,119],[72,114,122],[71,117,121],[70,111,125],[69,95,138],[68,95,130],[67,94,132],[66,94,133],
[65,96,135],[64,96,136],[63,128,129],[63,121,123],[62,125,126],[61,124,127],[61,118,119],[62,120,122],[58,59,60],[55,56,57],
[52,53,54],[49,50,51],[48,59,152],[47,56,143],[46,55,140],[45,58,149],[44,57,155],[43,60,146],[42,58,59],[41,55,56],
[40,55,57],[39,56,57],[38,58,60],[37,59,60],[52,53,130],[52,54,136],[49,50,138],[50,51,135],[49,51,132],[53,54,133],
[43,63,123],[47,63,129],[46,61,124],[44,62,126],[48,62,120],[45,61,118],[65,83,135],[67,86,132],[66,82,133],[69,85,138],
[68,87,130],[64,84,136],[75,112,150],[71,117,156],[73,109,144],[72,114,141],[74,115,153],[70,111,147],[62,72,122],[62,70,125],
[63,75,128],[63,71,121],[61,74,127],[61,73,119],[64,76,96],[69,80,95],[68,81,95],[67,78,94],[65,77,96],[66,79,94],
[36,88,127],[35,89,121],[34,91,122],[33,90,128],[32,93,125],[31,92,119],[86,96,97],[84,94,103],[82,95,107],[85,94,101],
[87,96,99],[83,95,105],[29,30,63],[27,28,61],[25,26,62],[62,86,87],[63,82,83],[61,84,85],[86,89,150],[84,90,156],
[82,93,141],[85,91,147],[87,88,144],[83,92,153],[24,42,59],[23,41,56],[22,40,55],[21,38,58],[20,37,60],[19,39,57],
[87,99,144],[86,97,150],[84,103,156],[82,107,141],[83,105,153],[85,101,147],[31,83,92],[35,86,89],[32,82,93],[34,85,91],
[33,84,90],[36,87,88],[68,81,126],[69,80,118],[66,79,129],[64,76,124],[65,77,123],[67,78,120],[62,72,87],[62,70,86],
[63,75,83],[61,74,85],[61,73,84],[63,71,82],[75,89,150],[72,93,141],[71,90,156],[74,92,153],[70,91,147],[73,88,144],
[25,44,62],[27,45,61],[26,48,62],[29,43,63],[30,47,63],[28,46,61],[44,57,67],[45,58,64],[48,59,68],[46,55,69],
[47,56,65],[43,60,66],[52,87,130],[51,86,132],[50,83,135],[53,82,133],[49,85,138],[54,84,136],[18,116,117],[17,112,113],
[16,115,116],[15,109,110],[14,113,114],[13,110,111],[25,26,131],[29,30,134],[27,28,137],[44,107,108],[45,105,106],[46,99,100],
[48,101,102],[47,103,104],[43,97,98],[24,104,131],[23,102,134],[22,98,137],[21,108,137],[20,100,134],[19,106,131],[49,154,155],
[52,148,149],[54,145,146],[53,151,152],[50,139,140],[51,142,143],[45,154,156],[48,142,144],[43,139,141],[47,151,153],[44,148,150],
[46,145,147],[37,155,156],[41,149,150],[40,152,153],[39,146,147],[42,140,141],[38,143,144],[12,127,129],[11,126,128],[10,122,123],
[9,124,125],[8,118,121],[7,119,120],[17,37,59],[14,39,56],[13,42,58],[18,41,55],[16,38,60],[15,40,57],[24,51,135],
[23,53,130],[19,52,136],[20,50,138],[22,54,133],[21,49,132],[6,34,122],[5,33,128],[4,35,121],[3,32,125],[2,31,119],
[1,36,127],[117,124,156],[115,123,153],[109,126,144],[112,120,150],[111,118,147],[114,129,141],[65,83,149],[67,86,146],[66,82,155],
[69,85,152],[68,87,140],[64,84,143],[43,70,123],[44,71,126],[46,72,124],[48,74,120],[45,75,118],[47,73,129],[18,48,152],
[13,47,143],[17,46,140],[14,45,149],[15,43,146],[16,44,155],[59,148,152],[56,139,143],[58,145,149],[55,140,154],[60,146,151],
[57,142,155],[99,103,107],[97,101,105],[3,89,130],[4,93,135],[2,90,138],[1,91,136],[5,92,133],[6,88,132],[70,115,123],
[71,109,126],[72,117,124],[74,112,120],[73,114,129],[75,111,118],[4,35,135],[1,36,136],[2,31,138],[6,34,132],[3,32,130],
[5,33,133],[24,93,135],[23,89,130],[22,92,133],[19,91,136],[21,88,132],[20,90,138],[16,60,151],[17,59,148],[14,56,139],
[13,58,145],[18,55,154],[15,57,142],[5,11,128],[1,12,127],[6,10,122],[3,9,125],[2,7,119],[4,8,121],[18,48,144],
[16,44,150],[15,43,141],[13,47,153],[17,46,147],[14,45,156],[37,142,155],[42,140,154],[41,145,149],[40,148,152],[38,139,143],
[39,146,151],[45,75,154],[46,72,145],[44,71,148],[43,70,139],[47,73,151],[48,74,142],[52,65,149],[54,67,146],[49,66,155],
[53,69,152],[51,64,143],[50,68,140],[37,124,156],[38,126,144],[39,118,147],[41,120,150],[42,129,141],[40,123,153],[23,53,151],
[19,52,148],[20,50,139],[22,54,145],[21,49,154],[24,51,142],[24,26,131],[23,30,134],[22,28,137],[19,25,131],[21,27,137],
[20,29,134],[14,114,149],[15,109,146],[16,115,155],[18,117,152],[13,111,143],[17,112,140],[18,41,116],[16,38,116],[15,40,110],
[13,42,110],[17,37,113],[14,39,113],[24,42,104],[23,41,102],[22,40,98],[21,38,108],[19,39,106],[20,37,100],[47,65,104],
[44,67,108],[43,66,98],[45,64,106],[48,68,102],[46,69,100],[29,43,97],[25,44,107],[30,47,103],[27,45,105],[28,46,99],
[26,48,101],[3,75,89],[4,72,93],[2,71,90],[1,70,91],[6,73,88],[5,74,92],[12,66,129],[11,68,126],[9,64,124],
[10,65,123],[7,67,120],[8,69,118],[31,83,149],[35,86,146],[32,82,155],[34,85,152],[33,84,143],[36,87,140],[99,103,144],
[97,105,150],[97,101,147],[101,105,153],[99,107,141],[103,107,156],[52,72,87],[51,70,86],[50,75,83],[53,71,82],[54,73,84],
[49,74,85],[76,77,116],[80,81,110],[78,79,113],[136,138,157],[130,132,159],[133,135,158],[5,23,56],[6,24,59],[1,22,55],
[4,20,60],[3,19,57],[2,21,58],[36,56,65],[31,59,68],[32,55,69],[34,60,66],[33,57,67],[35,58,64],[26,76,124],
[29,81,126],[25,77,123],[30,80,118],[27,79,129],[28,78,120],[5,36,56],[6,31,59],[1,32,55],[4,34,60],[2,35,58],
[3,33,57],[11,31,68],[9,35,64],[8,32,69],[12,34,66],[10,36,65],[7,33,67],[29,81,97],[25,77,107],[30,80,103],
[27,79,105],[26,76,101],[28,78,99],[37,79,113],[38,76,116],[39,78,113],[41,77,116],[40,80,110],[42,81,110],[26,37,124],
[29,38,126],[30,39,118],[28,41,120],[25,40,123],[27,42,129],[5,11,23],[1,12,22],[6,10,24],[3,9,19],[4,8,20],
[2,7,21],[36,136,157],[31,138,157],[32,130,159],[35,135,158],[33,133,158],[34,132,159],[17,97,147],[14,107,156],[18,103,144],
[16,105,150],[13,101,153],[15,99,141],[31,114,149],[35,109,146],[32,115,155],[34,117,152],[36,112,140],[33,111,143],[52,65,104],
[54,67,108],[49,66,98],[50,68,102],[53,69,100],[51,64,106],[3,75,154],[4,72,145],[2,71,148],[1,70,139],[5,74,142],
[6,73,151],[42,104,154],[41,102,145],[40,98,148],[38,108,139],[37,100,142],[39,106,151],[16,23,151],[17,19,148],[14,20,139],
[13,22,145],[15,24,142],[18,21,154],[24,26,93],[23,30,89],[22,28,92],[19,25,91],[21,27,88],[20,29,90],[52,72,117],
[50,75,111],[51,70,115],[53,71,109],[49,74,112],[54,73,114],[92,93,160],[88,89,162],[90,91,161],[26,93,160],[29,90,161],
[30,89,162],[28,92,160],[25,91,161],[27,88,162],[3,104,154],[4,102,145],[2,98,148],[1,108,139],[6,106,151],[5,100,142],
[54,108,114],[52,104,117],[53,100,109],[51,106,115],[49,98,112],[50,102,111],[9,17,19],[8,14,20],[11,16,23],[12,13,22],
[7,18,21],[10,15,24],[26,37,79],[29,38,76],[30,39,78],[28,41,77],[27,42,81],[25,40,80],[17,81,97],[14,77,107],
[18,80,103],[16,79,105],[15,78,99],[13,76,101],[11,31,114],[12,34,117],[9,35,109],[8,32,115],[10,36,112],[7,33,111],
[5,36,157],[6,31,157],[1,32,159],[4,34,159],[3,33,158],[2,35,158],[1,108,159],[3,104,158],[5,100,157],[6,106,157],
[4,102,159],[2,98,158],[11,16,79],[12,13,76],[9,17,81],[8,14,77],[7,18,80],[10,15,78],[11,108,114],[12,104,117],
[9,100,109],[8,106,115],[7,102,111],[10,98,112],[26,79,160],[29,76,161],[27,81,162],[28,77,160],[25,80,161],[30,78,162],
[11,108,159],[12,104,158],[9,100,157],[8,106,157],[10,98,158],[7,102,159],[11,79,160],[12,76,161],[9,81,162],[8,77,160],
[10,78,162],[7,80,161],[11,159,160],[12,158,161],[9,157,162],[8,157,160],[7,159,161],[10,158,162]];
###############################################################

#SurfaceInfo: 108 Vertices, 972 Edges, 648 Faces, IsOrientable=true
 #Vertices of faces:
vof3:=[[106,107,108],[105,106,107],[104,106,108],[103,107,108],[100,101,102],[97,98,99],[94,95,96],[91,92,93],[88,89,90],[85,86,87],
[82,83,84],[79,80,81],[76,77,78],[73,74,75],[71,72,74],[70,71,73],[67,68,69],[65,66,68],[64,65,67],[71,73,74],
[65,67,68],[61,62,63],[58,59,60],[55,56,57],[52,53,54],[49,50,51],[46,47,48],[44,45,54],[42,43,63],[40,41,60],
[39,45,48],[38,43,51],[37,41,57],[37,82,83],[44,83,84],[42,76,77],[40,77,78],[39,79,80],[38,80,81],[36,47,50],
[35,53,56],[34,59,62],[36,46,47],[36,49,50],[34,58,59],[34,61,62],[35,52,53],[35,55,56],[37,57,82],[44,54,84],
[40,60,78],[38,51,81],[42,63,76],[39,48,79],[51,57,105],[48,60,103],[54,63,104],[31,32,33],[28,29,30],[25,26,27],
[24,53,54],[23,59,60],[22,47,48],[21,56,57],[20,62,63],[19,50,51],[32,44,83],[33,42,77],[29,40,77],[30,39,80],
[27,38,80],[26,37,83],[24,73,75],[20,68,69],[19,72,74],[23,70,71],[22,64,67],[21,65,66],[51,54,60],[48,57,63],
[16,17,18],[13,14,15],[11,12,61],[9,10,49],[7,8,52],[5,6,55],[3,4,58],[1,2,46],[51,60,69],[48,63,72],
[48,57,75],[57,63,70],[54,60,66],[51,54,64],[16,17,66],[17,18,64],[13,14,70],[13,15,75],[14,15,72],[16,18,69],
[5,20,68],[3,24,73],[9,23,71],[7,19,74],[1,21,65],[11,22,67],[15,27,38],[14,29,40],[18,30,39],[13,32,44],
[16,33,42],[17,26,37],[24,53,90],[20,62,93],[22,47,96],[21,56,99],[23,59,87],[19,50,102],[21,57,66],[19,51,72],
[24,54,75],[20,63,69],[23,60,70],[22,48,64],[25,26,83],[31,32,83],[31,33,77],[28,29,77],[25,27,80],[28,30,80],
[6,34,58],[10,34,61],[4,35,55],[2,35,52],[12,36,49],[8,36,46],[57,82,105],[60,78,103],[54,84,104],[48,79,103],
[51,81,105],[63,76,104],[3,5,41],[9,11,43],[1,7,45],[51,57,108],[54,63,107],[48,60,106],[10,53,82],[2,62,78],
[12,56,84],[4,50,79],[6,47,81],[8,59,76],[60,69,82],[48,72,84],[57,75,78],[54,66,79],[51,64,76],[63,70,81],
[6,81,105],[10,82,105],[2,78,103],[12,84,104],[8,76,104],[4,79,103],[8,46,59],[10,53,61],[12,49,56],[4,50,55],
[2,52,62],[6,47,58],[31,77,101],[31,83,95],[28,80,89],[25,83,86],[25,80,92],[28,77,98],[57,66,108],[51,72,108],
[54,75,107],[60,70,106],[48,64,106],[63,69,107],[53,82,90],[56,84,99],[62,78,93],[59,76,87],[50,79,102],[47,81,96],
[7,45,74],[11,43,67],[1,45,65],[5,41,68],[3,41,73],[9,43,71],[3,44,58],[5,42,55],[11,39,61],[7,38,52],
[9,40,49],[1,37,46],[16,33,66],[14,29,72],[15,27,75],[18,30,69],[13,32,70],[17,26,64],[50,61,63],[47,52,54],
[56,58,60],[46,48,53],[55,57,59],[49,51,62],[1,7,34],[3,5,36],[9,11,35],[44,45,92],[42,43,89],[38,43,98],
[39,45,86],[40,41,95],[37,41,101],[7,41,60],[5,45,48],[11,41,57],[9,45,54],[3,43,51],[1,43,63],[18,100,101],
[15,94,95],[14,91,92],[13,97,98],[16,85,86],[17,88,89],[97,101,102],[89,90,91],[86,87,94],[98,99,100],[85,95,96],
[88,92,93],[33,100,102],[32,94,96],[29,97,99],[27,91,93],[26,85,87],[30,88,90],[28,74,75],[31,71,72],[25,67,69],
[25,70,73],[31,64,65],[28,66,68],[29,54,64],[30,57,70],[32,51,69],[26,63,72],[27,60,66],[33,48,75],[13,75,88],
[17,66,97],[18,64,94],[14,70,85],[16,69,91],[15,72,100],[4,25,35],[2,31,35],[10,31,34],[12,25,36],[8,28,36],
[6,28,34],[20,33,93],[23,29,87],[22,30,96],[24,32,90],[19,27,102],[21,26,99],[15,38,46],[14,40,61],[18,39,49],
[13,44,55],[16,42,58],[17,37,52],[5,20,87],[7,19,96],[9,23,93],[1,21,90],[11,22,102],[3,24,99],[12,61,89],
[10,49,98],[8,52,92],[6,55,101],[2,46,86],[4,58,95],[11,12,29],[9,10,30],[5,6,32],[7,8,26],[1,2,27],
[3,4,33],[2,6,12],[4,8,10],[36,90,97],[34,88,99],[36,85,93],[34,94,102],[35,87,91],[35,96,100],[5,29,87],
[7,30,96],[9,33,93],[1,32,90],[3,26,99],[11,27,102],[31,34,99],[28,34,102],[28,36,93],[25,35,96],[25,36,90],
[31,35,87],[13,34,88],[17,36,97],[16,35,91],[18,34,94],[15,35,100],[14,36,85],[2,27,66],[12,29,64],[10,30,70],
[6,32,69],[8,26,72],[4,33,75],[2,31,72],[6,28,75],[4,25,69],[12,25,70],[8,28,66],[10,31,64],[12,89,91],
[4,85,95],[2,86,94],[10,98,100],[8,88,92],[6,97,101],[3,33,102],[7,26,87],[5,32,96],[11,29,99],[9,30,90],
[1,27,93],[22,97,102],[23,88,93],[19,85,96],[20,87,94],[24,99,100],[21,90,91],[15,46,95],[14,61,92],[18,49,101],
[13,55,98],[17,52,89],[16,58,86],[20,33,100],[22,30,88],[19,27,91],[24,32,94],[21,26,85],[23,29,97],[13,66,97],
[15,64,94],[16,70,85],[14,69,91],[18,72,100],[17,75,88],[7,34,41],[5,36,45],[11,35,41],[1,34,43],[9,35,45],
[3,36,43],[55,59,101],[46,53,86],[56,58,95],[50,61,89],[49,62,98],[47,52,92],[26,50,63],[27,56,60],[33,48,53],
[32,51,62],[29,47,54],[30,57,59],[7,60,82],[5,48,84],[11,57,78],[9,54,79],[1,63,81],[3,51,76],[9,40,95],
[3,44,92],[1,37,101],[5,42,89],[11,39,86],[7,38,98],[41,68,101],[45,74,92],[41,73,95],[43,67,89],[43,71,98],
[45,65,86],[82,90,97],[84,88,99],[78,85,93],[79,94,102],[81,96,100],[76,87,91],[28,74,89],[31,71,101],[25,73,86],
[25,67,92],[28,68,98],[31,65,95],[38,46,59],[40,53,61],[39,49,56],[44,50,55],[37,52,62],[42,47,58],[6,12,105],
[4,10,105],[4,8,103],[8,10,104],[2,12,104],[2,6,103],[33,66,108],[29,72,108],[27,75,107],[30,69,107],[26,64,106],
[32,70,106],[26,27,77],[32,33,80],[29,30,83],[28,82,84],[25,76,78],[31,79,81],[67,72,84],[69,71,82],[65,75,78],
[64,74,76],[68,70,81],[66,73,79],[40,49,67],[39,61,71],[38,52,65],[37,46,74],[44,58,68],[42,55,73],[83,86,100],
[77,88,101],[80,92,97],[83,91,95],[80,85,89],[77,94,98],[40,67,84],[39,71,82],[38,65,78],[37,74,76],[42,73,79],
[44,68,81],[61,71,101],[55,73,86],[52,65,95],[46,74,89],[49,67,92],[58,68,98],[68,88,101],[74,92,97],[73,91,95],
[67,85,89],[65,86,100],[71,94,98],[29,47,83],[27,56,77],[30,59,83],[26,50,77],[33,53,80],[32,62,80],[20,83,100],
[22,77,88],[19,83,91],[24,77,94],[23,80,97],[21,80,85],[2,67,72],[6,65,75],[4,69,71],[12,68,70],[10,64,74],
[8,66,73],[28,84,102],[28,82,93],[25,78,90],[31,79,99],[31,81,87],[25,76,96],[8,88,103],[6,97,103],[12,91,105],
[4,85,105],[10,100,104],[2,94,104],[38,59,101],[40,53,86],[39,56,95],[44,50,89],[42,47,92],[37,62,98],[9,46,95],
[3,61,92],[1,49,101],[11,58,86],[7,55,98],[5,52,89],[22,82,97],[23,84,88],[19,78,85],[20,79,94],[21,76,91],
[24,81,100],[7,82,87],[5,84,96],[11,78,99],[9,79,90],[3,76,102],[1,81,93],[2,13,66],[12,15,64],[10,16,70],
[6,14,69],[4,17,75],[8,18,72],[13,34,41],[17,36,45],[16,35,41],[18,34,43],[15,35,45],[14,36,43],[9,33,108],
[11,27,107],[5,29,108],[7,30,107],[1,32,106],[3,26,106],[41,47,50],[45,59,62],[43,53,56],[13,41,47],[14,43,56],
[17,45,59],[16,41,50],[18,43,53],[15,45,62],[22,82,87],[23,84,96],[19,78,99],[20,79,90],[24,81,93],[21,76,102],
[3,61,106],[9,46,108],[7,55,107],[5,52,108],[1,49,106],[11,58,107],[12,15,68],[10,16,74],[2,13,67],[6,14,65],
[8,18,73],[4,17,71],[20,47,83],[22,56,77],[19,59,83],[24,50,77],[21,62,80],[23,53,80],[68,88,103],[74,97,103],
[73,91,105],[67,85,105],[71,94,104],[65,100,104],[38,61,101],[44,46,89],[40,55,86],[39,52,95],[42,49,92],[37,58,98],
[40,84,102],[39,82,93],[38,78,90],[37,76,96],[44,81,87],[42,79,99],[20,38,90],[22,44,87],[21,40,102],[24,39,93],
[23,37,96],[19,42,99],[13,67,105],[14,65,104],[15,68,103],[16,74,103],[18,73,105],[17,71,104],[38,61,106],[44,46,108],
[40,55,107],[39,52,108],[37,58,107],[42,49,106],[13,20,47],[14,22,56],[15,21,62],[16,24,50],[18,23,53],[17,19,59],
[20,38,106],[22,44,108],[21,40,107],[24,39,108],[19,42,106],[23,37,107],[13,20,105],[14,22,104],[15,21,103],[16,24,103],
[17,19,104],[18,23,105],[20,105,106],[22,104,108],[21,103,107],[24,103,108],[23,105,107],[19,104,106]];
###############################################################

#SurfaceInfo: 162 Vertices, 972 Edges, 648 Faces, IsOrientable=true
 #Vertices of faces:
vof4:=[[160,161,162],[159,160,161],[158,160,162],[157,161,162],[154,155,156],[151,152,153],[148,149,150],[147,154,155],[146,148,149],[145,151,152],
[142,143,144],[139,140,141],[136,137,138],[135,139,140],[134,142,143],[133,136,137],[132,135,139],[131,133,136],[130,134,142],[129,133,137],
[128,135,140],[127,134,143],[126,127,129],[125,131,132],[124,128,130],[125,132,135],[124,128,135],[126,127,134],[126,129,133],[125,131,133],
[124,130,134],[123,124,134],[122,126,134],[121,124,135],[121,126,133],[122,125,135],[123,125,133],[121,124,126],[123,124,125],[122,125,126],
[121,122,123],[118,119,120],[115,116,117],[112,113,114],[109,110,111],[106,107,108],[103,104,105],[100,101,102],[97,98,99],[95,96,98],
[94,96,99],[93,95,96],[92,95,98],[91,97,98],[90,94,96],[89,94,99],[88,97,99],[91,92,98],[88,89,99],[90,93,96],
[86,87,117],[84,85,117],[82,83,120],[80,81,114],[78,79,114],[76,77,120],[90,93,120],[91,92,114],[88,89,117],[84,89,117],
[80,91,114],[86,88,117],[78,92,114],[76,93,120],[82,90,120],[91,106,107],[88,106,108],[92,103,104],[89,100,101],[90,100,102],
[93,103,105],[91,106,110],[88,106,111],[89,100,111],[92,103,110],[93,103,109],[90,100,109],[80,91,107],[86,88,108],[78,92,104],
[76,93,105],[82,90,102],[84,89,101],[96,99,110],[96,98,111],[98,99,109],[99,106,110],[98,106,111],[99,100,109],[96,100,111],
[98,103,109],[96,103,110],[75,76,105],[74,80,107],[73,86,108],[72,78,104],[71,84,101],[70,82,102],[68,69,125],[66,67,124],
[64,65,126],[63,85,129],[62,77,132],[61,79,127],[61,81,130],[62,83,128],[63,87,131],[99,115,116],[98,112,113],[96,118,119],
[63,121,123],[62,121,122],[61,122,123],[60,118,120],[59,119,120],[58,113,114],[57,112,114],[56,115,117],[55,116,117],[95,109,110],
[94,109,111],[97,110,111],[61,124,126],[62,124,125],[63,125,126],[85,117,136],[81,114,143],[77,120,140],[83,120,139],[87,117,137],
[79,114,142],[91,110,113],[93,109,119],[92,110,112],[90,109,118],[88,111,116],[89,111,115],[91,113,144],[93,119,141],[92,112,144],
[90,118,141],[89,115,138],[88,116,138],[60,105,118],[58,104,113],[59,102,119],[55,101,116],[56,108,115],[57,107,112],[95,110,113],
[94,111,116],[97,111,115],[94,109,119],[97,110,112],[95,109,118],[60,120,139],[56,117,136],[57,114,142],[55,117,137],[59,120,140],
[58,114,143],[63,85,136],[62,77,140],[62,83,139],[61,79,142],[61,81,143],[63,87,137],[63,123,129],[62,122,128],[62,121,132],
[63,121,131],[61,123,127],[61,122,130],[61,64,126],[61,66,124],[62,68,125],[63,69,125],[63,65,126],[62,67,124],[99,106,115],
[98,106,112],[96,103,118],[96,100,119],[98,103,113],[99,100,116],[54,71,84],[53,72,78],[52,73,86],[51,75,76],[50,70,82],
[49,74,80],[47,48,103],[45,46,100],[43,44,106],[79,81,134],[85,87,133],[77,83,135],[42,147,154],[41,147,155],[40,145,151],
[39,146,148],[38,146,149],[37,145,152],[76,139,141],[78,143,144],[82,140,141],[80,142,144],[86,136,138],[84,137,138],[42,132,139],
[41,131,136],[40,130,142],[39,129,137],[38,127,143],[37,128,140],[64,123,134],[66,122,134],[68,121,135],[65,123,133],[69,121,133],
[67,122,135],[36,42,154],[35,41,155],[34,39,148],[33,38,149],[32,37,152],[31,40,151],[69,87,133],[64,79,134],[65,85,133],
[66,81,134],[67,83,135],[68,77,135],[42,132,147],[41,131,147],[40,130,145],[39,129,146],[37,128,145],[38,127,146],[51,76,139],
[53,78,143],[49,80,142],[50,82,140],[54,84,137],[52,86,136],[47,103,113],[43,106,115],[44,106,112],[45,100,119],[46,100,116],
[48,103,118],[67,122,130],[65,123,127],[64,123,129],[66,122,128],[69,121,132],[68,121,131],[42,60,139],[41,56,136],[37,59,140],
[40,57,142],[38,58,143],[39,55,137],[78,113,144],[82,119,141],[80,112,144],[76,118,141],[84,116,138],[86,115,138],[62,68,139],
[61,64,143],[62,67,140],[61,66,142],[63,65,137],[63,69,136],[95,104,113],[95,105,118],[94,101,116],[97,108,115],[94,102,119],
[97,107,112],[79,81,144],[77,83,141],[85,87,138],[48,93,95],[47,92,95],[45,90,94],[46,89,94],[43,88,97],[44,91,97],
[42,76,77],[41,86,87],[38,78,79],[39,84,85],[37,82,83],[40,80,81],[57,91,144],[60,93,141],[58,92,144],[59,90,141],
[56,88,138],[55,89,138],[45,59,90],[44,57,91],[48,60,93],[47,58,92],[46,55,89],[43,56,88],[55,85,138],[57,81,144],
[56,87,138],[60,77,141],[58,79,144],[59,83,141],[48,95,104],[43,97,107],[47,95,105],[45,94,101],[44,97,108],[46,94,102],
[42,60,75],[41,56,73],[37,59,70],[40,57,74],[39,55,71],[38,58,72],[42,68,77],[41,69,87],[38,64,79],[39,65,85],
[40,66,81],[37,67,83],[36,42,76],[33,38,78],[34,39,84],[35,41,86],[31,40,80],[32,37,82],[51,68,139],[53,64,143],
[50,67,140],[54,65,137],[52,69,136],[49,66,142],[48,76,118],[47,78,113],[43,86,115],[45,82,119],[46,84,116],[44,80,112],
[68,131,147],[64,129,146],[67,130,145],[65,127,146],[69,132,147],[66,128,145],[28,29,30],[25,26,27],[22,23,24],[21,127,129],
[20,131,132],[19,128,130],[54,85,129],[52,87,131],[51,77,132],[53,79,127],[49,81,130],[50,83,128],[20,68,69],[21,64,65],
[19,66,67],[23,74,107],[23,73,108],[26,72,104],[29,70,102],[26,75,105],[29,71,101],[21,54,129],[21,53,127],[20,52,131],
[20,51,132],[19,49,130],[19,50,128],[25,26,75],[22,23,73],[28,29,70],[23,24,74],[26,27,72],[29,30,71],[26,48,104],
[26,47,105],[23,44,108],[29,45,101],[29,46,102],[23,43,107],[20,42,68],[20,41,69],[21,38,64],[19,37,67],[19,40,66],
[21,39,65],[51,60,77],[53,58,79],[50,59,83],[54,55,85],[49,57,81],[52,56,87],[51,68,147],[53,64,146],[50,67,145],
[54,65,146],[49,66,145],[52,69,147],[36,48,76],[33,47,78],[35,43,86],[31,44,80],[32,45,82],[34,46,84],[48,60,75],
[47,58,72],[44,57,74],[43,56,73],[46,55,71],[45,59,70],[17,18,147],[15,16,146],[13,14,145],[10,11,12],[7,8,9],
[4,5,6],[8,11,158],[5,11,159],[5,8,157],[4,148,150],[12,149,150],[7,155,156],[10,154,156],[9,151,153],[6,152,153],
[5,28,30],[8,22,24],[11,25,27],[3,47,48],[2,43,44],[1,45,46],[3,104,105],[1,101,102],[2,107,108],[36,60,105],
[33,58,104],[32,59,102],[34,55,101],[31,57,107],[35,56,108],[54,71,148],[53,72,149],[52,73,155],[51,75,154],[49,74,151],
[50,70,152],[17,42,75],[18,41,73],[13,37,70],[14,40,74],[15,38,72],[16,39,71],[3,36,105],[3,33,104],[1,32,102],
[2,35,108],[2,31,107],[1,34,101],[4,71,148],[12,72,149],[10,75,154],[7,73,155],[6,70,152],[9,74,151],[5,30,159],
[5,28,157],[11,27,159],[8,22,158],[11,25,158],[8,24,157],[10,11,156],[7,8,156],[8,9,153],[4,5,150],[5,6,153],
[11,12,150],[1,46,71],[3,47,72],[3,48,75],[2,43,73],[1,45,70],[2,44,74],[17,51,147],[15,53,146],[13,50,145],
[16,54,146],[18,52,147],[14,49,145],[36,51,60],[33,53,58],[32,50,59],[34,54,55],[35,52,56],[31,49,57],[17,20,42],
[15,21,38],[16,21,39],[18,20,41],[14,19,40],[13,19,37],[17,25,75],[18,22,73],[13,28,70],[14,24,74],[16,30,71],
[15,27,72],[21,54,148],[21,53,149],[20,52,155],[20,51,154],[19,50,152],[19,49,151],[26,36,48],[26,33,47],[23,35,43],
[23,31,44],[29,34,46],[29,32,45],[17,18,156],[13,14,153],[15,16,150],[10,12,26],[4,6,29],[7,9,23],[5,11,162],
[5,8,160],[8,11,161],[25,36,154],[22,35,155],[30,34,148],[27,33,149],[24,31,151],[28,32,152],[10,26,36],[12,26,33],
[9,23,31],[7,23,35],[6,29,32],[4,29,34],[17,25,156],[16,30,150],[18,22,156],[13,28,153],[15,27,150],[14,24,153],
[8,156,160],[11,156,162],[11,150,161],[8,153,161],[5,153,162],[5,150,160],[30,148,159],[27,149,159],[22,155,158],[25,154,158],
[24,151,157],[28,152,157],[1,28,32],[3,27,33],[2,24,31],[3,25,36],[1,30,34],[2,22,35],[15,21,148],[16,21,149],
[17,20,155],[18,20,154],[13,19,151],[14,19,152],[17,36,51],[15,33,53],[13,32,50],[16,34,54],[14,31,49],[18,35,52],
[1,4,71],[3,12,72],[3,10,75],[2,7,73],[2,9,74],[1,6,70],[12,15,33],[4,16,34],[10,17,36],[7,18,35],
[9,14,31],[6,13,32],[3,12,25],[1,4,28],[3,10,27],[2,7,24],[2,9,22],[1,6,30],[15,148,159],[16,149,159],
[17,155,158],[18,154,158],[14,152,157],[13,151,157],[25,156,160],[28,153,161],[27,150,160],[24,153,162],[22,156,162],[30,150,161],
[12,15,159],[4,16,159],[10,17,158],[7,18,158],[6,13,157],[9,14,157],[12,25,160],[4,28,161],[10,27,160],[7,24,162],
[6,30,161],[9,22,162],[12,159,160],[4,159,161],[10,158,160],[7,158,162],[9,157,162],[6,157,161]];
###############################################################

#SurfaceInfo: 108 Vertices, 972 Edges, 648 Faces, IsOrientable=true
 #Vertices of faces:
vof5:=[[106,107,108],[105,106,107],[104,107,108],[103,106,108],[100,101,102],[98,99,101],[97,98,100],[96,100,101],[95,98,100],[94,98,101],
[91,92,93],[89,90,92],[88,89,91],[89,92,101],[91,92,98],[89,91,100],[87,89,101],[86,89,100],[86,92,98],[85,91,100],
[85,92,101],[87,91,98],[83,84,91],[81,82,89],[79,80,92],[81,87,89],[79,85,92],[83,87,91],[84,85,91],[82,86,89],
[80,86,92],[78,80,86],[77,83,87],[76,79,85],[75,84,85],[74,81,87],[73,82,86],[75,76,85],[73,78,86],[74,77,87],
[70,71,72],[68,69,105],[66,67,103],[64,65,104],[61,62,63],[58,59,60],[55,56,57],[52,53,54],[49,50,51],[46,47,48],
[43,44,45],[42,46,47],[41,46,48],[41,49,50],[42,43,44],[40,43,45],[40,49,51],[41,46,49],[40,43,49],[42,43,46],
[39,43,59],[38,49,53],[37,46,53],[36,46,59],[35,49,56],[34,43,56],[33,43,46],[32,46,49],[31,43,49],[31,49,53],
[32,46,59],[31,43,59],[32,49,56],[33,43,56],[33,46,53],[44,58,59],[47,59,60],[45,55,56],[48,52,53],[50,53,54],
[51,56,57],[44,58,67],[47,60,65],[48,52,69],[45,55,68],[51,57,64],[50,54,66],[32,44,59],[31,47,59],[32,45,56],
[33,51,56],[33,50,53],[31,48,53],[44,45,96],[47,48,94],[50,51,95],[44,67,96],[47,65,94],[50,66,95],[48,69,94],
[51,64,95],[45,68,96],[33,51,78],[32,44,75],[31,47,77],[32,45,76],[31,48,74],[33,50,73],[29,30,53],[28,29,56],
[28,30,59],[26,27,71],[24,25,72],[22,23,72],[20,21,70],[18,19,71],[16,17,70],[66,67,99],[64,65,102],[68,69,97],
[15,70,71],[14,71,72],[13,70,72],[19,69,105],[25,68,105],[21,65,104],[23,64,104],[27,66,103],[17,67,103],[12,61,62],
[11,61,63],[10,62,63],[28,75,76],[29,73,78],[30,74,77],[27,38,53],[21,36,59],[25,34,56],[19,37,53],[17,39,59],
[23,35,56],[12,58,67],[11,57,64],[10,55,68],[12,54,66],[11,60,65],[10,52,69],[9,12,67],[8,11,64],[7,10,68],
[6,12,66],[5,10,69],[4,11,65],[19,62,105],[21,61,104],[25,63,105],[17,61,103],[27,62,103],[23,63,104],[12,58,61],
[11,60,61],[10,52,62],[11,57,63],[10,55,63],[12,54,62],[19,37,69],[27,38,66],[23,35,64],[17,39,67],[25,34,68],
[21,36,65],[26,27,53],[24,25,56],[18,19,53],[22,23,56],[20,21,59],[16,17,59],[15,27,71],[14,19,71],[14,25,72],
[15,17,70],[13,23,72],[13,21,70],[28,59,76],[28,56,75],[29,53,78],[30,53,77],[30,59,74],[29,56,73],[67,96,99],
[65,94,102],[68,96,97],[69,94,97],[64,95,102],[66,95,99],[48,74,88],[45,76,93],[47,77,88],[51,78,90],[50,73,90],
[44,75,93],[92,97,102],[89,97,99],[91,99,102],[3,19,27],[2,23,25],[1,17,21],[84,96,101],[79,96,100],[81,94,98],
[80,95,100],[82,95,98],[83,94,101],[66,90,92],[67,92,93],[64,89,90],[68,91,93],[69,88,91],[65,88,89],[69,87,101],
[66,86,100],[64,86,98],[67,85,100],[65,87,98],[68,85,101],[27,78,80],[19,77,83],[17,76,79],[23,73,82],[25,75,84],
[21,74,81],[34,84,96],[39,79,96],[38,80,95],[35,82,95],[37,83,94],[36,81,94],[2,25,75],[3,27,78],[2,23,73],
[3,19,77],[1,21,74],[1,17,76],[69,84,101],[66,79,100],[64,81,98],[67,80,100],[68,83,101],[65,82,98],[66,78,90],
[67,76,93],[68,75,93],[64,73,90],[65,74,88],[69,77,88],[92,95,102],[91,96,99],[91,94,102],[89,94,97],[89,95,99],
[92,96,97],[13,21,81],[13,23,82],[15,27,80],[14,19,83],[14,25,84],[15,17,79],[37,69,87],[38,66,86],[34,68,85],
[35,64,86],[36,65,87],[39,67,85],[9,67,92],[8,64,89],[7,68,91],[6,66,92],[4,65,89],[5,69,91],[18,53,78],
[20,59,76],[24,56,73],[22,56,75],[16,59,74],[26,53,77],[21,58,61],[19,54,62],[17,60,61],[27,52,62],[25,57,63],
[23,55,63],[19,27,106],[17,21,108],[23,25,107],[21,42,47],[19,41,48],[17,42,44],[25,40,45],[23,40,51],[27,41,50],
[34,43,76],[39,43,75],[35,49,78],[38,49,73],[37,46,74],[36,46,77],[9,12,27],[8,11,21],[7,10,19],[6,12,17],
[4,11,23],[5,10,25],[6,17,44],[9,27,50],[8,21,47],[7,19,48],[5,25,45],[4,23,51],[10,25,107],[12,27,106],
[11,23,107],[11,21,108],[10,19,106],[12,17,108],[21,42,58],[23,40,55],[19,41,54],[17,42,60],[27,41,52],[25,40,57],
[37,47,87],[38,51,86],[34,44,85],[35,50,86],[39,45,85],[36,48,87],[1,43,76],[2,43,75],[3,49,78],[2,49,73],
[3,46,77],[1,46,74],[34,76,96],[35,78,95],[38,73,95],[39,75,96],[36,77,94],[37,74,94],[18,66,78],[20,67,76],
[24,64,73],[16,65,74],[26,69,77],[22,68,75],[6,92,96],[9,92,95],[5,91,96],[8,89,94],[4,89,95],[7,91,94],
[15,66,79],[15,67,80],[13,64,81],[13,65,82],[14,69,84],[14,68,83],[28,31,33],[30,32,33],[29,31,32],[10,83,84],
[11,81,82],[12,79,80],[10,26,71],[11,16,70],[11,24,72],[10,22,72],[12,20,70],[12,18,71],[29,30,43],[28,30,49],
[28,29,46],[32,40,75],[31,41,77],[32,42,76],[33,40,73],[33,41,78],[31,42,74],[10,26,83],[10,22,84],[11,16,81],
[11,24,82],[12,20,79],[12,18,80],[30,33,41],[29,31,41],[28,33,40],[29,32,40],[30,32,42],[28,31,42],[42,58,76],
[41,54,78],[41,52,77],[42,60,74],[40,57,73],[40,55,75],[1,30,43],[2,29,43],[3,30,49],[1,28,46],[3,29,46],
[2,28,49],[11,72,108],[10,72,106],[12,71,108],[10,71,107],[12,70,106],[11,70,107],[15,18,66],[15,20,67],[13,24,64],
[13,16,65],[14,22,68],[14,26,69],[6,76,96],[9,78,95],[5,75,96],[7,77,94],[8,74,94],[4,73,95],[8,47,87],
[7,48,87],[9,50,86],[4,51,86],[5,45,85],[6,44,85],[18,26,62],[16,20,61],[22,24,63],[6,9,100],[5,7,101],
[4,8,98],[32,34,39],[33,35,38],[31,36,37],[88,97,98],[93,97,100],[88,101,102],[90,100,102],[93,99,101],[90,98,99],
[3,31,33],[1,31,32],[2,32,33],[87,97,102],[86,99,102],[85,97,99],[55,57,72],[52,54,71],[58,60,70],[62,72,105],
[61,72,104],[63,71,105],[61,71,103],[63,70,104],[62,70,103],[48,83,88],[45,84,93],[47,81,88],[51,82,90],[44,79,93],
[50,80,90],[30,37,47],[29,38,51],[28,34,44],[29,35,50],[30,36,48],[28,39,45],[55,72,105],[57,72,104],[52,71,105],
[58,70,103],[60,70,104],[54,71,103],[83,88,97],[84,93,97],[82,90,102],[81,88,102],[80,90,99],[79,93,99],[3,33,38],
[3,31,37],[2,33,35],[1,32,39],[2,32,34],[1,31,36],[9,90,100],[7,88,101],[5,93,101],[8,88,98],[4,90,98],
[6,93,100],[5,85,97],[7,87,97],[8,87,102],[4,86,102],[6,85,99],[9,86,99],[15,18,62],[15,20,61],[13,24,63],
[13,16,61],[14,26,62],[14,22,63],[62,72,108],[61,72,106],[63,71,108],[61,71,107],[62,70,107],[63,70,106],[1,30,47],
[3,30,48],[2,28,45],[2,29,51],[3,29,50],[1,28,44],[30,37,41],[29,38,41],[28,34,40],[29,35,40],[28,39,42],
[30,36,42],[26,48,83],[22,45,84],[16,47,81],[24,51,82],[18,50,80],[20,44,79],[6,58,76],[9,54,78],[5,55,75],
[7,52,77],[4,57,73],[8,60,74],[18,26,41],[22,24,40],[16,20,42],[6,9,15],[4,8,13],[5,7,14],[35,38,90],
[36,37,88],[34,39,93],[34,55,84],[39,58,79],[38,54,80],[35,57,82],[36,60,81],[37,52,83],[6,15,58],[9,15,54],
[7,14,52],[5,14,55],[8,13,60],[4,13,57],[26,37,41],[20,39,42],[18,38,41],[22,34,40],[16,36,42],[24,35,40],
[7,37,88],[9,38,90],[6,39,93],[5,34,93],[4,35,90],[8,36,88],[3,38,54],[2,35,57],[1,39,58],[2,34,55],
[1,36,60],[3,37,52],[52,83,105],[57,82,104],[60,81,104],[55,84,105],[54,80,103],[58,79,103],[3,26,48],[2,22,45],
[1,16,47],[2,24,51],[1,20,44],[3,18,50],[15,62,108],[15,61,106],[13,63,108],[13,61,107],[14,63,106],[14,62,107],
[5,83,97],[7,84,97],[8,82,102],[4,81,102],[9,79,99],[6,80,99],[15,54,106],[13,57,107],[15,58,108],[14,55,107],
[14,52,106],[13,60,108],[7,84,105],[5,83,105],[8,82,104],[4,81,104],[9,79,103],[6,80,103],[3,26,54],[2,22,57],
[1,16,58],[2,24,55],[3,18,52],[1,20,60],[7,26,37],[5,22,34],[8,16,36],[4,24,35],[9,18,38],[6,20,39],
[26,54,106],[22,57,107],[16,58,108],[24,55,107],[20,60,108],[18,52,106],[7,26,105],[5,22,105],[8,16,104],[4,24,104],
[6,20,103],[9,18,103],[26,105,106],[22,105,107],[16,104,108],[24,104,107],[18,103,106],[20,103,108]];
###############################################################

#SurfaceInfo: 324 Vertices, 972 Edges, 648 Faces, IsOrientable=true
 #Vertices of faces:
vof6:=[[322,323,324],[321,322,323],[320,322,324],[319,323,324],[316,317,318],[313,314,315],[310,311,312],[307,308,309],[304,305,306],[301,302,303],
[298,299,300],[295,296,297],[292,293,294],[289,290,291],[286,287,288],[283,284,285],[280,281,282],[277,278,279],[276,277,278],[275,277,279],
[274,278,279],[272,273,277],[270,271,278],[268,269,279],[272,276,277],[270,276,278],[273,275,277],[268,275,279],[269,274,279],[271,274,278],
[266,267,276],[264,265,275],[262,263,274],[266,272,276],[267,270,276],[264,273,275],[262,269,274],[263,271,274],[265,268,275],[261,280,281],
[260,281,282],[259,280,282],[281,289,290],[282,283,284],[280,286,287],[259,280,286],[260,281,289],[259,282,283],[260,282,284],[261,280,287],
[261,281,290],[258,266,272],[257,267,270],[256,264,273],[255,263,271],[254,262,269],[253,265,268],[261,298,299],[260,295,296],[259,292,293],
[252,272,273],[251,268,269],[250,270,271],[261,290,298],[261,287,299],[260,289,295],[260,284,296],[259,283,292],[259,286,293],[252,258,272],
[250,257,270],[252,256,273],[250,255,271],[251,253,268],[251,254,269],[248,249,252],[246,247,250],[244,245,251],[243,290,291],[242,289,291],
[241,286,288],[240,287,288],[239,283,285],[238,284,285],[236,237,288],[234,235,285],[232,233,291],[232,243,291],[233,242,291],[236,241,288],
[237,240,288],[234,238,285],[235,239,285],[240,287,299],[238,284,296],[242,289,295],[241,286,293],[239,283,292],[243,290,298],[248,252,256],
[246,250,255],[249,252,258],[247,250,257],[244,251,254],[245,251,253],[231,298,300],[230,299,300],[229,296,297],[228,295,297],[227,292,294],
[226,293,294],[224,225,300],[222,223,297],[220,221,294],[224,231,300],[225,230,300],[222,229,297],[220,226,294],[221,227,294],[223,228,297],
[231,243,298],[230,240,299],[229,238,296],[228,242,295],[227,239,292],[226,241,293],[219,249,258],[218,247,257],[217,248,256],[216,246,255],
[215,245,253],[214,244,254],[213,232,243],[212,237,240],[211,234,238],[210,233,242],[209,235,239],[208,236,241],[207,262,263],[206,266,267],
[205,264,265],[204,258,266],[203,257,267],[202,255,263],[201,254,262],[200,253,265],[199,256,264],[204,206,266],[203,206,267],[202,207,263],
[200,205,265],[199,205,264],[201,207,262],[204,219,258],[203,218,257],[199,217,256],[202,216,255],[201,214,254],[200,215,253],[198,221,227],
[197,225,230],[196,224,231],[195,222,229],[194,223,228],[193,220,226],[213,231,243],[212,230,240],[211,229,238],[208,226,241],[210,228,242],
[209,227,239],[191,192,207],[189,190,205],[187,188,206],[186,204,219],[185,203,218],[184,202,216],[183,200,215],[182,201,214],[181,199,217],
[191,202,207],[189,200,205],[187,204,206],[188,203,206],[192,201,207],[190,199,205],[196,213,231],[197,212,230],[195,211,229],[193,208,226],
[198,209,227],[194,210,228],[180,195,211],[179,194,210],[178,197,212],[177,196,213],[176,193,208],[175,198,209],[186,187,204],[185,188,203],
[184,191,202],[183,189,200],[181,190,199],[182,192,201],[174,234,235],[173,232,233],[172,236,237],[171,213,232],[170,211,234],[169,209,235],
[168,210,233],[167,212,237],[166,208,236],[171,173,232],[170,174,234],[169,174,235],[168,173,233],[166,172,236],[167,172,237],[166,176,208],
[171,177,213],[170,180,211],[169,175,209],[168,179,210],[167,178,212],[165,184,191],[164,182,192],[163,183,189],[162,186,187],[161,181,190],
[160,185,188],[158,159,172],[156,157,173],[154,155,174],[153,191,192],[152,187,188],[151,189,190],[150,171,177],[149,170,180],[148,166,176],
[147,169,175],[146,167,178],[145,168,179],[151,163,189],[151,161,190],[153,165,191],[153,164,192],[152,160,188],[152,162,187],[158,166,172],
[156,171,173],[154,170,174],[155,169,174],[159,167,172],[157,168,173],[151,158,159],[153,156,157],[152,154,155],[151,158,163],[151,159,161],
[153,156,165],[153,157,164],[152,154,162],[152,155,160],[148,158,166],[146,159,167],[150,156,171],[145,157,168],[147,155,169],[149,154,170],
[148,158,163],[146,159,161],[150,156,165],[145,157,164],[147,155,160],[149,154,162],[144,248,249],[143,246,247],[142,244,245],[141,219,249],
[140,218,247],[139,217,248],[138,216,246],[137,214,244],[136,215,245],[135,186,219],[134,185,218],[133,184,216],[132,183,215],[131,181,217],
[130,182,214],[129,165,184],[128,161,181],[127,160,185],[126,163,183],[125,162,186],[124,164,182],[125,135,186],[127,134,185],[129,133,184],
[126,132,183],[124,130,182],[128,131,181],[135,141,219],[134,140,218],[131,139,217],[133,138,216],[132,136,215],[130,137,214],[139,144,248],
[136,142,245],[141,144,249],[140,143,247],[137,142,244],[138,143,246],[129,150,165],[125,149,162],[126,148,163],[128,146,161],[124,145,164],
[127,147,160],[122,123,135],[120,121,134],[118,119,133],[116,117,132],[114,115,131],[112,113,130],[144,307,308],[142,301,302],[143,304,305],
[111,220,221],[110,224,225],[109,222,223],[108,195,222],[107,194,223],[106,198,221],[105,193,220],[104,196,224],[103,197,225],[102,177,196],
[101,180,195],[100,179,194],[99,175,198],[98,176,193],[97,178,197],[96,150,177],[95,149,180],[94,148,176],[93,146,178],[92,145,179],
[91,147,175],[96,102,177],[95,101,180],[94,98,176],[92,100,179],[93,97,178],[91,99,175],[101,108,195],[100,107,194],[102,104,196],
[99,106,198],[97,103,197],[98,105,193],[107,109,223],[106,111,221],[103,110,225],[104,110,224],[105,111,220],[108,109,222],[118,129,133],
[122,125,135],[116,126,132],[114,128,131],[112,124,130],[120,127,134],[96,129,150],[95,125,149],[94,126,148],[93,128,146],[91,127,147],
[92,124,145],[141,144,307],[140,143,304],[139,144,308],[138,143,305],[137,142,301],[136,142,302],[123,135,141],[121,134,140],[115,131,139],
[119,133,138],[113,130,137],[117,132,136],[111,316,317],[109,310,311],[110,313,314],[89,90,102],[87,88,101],[85,86,99],[83,84,100],
[81,82,97],[79,80,98],[108,109,310],[107,109,311],[103,110,313],[104,110,314],[105,111,316],[106,111,317],[87,101,108],[79,98,105],
[83,100,107],[89,102,104],[85,99,106],[81,97,103],[90,96,102],[88,95,101],[80,94,98],[82,93,97],[86,91,99],[84,92,100],
[123,141,307],[121,140,304],[115,139,308],[119,138,305],[117,136,302],[113,137,301],[96,118,129],[95,122,125],[94,116,126],[93,114,128],
[92,112,124],[91,120,127],[78,307,309],[77,304,306],[76,308,309],[75,302,303],[74,301,303],[73,305,306],[71,72,303],[69,70,309],
[67,68,306],[67,73,306],[68,77,306],[69,78,309],[70,76,309],[71,74,303],[72,75,303],[78,123,307],[77,121,304],[76,115,308],
[73,119,305],[74,113,301],[75,117,302],[90,96,118],[88,95,122],[80,94,116],[82,93,114],[84,92,112],[86,91,120],[87,108,310],
[85,106,317],[81,103,313],[83,107,311],[89,104,314],[79,105,316],[66,310,312],[65,317,318],[64,316,318],[63,313,315],[62,314,315],
[61,311,312],[59,60,312],[57,58,318],[55,56,315],[54,122,123],[53,120,121],[52,114,115],[51,118,119],[50,112,113],[49,116,117],
[57,64,318],[59,61,312],[60,66,312],[58,65,318],[55,63,315],[56,62,315],[51,90,118],[54,88,122],[53,86,120],[49,80,116],
[52,82,114],[50,84,112],[62,89,314],[66,87,310],[65,85,317],[61,83,311],[64,79,316],[63,81,313],[54,78,123],[53,77,121],
[52,76,115],[51,73,119],[49,75,117],[50,74,113],[48,69,78],[47,71,74],[46,68,77],[45,70,76],[44,72,75],[43,67,73],
[42,89,90],[41,87,88],[40,85,86],[39,83,84],[38,79,80],[37,81,82],[41,54,88],[40,53,86],[37,52,82],[42,51,90],
[39,50,84],[38,49,80],[38,64,79],[42,62,89],[41,66,87],[40,65,85],[37,63,81],[39,61,83],[36,60,66],[35,56,62],
[34,57,64],[33,55,63],[32,58,65],[31,59,61],[48,54,78],[46,53,77],[43,51,73],[45,52,76],[47,50,74],[44,49,75],
[41,48,54],[40,46,53],[38,44,49],[37,45,52],[42,43,51],[39,47,50],[36,41,66],[32,40,65],[34,38,64],[35,42,62],
[31,39,61],[33,37,63],[36,41,48],[31,39,47],[32,40,46],[34,38,44],[33,37,45],[35,42,43],[30,71,72],[29,67,68],
[28,69,70],[27,48,69],[26,47,71],[25,44,72],[24,46,68],[23,43,67],[22,45,70],[26,30,71],[25,30,72],[22,28,70],
[23,29,67],[27,28,69],[24,29,68],[27,36,48],[26,31,47],[24,32,46],[23,35,43],[22,33,45],[25,34,44],[20,21,29],
[18,19,28],[16,17,30],[15,59,60],[14,55,56],[13,57,58],[12,36,60],[11,31,59],[10,32,58],[9,35,56],[8,34,57],
[7,33,55],[12,15,60],[11,15,59],[9,14,56],[10,13,58],[7,14,55],[8,13,57],[18,27,28],[20,24,29],[21,23,29],
[16,26,30],[17,25,30],[19,22,28],[12,27,36],[11,26,31],[7,22,33],[10,24,32],[8,25,34],[9,23,35],[5,6,15],
[3,4,14],[1,2,13],[5,12,15],[6,11,15],[3,7,14],[4,9,14],[1,8,13],[2,10,13],[12,18,27],[11,16,26],
[7,19,22],[10,20,24],[9,21,23],[8,17,25],[5,12,18],[6,11,16],[3,7,19],[1,8,17],[4,9,21],[2,10,20],
[18,19,321],[16,17,320],[20,21,319],[5,18,321],[6,16,320],[2,20,319],[4,21,319],[3,19,321],[1,17,320],[5,6,322],
[1,2,324],[3,4,323],[5,321,322],[6,320,322],[1,320,324],[4,319,323],[3,321,323],[2,319,324]];
###############################################################

#SurfaceInfo: 54 Vertices, 972 Edges, 648 Faces, IsOrientable=true
 #Vertices of faces:
vof7:=[[52,53,54],[51,52,53],[50,53,54],[49,52,54],[46,47,48],[44,45,47],[43,44,46],[40,41,42],[38,39,41],[37,38,40],
[34,35,36],[32,33,35],[31,32,34],[28,29,30],[26,27,29],[25,26,28],[37,39,42],[22,23,24],[22,23,45],[23,24,43],
[22,24,48],[21,43,45],[20,45,48],[19,43,48],[21,22,45],[20,23,45],[21,24,43],[19,23,43],[19,22,48],[20,24,48],
[18,20,21],[17,19,21],[16,19,20],[18,21,22],[18,20,23],[17,21,24],[16,19,22],[16,20,24],[17,19,23],[29,39,42],
[28,37,42],[26,37,39],[28,29,35],[26,28,32],[26,29,34],[26,34,37],[28,35,37],[26,32,39],[28,32,42],[29,34,42],
[29,35,39],[15,18,22],[14,18,23],[15,17,24],[14,16,24],[13,16,22],[13,17,23],[12,34,35],[11,32,35],[10,32,34],
[15,43,45],[13,43,48],[14,45,48],[12,35,39],[12,34,42],[11,35,37],[11,32,42],[10,32,39],[10,34,37],[15,18,43],
[14,18,48],[15,17,45],[14,16,45],[13,17,48],[13,16,43],[17,18,31],[16,18,33],[16,17,36],[12,28,30],[11,29,30],
[10,27,29],[12,26,27],[10,25,28],[11,25,26],[10,12,47],[10,11,46],[11,12,44],[12,28,44],[11,29,44],[10,29,47],
[12,26,47],[11,26,46],[10,28,46],[12,27,42],[11,25,42],[11,30,37],[10,27,37],[10,25,39],[12,30,39],[17,31,45],
[16,33,45],[18,31,43],[18,33,48],[16,36,43],[17,36,48],[30,34,36],[27,35,36],[25,33,35],[30,32,33],[25,31,34],
[27,31,32],[13,27,30],[14,25,30],[15,25,27],[13,30,34],[13,27,35],[14,25,35],[15,27,32],[15,25,34],[14,30,32],
[30,36,39],[27,36,42],[25,33,42],[30,33,37],[25,31,39],[27,31,37],[31,41,43],[33,41,48],[31,40,45],[33,38,45],
[36,40,48],[36,38,43],[28,36,44],[26,36,47],[26,33,46],[29,33,44],[28,31,46],[29,31,47],[19,20,38],[20,21,41],
[19,21,40],[15,22,41],[14,23,41],[14,24,38],[13,22,38],[13,23,40],[15,24,40],[15,20,41],[14,21,41],[14,19,38],
[13,21,40],[15,19,40],[13,20,38],[22,31,41],[23,33,41],[24,31,40],[24,33,38],[22,36,38],[23,36,40],[15,34,46],
[13,35,47],[13,34,44],[14,35,46],[14,32,44],[15,32,47],[36,39,44],[36,42,47],[33,42,46],[31,37,47],[33,37,44],
[31,39,46],[9,13,14],[8,13,15],[7,14,15],[7,22,31],[7,23,33],[9,24,33],[8,23,36],[9,22,36],[8,24,31],
[9,14,19],[8,13,21],[7,15,20],[7,14,21],[9,13,20],[8,15,19],[13,39,44],[13,42,47],[14,42,46],[15,37,47],
[15,39,46],[14,37,44],[6,14,42],[5,14,37],[4,13,42],[5,13,39],[4,15,37],[6,15,39],[7,20,31],[7,21,33],
[9,19,33],[8,21,36],[8,19,31],[9,20,36],[6,10,11],[5,11,12],[4,10,12],[5,28,36],[6,26,33],[6,28,31],
[5,29,33],[4,26,36],[4,29,31],[5,11,36],[6,10,33],[6,11,31],[5,12,33],[4,12,31],[4,10,36],[4,15,29],
[5,13,28],[6,14,26],[6,15,28],[5,14,29],[4,13,26],[3,19,33],[3,20,36],[2,21,36],[1,20,31],[2,19,31],
[1,21,33],[31,36,49],[33,36,51],[31,33,50],[3,13,14],[1,14,15],[2,13,15],[13,28,51],[14,26,50],[15,29,49],
[15,28,50],[13,26,49],[14,29,51],[2,15,36],[2,13,31],[3,13,33],[3,14,36],[1,15,33],[1,14,31],[12,31,49],
[11,36,51],[10,33,50],[11,31,50],[10,36,49],[12,33,51],[31,36,53],[33,36,54],[31,33,52],[15,36,53],[13,31,53],
[13,33,54],[14,36,54],[14,31,52],[15,33,52],[12,15,49],[10,13,49],[11,13,51],[12,14,51],[11,15,50],[10,14,50],
[12,15,53],[10,13,53],[11,13,54],[12,14,54],[11,15,52],[10,14,52],[10,17,18],[11,16,18],[12,16,17],[10,41,43],
[11,41,48],[10,40,45],[11,38,45],[12,38,43],[12,40,48],[7,10,22],[7,11,23],[9,11,24],[8,12,23],[8,10,24],
[9,12,22],[3,11,19],[2,10,19],[1,11,21],[2,12,21],[1,10,20],[3,12,20],[1,10,22],[1,11,23],[3,11,24],
[2,12,23],[3,12,22],[2,10,24],[7,10,43],[7,11,48],[8,10,45],[9,11,45],[8,12,48],[9,12,43],[10,18,40],
[12,16,40],[10,17,41],[11,16,41],[12,17,38],[11,18,38],[11,19,54],[10,20,52],[12,21,53],[10,19,53],[12,20,54],
[11,21,52],[1,26,43],[1,28,48],[3,28,45],[2,29,48],[2,26,45],[3,29,43],[26,40,41],[29,38,40],[28,38,41],
[21,25,27],[19,27,30],[20,25,30],[20,35,46],[20,32,44],[21,34,46],[21,32,47],[19,34,44],[19,35,47],[5,19,39],
[6,20,42],[5,20,37],[6,21,39],[4,21,37],[4,19,42],[19,28,51],[20,26,50],[21,29,49],[19,26,49],[20,29,51],
[21,28,50],[19,39,51],[20,42,50],[21,37,49],[20,37,51],[19,42,49],[21,39,50],[6,20,35],[5,20,32],[5,19,34],
[6,21,34],[4,19,35],[4,21,32],[20,25,44],[21,27,46],[19,30,47],[19,27,44],[21,25,47],[20,30,46],[3,24,28],
[1,22,26],[2,23,29],[2,24,26],[3,22,29],[1,23,28],[19,28,54],[20,26,52],[21,29,53],[19,26,53],[21,28,52],
[20,29,54],[17,26,41],[16,28,41],[18,26,40],[18,28,38],[17,29,38],[16,29,40],[7,26,43],[7,28,48],[8,26,45],
[9,28,45],[9,29,43],[8,29,48],[23,46,47],[22,44,46],[24,44,47],[24,34,51],[22,35,50],[23,34,50],[22,32,51],
[24,35,49],[23,32,49],[22,30,46],[22,25,44],[24,30,47],[24,27,44],[23,25,47],[23,27,46],[6,22,35],[4,23,32],
[5,22,32],[5,24,34],[6,23,34],[4,24,35],[24,39,51],[22,42,50],[23,37,49],[24,42,49],[23,39,50],[22,37,51],
[7,17,26],[7,16,28],[8,18,26],[9,18,28],[8,16,29],[9,17,29],[24,28,54],[22,26,52],[23,29,53],[24,26,53],
[22,29,54],[23,28,52],[7,40,42],[7,38,39],[8,41,42],[8,37,38],[9,37,40],[9,39,41],[8,9,32],[7,8,35],
[7,9,34],[9,34,41],[7,34,38],[7,35,40],[8,35,41],[9,32,40],[8,32,38],[7,17,42],[7,16,39],[8,18,42],
[9,18,39],[9,17,37],[8,16,37],[24,39,54],[22,42,52],[23,37,53],[24,42,53],[22,37,54],[23,39,52],[6,22,30],
[6,23,27],[4,24,30],[5,22,25],[5,24,27],[4,23,25],[6,43,44],[6,47,48],[4,46,48],[4,44,45],[5,45,47],
[5,43,46],[5,6,17],[4,6,16],[4,5,18],[1,42,43],[1,39,48],[2,42,45],[3,39,45],[3,37,43],[2,37,48],
[4,16,46],[5,17,46],[6,17,44],[6,16,47],[4,18,44],[5,18,47],[39,45,54],[42,43,52],[39,48,52],[37,48,53],
[42,45,53],[37,43,54],[5,27,45],[6,30,43],[6,27,48],[5,25,43],[4,25,48],[4,30,45],[1,17,42],[1,16,39],
[2,18,42],[3,18,39],[2,16,37],[3,17,37],[1,35,40],[3,32,40],[1,34,38],[2,35,41],[2,32,38],[3,34,41],
[34,45,51],[35,43,50],[34,48,50],[32,43,51],[32,48,49],[35,45,49],[35,43,52],[34,48,52],[35,45,53],[34,45,54],
[32,43,54],[32,48,53],[25,48,49],[27,45,51],[30,43,50],[27,48,50],[30,45,49],[25,43,51],[17,44,50],[18,47,51],
[16,46,49],[18,44,49],[16,47,50],[17,46,51],[1,17,35],[1,16,34],[3,18,34],[2,18,35],[3,17,32],[2,16,32],
[17,35,52],[16,34,52],[16,32,53],[18,35,53],[18,34,54],[17,32,54],[17,30,50],[16,27,50],[16,25,49],[18,27,51],
[17,25,51],[18,30,49],[17,30,52],[17,25,54],[16,27,52],[16,25,53],[18,30,53],[18,27,54],[8,9,25],[7,9,27],
[7,8,30],[1,30,40],[3,25,40],[2,25,38],[1,27,38],[3,27,41],[2,30,41],[3,8,25],[2,9,25],[2,7,30],
[3,7,27],[1,8,30],[1,9,27],[30,40,52],[25,40,54],[27,38,52],[27,41,54],[30,41,53],[25,38,53],[1,3,47],
[1,2,44],[2,3,46],[5,6,40],[4,5,41],[4,6,38],[40,44,50],[40,46,51],[38,47,50],[41,47,51],[38,46,49],
[41,44,49],[5,40,50],[6,40,51],[4,41,51],[4,38,50],[5,41,49],[6,38,49],[1,8,44],[1,9,47],[3,7,47],
[3,8,46],[2,9,46],[2,7,44],[40,44,52],[40,46,54],[41,44,53],[38,47,52],[38,46,53],[41,47,54],[8,50,51],
[7,49,51],[9,49,50],[5,8,50],[6,8,51],[5,7,49],[4,7,51],[6,9,49],[4,9,50],[8,44,52],[8,46,54],
[7,44,53],[9,47,52],[7,47,54],[9,46,53],[5,8,52],[6,8,54],[5,7,53],[6,9,53],[4,7,54],[4,9,52],
[1,2,5],[2,3,6],[1,3,4],[2,5,52],[2,6,54],[3,4,52],[1,4,54],[1,5,53],[3,6,53],[2,50,51],
[3,49,50],[1,49,51],[2,51,52],[2,50,54],[3,50,53],[1,49,54],[1,51,53],[3,49,52]];
###############################################################

#SurfaceInfo: 198 Vertices, 990 Edges, 660 Faces, IsOrientable=false
 #Vertices of faces:
vof8:=[[196,197,198],[195,196,197],[194,197,198],[193,196,198],[190,191,192],[187,188,189],[184,185,186],[181,182,183],[178,179,180],[175,176,177],
[172,173,174],[169,170,171],[166,167,168],[164,165,185],[163,164,186],[161,162,189],[163,165,184],[160,161,188],[160,162,187],[162,179,187],
[160,173,188],[161,182,189],[164,176,185],[163,170,186],[165,167,184],[159,181,182],[158,178,179],[157,175,176],[156,172,173],[155,166,167],
[154,169,170],[151,152,153],[150,151,152],[147,148,149],[146,147,148],[143,144,145],[142,143,144],[139,140,141],[136,137,138],[133,134,135],
[130,131,132],[127,128,129],[124,125,126],[123,133,134],[122,130,131],[121,127,128],[120,139,140],[119,136,137],[118,124,125],[122,127,130],
[121,127,130],[120,136,139],[119,136,139],[118,124,133],[123,124,133],[117,135,153],[116,132,149],[115,138,150],[114,126,146],[113,141,145],
[112,129,142],[111,134,162],[110,140,160],[109,131,161],[108,125,164],[107,137,163],[106,128,165],[111,161,162],[108,163,164],[106,164,165],
[110,160,162],[107,163,165],[109,160,161],[134,162,179],[140,160,173],[131,161,182],[125,164,176],[128,165,167],[137,163,170],[118,152,153],
[120,150,151],[121,148,149],[119,144,145],[122,142,143],[123,146,147],[115,150,152],[117,151,153],[116,147,149],[113,143,145],[112,142,144],
[114,146,148],[157,159,181],[154,158,178],[154,158,169],[157,159,175],[155,156,166],[155,156,172],[182,183,189],[179,180,187],[173,174,188],
[176,177,185],[170,171,186],[167,168,184],[105,115,124],[104,117,139],[103,116,133],[102,112,136],[101,113,130],[100,114,127],[108,115,138],
[110,117,135],[111,116,132],[106,114,126],[107,112,129],[109,113,141],[99,187,188],[98,184,185],[97,188,189],[96,187,189],[95,185,186],
[94,184,186],[109,110,111],[106,107,108],[93,95,185],[92,99,188],[91,98,184],[90,94,186],[89,97,189],[88,96,187],[109,110,141],
[107,108,138],[110,111,135],[106,108,126],[106,107,129],[109,111,132],[105,123,124],[104,119,139],[103,118,133],[101,121,130],[100,122,127],
[102,120,136],[99,180,187],[97,174,188],[96,183,189],[98,177,185],[94,168,184],[95,171,186],[111,116,134],[110,117,140],[108,115,125],
[106,114,128],[109,113,131],[107,112,137],[133,135,153],[136,138,150],[130,132,149],[127,129,142],[124,126,146],[139,141,145],[120,140,173],
[123,134,179],[119,137,170],[122,131,182],[118,125,176],[121,128,167],[115,124,152],[117,139,151],[116,133,147],[112,136,144],[114,127,148],
[113,130,143],[87,123,146],[86,118,153],[85,120,150],[84,121,149],[83,119,145],[82,122,142],[81,110,162],[80,111,161],[79,108,163],
[78,107,165],[77,109,160],[76,106,164],[77,156,166],[81,158,169],[80,159,175],[76,157,181],[78,155,172],[79,154,178],[81,104,169],
[80,103,175],[79,105,178],[77,101,166],[78,102,172],[76,100,181],[81,104,110],[80,103,111],[79,105,108],[78,102,107],[76,100,106],
[77,101,109],[77,140,141],[76,125,126],[81,134,135],[78,128,129],[80,131,132],[79,137,138],[75,163,184],[74,161,188],[73,165,185],
[72,160,187],[71,162,189],[70,164,186],[75,91,184],[73,93,185],[72,88,187],[74,92,188],[70,90,186],[71,89,189],[77,140,156],
[81,134,158],[76,125,157],[78,128,155],[79,137,154],[80,131,159],[74,80,161],[72,77,160],[75,79,163],[73,78,165],[70,76,164],
[71,81,162],[69,117,140],[68,116,134],[67,114,128],[66,115,125],[65,112,137],[64,113,131],[86,118,176],[82,122,182],[84,121,167],
[85,120,173],[87,123,179],[83,119,170],[102,120,172],[104,119,169],[103,118,175],[101,121,166],[100,122,181],[105,123,178],[103,111,135],
[104,110,141],[100,106,129],[101,109,132],[105,108,126],[102,107,138],[63,81,135],[62,77,141],[61,78,129],[60,80,132],[59,79,138],
[58,76,126],[57,124,152],[56,139,151],[55,130,143],[57,133,147],[56,136,144],[55,127,148],[57,124,146],[56,139,145],[57,133,153],
[56,136,150],[55,130,149],[55,127,142],[59,99,180],[63,95,171],[61,97,174],[60,98,177],[62,94,168],[58,96,183],[59,85,99],
[63,86,95],[61,82,97],[60,84,98],[58,87,96],[62,83,94],[63,86,135],[62,83,141],[61,82,129],[60,84,132],[58,87,126],
[59,85,138],[52,53,54],[49,50,51],[46,47,48],[49,50,57],[52,53,56],[46,47,55],[59,105,115],[63,104,117],[60,103,116],
[61,102,112],[58,100,114],[62,101,113],[66,118,152],[69,120,151],[65,119,144],[67,121,148],[64,122,143],[68,123,147],[57,190,191],
[56,190,192],[55,191,192],[45,69,117],[44,65,112],[43,68,116],[42,67,114],[41,64,113],[40,66,115],[45,63,117],[40,59,115],
[43,60,116],[44,61,112],[41,62,113],[42,58,114],[59,105,180],[60,103,177],[63,104,171],[58,100,183],[62,101,168],[61,102,174],
[49,57,146],[50,57,153],[52,56,150],[46,55,142],[47,55,149],[53,56,145],[57,152,190],[56,151,190],[55,148,191],[55,143,192],
[56,144,192],[57,147,191],[69,120,172],[65,119,169],[66,118,175],[67,121,166],[68,123,178],[64,122,181],[86,103,135],[83,104,141],
[82,100,129],[84,101,132],[85,102,138],[87,105,126],[86,95,176],[82,97,182],[84,98,167],[85,99,173],[83,94,170],[87,96,179],
[66,125,157],[69,140,156],[65,137,154],[67,128,155],[64,131,159],[68,134,158],[39,45,69],[38,44,65],[37,43,68],[36,42,67],
[35,40,66],[34,41,64],[52,66,152],[50,69,151],[46,65,144],[49,67,148],[47,68,147],[53,64,143],[52,54,66],[50,51,69],
[46,48,65],[49,51,67],[53,54,64],[47,48,68],[34,70,90],[38,71,89],[37,75,91],[39,73,93],[36,72,88],[35,74,92],
[33,63,81],[32,59,79],[31,62,77],[30,60,80],[29,58,76],[28,61,78],[31,72,77],[30,74,80],[32,75,79],[28,73,78],
[33,71,81],[29,70,76],[36,42,88],[39,45,93],[38,44,89],[37,43,91],[34,41,90],[35,40,92],[70,157,176],[74,159,182],
[73,155,167],[75,154,170],[71,158,179],[72,156,173],[42,87,146],[45,86,153],[44,82,142],[40,85,150],[41,83,145],[43,84,149],
[42,87,88],[45,86,93],[41,83,90],[44,82,89],[40,85,92],[43,84,91],[34,70,157],[37,75,154],[39,73,155],[38,71,158],
[36,72,156],[35,74,159],[70,95,176],[74,97,182],[73,98,167],[72,99,173],[75,94,170],[71,96,179],[45,50,153],[40,52,150],
[41,53,145],[42,49,146],[44,46,142],[43,47,149],[54,66,157],[51,69,156],[48,65,154],[51,67,155],[48,68,158],[54,64,159],
[87,105,180],[86,103,177],[83,104,171],[82,100,183],[85,102,174],[84,101,168],[34,64,181],[39,69,172],[35,66,175],[38,65,169],
[36,67,166],[37,68,178],[50,151,190],[52,152,190],[46,144,192],[49,148,191],[53,143,192],[47,147,191],[27,30,74],[26,28,73],
[25,31,72],[24,32,75],[23,29,70],[22,33,71],[21,28,61],[20,33,63],[19,32,59],[18,31,62],[17,30,60],[16,29,58],
[20,45,63],[19,40,59],[18,41,62],[16,42,58],[17,43,60],[21,44,61],[24,25,32],[26,27,30],[26,27,28],[24,25,31],
[22,23,33],[22,23,29],[14,15,190],[13,15,192],[13,14,191],[29,181,183],[32,178,180],[30,175,177],[28,172,174],[31,166,168],
[33,169,171],[22,29,183],[25,32,180],[26,30,177],[27,28,174],[23,33,171],[24,31,168],[14,50,190],[15,52,190],[15,53,192],
[13,46,192],[13,47,191],[14,49,191],[29,34,181],[28,39,172],[33,38,169],[32,37,178],[31,36,166],[30,35,175],[87,88,180],
[86,93,177],[83,90,171],[82,89,183],[84,91,168],[85,92,174],[23,70,95],[25,72,99],[27,74,97],[26,73,98],[22,71,96],
[24,75,94],[36,51,156],[34,54,157],[37,48,154],[39,51,155],[35,54,159],[38,48,158],[12,20,45],[11,19,40],[10,18,41],
[9,16,42],[8,21,44],[7,17,43],[6,16,29],[5,21,28],[4,20,33],[3,19,32],[2,18,31],[1,17,30],[12,45,50],
[11,40,52],[10,41,53],[9,42,49],[7,43,47],[8,44,46],[4,5,20],[4,5,21],[1,3,19],[1,3,17],[2,6,16],
[2,6,18],[10,11,54],[9,12,51],[7,8,48],[10,11,193],[7,8,194],[9,12,195],[20,93,95],[21,89,97],[19,92,99],
[17,91,98],[16,88,96],[18,90,94],[5,20,93],[4,21,89],[1,19,92],[3,17,91],[6,18,90],[2,16,88],[12,20,195],
[11,19,193],[10,18,193],[9,16,195],[7,17,194],[8,21,194],[10,34,54],[12,39,51],[8,38,48],[7,37,48],[11,35,54],
[9,36,51],[20,23,95],[19,25,99],[21,27,97],[17,26,98],[18,24,94],[16,22,96],[26,93,177],[22,89,183],[24,91,168],
[25,88,180],[27,92,174],[23,90,171],[6,29,34],[5,28,39],[4,33,38],[3,32,37],[1,30,35],[2,31,36],[12,14,50],
[9,14,49],[11,15,52],[10,15,53],[8,13,46],[7,13,47],[14,15,196],[13,14,197],[13,15,198],[10,15,196],[12,14,197],
[8,13,197],[9,14,196],[11,15,198],[7,13,198],[6,23,90],[5,26,93],[4,22,89],[2,25,88],[1,27,92],[3,24,91],
[6,10,34],[5,12,39],[4,8,38],[2,9,36],[1,11,35],[3,7,37],[20,23,195],[17,26,194],[16,22,195],[19,25,193],
[21,27,194],[18,24,193],[6,23,195],[5,26,194],[4,22,195],[2,25,193],[3,24,193],[1,27,194],[6,10,196],[5,12,197],
[4,8,197],[2,9,196],[3,7,198],[1,11,198],[6,195,196],[5,194,197],[4,195,197],[2,193,196],[1,194,198],[3,193,198]];
###############################################################

#SurfaceInfo: 252 Vertices, 1008 Edges, 672 Faces, IsOrientable=false
 #Vertices of faces:
vof9:=[[250,251,252],[249,250,251],[248,251,252],[247,250,252],[244,245,246],[241,242,243],[238,239,240],[235,236,237],[232,233,234],[229,230,231],
[226,227,228],[223,224,225],[220,221,222],[217,218,219],[214,215,216],[211,212,213],[208,209,210],[205,206,207],[202,203,204],[199,200,201],
[196,197,198],[193,194,195],[191,192,210],[189,190,207],[187,188,204],[186,189,190],[185,191,192],[184,187,188],[182,183,221],[181,183,212],
[179,180,224],[178,180,227],[176,177,218],[175,177,215],[179,180,203],[182,183,209],[181,183,208],[178,180,202],[175,177,206],[176,177,205],
[183,197,221],[180,194,224],[180,193,227],[183,196,212],[177,200,215],[177,199,218],[183,208,209],[180,202,203],[177,205,206],[180,193,194],
[177,199,200],[183,196,197],[172,173,174],[171,172,173],[168,169,170],[167,168,169],[164,165,166],[163,164,165],[162,166,174],[161,163,170],
[160,163,170],[159,166,174],[158,167,171],[157,167,171],[155,156,217],[155,156,226],[153,154,223],[151,152,214],[151,152,211],[153,154,220],
[148,149,150],[145,146,147],[142,143,144],[139,140,141],[136,137,138],[133,134,135],[132,145,146],[131,142,143],[130,139,140],[129,133,134],
[128,148,149],[127,136,137],[126,197,199],[125,194,200],[124,193,196],[123,193,196],[122,197,199],[121,194,200],[119,120,204],[117,118,204],
[115,116,207],[113,114,210],[111,112,210],[109,110,207],[108,228,242],[107,213,230],[106,225,233],[105,219,239],[104,222,236],[103,216,245],
[108,221,242],[105,212,239],[103,227,245],[107,224,230],[106,218,233],[104,215,236],[146,179,203],[137,182,209],[143,178,202],[149,181,208],
[140,176,205],[134,175,206],[197,221,242],[194,224,230],[193,227,245],[196,212,239],[199,218,233],[200,215,236],[113,208,210],[111,209,210],
[119,202,204],[115,205,207],[109,206,207],[117,203,204],[123,193,195],[124,196,198],[126,199,201],[125,200,201],[121,194,195],[122,197,198],
[186,189,226],[185,191,223],[184,187,217],[185,192,214],[184,188,220],[186,190,211],[114,191,210],[112,192,210],[110,189,207],[120,188,204],
[118,187,204],[116,190,207],[188,220,221],[189,226,227],[191,223,224],[187,217,218],[190,211,212],[192,214,215],[216,244,245],[219,238,239],
[225,232,233],[222,235,236],[213,229,230],[228,241,242],[176,218,219],[182,221,222],[179,224,225],[178,227,228],[175,215,216],[181,212,213],
[101,102,195],[99,100,198],[97,98,201],[96,149,161],[95,146,159],[94,140,158],[93,134,160],[92,137,162],[91,143,157],[116,131,142],
[112,132,145],[120,130,139],[110,128,148],[118,127,136],[114,129,133],[90,146,203],[89,149,208],[88,137,209],[87,143,202],[86,134,206],
[85,140,205],[90,132,146],[89,128,149],[88,127,137],[87,131,143],[85,130,140],[86,129,134],[143,144,157],[137,138,162],[146,147,159],
[140,141,158],[149,150,161],[134,135,160],[179,225,232],[176,219,238],[182,222,235],[181,213,229],[178,228,241],[175,216,244],[120,130,188],
[110,128,189],[114,129,191],[118,127,187],[112,132,192],[116,131,190],[155,186,226],[154,185,223],[152,185,214],[156,184,217],[151,186,211],
[153,184,220],[84,113,114],[83,119,120],[82,111,112],[81,117,118],[80,109,110],[79,115,116],[78,107,213],[77,106,225],[76,105,219],
[75,104,222],[74,103,216],[73,108,228],[108,188,221],[103,189,227],[107,191,224],[106,187,218],[104,192,215],[105,190,212],[95,146,179],
[92,137,182],[91,143,178],[96,149,181],[93,134,175],[94,140,176],[126,197,242],[125,194,230],[124,193,245],[123,196,239],[121,200,236],
[122,199,233],[72,169,170],[71,173,174],[70,167,168],[69,165,166],[68,163,164],[67,171,172],[71,162,174],[72,161,170],[69,159,166],
[67,158,171],[70,157,167],[68,160,163],[90,169,203],[89,172,208],[88,168,209],[87,164,202],[85,165,205],[86,173,206],[84,101,195],
[83,99,198],[80,102,195],[81,97,201],[82,98,201],[79,100,198],[120,133,139],[116,142,145],[112,142,145],[114,133,139],[118,136,148],
[110,136,148],[83,124,198],[84,123,195],[80,121,195],[81,125,201],[79,122,198],[82,126,201],[117,169,203],[113,172,208],[111,168,209],
[119,164,202],[109,173,206],[115,165,205],[65,66,185],[63,64,186],[61,62,184],[60,164,166],[59,172,174],[58,168,170],[57,167,169],
[56,171,173],[55,163,165],[54,161,163],[53,159,174],[52,158,167],[51,160,170],[50,157,171],[49,162,166],[48,155,217],[47,152,211],
[46,153,223],[45,156,226],[44,151,214],[43,154,220],[42,96,161],[41,95,159],[40,94,158],[39,93,160],[38,91,157],[37,92,162],
[37,245,246],[42,233,234],[41,239,240],[40,230,231],[38,236,237],[39,242,243],[50,211,213],[51,223,225],[52,220,222],[49,217,219],
[53,214,216],[54,226,228],[36,83,120],[35,82,112],[34,79,116],[33,84,114],[32,80,110],[31,81,118],[31,33,34],[32,35,36],
[35,36,83],[31,33,84],[32,36,80],[31,34,81],[32,35,82],[33,34,79],[42,96,234],[41,95,240],[40,94,231],[37,92,246],
[39,93,243],[38,91,237],[45,54,226],[44,53,214],[43,52,220],[46,51,223],[48,49,217],[47,50,211],[42,54,161],[41,53,159],
[40,52,158],[39,51,160],[37,49,162],[38,50,157],[49,60,166],[50,56,171],[51,58,170],[52,57,167],[53,59,174],[54,55,163],
[57,117,169],[59,113,172],[58,111,168],[60,119,164],[55,115,165],[56,109,173],[30,83,124],[29,84,123],[28,80,121],[27,81,125],
[26,82,126],[25,79,122],[31,118,148],[36,120,133],[34,116,145],[35,112,142],[32,110,136],[33,114,139],[39,126,242],[40,125,230],
[37,124,245],[41,123,239],[42,122,233],[38,121,236],[49,76,219],[50,78,213],[51,77,225],[52,75,222],[54,73,228],[53,74,216],
[63,155,186],[61,153,184],[65,154,185],[66,152,185],[62,156,184],[64,151,186],[72,90,169],[68,87,164],[69,85,165],[71,86,173],
[67,89,172],[70,88,168],[84,101,113],[83,99,119],[81,97,117],[80,102,109],[79,100,115],[82,98,111],[108,130,188],[103,128,189],
[107,129,191],[106,127,187],[105,131,190],[104,132,192],[67,141,158],[72,150,161],[68,135,160],[69,147,159],[70,144,157],[71,138,162],
[47,130,152],[48,132,155],[46,128,153],[45,129,156],[44,127,151],[43,131,154],[90,132,155],[89,128,153],[86,129,156],[87,131,154],
[85,130,152],[88,127,151],[95,141,179],[94,150,176],[92,135,182],[91,138,178],[96,147,181],[93,144,175],[141,179,232],[150,176,238],
[135,182,235],[138,178,241],[144,175,244],[147,181,229],[24,136,138],[23,148,150],[22,133,135],[21,145,147],[20,142,144],[19,139,141],
[18,30,124],[17,29,123],[16,26,126],[15,25,122],[14,28,121],[13,27,125],[21,96,147],[19,95,141],[22,92,135],[24,91,138],
[20,93,144],[23,94,150],[15,42,122],[17,41,123],[13,40,125],[16,39,126],[18,37,124],[14,38,121],[20,35,142],[23,31,148],
[22,36,133],[21,34,145],[19,33,139],[24,32,136],[67,141,232],[72,150,238],[68,135,235],[69,147,229],[71,138,241],[70,144,244],
[47,108,130],[48,104,132],[46,103,128],[45,107,129],[44,106,127],[43,105,131],[63,90,155],[61,89,153],[65,87,154],[66,85,152],
[64,88,151],[62,86,156],[49,60,76],[50,56,78],[51,58,77],[54,55,73],[53,59,74],[52,57,75],[42,45,54],[41,44,53],
[40,43,52],[39,46,51],[38,47,50],[37,48,49],[30,35,83],[29,31,84],[28,36,80],[27,34,81],[25,33,79],[26,32,82],
[18,30,67],[14,28,72],[17,29,68],[16,26,69],[13,27,71],[15,25,70],[60,78,119],[56,77,109],[58,76,111],[59,73,113],
[55,75,115],[57,74,117],[76,98,111],[78,99,119],[77,102,109],[73,101,113],[74,97,117],[75,100,115],[30,67,89],[28,72,90],
[29,68,87],[26,69,85],[25,70,88],[27,71,86],[96,234,237],[91,234,237],[95,240,243],[93,240,243],[94,231,246],[92,231,246],
[12,75,104],[11,78,107],[10,77,106],[9,76,105],[8,73,108],[7,74,103],[11,60,78],[10,56,77],[9,58,76],[12,55,75],
[7,57,74],[8,59,73],[11,45,107],[10,44,106],[9,43,105],[7,46,103],[8,47,108],[12,48,104],[18,67,232],[14,72,238],
[17,68,235],[16,69,229],[15,70,244],[13,71,241],[60,76,98],[56,78,99],[58,77,102],[55,73,101],[57,75,100],[59,74,97],
[30,61,89],[28,63,90],[29,65,87],[26,66,85],[27,62,86],[25,64,88],[20,30,35],[23,29,31],[22,28,36],[21,27,34],
[24,26,32],[19,25,33],[15,42,45],[17,41,44],[13,40,43],[16,39,46],[14,38,47],[18,37,48],[23,94,246],[21,96,237],
[19,95,243],[22,92,231],[24,91,234],[20,93,240],[6,244,246],[5,235,237],[4,241,243],[3,229,231],[2,238,240],[1,232,234],
[6,15,244],[5,17,235],[4,13,241],[3,16,229],[1,18,232],[2,14,238],[6,23,246],[5,21,237],[4,19,243],[3,22,231],
[1,24,234],[2,20,240],[23,29,65],[21,27,62],[19,25,64],[22,28,63],[24,26,66],[20,30,61],[11,15,45],[10,17,44],
[9,13,43],[7,16,46],[12,18,48],[8,14,47],[11,60,98],[10,56,99],[9,58,102],[12,55,101],[8,59,97],[7,57,100],
[101,102,247],[97,98,249],[99,100,248],[11,98,249],[10,99,248],[9,102,247],[7,100,248],[8,97,249],[12,101,247],[6,23,65],
[5,21,62],[4,19,64],[3,22,63],[2,20,61],[1,24,66],[6,11,15],[5,10,17],[4,9,13],[3,7,16],[2,8,14],
[1,12,18],[65,66,250],[61,62,251],[63,64,252],[6,65,250],[5,62,251],[4,64,252],[3,63,252],[1,66,250],[2,61,251],
[6,11,249],[5,10,248],[4,9,247],[3,7,248],[1,12,247],[2,8,249],[6,249,250],[5,248,251],[4,247,252],[3,248,252],
[2,249,251],[1,247,250]];
###############################################################

#SurfaceInfo: 96 Vertices, 1008 Edges, 672 Faces, IsOrientable=true
 #Vertices of faces:
vof10:=[[94,95,96],[93,94,95],[92,94,96],[91,95,96],[88,89,90],[85,86,87],[82,83,84],[79,80,81],[76,77,78],[73,74,75],
[70,71,72],[67,68,69],[64,65,66],[62,63,65],[60,61,68],[58,59,71],[57,59,66],[56,61,63],[55,69,72],[54,83,89],
[53,74,80],[52,77,86],[49,50,51],[47,48,50],[46,47,49],[47,50,71],[49,50,68],[47,49,65],[45,66,80],[44,59,74],
[43,69,77],[42,72,86],[41,63,83],[40,61,89],[39,43,69],[38,45,66],[38,44,59],[39,42,72],[37,40,61],[37,41,63],
[36,45,80],[35,43,77],[35,42,86],[36,44,74],[34,40,89],[34,41,83],[38,59,66],[39,69,72],[37,61,63],[35,77,86],
[34,83,89],[36,74,80],[35,46,79],[35,46,82],[34,48,73],[34,48,85],[36,51,76],[36,51,88],[33,71,96],[32,65,94],
[31,65,94],[30,71,96],[29,68,95],[28,68,95],[38,47,60],[38,47,67],[37,49,70],[39,50,62],[39,50,64],[37,49,58],
[27,48,77],[26,51,83],[25,48,80],[25,46,74],[26,46,89],[27,51,86],[24,26,51],[23,25,48],[22,25,46],[21,27,51],
[20,27,48],[19,26,46],[17,18,54],[15,16,54],[13,14,53],[13,14,52],[17,18,53],[15,16,52],[47,69,84],[49,72,81],
[47,61,87],[50,66,90],[49,59,78],[50,63,75],[12,36,85],[11,35,73],[10,34,76],[9,36,82],[8,34,79],[7,35,88],
[12,36,54],[9,36,52],[7,35,53],[11,35,54],[10,34,53],[8,34,52],[32,39,43],[28,38,45],[31,39,42],[29,38,44],
[30,37,41],[33,37,40],[36,45,54],[35,43,54],[35,42,53],[36,44,52],[34,41,53],[34,40,52],[57,66,90],[57,59,78],
[55,69,84],[56,61,87],[56,63,75],[55,72,81],[13,52,77],[13,53,80],[17,54,89],[15,54,83],[15,52,86],[17,53,74],
[7,47,71],[11,49,68],[10,47,65],[8,50,68],[12,49,65],[9,50,71],[50,51,90],[49,51,78],[48,50,75],[46,47,84],
[46,49,81],[47,48,87],[12,64,65],[7,70,71],[11,67,68],[10,62,65],[9,58,71],[8,60,68],[7,88,89],[9,82,83],
[10,76,77],[8,79,80],[11,73,74],[12,85,86],[63,65,83],[65,66,80],[68,69,77],[71,72,86],[61,68,89],[59,71,74],
[5,6,50],[3,4,47],[1,2,49],[2,38,77],[3,39,83],[6,37,74],[4,37,86],[5,38,89],[1,39,80],[23,48,52],
[24,51,52],[22,46,54],[20,48,53],[19,46,53],[21,51,54],[24,32,43],[20,29,44],[19,28,45],[23,31,42],[21,33,40],
[22,30,41],[24,26,43],[20,27,44],[19,26,45],[23,25,42],[22,25,41],[21,27,40],[1,48,80],[5,46,89],[3,51,83],
[6,46,74],[2,48,77],[4,51,86],[10,68,77],[9,65,83],[8,65,80],[11,71,74],[12,71,86],[7,68,89],[46,54,84],
[48,53,75],[51,54,90],[46,53,81],[51,52,78],[48,52,87],[7,47,67],[11,49,70],[8,50,62],[10,47,60],[9,50,64],
[12,49,58],[32,50,66],[28,47,69],[33,49,59],[30,49,72],[31,50,63],[29,47,61],[35,41,73],[34,44,76],[36,43,82],
[34,42,79],[35,45,88],[36,40,85],[12,54,64],[7,53,70],[11,54,67],[10,53,62],[8,52,60],[9,52,58],[3,32,39],
[5,28,38],[1,31,39],[2,29,38],[4,33,37],[6,30,37],[18,45,54],[16,43,54],[14,42,53],[14,44,52],[16,40,52],
[18,41,53],[32,48,73],[33,46,79],[28,48,85],[30,51,76],[31,51,88],[29,46,82],[33,46,71],[32,48,65],[30,51,71],
[29,46,68],[28,48,68],[31,51,65],[24,32,81],[20,29,90],[19,28,78],[23,31,84],[22,30,87],[21,33,75],[5,13,50],
[3,13,47],[6,15,50],[1,15,49],[2,17,49],[4,17,47],[22,54,93],[23,52,91],[24,52,91],[21,54,93],[19,53,92],
[20,53,92],[3,13,80],[5,13,77],[6,15,86],[1,15,83],[4,17,74],[2,17,89],[24,55,81],[20,57,90],[19,57,78],
[23,55,84],[21,56,75],[22,56,87],[25,62,70],[26,64,67],[27,58,60],[36,55,76],[35,57,79],[34,57,73],[34,55,85],
[35,56,82],[36,56,88],[32,56,94],[30,57,96],[29,55,95],[31,57,94],[28,56,95],[33,55,96],[38,43,60],[39,41,64],
[37,44,70],[38,40,67],[39,45,62],[37,42,58],[38,56,77],[39,57,83],[37,55,74],[37,57,86],[39,56,80],[38,55,89],
[14,89,90],[18,77,78],[14,83,84],[16,74,75],[16,80,81],[18,86,87],[41,58,59],[44,67,69],[42,64,66],[43,62,63],
[45,60,61],[40,70,72],[28,69,93],[33,59,91],[29,61,91],[32,66,93],[31,63,92],[30,72,92],[61,66,72],[59,63,69],
[63,69,93],[61,66,93],[59,63,92],[66,72,92],[59,69,91],[61,72,91],[18,56,77],[14,57,83],[16,55,74],[14,55,89],
[18,57,86],[16,56,80],[38,40,72],[39,45,61],[37,42,66],[37,44,69],[38,43,63],[39,41,59],[38,56,94],[39,57,96],
[37,55,95],[37,57,94],[38,55,96],[39,56,95],[33,36,55],[28,35,56],[31,34,57],[29,34,55],[30,35,57],[32,36,56],
[24,55,85],[20,57,79],[19,57,73],[23,55,76],[22,56,88],[21,56,82],[3,63,80],[5,61,77],[6,59,86],[1,66,83],
[2,69,89],[4,72,74],[19,30,92],[22,28,93],[23,29,91],[24,33,91],[20,31,92],[21,32,93],[18,45,87],[16,43,75],
[14,42,90],[14,44,84],[18,41,78],[16,40,81],[36,43,62],[35,41,58],[34,44,67],[34,42,64],[36,40,70],[35,45,60],
[7,26,67],[12,27,58],[11,25,70],[8,25,62],[10,27,60],[9,26,64],[32,73,81],[31,84,88],[30,76,87],[33,75,79],
[29,82,90],[28,78,85],[13,32,50],[13,28,47],[15,30,49],[15,31,50],[17,29,47],[17,33,49],[54,64,84],[53,70,75],
[54,67,90],[53,62,81],[52,58,87],[52,60,78],[6,46,68],[2,48,65],[4,51,65],[3,51,71],[1,48,68],[5,46,71],
[20,41,64],[22,43,60],[24,44,70],[23,40,67],[21,45,62],[19,42,58],[22,26,43],[24,27,44],[23,27,40],[19,25,42],
[20,25,41],[21,26,45],[3,10,32],[6,9,30],[5,8,28],[1,12,31],[2,11,29],[4,7,33],[3,10,68],[6,9,65],
[5,8,65],[1,12,71],[4,7,68],[2,11,71],[26,31,89],[27,30,77],[27,28,86],[26,29,83],[25,33,80],[25,32,74],
[3,63,90],[5,61,84],[2,69,87],[4,72,78],[6,59,81],[1,66,75],[11,26,29],[10,25,32],[8,27,28],[12,26,31],
[7,25,33],[9,27,30],[41,72,78],[44,61,84],[43,66,75],[45,69,87],[42,63,90],[40,59,81],[24,33,80],[19,30,77],
[22,28,86],[23,29,83],[21,32,74],[20,31,89],[3,6,68],[2,6,65],[4,5,65],[2,3,71],[1,5,71],[1,4,68],
[20,64,84],[22,60,78],[24,70,75],[23,67,90],[21,62,81],[19,58,87],[7,22,26],[12,24,27],[11,19,25],[8,20,25],
[9,21,26],[10,23,27],[33,36,62],[28,35,58],[31,34,67],[32,36,70],[30,35,60],[29,34,64],[38,72,94],[39,61,96],
[37,66,95],[37,69,94],[39,59,95],[38,63,96],[63,80,93],[61,77,93],[59,86,92],[66,83,92],[72,74,91],[69,89,91],
[3,12,90],[6,7,81],[5,11,84],[2,8,87],[1,10,75],[4,9,78],[13,23,76],[15,21,82],[17,19,73],[13,20,79],
[17,22,88],[15,24,85],[17,33,73],[13,28,76],[15,31,82],[13,32,79],[15,30,85],[17,29,88],[12,82,90],[7,73,81],
[11,84,88],[8,76,87],[9,78,85],[10,75,79],[18,26,56],[16,26,56],[14,25,57],[18,25,57],[16,27,55],[14,27,55],
[22,42,79],[23,41,73],[21,44,76],[19,43,82],[20,40,85],[24,45,88],[13,23,73],[15,21,76],[17,19,82],[17,22,79],
[15,24,88],[13,20,85],[23,41,90],[21,44,81],[19,43,87],[24,45,75],[20,40,84],[22,42,78],[3,6,12],[2,6,7],
[4,5,11],[2,3,8],[1,4,9],[1,5,10],[33,62,73],[28,58,76],[31,67,82],[32,70,79],[29,64,88],[30,60,85],
[12,24,82],[7,22,73],[11,19,88],[8,20,76],[10,23,79],[9,21,85],[24,80,93],[19,77,93],[22,86,92],[23,83,92],
[20,89,91],[21,74,91],[41,72,94],[44,61,96],[43,66,95],[45,69,94],[40,59,95],[42,63,96],[9,16,27],[11,18,26],
[10,14,25],[8,14,27],[12,16,26],[7,18,25],[9,88,90],[11,79,81],[10,85,87],[8,73,75],[7,82,84],[12,76,78],
[1,9,90],[4,11,81],[5,10,87],[3,8,75],[6,12,78],[2,7,84],[9,16,88],[11,18,79],[10,14,85],[8,14,73],
[12,16,76],[7,18,82],[19,88,93],[23,79,92],[21,85,91],[22,73,92],[20,76,91],[24,82,93],[41,90,94],[44,81,96],
[43,87,95],[45,75,94],[42,78,96],[40,84,95],[13,62,73],[15,58,76],[17,67,82],[17,70,79],[13,60,85],[15,64,88],
[5,6,17],[1,2,13],[3,4,15],[1,13,62],[4,15,58],[5,17,67],[3,15,64],[2,13,60],[6,17,70],[16,88,93],
[18,79,92],[14,85,91],[14,73,92],[18,82,93],[16,76,91],[1,90,94],[4,81,96],[5,87,95],[3,75,94],[2,84,95],
[6,78,96],[16,62,70],[18,58,60],[14,64,67],[16,62,93],[18,58,92],[14,67,91],[14,64,92],[16,70,91],[18,60,93],
[1,62,94],[4,58,96],[5,67,95],[3,64,94],[6,70,96],[2,60,95],[62,93,94],[58,92,96],[67,91,95],[64,92,94],
[60,93,95],[70,91,96]];
###############################################################

