#SurfaceInfo: 136 Vertices, 1020 Edges, 680 Faces, IsOrientable=false
 #Vertices of faces:
vof1:=[[134,135,136],[133,134,135],[132,135,136],[131,134,136],[128,129,130],[125,126,127],[122,123,124],[119,120,121],[116,117,118],[113,114,115],
[111,112,117],[109,110,114],[107,108,123],[105,106,129],[103,104,120],[101,102,126],[100,101,110],[99,107,112],[98,108,111],[97,103,106],
[96,102,109],[95,104,105],[93,94,112],[91,92,110],[89,90,108],[87,88,104],[85,86,106],[83,84,102],[80,81,82],[77,78,79],
[75,76,78],[73,74,81],[72,73,80],[71,75,77],[68,69,70],[65,66,67],[62,63,64],[60,61,72],[58,59,74],[56,57,71],
[54,55,82],[52,53,76],[50,51,79],[48,49,60],[48,49,56],[46,47,52],[46,47,54],[44,45,58],[44,45,50],[43,63,131],
[42,69,131],[42,68,133],[41,66,133],[41,65,132],[43,62,132],[40,69,131],[39,68,133],[38,62,132],[38,65,132],[40,63,131],
[39,66,133],[47,52,76],[46,54,82],[49,60,72],[44,50,79],[48,56,71],[45,58,74],[42,68,69],[43,62,63],[41,65,66],
[37,69,94],[36,65,86],[35,63,92],[34,66,88],[33,68,90],[32,62,84],[31,39,94],[30,40,90],[29,40,84],[28,38,92],
[27,38,88],[26,39,86],[31,79,94],[30,72,90],[29,71,84],[28,82,92],[26,74,86],[27,76,88],[25,128,129],[24,125,126],
[23,122,123],[22,119,120],[21,113,114],[20,116,117],[89,129,130],[93,126,127],[91,123,124],[87,117,118],[83,120,121],[85,114,115],
[93,101,126],[83,103,120],[85,109,114],[91,107,123],[89,105,129],[87,111,117],[104,105,111],[101,107,110],[101,107,112],[103,106,109],
[102,103,109],[105,108,111],[51,99,107],[61,98,111],[59,97,103],[57,96,109],[53,95,105],[55,100,101],[34,80,81],[33,75,77],
[32,73,80],[35,75,78],[36,77,78],[37,73,81],[80,82,92],[76,78,88],[72,73,90],[71,75,84],[74,81,86],[77,79,94],
[69,93,94],[63,91,92],[66,87,88],[62,83,84],[65,85,86],[68,89,90],[40,69,90],[40,63,84],[38,62,92],[38,65,88],
[39,66,86],[39,68,94],[59,74,97],[57,71,96],[51,79,99],[55,82,100],[61,72,98],[53,76,95],[19,62,64],[18,69,70],
[17,65,67],[16,63,64],[15,68,70],[14,66,67],[93,111,112],[91,109,110],[89,107,108],[87,103,104],[83,101,102],[85,105,106],
[94,99,112],[90,98,108],[92,100,110],[88,95,104],[84,96,102],[86,97,106],[13,107,111],[12,101,109],[11,103,105],[10,107,111],
[10,103,105],[10,101,109],[9,50,54],[8,52,60],[7,56,58],[40,50,54],[38,56,58],[39,52,60],[24,33,77],[21,34,81],
[23,32,80],[25,37,73],[20,36,78],[22,35,75],[13,35,92],[12,37,94],[13,34,88],[11,32,84],[12,36,86],[11,33,90],
[30,108,123],[29,102,126],[31,112,117],[28,110,114],[27,104,120],[26,106,129],[72,80,123],[75,76,120],[73,74,129],[81,82,114],
[71,77,126],[78,79,117],[27,48,60],[30,46,52],[31,47,54],[29,44,58],[28,45,50],[26,49,56],[56,57,91],[54,55,83],
[50,51,89],[58,59,87],[60,61,93],[52,53,85],[33,35,36],[32,34,37],[71,76,79],[72,74,82],[6,21,113],[5,23,122],
[4,24,125],[3,22,119],[2,20,116],[1,25,128],[40,54,83],[40,50,89],[39,52,85],[39,60,93],[38,56,91],[38,58,87],
[10,89,105],[10,87,111],[10,93,101],[10,91,107],[10,85,109],[10,83,103],[93,111,127],[91,109,124],[89,107,130],[87,103,118],
[85,105,115],[83,101,121],[11,102,103],[11,105,108],[13,104,111],[13,107,110],[12,101,112],[12,106,109],[9,51,107],[7,59,103],
[7,57,109],[8,61,111],[9,55,101],[8,53,105],[72,98,123],[71,96,126],[76,95,120],[74,97,129],[79,99,117],[82,100,114],
[68,94,99],[69,90,98],[62,92,100],[65,88,95],[66,86,97],[63,84,96],[61,69,93],[59,66,87],[53,65,85],[57,63,91],
[51,68,89],[55,62,83],[37,81,114],[36,77,126],[34,80,123],[35,78,117],[33,75,120],[32,73,129],[27,38,48],[30,40,46],
[31,39,47],[29,40,44],[26,39,49],[28,38,45],[29,71,79],[31,76,79],[28,74,82],[27,71,76],[26,72,74],[30,72,82],
[18,37,69],[17,36,65],[14,34,66],[16,35,63],[19,32,62],[15,33,68],[33,36,125],[33,35,119],[32,34,122],[34,37,113],
[32,37,128],[35,36,116],[27,60,80],[29,58,73],[31,54,81],[28,50,78],[26,56,77],[30,52,75],[29,54,102],[31,60,112],
[28,56,110],[27,58,104],[26,52,106],[30,50,108],[31,88,117],[30,92,123],[29,94,126],[27,84,120],[28,86,114],[26,90,129],
[13,35,42],[12,37,43],[13,34,42],[11,33,41],[11,32,41],[12,36,43],[13,92,123],[12,94,126],[13,88,117],[11,84,120],
[11,90,129],[12,86,114],[23,60,80],[21,54,81],[24,56,77],[22,52,75],[25,58,73],[20,50,78],[21,34,122],[24,33,119],
[22,35,116],[20,36,125],[23,32,128],[25,37,113],[7,58,104],[8,52,106],[9,54,102],[8,60,112],[7,56,110],[9,50,108],
[80,88,92],[78,88,92],[73,84,90],[75,84,90],[77,86,94],[81,86,94],[99,128,130],[98,125,127],[96,122,124],[100,119,121],
[95,113,115],[97,116,118],[3,61,119],[6,51,113],[1,57,128],[5,53,122],[4,59,125],[2,55,116],[8,20,111],[9,24,101],
[9,23,107],[7,22,103],[8,25,105],[7,21,109],[37,99,128],[35,100,119],[34,95,113],[33,98,125],[36,97,116],[32,96,122],
[68,99,130],[62,100,121],[69,98,127],[66,97,118],[63,96,124],[65,95,115],[4,7,59],[6,9,51],[5,8,53],[2,9,55],
[3,8,61],[1,7,57],[23,107,130],[25,105,115],[20,111,127],[21,109,124],[22,103,118],[24,101,121],[6,21,54],[5,23,60],
[4,24,56],[3,22,52],[1,25,58],[2,20,50],[27,73,84],[29,81,94],[31,80,88],[30,78,92],[26,75,90],[28,77,86],
[29,54,79],[31,60,76],[28,56,74],[27,58,71],[30,50,82],[26,52,72],[18,37,114],[17,36,126],[14,34,123],[16,35,117],
[19,32,129],[15,33,120],[13,98,123],[11,95,120],[12,96,126],[11,97,129],[12,100,114],[13,99,117],[9,24,135],[9,23,135],
[8,20,136],[7,22,134],[7,21,134],[8,25,136],[61,104,119],[59,102,125],[51,110,113],[57,106,128],[53,108,122],[55,112,116],
[7,104,119],[9,108,122],[8,106,128],[9,102,125],[8,112,116],[7,110,113],[25,104,113],[21,102,122],[24,110,119],[20,108,125],
[22,106,116],[23,112,128],[35,42,43],[37,42,43],[34,41,42],[33,41,42],[36,41,43],[32,41,43],[26,68,77],[27,62,80],
[29,69,73],[31,66,81],[30,63,75],[28,65,78],[38,45,64],[40,44,64],[38,48,67],[39,49,67],[39,47,70],[40,46,70],
[55,62,80],[61,69,73],[59,66,81],[53,65,78],[57,63,75],[51,68,77],[13,110,119],[11,102,122],[12,112,128],[11,108,125],
[12,106,116],[13,104,113],[10,64,89],[10,64,87],[10,67,93],[10,67,91],[10,70,83],[10,70,85],[38,64,91],[40,64,83],
[40,70,89],[38,67,87],[39,70,93],[39,67,85],[21,46,114],[24,48,126],[23,49,123],[25,45,129],[20,44,117],[22,47,120],
[19,64,130],[18,70,115],[17,67,127],[16,64,118],[14,67,124],[15,70,121],[70,89,115],[67,87,127],[70,93,121],[64,91,130],
[67,85,124],[64,83,118],[22,47,134],[21,46,134],[23,49,135],[24,48,135],[25,45,136],[20,44,136],[18,46,114],[15,47,120],
[17,48,126],[14,49,123],[16,44,117],[19,45,129],[19,23,130],[18,25,115],[17,20,127],[15,24,121],[16,22,118],[14,21,124],
[45,64,89],[44,64,87],[48,67,93],[49,67,91],[46,70,85],[47,70,83],[23,55,112],[25,61,104],[21,59,102],[24,51,110],
[22,57,106],[20,53,108],[13,98,119],[11,95,122],[12,96,128],[11,97,125],[13,99,113],[12,100,116],[26,57,75],[27,61,73],
[29,59,81],[28,51,77],[30,53,78],[31,55,80],[5,60,76],[2,50,82],[6,54,79],[4,56,74],[3,52,72],[1,58,71],
[4,7,119],[6,9,122],[5,8,128],[2,9,125],[1,7,113],[3,8,116],[26,68,130],[27,62,121],[29,69,127],[31,66,118],
[28,65,115],[30,63,124],[35,43,100],[37,42,99],[34,41,95],[33,42,98],[32,43,96],[36,41,97],[6,47,76],[3,46,82],
[4,49,72],[1,44,79],[2,45,74],[5,48,71],[18,43,131],[16,42,131],[14,42,133],[15,41,133],[17,43,132],[19,41,132],
[18,43,100],[16,42,99],[14,42,98],[15,41,95],[19,41,97],[17,43,96],[1,6,79],[5,6,76],[3,4,72],[2,3,82],
[1,5,71],[2,4,74],[19,45,132],[16,44,131],[17,48,132],[18,46,131],[14,49,133],[15,47,133],[6,47,134],[5,48,135],
[3,46,134],[2,45,136],[1,44,136],[4,49,135],[26,57,130],[30,53,124],[27,61,121],[29,59,127],[31,55,118],[28,51,115],
[4,98,119],[6,95,122],[5,96,128],[2,97,125],[3,100,116],[1,99,113],[16,22,57],[19,23,55],[17,20,53],[18,25,61],
[14,21,59],[15,24,51],[45,89,115],[44,87,127],[48,93,121],[49,91,130],[47,83,118],[46,85,124],[1,16,99],[6,15,95],
[4,14,98],[3,18,100],[2,19,97],[5,17,96],[16,57,130],[15,51,115],[14,59,127],[18,61,121],[19,55,118],[17,53,124],
[49,130,133],[45,115,132],[44,127,131],[48,121,132],[47,118,133],[46,124,131],[1,6,134],[5,6,135],[3,4,134],[2,3,136],
[2,4,135],[1,5,136],[1,16,134],[6,15,135],[4,14,134],[3,18,136],[5,17,136],[2,19,135],[16,130,133],[15,115,132],
[14,127,131],[18,121,132],[17,124,131],[19,118,133],[16,133,134],[15,132,135],[14,131,134],[18,132,136],[19,133,135],[17,131,136]];
###############################################################

#SurfaceInfo: 120 Vertices, 1020 Edges, 680 Faces, IsOrientable=false
 #Vertices of faces:
vof2:=[[118,119,120],[117,118,119],[116,118,120],[115,119,120],[112,113,114],[109,110,111],[106,107,108],[104,105,114],[102,103,108],[100,101,111],
[98,99,110],[96,97,107],[94,95,113],[92,93,101],[90,91,103],[88,89,105],[85,86,87],[83,84,86],[80,81,82],[78,79,83],
[77,78,81],[76,80,85],[75,84,99],[74,87,97],[73,82,95],[72,76,91],[71,79,93],[70,77,89],[67,68,69],[64,65,66],
[62,63,69],[60,61,66],[57,58,59],[55,56,59],[53,54,69],[51,52,59],[49,50,66],[47,48,81],[45,46,83],[43,44,81],
[41,42,85],[39,40,85],[37,38,83],[36,81,100],[36,81,102],[35,85,109],[35,85,112],[34,83,106],[34,83,104],[33,50,80],
[32,54,78],[31,53,78],[30,52,86],[29,51,86],[28,49,80],[32,78,80],[31,78,86],[28,80,86],[29,80,86],[33,78,80],
[30,78,86],[39,85,109],[41,85,112],[47,81,100],[37,83,104],[43,81,102],[45,83,106],[53,54,78],[49,50,80],[51,52,86],
[44,47,99],[39,42,93],[43,48,97],[38,45,91],[37,46,95],[40,41,89],[31,65,112],[32,58,109],[33,56,106],[28,68,104],
[29,63,100],[30,61,102],[31,65,107],[32,58,103],[33,56,101],[28,68,110],[30,61,105],[29,63,113],[51,112,113],[49,109,110],
[53,106,107],[52,104,105],[50,100,101],[54,102,103],[93,113,114],[89,110,111],[95,107,108],[99,103,108],[91,105,114],[97,101,111],
[88,89,111],[90,91,114],[96,97,111],[94,95,108],[92,93,114],[98,99,108],[80,85,117],[85,86,115],[83,86,115],[78,83,116],
[78,81,116],[80,81,117],[27,83,84],[26,81,82],[25,79,83],[24,77,81],[23,76,85],[22,85,87],[26,67,68],[23,55,56],
[25,57,58],[27,62,63],[24,64,65],[22,60,61],[68,69,110],[63,69,113],[58,59,103],[56,59,101],[61,66,105],[65,66,107],
[47,84,99],[43,87,97],[45,76,91],[41,77,89],[39,79,93],[37,82,95],[32,80,109],[33,78,106],[28,86,104],[29,80,100],
[30,78,102],[31,86,112],[25,46,83],[24,44,81],[27,38,83],[22,42,85],[26,48,81],[23,40,85],[40,50,66],[44,53,69],
[42,52,59],[48,49,66],[46,54,69],[38,51,59],[75,99,110],[74,97,107],[73,95,113],[72,91,103],[70,89,105],[71,93,101],
[75,84,86],[73,80,82],[74,86,87],[72,76,80],[70,77,78],[71,78,79],[56,61,85],[58,63,83],[65,68,81],[56,61,108],
[65,68,114],[58,63,111],[19,20,21],[16,17,18],[13,14,15],[19,20,36],[13,14,35],[16,17,34],[12,23,56],[11,26,68],
[10,25,58],[9,22,61],[8,24,65],[7,27,63],[21,43,48],[21,44,47],[18,38,45],[15,40,41],[15,39,42],[18,37,46],
[21,94,113],[21,88,105],[18,98,110],[15,96,107],[15,90,103],[18,92,101],[26,57,59],[23,62,69],[25,60,66],[22,67,69],
[24,55,59],[27,64,66],[10,36,100],[7,35,109],[11,35,112],[9,34,106],[8,34,104],[12,36,102],[35,43,44],[36,41,42],
[36,37,38],[35,45,46],[34,47,48],[34,39,40],[4,5,6],[1,2,3],[29,31,33],[28,30,32],[6,50,101],[5,53,107],
[2,49,110],[1,52,105],[3,54,103],[4,51,113],[19,36,42],[20,36,38],[16,34,40],[17,34,48],[13,35,44],[14,35,46],
[68,92,114],[56,98,108],[63,88,111],[61,94,108],[58,96,111],[65,90,114],[75,89,110],[74,95,107],[73,93,113],[72,99,103],
[71,97,101],[70,91,105],[68,81,116],[65,81,117],[61,85,117],[56,85,115],[58,83,115],[63,83,116],[27,50,84],[25,49,79],
[24,51,77],[26,52,82],[22,54,87],[23,53,76],[26,48,57],[24,44,55],[23,40,62],[25,46,60],[27,38,64],[22,42,67],
[75,86,112],[73,80,109],[74,86,104],[72,80,100],[71,78,102],[70,78,106],[34,47,84],[35,45,76],[34,39,79],[35,43,87],
[36,37,82],[36,41,77],[22,60,69],[24,59,64],[26,59,67],[27,62,66],[23,55,69],[25,57,66],[10,63,100],[7,58,109],
[11,65,112],[9,56,106],[12,61,102],[8,68,104],[29,33,101],[31,33,107],[28,32,110],[29,31,113],[28,30,105],[30,32,103],
[44,69,99],[42,59,93],[38,59,91],[48,66,97],[40,66,89],[46,69,95],[4,5,8],[5,6,12],[1,2,11],[1,3,9],
[2,3,10],[4,6,7],[5,10,36],[4,9,34],[6,11,35],[3,8,34],[2,12,36],[1,7,35],[21,29,88],[18,33,98],
[15,32,96],[15,31,90],[18,28,92],[21,30,94],[18,77,110],[21,79,113],[21,76,105],[15,84,103],[15,82,107],[18,87,101],
[21,43,45],[21,39,47],[18,43,45],[18,37,41],[15,37,41],[15,39,47],[21,48,79],[21,44,76],[18,38,77],[15,40,84],
[18,46,87],[15,42,82],[5,10,25],[6,11,26],[2,12,23],[1,7,27],[4,9,22],[3,8,24],[2,11,68],[6,12,56],
[4,7,63],[5,8,65],[3,10,58],[1,9,61],[13,15,31],[17,18,28],[20,21,29],[16,18,33],[14,15,32],[19,21,30],
[69,110,119],[69,113,119],[59,103,118],[59,101,118],[66,107,120],[66,105,120],[2,112,114],[4,109,111],[1,106,108],[5,104,114],
[3,100,111],[6,102,108],[1,13,52],[6,14,50],[4,17,51],[5,19,53],[2,20,49],[3,16,54],[26,52,89],[22,54,91],
[27,50,93],[25,49,99],[23,53,97],[24,51,95],[2,10,114],[5,12,114],[3,9,111],[4,8,111],[6,7,108],[1,11,108],
[2,75,112],[5,74,104],[4,73,109],[6,71,102],[1,70,106],[3,72,100],[20,49,79],[14,50,84],[19,53,76],[16,54,87],
[13,52,82],[17,51,77],[50,73,93],[53,71,97],[52,75,89],[51,74,95],[49,72,99],[54,70,91],[6,26,101],[5,25,107],
[2,23,110],[1,27,105],[4,22,113],[3,24,103],[84,103,118],[76,105,120],[77,110,119],[79,113,119],[87,101,118],[82,107,120],
[29,88,101],[33,98,107],[32,96,110],[31,90,113],[30,94,103],[28,92,105],[60,69,99],[59,64,93],[59,67,91],[62,66,97],
[57,66,89],[55,69,95],[48,57,79],[40,62,84],[44,55,76],[46,60,87],[42,67,82],[38,64,77],[22,91,93],[27,91,93],
[26,89,97],[25,95,99],[24,95,99],[23,89,97],[1,13,20],[2,16,20],[6,14,17],[4,17,19],[5,14,19],[3,13,16],
[13,20,31],[14,19,30],[17,19,28],[16,20,29],[13,16,33],[14,17,32],[1,61,64],[2,62,68],[6,56,57],[5,60,65],
[4,63,67],[3,55,58],[21,45,114],[21,39,114],[18,43,111],[18,41,111],[15,47,108],[15,37,108],[2,36,72],[5,36,71],
[4,34,74],[6,35,73],[1,35,75],[3,34,70],[8,44,68],[9,42,56],[10,46,63],[12,40,61],[11,48,65],[7,38,58],
[36,71,77],[34,74,84],[35,73,76],[34,70,79],[35,75,87],[36,72,82],[56,57,115],[62,68,116],[55,58,115],[60,65,117],
[63,67,116],[61,64,117],[68,92,98],[56,92,98],[63,88,94],[61,88,94],[65,90,96],[58,90,96],[8,13,44],[9,19,42],
[7,20,38],[10,14,46],[11,17,48],[12,16,40],[50,99,100],[49,93,109],[53,91,106],[51,89,112],[54,97,102],[52,95,104],
[13,40,50],[20,44,53],[14,42,52],[19,48,49],[16,38,51],[17,46,54],[7,20,44],[10,14,42],[11,17,46],[8,13,40],
[12,16,38],[9,19,48],[25,95,104],[24,99,100],[27,91,106],[22,93,109],[23,89,112],[26,97,102],[50,60,99],[52,55,95],
[49,64,93],[53,67,91],[54,62,97],[51,57,89],[13,50,73],[20,53,71],[14,52,75],[17,54,70],[19,49,72],[16,51,74],
[44,68,98],[42,56,92],[46,63,94],[40,61,88],[38,58,90],[48,65,96],[3,13,55],[1,20,64],[2,16,62],[6,17,57],
[4,19,67],[5,14,60],[57,79,115],[62,84,116],[55,76,115],[60,87,117],[64,77,117],[67,82,116],[75,87,118],[74,84,118],
[73,76,120],[72,82,120],[70,79,119],[71,77,119],[25,98,107],[24,94,103],[26,88,101],[23,96,110],[27,92,105],[22,90,113],
[20,31,79],[14,30,84],[19,28,76],[16,29,87],[17,32,77],[13,33,82],[2,72,75],[5,71,74],[4,73,74],[6,71,73],
[3,70,72],[1,70,75],[12,45,114],[10,39,114],[9,43,111],[8,41,111],[11,37,108],[7,47,108],[25,39,109],[24,41,112],
[27,47,100],[26,37,104],[23,45,106],[22,43,102],[12,33,50],[10,32,54],[8,31,53],[9,30,52],[11,28,49],[7,29,51],
[12,33,45],[10,32,39],[8,31,41],[9,30,43],[7,29,47],[11,28,37],[26,88,104],[25,98,109],[27,92,100],[24,94,112],
[22,90,102],[23,96,106],[7,51,57],[10,54,62],[11,49,64],[12,50,60],[8,53,67],[9,52,55],[25,39,104],[22,43,109],
[24,41,100],[23,45,112],[26,37,102],[27,47,106],[72,75,118],[70,75,119],[71,74,118],[73,74,120],[71,73,119],[70,72,120],
[31,79,115],[30,84,116],[28,76,115],[29,87,117],[33,82,116],[32,77,117],[19,67,72],[13,55,73],[14,60,75],[20,64,71],
[16,62,74],[17,57,70],[7,44,98],[10,42,92],[11,46,94],[8,40,88],[9,48,96],[12,38,90],[32,39,117],[30,43,116],
[31,41,115],[33,45,116],[29,47,117],[28,37,115],[67,72,118],[57,70,120],[62,74,120],[64,71,118],[55,73,119],[60,75,119],
[8,67,88],[7,57,98],[10,62,92],[11,64,94],[9,55,96],[12,60,90],[39,88,104],[43,98,109],[41,92,100],[45,94,112],
[47,96,106],[37,90,102],[39,88,117],[43,98,116],[41,92,115],[45,94,116],[37,90,115],[47,96,117],[67,88,118],[57,98,120],
[62,92,120],[64,94,118],[60,90,119],[55,96,119],[88,117,118],[98,116,120],[92,115,120],[94,116,118],[96,117,119],[90,115,119]];
###############################################################

#SurfaceInfo: 120 Vertices, 1020 Edges, 680 Faces, IsOrientable=false
 #Vertices of faces:
vof3:=[[118,119,120],[117,118,119],[116,118,120],[115,119,120],[112,113,114],[109,110,111],[106,107,108],[104,105,110],[102,103,113],[100,101,107],
[98,99,109],[96,97,112],[94,95,106],[93,106,107],[92,112,113],[91,109,110],[88,89,90],[85,86,87],[82,83,84],[79,80,81],
[76,77,78],[73,74,75],[70,71,72],[67,68,69],[80,88,89],[83,85,86],[77,85,87],[68,86,87],[71,89,90],[74,88,90],
[64,65,66],[61,62,63],[60,64,65],[59,61,62],[58,61,63],[57,62,63],[56,64,66],[55,65,66],[53,54,96],[51,52,98],
[49,50,102],[48,54,100],[47,52,94],[46,50,104],[43,44,45],[52,56,59],[40,41,42],[50,55,57],[54,58,60],[37,38,39],
[38,53,54],[45,51,52],[44,46,50],[42,47,52],[41,48,54],[39,49,50],[42,52,59],[43,44,46],[43,45,51],[45,52,56],
[39,50,55],[40,41,48],[40,42,47],[44,50,57],[37,38,53],[38,54,58],[37,39,49],[41,54,60],[49,60,64],[46,59,61],
[51,55,65],[48,56,66],[53,57,62],[47,58,63],[41,49,60],[37,49,64],[43,46,61],[42,46,59],[45,48,56],[43,51,65],
[40,48,66],[39,51,55],[40,47,63],[44,53,57],[38,47,58],[37,53,62],[43,65,90],[36,45,48],[37,62,87],[35,38,47],
[37,64,88],[34,41,49],[33,39,51],[40,66,89],[32,44,53],[40,63,86],[31,42,46],[43,61,85],[30,63,86],[32,44,92],
[29,66,89],[33,39,91],[35,38,93],[28,62,87],[27,61,85],[31,42,91],[36,45,93],[26,65,90],[34,41,92],[25,64,88],
[26,82,83],[28,79,80],[30,70,71],[29,67,68],[27,73,74],[25,76,77],[80,88,92],[68,86,93],[77,87,92],[71,89,93],
[74,90,91],[83,85,91],[25,43,77],[27,58,73],[27,37,74],[25,56,76],[29,37,68],[30,57,70],[28,59,79],[26,40,83],
[28,40,80],[26,60,82],[29,55,67],[30,43,71],[25,88,92],[41,80,92],[44,77,92],[30,86,93],[26,90,91],[45,71,93],
[28,87,92],[38,68,93],[39,74,91],[29,89,93],[42,83,91],[27,85,91],[31,104,110],[34,102,113],[35,94,106],[32,96,112],
[36,100,107],[33,98,109],[39,93,106],[44,93,107],[45,92,112],[41,91,110],[42,92,113],[38,91,109],[24,32,92],[30,63,114],
[29,66,111],[23,33,91],[28,62,111],[22,35,93],[21,31,91],[27,61,108],[25,64,108],[20,34,92],[26,65,114],[19,36,93],
[18,30,114],[24,32,73],[19,36,82],[17,26,114],[20,34,67],[16,25,108],[17,27,108],[21,31,70],[22,35,79],[16,28,111],
[23,33,76],[18,29,111],[18,31,110],[31,72,104],[33,78,98],[17,36,107],[36,84,100],[16,33,109],[17,32,112],[35,81,94],
[16,35,106],[32,75,96],[34,69,102],[18,34,113],[29,39,93],[39,74,106],[45,71,112],[26,41,91],[27,38,91],[42,83,113],
[38,68,109],[28,42,92],[30,44,93],[44,77,107],[41,80,110],[25,45,92],[63,108,114],[24,52,92],[23,54,91],[66,108,111],
[22,50,93],[62,111,114],[61,108,111],[21,54,91],[20,52,92],[64,108,114],[19,50,93],[65,111,114],[58,67,73],[25,43,116],
[30,43,116],[55,67,73],[60,79,82],[28,40,117],[26,40,117],[59,79,82],[29,37,115],[57,70,76],[56,70,76],[27,37,115],
[21,112,114],[20,109,111],[19,113,114],[22,110,111],[23,107,108],[24,106,108],[15,68,69],[14,71,72],[13,74,75],[12,77,78],
[11,83,84],[10,80,81],[9,54,96],[8,52,98],[7,52,94],[6,50,104],[5,54,100],[4,50,102],[32,73,90],[18,97,114],
[17,103,114],[36,82,85],[16,101,108],[34,67,86],[31,70,89],[17,95,108],[16,105,111],[35,79,88],[18,99,111],[33,76,87],
[31,72,90],[18,98,110],[17,94,107],[33,78,85],[16,104,109],[36,84,86],[35,81,89],[17,102,112],[32,75,88],[16,100,106],
[18,96,113],[34,69,87],[18,97,98],[31,32,90],[33,36,85],[17,94,103],[34,36,86],[16,101,104],[17,95,102],[31,35,89],
[16,100,105],[32,35,88],[33,34,87],[18,96,99],[24,52,106],[23,63,108],[24,66,108],[23,54,107],[22,50,110],[19,62,114],
[21,54,112],[20,61,111],[21,64,114],[20,52,109],[22,65,111],[19,50,113],[24,55,73],[18,30,116],[23,57,76],[18,29,115],
[16,28,117],[22,60,79],[21,56,70],[17,27,115],[16,25,116],[20,58,67],[19,59,82],[17,26,117],[23,98,110],[8,72,90],
[6,78,85],[22,94,107],[7,84,86],[21,104,109],[20,102,112],[5,81,89],[19,100,106],[4,75,88],[9,69,87],[24,96,113],
[3,97,114],[73,85,90],[3,103,114],[82,85,90],[67,86,89],[2,101,108],[2,95,108],[70,86,89],[79,87,88],[1,105,111],
[76,87,88],[1,99,111],[9,24,96],[9,54,69],[8,52,72],[8,23,98],[7,22,94],[6,50,78],[6,21,104],[7,52,84],
[5,54,81],[4,20,102],[4,50,75],[5,19,100],[14,58,71],[15,41,69],[12,39,78],[13,59,74],[10,38,81],[11,55,83],
[15,56,68],[14,42,72],[12,60,77],[13,44,75],[10,57,80],[11,45,84],[59,74,106],[12,29,39],[15,26,41],[58,71,112],
[55,83,113],[10,27,38],[14,28,42],[56,68,109],[60,77,107],[13,30,44],[11,25,45],[57,80,110],[72,102,104],[18,31,120],
[18,34,120],[69,102,104],[75,96,100],[16,35,118],[81,94,98],[17,32,119],[16,33,118],[84,96,100],[17,36,119],[78,94,98],
[11,105,110],[15,95,106],[12,97,112],[10,103,113],[14,101,107],[13,99,109],[83,86,95],[68,87,97],[77,85,105],[74,88,103],
[71,90,99],[80,89,101],[3,56,59],[17,44,45],[2,55,57],[18,41,42],[16,38,39],[1,58,60],[23,36,48],[5,43,90],
[24,35,47],[7,37,87],[19,34,49],[8,37,88],[4,40,89],[20,33,51],[6,40,86],[21,32,53],[9,43,85],[22,31,46],
[23,27,58],[43,69,77],[24,25,56],[37,72,74],[19,30,57],[37,68,84],[40,78,83],[20,28,59],[40,75,80],[21,26,60],
[43,71,81],[22,29,55],[5,43,69],[23,27,36],[7,37,72],[24,25,35],[8,37,84],[19,30,34],[4,40,78],[20,28,33],
[21,26,32],[6,40,75],[22,29,31],[9,43,81],[5,8,90],[23,48,110],[22,46,107],[6,9,85],[21,53,109],[6,7,86],
[4,5,89],[20,51,112],[4,8,88],[19,49,106],[24,47,113],[7,9,87],[11,57,110],[11,25,105],[12,29,97],[15,59,106],
[12,58,112],[15,26,95],[10,55,113],[10,27,103],[13,56,109],[14,28,101],[13,30,99],[14,60,107],[42,72,74],[15,24,56],
[44,75,80],[12,21,60],[11,22,55],[38,71,81],[13,20,59],[39,78,83],[41,69,77],[14,23,58],[45,68,84],[10,19,57],
[82,90,99],[3,74,103],[2,80,101],[67,89,101],[1,71,99],[76,88,103],[70,86,95],[2,83,95],[1,77,105],[79,87,97],
[73,85,105],[3,68,97],[17,44,115],[3,21,56],[18,42,116],[2,24,55],[1,22,60],[16,38,117],[1,20,58],[16,39,116],
[18,41,115],[2,23,57],[17,45,117],[3,19,59],[8,23,63],[52,72,106],[50,78,113],[7,22,65],[52,84,109],[6,21,64],
[4,20,61],[54,81,112],[5,19,62],[50,75,110],[54,69,107],[9,24,66],[31,32,119],[81,97,98],[78,94,103],[33,36,119],
[69,101,104],[34,36,120],[72,95,102],[31,35,120],[32,35,118],[75,100,105],[84,96,99],[33,34,118],[3,104,105],[2,98,99],
[3,100,101],[1,102,103],[1,94,95],[2,96,97],[59,62,97],[57,63,95],[58,61,105],[60,65,99],[55,66,101],[56,64,103],
[3,68,104],[3,73,105],[3,74,100],[2,82,99],[1,76,103],[1,71,102],[3,67,101],[2,80,98],[2,83,96],[1,70,95],
[2,79,97],[1,77,94],[15,59,97],[29,62,97],[12,58,105],[26,63,95],[27,64,103],[10,55,101],[28,66,101],[13,56,103],
[14,60,99],[30,65,99],[25,61,105],[11,57,95],[48,75,110],[5,8,62],[7,9,65],[47,78,113],[49,72,106],[4,8,63],
[51,81,112],[4,5,61],[6,7,64],[53,84,109],[6,9,66],[46,69,107],[2,15,24],[42,74,116],[38,71,117],[1,11,22],
[3,12,21],[44,80,115],[39,83,116],[1,13,20],[2,14,23],[41,77,115],[3,10,19],[45,68,117],[27,36,120],[5,69,101],
[25,35,120],[7,72,95],[30,34,118],[8,84,99],[28,33,119],[4,78,103],[6,75,105],[26,32,118],[9,81,97],[29,31,119],
[7,79,81],[5,82,84],[4,67,69],[6,70,72],[9,73,75],[8,76,78],[8,62,76],[9,48,75],[4,46,69],[6,66,70],
[5,53,84],[7,64,79],[5,61,82],[7,51,81],[4,63,67],[6,49,72],[8,47,78],[9,65,73],[29,62,119],[9,15,97],
[7,11,95],[25,61,120],[26,63,118],[6,12,105],[8,14,99],[30,65,118],[4,13,103],[28,66,119],[5,10,101],[27,64,120],
[74,100,116],[2,15,82],[80,98,115],[3,12,67],[1,11,76],[71,102,117],[1,13,70],[83,96,116],[2,14,79],[77,94,115],
[68,104,117],[3,10,73],[12,51,98],[11,48,100],[15,49,102],[13,53,96],[14,46,104],[10,47,94],[15,49,82],[11,100,116],
[15,102,117],[11,48,76],[12,98,115],[12,51,67],[13,53,70],[13,96,116],[10,94,115],[14,46,79],[10,47,73],[14,104,117],
[9,15,48],[62,76,119],[65,73,118],[8,14,47],[6,12,49],[63,67,118],[61,82,120],[7,11,51],[5,10,53],[64,79,120],
[66,70,119],[4,13,46],[11,51,116],[49,82,120],[51,67,118],[12,49,115],[48,76,119],[15,48,117],[13,46,116],[53,70,119],
[46,79,120],[10,53,115],[14,47,117],[47,73,118],[47,117,118],[53,115,119],[46,116,120],[48,117,119],[49,115,120],[51,116,118]];
###############################################################

#SurfaceInfo: 147 Vertices, 1029 Edges, 686 Faces, IsOrientable=true
 #Vertices of faces:
vof4:=[[145,146,147],[144,145,146],[143,145,147],[142,146,147],[139,140,141],[136,137,138],[133,134,135],[130,131,132],[127,128,129],[124,125,126],
[123,127,128],[122,124,125],[121,125,126],[120,124,126],[119,127,129],[118,128,129],[117,122,123],[116,118,120],[115,119,121],[117,123,127],
[117,122,124],[116,120,126],[115,121,125],[116,118,128],[115,119,129],[112,113,114],[109,110,111],[106,107,108],[103,104,105],[100,101,102],
[97,98,99],[94,95,96],[91,92,93],[88,89,90],[85,86,87],[82,83,84],[79,80,81],[76,77,78],[73,74,75],[71,72,141],
[69,70,140],[67,68,139],[71,89,141],[72,77,141],[69,80,140],[67,86,139],[70,83,140],[68,74,139],[76,77,118],[88,89,122],
[73,74,119],[79,80,121],[82,83,123],[85,86,120],[70,94,95],[71,91,92],[67,92,93],[69,91,93],[72,94,96],[68,95,96],
[93,106,107],[91,109,110],[95,103,104],[92,112,113],[94,97,98],[96,100,101],[71,72,115],[67,68,117],[69,70,116],[66,84,120],
[65,81,118],[64,78,121],[63,75,122],[62,90,119],[61,87,123],[58,59,60],[55,56,57],[52,53,54],[49,50,51],[46,47,48],
[43,44,45],[42,72,96],[41,67,92],[40,69,93],[39,70,94],[38,68,95],[37,71,91],[67,93,117],[69,91,116],[70,95,116],
[71,92,115],[68,96,117],[72,94,115],[93,106,137],[91,109,131],[95,103,134],[92,112,135],[96,100,132],[94,97,138],[36,92,113],
[35,93,107],[34,96,101],[33,95,104],[32,94,98],[31,91,110],[71,89,122],[72,77,118],[69,80,121],[67,86,120],[68,74,119],
[70,83,123],[30,39,41],[29,40,42],[28,37,38],[47,115,125],[59,117,124],[56,116,126],[50,117,127],[53,115,129],[44,116,128],
[25,26,27],[22,23,24],[21,25,26],[20,22,23],[19,23,24],[18,22,24],[17,26,27],[16,25,27],[53,66,129],[50,64,127],
[47,61,125],[56,62,126],[59,65,124],[44,63,128],[30,39,94],[30,41,92],[29,40,93],[28,37,91],[28,38,95],[29,42,96],
[15,34,101],[14,33,104],[13,32,98],[12,36,113],[11,31,110],[10,35,107],[58,59,117],[55,56,116],[43,44,116],[46,47,115],
[52,53,115],[49,50,117],[93,117,137],[91,116,131],[95,116,134],[92,115,135],[94,115,138],[96,117,132],[70,87,123],[67,84,120],
[69,78,121],[71,75,122],[68,90,119],[72,81,118],[30,50,56],[29,44,47],[28,53,59],[101,133,134],[113,130,131],[107,133,135],
[98,130,132],[110,136,137],[104,136,138],[9,27,33],[8,26,34],[7,24,31],[6,23,36],[5,22,35],[4,25,32],[38,123,128],
[39,118,129],[37,121,126],[42,119,127],[41,122,125],[40,120,124],[37,38,136],[40,42,133],[39,41,130],[36,103,105],[35,97,99],
[33,112,114],[34,109,111],[32,106,108],[31,100,102],[76,78,101],[85,87,113],[82,84,98],[73,75,104],[88,90,110],[79,81,107],
[50,89,90],[44,86,87],[53,80,81],[56,77,78],[47,74,75],[59,83,84],[16,39,70],[21,42,72],[20,41,67],[17,38,68],
[19,37,71],[18,40,69],[16,106,137],[21,109,131],[20,103,134],[17,112,135],[18,97,138],[19,100,132],[3,36,92],[2,32,94],
[1,35,93],[3,34,96],[2,31,91],[1,33,95],[6,61,123],[4,66,120],[5,65,118],[8,64,121],[9,63,122],[7,62,119],
[7,43,45],[6,52,54],[5,49,51],[9,55,57],[4,46,48],[8,58,60],[44,45,92],[59,60,94],[53,54,93],[56,57,96],
[50,51,91],[47,48,95],[45,51,54],[48,57,60],[97,100,103],[106,109,112],[4,20,90],[8,18,87],[6,16,78],[9,19,81],
[5,21,75],[7,17,84],[5,51,54],[7,45,51],[9,48,57],[8,57,60],[4,48,60],[6,45,54],[3,44,92],[1,53,93],
[2,59,94],[3,56,96],[1,47,95],[2,50,91],[4,20,134],[5,21,131],[6,16,137],[9,19,132],[7,17,135],[8,18,138],
[16,70,106],[17,68,112],[21,72,109],[20,67,103],[18,69,97],[19,71,100],[20,50,90],[18,44,87],[16,56,78],[19,53,81],
[17,59,84],[21,47,75],[35,97,103],[33,106,112],[34,109,112],[32,106,109],[36,100,103],[31,97,100],[1,33,114],[1,35,99],
[2,32,108],[2,31,102],[3,34,111],[3,36,105],[6,38,123],[4,40,120],[5,39,118],[8,37,121],[7,42,119],[9,41,122],
[38,128,136],[40,124,133],[41,125,130],[39,129,130],[37,126,136],[42,127,133],[6,23,78],[4,25,90],[9,27,81],[8,26,87],
[7,24,84],[5,22,75],[6,36,52],[5,35,49],[9,33,55],[4,32,46],[8,34,58],[7,31,43],[76,101,134],[85,113,131],
[82,98,132],[79,107,135],[73,104,138],[88,110,137],[30,50,89],[29,44,86],[28,53,80],[30,56,77],[28,59,83],[29,47,74],
[30,45,92],[29,54,93],[28,51,91],[30,60,94],[28,48,95],[29,57,96],[70,87,113],[68,90,110],[69,78,101],[67,84,98],
[71,75,104],[72,81,107],[15,101,133],[13,98,130],[12,113,130],[10,107,133],[14,104,136],[11,110,136],[8,50,64],[9,44,63],
[6,47,61],[7,56,62],[4,53,66],[5,59,65],[21,25,42],[19,23,37],[18,24,40],[20,22,41],[16,27,39],[17,26,38],
[43,116,134],[58,117,137],[55,116,131],[46,115,135],[49,117,132],[52,115,138],[1,139,140],[2,140,141],[3,139,141],[44,47,143],
[53,59,142],[50,56,144],[22,35,136],[27,33,133],[26,34,130],[24,31,130],[25,32,136],[23,36,133],[26,89,141],[24,77,141],
[25,80,140],[27,86,139],[23,74,139],[22,83,140],[70,73,119],[68,76,118],[67,79,121],[69,88,122],[71,85,120],[72,82,123],
[14,30,33],[13,29,32],[15,28,34],[12,28,36],[10,30,35],[11,29,31],[21,26,43],[16,25,49],[20,23,55],[19,24,58],
[18,22,46],[17,27,52],[14,19,58],[13,20,55],[15,18,46],[10,21,43],[11,17,52],[12,16,49],[22,46,135],[27,52,138],
[26,43,134],[24,58,137],[23,55,131],[25,49,132],[24,40,77],[22,41,83],[25,42,80],[26,38,89],[27,39,86],[23,37,74],
[15,33,133],[13,34,130],[12,31,130],[10,36,133],[11,35,136],[14,32,136],[70,113,119],[68,110,118],[72,107,123],[69,101,122],
[67,98,121],[71,104,120],[14,30,45],[13,29,54],[15,28,51],[11,29,57],[10,30,60],[12,28,48],[30,33,89],[29,32,86],
[28,34,80],[29,31,74],[28,36,83],[30,35,77],[25,90,140],[23,78,139],[26,87,141],[22,75,140],[24,84,141],[27,81,139],
[22,128,136],[27,124,133],[26,125,130],[24,129,130],[23,127,133],[25,126,136],[1,114,140],[1,99,139],[2,108,141],[3,105,141],
[3,111,139],[2,102,140],[70,73,106],[72,82,109],[68,76,112],[67,79,103],[71,85,100],[69,88,97],[3,44,143],[3,56,144],
[1,47,143],[1,53,142],[2,50,144],[2,59,142],[4,40,60],[9,41,48],[5,39,54],[8,37,57],[6,38,45],[7,42,51],
[36,52,100],[35,49,103],[33,55,106],[32,46,109],[31,43,97],[34,58,112],[4,19,53],[8,20,50],[9,18,44],[5,17,59],
[6,21,47],[7,16,56],[4,76,134],[8,73,138],[9,82,132],[5,85,131],[6,88,137],[7,79,135],[3,137,138],[1,131,132],
[2,134,135],[119,121,147],[118,120,145],[122,123,146],[40,113,114],[41,110,111],[39,101,102],[37,107,108],[42,104,105],[38,98,99],
[66,84,106],[64,78,109],[63,75,112],[61,87,103],[62,90,100],[65,81,97],[52,90,100],[46,78,109],[49,87,103],[58,75,112],
[43,81,97],[55,84,106],[40,60,113],[41,48,110],[39,54,101],[37,57,107],[42,51,104],[38,45,98],[2,135,144],[3,137,143],
[3,138,144],[1,132,143],[2,134,142],[1,131,142],[66,73,106],[64,82,109],[63,76,112],[61,79,103],[65,88,97],[62,85,100],
[113,119,147],[110,118,145],[101,122,146],[107,123,146],[104,120,145],[98,121,147],[38,89,99],[39,86,102],[40,77,114],[41,83,111],
[37,74,108],[42,80,105],[4,19,76],[8,20,73],[9,18,82],[5,17,85],[7,16,79],[6,21,88],[22,128,135],[27,124,138],
[26,125,134],[24,129,137],[25,126,132],[23,127,131],[90,114,140],[78,99,139],[87,108,141],[75,102,140],[81,111,139],[84,105,141],
[15,33,89],[14,32,86],[13,34,80],[12,31,74],[10,36,83],[11,35,77],[14,19,45],[13,20,54],[15,18,51],[10,21,60],
[12,16,48],[11,17,57],[66,89,129],[64,86,127],[61,77,125],[62,83,126],[65,74,124],[63,80,128],[10,43,66],[12,49,63],
[11,52,64],[14,58,61],[15,46,62],[13,55,65],[63,64,66],[61,62,65],[12,63,66],[10,64,66],[14,61,62],[13,61,65],
[15,62,65],[11,63,64],[13,80,128],[15,89,129],[14,86,127],[11,77,125],[12,74,124],[10,83,126],[66,89,99],[64,86,102],
[61,77,114],[62,83,111],[63,80,105],[65,74,108],[52,64,82],[46,62,85],[49,63,76],[58,61,79],[55,65,88],[43,66,73],
[52,90,114],[46,78,99],[49,87,108],[58,75,102],[55,84,105],[43,81,111],[19,45,76],[20,54,73],[18,51,82],[17,57,85],
[21,60,88],[16,48,79],[128,135,144],[129,137,143],[125,134,142],[124,138,144],[127,131,142],[126,132,143],[60,113,147],[48,110,145],
[54,101,146],[57,107,146],[45,98,147],[51,104,145],[51,82,145],[57,85,146],[45,76,147],[48,79,145],[54,73,146],[60,88,147],
[52,82,114],[46,85,99],[49,76,108],[58,79,102],[43,73,111],[55,88,105],[13,128,144],[12,124,144],[15,129,143],[10,126,143],
[14,127,142],[11,125,142],[13,61,114],[12,66,99],[15,65,108],[10,64,102],[14,62,111],[11,63,105],[13,114,144],[12,99,144],
[15,108,143],[10,102,143],[11,105,142],[14,111,142],[82,114,145],[85,99,146],[76,108,147],[79,102,145],[88,105,147],[73,111,146],
[114,144,145],[99,144,146],[108,143,147],[102,143,145],[111,142,146],[105,142,147]];
###############################################################

#SurfaceInfo: 216 Vertices, 1080 Edges, 720 Faces, IsOrientable=true
 #Vertices of faces:
vof5:=[[214,215,216],[213,214,215],[212,214,216],[211,215,216],[208,209,210],[205,206,207],[203,204,206],[200,201,202],[198,199,209],[196,197,201],
[193,194,195],[190,191,192],[188,189,191],[185,186,187],[183,184,186],[181,182,194],[181,193,194],[188,190,191],[183,185,186],[180,208,209],
[179,196,201],[178,205,206],[177,203,206],[176,200,201],[175,198,209],[177,178,206],[175,180,209],[176,179,201],[174,182,194],[174,186,187],
[173,189,191],[173,194,195],[172,184,186],[172,191,192],[169,170,171],[166,167,168],[163,164,165],[160,161,162],[157,158,159],[154,155,156],
[151,152,153],[148,149,150],[145,146,147],[142,143,144],[139,140,141],[136,137,138],[133,134,135],[130,131,132],[127,128,129],[125,126,173],
[123,124,174],[121,122,172],[119,120,206],[117,118,209],[115,116,201],[114,209,210],[113,204,206],[112,201,202],[111,199,209],[110,206,207],
[109,197,201],[182,184,189],[187,192,195],[106,107,108],[103,104,105],[163,164,203],[169,170,196],[160,161,208],[157,158,200],[166,167,205],
[154,155,198],[102,154,156],[101,160,162],[100,169,171],[99,166,168],[98,157,159],[97,163,165],[96,151,152],[95,152,153],[94,148,149],
[93,149,150],[92,145,146],[91,146,147],[90,139,140],[89,136,137],[88,142,143],[87,142,144],[86,136,138],[85,139,141],[97,130,131],
[98,127,128],[99,133,134],[102,127,129],[101,130,132],[100,133,135],[84,182,189],[83,187,192],[82,182,184],[81,187,195],[80,192,195],
[79,184,189],[78,103,104],[77,106,107],[76,103,105],[75,107,108],[74,106,108],[73,104,105],[72,114,210],[71,113,204],[70,112,202],
[69,111,199],[68,109,197],[67,110,207],[113,119,206],[112,115,201],[110,120,206],[114,117,209],[111,118,209],[109,116,201],[123,174,186],
[121,172,186],[125,173,194],[124,174,194],[122,172,191],[126,173,191],[66,170,171],[65,167,168],[64,161,162],[63,164,165],[62,158,159],
[61,155,156],[59,60,171],[57,58,159],[55,56,168],[53,54,165],[51,52,162],[49,50,156],[151,153,174],[145,147,173],[148,150,172],
[143,144,146],[140,141,152],[137,138,149],[134,135,139],[128,129,142],[131,132,136],[125,126,127],[121,122,130],[123,124,133],[119,120,186],
[115,116,194],[117,118,191],[48,174,182],[47,174,187],[46,173,195],[45,172,192],[44,172,184],[43,173,189],[103,114,168],[108,111,171],
[106,109,165],[105,112,162],[104,110,159],[107,113,156],[61,171,210],[65,159,204],[64,168,199],[66,165,202],[62,162,197],[63,156,207],
[51,130,151],[49,127,153],[59,133,148],[57,127,150],[53,130,145],[55,133,147],[80,86,169],[81,88,163],[84,85,160],[82,89,157],
[83,90,154],[79,87,166],[42,73,143],[41,77,137],[40,74,141],[39,76,138],[38,75,144],[37,78,140],[36,120,131],[35,119,134],
[34,115,135],[33,117,129],[32,118,132],[31,116,128],[73,80,115],[78,81,120],[75,84,118],[77,79,119],[74,82,116],[76,83,117],
[41,77,119],[37,78,120],[40,74,116],[42,73,115],[39,76,117],[38,75,118],[80,115,135],[84,118,132],[81,120,131],[79,119,134],
[83,117,129],[82,116,128],[73,80,86],[76,83,90],[74,82,89],[78,81,88],[77,79,87],[75,84,85],[121,130,151],[125,127,153],
[123,133,148],[126,127,150],[124,133,147],[122,130,145],[62,104,159],[61,107,156],[66,108,171],[65,103,168],[64,105,162],[63,106,165],
[51,112,162],[49,113,156],[59,111,171],[57,110,159],[55,114,168],[53,109,165],[61,155,210],[66,170,202],[65,167,204],[64,161,199],
[63,164,207],[62,158,197],[60,61,171],[54,66,165],[56,64,168],[58,65,159],[50,63,156],[52,62,162],[41,137,149],[39,138,149],
[37,140,152],[42,143,146],[38,144,146],[40,141,152],[35,134,139],[34,135,139],[31,128,142],[32,132,136],[36,131,136],[33,129,142],
[46,145,173],[48,151,174],[47,153,174],[44,150,172],[45,148,172],[43,147,173],[100,171,210],[99,168,199],[98,159,204],[97,165,202],
[102,156,207],[101,162,197],[51,96,151],[49,95,153],[59,94,148],[57,93,150],[55,91,147],[53,92,145],[51,97,130],[49,98,127],
[59,99,133],[57,102,127],[55,100,133],[53,101,130],[84,160,208],[81,163,203],[80,169,196],[82,157,200],[79,166,205],[83,154,198],
[88,142,163],[86,136,169],[85,139,160],[89,136,157],[87,142,166],[90,139,154],[119,123,186],[120,121,186],[116,125,194],[117,126,191],
[118,122,191],[115,124,194],[72,103,114],[68,106,109],[70,105,112],[69,108,111],[71,107,113],[67,104,110],[35,113,119],[34,112,115],
[36,110,120],[33,114,117],[31,109,116],[32,111,118],[78,103,140],[77,106,137],[76,105,138],[75,107,144],[73,104,143],[74,108,141],
[48,84,182],[46,81,195],[47,83,187],[45,80,192],[43,79,189],[44,82,184],[59,60,145],[57,58,151],[55,56,150],[53,54,153],
[49,50,148],[51,52,147],[30,208,210],[29,203,204],[28,196,197],[27,205,207],[26,200,202],[25,198,199],[24,188,189],[23,181,182],
[22,185,187],[21,193,195],[20,190,192],[19,183,184],[39,164,203],[37,170,196],[41,161,208],[38,158,200],[42,155,198],[40,167,205],
[18,97,163],[17,98,157],[16,99,166],[15,102,154],[14,100,169],[13,101,160],[93,149,177],[94,149,180],[95,152,178],[92,146,176],
[91,146,175],[96,152,179],[60,88,143],[54,90,140],[56,89,137],[58,85,141],[50,86,138],[52,87,144],[73,98,128],[78,99,134],
[76,101,132],[74,100,135],[77,97,131],[75,102,129],[34,72,210],[36,70,202],[31,71,204],[35,69,199],[33,67,207],[32,68,197],
[12,84,189],[11,82,182],[10,81,187],[9,79,184],[8,83,192],[7,80,195],[7,78,104],[10,76,103],[9,74,106],[12,77,107],
[11,75,108],[8,73,105],[15,158,185],[13,164,181],[16,170,188],[18,161,193],[14,167,190],[17,155,183],[91,93,96],[92,94,95],
[50,54,60],[52,56,58],[7,78,134],[10,76,132],[9,74,135],[12,77,131],[8,73,128],[11,75,129],[50,60,86],[50,54,90],
[56,58,89],[52,58,85],[52,56,87],[54,60,88],[92,94,180],[93,96,177],[94,95,178],[92,95,176],[91,96,179],[91,93,175],
[15,154,185],[13,160,181],[16,166,188],[18,163,193],[17,157,183],[14,169,190],[18,41,161],[13,39,164],[16,37,170],[17,42,155],
[15,38,158],[14,40,167],[19,155,183],[24,170,188],[20,167,190],[21,161,193],[22,158,185],[23,164,181],[7,21,195],[12,24,189],
[11,23,182],[10,22,187],[9,19,184],[8,20,192],[30,41,208],[28,37,196],[27,40,205],[29,39,203],[25,42,198],[26,38,200],
[7,62,104],[12,61,107],[11,66,108],[10,65,103],[9,63,106],[8,64,105],[34,72,112],[35,69,113],[32,68,111],[36,70,110],
[31,71,109],[33,67,114],[7,80,196],[9,79,205],[12,84,208],[8,83,198],[11,82,200],[10,81,203],[18,51,97],[17,49,98],
[16,59,99],[15,57,102],[13,53,101],[14,55,100],[34,155,210],[36,170,202],[31,167,204],[35,161,199],[32,158,197],[33,164,207],
[60,61,143],[54,66,140],[56,64,137],[58,65,141],[50,63,138],[52,62,144],[30,100,210],[29,98,204],[28,101,197],[25,99,199],
[27,102,207],[26,97,202],[46,60,145],[45,50,148],[48,58,151],[47,54,153],[43,52,147],[44,56,150],[41,149,177],[39,149,180],
[37,152,178],[42,146,176],[40,152,179],[38,146,175],[51,124,147],[49,123,148],[59,122,145],[57,121,151],[55,126,150],[53,125,153],
[74,89,100],[73,86,98],[76,90,101],[78,88,99],[75,85,102],[77,87,97],[67,104,143],[72,103,140],[68,106,137],[70,105,138],
[69,108,141],[71,107,144],[51,96,112],[49,95,113],[59,94,111],[57,93,110],[53,92,109],[55,91,114],[35,139,154],[34,139,160],
[31,142,163],[33,142,166],[36,136,157],[32,136,169],[41,119,123],[37,120,121],[40,116,125],[42,115,124],[38,118,122],[39,117,126],
[43,79,134],[48,84,132],[45,80,135],[46,81,131],[44,82,128],[47,83,129],[6,179,196],[5,180,208],[4,178,205],[3,175,198],
[2,177,203],[1,176,200],[6,7,196],[4,9,205],[5,12,208],[3,8,198],[1,11,200],[2,10,203],[2,96,177],[1,95,176],
[4,94,178],[3,93,175],[6,91,179],[5,92,180],[30,89,100],[29,86,98],[28,90,101],[25,88,99],[26,87,97],[27,85,102],
[61,67,143],[62,71,144],[66,72,140],[64,68,137],[65,69,141],[63,70,138],[18,51,124],[17,49,123],[15,57,121],[16,59,122],
[14,55,126],[13,53,125],[72,96,112],[69,95,113],[68,94,111],[70,93,110],[67,91,114],[71,92,109],[25,42,124],[30,41,123],
[28,37,121],[26,38,122],[29,39,126],[27,40,125],[7,21,62],[12,24,61],[11,23,66],[10,22,65],[8,20,64],[9,19,63],
[21,35,161],[19,34,155],[24,36,170],[20,31,167],[22,32,158],[23,33,164],[18,41,177],[13,39,180],[16,37,178],[17,42,176],
[14,40,179],[15,38,175],[35,154,185],[34,160,181],[31,163,193],[33,166,188],[32,169,190],[36,157,183],[48,58,89],[46,60,86],
[45,50,90],[47,54,88],[44,56,87],[43,52,85],[7,43,134],[10,48,132],[9,45,135],[12,46,131],[11,47,129],[8,44,128],
[177,178,212],[176,179,213],[175,180,211],[18,177,212],[15,175,211],[16,178,212],[13,180,211],[17,176,213],[14,179,213],[30,48,89],
[29,46,86],[28,45,90],[25,47,88],[27,43,85],[26,44,87],[21,35,185],[24,36,183],[19,34,181],[20,31,193],[23,33,188],
[22,32,190],[18,25,124],[17,30,123],[15,28,121],[16,26,122],[13,27,125],[14,29,126],[23,66,72],[22,65,69],[20,64,68],
[19,63,70],[24,61,67],[21,62,71],[2,72,96],[1,69,95],[4,68,94],[3,70,93],[5,71,92],[6,67,91],[2,10,48],
[6,7,43],[4,9,45],[5,12,46],[3,8,44],[1,11,47],[183,185,215],[181,193,216],[188,190,214],[23,188,214],[22,190,214],
[20,193,216],[19,181,216],[21,185,215],[24,183,215],[2,30,48],[1,25,47],[4,28,45],[3,26,44],[5,29,46],[6,27,43],
[2,23,72],[1,22,69],[4,20,68],[3,19,70],[5,21,71],[6,24,67],[17,30,213],[18,25,212],[15,28,211],[16,26,212],
[14,29,213],[13,27,211],[2,30,213],[1,25,212],[4,28,211],[3,26,212],[6,27,211],[5,29,213],[2,23,214],[1,22,214],
[4,20,216],[3,19,216],[6,24,215],[5,21,215],[2,213,214],[1,212,214],[4,211,216],[3,212,216],[5,213,215],[6,211,215]];
###############################################################

#SurfaceInfo: 270 Vertices, 1080 Edges, 720 Faces, IsOrientable=true
 #Vertices of faces:
vof6:=[[268,269,270],[267,268,269],[266,269,270],[265,268,270],[262,263,264],[259,260,261],[256,257,258],[253,254,255],[250,251,252],[247,248,249],
[244,245,246],[241,242,243],[239,240,245],[237,238,242],[234,235,236],[232,233,235],[239,244,245],[237,241,242],[232,234,235],[229,230,231],
[226,227,228],[223,224,225],[220,221,222],[217,218,219],[216,217,218],[215,220,221],[214,223,224],[213,215,220],[212,214,223],[211,216,217],
[210,214,224],[209,215,221],[208,216,218],[207,208,218],[206,210,224],[205,212,223],[204,213,220],[203,211,217],[202,209,221],[201,207,208],
[200,203,211],[199,202,209],[198,204,213],[197,206,210],[196,205,212],[195,201,208],[194,197,210],[193,198,213],[192,199,209],[191,196,212],
[190,200,211],[189,192,209],[188,195,208],[187,193,213],[186,191,212],[185,190,211],[184,194,210],[187,226,227],[188,227,228],[189,229,230],
[186,226,228],[185,229,231],[184,230,231],[239,244,251],[232,234,248],[237,241,254],[183,189,229],[182,185,231],[181,187,226],[180,186,228],
[179,184,230],[178,188,227],[177,234,248],[176,241,254],[175,244,251],[174,239,251],[173,237,254],[172,232,248],[188,208,228],[187,213,227],
[189,209,230],[186,212,226],[184,210,231],[185,211,229],[215,262,263],[216,256,257],[214,259,260],[171,250,251],[170,247,248],[169,253,254],
[168,251,252],[167,254,255],[166,248,249],[165,247,249],[164,253,255],[163,250,252],[244,246,247],[241,243,249],[239,240,255],[237,238,250],
[232,233,252],[234,236,253],[162,213,215],[161,209,215],[160,208,216],[159,212,214],[158,210,214],[157,211,216],[156,238,250],[155,243,249],
[154,233,252],[153,240,255],[152,246,247],[151,236,253],[150,171,250],[149,170,247],[148,169,253],[147,168,252],[146,166,249],[145,167,255],
[165,241,249],[164,239,255],[164,234,253],[165,244,247],[163,237,250],[163,232,252],[162,215,262],[161,215,263],[160,216,256],[159,214,259],
[157,216,257],[158,214,260],[144,181,226],[143,183,229],[142,180,228],[141,179,230],[140,178,227],[139,182,231],[162,213,227],[160,208,228],
[161,209,230],[159,212,226],[157,211,229],[158,210,231],[169,176,254],[168,175,251],[171,174,251],[170,172,248],[166,177,248],[167,173,254],
[137,138,172],[135,136,175],[133,134,174],[131,132,173],[129,130,176],[127,128,177],[175,206,224],[174,204,220],[176,207,218],[172,205,223],
[173,202,221],[177,203,217],[126,176,241],[125,172,232],[124,174,239],[123,177,234],[122,173,237],[121,175,244],[121,135,175],[124,133,174],
[125,137,172],[126,129,176],[123,127,177],[122,131,173],[136,175,206],[134,174,204],[138,172,205],[132,173,202],[128,177,203],[130,176,207],
[168,175,224],[171,174,220],[169,176,218],[170,172,223],[167,173,221],[166,177,217],[120,162,262],[119,159,259],[118,158,260],[117,157,257],
[116,161,263],[115,160,256],[126,165,241],[125,163,232],[124,164,239],[123,164,234],[121,165,244],[122,163,237],[140,162,227],[139,158,231],
[143,157,229],[144,159,226],[142,160,228],[141,161,230],[146,155,249],[150,156,250],[149,152,247],[145,153,255],[148,151,253],[147,154,252],
[113,114,165],[111,112,163],[109,110,164],[107,108,242],[105,106,235],[103,104,245],[246,259,261],[243,257,258],[233,260,261],[236,256,258],
[238,262,264],[240,263,264],[102,245,246],[101,240,245],[100,242,243],[99,238,242],[98,233,235],[97,235,236],[96,224,225],[95,220,222],
[94,221,222],[93,223,225],[92,217,219],[91,218,219],[152,187,193],[155,189,192],[156,188,195],[151,186,191],[153,184,194],[154,185,190],
[90,150,171],[89,146,166],[88,145,167],[87,149,170],[86,148,169],[85,147,168],[84,152,246],[83,154,233],[82,153,240],[81,155,243],
[80,151,236],[79,156,238],[85,88,89],[86,87,90],[78,89,162],[77,86,158],[76,90,157],[75,88,159],[74,87,161],[73,85,160],
[79,80,84],[81,82,83],[80,84,152],[82,83,154],[81,83,155],[81,82,153],[79,80,151],[79,84,156],[78,89,166],[77,86,169],
[76,90,171],[73,85,168],[75,88,167],[74,87,170],[85,89,147],[86,90,150],[87,90,149],[88,89,146],[86,87,148],[85,88,145],
[72,152,193],[71,155,192],[70,156,195],[69,151,191],[68,154,190],[67,153,194],[66,93,225],[65,96,225],[64,92,219],[63,95,222],
[62,91,219],[61,94,222],[83,233,261],[80,236,258],[79,238,264],[82,240,264],[81,243,258],[84,246,261],[102,103,245],[100,107,242],
[101,104,245],[99,108,242],[97,105,235],[98,106,235],[102,246,259],[97,236,256],[99,238,262],[98,233,260],[101,240,263],[100,243,257],
[92,166,217],[96,168,224],[95,171,220],[91,169,218],[93,170,223],[94,167,221],[146,155,189],[150,156,188],[147,154,185],[149,152,187],
[148,151,186],[145,153,184],[78,140,162],[77,139,158],[76,143,157],[75,144,159],[74,141,161],[73,142,160],[113,126,165],[111,125,163],
[109,124,164],[110,123,164],[112,122,163],[114,121,165],[89,120,162],[86,118,158],[90,117,157],[88,119,159],[85,115,160],[87,116,161],
[60,130,207],[59,132,202],[58,136,206],[57,134,204],[56,128,203],[55,138,205],[54,125,137],[53,126,129],[52,122,131],[51,121,135],
[50,123,127],[49,124,133],[47,48,261],[45,46,258],[43,44,264],[42,106,183],[41,107,179],[40,103,178],[39,108,180],[38,104,182],
[37,105,181],[107,108,225],[103,104,219],[105,106,222],[36,183,189],[35,182,185],[34,181,187],[33,178,188],[32,180,186],[31,179,184],
[60,119,259],[57,115,256],[55,120,262],[59,118,260],[56,116,263],[58,117,257],[30,78,122],[29,77,125],[28,76,126],[27,75,121],
[26,74,124],[25,73,123],[36,42,183],[34,37,181],[31,41,179],[35,38,182],[33,40,178],[32,39,180],[52,78,122],[50,73,123],
[54,77,125],[53,76,126],[51,75,121],[49,74,124],[60,119,207],[57,115,204],[58,117,206],[55,120,205],[59,118,202],[56,116,203],
[25,110,123],[30,112,122],[28,113,126],[29,111,125],[27,114,121],[26,109,124],[30,78,140],[29,77,139],[28,76,143],[27,75,144],
[25,73,142],[26,74,141],[35,147,185],[33,150,188],[36,146,189],[34,149,187],[31,145,184],[32,148,186],[60,102,259],[57,97,256],
[55,99,262],[59,98,260],[58,100,257],[56,101,263],[100,107,179],[97,105,181],[101,104,182],[102,103,178],[98,106,183],[99,108,180],
[47,84,261],[48,83,261],[45,80,258],[43,79,264],[46,81,258],[44,82,264],[62,103,219],[66,108,225],[65,107,225],[64,104,219],
[63,105,222],[61,106,222],[89,120,147],[86,118,150],[90,117,149],[88,119,146],[85,115,145],[87,116,148],[78,92,166],[73,96,168],
[76,95,171],[77,91,169],[75,94,167],[74,93,170],[72,80,152],[71,83,155],[67,81,153],[68,82,154],[70,84,156],[69,79,151],
[41,107,201],[37,105,200],[40,103,197],[42,106,196],[38,104,198],[39,108,199],[24,201,207],[23,200,203],[22,198,204],[21,197,206],
[20,196,205],[19,199,202],[18,141,179],[17,144,181],[16,139,182],[15,143,183],[14,140,178],[13,142,180],[50,60,127],[49,59,133],
[52,57,131],[51,55,135],[54,58,137],[53,56,129],[59,69,132],[58,70,136],[60,67,130],[57,68,134],[55,71,138],[56,72,128],
[66,93,140],[61,94,139],[65,96,143],[62,91,144],[63,95,142],[64,92,141],[42,72,193],[37,71,192],[41,69,191],[39,67,194],
[38,70,195],[40,68,190],[25,27,30],[26,28,29],[42,72,128],[37,71,138],[41,69,132],[40,68,134],[38,70,136],[39,67,130],
[53,56,72],[54,58,70],[49,59,69],[50,60,67],[52,57,68],[51,55,71],[18,92,141],[15,96,143],[17,91,144],[13,95,142],
[14,93,140],[16,94,139],[24,41,201],[23,37,200],[21,40,197],[20,42,196],[19,39,199],[22,38,198],[65,107,201],[62,103,197],
[66,108,199],[64,104,198],[61,106,196],[63,105,200],[14,102,178],[18,100,179],[17,97,181],[16,101,182],[13,99,180],[15,98,183],
[60,102,127],[58,100,137],[57,97,131],[56,101,129],[55,99,135],[59,98,133],[30,66,140],[29,61,139],[28,65,143],[27,62,144],
[26,64,141],[25,63,142],[27,30,114],[26,29,109],[28,29,111],[25,27,110],[26,28,113],[25,30,112],[20,120,205],[24,119,207],
[19,118,202],[21,117,206],[23,116,203],[22,115,204],[36,42,193],[34,37,192],[32,39,194],[35,38,195],[33,40,190],[31,41,191],
[52,78,92],[50,73,96],[53,76,95],[54,77,91],[49,74,93],[51,75,94],[45,72,80],[47,70,84],[43,69,79],[46,67,81],
[44,68,82],[48,71,83],[35,120,147],[36,119,146],[33,118,150],[34,117,149],[32,116,148],[31,115,145],[12,192,199],[11,195,201],
[10,194,197],[9,193,198],[8,191,196],[7,190,200],[12,66,199],[8,61,196],[11,65,201],[10,62,197],[7,63,200],[9,64,198],
[11,35,195],[9,36,193],[7,33,190],[12,34,192],[8,31,191],[10,32,194],[20,35,120],[24,36,119],[19,33,118],[21,34,117],
[22,31,115],[23,32,116],[30,66,114],[29,61,109],[28,65,111],[27,62,110],[25,63,112],[26,64,113],[14,102,127],[18,100,137],
[17,97,131],[16,101,129],[15,98,133],[13,99,135],[13,53,95],[18,52,92],[17,54,91],[15,50,96],[16,51,94],[14,49,93],
[45,53,72],[44,52,68],[47,54,70],[43,49,69],[48,51,71],[46,50,67],[24,41,132],[23,37,138],[21,40,134],[22,38,136],
[19,39,130],[20,42,128],[6,127,128],[5,137,138],[4,135,136],[3,133,134],[2,131,132],[1,129,130],[6,20,128],[2,24,132],
[1,19,130],[5,23,138],[3,21,134],[4,22,136],[6,14,127],[4,13,135],[2,17,131],[5,18,137],[1,16,129],[3,15,133],
[14,43,49],[13,45,53],[18,44,52],[17,47,54],[15,46,50],[16,48,51],[11,20,35],[9,24,36],[7,19,33],[12,21,34],
[10,23,32],[8,22,31],[12,66,114],[8,61,109],[10,62,110],[11,65,111],[9,64,113],[7,63,112],[113,114,266],[109,110,265],
[111,112,267],[11,111,267],[12,114,266],[9,113,266],[7,112,267],[8,109,265],[10,110,265],[6,14,43],[3,15,46],[1,16,48],
[4,13,45],[5,18,44],[2,17,47],[6,11,20],[3,12,21],[2,9,24],[1,7,19],[4,8,22],[5,10,23],[43,44,268],
[45,46,270],[47,48,269],[6,43,268],[3,46,270],[2,47,269],[1,48,269],[5,44,268],[4,45,270],[6,11,267],[3,12,266],
[2,9,266],[1,7,267],[5,10,265],[4,8,265],[6,267,268],[3,266,270],[2,266,269],[1,267,269],[4,265,270],[5,265,268]];
###############################################################

#SurfaceInfo: 216 Vertices, 1080 Edges, 720 Faces, IsOrientable=true
 #Vertices of faces:
vof7:=[[214,215,216],[213,214,215],[212,214,216],[211,215,216],[208,209,210],[205,206,207],[202,203,204],[199,200,201],[196,197,198],[193,194,195],
[190,191,192],[187,188,189],[184,185,186],[181,182,183],[178,179,180],[175,176,177],[172,173,174],[169,170,171],[166,167,168],[163,164,165],
[160,161,162],[159,170,173],[158,173,176],[157,170,176],[156,161,164],[155,161,167],[154,164,167],[153,179,185],[152,179,182],[151,182,185],
[170,173,176],[161,164,167],[179,182,185],[150,175,176],[149,176,177],[148,172,173],[147,169,170],[146,170,171],[145,173,174],[144,166,167],
[143,167,168],[142,160,161],[141,163,164],[140,164,165],[139,161,162],[138,184,185],[137,178,179],[136,181,182],[135,185,186],[134,179,180],
[133,182,183],[131,132,158],[129,130,157],[127,128,159],[124,125,126],[121,122,123],[118,119,120],[115,116,117],[112,113,114],[109,110,111],
[106,107,108],[103,104,105],[100,101,102],[153,160,162],[151,166,168],[152,163,165],[155,175,177],[154,169,171],[156,172,174],[108,153,185],
[104,153,179],[101,152,179],[107,152,182],[102,151,185],[105,151,182],[120,157,176],[126,159,170],[122,158,173],[123,157,170],[125,158,176],
[119,159,173],[116,156,164],[113,154,167],[114,156,161],[117,155,167],[111,154,164],[110,155,161],[99,152,165],[98,153,162],[97,153,160],
[96,151,168],[95,152,163],[94,151,166],[93,155,175],[92,155,177],[91,154,171],[90,154,169],[89,156,172],[88,156,174],[112,113,154],
[115,116,156],[112,114,156],[115,117,155],[109,110,155],[109,111,154],[87,131,158],[86,127,159],[85,129,157],[84,128,159],[83,132,158],
[82,130,157],[124,125,158],[124,126,159],[121,122,158],[121,123,157],[118,119,159],[118,120,157],[103,104,153],[100,101,152],[106,107,152],
[100,102,151],[103,105,151],[106,108,153],[120,150,176],[125,149,176],[119,148,173],[122,145,173],[123,146,170],[126,147,170],[116,140,164],
[113,144,167],[111,141,164],[114,142,161],[117,143,167],[110,139,161],[108,138,185],[104,134,179],[101,137,179],[107,136,182],[105,133,182],
[102,135,185],[109,146,150],[115,145,149],[112,147,148],[106,140,142],[103,139,143],[100,141,144],[81,134,138],[80,136,137],[79,133,135],
[77,78,121],[75,76,118],[73,74,124],[72,77,121],[71,73,124],[70,78,121],[69,75,118],[68,74,124],[67,76,118],[81,108,138],
[81,104,134],[79,105,133],[80,101,137],[79,102,135],[80,107,136],[109,120,150],[112,126,147],[115,125,149],[112,119,148],[109,123,146],
[115,122,145],[103,110,139],[106,116,140],[100,113,144],[100,111,141],[106,114,142],[103,117,143],[82,121,157],[87,124,158],[86,124,159],
[83,121,158],[85,118,157],[84,118,159],[91,112,154],[88,112,156],[90,109,154],[89,115,156],[92,109,155],[93,115,155],[97,103,153],
[95,106,152],[99,100,152],[96,100,151],[94,103,151],[98,106,153],[64,65,66],[61,62,63],[58,59,60],[66,99,165],[59,94,166],
[62,98,162],[63,97,160],[60,96,168],[65,95,163],[56,57,97],[54,55,94],[52,53,99],[50,51,96],[48,49,95],[46,47,98],
[45,66,165],[44,59,166],[45,60,168],[44,63,160],[43,65,163],[43,62,162],[64,65,95],[64,66,99],[58,59,94],[58,60,96],
[61,62,98],[61,63,97],[42,79,102],[41,80,107],[40,80,101],[39,81,108],[38,81,104],[37,79,105],[92,109,120],[91,112,126],
[93,115,125],[88,112,119],[89,115,122],[90,109,123],[97,103,110],[95,106,116],[98,106,114],[99,100,111],[94,103,117],[96,100,113],
[69,85,118],[72,82,121],[71,87,124],[67,84,118],[68,86,124],[70,83,121],[61,68,72],[64,69,71],[58,67,70],[125,126,197],
[119,120,200],[122,123,194],[36,113,114],[35,116,117],[34,110,111],[44,104,105],[45,101,102],[43,107,108],[69,150,175],[72,146,171],
[71,149,177],[67,148,172],[70,145,174],[68,147,169],[120,139,162],[126,144,166],[125,143,168],[119,142,160],[122,140,165],[123,141,163],
[110,134,180],[114,138,184],[113,135,186],[116,136,181],[111,137,178],[117,133,183],[34,111,137],[36,114,138],[35,117,133],[36,113,135],
[34,110,134],[35,116,136],[126,144,197],[125,143,197],[119,142,200],[122,140,194],[123,141,194],[120,139,200],[64,69,150],[64,71,149],
[58,67,148],[61,72,146],[61,68,147],[58,70,145],[69,85,175],[70,83,174],[72,82,171],[71,87,177],[68,86,169],[67,84,172],
[99,111,178],[96,113,186],[94,117,183],[97,110,180],[95,116,181],[98,114,184],[92,120,162],[91,126,166],[93,125,168],[88,119,160],
[90,123,163],[89,122,165],[33,41,107],[32,40,101],[31,38,104],[30,42,102],[29,37,105],[28,39,108],[45,66,102],[44,59,104],
[45,60,101],[43,62,107],[43,65,108],[44,63,105],[52,64,99],[56,61,97],[48,64,95],[54,58,94],[46,61,98],[50,58,96],
[26,27,81],[24,25,80],[22,23,79],[44,147,148],[45,145,149],[43,146,150],[21,139,143],[20,140,142],[19,141,144],[136,137,206],
[134,138,203],[133,135,209],[18,181,183],[17,178,180],[16,184,186],[87,131,144],[86,127,143],[85,129,142],[82,130,140],[83,132,141],
[84,128,139],[91,138,171],[90,134,169],[89,133,172],[88,135,174],[92,137,177],[93,136,175],[49,85,95],[53,87,99],[51,83,96],
[47,82,98],[57,86,97],[55,84,94],[18,41,80],[17,40,80],[16,42,79],[16,39,81],[18,37,79],[17,38,81],[15,43,162],
[14,45,165],[13,44,166],[12,44,160],[11,43,163],[10,45,168],[18,41,183],[17,40,180],[16,42,184],[16,39,186],[17,38,178],
[18,37,181],[92,137,206],[93,136,206],[91,138,203],[90,134,203],[89,133,209],[88,135,209],[19,87,144],[19,83,141],[21,84,139],
[21,86,143],[20,85,142],[20,82,140],[14,45,149],[11,43,150],[13,44,148],[15,43,146],[10,45,145],[12,44,147],[18,24,80],
[16,26,81],[18,22,79],[17,25,80],[17,27,81],[16,23,79],[49,85,175],[53,87,177],[51,83,174],[47,82,171],[55,84,172],
[57,86,169],[15,92,162],[10,93,168],[13,91,166],[14,89,165],[11,90,163],[12,88,160],[87,99,178],[83,96,186],[84,94,183],
[86,97,180],[85,95,181],[82,98,184],[131,144,197],[132,141,194],[127,143,197],[129,142,200],[128,139,200],[130,140,194],[35,136,175],
[36,135,174],[34,137,177],[36,138,171],[34,134,169],[35,133,172],[30,66,102],[28,65,108],[31,59,104],[32,60,101],[29,63,105],
[33,62,107],[52,64,149],[48,64,150],[54,58,148],[46,61,146],[50,58,145],[56,61,147],[28,33,191],[30,32,192],[29,31,190],
[129,130,189],[127,128,188],[131,132,187],[18,190,191],[16,191,192],[17,190,192],[41,199,200],[37,200,201],[39,193,194],[40,196,197],
[42,194,195],[38,197,198],[9,187,188],[8,187,189],[7,188,189],[72,77,189],[69,75,189],[68,74,188],[67,76,188],[70,78,187],
[71,73,187],[33,41,92],[32,40,93],[31,38,91],[30,42,89],[28,39,90],[29,37,88],[9,68,188],[8,72,189],[7,67,188],
[8,70,187],[7,69,189],[9,71,187],[77,129,189],[75,130,189],[73,132,187],[78,131,187],[74,128,188],[76,127,188],[38,178,198],
[39,186,193],[41,183,199],[37,181,201],[42,184,195],[40,180,196],[33,62,191],[28,65,191],[30,66,192],[29,63,190],[31,59,190],
[32,60,192],[41,128,200],[40,127,197],[38,131,197],[42,130,194],[37,129,200],[39,132,194],[15,41,92],[10,40,93],[13,38,91],
[14,42,89],[12,37,88],[11,39,90],[16,23,192],[18,24,191],[16,26,191],[17,25,192],[17,27,190],[18,22,190],[33,92,206],
[32,93,206],[31,91,203],[30,89,209],[29,88,209],[28,90,203],[35,49,175],[36,51,174],[34,53,177],[36,47,171],[35,55,172],
[34,57,169],[14,52,149],[11,48,150],[13,54,148],[15,46,146],[12,56,147],[10,50,145],[19,87,178],[19,83,186],[21,84,183],
[21,86,180],[20,82,184],[20,85,181],[9,46,48],[8,54,56],[7,50,52],[6,68,72],[5,67,70],[4,69,71],[35,75,76],
[36,77,78],[34,73,74],[75,208,209],[77,209,210],[74,205,206],[78,202,203],[73,203,204],[76,206,207],[9,15,46],[8,12,56],
[7,10,50],[8,13,54],[7,14,52],[9,11,48],[35,49,76],[36,51,77],[34,53,74],[36,47,78],[34,57,73],[35,55,75],
[32,76,206],[29,77,209],[33,74,206],[31,78,203],[28,73,203],[30,75,209],[74,128,205],[76,127,207],[78,131,202],[77,129,210],
[75,130,208],[73,132,204],[6,9,68],[6,8,72],[5,7,67],[4,7,69],[4,9,71],[5,8,70],[19,178,198],[19,186,193],
[21,183,199],[21,180,196],[20,181,201],[20,184,195],[15,41,128],[10,40,127],[13,38,131],[14,42,130],[11,39,132],[12,37,129],
[23,66,192],[24,62,191],[26,65,191],[22,63,190],[27,59,190],[25,60,192],[19,26,27],[21,24,25],[20,22,23],[3,65,66],
[2,59,60],[1,62,63],[1,24,62],[2,25,60],[3,26,65],[3,23,66],[1,22,63],[2,27,59],[21,25,199],[19,26,198],
[19,27,193],[20,23,201],[20,22,195],[21,24,196],[6,9,15],[6,8,12],[5,7,10],[5,8,13],[4,9,11],[4,7,14],
[15,128,205],[12,129,210],[10,127,207],[13,131,202],[11,132,204],[14,130,208],[32,49,76],[29,51,77],[33,53,74],[31,47,78],
[30,55,75],[28,57,73],[30,32,213],[29,31,212],[28,33,211],[24,56,57],[25,54,55],[26,52,53],[22,46,47],[23,48,49],
[27,50,51],[32,49,213],[28,57,211],[33,53,211],[29,51,212],[31,47,212],[30,55,213],[23,48,201],[22,46,195],[27,50,193],
[26,52,198],[24,56,196],[25,54,199],[3,23,49],[1,24,57],[2,25,55],[3,26,53],[2,27,51],[1,22,47],[6,15,205],
[6,12,210],[5,10,207],[5,13,202],[4,14,208],[4,11,204],[46,48,214],[50,52,216],[54,56,215],[6,199,201],[4,193,195],
[5,196,198],[6,201,205],[4,195,204],[6,199,210],[4,193,208],[5,196,202],[5,198,207],[48,201,214],[46,195,214],[54,199,215],
[50,193,216],[56,196,215],[52,198,216],[3,49,213],[1,47,212],[2,51,212],[1,57,211],[2,55,213],[3,53,211],[3,205,207],
[1,202,204],[2,208,210],[3,205,213],[1,204,212],[2,210,213],[2,208,212],[3,207,211],[1,202,211],[201,205,214],[195,204,214],
[199,210,215],[193,208,216],[198,207,216],[196,202,215],[205,213,214],[204,212,214],[210,213,215],[208,212,216],[202,211,215],[207,211,216]];
###############################################################

#SurfaceInfo: 270 Vertices, 1080 Edges, 720 Faces, IsOrientable=true
 #Vertices of faces:
vof8:=[[268,269,270],[267,268,269],[266,269,270],[265,268,270],[262,263,264],[259,260,261],[256,257,258],[253,254,255],[250,251,252],[247,248,249],
[244,245,246],[241,242,243],[238,239,240],[235,236,237],[232,233,234],[229,230,231],[226,227,228],[223,224,225],[220,221,222],[217,218,219],
[214,215,216],[211,212,213],[209,210,212],[208,209,211],[205,206,207],[203,204,206],[202,203,205],[199,200,201],[197,198,200],[196,197,199],
[209,211,212],[203,205,206],[197,199,200],[195,229,230],[194,230,231],[193,226,227],[192,223,224],[191,224,225],[190,227,228],[189,220,221],
[188,221,222],[187,214,215],[186,217,218],[185,218,219],[184,215,216],[183,238,239],[182,232,233],[181,235,236],[180,239,240],[179,233,234],
[178,236,237],[175,176,177],[172,173,174],[169,170,171],[167,168,212],[165,166,209],[163,164,211],[161,162,206],[159,160,205],[157,158,203],
[155,156,200],[153,154,199],[151,152,197],[150,214,216],[149,220,222],[148,217,219],[147,229,231],[146,223,225],[145,226,228],[183,200,201],
[179,199,201],[182,197,198],[181,198,200],[180,196,197],[178,196,199],[195,208,211],[192,212,213],[190,209,210],[191,208,209],[194,210,212],
[193,211,213],[185,206,207],[189,202,205],[187,205,207],[188,204,206],[186,202,203],[184,203,204],[148,151,217],[150,156,214],[150,153,216],
[149,152,220],[148,155,219],[149,154,222],[147,162,231],[147,157,229],[146,159,223],[146,158,225],[145,161,228],[145,160,226],[159,189,205],
[161,185,206],[160,187,205],[162,188,206],[157,184,203],[158,186,203],[167,175,176],[168,169,170],[164,172,173],[163,170,171],[165,176,177],
[166,173,174],[167,194,212],[168,192,212],[165,190,209],[166,191,209],[163,193,211],[164,195,211],[153,179,199],[151,182,197],[155,181,200],
[152,180,197],[154,178,199],[156,183,200],[195,208,229],[194,210,231],[193,213,226],[190,210,228],[191,208,225],[192,213,223],[185,207,219],
[189,202,220],[186,202,217],[187,207,214],[188,204,222],[184,204,216],[183,201,238],[179,201,234],[182,198,232],[181,198,235],[178,196,237],
[180,196,240],[143,144,208],[141,142,210],[139,140,213],[137,138,207],[135,136,204],[133,134,202],[131,132,201],[129,130,198],[127,128,196],
[124,125,126],[121,122,123],[118,119,120],[124,125,174],[118,119,175],[125,126,177],[121,122,172],[119,120,169],[122,123,171],[131,201,238],
[132,201,234],[127,196,237],[129,198,232],[128,196,240],[130,198,235],[143,208,229],[139,213,223],[141,210,231],[140,213,226],[144,208,225],
[142,210,228],[135,204,216],[137,207,219],[133,202,220],[134,202,217],[138,207,214],[136,204,222],[166,174,191],[167,175,194],[168,169,192],
[165,177,190],[164,172,195],[163,171,193],[159,189,223],[160,187,226],[158,186,225],[161,185,228],[157,184,229],[162,188,231],[153,179,216],
[155,181,219],[151,182,217],[152,180,220],[154,178,222],[156,183,214],[116,117,148],[114,115,150],[112,113,149],[111,148,151],[110,149,154],
[109,150,156],[108,150,153],[107,149,152],[106,148,155],[104,105,115],[102,103,112],[100,101,117],[98,99,113],[96,97,116],[94,95,114],
[93,111,151],[92,110,154],[91,107,152],[90,108,153],[89,106,155],[88,109,156],[106,116,148],[111,117,148],[110,112,149],[107,113,149],
[109,114,150],[108,115,150],[87,128,240],[86,130,235],[85,129,232],[84,131,238],[83,132,234],[82,127,237],[143,184,229],[139,189,223],
[141,188,231],[140,187,226],[142,185,228],[144,186,225],[135,179,216],[137,181,219],[138,183,214],[134,182,217],[136,178,222],[133,180,220],
[121,172,195],[124,174,191],[118,175,194],[123,171,193],[120,169,192],[126,177,190],[80,81,224],[78,79,230],[76,77,227],[167,168,221],
[163,164,215],[165,166,218],[159,160,239],[161,162,236],[157,158,233],[75,153,154],[74,151,152],[73,155,156],[96,195,230],[94,191,224],
[100,194,230],[102,193,227],[98,190,227],[104,192,224],[72,184,215],[71,189,221],[70,188,221],[69,187,215],[68,185,218],[67,186,218],
[66,179,233],[65,183,239],[64,180,239],[63,181,236],[62,182,233],[61,178,236],[62,157,233],[65,159,239],[61,161,236],[64,160,239],
[66,158,233],[63,162,236],[71,167,221],[70,168,221],[69,164,215],[68,166,218],[67,165,218],[72,163,215],[78,96,230],[79,100,230],
[76,102,227],[80,94,224],[81,104,224],[77,98,227],[96,121,195],[98,126,190],[94,124,191],[100,118,194],[104,120,192],[102,123,193],
[62,134,182],[64,133,180],[61,136,178],[66,135,179],[63,137,181],[65,138,183],[72,143,184],[71,139,189],[70,141,188],[69,140,187],
[67,144,186],[68,142,185],[86,88,130],[85,91,129],[83,92,132],[87,93,128],[82,90,127],[84,89,131],[74,93,151],[75,92,154],
[74,91,152],[73,88,156],[73,89,155],[75,90,153],[100,111,117],[104,108,115],[96,106,116],[102,110,112],[94,109,114],[98,107,113],
[59,60,246],[57,58,245],[55,56,244],[54,139,140],[53,141,142],[52,143,144],[135,136,170],[137,138,173],[133,134,176],[129,130,147],
[131,132,146],[127,128,145],[235,237,254],[232,234,251],[238,240,248],[51,167,176],[50,168,170],[49,164,173],[48,166,173],[47,165,176],
[46,163,170],[45,146,159],[44,146,158],[43,145,161],[42,145,160],[41,147,157],[40,147,162],[63,96,97],[62,100,101],[64,98,99],
[65,94,95],[66,104,105],[61,102,103],[57,86,235],[58,85,232],[56,87,240],[59,84,238],[55,82,237],[60,83,234],[88,109,143],
[93,111,142],[92,110,139],[90,108,140],[89,106,144],[91,107,141],[57,235,254],[58,232,251],[56,240,248],[59,238,248],[60,234,251],
[55,237,254],[41,130,147],[40,129,147],[45,132,146],[44,131,146],[43,128,145],[42,127,145],[51,134,176],[47,133,176],[46,136,170],
[50,135,170],[49,137,173],[48,138,173],[53,111,142],[52,106,144],[54,110,139],[52,109,143],[53,107,141],[54,108,140],[57,86,245],
[59,84,246],[55,82,244],[58,85,245],[60,83,246],[56,87,244],[63,96,121],[62,100,118],[64,98,126],[65,94,124],[61,102,123],
[66,104,120],[72,88,143],[70,91,141],[71,92,139],[68,93,142],[67,89,144],[69,90,140],[62,101,134],[64,99,133],[61,103,136],
[66,105,135],[63,97,137],[65,95,138],[51,71,167],[47,67,165],[50,70,168],[49,69,164],[46,72,163],[48,68,166],[40,63,162],
[42,64,160],[41,62,157],[45,65,159],[44,66,158],[43,61,161],[74,87,93],[73,84,89],[75,83,92],[74,85,91],[75,82,90],
[73,86,88],[79,100,111],[78,96,106],[76,102,110],[80,94,109],[77,98,107],[81,104,108],[38,39,73],[36,37,74],[34,35,75],
[172,174,263],[169,171,260],[175,177,257],[33,244,245],[32,244,246],[31,245,246],[46,253,254],[49,254,255],[47,247,248],[50,250,251],
[48,248,249],[51,251,252],[119,241,242],[125,241,243],[122,242,243],[30,125,174],[29,122,172],[28,119,169],[27,122,171],[26,125,177],
[25,119,175],[24,88,130],[23,91,129],[22,92,132],[21,93,128],[20,89,131],[19,90,127],[28,119,241],[30,125,241],[27,122,243],
[26,125,243],[29,122,242],[25,119,242],[30,174,263],[29,172,263],[25,175,257],[26,177,257],[28,169,260],[27,171,260],[51,60,251],
[47,59,248],[46,57,254],[49,55,254],[48,56,248],[50,58,251],[38,73,86],[39,73,84],[36,74,87],[34,75,82],[35,75,83],
[37,74,85],[46,72,253],[50,70,250],[51,71,252],[48,68,249],[49,69,255],[47,67,247],[24,72,88],[23,70,91],[22,71,92],
[21,68,93],[19,69,90],[20,67,89],[32,87,244],[33,86,245],[32,84,246],[31,85,245],[31,83,246],[33,82,244],[24,41,130],
[23,40,129],[22,45,132],[21,43,128],[19,42,127],[20,44,131],[40,63,121],[42,64,126],[41,62,118],[45,65,124],[43,61,123],
[44,66,120],[53,79,111],[52,78,106],[54,76,110],[52,80,109],[54,81,108],[53,77,107],[51,101,134],[47,99,133],[46,103,136],
[50,105,135],[48,95,138],[49,97,137],[17,18,52],[15,16,54],[13,14,53],[80,81,241],[76,77,243],[78,79,242],[12,121,123],
[11,124,126],[10,118,120],[21,262,263],[19,263,264],[24,259,260],[22,256,257],[20,257,258],[23,260,261],[17,52,80],[15,54,81],
[13,53,77],[16,54,76],[14,53,79],[18,52,78],[12,40,121],[11,42,126],[10,41,118],[11,45,124],[10,44,120],[12,43,123],
[23,40,261],[19,42,264],[24,41,259],[22,45,256],[20,44,258],[21,43,262],[24,28,260],[23,27,260],[22,26,257],[19,30,263],
[21,29,263],[20,25,257],[28,80,241],[30,81,241],[27,77,243],[29,79,242],[25,78,242],[26,76,243],[51,60,101],[47,59,99],
[46,57,103],[50,58,105],[49,55,97],[48,56,95],[24,72,253],[23,70,250],[22,71,252],[21,68,249],[20,67,247],[19,69,255],
[32,36,87],[33,38,86],[32,39,84],[33,34,82],[31,35,83],[31,37,85],[9,59,60],[8,57,58],[7,55,56],[32,116,117],
[31,112,113],[33,114,115],[33,38,115],[31,37,112],[32,39,117],[32,36,116],[33,34,114],[31,35,113],[8,57,103],[9,60,101],
[9,59,99],[7,55,97],[7,56,95],[8,58,105],[17,28,80],[15,30,81],[13,27,77],[16,26,76],[18,25,78],[14,29,79],
[24,28,253],[19,30,255],[23,27,250],[22,26,252],[20,25,247],[21,29,249],[12,40,261],[11,42,264],[10,41,259],[11,45,256],
[12,43,262],[10,44,258],[12,36,37],[11,34,35],[10,38,39],[6,105,115],[5,103,112],[4,101,117],[3,95,114],[2,97,116],
[1,99,113],[12,36,261],[10,38,258],[10,39,259],[11,35,264],[11,34,256],[12,37,262],[2,7,97],[3,7,95],[1,9,99],
[4,9,101],[6,8,105],[5,8,103],[2,36,116],[6,38,115],[5,37,112],[4,39,117],[1,35,113],[3,34,114],[17,28,253],
[15,30,255],[13,27,250],[16,26,252],[14,29,249],[18,25,247],[7,17,18],[9,13,14],[8,15,16],[253,255,267],[247,249,266],
[250,252,265],[17,253,267],[18,247,266],[15,255,267],[14,249,266],[16,252,265],[13,250,265],[2,7,17],[3,7,18],[5,8,15],
[1,9,14],[6,8,16],[4,9,13],[2,36,261],[3,34,256],[1,35,264],[6,38,258],[5,37,262],[4,39,259],[259,261,268],
[256,258,270],[262,264,269],[2,261,268],[3,256,270],[5,262,269],[1,264,269],[4,259,268],[6,258,270],[2,17,267],[3,18,266],
[5,15,267],[1,14,266],[4,13,265],[6,16,265],[2,267,268],[3,266,270],[5,267,269],[1,266,269],[6,265,270],[4,265,268]];
###############################################################

#SurfaceInfo: 57 Vertices, 1083 Edges, 722 Faces, IsOrientable=true
 #Vertices of faces:
vof9:=[[55,56,57],[54,55,56],[53,56,57],[52,55,57],[49,50,51],[47,48,50],[46,47,49],[43,44,45],[41,42,44],[40,41,43],
[38,39,53],[37,39,54],[37,38,52],[35,36,45],[34,35,42],[34,36,40],[35,42,45],[36,40,45],[34,40,42],[33,48,51],
[32,46,48],[31,46,51],[29,30,32],[28,30,33],[28,29,31],[25,26,27],[23,24,26],[22,23,25],[19,20,21],[19,20,23],
[20,21,26],[19,21,25],[29,30,39],[28,30,37],[28,29,38],[25,26,48],[23,26,46],[23,25,51],[29,39,42],[30,39,45],
[29,38,40],[28,38,45],[30,37,40],[28,37,42],[19,25,48],[20,26,48],[21,25,51],[19,23,46],[20,23,51],[21,26,46],
[18,40,42],[17,40,45],[16,42,45],[15,46,51],[14,48,51],[13,46,48],[16,29,42],[16,30,45],[17,29,40],[18,28,42],
[18,30,40],[17,28,45],[13,20,48],[15,20,51],[15,19,46],[13,21,46],[14,21,51],[14,19,48],[29,35,36],[28,34,36],
[30,34,35],[14,26,27],[13,25,27],[14,22,23],[13,23,24],[15,24,26],[15,22,25],[13,15,41],[13,14,43],[14,15,44],
[14,26,43],[13,23,41],[15,26,41],[15,25,44],[14,23,44],[13,25,43],[16,29,36],[17,29,35],[17,28,34],[18,30,35],
[16,30,34],[18,28,36],[14,19,27],[13,20,27],[14,21,22],[15,20,22],[15,19,24],[13,21,24],[12,16,17],[11,16,18],
[10,17,18],[27,33,51],[27,32,46],[22,31,46],[24,31,51],[22,33,48],[24,32,48],[22,27,37],[24,27,39],[22,24,38],
[24,38,51],[27,37,51],[27,39,46],[22,38,46],[22,37,48],[24,39,48],[12,16,36],[11,16,34],[12,17,35],[10,17,34],
[10,18,36],[11,18,35],[19,24,31],[19,27,33],[20,27,32],[21,22,33],[21,24,32],[20,22,31],[23,32,41],[25,31,44],
[25,32,43],[23,33,44],[26,31,41],[26,33,43],[12,30,32],[11,29,32],[11,28,33],[10,30,33],[12,28,31],[10,29,31],
[11,12,13],[10,12,15],[10,11,14],[12,39,42],[11,39,45],[12,38,40],[10,38,45],[10,37,42],[11,37,40],[12,32,42],
[11,32,45],[11,33,40],[12,31,40],[10,33,42],[10,31,45],[11,13,29],[12,13,30],[10,14,30],[11,14,28],[12,15,28],
[10,15,29],[12,36,39],[11,34,39],[12,35,38],[10,34,38],[10,36,37],[11,35,37],[37,43,51],[38,41,51],[39,43,46],
[39,41,48],[38,44,46],[37,44,48],[19,31,41],[19,33,43],[20,32,43],[21,33,44],[20,31,44],[21,32,41],[32,36,50],
[32,34,49],[33,35,49],[31,34,47],[31,35,50],[33,36,47],[32,42,50],[32,45,49],[33,40,49],[31,40,50],[31,45,47],
[33,42,47],[36,39,50],[34,39,49],[35,38,50],[35,37,49],[34,38,47],[36,37,47],[13,30,50],[13,29,49],[14,28,49],
[14,30,47],[15,29,47],[15,28,50],[21,39,41],[19,37,43],[19,38,41],[20,39,43],[21,37,44],[20,38,44],[16,17,50],
[16,18,49],[17,18,47],[9,19,38],[8,21,37],[9,21,39],[8,20,38],[7,20,39],[7,19,37],[17,39,50],[18,39,49],
[16,38,50],[17,37,47],[18,38,47],[16,37,49],[13,42,50],[13,45,49],[14,42,47],[14,40,49],[15,40,50],[15,45,47],
[6,38,39],[5,37,39],[4,37,38],[9,13,15],[8,14,15],[7,13,14],[9,23,32],[8,25,31],[7,25,32],[7,26,33],
[9,26,31],[8,23,33],[9,15,32],[8,14,31],[7,14,32],[9,13,31],[8,15,33],[7,13,33],[9,23,39],[8,25,38],
[7,25,39],[7,26,37],[9,26,38],[8,23,37],[5,13,45],[6,13,42],[5,14,40],[6,15,40],[4,15,45],[4,14,42],
[6,17,39],[5,18,39],[6,16,38],[4,17,37],[5,16,37],[4,18,38],[3,31,32],[2,31,33],[1,32,33],[6,32,36],
[5,32,34],[6,31,35],[5,33,35],[4,33,36],[4,31,34],[2,23,37],[3,23,39],[2,25,38],[1,25,39],[1,26,37],
[3,26,38],[6,17,32],[5,18,32],[6,16,31],[5,16,33],[4,18,31],[4,17,33],[6,13,36],[5,14,35],[5,13,34],
[4,14,36],[4,15,34],[6,15,35],[3,15,32],[2,14,31],[1,14,32],[3,13,31],[1,13,33],[2,15,33],[32,38,53],
[32,37,54],[31,39,53],[33,39,54],[31,37,52],[33,38,52],[31,32,55],[32,33,57],[31,33,56],[32,38,55],[31,39,55],
[32,37,57],[33,38,56],[31,37,56],[33,39,57],[13,36,53],[13,34,54],[14,35,54],[14,36,52],[15,35,53],[15,34,52],
[17,32,53],[18,32,54],[16,31,53],[16,33,54],[17,33,52],[18,31,52],[3,15,39],[1,14,39],[2,14,38],[3,13,38],
[2,15,37],[1,13,37],[13,17,53],[13,18,54],[15,16,53],[15,18,52],[14,16,54],[14,17,52],[13,38,55],[13,37,57],
[15,39,55],[14,39,57],[15,37,56],[14,38,56],[13,17,55],[13,18,57],[15,16,55],[14,17,56],[14,16,57],[15,18,56],
[18,22,27],[17,22,24],[16,24,27],[17,41,51],[18,44,48],[16,43,46],[18,43,51],[17,44,46],[16,41,48],[9,17,19],
[8,18,21],[9,16,21],[7,16,20],[7,18,19],[8,17,20],[3,17,26],[1,18,26],[3,16,23],[2,18,23],[2,17,25],
[1,16,25],[3,17,19],[2,18,21],[3,16,21],[1,18,19],[2,17,20],[1,16,20],[9,17,51],[7,18,51],[8,17,46],
[8,18,48],[9,16,48],[7,16,46],[18,22,43],[18,27,44],[17,22,41],[16,27,41],[16,24,43],[17,24,44],[17,26,55],
[18,26,57],[16,23,55],[16,25,57],[18,23,56],[17,25,56],[3,36,51],[1,34,51],[2,36,46],[1,35,46],[3,35,48],
[2,34,48],[34,43,44],[36,41,44],[35,41,43],[11,12,26],[10,11,25],[10,12,23],[26,30,50],[26,29,49],[25,28,49],
[25,30,47],[23,28,50],[23,29,47],[6,26,42],[5,26,45],[5,25,40],[6,23,40],[4,25,42],[4,23,45],[26,36,53],
[26,34,54],[23,35,53],[25,35,54],[23,34,52],[25,36,52],[26,42,53],[26,45,54],[25,40,54],[23,40,53],[23,45,52],
[25,42,52],[5,26,29],[6,26,30],[5,25,28],[4,25,30],[4,23,29],[6,23,28],[12,26,49],[11,26,50],[11,25,47],
[10,25,49],[12,23,47],[10,23,50],[3,19,36],[1,19,34],[3,21,35],[2,20,36],[1,20,35],[2,21,34],[26,36,55],
[26,34,57],[23,35,55],[25,35,57],[25,36,56],[23,34,56],[22,34,43],[24,36,44],[27,34,44],[22,36,41],[24,35,43],
[27,35,41],[9,36,51],[7,34,51],[8,36,46],[8,34,48],[7,35,46],[9,35,48],[19,49,50],[20,47,49],[21,47,50],
[19,30,53],[19,29,54],[20,28,54],[20,30,52],[21,28,53],[21,29,52],[12,19,49],[11,19,50],[10,20,49],[12,21,47],
[10,21,50],[11,20,47],[5,19,29],[6,19,30],[5,20,28],[4,20,30],[4,21,29],[6,21,28],[19,42,53],[19,45,54],
[21,40,53],[20,40,54],[21,45,52],[20,42,52],[7,22,34],[9,22,36],[8,27,34],[8,24,36],[9,27,35],[7,24,35],
[19,36,55],[19,34,57],[21,35,55],[20,35,57],[21,34,56],[20,36,56],[7,44,45],[9,42,44],[8,43,45],[8,41,42],
[9,40,43],[7,40,41],[7,8,29],[8,9,30],[7,9,28],[7,29,44],[9,30,44],[7,28,41],[8,29,43],[9,28,43],
[8,30,41],[7,22,45],[9,22,42],[8,27,45],[8,24,42],[7,24,40],[9,27,40],[19,42,55],[19,45,57],[21,40,55],
[20,40,57],[20,42,56],[21,45,56],[6,11,19],[5,12,19],[5,10,20],[6,10,21],[4,11,20],[4,12,21],[6,49,51],
[5,50,51],[5,46,47],[6,47,48],[4,46,49],[4,48,50],[5,6,22],[4,6,27],[4,5,24],[3,42,51],[1,45,51],
[3,40,48],[2,45,48],[2,42,46],[1,40,46],[6,22,49],[5,22,50],[4,27,50],[6,27,47],[5,24,47],[4,24,49],
[42,51,55],[45,51,57],[40,48,55],[40,46,57],[45,48,56],[42,46,56],[6,11,51],[5,12,51],[5,10,46],[6,10,48],
[4,12,48],[4,11,46],[1,22,45],[3,22,42],[1,24,40],[2,27,45],[2,24,42],[3,27,40],[1,29,44],[3,30,44],
[2,29,43],[1,28,41],[2,30,41],[3,28,43],[30,51,53],[29,51,54],[28,48,53],[28,46,54],[29,48,52],[30,46,52],
[30,51,55],[29,51,57],[28,48,55],[28,46,57],[30,46,56],[29,48,56],[11,51,53],[12,51,54],[12,48,52],[10,46,54],
[11,46,52],[10,48,53],[22,49,53],[22,50,54],[24,47,54],[27,50,52],[24,49,52],[27,47,53],[3,22,30],[1,22,29],
[3,27,28],[1,24,28],[2,27,29],[2,24,30],[22,30,55],[22,29,57],[27,28,55],[24,28,57],[27,29,56],[24,30,56],
[11,22,53],[12,22,54],[10,27,53],[12,27,52],[10,24,54],[11,24,52],[11,22,55],[12,22,57],[10,27,55],[11,24,56],
[10,24,57],[12,27,56],[7,8,12],[7,9,10],[8,9,11],[3,11,44],[1,12,44],[2,12,43],[3,10,43],[2,11,41],
[1,10,41],[1,8,12],[2,7,12],[2,9,11],[1,9,10],[3,8,11],[3,7,10],[11,44,55],[12,44,57],[10,43,55],
[10,41,57],[12,43,56],[11,41,56],[1,3,47],[2,3,49],[1,2,50],[5,6,44],[4,5,41],[4,6,43],[44,49,53],
[44,50,54],[43,47,53],[41,47,54],[43,50,52],[41,49,52],[5,44,53],[6,44,54],[4,41,54],[4,43,53],[5,41,52],
[6,43,52],[3,8,49],[3,7,47],[1,9,47],[1,8,50],[2,7,50],[2,9,49],[44,49,55],[44,50,57],[41,49,56],
[43,47,55],[43,50,56],[41,47,57],[8,53,54],[9,52,54],[7,52,53],[5,8,53],[6,8,54],[5,9,52],[4,9,54],
[6,7,52],[4,7,53],[8,49,55],[8,50,57],[9,49,56],[7,47,55],[9,47,57],[7,50,56],[5,8,55],[6,8,57],
[5,9,56],[6,7,56],[4,9,57],[4,7,55],[2,3,5],[1,2,6],[1,3,4],[2,5,55],[2,6,57],[1,4,55],
[3,4,57],[3,5,56],[1,6,56],[2,53,54],[1,52,53],[3,52,54],[2,54,55],[2,53,57],[1,53,56],[3,52,57],
[3,54,56],[1,52,55]];
###############################################################

#SurfaceInfo: 361 Vertices, 1083 Edges, 722 Faces, IsOrientable=true
 #Vertices of faces:
vof10:=[[359,360,361],[358,359,360],[357,359,361],[356,360,361],[353,354,355],[350,351,352],[347,348,349],[344,345,346],[341,342,343],[338,339,340],
[335,336,337],[332,333,334],[329,330,331],[326,327,328],[324,325,327],[322,323,327],[324,326,327],[322,327,328],[323,325,327],[319,320,321],
[316,317,318],[313,314,315],[310,311,312],[307,308,309],[304,305,306],[301,302,303],[298,299,300],[295,296,297],[292,293,294],[291,292,293],
[290,292,294],[289,293,294],[288,310,311],[287,307,308],[286,304,305],[294,301,302],[292,298,299],[293,295,296],[285,288,310],[284,288,311],
[283,286,304],[282,286,305],[281,287,307],[280,287,308],[289,294,301],[290,294,302],[289,293,295],[291,292,298],[291,293,296],[290,292,299],
[287,323,325],[286,322,328],[288,324,326],[291,313,314],[289,319,320],[290,316,317],[285,288,326],[284,288,324],[283,286,328],[280,287,323],
[281,287,325],[282,286,322],[290,302,316],[291,296,313],[291,298,314],[290,299,317],[289,295,319],[289,301,320],[279,326,328],[278,322,323],
[277,324,325],[276,301,303],[275,302,303],[274,295,297],[273,299,300],[272,298,300],[271,296,297],[269,270,300],[267,268,303],[265,266,297],
[267,276,303],[269,273,300],[270,272,300],[265,271,297],[266,274,297],[268,275,303],[279,285,326],[279,283,328],[278,282,322],[277,281,325],
[277,284,324],[278,280,323],[276,301,320],[275,302,316],[274,295,319],[271,296,313],[272,298,314],[273,299,317],[263,264,279],[261,262,277],
[259,260,278],[258,320,321],[257,316,318],[256,313,315],[255,314,315],[254,319,321],[253,317,318],[251,252,321],[249,250,318],[247,248,315],
[247,255,315],[251,258,321],[249,257,318],[248,256,315],[252,254,321],[250,253,318],[263,279,285],[261,277,284],[264,279,283],[259,278,282],
[260,278,280],[262,277,281],[255,272,314],[258,276,320],[257,275,316],[254,274,319],[253,273,317],[256,271,313],[246,269,273],[245,265,271],
[244,268,275],[243,266,274],[242,270,272],[241,267,276],[240,310,312],[239,311,312],[238,307,309],[237,308,309],[236,304,306],[235,305,306],
[233,234,312],[231,232,306],[229,230,309],[228,285,310],[227,284,311],[226,283,304],[225,282,305],[224,280,308],[223,281,307],[228,240,310],
[227,239,311],[223,238,307],[226,236,304],[224,237,308],[225,235,305],[233,239,312],[234,240,312],[229,237,309],[230,238,309],[231,236,306],
[232,235,306],[228,263,285],[227,261,284],[226,264,283],[225,259,282],[224,260,280],[223,262,281],[222,251,258],[221,247,255],[220,249,257],
[219,250,253],[218,248,256],[217,252,254],[242,255,272],[241,258,276],[244,257,275],[243,254,274],[245,256,271],[246,253,273],[215,216,228],
[213,214,227],[211,212,223],[209,210,225],[207,208,226],[205,206,224],[215,228,240],[213,227,239],[211,223,238],[207,226,236],[209,225,235],
[205,224,237],[216,228,263],[214,227,261],[208,226,264],[212,223,262],[210,225,259],[206,224,260],[204,234,240],[203,233,239],[202,230,238],
[201,229,237],[200,232,235],[199,231,236],[219,246,253],[222,241,258],[221,242,255],[220,244,257],[217,243,254],[218,245,256],[198,263,264],
[197,261,262],[196,259,260],[195,221,242],[194,217,243],[193,219,246],[192,218,245],[191,220,244],[190,222,241],[198,216,263],[197,214,261],
[198,208,264],[196,206,260],[196,210,259],[197,212,262],[204,215,240],[203,213,239],[201,205,237],[202,211,238],[199,207,236],[200,209,235],
[198,335,336],[197,332,333],[196,329,330],[189,269,270],[188,265,266],[187,267,268],[186,246,269],[185,245,265],[184,244,268],[183,241,267],
[182,242,270],[181,243,266],[186,189,269],[185,188,265],[184,187,268],[182,189,270],[181,188,266],[183,187,267],[186,193,246],[185,192,245],
[184,191,244],[183,190,241],[182,195,242],[181,194,243],[180,203,213],[179,204,215],[178,202,211],[177,199,207],[176,200,209],[175,201,205],
[198,216,335],[197,214,332],[198,208,336],[196,206,329],[197,212,333],[196,210,330],[173,174,189],[171,172,188],[169,170,187],[168,215,216],
[167,213,214],[166,207,208],[165,211,212],[164,205,206],[163,209,210],[162,181,194],[161,186,193],[160,185,192],[159,184,191],[158,183,190],
[157,182,195],[168,216,335],[167,214,332],[166,208,336],[165,212,333],[163,210,330],[164,206,329],[168,179,215],[165,178,211],[167,180,213],
[164,175,205],[163,176,209],[166,177,207],[173,186,189],[171,185,188],[169,184,187],[174,182,189],[170,183,187],[172,181,188],[156,335,337],
[155,332,334],[154,336,337],[153,333,334],[152,330,331],[151,329,331],[173,174,337],[169,170,334],[171,172,331],[156,174,337],[154,173,337],
[155,170,334],[151,171,331],[152,172,331],[153,169,334],[150,168,179],[149,167,180],[148,165,178],[147,164,175],[146,166,177],[145,163,176],
[156,168,335],[155,167,332],[154,166,336],[153,165,333],[151,164,329],[152,163,330],[161,173,186],[159,169,184],[160,171,185],[157,174,182],
[162,172,181],[158,170,183],[150,156,168],[149,155,167],[146,154,166],[145,152,163],[148,153,165],[147,151,164],[156,157,174],[155,158,170],
[154,161,173],[153,159,169],[152,162,172],[151,160,171],[150,156,157],[149,155,158],[146,154,161],[147,151,160],[148,153,159],[145,152,162],
[144,251,252],[143,247,248],[142,249,250],[141,221,247],[140,217,252],[139,220,249],[138,222,251],[137,218,248],[136,219,250],[135,195,221],
[134,194,217],[133,193,219],[132,191,220],[131,190,222],[130,192,218],[129,157,195],[128,158,190],[127,161,193],[126,162,194],[125,160,192],
[124,159,191],[129,135,195],[126,134,194],[127,133,193],[128,131,190],[125,130,192],[124,132,191],[135,141,221],[131,138,222],[130,137,218],
[134,140,217],[133,136,219],[132,139,220],[138,144,251],[140,144,252],[141,143,247],[136,142,250],[139,142,249],[137,143,248],[129,150,157],
[128,149,158],[127,146,161],[124,148,159],[126,145,162],[125,147,160],[122,123,135],[120,121,131],[118,119,130],[116,117,132],[114,115,133],
[112,113,134],[144,344,345],[143,341,342],[142,338,339],[111,233,234],[110,229,230],[109,231,232],[108,204,234],[107,203,233],[106,202,230],
[105,201,229],[104,199,231],[103,200,232],[102,179,204],[101,180,203],[100,178,202],[99,177,199],[98,175,201],[97,176,200],[96,150,179],
[95,149,180],[94,146,177],[93,148,178],[92,145,176],[91,147,175],[96,102,179],[95,101,180],[93,100,178],[94,99,177],[92,97,176],
[91,98,175],[101,107,203],[102,108,204],[100,106,202],[98,105,201],[97,103,200],[99,104,199],[107,111,233],[108,111,234],[105,110,229],
[106,110,230],[103,109,232],[104,109,231],[122,129,135],[120,128,131],[114,127,133],[118,125,130],[116,124,132],[112,126,134],[96,129,150],
[95,128,149],[94,127,146],[93,124,148],[91,125,147],[92,126,145],[138,144,344],[137,143,341],[140,144,345],[141,143,342],[139,142,338],
[136,142,339],[123,135,141],[121,131,138],[119,130,137],[113,134,140],[117,132,139],[115,133,136],[111,353,354],[110,347,348],[109,350,351],
[89,90,102],[87,88,101],[85,86,100],[83,84,98],[81,82,99],[79,80,97],[107,111,353],[108,111,354],[106,110,347],[103,109,350],
[104,109,351],[105,110,348],[87,101,107],[89,102,108],[85,100,106],[83,98,105],[79,97,103],[81,99,104],[90,96,102],[88,95,101],
[82,94,99],[86,93,100],[80,92,97],[84,91,98],[121,138,344],[123,141,342],[113,140,345],[119,137,341],[115,136,339],[117,139,338],
[96,122,129],[95,120,128],[94,114,127],[93,116,124],[92,112,126],[91,118,125],[78,344,346],[77,342,343],[76,345,346],[75,341,343],
[74,339,340],[73,338,340],[71,72,346],[69,70,343],[67,68,340],[71,78,346],[69,77,343],[67,73,340],[72,76,346],[68,74,340],
[70,75,343],[78,121,344],[77,123,342],[76,113,345],[75,119,341],[73,117,338],[74,115,339],[90,96,122],[88,95,120],[82,94,114],
[86,93,116],[84,91,118],[80,92,112],[89,108,354],[87,107,353],[85,106,347],[81,104,351],[83,105,348],[79,103,350],[66,354,355],
[65,353,355],[64,347,349],[63,351,352],[62,348,349],[61,350,352],[59,60,355],[57,58,352],[55,56,349],[54,122,123],[53,120,121],
[52,114,115],[51,112,113],[50,118,119],[49,116,117],[59,66,355],[60,65,355],[57,61,352],[58,63,352],[55,64,349],[56,62,349],
[54,90,122],[53,88,120],[52,82,114],[49,86,116],[51,80,112],[50,84,118],[66,89,354],[65,87,353],[64,85,347],[63,81,351],
[61,79,350],[62,83,348],[53,78,121],[54,77,123],[49,73,117],[51,76,113],[50,75,119],[52,74,115],[48,71,78],[47,69,77],
[46,72,76],[45,67,73],[44,70,75],[43,68,74],[42,89,90],[41,87,88],[40,81,82],[39,85,86],[38,79,80],[37,83,84],
[42,54,90],[41,53,88],[40,52,82],[39,49,86],[37,50,84],[38,51,80],[42,66,89],[41,65,87],[38,61,79],[39,64,85],
[37,62,83],[40,63,81],[36,59,66],[35,60,65],[34,55,64],[33,57,61],[32,56,62],[31,58,63],[47,54,77],[48,53,78],
[43,52,74],[45,49,73],[46,51,76],[44,50,75],[42,47,54],[41,48,53],[40,43,52],[39,45,49],[38,46,51],[37,44,50],
[36,42,66],[35,41,65],[31,40,63],[33,38,61],[34,39,64],[32,37,62],[36,42,47],[35,41,48],[31,40,43],[32,37,44],
[34,39,45],[33,38,46],[30,71,72],[29,67,68],[28,69,70],[27,47,69],[26,48,71],[25,46,72],[24,43,68],[23,44,70],
[22,45,67],[26,30,71],[25,30,72],[23,28,70],[22,29,67],[27,28,69],[24,29,68],[27,36,47],[26,35,48],[24,31,43],
[22,34,45],[25,33,46],[23,32,44],[20,21,29],[18,19,28],[16,17,30],[15,59,60],[14,55,56],[13,57,58],[12,36,59],
[11,35,60],[10,31,58],[9,34,55],[8,33,57],[7,32,56],[12,15,59],[11,15,60],[9,14,55],[10,13,58],[7,14,56],
[8,13,57],[18,27,28],[20,24,29],[21,22,29],[16,26,30],[17,25,30],[19,23,28],[12,27,36],[11,26,35],[7,23,32],
[10,24,31],[8,25,33],[9,22,34],[5,6,15],[3,4,14],[1,2,13],[5,12,15],[6,11,15],[3,7,14],[4,9,14],
[1,8,13],[2,10,13],[12,18,27],[11,16,26],[7,19,23],[10,20,24],[9,21,22],[8,17,25],[5,12,18],[6,11,16],
[3,7,19],[1,8,17],[4,9,21],[2,10,20],[18,19,358],[16,17,357],[20,21,356],[5,18,358],[6,16,357],[2,20,356],
[4,21,356],[3,19,358],[1,17,357],[5,6,359],[1,2,361],[3,4,360],[5,358,359],[6,357,359],[1,357,361],[4,356,360],
[3,358,360],[2,356,361]];
###############################################################

