#SurfaceInfo: 196 Vertices, 1176 Edges, 784 Faces, IsOrientable=true
 #Vertices of faces:
vof1:=[[194,195,196],[192,193,195],[190,191,194],[189,192,194],[187,188,196],[185,186,195],[184,190,196],[182,183,193],[180,181,194],[178,179,192],
[177,187,195],[176,185,193],[174,175,191],[172,173,189],[170,171,196],[168,169,195],[166,167,190],[165,182,192],[164,180,191],[163,178,189],
[161,162,188],[159,160,186],[157,158,184],[155,156,193],[154,168,194],[152,153,192],[150,151,187],[148,149,185],[147,174,190],[146,172,194],
[145,170,188],[144,168,186],[143,166,184],[141,142,183],[139,140,181],[137,138,179],[136,152,177],[134,135,176],[132,133,191],[130,131,189],
[154,169,196],[129,152,195],[128,172,190],[126,127,182],[125,165,180],[123,124,178],[149,161,187],[122,159,185],[121,157,196],[120,155,183],
[119,154,181],[118,152,179],[117,150,177],[116,148,176],[114,115,175],[112,113,173],[110,111,171],[108,109,169],[106,107,167],[104,105,164],
[102,103,163],[100,101,188],[98,99,186],[96,97,184],[129,153,193],[95,180,192],[94,157,187],[93,185,187],[91,92,174],[89,90,172],
[88,147,170],[101,146,168],[86,87,166],[124,141,182],[85,139,180],[84,137,178],[134,140,193],[113,132,175],[83,130,173],[82,169,171],
[129,133,169],[112,167,172],[81,126,165],[83,125,164],[80,123,163],[78,79,162],[76,77,160],[74,75,158],[73,117,156],[72,98,168],
[71,121,153],[70,76,151],[68,69,149],[66,67,145],[65,74,144],[63,64,143],[62,136,183],[61,93,181],[60,119,179],[59,73,177],
[58,59,176],[128,146,191],[95,181,189],[99,170,190],[61,134,182],[57,178,182],[55,56,161],[53,54,159],[52,65,157],[51,122,155],
[121,154,156],[50,54,150],[49,50,148],[87,114,174],[48,110,170],[47,108,168],[46,106,166],[104,111,191],[102,109,189],[75,100,162],
[98,160,162],[45,96,158],[72,153,156],[95,99,153],[74,151,157],[44,91,147],[89,110,146],[45,88,145],[101,144,145],[43,86,143],
[41,42,142],[40,137,140],[38,39,138],[118,120,136],[37,87,135],[131,133,163],[36,81,131],[57,61,154],[35,60,152],[34,128,129],
[33,38,127],[32,36,165],[31,67,124],[30,106,120],[35,118,119],[37,40,118],[29,51,117],[28,46,116],[27,173,175],[26,125,173],
[95,109,171],[34,57,169],[82,90,167],[26,130,164],[25,32,163],[94,121,188],[93,177,186],[99,171,184],[119,155,185],[104,109,174],
[34,102,172],[108,166,174],[24,79,141],[84,124,139],[22,23,137],[21,40,134],[85,103,132],[20,84,130],[129,131,140],[23,75,126],
[25,123,125],[19,75,123],[54,78,161],[50,76,159],[18,117,155],[71,72,154],[29,71,152],[53,76,150],[17,68,148],[66,160,188],
[65,73,186],[63,98,184],[62,87,142],[61,140,183],[60,138,142],[59,116,136],[44,58,135],[57,128,133],[35,131,181],[93,99,128],
[37,127,134],[16,55,149],[15,53,122],[65,121,159],[44,51,120],[119,156,176],[17,50,117],[14,49,116],[41,77,115],[13,55,113],
[42,106,111],[24,30,107],[12,54,105],[50,103,105],[97,101,143],[11,44,97],[82,132,180],[47,94,146],[93,94,95],[30,39,92],
[10,90,114],[9,11,147],[97,111,146],[10,76,113],[27,68,83],[82,89,112],[82,133,164],[12,42,112],[20,81,85],[8,53,83],
[7,17,80],[6,158,162],[19,88,158],[94,128,153],[52,144,151],[72,149,151],[19,96,145],[100,144,170],[9,14,143],[57,165,179],
[130,133,178],[66,98,161],[47,63,157],[72,150,161],[71,148,159],[33,114,142],[46,87,110],[108,147,167],[21,28,106],[13,42,104],
[8,102,104],[48,64,100],[47,98,158],[5,46,96],[21,91,120],[87,89,92],[14,86,88],[96,101,166],[58,86,120],[23,41,141],
[123,137,139],[38,75,137],[7,132,163],[4,81,130],[35,129,139],[22,38,126],[32,80,125],[64,67,123],[30,138,183],[36,40,179],
[29,61,177],[28,60,176],[27,54,115],[26,50,113],[109,111,175],[34,109,173],[90,107,115],[16,26,105],[15,25,103],[94,101,108],
[89,97,171],[57,93,119],[12,92,104],[90,102,105],[6,79,124],[4,84,85],[22,45,84],[16,103,113],[15,20,83],[64,75,81],
[25,49,83],[3,19,80],[40,41,79],[13,39,77],[55,68,73],[10,33,70],[12,27,69],[23,56,74],[16,69,73],[15,16,59],
[10,24,56],[38,52,78],[2,16,122],[73,121,160],[38,70,162],[6,32,45],[72,99,144],[31,74,77],[5,44,48],[47,88,110],
[22,52,145],[1,43,80],[11,135,142],[58,136,148],[51,86,135],[21,118,127],[35,124,127],[62,118,155],[49,68,117],[2,3,116],
[30,60,141],[28,29,134],[35,126,141],[34,125,139],[39,78,115],[71,122,149],[8,13,76],[7,8,68],[23,66,77],[55,65,78],
[22,63,66],[18,46,62],[61,71,136],[29,60,135],[2,53,59],[5,17,58],[54,56,65],[3,49,51],[59,150,156],[21,41,114],
[13,92,112],[86,106,110],[1,100,143],[3,44,96],[82,95,108],[28,30,91],[89,91,114],[9,43,88],[10,107,175],[11,42,167],
[34,85,165],[8,90,164],[52,70,79],[69,77,151],[19,67,81],[6,74,100],[4,14,64],[31,56,66],[52,63,67],[3,46,48],
[47,48,147],[4,5,45],[14,25,45],[15,43,58],[23,24,40],[32,126,131],[36,67,79],[6,31,36],[24,37,92],[12,24,70],
[1,6,84],[36,138,140],[9,62,116],[37,39,107],[5,15,18],[17,18,43],[69,105,115],[20,49,103],[27,112,132],[7,85,102],
[1,22,32],[7,27,53],[4,17,26],[2,26,80],[5,25,64],[19,20,43],[13,41,78],[8,10,55],[2,14,51],[69,70,160],
[21,33,42],[31,39,127],[11,37,62],[18,29,122],[9,91,97],[11,107,111],[12,33,56],[31,33,138],[2,4,7],[1,48,63],
[9,18,28],[1,3,20],[192,194,195],[190,194,196],[187,195,196],[185,193,195],[182,192,193],[180,191,194],[178,189,192],[174,190,191],
[172,189,194],[170,188,196],[168,186,195],[166,184,190],[161,187,188],[159,185,186],[157,184,196],[155,183,193],[154,181,194],[152,179,192],
[150,177,187],[148,176,185],[141,182,183],[139,180,181],[137,178,179],[152,177,195],[134,176,193],[132,175,191],[130,173,189],[169,171,196],
[129,169,195],[167,172,190],[126,165,182],[125,164,180],[123,163,178],[114,174,175],[112,172,173],[110,170,171],[108,168,169],[106,166,167],
[165,180,192],[104,164,191],[102,163,189],[100,162,188],[98,160,186],[96,158,184],[153,156,193],[146,168,194],[95,153,192],[151,157,187],
[149,185,187],[91,147,174],[89,146,172],[88,145,170],[101,144,168],[86,143,166],[78,161,162],[76,159,160],[74,157,158],[117,155,156],
[72,154,168],[71,152,153],[76,150,151],[68,148,149],[147,170,190],[66,145,188],[65,144,186],[63,143,184],[62,142,183],[61,140,181],
[60,138,179],[59,136,177],[58,135,176],[128,133,191],[131,181,189],[121,154,196],[99,128,190],[127,134,182],[124,178,182],[55,149,161],
[53,122,159],[65,121,157],[51,120,155],[119,154,156],[118,136,152],[50,117,150],[49,116,148],[41,141,142],[137,139,140],[38,137,138],
[37,134,135],[132,133,163],[81,130,131],[57,154,169],[35,129,152],[34,128,172],[38,126,127],[32,125,165],[67,123,124],[122,155,185],
[30,120,183],[35,119,181],[40,118,179],[29,117,177],[28,116,176],[27,115,175],[26,113,173],[109,111,171],[34,109,169],[90,107,167],
[26,105,164],[25,103,163],[94,101,188],[93,99,186],[97,171,184],[129,140,193],[93,94,187],[93,119,185],[92,104,174],[90,102,172],
[87,166,174],[79,124,141],[84,85,139],[22,84,137],[40,134,140],[103,113,132],[20,83,130],[82,133,169],[129,131,133],[75,81,126],
[25,83,125],[19,80,123],[41,114,115],[13,112,113],[106,110,111],[108,109,174],[30,106,107],[12,104,105],[102,103,105],[100,101,143],
[98,99,184],[44,96,97],[128,129,153],[82,95,180],[47,94,157],[30,91,92],[89,90,114],[9,88,147],[97,101,146],[86,87,135],
[85,132,180],[84,130,178],[10,113,175],[27,83,173],[82,89,171],[42,112,167],[81,85,165],[8,83,164],[7,80,163],[6,79,162],
[66,77,160],[19,75,158],[73,121,156],[47,98,168],[94,121,153],[52,70,151],[69,149,151],[19,67,145],[74,100,144],[14,64,143],
[61,136,183],[93,95,181],[57,119,179],[73,177,186],[59,156,176],[111,146,191],[95,109,189],[57,61,182],[57,133,178],[56,66,161],
[54,65,159],[52,63,157],[54,150,161],[50,148,159],[87,114,142],[46,48,110],[47,108,147],[28,46,106],[42,104,111],[102,104,109],
[64,75,100],[98,158,162],[5,45,96],[72,99,153],[95,99,171],[44,91,120],[87,89,110],[14,45,88],[96,101,145],[43,58,86],
[41,78,79],[13,76,77],[23,74,75],[68,73,117],[72,98,161],[71,121,159],[10,70,76],[27,68,69],[31,66,67],[56,65,74],
[63,64,67],[62,116,136],[61,93,177],[60,119,176],[16,59,73],[15,58,59],[94,128,146],[99,144,170],[29,61,134],[10,55,56],
[27,53,54],[52,65,78],[2,51,122],[50,54,105],[49,50,103],[48,100,170],[46,96,166],[38,75,162],[70,160,162],[6,45,158],
[72,150,156],[74,77,151],[44,48,147],[47,110,146],[22,45,145],[52,144,145],[1,43,143],[11,42,142],[30,39,138],[58,120,136],
[36,131,140],[61,71,154],[29,60,152],[21,33,127],[36,165,179],[31,124,127],[86,106,120],[118,119,155],[37,62,118],[49,51,117],
[3,46,116],[109,173,175],[34,125,173],[82,108,167],[130,133,164],[32,131,163],[121,160,188],[101,108,166],[24,30,141],[35,124,139],
[23,40,137],[21,28,134],[23,126,141],[123,125,139],[75,123,137],[54,78,115],[50,76,113],[17,18,117],[71,72,149],[29,71,122],
[8,53,76],[7,17,68],[55,65,73],[63,66,98],[46,62,87],[60,135,142],[2,59,116],[5,44,58],[57,93,128],[16,55,113],
[15,53,83],[3,44,51],[17,26,50],[14,25,49],[13,41,42],[38,39,78],[21,118,120],[37,87,92],[36,67,81],[35,60,141],
[34,129,139],[33,38,70],[6,32,36],[35,118,127],[24,37,40],[29,51,135],[26,80,125],[34,57,165],[82,90,164],[4,26,130],
[25,32,45],[34,85,102],[24,70,79],[6,84,124],[22,23,66],[21,40,41],[20,85,103],[1,20,84],[25,64,123],[18,62,155],
[53,59,150],[17,58,148],[138,140,183],[33,138,142],[11,44,135],[35,126,131],[37,39,127],[16,122,149],[15,18,122],[9,14,116],
[69,77,115],[10,24,107],[11,97,111],[13,39,92],[8,10,90],[11,147,167],[49,68,83],[82,112,132],[12,27,112],[19,20,81],
[17,43,80],[47,88,158],[72,144,151],[9,97,143],[71,136,148],[10,33,114],[21,42,106],[8,13,104],[7,8,102],[21,91,114],
[89,92,112],[86,88,110],[23,41,77],[4,64,81],[22,38,52],[1,32,80],[36,40,79],[28,30,60],[90,105,115],[2,16,26],
[5,15,25],[94,95,108],[4,45,84],[15,16,103],[15,20,43],[3,19,96],[13,55,78],[12,54,56],[9,11,62],[12,33,42],
[19,43,88],[47,48,63],[5,48,64],[5,18,46],[14,51,86],[7,27,132],[22,32,126],[107,111,175],[39,107,115],[16,69,105],
[89,91,97],[12,24,92],[4,7,85],[2,3,80],[31,39,77],[12,69,70],[69,73,160],[23,24,56],[6,31,74],[8,55,68],
[1,22,63],[9,18,43],[52,67,79],[1,6,100],[2,4,14],[4,5,17],[18,28,29],[2,7,53],[3,20,49],[9,28,91],
[31,33,56],[1,3,48],[31,36,138],[11,37,107]];
###############################################################

