#SurfaceInfo: 1458 Vertices, 5832 Edges, 3888 Faces, IsOrientable=true
 #Vertices of faces:
vof1:=[[1456,1457,1458],[1454,1455,1457],[1452,1453,1458],[1451,1454,1456],[1449,1450,1456],[1447,1448,1455],[1446,1452,1457],[1444,1445,1457],[1442,1443,1453],[1440,1441,1451\
],
[1439,1449,1458],[1438,1447,1454],[1436,1437,1458],[1434,1435,1454],[1432,1433,1450],[1430,1431,1448],[1429,1445,1446],[1428,1444,1455],[1427,1442,1452],[1426,1440,1456],
[1424,1425,1455],[1422,1423,1452],[1420,1421,1445],[1418,1419,1443],[1416,1417,1441],[1415,1437,1439],[1414,1435,1438],[1413,1436,1453],[1412,1434,1451],[1411,1432,1449],
[1410,1430,1447],[1408,1409,1453],[1406,1407,1451],[1404,1405,1449],[1402,1403,1447],[1400,1401,1437],[1398,1399,1435],[1396,1397,1433],[1394,1395,1431],[1392,1393,1429],
[1391,1425,1428],[1390,1423,1427],[1389,1426,1450],[1388,1424,1448],[1387,1422,1446],[1386,1420,1444],[1385,1418,1442],[1384,1416,1440],[1382,1383,1450],[1380,1381,1448],
[1378,1379,1446],[1376,1377,1444],[1374,1375,1442],[1372,1373,1440],[1370,1371,1425],[1368,1369,1423],[1366,1367,1421],[1364,1365,1419],[1362,1363,1417],[1360,1361,1415],
[1358,1359,1414],[1357,1409,1413],[1356,1407,1412],[1355,1405,1411],[1354,1403,1410],[1353,1408,1443],[1352,1406,1441],[1351,1404,1439],[1350,1402,1438],[1349,1400,1436],
[1348,1398,1434],[1347,1396,1432],[1346,1394,1430],[1345,1392,1445],[1343,1344,1443],[1341,1342,1441],[1339,1340,1439],[1337,1338,1438],[1335,1336,1436],[1333,1334,1434],
[1331,1332,1432],[1329,1330,1430],[1327,1328,1409],[1325,1326,1407],[1323,1324,1405],[1321,1322,1403],[1319,1320,1401],[1317,1318,1399],[1315,1316,1397],[1313,1314,1395],
[1311,1312,1393],[1309,1310,1391],[1307,1308,1390],[1306,1383,1389],[1305,1381,1388],[1304,1379,1387],[1303,1377,1386],[1302,1375,1385],[1301,1373,1384],[1300,1382,1433],
[1299,1380,1431],[1298,1378,1429],[1297,1376,1428],[1296,1374,1427],[1295,1372,1426],[1294,1370,1424],[1293,1368,1422],[1292,1366,1420],[1291,1364,1418],[1290,1362,1416],
[1289,1360,1437],[1288,1358,1435],[1286,1287,1433],[1284,1285,1431],[1282,1283,1429],[1280,1281,1428],[1278,1279,1427],[1276,1277,1426],[1274,1275,1424],[1272,1273,1422],
[1270,1271,1420],[1268,1269,1418],[1266,1267,1416],[1264,1265,1383],[1262,1263,1381],[1260,1261,1379],[1258,1259,1377],[1256,1257,1375],[1254,1255,1373],[1252,1253,1371],
[1250,1251,1369],[1248,1249,1367],[1246,1247,1365],[1244,1245,1363],[1242,1243,1361],[1240,1241,1359],[1238,1239,1357],[1236,1237,1356],[1234,1235,1355],[1232,1233,1354],
[1231,1344,1353],[1230,1342,1352],[1229,1340,1351],[1228,1338,1350],[1227,1336,1349],[1226,1334,1348],[1225,1332,1347],[1224,1330,1346],[1223,1345,1421],[1222,1343,1419],
[1221,1341,1417],[1220,1339,1415],[1219,1337,1414],[1218,1335,1413],[1217,1333,1412],[1216,1331,1411],[1215,1329,1410],[1214,1327,1408],[1213,1325,1406],[1212,1323,1404],
[1211,1321,1402],[1210,1319,1400],[1209,1317,1398],[1208,1315,1396],[1207,1313,1394],[1206,1311,1392],[1205,1309,1425],[1204,1307,1423],[1202,1203,1421],[1200,1201,1419],
[1198,1199,1417],[1196,1197,1415],[1194,1195,1414],[1192,1193,1413],[1190,1191,1412],[1188,1189,1411],[1186,1187,1410],[1184,1185,1408],[1182,1183,1406],[1180,1181,1404],
[1178,1179,1402],[1176,1177,1400],[1174,1175,1398],[1172,1173,1396],[1170,1171,1394],[1168,1169,1392],[1166,1167,1344],[1164,1165,1342],[1163,1165,1340],[1161,1162,1338],
[1159,1160,1336],[1157,1158,1334],[1155,1156,1332],[1193,1218,1330],[1153,1154,1328],[1151,1152,1326],[1149,1150,1324],[1148,1220,1322],[1146,1147,1320],[1144,1145,1318],
[1142,1143,1316],[1143,1247,1314],[1140,1141,1312],[1138,1139,1310],[1136,1137,1308],[1134,1135,1306],[1132,1133,1305],[1130,1131,1304],[1128,1129,1303],[1126,1127,1302],
[1124,1125,1301],[1123,1287,1300],[1122,1285,1299],[1171,1283,1298],[1173,1281,1297],[1121,1279,1296],[1120,1277,1295],[1119,1275,1294],[1118,1273,1293],[1117,1271,1292],
[1116,1269,1291],[1115,1267,1290],[1114,1289,1401],[1113,1288,1399],[1112,1286,1397],[1111,1284,1395],[1110,1282,1393],[1109,1280,1391],[1108,1278,1390],[1107,1276,1389],
[1106,1274,1388],[1105,1272,1387],[1104,1270,1386],[1103,1268,1385],[1102,1266,1384],[1117,1264,1382],[1118,1262,1380],[1101,1260,1378],[1100,1258,1376],[1099,1256,1374],
[1098,1254,1372],[1097,1252,1370],[1096,1250,1368],[1095,1248,1366],[1094,1246,1364],[1093,1244,1362],[1092,1242,1360],[1091,1240,1358],[1090,1238,1409],[1089,1236,1407],
[1088,1234,1405],[1087,1232,1403],[1086,1195,1401],[1084,1085,1399],[1082,1083,1397],[1080,1081,1395],[1078,1079,1393],[1076,1077,1391],[1074,1075,1390],[1072,1073,1389],
[1070,1071,1388],[1068,1069,1387],[1066,1067,1386],[1064,1065,1385],[1062,1063,1384],[1060,1061,1382],[1058,1059,1380],[1056,1057,1378],[1054,1055,1376],[1052,1053,1374],
[1050,1051,1372],[1048,1049,1370],[1046,1047,1368],[1044,1045,1366],[1043,1148,1364],[1041,1042,1362],[1039,1040,1360],[1037,1038,1358],[1035,1036,1287],[1033,1034,1285],
[1032,1283,1326],[1031,1281,1328],[1029,1030,1279],[1027,1028,1277],[1025,1026,1275],[1023,1024,1273],[1021,1022,1271],[1073,1107,1269],[1071,1106,1267],[1019,1020,1265],
[1017,1018,1263],[1015,1016,1261],[1013,1014,1259],[1012,1257,1352],[1011,1109,1255],[1010,1110,1253],[1009,1244,1251],[1008,1246,1249],[1143,1245,1246],[1007,1145,1243],
[1005,1006,1241],[1081,1111,1239],[1003,1004,1237],[1001,1002,1235],[999,1000,1233],[997,998,1231],[995,996,1230],[993,994,1229],[991,992,1228],[989,990,1227],
[987,988,1226],[985,986,1225],[983,984,1224],[982,1203,1223],[996,1201,1222],[981,1199,1221],[1043,1197,1220],[1042,1195,1219],[1045,1191,1217],[980,1189,1216],
[979,1187,1215],[978,1185,1214],[977,1183,1213],[976,1181,1212],[975,1179,1211],[1177,1210,1294],[974,1175,1209],[973,1173,1208],[972,1171,1207],[971,1169,1206],
[970,1205,1371],[969,1204,1369],[968,1202,1367],[967,1200,1365],[966,1198,1363],[965,1196,1361],[964,1194,1359],[1192,1248,1357],[1190,1250,1356],[963,1188,1355],
[962,1186,1354],[961,1184,1353],[1182,1256,1352],[960,1180,1351],[959,1178,1350],[958,1176,1349],[957,1174,1348],[956,1172,1347],[955,1170,1346],[974,1168,1345],
[976,1166,1343],[975,1164,1341],[954,1163,1339],[953,1161,1337],[952,1159,1335],[951,1157,1333],[950,1155,1331],[949,1218,1329],[948,1153,1327],[947,1151,1325],
[946,1149,1323],[945,1220,1321],[944,1146,1319],[943,1144,1317],[942,1142,1315],[1007,1247,1313],[941,1140,1311],[940,1138,1309],[939,1136,1307],[938,1134,1383],
[937,1132,1381],[936,1130,1379],[935,1128,1377],[934,1126,1375],[1075,1124,1373],[933,1073,1371],[931,932,1369],[929,930,1367],[927,928,1365],[925,926,1363],
[923,924,1361],[921,922,1359],[919,920,1357],[917,918,1356],[916,1202,1355],[915,1204,1354],[913,914,1353],[911,912,1351],[909,910,1350],[908,947,1349],
[906,907,1348],[904,905,1347],[902,903,1346],[900,901,1345],[898,899,1343],[896,897,1341],[895,945,1339],[893,894,1337],[891,892,1335],[889,890,1333],
[887,888,1331],[885,886,1329],[883,884,1327],[882,908,1325],[880,881,1323],[878,879,1321],[876,877,1319],[911,1229,1317],[1012,1230,1315],[875,1011,1313],
[873,874,1311],[871,872,1309],[870,915,1307],[869,916,1203],[867,868,1201],[865,866,1199],[864,1197,1261],[863,1193,1265],[862,1191,1263],[861,862,1189],
[859,860,1187],[858,903,1185],[856,857,1183],[854,855,1181],[852,853,1179],[850,851,1177],[848,849,1175],[914,961,1169],[846,847,1167],[844,845,1165],
[842,843,1165],[840,841,1162],[838,839,1160],[836,837,1158],[1156,1170,1298],[835,965,1154],[834,964,1152],[833,1140,1150],[832,1142,1147],[927,1145,1247],
[1141,1142,1314],[831,1139,1316],[829,830,1137],[928,967,1135],[926,966,1133],[827,828,1131],[825,826,1129],[823,824,1127],[821,822,1125],[819,820,1123],
[817,818,1122],[815,816,1171],[813,814,1173],[811,812,1121],[809,810,1120],[807,808,1119],[805,806,1118],[803,804,1117],[801,802,1116],[799,800,1115],
[798,1086,1114],[797,1085,1113],[816,1083,1112],[796,1079,1110],[875,1077,1109],[874,1075,1108],[877,1069,1105],[795,1067,1104],[794,1065,1103],[793,1063,1102],
[792,1061,1117],[791,1059,1118],[790,1057,1101],[789,1055,1100],[788,1053,1099],[1051,1098,1214],[1049,1097,1213],[787,1047,1096],[786,1045,1095],[785,1043,1094],
[784,1042,1093],[783,1040,1092],[782,1038,1091],[781,1090,1328],[780,1089,1326],[779,1088,1324],[778,1087,1322],[777,1195,1320],[776,1084,1318],[1082,1138,1316],
[1080,1140,1314],[775,1078,1312],[774,1076,1310],[773,1074,1308],[1072,1146,1306],[1070,1144,1305],[1068,1149,1304],[772,1066,1303],[771,1064,1302],[770,1062,1301],
[769,1060,1300],[768,1058,1299],[1056,1155,1298],[767,1054,1297],[766,1052,1296],[765,1050,1295],[764,1048,1294],[763,1046,1293],[762,1044,1292],[761,1148,1291],
[760,1041,1290],[787,1039,1289],[1037,1225,1288],[1035,1226,1286],[789,1033,1284],[788,1032,1282],[759,1031,1280],[758,1029,1278],[757,1027,1276],[756,1025,1274],
[822,1023,1272],[824,1021,1270],[849,1107,1268],[755,1106,1266],[754,1019,1264],[753,1017,1262],[752,1015,1260],[751,1013,1258],[750,1109,1254],[749,1110,1252],
[918,1009,1250],[920,1008,1248],[831,1143,1244],[748,1145,1242],[747,1005,1240],[746,1111,1238],[745,1003,1236],[744,1001,1234],[743,999,1232],[742,997,1344],
[843,995,1342],[845,993,1340],[741,991,1338],[740,989,1336],[739,987,1334],[738,985,1332],[737,983,1330],[735,736,1324],[733,734,1322],[731,732,1320],
[730,748,1318],[728,729,1312],[726,727,1310],[724,725,1308],[722,723,1306],[720,721,1305],[718,719,1304],[717,1084,1303],[716,1088,1302],[715,1087,1301],
[713,714,1300],[711,712,1299],[710,1172,1297],[709,751,1296],[708,752,1295],[707,791,1293],[706,792,1292],[704,705,1291],[702,703,1290],[700,701,1289],
[698,699,1288],[696,697,1286],[694,695,1284],[693,749,1282],[692,750,1280],[690,691,1278],[688,689,1276],[686,687,1274],[684,685,1272],[682,683,1270],
[680,681,1268],[678,679,1266],[677,804,1264],[676,806,1262],[708,866,1260],[709,868,1258],[674,675,1256],[672,673,1254],[670,671,1252],[668,669,1242],
[666,667,1240],[664,665,1238],[662,663,1236],[716,734,1234],[661,715,1232],[660,1086,1194],[659,717,1085],[657,658,1083],[655,656,1081],[653,654,1079],
[652,1077,1162],[651,1071,1169],[1069,1161,1167],[654,1067,1163],[650,886,1065],[648,649,1063],[647,705,1061],[646,703,1059],[644,645,1057],[642,643,1055],
[641,703,1053],[639,640,1051],[637,638,1049],[710,767,1047],[714,769,1040],[712,768,1038],[635,636,1036],[633,634,1034],[631,632,1030],[629,630,1028],
[627,628,1026],[626,772,1024],[1022,1041,1219],[625,1020,1221],[624,774,1018],[623,773,1016],[622,1005,1014],[796,1008,1010],[1006,1008,1245],[1004,1094,1249],
[620,621,1002],[618,619,1000],[729,775,998],[616,617,994],[615,632,992],[614,756,990],[612,613,988],[610,611,986],[608,609,984],[606,607,982],
[604,605,996],[602,603,981],[711,1043,1122],[601,777,1042],[599,600,1045],[597,598,980],[596,691,979],[594,595,978],[592,593,977],[590,591,976],
[588,589,975],[586,587,974],[585,814,973],[584,816,972],[583,651,971],[582,933,970],[581,932,969],[601,930,968],[580,924,965],[579,922,964],
[669,963,1202],[667,962,1204],[673,912,960],[671,910,959],[578,908,958],[577,907,957],[576,905,956],[575,903,955],[574,901,974],[582,899,976],
[583,897,975],[573,895,954],[572,894,953],[571,892,952],[570,890,951],[569,888,950],[660,886,949],[884,948,1101],[881,946,1102],[568,879,945],
[567,877,944],[566,943,1229],[565,942,1230],[621,875,1007],[564,874,941],[563,872,940],[562,870,939],[561,938,1265],[560,937,1263],[559,936,1261],
[558,935,1259],[712,934,1257],[557,1075,1255],[556,1073,1253],[555,931,1251],[929,1003,1249],[925,1005,1245],[554,923,1243],[553,921,1241],[552,919,1239],
[551,917,1237],[550,916,1235],[549,915,1233],[913,1009,1231],[909,1013,1228],[548,947,1227],[697,906,1226],[699,904,1225],[547,902,1224],[546,900,1223],
[545,898,1222],[896,1019,1221],[893,1021,1219],[544,891,1218],[543,889,1217],[542,887,1216],[541,885,1215],[540,883,1214],[539,882,1213],[538,880,1212],
[537,878,1211],[536,876,1210],[535,911,1209],[628,1012,1208],[617,1011,1207],[534,873,1206],[568,871,1205],[571,867,1200],[570,865,1198],[569,864,1196],
[533,863,1192],[532,862,1190],[560,862,1188],[531,859,1186],[530,858,1184],[529,856,1182],[607,854,1180],[852,1137,1178],[611,850,1176],[609,848,1174],
[528,961,1168],[527,846,1166],[526,844,1164],[842,1066,1163],[840,1068,1161],[525,838,1159],[524,836,1157],[523,965,1153],[522,964,1151],[719,833,1149],
[723,832,1146],[721,927,1144],[521,829,1136],[520,967,1134],[519,966,1132],[518,827,1130],[517,825,1128],[516,823,1126],[515,821,1124],[514,819,1287],
[513,817,1285],[815,1152,1283],[813,1154,1281],[512,811,1279],[511,809,1277],[510,807,1275],[509,805,1273],[508,803,1271],[556,801,1269],[714,799,1267],
[507,719,1259],[506,1038,1257],[504,505,1255],[502,503,1253],[501,1093,1251],[499,500,1243],[498,887,1241],[496,497,1239],[494,495,1237],[492,493,1235],
[490,491,1233],[488,489,1231],[486,487,1228],[485,931,1227],[484,935,1224],[483,934,1223],[482,995,1222],[481,1044,1217],[480,525,1216],[479,524,1215],
[478,582,1212],[477,583,1211],[476,1119,1210],[475,574,1209],[474,1026,1208],[472,473,1207],[470,471,1206],[468,469,1205],[466,467,1200],[464,465,1198],
[463,523,1196],[462,522,1194],[461,1095,1192],[460,1096,1190],[458,459,1188],[456,457,1186],[454,455,1184],[453,675,1182],[451,452,1180],[450,605,1178],
[449,727,1176],[448,729,1174],[447,859,1172],[445,446,1170],[444,587,1168],[443,591,1166],[442,589,1164],[480,658,1159],[479,656,1157],[440,441,1155],
[438,439,1153],[436,437,1151],[435,626,1138],[433,434,1136],[431,432,1134],[429,430,1132],[428,503,1130],[484,505,1128],[427,483,1126],[426,1074,1124],
[425,933,1072],[424,485,932],[422,423,930],[421,579,928],[420,880,926],[419,882,924],[418,492,922],[417,920,1030],[416,918,1028],[415,914,1040],
[912,1029,1036],[910,1027,1034],[418,907,1031],[414,681,905],[413,679,903],[412,473,901],[411,471,899],[410,897,1065],[408,409,895],[407,576,894],
[405,406,892],[403,404,890],[471,498,888],[401,402,884],[399,400,908],[544,881,949],[481,543,879],[546,872,934],[482,545,870],[397,398,869],
[395,396,868],[393,394,866],[392,532,861],[391,447,860],[390,461,857],[389,548,855],[388,697,853],[851,873,1108],[387,552,847],[386,551,845],
[385,550,843],[384,549,841],[383,829,839],[466,837,967],[580,832,835],[579,834,927],[830,832,1141],[828,942,1147],[489,623,826],[381,382,824],
[380,421,822],[500,554,820],[553,818,887],[501,555,814],[379,392,812],[391,530,810],[378,529,808],[376,377,806],[374,375,804],[372,373,802],
[371,800,950],[370,798,951],[368,369,797],[366,367,816],[365,624,796],[625,875,981],[364,557,874],[362,363,877],[360,361,795],[410,459,794],
[359,457,793],[357,358,792],[355,356,791],[442,513,790],[443,514,789],[353,354,788],[351,352,787],[350,600,786],[349,785,1122],[348,601,784],
[347,415,783],[506,782,978],[781,906,1031],[346,780,1032],[345,736,779],[344,734,778],[364,732,777],[730,776,801],[365,727,774],[343,725,773],
[435,772,1084],[434,771,1088],[432,770,1087],[439,709,766],[437,708,765],[342,764,1177],[341,707,763],[340,706,762],[339,705,761],[338,703,760],
[337,701,787],[346,695,789],[347,693,788],[336,692,759],[335,691,758],[334,689,757],[385,687,756],[333,685,822],[332,683,824],[426,681,849],
[425,679,755],[677,754,954],[676,753,953],[331,673,750],[330,671,749],[489,831,1009],[329,669,748],[328,667,747],[430,665,746],[327,663,745],
[326,734,744],[325,661,743],[742,953,1167],[324,741,1162],[323,740,1160],[322,739,1158],[482,738,1156],[737,1020,1193],[321,735,1150],[320,733,1148],
[731,827,1147],[728,829,1141],[319,726,1139],[450,724,1137],[318,722,1135],[317,720,1133],[316,718,1131],[315,717,1129],[314,716,1127],[313,715,1125],
[713,833,1123],[751,838,1121],[752,836,1120],[312,704,1116],[311,702,1115],[310,700,1114],[309,698,1113],[344,696,1112],[389,694,1111],[690,850,1108],
[688,848,1107],[396,686,1106],[308,684,1105],[307,682,1104],[306,680,1103],[305,678,1102],[304,866,1101],[303,868,1100],[479,674,1099],[302,672,1098],
[301,670,1097],[300,668,1092],[299,666,1091],[453,664,1090],[331,662,1089],[334,657,1082],[385,655,1080],[333,653,1078],[332,652,1076],[298,651,1070],
[297,886,1064],[296,648,1062],[647,825,1060],[646,827,1058],[295,644,1056],[369,642,1054],[641,1002,1052],[639,1000,1050],[375,637,1048],[373,767,1046],
[294,769,1039],[293,768,1037],[292,635,1035],[312,633,1033],[631,911,1029],[629,909,1027],[291,627,1025],[290,772,1023],[289,774,1017],[288,773,1015],
[487,622,1013],[361,620,1001],[363,618,999],[398,775,997],[322,616,993],[287,615,991],[423,756,989],[424,612,987],[286,610,985],[285,608,983],
[284,606,1203],[303,604,1201],[304,602,1199],[711,1016,1197],[599,1018,1191],[283,597,1189],[463,596,1187],[413,594,1185],[282,592,1183],[281,590,1181],
[280,588,1179],[279,586,1175],[278,943,1160],[277,487,1158],[446,870,1156],[276,330,1154],[275,455,1152],[274,941,1150],[273,343,1139],[272,682,1135],
[271,684,1133],[269,270,1131],[267,268,1129],[266,332,1127],[265,333,1125],[263,264,1123],[261,262,1121],[260,735,1120],[326,733,1119],[259,740,1116],
[258,739,1115],[257,738,1114],[321,737,1113],[778,815,1112],[256,876,1105],[255,291,1104],[254,290,1103],[253,346,1100],[252,347,1099],[251,978,1098],
[250,977,1097],[249,337,1096],[248,857,1095],[247,384,1094],[246,335,1093],[280,853,1092],[244,245,1091],[243,315,1090],[242,316,1089],[241,435,1082],
[264,833,1080],[240,265,1078],[266,289,1076],[239,288,1074],[238,944,1072],[839,943,1070],[237,946,1068],[236,290,1066],[235,325,1064],[261,812,1062],
[233,234,1060],[232,731,1058],[231,441,1056],[229,230,1054],[228,367,1052],[227,497,1050],[226,495,1048],[225,500,1046],[224,648,1044],[222,223,1041],
[221,352,1039],[220,986,1037],[219,988,1035],[218,443,1033],[253,354,1032],[255,423,1025],[254,421,1023],[217,382,1021],[215,216,1019],[214,252,1017],
[291,795,1015],[388,696,1003],[213,698,1001],[211,212,999],[209,210,997],[207,208,995],[206,276,993],[205,275,991],[259,930,989],[258,932,987],
[204,257,985],[274,321,983],[203,260,736],[201,202,732],[200,402,730],[199,725,921],[267,723,861],[269,721,860],[198,712,872],[710,859,869],
[199,707,863],[197,446,706],[196,444,705],[195,247,701],[213,246,699],[245,345,695],[407,693,905],[249,409,692],[194,340,689],[193,341,687],
[192,271,685],[245,272,683],[191,246,677],[190,657,676],[189,394,708],[396,709,755],[256,308,675],[310,665,738],[309,663,737],[389,661,746],
[188,462,660],[186,187,659],[185,211,658],[184,656,674],[182,183,654],[181,654,954],[650,826,885],[224,649,828],[238,475,645],[239,476,643],
[640,668,963],[638,666,962],[318,602,636],[180,317,634],[179,314,632],[313,620,630],[178,618,628],[343,623,831],[619,796,1006],[632,920,1010],
[264,385,614],[384,613,785],[176,177,611],[174,175,609],[273,319,607],[318,603,682],[320,600,761],[173,598,841],[172,181,691],[171,295,595],
[170,593,952],[169,296,591],[167,168,589],[165,166,587],[164,165,585],[163,367,584],[162,258,581],[161,259,601],[160,387,580],[159,386,579],
[158,669,968],[157,667,969],[155,156,673],[154,294,671],[400,578,747],[153,234,577],[236,575,858],[152,235,574],[151,178,582],[149,150,583],
[253,303,573],[304,572,884],[219,571,937],[218,284,570],[147,148,569],[146,297,660],[145,306,568],[212,363,567],[144,566,994],[143,565,996],
[177,621,981],[187,364,564],[188,198,563],[446,562,792],[561,791,863],[170,559,864],[171,507,558],[158,505,557],[157,503,556],[160,497,552],
[159,495,551],[493,550,655],[247,491,549],[548,694,931],[212,547,935],[216,480,542],[252,479,541],[142,540,1051],[141,539,1049],[140,478,538],
[139,477,537],[476,536,642],[475,535,644],[138,473,617],[137,471,534],[136,469,568],[170,467,571],[465,570,798],[463,569,800],[154,461,533],
[140,460,532],[141,459,560],[457,531,704],[455,530,834],[243,453,529],[135,452,607],[168,449,611],[134,448,609],[444,528,759],[443,527,758],
[442,526,757],[133,439,523],[132,437,522],[132,434,521],[210,432,520],[208,430,519],[131,503,518],[130,505,517],[129,427,516],[128,426,515],
[514,758,1036],[513,757,1034],[127,512,1030],[126,511,1028],[221,510,1026],[509,745,1024],[508,746,1022],[714,914,1071],[713,719,1014],[125,506,1012],
[504,616,1011],[502,615,1010],[499,620,1007],[498,618,1006],[124,496,1081],[123,494,1004],[228,492,1002],[227,490,1000],[122,488,998],[486,700,992],
[121,485,990],[127,484,984],[483,622,982],[525,629,980],[524,627,979],[120,474,973],[169,472,972],[119,470,971],[118,468,970],[239,464,966],
[458,639,963],[456,637,962],[185,454,961],[117,451,960],[116,605,959],[180,727,958],[115,729,957],[139,447,956],[156,445,955],[592,658,952],
[124,656,951],[254,440,950],[114,438,948],[113,436,947],[204,626,940],[230,433,939],[231,431,938],[429,892,937],[428,786,936],[422,790,929],
[243,420,925],[135,419,923],[492,724,921],[168,417,919],[134,416,917],[112,415,913],[128,681,904],[111,679,902],[412,612,900],[411,616,898],
[410,615,896],[136,408,945],[137,576,893],[162,405,891],[403,820,889],[226,401,883],[166,399,882],[164,544,880],[163,543,878],[189,546,871],
[110,545,915],[109,397,916],[120,395,867],[169,393,865],[237,390,856],[113,548,854],[108,697,852],[107,552,846],[106,551,844],[109,550,842],
[110,549,840],[262,383,838],[466,735,836],[234,623,825],[156,381,823],[154,380,821],[188,554,819],[187,553,817],[555,779,813],[105,379,811],
[202,530,809],[200,529,807],[203,376,805],[104,374,803],[103,372,801],[107,371,799],[146,370,1086],[368,590,1085],[366,592,1083],[181,624,1079],
[625,841,1077],[362,847,1069],[183,360,1067],[266,359,1063],[196,357,1061],[355,641,1059],[102,513,1057],[101,514,1055],[353,702,1053],[100,351,1047],
[99,262,1024],[223,661,1022],[133,663,1020],[98,132,1018],[97,234,1016],[96,747,1014],[95,247,1004],[115,451,998],[94,374,994],[179,376,992],
[93,652,990],[92,653,988],[91,168,986],[134,512,984],[90,135,982],[88,89,980],[87,690,979],[130,504,977],[86,511,973],[103,510,972],
[150,509,971],[151,508,970],[556,776,969],[557,777,968],[85,672,960],[84,670,959],[83,236,958],[82,237,957],[113,537,956],[108,381,955],
[81,188,949],[80,790,948],[390,793,946],[79,645,944],[179,649,942],[141,638,941],[142,640,940],[77,78,939],[76,121,938],[75,144,936],
[80,696,929],[90,622,925],[90,197,923],[91,107,919],[106,512,917],[630,913,918],[525,751,909],[74,108,906],[73,129,904],[73,128,902],
[88,598,900],[250,504,898],[216,502,896],[217,534,893],[84,116,891],[71,72,889],[70,161,885],[69,270,883],[68,273,878],[138,412,876],
[66,67,873],[65,145,871],[92,219,867],[218,591,865],[148,593,864],[83,202,858],[82,200,856],[273,537,854],[381,830,852],[64,177,850],
[63,175,848],[145,371,846],[66,81,844],[236,578,842],[237,577,840],[62,633,823],[60,61,821],[101,563,819],[102,564,817],[59,275,815],
[98,276,813],[97,106,811],[86,732,809],[103,730,807],[150,736,805],[99,151,803],[96,713,799],[58,507,718],[57,246,501],[56,493,724],
[55,491,722],[94,489,650],[208,482,665],[481,648,659],[56,478,933],[55,477,651],[464,476,733],[54,223,475],[91,220,473],[225,469,499],
[78,467,797],[76,171,465],[194,462,706],[249,408,460],[53,140,455],[52,139,453],[51,115,452],[50,450,604],[78,449,726],[76,448,728],
[77,422,442],[185,480,528],[85,117,441],[118,430,508],[427,520,837],[239,426,519],[49,238,425],[48,50,424],[51,60,423],[159,421,440],
[47,228,418],[46,418,759],[414,614,680],[413,613,678],[251,397,406],[250,404,545],[402,433,771],[400,431,770],[45,122,396],[44,143,394],
[220,392,472],[127,391,417],[43,380,461],[382,580,830],[392,723,835],[391,721,834],[90,243,378],[179,377,565],[94,375,488],[42,217,373],
[95,123,369],[125,363,628],[112,361,630],[41,459,539],[46,79,457],[40,136,358],[137,356,411],[268,354,490],[352,393,608],[350,395,610],
[39,349,818],[85,161,348],[38,150,345],[37,344,716],[36,86,364],[35,180,365],[68,242,343],[435,581,776],[98,434,779],[59,432,778],
[49,439,755],[189,437,521],[342,520,851],[339,436,647],[74,338,646],[34,73,337],[33,43,346],[123,347,368],[124,336,370],[181,335,677],
[334,676,742],[92,146,333],[93,148,332],[56,111,425],[62,156,331],[61,154,330],[50,158,329],[157,328,636],[49,133,327],[223,325,574],
[324,614,652],[40,278,323],[277,322,411],[35,317,684],[68,270,316],[268,315,420],[266,314,649],[265,313,499],[62,312,740],[61,311,739],
[255,307,454],[254,306,371],[81,305,881],[251,302,405],[250,301,403],[87,300,853],[38,245,299],[32,242,331],[241,334,526],[298,521,839],
[235,297,474],[296,472,812],[76,231,295],[78,230,369],[69,226,375],[58,225,373],[221,294,533],[220,293,532],[219,292,560],[218,312,531],
[252,289,415],[31,288,795],[31,361,698],[59,210,398],[61,276,322],[53,275,287],[204,286,456],[274,285,357],[284,531,869],[70,283,861],
[30,463,860],[65,282,857],[281,518,855],[279,519,849],[483,487,837],[330,379,835],[272,380,928],[271,538,926],[30,269,828],[70,267,826],
[72,263,820],[260,468,810],[326,470,808],[70,259,802],[30,258,800],[257,383,798],[321,466,797],[290,575,794],[75,248,786],[335,527,784],
[29,280,783],[29,244,782],[28,315,781],[27,316,780],[240,397,775],[325,401,771],[261,399,770],[233,634,769],[51,232,768],[42,229,767],
[63,367,766],[45,497,765],[44,495,764],[403,500,763],[224,405,762],[222,351,760],[82,215,754],[26,214,753],[291,524,752],[99,388,745],
[84,213,744],[72,211,743],[209,689,742],[207,687,843],[206,567,845],[205,566,741],[201,573,731],[402,572,748],[267,490,722],[69,269,720],
[97,198,711],[46,444,704],[195,376,700],[345,555,694],[379,407,749],[32,409,750],[38,340,688],[37,341,686],[69,191,804],[190,419,806],
[39,308,674],[310,360,664],[309,362,662],[89,389,715],[28,186,717],[211,547,657],[75,184,655],[182,613,653],[55,318,635],[317,516,633],
[37,314,631],[89,313,629],[87,178,627],[384,598,612],[176,600,610],[174,351,608],[49,319,606],[320,558,599],[25,173,597],[25,172,596],
[57,295,594],[296,590,659],[58,167,588],[64,165,586],[24,165,814],[387,539,924],[46,386,922],[155,636,912],[294,634,910],[47,153,907],
[91,152,901],[178,498,899],[149,650,897],[26,303,895],[23,304,894],[22,284,890],[147,470,888],[36,306,879],[21,89,855],[67,427,851],
[31,309,847],[229,542,818],[167,417,810],[147,416,808],[58,283,802],[338,458,794],[20,456,793],[24,413,785],[282,366,784],[281,368,783],
[280,595,782],[74,342,781],[33,279,780],[299,438,766],[19,436,765],[21,74,764],[301,535,763],[302,536,762],[176,355,761],[174,458,760],
[232,573,754],[329,572,753],[17,18,744],[263,401,743],[16,585,741],[383,465,728],[54,467,726],[191,516,720],[27,283,718],[358,562,702],
[64,300,690],[63,299,688],[19,45,686],[36,324,680],[182,372,678],[95,195,672],[57,213,670],[20,33,668],[15,438,666],[14,52,664],
[62,323,662],[19,517,647],[21,518,646],[57,301,644],[95,302,642],[176,621,641],[174,619,639],[286,488,637],[52,477,635],[341,535,631],
[22,327,606],[26,329,604],[23,328,602],[98,206,599],[27,207,597],[173,523,596],[24,501,594],[507,588,595],[33,300,586],[16,278,566],
[13,277,486],[15,274,638],[264,414,494],[256,412,424],[240,251,506],[12,67,249],[18,241,581],[40,265,469],[214,231,541],[215,230,542],
[228,348,366],[18,227,496],[226,263,494],[17,201,253],[51,255,293],[28,210,342],[27,208,279],[47,203,348],[22,202,404],[200,215,433],
[186,199,553],[11,199,533],[197,378,445],[196,377,587],[186,193,707],[80,192,344],[72,185,307],[13,183,584],[54,238,319],[175,365,619],
[24,166,349],[10,64,164],[9,63,163],[30,162,224],[11,32,235],[87,151,388],[144,184,374],[8,143,605],[10,177,603],[36,187,481],
[7,158,484],[155,157,428],[6,45,160],[8,44,159],[206,212,558],[216,336,528],[54,170,222],[135,190,515],[93,134,147],[131,336,502],
[67,129,337],[126,378,416],[11,221,474],[6,122,451],[93,121,448],[120,350,511],[169,352,510],[119,327,509],[83,180,233],[82,115,232],
[80,114,271],[20,204,640],[73,111,248],[18,84,162],[166,377,419],[16,164,420],[13,68,163],[65,189,298],[92,120,297],[81,106,198],
[109,328,578],[110,233,577],[97,105,153],[99,104,261],[96,107,152],[14,102,645],[101,287,643],[100,398,710],[257,262,626],[133,173,625],
[132,172,624],[94,149,617],[130,244,593],[86,324,585],[103,182,584],[113,339,576],[108,338,575],[79,386,567],[141,292,564],[5,142,563],
[77,311,562],[5,121,561],[144,205,559],[197,462,554],[129,191,699],[128,190,547],[88,394,546],[10,116,544],[9,71,543],[161,441,541],
[13,270,540],[138,340,536],[66,305,534],[145,282,527],[12,66,526],[60,452,515],[167,225,468],[171,320,464],[172,194,522],[140,293,454],
[7,139,675],[77,449,589],[8,117,440],[118,153,429],[5,48,485],[60,311,422],[122,286,395],[143,285,393],[7,127,447],[20,43,390],
[217,305,372],[125,323,362],[14,112,360],[41,287,410],[14,79,359],[15,136,357],[137,339,355],[16,268,353],[11,242,725],[34,491,701],
[43,272,695],[123,414,693],[12,124,692],[4,146,685],[148,244,683],[41,288,643],[71,307,603],[196,285,565],[142,356,561],[100,222,559],
[277,356,540],[114,460,538],[4,192,517],[12,241,496],[183,310,486],[126,155,445],[3,214,431],[105,406,429],[126,350,428],[15,114,408],
[104,349,399],[4,131,370],[112,289,359],[278,353,358],[3,96,400],[85,195,203],[83,110,404],[59,100,205],[48,56,450],[34,55,298],
[48,53,478],[42,160,382],[2,39,229],[38,138,149],[7,50,256],[2,35,308],[34,65,248],[29,131,281],[21,44,88],[19,37,192],
[39,104,184],[75,111,493],[25,193,207],[3,26,409],[23,105,407],[31,41,387],[17,119,326],[52,102,292],[40,125,240],[17,227,354],
[28,193,209],[47,118,260],[22,119,201],[3,32,152],[23,109,406],[25,194,209],[9,35,175],[1,8,116],[1,10,71],[1,6,117],
[5,53,101],[4,29,130],[2,6,42],[1,2,9],[1454,1456,1457],[1452,1457,1458],[1449,1456,1458],[1447,1454,1455],[1444,1455,1457],[1442,1452,1453],
[1440,1451,1456],[1436,1453,1458],[1434,1451,1454],[1432,1449,1450],[1430,1447,1448],[1445,1446,1457],[1426,1450,1456],[1424,1448,1455],[1422,1446,1452],[1420,1444,1445],
[1418,1442,1443],[1416,1440,1441],[1437,1439,1458],[1435,1438,1454],[1408,1443,1453],[1406,1441,1451],[1404,1439,1449],[1402,1438,1447],[1400,1436,1437],[1398,1434,1435],
[1396,1432,1433],[1394,1430,1431],[1392,1429,1445],[1425,1428,1455],[1423,1427,1452],[1382,1433,1450],[1380,1431,1448],[1378,1429,1446],[1376,1428,1444],[1374,1427,1442],
[1372,1426,1440],[1370,1424,1425],[1368,1422,1423],[1366,1420,1421],[1364,1418,1419],[1362,1416,1417],[1360,1415,1437],[1358,1414,1435],[1409,1413,1453],[1407,1412,1451],
[1405,1411,1449],[1403,1410,1447],[1345,1421,1445],[1343,1419,1443],[1341,1417,1441],[1339,1415,1439],[1337,1414,1438],[1335,1413,1436],[1333,1412,1434],[1331,1411,1432],
[1329,1410,1430],[1327,1408,1409],[1325,1406,1407],[1323,1404,1405],[1321,1402,1403],[1319,1400,1401],[1317,1398,1399],[1315,1396,1397],[1313,1394,1395],[1311,1392,1393],
[1309,1391,1425],[1307,1390,1423],[1383,1389,1450],[1381,1388,1448],[1379,1387,1446],[1377,1386,1444],[1375,1385,1442],[1373,1384,1440],[1289,1401,1437],[1288,1399,1435],
[1286,1397,1433],[1284,1395,1431],[1282,1393,1429],[1280,1391,1428],[1278,1390,1427],[1276,1389,1426],[1274,1388,1424],[1272,1387,1422],[1270,1386,1420],[1268,1385,1418],
[1266,1384,1416],[1264,1382,1383],[1262,1380,1381],[1260,1378,1379],[1258,1376,1377],[1256,1374,1375],[1254,1372,1373],[1252,1370,1371],[1250,1368,1369],[1248,1366,1367],
[1246,1364,1365],[1244,1362,1363],[1242,1360,1361],[1240,1358,1359],[1238,1357,1409],[1236,1356,1407],[1234,1355,1405],[1232,1354,1403],[1344,1353,1443],[1342,1352,1441],
[1340,1351,1439],[1338,1350,1438],[1336,1349,1436],[1334,1348,1434],[1332,1347,1432],[1330,1346,1430],[1205,1371,1425],[1204,1369,1423],[1202,1367,1421],[1200,1365,1419],
[1198,1363,1417],[1196,1361,1415],[1194,1359,1414],[1192,1357,1413],[1190,1356,1412],[1188,1355,1411],[1186,1354,1410],[1184,1353,1408],[1182,1352,1406],[1180,1351,1404],
[1178,1350,1402],[1176,1349,1400],[1174,1348,1398],[1172,1347,1396],[1170,1346,1394],[1168,1345,1392],[1166,1343,1344],[1164,1341,1342],[1163,1339,1340],[1161,1337,1338],
[1159,1335,1336],[1157,1333,1334],[1155,1331,1332],[1218,1329,1330],[1153,1327,1328],[1151,1325,1326],[1149,1323,1324],[1220,1321,1322],[1146,1319,1320],[1144,1317,1318],
[1142,1315,1316],[1247,1313,1314],[1140,1311,1312],[1138,1309,1310],[1136,1307,1308],[1134,1306,1383],[1132,1305,1381],[1130,1304,1379],[1128,1303,1377],[1126,1302,1375],
[1124,1301,1373],[1287,1300,1433],[1285,1299,1431],[1283,1298,1429],[1281,1297,1428],[1279,1296,1427],[1277,1295,1426],[1275,1294,1424],[1273,1293,1422],[1271,1292,1420],
[1269,1291,1418],[1267,1290,1416],[1090,1328,1409],[1089,1326,1407],[1088,1324,1405],[1087,1322,1403],[1195,1320,1401],[1084,1318,1399],[1082,1316,1397],[1080,1314,1395],
[1078,1312,1393],[1076,1310,1391],[1074,1308,1390],[1072,1306,1389],[1070,1305,1388],[1068,1304,1387],[1066,1303,1386],[1064,1302,1385],[1062,1301,1384],[1060,1300,1382],
[1058,1299,1380],[1056,1298,1378],[1054,1297,1376],[1052,1296,1374],[1050,1295,1372],[1048,1294,1370],[1046,1293,1368],[1044,1292,1366],[1148,1291,1364],[1041,1290,1362],
[1039,1289,1360],[1037,1288,1358],[1035,1286,1287],[1033,1284,1285],[1032,1282,1283],[1031,1280,1281],[1029,1278,1279],[1027,1276,1277],[1025,1274,1275],[1023,1272,1273],
[1021,1270,1271],[1107,1268,1269],[1106,1266,1267],[1019,1264,1265],[1017,1262,1263],[1015,1260,1261],[1013,1258,1259],[1256,1257,1352],[1109,1254,1255],[1110,1252,1253],
[1009,1250,1251],[1008,1248,1249],[1143,1246,1247],[1143,1244,1245],[1145,1242,1243],[1005,1240,1241],[1111,1238,1239],[1003,1236,1237],[1001,1234,1235],[999,1232,1233],
[997,1231,1344],[995,1230,1342],[993,1229,1340],[991,1228,1338],[989,1227,1336],[987,1226,1334],[985,1225,1332],[983,1224,1330],[1203,1223,1421],[1201,1222,1419],
[1199,1221,1417],[1197,1220,1415],[1195,1219,1414],[1193,1218,1413],[1191,1217,1412],[1189,1216,1411],[1187,1215,1410],[1185,1214,1408],[1183,1213,1406],[1181,1212,1404],
[1179,1211,1402],[1177,1210,1400],[1175,1209,1398],[1173,1208,1396],[1171,1207,1394],[1169,1206,1392],[938,1265,1383],[937,1263,1381],[936,1261,1379],[935,1259,1377],
[934,1257,1375],[1075,1255,1373],[1073,1253,1371],[931,1251,1369],[929,1249,1367],[927,1247,1365],[925,1245,1363],[923,1243,1361],[921,1241,1359],[919,1239,1357],
[917,1237,1356],[916,1235,1355],[915,1233,1354],[913,1231,1353],[1012,1230,1352],[911,1229,1351],[909,1228,1350],[947,1227,1349],[906,1226,1348],[904,1225,1347],
[902,1224,1346],[900,1223,1345],[898,1222,1343],[896,1221,1341],[945,1220,1339],[893,1219,1337],[891,1218,1335],[889,1217,1333],[887,1216,1331],[885,1215,1329],
[883,1214,1327],[882,1213,1325],[880,1212,1323],[878,1211,1321],[876,1210,1319],[911,1209,1317],[1012,1208,1315],[1011,1207,1313],[873,1206,1311],[871,1205,1309],
[915,1204,1307],[916,1202,1203],[867,1200,1201],[865,1198,1199],[864,1196,1197],[1086,1194,1195],[863,1192,1193],[862,1190,1191],[862,1188,1189],[859,1186,1187],
[858,1184,1185],[856,1182,1183],[854,1180,1181],[852,1178,1179],[850,1176,1177],[848,1174,1175],[1172,1173,1297],[1170,1171,1298],[961,1168,1169],[846,1166,1167],
[844,1164,1165],[842,1163,1165],[840,1161,1162],[838,1159,1160],[836,1157,1158],[1155,1156,1298],[965,1153,1154],[964,1151,1152],[833,1149,1150],[1043,1148,1220],
[832,1146,1147],[927,1144,1145],[1142,1143,1314],[1140,1141,1314],[1138,1139,1316],[829,1136,1137],[967,1134,1135],[966,1132,1133],[827,1130,1131],[825,1128,1129],
[823,1126,1127],[821,1124,1125],[819,1123,1287],[817,1122,1285],[815,1171,1283],[813,1173,1281],[811,1121,1279],[809,1120,1277],[807,1119,1275],[805,1118,1273],
[803,1117,1271],[801,1116,1269],[799,1115,1267],[1086,1114,1401],[1085,1113,1399],[1083,1112,1397],[1081,1111,1395],[1079,1110,1393],[1077,1109,1391],[1075,1108,1390],
[1073,1107,1389],[1071,1106,1388],[1069,1105,1387],[1067,1104,1386],[1065,1103,1385],[1063,1102,1384],[1061,1117,1382],[1059,1118,1380],[1057,1101,1378],[1055,1100,1376],
[1053,1099,1374],[1051,1098,1372],[1049,1097,1370],[1047,1096,1368],[1045,1095,1366],[1043,1094,1364],[1042,1093,1362],[1040,1092,1360],[1038,1091,1358],[742,1167,1344],
[843,1165,1342],[845,1165,1340],[741,1162,1338],[740,1160,1336],[739,1158,1334],[738,1156,1332],[737,1193,1330],[1154,1281,1328],[1152,1283,1326],[735,1150,1324],
[733,1148,1322],[731,1147,1320],[748,1145,1318],[831,1143,1316],[728,1141,1312],[726,1139,1310],[724,1137,1308],[722,1135,1306],[720,1133,1305],[718,1131,1304],
[717,1129,1303],[716,1127,1302],[715,1125,1301],[713,1123,1300],[711,1122,1299],[751,1121,1296],[752,1120,1295],[1119,1210,1294],[791,1118,1293],[792,1117,1292],
[704,1116,1291],[702,1115,1290],[700,1114,1289],[698,1113,1288],[696,1112,1286],[694,1111,1284],[749,1110,1282],[750,1109,1280],[690,1108,1278],[688,1107,1276],
[686,1106,1274],[684,1105,1272],[682,1104,1270],[680,1103,1268],[678,1102,1266],[804,1117,1264],[806,1118,1262],[866,1101,1260],[868,1100,1258],[674,1099,1256],
[672,1098,1254],[670,1097,1252],[1096,1190,1250],[1095,1192,1248],[1094,1246,1249],[1093,1244,1251],[668,1092,1242],[666,1091,1240],[664,1090,1238],[662,1089,1236],
[716,1088,1234],[715,1087,1232],[717,1084,1085],[657,1082,1083],[655,1080,1081],[653,1078,1079],[652,1076,1077],[1074,1075,1124],[933,1072,1073],[651,1070,1071],
[1068,1069,1161],[1066,1067,1163],[886,1064,1065],[648,1062,1063],[647,1060,1061],[646,1058,1059],[644,1056,1057],[642,1054,1055],[641,1052,1053],[639,1050,1051],
[637,1048,1049],[767,1046,1047],[1044,1045,1217],[1041,1042,1219],[769,1039,1040],[768,1037,1038],[635,1035,1036],[633,1033,1034],[780,1032,1326],[781,1031,1328],
[631,1029,1030],[629,1027,1028],[627,1025,1026],[772,1023,1024],[1021,1022,1219],[1019,1020,1221],[774,1017,1018],[773,1015,1016],[622,1013,1014],[875,1011,1109],
[796,1010,1110],[831,1009,1244],[1008,1245,1246],[1007,1145,1247],[1005,1006,1245],[1003,1004,1249],[620,1001,1002],[618,999,1000],[775,997,998],[995,996,1222],
[616,993,994],[615,991,992],[756,989,990],[612,987,988],[610,985,986],[608,983,984],[606,982,1203],[604,996,1201],[602,981,1199],[711,1043,1197],
[777,1042,1195],[599,1045,1191],[597,980,1189],[596,979,1187],[594,978,1185],[592,977,1183],[590,976,1181],[588,975,1179],[764,1177,1294],[586,974,1175],
[814,973,1173],[816,972,1171],[651,971,1169],[933,970,1371],[932,969,1369],[930,968,1367],[928,967,1365],[926,966,1363],[924,965,1361],[922,964,1359],
[920,1248,1357],[918,1250,1356],[963,1202,1355],[962,1204,1354],[914,961,1353],[912,960,1351],[910,959,1350],[908,958,1349],[907,957,1348],[905,956,1347],
[903,955,1346],[901,974,1345],[899,976,1343],[897,975,1341],[895,954,1339],[894,953,1337],[892,952,1335],[890,951,1333],[888,950,1331],[886,949,1329],
[884,948,1327],[908,947,1325],[881,946,1323],[879,945,1321],[877,944,1319],[943,1229,1317],[942,1230,1315],[875,1007,1313],[874,941,1311],[872,940,1309],
[870,939,1307],[514,1036,1287],[513,1034,1285],[512,1030,1279],[511,1028,1277],[510,1026,1275],[509,1024,1273],[508,1022,1271],[556,1073,1269],[714,1071,1267],
[1020,1193,1265],[1018,1191,1263],[1016,1197,1261],[719,1014,1259],[506,1012,1257],[504,1011,1255],[502,1010,1253],[499,1007,1243],[498,1006,1241],[496,1081,1239],
[494,1004,1237],[492,1002,1235],[490,1000,1233],[488,998,1231],[565,996,1230],[566,994,1229],[486,992,1228],[485,990,1227],[988,1035,1226],[986,1037,1225],
[484,984,1224],[483,982,1223],[625,981,1221],[525,980,1216],[524,979,1215],[978,1098,1214],[977,1097,1213],[582,976,1212],[583,975,1211],[574,974,1209],
[474,973,1208],[472,972,1207],[470,971,1206],[468,970,1205],[667,969,1204],[669,968,1202],[466,967,1200],[464,966,1198],[523,965,1196],[522,964,1194],
[458,963,1188],[456,962,1186],[454,961,1184],[675,1182,1256],[451,960,1180],[605,959,1178],[727,958,1176],[729,957,1174],[447,956,1172],[445,955,1170],
[587,974,1168],[591,976,1166],[589,975,1164],[654,954,1163],[953,1161,1167],[658,952,1159],[656,951,1157],[440,950,1155],[544,949,1218],[438,948,1153],
[436,947,1151],[946,1068,1149],[944,1072,1146],[943,1070,1144],[942,1142,1147],[941,1140,1150],[626,940,1138],[433,939,1136],[431,938,1134],[429,937,1132],
[428,936,1130],[484,935,1128],[483,934,1126],[485,931,932],[422,929,930],[579,927,928],[420,925,926],[419,923,924],[492,921,922],[417,919,920],
[416,917,918],[415,913,914],[911,912,1029],[909,910,1027],[906,907,1031],[681,904,905],[679,902,903],[412,900,901],[411,898,899],[410,896,897],
[408,895,945],[576,893,894],[405,891,892],[403,889,890],[498,887,888],[650,885,886],[401,883,884],[399,882,908],[544,880,881],[543,878,879],
[876,877,1105],[873,874,1108],[546,871,872],[545,870,915],[397,869,916],[395,867,868],[393,865,866],[559,864,1261],[561,863,1265],[560,862,1263],
[532,861,862],[447,859,860],[575,858,903],[390,856,857],[548,854,855],[697,852,853],[850,851,1108],[848,849,1107],[552,846,847],[551,844,845],
[550,842,843],[549,840,841],[383,838,839],[466,836,837],[580,835,965],[579,834,964],[833,1080,1140],[832,1141,1142],[829,830,1141],[827,828,1147],
[623,825,826],[381,823,824],[380,821,822],[554,819,820],[553,817,818],[815,816,1112],[555,813,814],[379,811,812],[530,809,810],[529,807,808],
[376,805,806],[374,803,804],[372,801,802],[371,799,800],[370,798,1086],[368,797,1085],[366,816,1083],[624,796,1079],[625,875,1077],[557,874,1075],
[362,877,1069],[360,795,1067],[410,794,1065],[359,793,1063],[357,792,1061],[355,791,1059],[513,790,1057],[514,789,1055],[353,788,1053],[540,1051,1214],
[539,1049,1213],[351,787,1047],[600,786,1045],[785,1043,1122],[601,784,1042],[415,783,1040],[506,782,1038],[736,779,1324],[734,778,1322],[732,777,1320],
[730,776,1318],[729,775,1312],[727,774,1310],[725,773,1308],[723,1146,1306],[721,1144,1305],[719,1149,1304],[772,1084,1303],[771,1088,1302],[770,1087,1301],
[714,769,1300],[712,768,1299],[710,767,1297],[709,766,1296],[708,765,1295],[707,763,1293],[706,762,1292],[705,761,1291],[703,760,1290],[701,787,1289],
[699,1225,1288],[697,1226,1286],[695,789,1284],[693,788,1282],[692,759,1280],[691,758,1278],[689,757,1276],[687,756,1274],[685,822,1272],[683,824,1270],
[681,849,1268],[679,755,1266],[677,754,1264],[676,753,1262],[708,752,1260],[709,751,1258],[673,750,1254],[671,749,1252],[669,748,1242],[667,747,1240],
[665,746,1238],[663,745,1236],[734,744,1234],[661,743,1232],[284,869,1203],[303,868,1201],[304,866,1199],[283,861,1189],[463,860,1187],[413,903,1185],
[282,857,1183],[281,855,1181],[280,853,1179],[342,851,1177],[279,849,1175],[914,1071,1169],[847,1069,1167],[841,1077,1162],[839,943,1160],[487,837,1158],
[446,1156,1170],[330,835,1154],[455,834,1152],[343,831,1139],[830,852,1137],[272,928,1135],[271,926,1133],[269,828,1131],[267,826,1129],[332,824,1127],
[333,822,1125],[263,820,1123],[349,818,1122],[261,812,1121],[260,810,1120],[326,808,1119],[259,802,1116],[258,800,1115],[257,798,1114],[321,797,1113],
[291,795,1104],[290,794,1103],[793,946,1102],[790,948,1101],[346,789,1100],[347,788,1099],[337,787,1096],[248,786,1095],[384,785,1094],[335,784,1093],
[280,783,1092],[244,782,1091],[315,781,1090],[316,780,1089],[434,779,1088],[432,778,1087],[435,776,1084],[435,1082,1138],[240,775,1078],[289,774,1076],
[288,773,1074],[290,772,1066],[325,771,1064],[261,770,1062],[233,769,1060],[232,768,1058],[441,1056,1155],[229,767,1054],[367,766,1052],[497,765,1050],
[495,764,1048],[500,763,1046],[224,762,1044],[320,761,1148],[222,760,1041],[352,787,1039],[443,789,1033],[354,788,1032],[418,759,1031],[758,1029,1036],
[757,1027,1034],[423,756,1025],[421,822,1023],[382,824,1021],[396,755,1106],[215,754,1019],[214,753,1017],[291,752,1015],[751,909,1013],[913,918,1009],
[920,1008,1010],[747,1005,1014],[389,746,1111],[388,745,1003],[213,744,1001],[211,743,999],[209,742,997],[207,843,995],[206,845,993],[205,741,991],
[259,740,989],[258,739,987],[257,738,985],[321,737,983],[260,735,736],[326,733,734],[201,731,732],[402,730,748],[448,728,729],[449,726,727],
[724,725,921],[267,722,723],[269,720,721],[507,718,719],[713,714,799],[198,711,712],[710,859,1172],[707,791,863],[446,706,792],[444,704,705],
[702,703,1053],[195,700,701],[213,698,699],[388,696,697],[345,694,695],[407,693,749],[409,692,750],[690,691,979],[340,688,689],[341,686,687],
[271,684,685],[272,682,683],[414,680,681],[413,678,679],[191,677,804],[190,676,806],[394,708,866],[396,709,868],[308,674,675],[672,673,960],
[670,671,959],[668,669,963],[666,667,962],[310,664,665],[309,662,663],[344,716,734],[389,661,715],[462,660,1194],[186,659,717],[211,657,658],
[184,655,656],[182,653,654],[324,652,1162],[224,648,649],[339,647,705],[338,646,703],[475,644,645],[476,642,643],[641,703,1059],[639,640,963],
[637,638,962],[318,635,636],[317,633,634],[314,631,632],[313,629,630],[178,627,628],[435,626,772],[365,624,774],[343,623,773],[622,925,1005],
[796,1006,1008],[620,621,1007],[618,619,1006],[616,617,1011],[615,632,1010],[385,614,756],[384,612,613],[176,610,611],[174,608,609],[319,606,607],
[450,604,605],[318,602,603],[601,777,968],[320,599,600],[173,597,598],[172,596,691],[295,594,595],[592,593,952],[296,590,591],[167,588,589],
[165,586,587],[165,585,814],[367,584,816],[477,583,651],[478,582,933],[258,581,932],[259,601,930],[387,580,924],[386,579,922],[155,673,912],
[294,671,910],[400,578,908],[153,577,907],[407,576,905],[152,574,901],[178,582,899],[149,583,897],[303,573,895],[304,572,894],[571,892,937],
[284,570,890],[147,569,888],[297,660,886],[304,884,1101],[305,881,1102],[306,568,879],[363,567,877],[621,875,981],[364,564,874],[198,563,872],
[446,562,870],[507,558,1259],[712,1038,1257],[505,557,1255],[503,556,1253],[501,555,1251],[500,554,1243],[553,887,1241],[497,552,1239],[495,551,1237],
[493,550,1235],[491,549,1233],[489,1009,1231],[487,1013,1228],[548,931,1227],[547,935,1224],[546,934,1223],[482,545,1222],[481,543,1217],[480,542,1216],
[479,541,1215],[478,538,1212],[477,537,1211],[476,536,1210],[475,535,1209],[628,1026,1208],[473,617,1207],[471,534,1206],[469,568,1205],[467,571,1200],
[465,570,1198],[463,569,1196],[461,533,1192],[460,532,1190],[459,560,1188],[457,531,1186],[455,530,1184],[453,529,1182],[452,607,1180],[450,1137,1178],
[449,611,1176],[448,609,1174],[444,528,1168],[443,527,1166],[442,526,1164],[480,525,1159],[479,524,1157],[439,523,1153],[437,522,1151],[434,521,1136],
[432,520,1134],[430,519,1132],[503,518,1130],[505,517,1128],[427,516,1126],[426,515,1124],[146,660,1086],[590,659,1085],[592,658,1083],[124,656,1081],
[181,654,1079],[183,654,1067],[650,897,1065],[266,649,1063],[196,705,1061],[102,645,1057],[101,643,1055],[142,640,1051],[141,638,1049],[100,710,1047],
[714,914,1040],[636,912,1036],[634,910,1034],[632,920,1030],[630,918,1028],[262,626,1024],[223,1022,1041],[133,625,1020],[132,624,1018],[234,623,1016],
[247,1004,1094],[621,641,1002],[619,639,1000],[115,729,998],[94,617,994],[179,632,992],[614,652,990],[613,653,988],[168,611,986],[134,609,984],
[135,607,982],[143,605,996],[177,603,981],[88,598,980],[595,782,978],[130,593,977],[86,585,973],[103,584,972],[150,583,971],[151,582,970],
[581,776,969],[236,578,958],[237,577,957],[113,576,956],[108,575,955],[573,754,954],[572,753,953],[170,571,952],[570,798,951],[569,800,950],
[188,660,949],[136,568,945],[79,567,944],[278,566,943],[179,565,942],[141,564,941],[142,563,940],[77,562,939],[121,561,938],[219,560,937],
[144,559,936],[212,558,935],[712,872,934],[555,694,931],[696,929,1003],[197,554,923],[199,553,921],[107,552,919],[106,551,917],[109,550,916],
[110,549,915],[113,548,947],[108,697,906],[129,699,904],[128,547,902],[88,546,900],[250,545,898],[216,896,1019],[217,893,1021],[116,544,891],
[71,543,889],[542,818,887],[161,541,885],[270,540,883],[539,882,924],[538,880,926],[273,537,878],[138,536,876],[535,631,911],[125,628,1012],
[66,534,873],[145,568,871],[219,571,867],[218,570,865],[148,569,864],[199,533,863],[531,859,869],[202,530,858],[200,529,856],[273,607,854],
[177,611,850],[175,609,848],[185,528,961],[145,527,846],[66,526,844],[236,842,1066],[237,840,1068],[525,751,838],[524,752,836],[713,719,833],
[723,832,835],[721,834,927],[521,829,839],[520,837,967],[239,519,966],[518,646,827],[517,647,825],[516,633,823],[60,515,821],[101,514,819],
[102,513,817],[275,815,1152],[276,813,1154],[106,512,811],[86,511,809],[103,510,807],[150,509,805],[151,508,803],[556,776,801],[130,504,505],
[131,502,503],[246,501,1093],[225,499,500],[227,496,497],[226,494,495],[492,493,724],[490,491,722],[94,488,489],[277,486,487],[208,482,995],
[481,648,1044],[476,733,1119],[223,475,574],[221,474,1026],[220,472,473],[470,471,888],[225,468,469],[466,467,797],[171,464,465],[463,523,596],
[194,462,522],[461,857,1095],[249,460,1096],[458,459,794],[456,457,793],[140,454,455],[139,453,675],[115,451,452],[197,445,446],[196,444,587],
[218,443,591],[77,442,589],[185,480,658],[479,656,674],[117,440,441],[438,439,766],[436,437,765],[433,434,771],[431,432,770],[118,429,430],
[157,428,503],[158,484,505],[427,483,837],[239,426,1074],[238,425,1072],[48,424,485],[60,422,423],[159,421,579],[164,420,880],[166,419,882],
[228,418,492],[127,417,1030],[126,416,1028],[138,412,473],[137,411,471],[249,408,409],[251,405,406],[250,403,404],[471,498,899],[401,402,771],
[399,400,770],[397,398,775],[122,395,396],[143,393,394],[220,392,532],[127,391,447],[43,390,461],[389,548,694],[160,387,552],[159,386,551],
[385,550,655],[247,384,549],[383,728,829],[580,830,832],[489,623,831],[381,382,830],[380,421,928],[379,392,835],[391,530,834],[243,378,529],
[179,376,377],[94,374,375],[217,372,373],[254,371,950],[124,370,951],[123,368,369],[228,366,367],[364,557,777],[125,362,363],[112,360,361],
[41,410,459],[79,359,457],[136,357,358],[137,355,356],[442,513,757],[443,514,758],[268,353,354],[351,352,608],[350,600,610],[161,348,601],
[252,347,415],[251,506,978],[253,346,1032],[150,345,736],[86,364,732],[103,730,801],[180,365,727],[242,343,725],[439,709,755],[189,437,708],
[193,341,707],[194,340,706],[34,337,701],[43,346,695],[123,347,693],[124,336,692],[181,335,691],[334,689,742],[385,687,843],[146,333,685],
[148,332,683],[128,426,681],[111,425,679],[181,677,954],[676,742,953],[156,331,673],[154,330,671],[158,329,669],[157,328,667],[208,430,665],
[133,327,663],[223,325,661],[278,323,1160],[277,322,1158],[482,870,1156],[274,321,1150],[273,319,1139],[318,682,1135],[317,684,1133],[270,316,1131],
[268,315,1129],[266,314,1127],[265,313,1125],[264,833,1123],[262,838,1121],[735,836,1120],[312,740,1116],[311,739,1115],[310,738,1114],[309,737,1113],
[344,778,1112],[256,308,1105],[255,307,1104],[254,306,1103],[253,303,1100],[252,479,1099],[251,302,1098],[250,301,1097],[300,853,1092],[245,299,1091],
[243,453,1090],[242,331,1089],[241,334,1082],[264,385,1080],[265,333,1078],[266,332,1076],[298,839,1070],[235,297,1064],[296,812,1062],[234,825,1060],
[731,827,1058],[231,295,1056],[230,369,1054],[228,1002,1052],[227,1000,1050],[226,375,1048],[225,373,1046],[221,294,1039],[220,293,1037],[219,292,1035],
[218,312,1033],[255,291,1025],[254,290,1023],[252,289,1017],[288,795,1015],[361,698,1001],[212,363,999],[210,398,997],[276,322,993],[275,287,991],
[423,930,989],[424,932,987],[204,286,985],[274,285,983],[56,425,933],[46,418,922],[47,418,907],[414,693,905],[91,473,901],[26,409,895],
[23,407,894],[406,429,892],[22,404,890],[402,572,884],[81,881,949],[36,481,879],[398,710,869],[392,723,861],[391,721,860],[89,389,855],
[87,388,853],[67,851,873],[31,387,847],[386,567,845],[384,598,841],[649,828,942],[489,650,826],[403,500,820],[24,501,814],[392,472,812],
[391,417,810],[378,416,808],[377,419,806],[69,375,804],[58,373,802],[78,369,797],[365,619,796],[31,361,795],[358,562,792],[356,561,791],
[422,442,790],[350,428,786],[24,349,785],[348,366,784],[347,368,783],[74,781,906],[33,346,780],[345,555,779],[74,342,764],[341,535,763],
[340,536,762],[339,355,761],[338,458,760],[336,528,759],[335,527,758],[334,526,757],[426,519,849],[49,425,755],[32,331,750],[330,379,749],
[329,572,748],[328,578,747],[430,508,746],[327,509,745],[17,326,744],[325,401,743],[324,585,741],[62,323,740],[61,322,739],[482,665,738],
[663,737,1020],[321,466,735],[320,464,733],[54,319,726],[56,450,724],[55,318,722],[317,516,720],[27,316,718],[28,315,717],[37,314,716],
[89,313,715],[312,531,704],[311,562,702],[310,486,700],[31,309,698],[80,344,696],[64,690,850],[63,688,848],[45,396,686],[35,308,684],
[307,603,682],[36,306,680],[305,372,678],[95,302,672],[57,301,670],[33,300,668],[299,438,666],[52,453,664],[62,331,662],[334,657,676],
[92,333,653],[93,332,652],[55,298,651],[296,648,659],[57,295,644],[95,369,642],[375,488,637],[42,373,767],[294,634,769],[51,293,768],
[52,292,635],[62,312,633],[525,629,909],[291,524,627],[483,487,622],[361,620,630],[363,618,628],[322,411,616],[287,410,615],[412,424,612],
[286,395,610],[285,393,608],[22,284,606],[26,303,604],[23,304,602],[97,711,1016],[98,599,1018],[27,283,597],[24,413,594],[282,366,592],
[281,368,590],[280,588,595],[33,279,586],[61,276,330],[53,275,455],[274,638,941],[68,273,343],[69,269,270],[267,268,490],[263,264,494],
[99,261,262],[59,778,815],[256,412,876],[250,504,977],[67,249,337],[65,248,857],[246,335,677],[244,245,683],[243,315,420],[68,242,316],
[241,435,581],[40,240,265],[266,289,359],[239,288,643],[238,645,944],[237,390,946],[236,290,575],[235,325,574],[233,234,577],[232,573,731],
[231,441,541],[229,230,542],[54,222,223],[221,352,510],[91,220,986],[92,219,988],[17,253,354],[51,255,423],[254,421,440],[42,217,382],
[215,216,542],[214,252,541],[211,212,547],[28,209,210],[27,207,208],[98,206,276],[59,205,275],[204,257,626],[47,203,260],[22,201,202],
[200,402,433],[70,267,861],[30,269,860],[95,195,247],[57,213,246],[38,245,345],[80,192,271],[245,272,695],[191,246,699],[190,547,657],
[189,394,546],[188,462,554],[186,187,553],[72,185,211],[39,184,674],[182,183,584],[70,826,885],[30,224,828],[54,238,475],[239,464,476],
[35,180,317],[179,314,649],[313,499,620],[178,498,618],[176,177,621],[174,175,619],[173,625,841],[172,181,624],[76,171,295],[169,296,472],
[167,168,417],[24,165,166],[64,164,165],[63,163,367],[30,162,258],[70,161,259],[158,557,968],[157,556,969],[155,156,445],[154,294,533],
[96,400,747],[97,153,234],[83,236,858],[32,152,235],[87,151,178],[38,149,150],[218,284,531],[93,147,148],[92,146,297],[145,306,371],
[144,374,994],[36,187,364],[81,188,198],[170,593,864],[171,507,595],[45,160,497],[44,159,495],[75,493,655],[247,491,701],[216,480,528],
[53,140,478],[52,139,477],[40,136,469],[54,170,467],[383,465,798],[30,463,800],[154,380,461],[140,460,538],[141,459,539],[46,457,704],
[135,452,515],[168,449,589],[93,134,448],[46,444,759],[49,133,439],[132,437,521],[98,132,434],[59,210,432],[67,129,427],[99,745,1024],
[661,746,1022],[96,713,1014],[95,123,1004],[122,451,998],[376,700,992],[93,121,990],[127,512,984],[90,622,982],[89,629,980],[87,627,979],
[120,511,973],[169,510,972],[119,509,971],[118,508,970],[85,117,960],[84,116,959],[83,180,958],[82,115,957],[139,537,956],[156,381,955],
[80,114,948],[204,640,940],[78,230,939],[76,231,938],[75,786,936],[80,790,929],[90,243,925],[90,135,923],[91,168,919],[134,512,917],
[112,630,913],[73,128,904],[73,111,902],[598,612,900],[504,616,898],[502,615,896],[137,534,893],[84,162,891],[72,820,889],[69,226,883],
[68,163,878],[65,189,871],[92,120,867],[169,591,865],[82,237,856],[113,537,854],[108,381,852],[107,371,846],[81,106,844],[109,578,842],
[110,577,840],[62,156,823],[61,154,821],[188,563,819],[187,564,817],[98,779,813],[97,105,811],[202,732,809],[200,730,807],[203,736,805],
[99,104,803],[96,107,799],[11,199,725],[186,199,707],[197,462,706],[12,249,692],[194,209,689],[193,207,687],[4,192,685],[7,256,675],
[187,481,659],[20,640,668],[15,638,666],[328,602,636],[180,233,634],[264,414,614],[413,613,785],[176,600,761],[166,377,587],[16,164,585],
[13,163,584],[18,162,581],[160,382,580],[201,253,573],[206,212,567],[144,205,566],[143,285,565],[170,222,559],[171,320,558],[142,356,540],
[302,536,642],[301,535,644],[138,149,617],[140,293,532],[141,292,560],[133,173,523],[132,172,522],[210,342,520],[208,279,519],[131,281,518],
[4,130,517],[129,191,516],[128,190,515],[126,350,511],[125,240,506],[12,124,496],[123,414,494],[227,354,490],[122,286,488],[5,121,485],
[7,127,484],[120,297,474],[119,326,470],[118,260,468],[174,458,639],[286,456,637],[185,307,454],[6,117,451],[8,116,605],[7,139,447],
[15,114,438],[113,339,436],[215,230,433],[214,231,431],[135,190,419],[134,147,416],[112,289,415],[15,136,408],[137,339,576],[162,224,405],
[226,263,401],[166,349,399],[10,164,544],[9,163,543],[110,404,545],[109,397,406],[120,350,395],[169,352,393],[257,262,383],[105,379,407],
[195,203,376],[104,184,374],[103,182,372],[4,146,370],[309,362,847],[183,310,360],[196,285,357],[176,355,641],[353,358,702],[100,222,351],
[21,88,89],[87,300,690],[85,195,672],[84,213,670],[20,390,793],[14,79,645],[77,78,449],[76,121,448],[75,144,184],[90,197,378],
[91,107,152],[74,108,338],[73,129,337],[216,336,502],[217,305,534],[71,72,307],[12,66,67],[65,145,282],[148,244,593],[83,202,404],
[82,200,215],[10,64,177],[9,63,175],[66,81,305],[60,61,311],[5,101,563],[102,292,564],[97,106,198],[99,151,388],[58,283,718],
[94,149,650],[51,115,232],[50,329,604],[78,467,726],[76,465,728],[77,311,422],[49,238,319],[48,50,450],[51,60,452],[8,159,440],
[47,228,348],[324,614,680],[182,613,678],[240,251,397],[6,45,122],[8,44,143],[43,272,380],[41,387,539],[46,79,386],[39,229,818],
[85,161,441],[36,86,324],[189,298,521],[427,520,851],[19,436,647],[21,74,646],[34,73,248],[20,33,43],[56,111,493],[7,50,158],
[155,157,636],[40,278,358],[277,356,411],[13,68,270],[16,268,420],[265,469,499],[255,293,454],[11,32,242],[12,241,526],[11,235,474],
[58,167,225],[11,221,533],[20,204,456],[15,274,357],[21,518,855],[167,468,810],[147,470,808],[70,283,802],[338,575,794],[282,527,784],
[29,281,783],[29,280,782],[28,342,781],[27,279,780],[63,299,766],[19,45,765],[21,44,764],[301,403,763],[302,405,762],[174,351,760],
[82,232,754],[26,329,753],[18,84,744],[72,263,743],[16,566,741],[69,191,720],[38,299,688],[19,37,686],[14,360,664],[323,362,662],
[55,477,635],[37,341,631],[49,327,606],[206,558,599],[25,207,597],[25,173,596],[57,501,594],[58,507,588],[64,300,586],[34,55,491],
[48,56,478],[114,408,460],[50,256,424],[3,400,431],[44,88,394],[196,377,565],[39,104,349],[85,203,348],[37,192,344],[35,175,365],
[131,336,370],[40,125,323],[31,41,288],[59,100,398],[53,101,287],[114,271,538],[75,111,248],[29,130,244],[104,261,399],[2,42,229],
[3,26,214],[3,32,409],[38,138,340],[2,39,308],[28,186,193],[25,172,194],[47,118,153],[17,18,227],[14,52,102],[19,192,517],
[22,119,327],[23,109,328],[13,183,486],[18,241,496],[17,119,201],[126,378,445],[10,71,603],[126,155,428],[83,110,233],[34,65,298],
[3,96,152],[41,287,643],[5,142,561],[100,205,559],[13,277,540],[105,153,429],[14,112,359],[16,278,353],[6,42,160],[1,10,116],
[1,9,71],[1,8,117],[5,48,53],[23,105,406],[4,29,131],[25,193,209],[2,9,35],[1,2,6]];
###############################################################

