#SurfaceInfo: 27 Vertices, 81 Edges, 54 Faces, IsOrientable=true
 #Vertices of faces:
vof1:=[[25,26,27],[24,25,26],[23,25,27],[22,26,27],[19,20,21],[16,17,18],[13,14,15],[11,12,20],[9,10,14],[7,8,17],
[6,19,20],[5,16,17],[4,17,18],[3,20,21],[2,13,14],[1,14,15],[1,3,5],[2,4,6],[2,6,19],[4,6,18],
[3,5,21],[1,5,16],[2,4,13],[1,3,15],[6,11,20],[5,7,17],[4,8,17],[3,12,20],[1,9,14],[2,10,14],
[6,11,18],[3,12,15],[2,10,19],[5,7,21],[1,9,16],[4,8,13],[16,18,24],[13,15,23],[19,21,22],[11,18,24],
[12,15,23],[7,21,22],[10,19,22],[8,13,23],[9,16,24],[11,12,25],[7,8,27],[9,10,26],[11,24,25],[12,23,25],
[10,22,26],[7,22,27],[9,24,26],[8,23,27]];
###############################################################

#SurfaceInfo: 21 Vertices, 84 Edges, 56 Faces, IsOrientable=false
 #Vertices of faces:
vof2:=[[19,20,21],[18,19,20],[17,19,21],[16,20,21],[13,14,15],[11,12,14],[9,10,15],[7,8,13],[6,7,11],[5,7,11],
[4,8,9],[3,8,9],[2,10,12],[1,10,12],[6,11,14],[5,7,13],[1,12,14],[4,8,13],[3,9,15],[2,10,15],
[13,14,18],[14,15,17],[13,15,16],[6,14,18],[1,14,17],[4,13,16],[2,15,17],[3,15,16],[5,13,18],[3,8,12],
[4,9,11],[1,7,10],[2,8,12],[5,9,11],[6,7,10],[11,12,19],[7,8,20],[9,10,21],[3,12,19],[4,11,19],
[1,7,20],[6,10,21],[5,9,21],[2,8,20],[3,6,18],[3,6,16],[1,4,17],[1,4,16],[2,5,18],[2,5,17],
[3,18,19],[4,17,19],[1,16,20],[2,18,20],[5,17,21],[6,16,21]];
###############################################################

#SurfaceInfo: 24 Vertices, 84 Edges, 56 Faces, IsOrientable=true
 #Vertices of faces:
vof3:=[[22,23,24],[21,22,23],[20,23,24],[19,22,24],[16,17,18],[13,14,15],[10,11,12],[7,8,9],[5,6,14],[5,6,8],
[3,4,8],[3,4,11],[1,2,11],[1,2,14],[5,13,14],[5,7,8],[1,14,15],[3,8,9],[3,10,11],[1,11,12],
[5,16,17],[1,17,18],[3,16,18],[5,13,16],[1,15,18],[3,9,18],[1,12,17],[3,10,16],[5,7,17],[4,11,21],
[4,8,20],[2,14,19],[2,11,21],[6,8,20],[6,14,19],[4,13,15],[2,7,9],[6,10,12],[4,13,21],[4,15,20],
[2,9,19],[6,10,19],[6,12,20],[2,7,21],[13,16,22],[10,16,22],[15,18,24],[9,18,24],[7,17,23],[12,17,23],
[13,21,22],[15,20,24],[9,19,24],[7,21,23],[12,20,23],[10,19,22]];
###############################################################

#SurfaceInfo: 21 Vertices, 84 Edges, 56 Faces, IsOrientable=false
 #Vertices of faces:
vof4:=[[19,20,21],[18,19,20],[17,20,21],[16,19,21],[13,14,15],[11,12,14],[10,11,13],[11,13,14],[8,9,13],[6,7,16],
[4,5,17],[2,3,18],[1,9,14],[1,8,11],[6,13,15],[3,14,15],[7,11,12],[2,10,11],[4,10,13],[5,12,14],
[6,8,13],[2,10,18],[4,10,17],[7,8,11],[5,9,14],[6,15,16],[3,15,18],[4,9,13],[1,3,14],[1,2,11],
[5,12,17],[7,12,16],[1,8,19],[6,7,10],[8,9,21],[4,5,15],[1,9,20],[2,3,12],[6,8,19],[6,10,18],
[7,10,17],[7,8,21],[5,9,21],[5,15,16],[4,15,18],[4,9,20],[3,12,16],[2,12,17],[1,3,19],[1,2,20],
[6,18,19],[7,17,21],[5,16,21],[4,18,20],[2,17,20],[3,16,19]];
###############################################################

#SurfaceInfo: 18 Vertices, 90 Edges, 60 Faces, IsOrientable=false
 #Vertices of faces:
vof5:=[[16,17,18],[15,16,17],[14,17,18],[13,16,18],[10,11,12],[7,8,9],[9,11,14],[8,12,15],[7,10,13],[9,11,16],
[7,10,17],[8,12,18],[5,6,11],[5,6,7],[3,4,8],[3,4,10],[1,2,12],[1,2,9],[10,13,15],[7,13,14],
[12,14,15],[9,14,15],[8,13,15],[11,13,14],[4,9,16],[3,11,16],[6,12,18],[1,7,17],[2,10,17],[5,8,18],
[1,4,9],[4,5,8],[3,6,11],[2,3,10],[1,5,7],[2,6,12],[5,10,11],[3,7,8],[4,10,12],[6,7,9],
[2,8,9],[1,11,12],[4,5,16],[3,6,18],[1,4,17],[2,6,17],[1,5,18],[2,3,16],[5,10,15],[3,7,14],
[4,12,14],[6,9,15],[1,11,13],[2,8,13],[5,15,16],[3,14,18],[4,14,17],[6,15,17],[2,13,16],[1,13,18]];
###############################################################

#SurfaceInfo: 24 Vertices, 96 Edges, 64 Faces, IsOrientable=true
 #Vertices of faces:
vof6:=[[22,23,24],[21,22,23],[20,22,24],[19,23,24],[16,17,18],[14,15,18],[12,13,17],[10,11,16],[13,15,21],[11,12,20],
[10,14,19],[9,16,17],[8,17,18],[7,16,18],[7,12,13],[9,14,15],[8,10,11],[6,14,18],[5,10,16],[4,13,17],
[3,15,18],[2,11,16],[1,12,17],[2,4,6],[1,3,5],[6,8,18],[2,7,16],[3,7,18],[5,9,16],[4,9,17],
[1,8,17],[2,6,14],[3,5,10],[1,5,12],[2,4,11],[1,3,15],[4,6,13],[7,13,21],[7,12,20],[9,15,21],
[9,14,19],[8,10,19],[8,11,20],[10,14,22],[11,12,23],[13,15,24],[2,14,22],[3,10,22],[5,12,23],[6,13,24],
[1,15,24],[4,11,23],[2,7,21],[3,7,20],[5,9,21],[4,9,19],[6,8,20],[1,8,19],[2,21,22],[3,20,22],
[5,21,23],[4,19,23],[1,19,24],[6,20,24]];
###############################################################

#SurfaceInfo: 36 Vertices, 108 Edges, 72 Faces, IsOrientable=true
 #Vertices of faces:
vof7:=[[34,35,36],[33,34,35],[32,34,36],[31,35,36],[28,29,30],[25,26,27],[23,24,29],[21,22,28],[19,20,30],[17,18,27],
[15,16,26],[13,14,25],[12,28,29],[11,28,30],[10,29,30],[9,25,26],[8,25,27],[7,26,27],[12,23,29],[11,19,30],
[10,20,30],[12,21,28],[10,24,29],[11,22,28],[9,15,26],[9,13,25],[8,14,25],[7,17,27],[7,16,26],[8,18,27],
[5,6,9],[3,4,7],[1,2,8],[12,15,16],[11,13,14],[10,17,18],[12,15,23],[12,16,21],[11,14,22],[10,17,20],
[10,18,24],[11,13,19],[5,9,15],[3,7,16],[6,9,13],[1,8,14],[2,8,18],[4,7,17],[5,15,23],[6,13,19],
[3,16,21],[1,14,22],[4,17,20],[2,18,24],[23,24,33],[19,20,32],[21,22,31],[5,23,33],[6,19,32],[3,21,31],
[1,22,31],[2,24,33],[4,20,32],[5,6,34],[1,2,35],[3,4,36],[5,33,34],[6,32,34],[1,31,35],[4,32,36],
[3,31,36],[2,33,35]];
###############################################################

#SurfaceInfo: 18 Vertices, 108 Edges, 72 Faces, IsOrientable=true
 #Vertices of faces:
vof8:=[[16,17,18],[15,16,17],[14,17,18],[13,16,18],[10,11,12],[7,8,9],[4,5,6],[2,3,5],[1,3,6],[1,4,13],
[2,4,14],[1,2,15],[5,10,11],[3,10,12],[6,11,12],[2,7,8],[1,7,9],[4,8,9],[4,5,10],[1,3,10],
[1,6,11],[2,5,11],[4,6,12],[2,3,12],[2,7,14],[2,8,15],[1,9,15],[4,8,13],[4,9,14],[1,7,13],
[10,14,15],[11,13,14],[12,13,15],[2,4,16],[1,2,18],[1,4,17],[4,10,16],[2,11,16],[2,12,18],[1,11,17],
[4,12,17],[1,10,18],[7,10,14],[9,11,14],[8,10,15],[9,12,15],[7,12,13],[8,11,13],[7,10,16],[8,10,18],
[9,11,16],[9,12,18],[8,11,17],[7,12,17],[5,6,7],[3,6,8],[3,5,9],[6,7,16],[6,8,18],[3,9,16],
[5,9,18],[5,7,17],[3,8,17],[6,14,15],[5,13,15],[3,13,14],[6,15,16],[6,14,18],[5,13,18],[3,14,17],
[3,13,16],[5,15,17]];
###############################################################

#SurfaceInfo: 36 Vertices, 126 Edges, 84 Faces, IsOrientable=false
 #Vertices of faces:
vof9:=[[34,35,36],[33,34,35],[32,34,36],[31,35,36],[28,29,30],[25,26,27],[22,23,24],[20,21,26],[18,19,29],[17,18,28],
[15,16,23],[14,15,22],[13,20,25],[12,19,21],[11,16,21],[10,13,14],[9,14,17],[8,13,17],[7,16,19],[16,19,21],
[13,14,17],[20,25,26],[15,22,23],[18,28,29],[6,21,26],[5,13,25],[4,16,23],[3,19,29],[2,17,28],[1,14,22],
[6,11,21],[4,7,16],[3,12,19],[1,10,14],[5,8,13],[2,9,17],[25,29,30],[25,27,29],[23,24,28],[22,24,26],
[22,26,27],[23,28,30],[12,20,21],[8,17,18],[7,18,19],[11,15,16],[10,13,20],[9,14,15],[2,24,28],[6,24,26],
[1,22,27],[3,27,29],[4,23,30],[5,25,30],[2,9,12],[6,8,11],[1,7,10],[3,9,12],[4,7,10],[5,8,11],
[12,20,33],[10,20,33],[8,18,32],[7,18,32],[9,15,31],[11,15,31],[2,12,33],[6,8,32],[1,7,32],[3,9,31],
[5,11,31],[4,10,33],[2,24,34],[6,24,34],[1,27,36],[3,27,36],[5,30,35],[4,30,35],[2,33,34],[6,32,34],
[1,32,36],[3,31,36],[4,33,35],[5,31,35]];
###############################################################

#SurfaceInfo: 28 Vertices, 126 Edges, 84 Faces, IsOrientable=false
 #Vertices of faces:
vof10:=[[26,27,28],[25,26,27],[24,27,28],[23,26,28],[20,21,22],[18,19,22],[16,17,22],[14,15,19],[12,13,21],[11,12,20],
[9,10,17],[8,9,16],[7,14,18],[5,6,19],[4,6,17],[2,3,18],[1,3,16],[1,2,20],[4,5,21],[4,5,6],
[1,2,3],[14,18,19],[9,16,17],[12,20,21],[14,15,17],[7,14,20],[9,10,21],[12,13,19],[11,12,16],[8,9,18],
[4,14,17],[5,9,21],[6,12,19],[2,9,18],[1,14,20],[3,12,16],[20,22,23],[19,22,23],[16,22,25],[17,22,24],
[18,22,24],[21,22,25],[5,15,19],[2,11,20],[4,13,21],[6,10,17],[3,7,18],[1,8,16],[11,16,25],[15,17,24],
[8,18,24],[13,19,23],[10,21,25],[7,20,23],[3,12,26],[4,14,28],[2,9,27],[6,12,26],[5,9,27],[1,14,28],
[3,5,15],[3,5,7],[2,4,11],[2,4,13],[1,6,8],[1,6,10],[3,15,26],[4,11,28],[2,13,27],[6,8,26],
[1,10,28],[5,7,27],[11,15,25],[11,15,24],[8,13,24],[8,13,23],[7,10,23],[7,10,25],[15,25,26],[11,24,28],
[13,24,27],[8,23,26],[7,25,27],[10,23,28]];
###############################################################

