#SurfaceInfo: 52 Vertices, 156 Edges, 104 Faces, IsOrientable=true
 #Vertices of faces:
vof1:=[[50,51,52],[49,50,51],[48,50,52],[47,51,52],[44,45,46],[41,42,43],[39,40,42],[37,38,42],[39,41,42],[37,42,43],
[38,40,42],[36,39,41],[35,38,40],[34,37,43],[33,44,45],[32,45,46],[31,44,46],[29,30,36],[27,28,35],[25,26,34],
[24,30,45],[23,28,44],[22,26,46],[24,29,30],[22,25,26],[23,27,28],[30,32,45],[28,33,44],[26,31,46],[24,33,45],
[22,32,46],[23,31,44],[29,36,41],[25,34,37],[27,35,40],[20,21,24],[18,19,22],[16,17,23],[15,39,40],[14,37,38],
[13,41,43],[12,28,35],[11,26,34],[10,30,36],[9,36,39],[8,34,43],[7,35,38],[9,10,36],[7,12,35],[8,11,34],
[9,15,39],[8,13,43],[7,14,38],[12,28,33],[11,26,31],[10,30,32],[20,24,33],[16,23,31],[18,22,32],[13,29,41],
[14,25,37],[15,27,40],[19,22,25],[17,23,27],[21,24,29],[5,6,9],[3,4,8],[1,2,7],[5,9,15],[3,8,13],
[1,7,14],[4,8,11],[6,9,10],[2,7,12],[15,17,27],[13,21,29],[14,19,25],[12,20,33],[10,18,32],[11,16,31],
[5,15,17],[1,14,19],[3,13,21],[6,10,18],[4,11,16],[2,12,20],[16,17,49],[18,19,48],[20,21,47],[5,17,49],
[3,21,47],[1,19,48],[6,18,48],[2,20,47],[4,16,49],[5,6,50],[1,2,52],[3,4,51],[5,49,50],[3,47,51],
[1,48,52],[6,48,50],[4,49,51],[2,47,52]];
###############################################################

#SurfaceInfo: 57 Vertices, 171 Edges, 114 Faces, IsOrientable=true
 #Vertices of faces:
vof2:=[[55,56,57],[54,55,56],[53,55,57],[52,56,57],[49,50,51],[48,49,50],[47,50,51],[46,49,51],[43,44,45],[42,43,44],
[41,44,45],[40,43,45],[39,42,43],[38,40,45],[37,41,44],[36,42,44],[35,40,43],[34,41,45],[35,39,43],[36,37,44],
[34,38,45],[33,34,38],[32,35,39],[31,36,37],[30,48,49],[29,46,51],[28,47,50],[27,48,50],[26,46,49],[25,47,51],
[24,33,48],[23,32,46],[22,31,47],[29,32,46],[28,31,47],[30,33,48],[24,27,48],[22,25,47],[23,26,46],[27,28,50],
[25,29,51],[26,30,49],[23,32,39],[22,31,37],[24,33,38],[20,21,25],[18,19,27],[16,17,26],[15,39,42],[14,37,41],
[13,38,40],[12,36,42],[11,35,40],[10,34,41],[9,31,36],[8,32,35],[7,33,34],[9,12,36],[7,10,34],[8,11,35],
[12,15,42],[11,13,40],[10,14,41],[9,28,31],[7,30,33],[8,29,32],[16,23,26],[18,24,27],[20,22,25],[15,23,39],
[13,24,38],[14,22,37],[19,27,28],[17,26,30],[21,25,29],[5,6,12],[3,4,10],[1,2,11],[5,12,15],[3,10,14],
[1,11,13],[6,9,12],[2,8,11],[4,7,10],[9,19,28],[8,21,29],[7,17,30],[15,16,23],[14,20,22],[13,18,24],
[5,15,16],[1,13,18],[3,14,20],[6,9,19],[4,7,17],[2,8,21],[16,17,54],[18,19,53],[20,21,52],[5,16,54],
[3,20,52],[1,18,53],[6,19,53],[2,21,52],[4,17,54],[5,6,55],[1,2,57],[3,4,56],[5,54,55],[3,52,56],
[1,53,57],[6,53,55],[4,54,56],[2,52,57]];
###############################################################

#SurfaceInfo: 61 Vertices, 183 Edges, 122 Faces, IsOrientable=true
 #Vertices of faces:
vof3:=[[59,60,61],[58,59,60],[57,59,61],[56,60,61],[53,54,55],[50,51,52],[47,48,49],[44,45,46],[41,42,43],[38,39,40],
[37,42,54],[36,39,51],[35,45,48],[37,41,42],[36,38,39],[35,44,45],[37,53,54],[35,47,48],[36,50,51],[34,53,55],
[33,47,49],[32,50,52],[31,38,40],[31,41,43],[31,44,46],[32,33,34],[33,34,49],[32,33,52],[32,34,55],[31,38,46],
[31,40,41],[31,43,44],[30,37,41],[29,36,38],[28,35,44],[27,37,53],[26,36,50],[25,35,47],[24,34,53],[23,32,50],
[22,33,47],[27,30,37],[25,28,35],[26,29,36],[24,27,53],[22,25,47],[23,26,50],[23,32,55],[22,33,52],[24,34,49],
[28,43,44],[30,40,41],[29,38,46],[20,21,27],[18,19,25],[16,17,26],[15,54,55],[14,51,52],[13,48,49],[12,39,40],
[11,42,43],[10,45,46],[9,39,51],[8,42,54],[7,45,48],[8,15,54],[7,13,48],[9,14,51],[9,12,39],[7,10,45],
[8,11,42],[18,25,28],[16,26,29],[20,27,30],[11,28,43],[10,29,46],[12,30,40],[17,23,26],[21,24,27],[19,22,25],
[15,23,55],[13,24,49],[14,22,52],[5,6,8],[3,4,7],[1,2,9],[5,8,15],[1,9,14],[3,7,13],[2,9,12],
[6,8,11],[4,7,10],[15,17,23],[14,19,22],[13,21,24],[11,18,28],[12,20,30],[10,16,29],[5,15,17],[3,13,21],
[1,14,19],[6,11,18],[4,10,16],[2,12,20],[16,17,58],[18,19,57],[20,21,56],[5,17,58],[3,21,56],[1,19,57],
[6,18,57],[2,20,56],[4,16,58],[5,6,59],[1,2,61],[3,4,60],[5,58,59],[3,56,60],[1,57,61],[6,57,59],
[4,58,60],[2,56,61]];
###############################################################

#SurfaceInfo: 63 Vertices, 189 Edges, 126 Faces, IsOrientable=true
 #Vertices of faces:
vof4:=[[61,62,63],[60,61,62],[59,62,63],[58,61,63],[55,56,57],[52,53,54],[49,50,51],[48,55,56],[47,52,53],[46,49,50],
[45,56,57],[44,50,51],[43,53,54],[41,42,43],[39,40,44],[37,38,45],[37,39,41],[34,35,36],[33,48,55],[32,46,49],
[31,47,52],[32,34,35],[31,35,36],[33,34,36],[41,43,54],[37,45,57],[39,44,51],[37,41,42],[39,40,41],[37,38,39],
[37,42,57],[38,39,51],[40,41,54],[32,34,46],[33,36,48],[31,35,47],[30,55,57],[29,49,51],[28,52,54],[27,32,49],
[26,33,55],[25,31,52],[24,32,35],[23,33,34],[22,31,36],[24,27,32],[22,25,31],[23,26,33],[26,30,55],[25,28,52],
[27,29,49],[30,42,57],[28,40,54],[29,38,51],[22,36,48],[23,34,46],[24,35,47],[20,21,25],[18,19,26],[16,17,27],
[15,48,56],[14,46,50],[13,47,53],[12,44,50],[11,43,53],[10,45,56],[9,42,43],[8,40,44],[7,38,45],[8,12,44],
[7,10,45],[9,11,43],[10,15,56],[11,13,53],[12,14,50],[20,22,25],[16,24,27],[18,23,26],[15,22,48],[13,24,47],
[14,23,46],[9,30,42],[7,29,38],[8,28,40],[19,26,30],[17,27,29],[21,25,28],[5,6,11],[3,4,10],[1,2,12],
[1,12,14],[3,10,15],[5,11,13],[6,9,11],[2,8,12],[4,7,10],[9,19,30],[8,21,28],[7,17,29],[15,20,22],
[14,18,23],[13,16,24],[5,13,16],[3,15,20],[1,14,18],[6,9,19],[4,7,17],[2,8,21],[18,19,60],[16,17,59],
[20,21,58],[5,16,59],[3,20,58],[1,18,60],[6,19,60],[2,21,58],[4,17,59],[5,6,62],[1,2,61],[3,4,63],
[5,59,62],[3,58,63],[1,60,61],[6,60,62],[4,59,63],[2,58,61]];
###############################################################

#SurfaceInfo: 67 Vertices, 201 Edges, 134 Faces, IsOrientable=true
 #Vertices of faces:
vof5:=[[65,66,67],[64,65,66],[63,65,67],[62,66,67],[59,60,61],[56,57,58],[53,54,55],[50,51,52],[48,49,51],[46,47,51],
[55,58,61],[45,59,60],[44,53,54],[43,56,57],[42,60,61],[41,54,55],[40,57,58],[55,59,61],[53,55,58],[56,58,61],
[48,50,51],[46,49,51],[47,51,52],[38,39,44],[36,37,45],[34,35,43],[33,34,35],[32,38,39],[31,36,37],[37,45,59],
[35,43,56],[39,44,53],[41,55,59],[42,56,61],[40,53,58],[33,48,50],[32,47,52],[31,46,49],[32,38,52],[31,36,46],
[33,34,48],[37,41,59],[39,40,53],[35,42,56],[30,50,52],[29,48,49],[28,46,47],[27,31,37],[26,32,39],[25,33,35],
[24,33,50],[23,31,49],[22,32,47],[24,25,33],[22,26,32],[23,27,31],[24,30,50],[22,28,47],[23,29,49],[30,38,52],
[29,34,48],[28,36,46],[27,37,41],[25,35,42],[26,39,40],[20,21,22],[18,19,24],[16,17,23],[15,45,60],[14,43,57],
[13,44,54],[12,41,54],[11,42,60],[10,40,57],[9,38,44],[8,34,43],[7,36,45],[7,15,45],[9,13,44],[8,14,43],
[11,15,60],[10,14,57],[12,13,54],[16,23,27],[20,22,26],[18,24,25],[12,27,41],[10,26,40],[11,25,42],[9,30,38],
[8,29,34],[7,28,36],[19,24,30],[17,23,29],[21,22,28],[5,6,13],[3,4,14],[1,2,15],[5,12,13],[1,11,15],
[3,10,14],[4,8,14],[6,9,13],[2,7,15],[9,19,30],[7,21,28],[8,17,29],[12,16,27],[11,18,25],[10,20,26],
[5,12,16],[3,10,20],[1,11,18],[6,9,19],[4,8,17],[2,7,21],[16,17,64],[18,19,63],[20,21,62],[5,16,64],
[3,20,62],[1,18,63],[6,19,63],[2,21,62],[4,17,64],[5,6,65],[1,2,67],[3,4,66],[5,64,65],[3,62,66],
[1,63,67],[6,63,65],[4,64,66],[2,62,67]];
###############################################################

#SurfaceInfo: 54 Vertices, 216 Edges, 144 Faces, IsOrientable=true
 #Vertices of faces:
vof6:=[[52,53,54],[51,52,53],[50,52,54],[49,53,54],[46,47,48],[44,45,47],[43,44,46],[44,46,47],[42,47,48],[41,43,46],
[40,44,45],[39,42,47],[38,40,44],[37,41,46],[34,35,36],[31,32,33],[28,29,30],[25,26,27],[34,35,37],[28,29,39],
[31,32,38],[24,43,44],[23,46,48],[22,45,47],[21,37,41],[20,39,42],[19,38,40],[17,18,21],[15,16,20],[13,14,19],
[12,29,30],[11,35,36],[10,32,33],[9,37,46],[8,39,47],[7,38,44],[10,11,12],[11,12,30],[10,11,36],[10,12,33],
[8,22,47],[9,23,46],[7,24,44],[9,34,37],[7,31,38],[8,28,39],[17,21,37],[13,19,38],[15,20,39],[22,25,26],
[23,25,27],[24,26,27],[6,35,37],[5,32,38],[4,29,39],[24,30,43],[22,36,45],[23,33,48],[21,32,41],[20,35,42],
[19,29,40],[11,13,35],[10,15,32],[12,17,29],[18,21,22],[14,19,23],[16,20,24],[3,15,16],[2,13,14],[1,17,18],
[28,31,34],[14,16,18],[2,14,18],[1,16,18],[3,14,16],[1,12,17],[2,11,13],[3,10,15],[5,21,32],[6,20,35],
[4,19,29],[17,29,40],[15,32,41],[13,35,42],[24,26,30],[23,27,33],[22,25,36],[21,22,26],[20,24,27],[19,23,25],
[9,28,34],[8,28,31],[7,31,34],[8,18,22],[7,16,24],[9,14,23],[6,17,37],[4,15,39],[5,13,38],[11,30,43],
[12,33,48],[10,36,45],[31,33,50],[28,30,51],[34,36,49],[8,31,50],[9,28,51],[7,34,49],[26,30,51],[25,36,49],
[27,33,50],[5,21,26],[4,19,25],[6,20,27],[5,13,42],[4,15,41],[6,17,40],[3,10,45],[2,11,43],[1,12,48],
[2,8,18],[3,9,14],[1,7,16],[42,48,53],[40,45,52],[41,43,54],[1,48,53],[2,43,54],[3,45,52],[5,42,53],
[6,40,52],[4,41,54],[5,26,51],[6,27,50],[4,25,49],[2,8,50],[1,7,49],[3,9,51],[2,50,54],[3,51,52],
[1,49,53],[5,51,53],[4,49,54],[6,50,52]];
###############################################################

#SurfaceInfo: 73 Vertices, 219 Edges, 146 Faces, IsOrientable=true
 #Vertices of faces:
vof7:=[[71,72,73],[70,71,72],[69,71,73],[68,72,73],[65,66,67],[63,64,66],[61,62,66],[59,60,63],[57,58,67],[55,56,62],
[53,54,59],[51,52,57],[49,50,55],[46,47,48],[44,45,47],[43,44,46],[44,46,47],[42,46,48],[41,45,47],[40,43,44],
[39,43,46],[38,47,48],[37,44,45],[63,65,66],[61,66,67],[62,64,66],[53,59,63],[51,57,67],[49,55,62],[60,63,64],
[56,61,62],[58,65,67],[53,63,65],[49,62,64],[51,61,67],[36,58,65],[35,60,64],[34,56,61],[39,42,46],[37,40,44],
[38,41,47],[33,38,41],[32,39,42],[31,37,40],[36,53,65],[35,49,64],[34,51,61],[32,53,54],[33,49,50],[31,51,52],
[33,38,50],[31,37,52],[32,39,54],[32,36,53],[31,34,51],[33,35,49],[30,42,48],[29,40,43],[28,41,45],[27,38,48],
[26,37,45],[25,39,43],[24,32,42],[23,31,40],[22,33,41],[24,30,42],[22,28,41],[23,29,40],[27,30,48],[25,29,43],
[26,28,45],[27,38,50],[25,39,54],[26,37,52],[24,32,36],[22,33,35],[23,31,34],[20,21,30],[18,19,28],[16,17,29],
[15,54,59],[14,50,55],[13,52,57],[12,59,60],[11,55,56],[10,57,58],[9,36,58],[8,34,56],[7,35,60],[7,12,60],
[9,10,58],[8,11,56],[12,15,59],[10,13,57],[11,14,55],[20,24,30],[16,23,29],[18,22,28],[9,24,36],[8,23,34],
[7,22,35],[13,26,52],[15,25,54],[14,27,50],[21,27,30],[19,26,28],[17,25,29],[5,6,12],[3,4,11],[1,2,10],
[5,12,15],[3,11,14],[1,10,13],[4,8,11],[6,7,12],[2,9,10],[15,17,25],[14,21,27],[13,19,26],[9,20,24],
[7,18,22],[8,16,23],[5,15,17],[1,13,19],[3,14,21],[6,7,18],[4,8,16],[2,9,20],[16,17,70],[18,19,69],
[20,21,68],[5,17,70],[3,21,68],[1,19,69],[6,18,69],[2,20,68],[4,16,70],[5,6,71],[1,2,73],[3,4,72],
[5,70,71],[3,68,72],[1,69,73],[6,69,71],[4,70,72],[2,68,73]];
###############################################################

#SurfaceInfo: 76 Vertices, 228 Edges, 152 Faces, IsOrientable=true
 #Vertices of faces:
vof8:=[[74,75,76],[73,74,75],[72,75,76],[71,74,76],[68,69,70],[65,66,67],[62,63,64],[59,60,61],[57,58,66],[55,56,63],
[53,54,60],[50,51,52],[47,48,49],[44,45,46],[43,65,66],[42,59,60],[41,62,63],[45,65,67],[48,59,61],[51,62,64],
[57,66,67],[53,60,61],[55,63,64],[40,58,66],[39,56,63],[38,54,60],[39,41,63],[38,42,60],[40,43,66],[37,39,56],
[36,40,58],[35,38,54],[34,57,67],[33,55,64],[32,53,61],[44,45,67],[50,51,64],[47,48,61],[31,44,46],[31,47,49],
[31,50,52],[39,68,69],[40,68,70],[38,69,70],[31,44,49],[31,47,52],[31,46,50],[38,42,69],[40,43,70],[39,41,68],
[37,39,69],[35,38,70],[36,40,68],[34,44,67],[32,47,61],[33,50,64],[37,42,69],[36,41,68],[35,43,70],[34,44,49],
[33,46,50],[32,47,52],[30,42,59],[29,41,62],[28,43,65],[27,45,65],[26,51,62],[25,48,59],[24,51,52],[23,45,46],
[22,48,49],[24,26,51],[22,25,48],[23,27,45],[26,29,62],[27,28,65],[25,30,59],[30,37,42],[28,35,43],[29,36,41],
[22,34,49],[24,32,52],[23,33,46],[20,21,27],[18,19,26],[16,17,25],[15,57,58],[14,53,54],[13,55,56],[12,36,58],
[11,35,54],[10,37,56],[9,34,57],[8,32,53],[7,33,55],[9,15,57],[8,14,53],[7,13,55],[12,15,58],[10,13,56],
[11,14,54],[16,22,25],[20,23,27],[18,24,26],[9,22,34],[7,23,33],[8,24,32],[12,29,36],[10,30,37],[11,28,35],
[19,26,29],[17,25,30],[21,27,28],[5,6,15],[3,4,14],[1,2,13],[5,12,15],[3,11,14],[1,10,13],[6,9,15],
[2,7,13],[4,8,14],[12,19,29],[11,21,28],[10,17,30],[9,16,22],[8,18,24],[7,20,23],[5,12,19],[1,10,17],
[3,11,21],[6,9,16],[4,8,18],[2,7,20],[16,17,73],[18,19,72],[20,21,71],[5,19,72],[3,21,71],[1,17,73],
[6,16,73],[2,20,71],[4,18,72],[5,6,75],[1,2,74],[3,4,76],[5,72,75],[3,71,76],[1,73,74],[6,73,75],
[4,72,76],[2,71,74]];
###############################################################

#SurfaceInfo: 79 Vertices, 237 Edges, 158 Faces, IsOrientable=true
 #Vertices of faces:
vof9:=[[77,78,79],[76,77,78],[75,78,79],[74,77,79],[71,72,73],[69,70,72],[67,68,73],[65,66,71],[63,64,68],[61,62,70],
[59,60,66],[56,57,58],[54,55,57],[52,53,57],[50,51,64],[48,49,62],[46,47,60],[44,45,56],[42,43,55],[40,41,53],
[39,43,50],[38,41,48],[37,45,46],[38,40,41],[39,42,43],[37,44,45],[36,44,56],[35,40,53],[34,42,55],[33,39,50],
[32,37,46],[31,38,48],[69,71,72],[67,72,73],[65,71,73],[61,70,72],[59,66,71],[63,68,73],[50,63,64],[46,59,60],
[48,61,62],[54,56,57],[52,55,57],[53,57,58],[43,54,55],[41,52,53],[45,56,58],[43,50,51],[41,48,49],[45,46,47],
[59,69,71],[63,65,73],[61,67,72],[43,51,54],[45,47,58],[41,49,52],[36,54,56],[35,53,58],[34,52,55],[33,50,63],
[31,48,61],[32,46,59],[32,59,69],[31,61,67],[33,63,65],[36,51,54],[34,49,52],[35,47,58],[30,69,70],[29,67,68],
[28,65,66],[27,64,68],[26,60,66],[25,62,70],[24,51,64],[23,47,60],[22,49,62],[24,27,64],[22,25,62],[23,26,60],
[25,30,70],[26,28,66],[27,29,68],[30,32,69],[28,33,65],[29,31,67],[24,36,51],[22,34,49],[23,35,47],[20,21,26],
[18,19,27],[16,17,25],[15,36,44],[14,34,42],[13,35,40],[12,32,37],[11,33,39],[10,31,38],[9,37,44],[8,39,42],
[7,38,40],[9,12,37],[7,10,38],[8,11,39],[9,15,44],[7,13,40],[8,14,42],[18,24,27],[20,23,26],[16,22,25],
[15,24,36],[13,23,35],[14,22,34],[12,30,32],[10,29,31],[11,28,33],[17,25,30],[19,27,29],[21,26,28],[5,6,9],
[3,4,7],[1,2,8],[5,9,15],[1,8,14],[3,7,13],[6,9,12],[2,8,11],[4,7,10],[12,17,30],[11,21,28],
[10,19,29],[15,18,24],[14,16,22],[13,20,23],[5,15,18],[3,13,20],[1,14,16],[6,12,17],[4,10,19],[2,11,21],
[16,17,76],[18,19,75],[20,21,74],[5,18,75],[3,20,74],[1,16,76],[6,17,76],[2,21,74],[4,19,75],[5,6,78],
[1,2,77],[3,4,79],[5,75,78],[3,74,79],[1,76,77],[6,76,78],[4,75,79],[2,74,77]];
###############################################################

#SurfaceInfo: 27 Vertices, 243 Edges, 162 Faces, IsOrientable=true
 #Vertices of faces:
vof10:=[[25,26,27],[24,25,26],[23,25,27],[22,26,27],[19,20,21],[16,17,18],[13,14,15],[10,11,12],[7,8,9],[4,5,6],
[3,6,26],[2,9,25],[1,12,27],[3,14,23],[1,17,24],[2,20,22],[3,12,25],[2,6,27],[1,9,26],[1,20,23],
[3,17,22],[2,14,24],[3,14,26],[2,20,25],[1,17,27],[1,20,26],[3,17,25],[2,14,27],[18,20,23],[14,21,24],
[15,17,22],[2,9,18],[3,6,21],[1,12,15],[8,20,22],[5,14,23],[11,17,24],[9,11,26],[6,8,27],[5,12,25],
[3,12,19],[2,6,16],[1,9,13],[6,15,26],[12,18,27],[9,21,25],[3,11,23],[2,5,22],[1,8,24],[1,16,23],
[2,19,24],[3,13,22],[4,19,20],[10,13,14],[7,16,17],[15,19,21],[13,15,18],[16,18,21],[7,20,21],[10,17,18],
[4,14,15],[3,7,8],[2,10,11],[1,4,5],[7,10,12],[4,6,10],[4,7,9],[11,12,20],[5,6,17],[8,9,14],
[14,17,20],[1,2,3],[6,9,21],[6,12,15],[9,12,18],[8,22,24],[11,23,24],[5,22,23],[1,8,16],[3,11,13],
[2,5,19],[6,16,23],[9,13,22],[12,19,24],[11,15,26],[5,21,25],[8,18,27],[3,18,21],[1,15,21],[2,15,18],
[8,11,20],[5,8,14],[5,11,17],[5,7,12],[4,9,11],[6,8,10],[3,8,19],[1,5,13],[2,11,16],[7,21,24],
[4,15,22],[10,18,23],[14,16,21],[15,17,19],[13,18,20],[2,3,7],[1,3,4],[1,2,10],[12,14,20],[9,14,17],
[6,17,20],[4,10,19],[4,7,16],[7,10,13],[10,14,26],[7,17,27],[4,20,25],[7,20,26],[4,14,27],[10,17,25],
[10,19,26],[4,16,25],[7,13,27],[3,4,18],[1,10,21],[2,7,15],[12,14,16],[6,13,20],[9,17,19],[5,7,26],
[4,11,27],[8,10,25],[5,8,18],[5,11,21],[8,11,15],[4,22,24],[10,22,23],[7,23,24],[8,16,19],[11,13,16],
[5,13,19],[9,12,22],[6,12,24],[6,9,23],[16,19,26],[13,19,27],[13,16,25],[5,18,26],[8,15,25],[11,21,27],
[12,16,22],[9,19,23],[6,13,24],[4,18,24],[7,15,23],[10,21,22],[16,22,26],[13,24,25],[19,23,27],[18,24,26],
[21,22,27],[15,23,25]];
###############################################################

