#SurfaceInfo: 7 Vertices, 21 Edges, 14 Faces, IsOrientable=true
 #Vertices of faces:
vof1:=[[5,6,7],[4,5,6],[3,6,7],[2,5,7],[2,3,4],[1,3,5],[1,2,6],[1,4,7],[3,4,5],[1,4,6],
[2,3,6],[2,4,7],[1,3,7],[1,2,5]];
###############################################################

#SurfaceInfo: 13 Vertices, 39 Edges, 26 Faces, IsOrientable=true
 #Vertices of faces:
vof2:=[[11,12,13],[10,11,12],[9,11,13],[8,12,13],[5,6,7],[4,5,6],[3,5,7],[2,6,7],[1,4,10],[1,3,8],
[1,2,9],[4,5,10],[2,6,9],[3,7,8],[1,3,9],[1,4,8],[1,2,10],[3,5,11],[4,6,13],[2,7,12],
[5,10,11],[7,8,12],[6,9,13],[3,9,11],[2,10,12],[4,8,13]];
###############################################################

#SurfaceInfo: 19 Vertices, 57 Edges, 38 Faces, IsOrientable=true
 #Vertices of faces:
vof3:=[[17,18,19],[16,17,18],[15,17,19],[14,18,19],[11,12,13],[8,9,10],[5,6,7],[4,11,12],[3,5,6],[2,8,9],
[1,12,13],[1,6,7],[1,9,10],[2,3,4],[2,3,8],[2,4,11],[3,4,5],[1,6,13],[1,10,12],[1,7,9],
[3,6,16],[4,12,15],[2,9,14],[3,8,16],[4,5,15],[2,11,14],[6,13,16],[7,9,14],[10,12,15],[11,13,18],
[5,7,19],[8,10,17],[11,14,18],[8,16,17],[5,15,19],[13,16,18],[10,15,17],[7,14,19]];
###############################################################

#SurfaceInfo: 21 Vertices, 63 Edges, 42 Faces, IsOrientable=true
 #Vertices of faces:
vof4:=[[19,20,21],[18,19,20],[17,19,21],[16,20,21],[13,14,15],[10,11,12],[7,8,9],[4,5,6],[5,8,11],[3,13,14],
[2,14,15],[1,13,15],[5,10,11],[4,5,8],[7,8,11],[1,11,12],[3,5,6],[2,8,9],[2,9,14],[1,12,15],
[3,6,13],[3,5,10],[1,7,11],[2,4,8],[3,14,18],[1,13,17],[2,15,16],[9,14,18],[6,13,17],[12,15,16],
[3,10,18],[2,4,16],[1,7,17],[10,12,20],[4,6,21],[7,9,19],[12,16,20],[9,18,19],[6,17,21],[10,18,20],
[7,17,19],[4,16,21]];
###############################################################

#SurfaceInfo: 28 Vertices, 84 Edges, 56 Faces, IsOrientable=true
 #Vertices of faces:
vof5:=[[26,27,28],[25,26,27],[24,27,28],[23,26,28],[20,21,22],[17,18,19],[14,15,16],[11,12,13],[8,9,10],[5,6,7],
[2,3,4],[1,17,18],[1,11,12],[1,14,15],[6,20,21],[3,20,22],[9,21,22],[6,18,19],[3,11,13],[9,15,16],
[9,16,21],[6,19,20],[3,13,22],[1,11,14],[1,15,17],[1,12,18],[5,6,21],[2,3,20],[8,9,22],[3,4,11],
[9,10,15],[6,7,18],[5,16,21],[8,13,22],[2,19,20],[10,15,17],[7,12,18],[4,11,14],[17,19,25],[14,16,23],
[12,13,24],[2,19,25],[8,13,24],[5,16,23],[10,17,25],[4,14,23],[7,12,24],[8,10,27],[2,4,26],[5,7,28],
[8,24,27],[5,23,28],[2,25,26],[10,25,27],[7,24,28],[4,23,26]];
###############################################################

#SurfaceInfo: 31 Vertices, 93 Edges, 62 Faces, IsOrientable=true
 #Vertices of faces:
vof6:=[[29,30,31],[28,29,30],[27,30,31],[26,29,31],[23,24,25],[20,21,22],[17,18,19],[14,15,16],[12,13,15],[10,11,15],
[18,21,24],[21,23,24],[18,20,21],[17,18,24],[12,14,15],[10,13,15],[11,15,16],[8,9,16],[6,7,12],[4,5,10],
[3,24,25],[2,18,19],[1,21,22],[2,10,11],[3,12,13],[1,14,16],[1,14,22],[2,11,19],[3,13,25],[2,4,10],
[1,8,16],[3,6,12],[2,18,20],[1,21,23],[3,17,24],[7,12,14],[9,11,16],[5,10,13],[7,14,22],[5,13,25],
[9,11,19],[1,8,23],[3,6,17],[2,4,20],[23,25,28],[20,22,26],[17,19,27],[5,25,28],[9,19,27],[7,22,26],
[8,23,28],[4,20,26],[6,17,27],[8,9,30],[4,5,29],[6,7,31],[9,27,30],[7,26,31],[5,28,29],[8,28,30],
[6,27,31],[4,26,29]];
###############################################################

#SurfaceInfo: 37 Vertices, 111 Edges, 74 Faces, IsOrientable=true
 #Vertices of faces:
vof7:=[[35,36,37],[34,35,36],[33,36,37],[32,35,37],[29,30,31],[26,27,28],[23,24,25],[20,21,22],[19,21,30],[18,24,31],
[17,27,29],[14,15,16],[12,13,15],[10,11,15],[9,14,21],[8,12,24],[7,11,27],[10,14,15],[12,15,16],[11,13,15],
[19,29,30],[18,30,31],[17,29,31],[26,27,29],[20,21,30],[23,24,31],[11,27,28],[14,21,22],[12,24,25],[9,19,21],
[7,17,27],[8,18,24],[9,14,16],[7,10,11],[8,12,13],[5,6,8],[3,4,7],[1,2,9],[18,20,30],[17,23,31],
[19,26,29],[12,16,25],[11,13,28],[10,14,22],[1,9,19],[5,8,18],[3,7,17],[2,9,16],[6,8,13],[4,7,10],
[3,17,23],[1,19,26],[5,18,20],[6,13,28],[4,10,22],[2,16,25],[26,28,34],[23,25,32],[20,22,33],[1,26,34],
[5,20,33],[3,23,32],[6,28,34],[2,25,32],[4,22,33],[5,6,36],[1,2,35],[3,4,37],[5,33,36],[3,32,37],
[1,34,35],[6,34,36],[4,33,37],[2,32,35]];
###############################################################

#SurfaceInfo: 39 Vertices, 117 Edges, 78 Faces, IsOrientable=true
 #Vertices of faces:
vof8:=[[37,38,39],[36,37,38],[35,37,39],[34,38,39],[31,32,33],[28,29,30],[25,26,27],[22,23,24],[19,20,21],[16,17,18],
[15,20,32],[14,23,26],[13,17,29],[12,27,33],[11,27,30],[10,30,33],[8,9,23],[7,9,20],[7,8,17],[27,30,33],
[7,8,9],[15,31,32],[14,25,26],[13,28,29],[19,20,32],[22,23,26],[16,17,29],[10,31,33],[12,25,27],[11,28,30],
[12,32,33],[10,29,30],[11,26,27],[9,23,24],[8,17,18],[7,20,21],[9,15,20],[7,13,17],[8,14,23],[5,6,25],
[3,4,28],[1,2,31],[5,12,25],[3,11,28],[1,10,31],[9,15,24],[8,14,18],[7,13,21],[12,19,32],[11,22,26],
[10,16,29],[6,14,25],[4,13,28],[2,15,31],[5,12,19],[1,10,16],[3,11,22],[6,14,18],[4,13,21],[2,15,24],
[19,21,36],[16,18,35],[22,24,34],[5,19,36],[3,22,34],[1,16,35],[6,18,35],[2,24,34],[4,21,36],[5,6,37],
[1,2,39],[3,4,38],[5,36,37],[3,34,38],[1,35,39],[6,35,37],[4,36,38],[2,34,39]];
###############################################################

#SurfaceInfo: 43 Vertices, 129 Edges, 86 Faces, IsOrientable=true
 #Vertices of faces:
vof9:=[[41,42,43],[40,41,42],[39,42,43],[38,41,43],[35,36,37],[33,34,36],[31,32,36],[28,29,30],[26,27,29],[25,26,28],
[26,28,29],[33,35,36],[31,34,36],[32,36,37],[23,24,31],[21,22,33],[19,20,37],[18,33,34],[17,31,32],[16,35,37],
[15,27,29],[14,28,30],[13,25,26],[12,29,30],[11,25,28],[10,26,27],[9,18,30],[8,16,25],[7,17,27],[12,15,29],
[10,13,26],[11,14,28],[9,14,30],[7,15,27],[8,13,25],[11,16,25],[10,17,27],[12,18,30],[9,18,34],[7,17,32],
[8,16,35],[17,23,31],[16,19,37],[18,21,33],[24,31,34],[20,32,37],[22,33,35],[5,6,13],[3,4,15],[1,2,14],
[5,8,13],[1,9,14],[3,7,15],[2,11,14],[4,12,15],[6,10,13],[11,16,19],[12,18,21],[10,17,23],[9,24,34],
[8,22,35],[7,20,32],[3,7,20],[1,9,24],[5,8,22],[6,10,23],[4,12,21],[2,11,19],[23,24,40],[19,20,38],
[21,22,39],[1,24,40],[5,22,39],[3,20,38],[6,23,40],[2,19,38],[4,21,39],[5,6,42],[1,2,41],[3,4,43],
[5,39,42],[3,38,43],[1,40,41],[6,40,42],[4,39,43],[2,38,41]];
###############################################################

#SurfaceInfo: 49 Vertices, 147 Edges, 98 Faces, IsOrientable=true
 #Vertices of faces:
vof10:=[[47,48,49],[46,47,48],[45,47,49],[44,48,49],[41,42,43],[40,41,42],[39,42,43],[38,41,43],[36,37,39],[34,35,40],
[32,33,38],[30,31,37],[28,29,35],[26,27,33],[24,25,29],[23,25,27],[22,25,31],[30,36,37],[26,32,33],[28,34,35],
[24,28,29],[22,30,31],[23,26,27],[24,25,31],[23,25,29],[22,25,27],[36,39,42],[32,38,43],[34,40,41],[20,21,30],
[18,19,28],[16,17,26],[15,37,39],[14,33,38],[13,35,40],[12,31,37],[11,27,33],[10,29,35],[9,40,42],[8,38,41],
[7,39,43],[7,15,39],[9,13,40],[8,14,38],[12,15,37],[10,13,35],[11,14,33],[20,30,36],[16,26,32],[18,28,34],
[9,36,42],[8,34,41],[7,32,43],[12,24,31],[10,23,29],[11,22,27],[19,24,28],[17,23,26],[21,22,30],[5,6,15],
[3,4,14],[1,2,13],[5,12,15],[3,11,14],[1,10,13],[4,8,14],[6,7,15],[2,9,13],[12,19,24],[11,21,22],
[10,17,23],[9,20,36],[7,16,32],[8,18,34],[5,12,19],[1,10,17],[3,11,21],[6,7,16],[4,8,18],[2,9,20],
[18,19,46],[16,17,45],[20,21,44],[5,19,46],[3,21,44],[1,17,45],[6,16,45],[2,20,44],[4,18,46],[5,6,47],
[1,2,49],[3,4,48],[5,46,47],[3,44,48],[1,45,49],[6,45,47],[4,46,48],[2,44,49]];
###############################################################

