#SurfaceInfo: 28 Vertices, 168 Edges, 112 Faces, IsOrientable=true
 #Vertices of faces:
vof1:=[[26,27,28],[24,25,27],[22,23,26],[21,24,26],[19,20,28],[17,18,27],[16,22,28],[14,15,25],[13,18,26],[11,12,24],
[11,19,27],[10,17,25],[8,9,23],[6,7,21],[13,17,28],[5,12,27],[4,21,22],[14,22,24],[12,18,23],[3,11,21],
[2,5,20],[1,9,18],[3,6,16],[5,11,25],[4,14,26],[4,23,24],[10,16,19],[8,19,22],[6,17,26],[4,13,20],
[1,16,21],[2,4,15],[2,7,13],[1,8,12],[1,6,11],[14,21,23],[8,10,28],[6,13,27],[10,20,22],[3,10,14],
[5,19,24],[9,14,17],[6,18,28],[5,13,15],[7,11,16],[9,10,15],[3,15,17],[4,5,7],[8,16,20],[3,9,25],
[12,19,25],[2,8,18],[2,9,12],[1,3,7],[1,2,23],[7,15,20],[24,26,27],[22,26,28],[19,27,28],[17,25,27],
[14,24,25],[18,23,26],[11,21,24],[8,22,23],[6,21,26],[13,20,28],[12,18,27],[16,21,22],[5,19,20],[9,17,18],
[6,16,28],[5,15,25],[4,13,26],[12,23,24],[11,16,19],[10,17,28],[4,14,15],[2,13,18],[1,11,12],[6,11,27],
[10,19,25],[9,14,23],[4,7,21],[5,13,27],[4,20,22],[10,14,22],[3,11,25],[8,9,10],[6,7,13],[13,15,17],
[2,5,12],[19,22,24],[3,14,21],[2,8,20],[1,6,18],[3,10,16],[14,17,26],[4,5,24],[8,12,19],[3,6,17],
[1,21,23],[1,3,9],[5,7,11],[2,4,23],[1,8,16],[2,9,15],[8,18,28],[7,16,20],[1,2,7],[10,15,20],
[9,12,25],[3,7,15]];
###############################################################

#SurfaceInfo: 24 Vertices, 168 Edges, 112 Faces, IsOrientable=true
 #Vertices of faces:
vof2:=[[22,23,24],[20,21,23],[18,19,24],[17,20,22],[15,16,22],[13,14,21],[12,18,23],[10,11,23],[9,11,19],[8,9,17],
[7,15,24],[6,13,20],[4,5,24],[3,4,20],[5,6,16],[3,14,18],[3,6,12],[2,10,21],[9,13,18],[5,9,22],
[2,14,22],[12,15,21],[1,2,18],[5,11,12],[1,11,15],[8,13,16],[1,7,13],[4,10,19],[1,4,17],[6,9,15],
[6,14,23],[1,8,23],[7,19,20],[6,10,17],[8,10,15],[5,7,14],[5,8,20],[3,7,10],[3,9,21],[2,7,9],
[2,4,16],[4,14,15],[2,8,12],[5,10,18],[11,13,24],[3,8,24],[16,17,18],[4,12,13],[11,14,17],[12,19,22],
[1,6,19],[2,11,20],[1,3,22],[16,19,21],[7,16,23],[17,21,24],[20,22,23],[18,23,24],[15,22,24],[13,20,21],
[10,21,23],[9,18,19],[9,17,22],[4,19,24],[4,17,20],[6,15,16],[13,14,18],[6,12,23],[2,16,22],[14,15,21],
[2,12,18],[5,10,11],[9,11,15],[8,9,13],[7,13,24],[5,6,20],[1,11,23],[11,19,20],[8,10,17],[7,10,15],
[1,6,13],[4,5,14],[3,4,12],[3,10,18],[3,6,9],[2,9,21],[5,12,22],[5,8,24],[3,7,20],[5,16,18],
[3,14,22],[2,4,10],[5,7,9],[2,11,14],[8,12,15],[1,2,7],[1,4,15],[4,13,16],[6,10,19],[1,17,18],
[7,14,23],[12,19,21],[11,12,13],[8,16,23],[6,14,17],[1,3,8],[2,8,20],[11,17,24],[7,16,19],[3,21,24],
[1,19,22],[16,17,21]];
###############################################################

