#SurfaceInfo: 84 Vertices, 672 Edges, 448 Faces, IsOrientable=false
#Vertices of faces:
 vof1:=[[82,83,84],[81,82,83],[80,83,84],[79,82,84],[76,77,78],[74,75,78],[73,75,77],[71,72,76],[70,72,74],[70,71,73],
[67,68,69],[64,65,66],[61,62,63],[58,59,60],[55,56,57],[52,53,54],[49,50,51],[47,48,50],[44,45,46],[43,47,49],
[41,42,45],[40,41,44],[38,39,80],[37,39,79],[37,38,81],[47,49,50],[41,44,45],[37,38,39],[36,55,56],[35,56,57],
[34,58,59],[33,52,53],[32,53,54],[31,59,60],[34,71,76],[36,70,74],[33,71,73],[35,72,74],[32,70,73],[31,72,76],
[30,61,62],[29,67,68],[28,64,65],[27,62,63],[26,68,69],[25,65,66],[24,38,81],[23,37,81],[22,39,80],[21,38,80],
[20,37,79],[19,39,79],[54,55,75],[57,60,78],[52,58,77],[63,66,77],[61,69,78],[64,67,75],[18,49,53],[17,44,56],
[16,47,59],[15,50,56],[14,45,53],[13,41,59],[58,60,70],[52,54,72],[55,57,71],[70,72,82],[70,71,83],[71,72,84],
[61,63,70],[64,66,72],[67,69,71],[12,76,77],[11,76,78],[10,74,78],[9,73,75],[8,73,77],[7,74,75],[37,75,78],
[38,75,77],[39,77,78],[6,11,72],[5,9,70],[4,7,70],[3,8,71],[2,12,71],[1,10,72],[11,19,48],[7,23,51],
[9,24,46],[10,20,40],[12,22,42],[8,21,43],[4,18,19],[2,14,20],[6,15,21],[5,17,22],[3,16,23],[1,13,24],
[15,23,29],[18,21,25],[16,19,30],[14,24,28],[13,22,27],[17,20,26],[17,19,74],[16,20,76],[15,24,74],[18,22,73],
[14,23,73],[13,21,76],[1,29,39],[5,25,37],[2,30,38],[3,28,39],[6,27,37],[4,26,38],[4,7,51],[6,11,48],
[5,9,46],[3,8,43],[1,10,40],[2,12,42],[2,10,20],[4,11,19],[5,12,22],[3,7,23],[6,8,21],[1,9,24],
[4,18,21],[5,17,20],[2,14,24],[6,15,23],[1,13,22],[3,16,19],[20,26,76],[19,30,74],[23,29,73],[24,28,74],
[21,25,76],[22,27,73],[1,15,29],[5,18,25],[2,16,30],[3,14,28],[4,17,26],[6,13,27],[7,15,74],[12,13,76],
[10,17,74],[11,16,76],[8,18,73],[9,14,73],[4,38,75],[1,39,78],[3,39,77],[5,37,75],[6,37,78],[2,38,77],
[5,70,82],[2,71,83],[4,70,83],[1,72,84],[3,71,84],[6,72,82],[9,61,70],[12,67,71],[10,66,72],[11,64,72],
[8,69,71],[7,63,70],[18,19,53],[14,20,53],[16,23,59],[15,21,56],[13,24,59],[17,22,56],[15,24,50],[14,23,45],
[18,22,49],[17,19,44],[13,21,41],[16,20,47],[8,66,77],[12,63,77],[11,61,78],[7,67,75],[9,64,75],[10,69,78],
[19,48,79],[20,40,79],[24,46,81],[23,51,81],[22,42,80],[21,43,80],[26,38,69],[25,37,66],[29,39,67],[30,38,61],
[28,39,64],[27,37,63],[31,54,72],[33,57,71],[32,60,70],[36,58,70],[34,55,71],[35,52,72],[36,55,75],[32,54,75],
[35,57,78],[33,52,77],[34,58,77],[31,60,78],[54,55,59],[52,56,58],[53,57,60],[61,65,69],[62,64,67],[63,66,68],
[49,53,62],[50,56,65],[47,59,68],[41,59,65],[45,53,68],[44,56,62],[24,38,60],[23,37,58],[21,38,57],[22,39,55],
[19,39,54],[20,37,52],[34,48,59],[36,40,56],[33,46,53],[35,51,56],[31,42,59],[32,43,53],[15,34,76],[13,36,74],
[17,33,73],[18,35,74],[14,31,76],[16,32,73],[15,30,62],[18,29,68],[17,28,65],[14,27,62],[16,25,65],[13,26,68],
[10,49,51],[8,44,46],[12,48,50],[7,40,41],[9,43,47],[11,42,45],[31,50,51],[33,47,48],[34,45,46],[36,43,49],
[32,40,44],[35,41,42],[15,49,62],[18,47,68],[17,41,65],[14,44,62],[13,45,68],[16,50,65],[48,59,65],[40,56,65],
[46,53,62],[43,53,68],[42,59,68],[51,56,62],[4,31,51],[6,33,48],[5,34,46],[3,36,43],[2,35,42],[1,32,40],
[31,50,54],[32,44,60],[36,49,58],[35,41,52],[34,45,55],[33,47,57],[39,54,67],[38,60,69],[37,58,66],[38,57,61],
[37,52,63],[39,55,64],[34,48,79],[36,40,79],[33,46,81],[35,51,81],[32,43,80],[31,42,80],[10,49,69],[12,50,63],
[11,45,61],[8,44,66],[9,47,64],[7,41,67],[24,50,60],[23,45,58],[22,49,55],[19,44,54],[20,47,52],[21,41,57],
[24,54,59],[23,55,59],[19,53,60],[20,53,57],[21,52,56],[22,56,58],[9,61,65],[12,62,67],[7,63,68],[10,66,68],
[8,65,69],[11,62,64],[4,11,42],[2,10,51],[1,9,43],[3,7,40],[6,8,46],[5,12,48],[15,26,76],[13,30,74],
[17,29,73],[18,28,74],[16,27,73],[14,25,76],[4,17,28],[1,15,30],[5,18,29],[3,14,27],[6,13,26],[2,16,25],
[7,15,34],[12,13,36],[10,17,33],[8,18,35],[11,16,32],[9,14,31],[5,20,82],[2,24,83],[4,21,83],[6,23,82],
[3,19,84],[1,22,84],[4,36,75],[2,34,77],[1,35,78],[3,33,77],[5,32,75],[6,31,78],[3,27,36],[5,29,34],
[2,25,35],[4,28,31],[1,30,32],[6,26,33],[4,36,42],[2,34,51],[1,35,43],[6,31,46],[5,32,48],[3,33,40],
[19,60,84],[22,58,84],[20,57,82],[24,54,83],[23,55,82],[21,52,83],[50,60,63],[45,58,61],[49,55,69],[44,54,66],
[41,57,67],[47,52,64],[7,34,79],[12,36,79],[10,33,81],[8,35,81],[9,31,80],[11,32,80],[50,54,67],[44,60,69],
[49,58,66],[45,55,64],[47,57,61],[41,52,63],[9,40,65],[12,46,62],[7,43,68],[10,42,68],[11,51,62],[8,48,65],
[16,27,50],[14,25,44],[13,30,45],[15,26,49],[18,28,47],[17,29,41],[27,50,67],[29,41,63],[25,44,69],[28,47,61],
[26,49,66],[30,45,64],[10,42,81],[11,51,80],[7,43,79],[12,46,79],[9,40,80],[8,48,81],[57,67,82],[60,63,84],
[55,69,82],[58,61,84],[54,66,83],[52,64,83],[27,36,42],[29,34,51],[25,35,43],[28,31,46],[26,33,40],[30,32,48],
[27,67,82],[29,63,84],[25,69,82],[28,61,84],[30,64,83],[26,66,83],[27,42,81],[29,51,80],[25,43,79],[28,46,79],
[30,48,81],[26,40,80],[27,81,82],[29,80,84],[25,79,82],[28,79,84],[26,80,83],[30,81,83]];
 #---------------------------------------------------

#SurfaceInfo: 168 Vertices, 1344 Edges, 896 Faces, IsOrientable=true
#Vertices of faces:
 vof2:=[[166,167,168],[165,166,167],[164,167,168],[163,166,168],[160,161,162],[157,158,159],[154,155,156],[151,152,15\
3],[148,149,150],[146,147,149],
[144,145,153],[143,150,152],[142,145,147],[140,141,147],[138,139,153],[136,137,150],[143,151,152],[142,144,145],[146,\
148,149],[135,157,158],
[134,154,155],[133,160,161],[130,131,132],[127,128,129],[125,126,157],[124,126,154],[122,123,160],[121,122,161],[121,\
125,158],[123,124,155],
[118,119,120],[115,116,117],[113,114,128],[111,112,132],[109,110,127],[107,108,129],[105,106,131],[103,104,130],[108,\
112,125],[106,114,124],
[104,110,122],[138,152,153],[139,145,153],[140,147,149],[136,149,150],[141,145,147],[137,150,152],[145,157,159],[149,\
161,162],[149,158,159],
[152,160,162],[145,154,156],[152,155,156],[156,159,162],[139,145,159],[140,149,162],[136,149,159],[138,152,162],[137,\
152,156],[141,145,156],
[113,114,124],[111,112,125],[109,110,122],[107,108,125],[103,104,122],[105,106,124],[102,118,119],[101,118,120],[100,\
119,120],[100,115,116],
[102,116,117],[101,115,117],[125,137,157],[122,141,160],[124,136,154],[125,138,158],[124,140,155],[122,139,161],[99,1\
18,139],[98,119,140],
[97,116,136],[96,115,138],[95,120,137],[94,117,141],[91,92,93],[88,89,90],[85,86,87],[82,83,84],[100,119,140],[101,11\
7,141],
[100,115,138],[101,120,137],[102,118,139],[102,116,136],[111,125,137],[113,124,136],[109,122,141],[107,125,138],[105,\
124,140],[103,122,139],
[99,139,159],[98,140,162],[97,136,159],[96,138,162],[94,141,156],[95,137,156],[81,156,162],[80,159,162],[79,156,159],\
[78,127,128],
[77,130,131],[77,128,129],[78,130,132],[76,127,129],[76,131,132],[126,154,157],[123,155,160],[121,158,161],[121,123,1\
26],[123,126,134],
[121,126,135],[121,123,133],[79,154,157],[80,158,161],[81,155,160],[75,126,134],[74,121,135],[73,123,134],[72,123,133\
],[71,121,133],
[70,126,135],[72,79,154],[75,80,158],[74,81,160],[71,79,157],[70,81,155],[73,80,161],[73,74,78],[71,75,76],[70,72,77]\
,
[69,75,126],[68,74,121],[67,72,123],[66,73,123],[65,70,126],[64,71,121],[71,76,79],[73,78,80],[74,78,81],[72,77,79],
[70,77,81],[75,76,80],[63,78,128],[62,78,132],[61,76,131],[60,77,130],[59,77,129],[58,76,127],[57,63,128],[56,60,130]\
,
[55,62,132],[54,59,129],[53,58,127],[52,61,131],[51,69,75],[50,68,74],[49,64,71],[48,67,72],[47,66,73],[46,65,70],
[63,78,80],[62,78,81],[58,76,79],[61,76,80],[59,77,81],[60,77,79],[44,45,102],[42,43,101],[40,41,100],[39,101,141],
[38,100,138],[37,101,137],[37,102,136],[38,102,139],[39,100,140],[89,111,137],[83,103,139],[90,113,136],[87,109,141],\
[84,107,138],
[86,105,140],[80,89,159],[81,83,162],[81,90,156],[79,84,159],[79,86,156],[80,87,162],[56,99,159],[52,98,162],[57,97,1\
59],
[54,96,162],[55,95,156],[53,94,156],[36,47,89],[35,51,87],[34,48,84],[33,49,86],[32,50,90],[31,46,83],[39,40,100],
[37,42,101],[39,43,101],[38,41,100],[37,44,102],[38,45,102],[37,89,137],[37,90,136],[38,83,139],[39,87,141],[39,86,14\
0],
[38,84,138],[80,89,111],[81,83,103],[79,84,107],[81,90,113],[79,86,105],[80,87,109],[56,89,159],[52,83,162],[57,84,15\
9],
[54,87,162],[53,90,156],[55,86,156],[48,55,67],[50,52,68],[47,54,66],[46,53,65],[49,57,64],[51,56,69],[63,80,146],
[61,80,148],[62,81,151],[58,79,144],[60,79,142],[59,81,143],[56,99,130],[57,97,128],[54,96,129],[53,94,127],[52,98,13\
1],
[55,95,132],[29,30,39],[27,28,37],[25,26,38],[22,23,24],[19,20,21],[16,17,18],[16,17,33],[16,18,34],[22,23,31],
[22,24,32],[19,20,35],[19,21,36],[29,39,40],[30,39,43],[25,38,41],[27,37,44],[26,38,45],[28,37,42],[61,96,129],
[59,98,131],[60,97,128],[63,99,130],[62,94,127],[58,95,132],[80,109,146],[80,111,148],[81,103,151],[79,107,144],[81,1\
13,143],
[79,105,142],[51,56,89],[50,52,83],[46,53,90],[49,57,84],[47,54,87],[48,55,86],[35,39,87],[34,38,84],[33,39,86],
[32,37,90],[36,37,89],[31,38,83],[15,88,89],[14,82,83],[13,85,86],[13,88,90],[15,82,84],[14,85,87],[15,59,62],
[13,61,63],[14,58,60],[12,57,148],[11,54,151],[10,56,144],[9,55,143],[8,52,146],[7,53,142],[31,60,142],[36,62,151],
[32,63,146],[33,61,148],[34,59,143],[35,58,144],[29,54,66],[30,55,67],[25,52,68],[27,56,69],[26,57,64],[28,53,65],
[26,57,148],[29,54,151],[27,56,144],[30,55,143],[28,53,142],[25,52,146],[13,63,85],[15,59,88],[14,60,85],[14,58,82],
[13,61,88],[15,62,82],[11,103,151],[12,111,148],[9,113,143],[10,107,144],[7,105,142],[8,109,146],[32,37,146],[35,39,1\
44],
[33,39,148],[36,37,151],[31,38,142],[34,38,143],[13,46,90],[15,51,89],[14,50,83],[13,48,86],[14,47,87],[15,49,84],
[30,62,94],[27,60,97],[25,61,96],[28,58,95],[26,63,99],[29,59,98],[29,40,66],[30,43,67],[25,41,68],[27,44,69],
[28,42,65],[26,45,64],[16,33,61],[22,31,60],[19,36,62],[22,32,63],[19,35,58],[16,34,59],[39,91,92],[37,91,93],
[38,92,93],[25,29,165],[28,30,163],[26,27,164],[57,94,117],[54,97,116],[55,99,118],[56,98,119],[53,96,115],[52,95,120\
],
[55,141,160],[56,136,154],[52,138,158],[54,140,155],[53,137,157],[57,139,161],[58,60,145],[59,62,152],[61,63,149],[12\
,57,66],
[10,56,67],[9,55,68],[8,52,69],[11,54,65],[7,53,64],[22,71,75],[16,73,74],[19,70,72],[13,49,71],[15,48,72],
[13,50,74],[15,47,73],[14,46,70],[14,51,75],[57,63,92],[54,59,91],[55,62,92],[52,61,93],[56,60,91],[53,58,93],
[60,103,128],[62,111,127],[63,113,130],[61,105,129],[58,109,132],[59,107,131],[15,16,73],[15,19,72],[14,19,70],[14,22\
,75],
[13,16,74],[13,22,71],[60,103,145],[63,113,149],[62,111,152],[61,105,149],[59,107,152],[58,109,145],[57,92,94],[54,91\
,97],
[55,92,99],[56,91,98],[52,93,95],[53,93,96],[57,66,161],[56,67,154],[55,68,160],[52,69,158],[53,64,157],[54,65,155],
[52,120,138],[55,118,141],[56,119,136],[54,116,140],[57,117,139],[53,115,137],[11,103,128],[8,109,132],[12,111,127],[\
9,113,130],
[7,105,129],[10,107,131],[12,40,66],[10,43,67],[9,41,68],[8,44,69],[7,45,64],[11,42,65],[13,46,49],[15,48,51],
[14,46,47],[15,47,49],[14,50,51],[13,48,50],[38,92,143],[39,91,144],[39,92,148],[37,93,146],[38,93,142],[37,91,151],
[62,82,92],[63,85,92],[59,88,91],[58,82,93],[61,88,93],[60,85,91],[27,144,164],[25,146,165],[29,151,165],[30,143,163]\
,
[26,148,164],[28,142,163],[16,25,61],[22,27,60],[19,30,62],[22,26,63],[16,29,59],[19,28,58],[15,108,112],[14,104,110]\
,
[13,106,114],[21,145,154],[18,149,161],[23,149,158],[17,152,160],[20,152,155],[24,145,157],[7,113,128],[10,111,132],[\
11,109,127],
[12,107,129],[8,103,130],[9,105,131],[100,142,144],[101,146,148],[102,143,151],[20,125,126],[21,122,123],[24,121,122]\
,[23,124,126],
[17,121,125],[18,123,124],[90,135,157],[89,134,154],[83,135,158],[86,133,160],[84,133,161],[87,134,155],[6,114,128],[\
5,108,129],
[4,106,131],[3,112,132],[2,104,130],[1,110,127],[78,89,90],[76,86,87],[77,83,84],[25,29,92],[26,27,93],[28,30,91],
[25,26,167],[29,30,166],[27,28,168],[20,21,153],[23,24,147],[17,18,150],[4,69,126],[3,68,121],[2,67,123],[6,66,123],
[1,64,121],[5,65,126],[31,46,116],[36,47,117],[35,51,120],[34,48,119],[33,49,115],[32,50,118],[49,86,94],[47,89,97],
[46,83,96],[50,90,95],[51,87,98],[48,84,99],[6,30,94],[5,27,97],[1,25,96],[4,28,95],[2,29,98],[3,26,99],
[6,49,94],[5,47,97],[1,46,96],[4,50,95],[2,51,98],[3,48,99],[6,30,114],[5,27,108],[1,25,110],[4,28,106],
[3,26,112],[2,29,104],[89,97,154],[83,96,158],[86,94,160],[90,95,157],[84,99,161],[87,98,155],[2,18,123],[3,24,121],
[4,20,126],[5,23,126],[6,21,123],[1,17,121],[1,64,127],[4,69,131],[3,68,132],[2,67,130],[5,65,129],[6,66,128],
[17,125,150],[20,125,153],[21,122,153],[24,122,147],[18,124,150],[23,124,147],[78,90,135],[78,89,134],[77,83,135],[76\
,87,134],
[77,84,133],[76,86,133],[9,10,131],[7,11,128],[8,10,132],[11,12,127],[8,9,130],[7,12,129],[16,25,167],[19,28,168],
[19,30,166],[22,26,167],[22,27,168],[16,29,166],[102,151,165],[101,148,164],[100,142,163],[100,144,164],[102,143,163]\
,[101,146,165],
[30,85,91],[27,88,93],[25,82,92],[29,85,92],[28,88,91],[26,82,93],[48,51,120],[46,49,116],[48,50,119],[46,47,117],
[50,51,118],[47,49,115],[11,42,109],[7,45,113],[10,43,111],[9,41,105],[8,44,103],[12,40,107],[32,118,141],[31,116,140\
],
[34,119,136],[33,115,137],[36,117,139],[35,120,138],[17,68,160],[18,66,161],[24,64,157],[23,69,158],[20,65,155],[21,6\
7,154],
[17,111,152],[21,103,145],[23,105,149],[18,113,149],[24,109,145],[20,107,152],[15,16,108],[15,19,112],[14,19,110],[13\
,22,114],
[13,16,106],[14,22,104],[91,98,151],[92,94,143],[92,99,148],[91,97,144],[93,96,146],[93,95,142],[85,140,141],[88,136,\
137],
[82,138,139],[8,151,153],[7,143,150],[10,148,150],[12,144,153],[9,142,147],[11,146,147],[78,112,127],[78,114,130],[77\
,108,131],
[76,110,132],[76,106,129],[77,104,128],[18,102,119],[24,101,118],[20,100,120],[23,100,116],[21,102,117],[17,101,115],\
[44,45,125],
[40,41,122],[42,43,124],[75,109,134],[74,113,135],[73,111,134],[71,105,133],[70,103,135],[72,107,133],[6,72,154],[5,7\
5,158],
[1,74,160],[2,73,161],[3,71,157],[4,70,155],[17,33,120],[18,34,116],[23,31,119],[24,32,117],[21,36,118],[20,35,115],
[8,10,153],[9,10,150],[7,11,147],[11,12,153],[7,12,150],[8,9,147],[8,98,151],[12,97,144],[11,96,146],[7,94,143],
[9,95,142],[10,99,148],[18,74,113],[24,75,109],[20,72,107],[17,73,111],[21,70,103],[23,71,105],[23,69,119],[21,67,118\
],
[17,68,120],[18,66,116],[20,65,115],[24,64,117],[32,85,141],[31,85,140],[34,88,136],[35,82,138],[36,82,139],[33,88,13\
7],
[42,109,134],[45,113,135],[43,111,134],[41,105,133],[40,107,133],[44,103,135],[33,48,120],[34,49,116],[31,50,119],[32\
,46,117],
[35,47,115],[36,51,118],[18,102,165],[24,101,164],[20,100,163],[23,100,164],[17,101,165],[21,102,163],[78,112,135],[7\
8,114,134],
[77,108,135],[76,106,134],[77,104,133],[76,110,133],[45,125,150],[44,125,153],[40,122,153],[41,122,147],[42,124,147],\
[43,124,150],
[64,112,127],[69,108,131],[68,110,132],[65,106,129],[66,104,128],[67,114,130],[2,18,119],[3,24,118],[4,20,120],[5,23,\
116],
[1,17,115],[6,21,117],[4,98,155],[6,97,154],[5,96,158],[1,94,160],[3,95,157],[2,99,161],[3,48,71],[6,49,72],
[5,47,75],[1,46,74],[4,50,70],[2,51,73],[16,108,167],[19,112,168],[19,110,166],[22,104,167],[16,106,166],[22,114,168]\
,
[30,85,114],[29,85,104],[27,88,108],[25,82,110],[26,82,112],[28,88,106],[69,108,167],[67,114,168],[64,112,168],[68,11\
0,166],
[66,104,167],[65,106,166],[8,42,147],[12,43,150],[11,44,153],[9,45,150],[10,40,153],[7,41,147],[32,46,74],[35,47,75],
[34,49,72],[33,48,71],[36,51,73],[31,50,70],[44,112,135],[42,114,134],[45,108,135],[43,106,134],[41,104,133],[40,110,\
133],
[32,85,114],[31,85,104],[36,82,112],[34,88,108],[33,88,106],[35,82,110],[2,69,119],[3,67,118],[4,68,120],[5,66,116],
[6,64,117],[1,65,115],[18,74,165],[24,75,164],[20,72,163],[23,71,164],[21,70,163],[17,73,165],[4,8,98],[6,12,97],
[5,11,96],[1,7,94],[2,10,99],[3,9,95],[4,68,166],[2,69,167],[3,67,168],[6,64,168],[1,65,166],[5,66,167],
[32,42,114],[35,40,110],[34,45,108],[33,43,106],[31,41,104],[36,44,112],[32,74,165],[35,75,164],[34,72,163],[33,71,16\
4],
[31,70,163],[36,73,165],[4,8,42],[2,10,40],[3,9,45],[6,12,43],[1,7,41],[5,11,44],[4,42,166],[2,40,167],
[3,45,168],[6,43,168],[5,44,167],[1,41,166],[32,42,165],[35,40,164],[34,45,163],[33,43,164],[36,44,165],[31,41,163],
[42,165,166],[40,164,167],[45,163,168],[43,164,168],[41,163,166],[44,165,167]];
 #---------------------------------------------------

#SurfaceInfo: 336 Vertices, 2688 Edges, 1792 Faces, IsOrientable=true
#Vertices of faces:
 vof3:=[[334,335,336],[333,334,335],[332,335,336],[331,334,336],[328,329,330],[325,326,327],[322,323,324],[319,320,32\
1],[316,317,318],[313,314,315],
[312,320,330],[311,314,329],[310,321,329],[309,317,328],[308,318,330],[307,315,328],[304,305,306],[318,320,330],[315,\
317,328],[314,321,329],
[301,302,303],[299,300,310],[297,298,311],[295,296,308],[293,294,309],[291,292,312],[289,290,307],[288,304,305],[287,\
305,306],[286,304,306],
[284,285,305],[282,283,304],[280,281,306],[277,278,279],[274,275,276],[271,272,273],[268,269,270],[265,266,267],[262,\
263,264],[259,260,261],
[256,257,258],[253,254,255],[250,251,252],[248,249,251],[245,246,247],[243,244,246],[241,242,254],[239,240,260],[237,\
238,272],[235,236,269],
[233,234,263],[231,232,257],[229,230,266],[239,276,300],[235,275,296],[233,276,294],[237,275,298],[229,274,292],[231,\
274,290],[251,277,278],
[246,278,279],[254,277,279],[228,274,275],[227,274,276],[226,275,276],[280,281,313],[282,283,316],[284,285,319],[223,\
224,225],[220,221,222],
[217,218,219],[214,215,216],[211,212,213],[208,209,210],[206,207,286],[204,205,287],[202,203,288],[200,201,287],[198,\
199,288],[196,197,286],
[237,272,302],[233,263,301],[231,257,301],[229,266,303],[235,269,303],[239,260,302],[195,253,254],[194,245,246],[193,\
243,246],[192,248,251],
[191,250,251],[190,241,254],[189,280,313],[188,282,316],[187,284,319],[186,281,313],[185,285,319],[184,283,316],[239,\
240,300],[235,236,296],
[233,234,294],[229,230,292],[231,232,290],[237,238,298],[226,276,300],[228,275,296],[227,276,294],[226,275,298],[227,\
274,290],[228,274,292],
[246,247,278],[251,252,277],[249,251,278],[254,255,279],[242,254,277],[244,246,279],[183,256,257],[182,271,272],[181,\
268,269],[180,265,266],
[179,262,263],[178,259,260],[209,286,304],[224,288,304],[218,287,305],[215,288,305],[212,287,306],[221,286,306],[177,\
291,292],[176,297,298],
[175,295,296],[174,293,294],[173,289,290],[172,299,300],[171,233,276],[170,239,276],[169,235,275],[168,231,274],[167,\
229,274],[166,237,275],
[165,250,252],[164,245,247],[163,253,255],[162,248,249],[161,243,244],[160,241,242],[272,273,278],[266,267,277],[257,\
258,278],[269,270,279],
[263,264,279],[260,261,277],[159,223,284],[158,220,283],[157,214,282],[156,208,281],[155,211,285],[154,217,280],[153,\
167,273],[152,168,261],
[151,171,267],[150,169,258],[149,166,264],[148,170,270],[147,266,277],[146,269,279],[145,260,277],[144,263,279],[143,\
257,278],[142,272,278],
[141,162,249],[140,161,244],[139,165,252],[138,163,255],[137,160,242],[136,164,247],[135,160,241],[134,164,245],[133,\
165,250],[132,163,253],
[131,162,248],[130,161,243],[129,167,274],[128,166,275],[127,168,274],[126,171,276],[125,170,276],[124,169,275],[166,\
210,237],[167,213,229],
[171,216,233],[170,225,239],[168,219,231],[169,222,235],[123,177,291],[122,174,293],[121,172,299],[120,176,297],[119,\
175,295],[118,173,289],
[247,273,278],[252,267,277],[249,258,278],[244,270,279],[242,261,277],[255,264,279],[175,228,296],[174,227,294],[176,\
226,298],[172,226,300],
[177,228,292],[173,227,290],[117,195,253],[116,194,245],[115,192,248],[114,193,243],[113,191,250],[112,190,241],[111,\
234,294],[110,230,292],
[109,240,300],[108,236,296],[107,238,298],[106,232,290],[105,188,316],[104,186,313],[103,185,319],[102,184,316],[101,\
189,313],[100,187,319],
[214,215,305],[208,209,304],[223,224,304],[217,218,305],[220,221,306],[211,212,306],[206,209,286],[198,224,288],[202,\
215,288],[204,218,287],
[196,221,286],[200,212,287],[182,272,302],[183,257,301],[181,269,303],[180,266,303],[178,260,302],[179,263,301],[288,\
301,302],[286,302,303],
[287,301,303],[99,315,317],[98,314,321],[97,318,320],[139,282,304],[138,281,306],[137,280,306],[136,285,305],[140,284\
,305],[141,283,304],
[96,192,251],[95,194,246],[94,191,251],[93,195,254],[92,190,254],[91,193,246],[156,188,228],[157,185,226],[158,189,22\
6],[154,187,228],
[159,184,227],[155,186,227],[97,110,192],[99,106,191],[98,109,195],[97,108,194],[98,107,193],[99,111,190],[189,226,25\
3],[187,228,245],
[188,228,248],[184,227,250],[185,226,243],[186,227,241],[98,107,147],[99,111,142],[97,110,144],[99,106,146],[98,109,1\
43],[97,108,145],
[96,173,251],[95,176,246],[92,172,254],[93,174,254],[91,175,246],[94,177,251],[92,111,190],[96,110,192],[94,106,191],\
[93,109,195],
[95,108,194],[91,107,193],[90,139,304],[89,138,306],[88,136,305],[87,137,306],[86,141,304],[85,140,305],[99,190,315],\
[98,193,321],
[97,192,318],[99,191,317],[97,194,320],[98,195,314],[141,158,283],[140,159,284],[139,157,282],[138,156,281],[136,155,\
285],[137,154,280],
[179,287,301],[182,288,302],[183,288,301],[178,286,302],[181,287,303],[180,286,303],[84,211,306],[83,208,304],[82,223\
,304],[81,214,305],
[80,217,305],[79,220,306],[93,204,218],[92,206,209],[95,198,224],[94,196,221],[91,200,212],[96,202,215],[104,155,186]\
,[105,156,188],
[101,158,189],[103,157,185],[100,154,187],[102,159,184],[78,108,236],[77,106,232],[76,111,234],[75,109,240],[74,107,2\
38],[73,110,230],
[72,117,253],[71,116,245],[70,115,248],[69,114,243],[68,113,250],[67,112,241],[158,176,226],[159,174,227],[156,175,22\
8],[157,172,226],
[154,177,228],[155,173,227],[66,122,293],[65,119,295],[64,120,297],[63,123,291],[62,118,289],[61,121,299],[60,129,167\
],[59,126,171],
[58,124,169],[57,125,170],[56,127,168],[55,128,166],[87,168,219],[90,171,216],[88,167,213],[86,169,222],[89,166,210],\
[85,170,225],
[108,139,252],[110,140,244],[106,138,255],[107,137,242],[109,136,247],[111,141,249],[63,135,160],[62,134,164],[61,133\
,165],[66,130,161],
[65,132,163],[64,131,162],[60,143,257],[59,145,260],[57,144,263],[56,147,266],[58,142,272],[55,146,269],[153,247,273]\
,[151,252,267],
[150,249,258],[148,244,270],[149,255,264],[152,242,261],[53,54,277],[51,52,278],[49,50,279],[65,66,327],[62,64,326],[\
61,63,325],
[61,66,323],[62,63,322],[64,65,324],[155,316,317],[156,319,320],[157,313,314],[158,319,321],[159,313,315],[154,316,31\
8],[78,223,300],
[75,217,290],[73,214,294],[76,208,298],[77,220,296],[74,211,292],[221,312,330],[218,309,328],[215,307,328],[224,311,3\
29],[209,310,329],
[212,308,330],[48,88,122],[47,86,121],[46,89,123],[45,90,120],[44,85,118],[43,87,119],[42,129,252],[41,128,247],[40,1\
27,249],
[39,124,244],[38,125,242],[37,126,255],[50,51,275],[49,53,276],[52,54,274],[93,312,320],[94,311,314],[95,309,317],[92\
,308,318],
[91,307,315],[96,310,321],[102,298,311],[103,290,307],[101,292,312],[105,300,310],[104,296,308],[100,294,309],[36,297\
,311],[35,291,312],
[34,299,310],[33,293,309],[32,289,307],[31,295,308],[164,230,266],[162,236,269],[161,240,260],[165,234,263],[160,232,\
257],[163,238,272],
[155,262,264],[157,271,273],[154,268,270],[156,265,267],[158,259,261],[159,256,258],[112,158,220],[115,159,223],[113,\
156,208],[116,157,214],
[114,154,217],[117,155,211],[30,223,284],[29,214,282],[28,220,283],[27,208,281],[26,211,285],[25,217,280],[168,261,33\
0],[171,267,329],
[170,270,328],[167,273,328],[169,258,329],[166,264,330],[150,169,289],[153,167,297],[149,166,293],[151,171,291],[152,\
168,299],[148,170,295],
[105,247,316],[104,252,313],[101,244,313],[100,249,319],[103,255,319],[102,242,316],[98,111,294],[99,110,292],[99,109\
,300],[98,108,296],
[97,106,290],[97,107,298],[30,112,190],[29,117,195],[25,115,192],[28,114,193],[27,116,194],[26,113,191],[123,157,177]\
,[122,156,174],
[120,155,176],[121,154,172],[118,158,173],[119,159,175],[129,135,274],[128,131,275],[127,134,274],[126,130,276],[124,\
132,275],[125,133,276],
[190,210,237],[193,213,229],[192,216,233],[194,225,239],[195,219,231],[191,222,235],[141,162,196],[140,161,198],[139,\
165,202],[138,163,206],
[136,164,200],[137,160,204],[134,190,245],[133,193,250],[132,192,253],[130,191,243],[135,194,241],[131,195,248],[121,\
147,277],[122,146,279],
[123,145,277],[119,144,279],[120,143,278],[118,142,278],[36,180,192],[35,179,190],[34,183,191],[33,182,193],[31,178,1\
95],[32,181,194],
[72,91,171],[68,92,167],[70,95,168],[69,93,169],[67,94,170],[71,96,166],[49,169,266],[53,167,269],[52,166,260],[50,17\
1,257],
[51,168,263],[54,170,272],[72,171,257],[71,166,260],[70,168,263],[69,169,266],[67,170,272],[68,167,269],[135,181,194]\
,[132,180,192],
[131,178,195],[134,179,190],[133,182,193],[130,183,191],[190,210,245],[193,213,250],[192,216,253],[194,225,241],[191,\
222,243],[195,219,248],
[49,169,289],[53,167,297],[52,166,293],[50,171,291],[54,170,295],[51,168,299],[29,117,211],[30,112,220],[26,113,208],\
[25,115,223],
[27,116,214],[28,114,217],[25,192,280],[30,190,284],[28,193,283],[29,195,282],[26,191,285],[27,194,281],[154,172,268]\
,[156,174,265],
[157,177,271],[155,176,262],[159,175,256],[158,173,259],[51,165,263],[50,160,257],[54,163,272],[52,161,260],[53,162,2\
69],[49,164,266],
[164,200,230],[165,202,234],[162,196,236],[161,198,240],[163,206,238],[160,204,232],[36,192,311],[35,190,312],[34,191\
,310],[33,193,309],
[31,195,308],[32,194,307],[33,149,293],[36,153,297],[34,152,299],[32,150,289],[31,148,295],[35,151,291],[93,169,320],\
[92,167,318],
[94,170,314],[96,166,321],[91,171,315],[95,168,317],[51,120,278],[53,121,277],[49,122,279],[54,123,277],[52,118,278],\
[50,119,279],
[47,121,147],[48,122,146],[46,123,145],[44,118,142],[43,119,144],[45,120,143],[54,135,274],[51,131,275],[52,134,274],\
[49,130,276],
[50,132,275],[53,133,276],[42,129,135],[39,124,132],[41,128,131],[37,126,130],[38,125,133],[40,127,134],[85,118,158],\
[87,119,159],
[89,123,157],[88,122,156],[86,121,154],[90,120,155],[128,247,316],[124,244,313],[127,249,319],[129,252,313],[125,242,\
316],[126,255,319],
[221,261,330],[218,270,328],[224,258,329],[209,267,329],[212,264,330],[215,273,328],[30,78,223],[25,75,217],[29,73,21\
4],[28,77,220],
[27,76,208],[26,74,211],[159,258,315],[158,261,321],[154,270,318],[155,264,317],[156,267,320],[157,273,314],[78,105,3\
00],[76,102,298],
[75,103,290],[77,104,296],[73,100,294],[74,101,292],[103,215,307],[105,209,310],[101,221,312],[102,224,311],[100,218,\
309],[104,212,308],
[141,158,196],[140,159,198],[139,157,202],[138,156,206],[137,154,204],[136,155,200],[105,153,247],[102,152,242],[103,\
149,255],[104,151,252],
[100,150,249],[101,148,244],[61,133,323],[66,130,323],[63,135,322],[62,134,322],[64,131,324],[65,132,324],[87,168,330\
],[85,170,328],
[90,171,329],[88,167,328],[89,166,330],[86,169,329],[62,118,326],[65,119,327],[66,122,327],[63,123,325],[61,121,325],\
[64,120,326],
[112,158,176],[115,159,174],[113,156,175],[116,157,172],[117,155,173],[114,154,177],[104,155,316],[105,156,319],[102,\
159,313],[101,158,319],
[100,154,316],[103,157,313],[93,204,312],[92,206,308],[91,200,307],[95,198,309],[96,202,310],[94,196,311],[36,180,286\
],[32,181,287],
[33,182,288],[35,179,287],[34,183,288],[31,178,286],[190,237,315],[193,229,321],[192,233,318],[191,235,317],[195,231,\
314],[194,239,320],
[92,98,111],[96,99,110],[93,99,109],[95,98,108],[91,97,107],[94,97,106],[70,95,176],[69,93,174],[72,91,175],[67,94,17\
7],
[71,96,173],[68,92,172],[98,147,294],[99,146,300],[97,145,290],[99,142,292],[97,144,298],[98,143,296],[60,167,257],[5\
9,171,260],
[57,170,263],[56,168,266],[55,166,269],[58,169,272],[78,108,252],[73,110,244],[77,106,255],[74,107,242],[75,109,247],\
[76,111,249],
[81,88,305],[84,89,306],[82,86,304],[83,90,304],[79,87,306],[80,85,305],[72,189,253],[71,187,245],[70,188,248],[68,18\
4,250],
[67,186,241],[69,185,243],[328,329,333],[328,330,332],[329,330,331],[99,281,283],[98,280,285],[97,282,284],[251,325,3\
26],[246,326,327],
[254,325,327],[227,322,323],[226,323,324],[228,322,324],[24,49,50],[23,53,54],[22,51,52],[23,61,63],[24,65,66],[22,62\
,64],
[21,61,66],[20,64,65],[19,62,63],[223,300,326],[220,296,325],[217,290,327],[214,294,326],[208,298,325],[211,292,327],\
[48,70,88],
[46,69,89],[47,71,86],[45,67,90],[43,68,87],[44,72,85],[20,50,51],[19,52,54],[21,49,53],[39,135,244],[40,130,249],
[42,132,252],[41,133,247],[37,134,255],[38,131,242],[18,237,302],[17,229,303],[16,233,301],[15,235,303],[14,239,302],\
[13,231,301],
[43,180,265],[44,179,262],[48,183,256],[45,178,259],[46,181,268],[47,182,271],[12,185,285],[11,189,280],[10,184,283],\
[9,188,282],
[8,187,284],[7,186,281],[11,223,225],[8,220,222],[10,217,219],[7,214,216],[12,208,210],[9,211,213],[46,221,222],[48,2\
18,219],
[47,209,210],[44,215,216],[43,212,213],[45,224,225],[207,286,299],[205,287,293],[203,288,289],[201,287,295],[199,288,\
297],[197,286,291],
[78,206,207],[77,200,201],[76,198,199],[73,204,205],[74,196,197],[75,202,203],[57,101,144],[58,100,142],[55,103,146],\
[56,102,147],
[60,105,143],[59,104,145],[17,107,137],[16,110,140],[18,111,141],[14,108,139],[15,106,138],[13,109,136],[66,82,161],[\
61,81,165],
[63,80,160],[62,84,164],[64,79,162],[65,83,163],[58,107,124],[56,110,127],[57,111,125],[55,108,128],[60,106,129],[59,\
109,126],
[39,87,219],[41,90,216],[42,89,210],[40,85,225],[37,88,213],[38,86,222],[12,66,293],[7,63,291],[9,64,297],[10,61,299]\
,
[11,65,295],[8,62,289],[72,117,222],[71,116,219],[70,115,210],[69,114,216],[67,112,213],[68,113,225],[57,78,236],[58,\
77,232],
[55,76,234],[56,75,240],[59,73,230],[60,74,238],[84,149,211],[83,151,208],[82,150,223],[81,153,214],[79,152,220],[80,\
148,217],
[92,131,209],[95,133,224],[91,135,212],[96,130,215],[94,132,221],[93,134,218],[90,107,139],[89,110,138],[88,111,136],\
[87,108,137],
[85,106,140],[86,109,141],[128,174,254],[124,173,251],[129,176,246],[127,172,254],[126,177,251],[125,175,246],[146,22\
8,248],[144,227,250],
[143,227,241],[142,226,253],[147,228,245],[145,226,243],[107,147,149],[110,144,153],[106,146,152],[108,145,150],[109,\
143,148],[111,142,151],
[210,213,216],[219,222,225],[256,259,268],[262,265,271],[230,234,238],[232,236,240],[149,151,153],[148,150,152],[113,\
237,261],[117,229,270],
[116,233,258],[112,235,267],[114,231,264],[115,239,273],[19,180,215],[21,179,209],[19,183,221],[20,181,224],[21,178,2\
18],[20,182,212],
[51,203,270],[53,197,264],[49,201,261],[54,207,258],[52,199,267],[50,205,273],[23,41,205],[23,39,203],[24,40,207],[22\
,38,201],
[22,37,197],[24,42,199],[12,56,79],[11,60,81],[9,57,80],[10,55,84],[8,59,83],[7,58,82],[6,61,211],[5,66,220],
[4,62,208],[3,65,214],[2,64,217],[1,63,223],[3,135,174],[6,131,177],[5,134,175],[2,133,173],[1,132,172],[4,130,176],
[146,207,312],[144,199,307],[147,205,308],[145,203,311],[143,201,309],[142,197,310],[49,237,261],[51,229,270],[54,233\
,258],[52,235,267],
[50,239,273],[53,231,264],[145,203,243],[146,207,248],[143,201,241],[144,199,250],[142,197,253],[147,205,245],[2,124,\
173],[1,127,172],
[5,125,175],[3,128,174],[6,126,177],[4,129,176],[91,135,174],[92,131,177],[94,132,172],[96,130,176],[93,134,175],[95,\
133,173],
[4,151,208],[6,149,211],[3,153,214],[2,148,217],[5,152,220],[1,150,223],[81,144,153],[80,143,148],[84,147,149],[83,14\
2,151],
[82,145,150],[79,146,152],[10,55,299],[12,56,293],[11,60,295],[8,59,289],[7,58,291],[9,57,297],[23,41,90],[24,42,89],
[22,37,88],[23,39,87],[22,38,86],[24,40,85],[38,72,222],[39,71,219],[42,70,210],[41,69,216],[37,67,213],[40,68,225],
[56,110,153],[60,106,152],[57,111,151],[58,107,149],[55,108,150],[59,109,148],[107,124,139],[110,127,138],[111,125,13\
6],[108,128,137],
[109,126,141],[106,129,140],[57,80,160],[58,82,161],[56,79,162],[60,81,165],[55,84,164],[59,83,163],[10,61,81],[8,62,\
84],
[12,66,82],[7,63,80],[11,65,83],[9,64,79],[17,90,107],[16,89,110],[18,88,111],[14,87,108],[13,86,109],[15,85,106],
[103,146,312],[105,143,309],[101,144,307],[102,147,308],[104,145,311],[100,142,310],[57,101,236],[58,100,232],[55,103\
,234],[59,104,230],
[60,105,238],[56,102,240],[78,207,258],[77,201,261],[75,203,270],[74,197,264],[76,199,267],[73,205,273],[40,207,299],\
[41,205,293],
[39,203,289],[38,201,295],[42,199,297],[37,197,291],[57,78,206],[58,77,200],[60,74,196],[55,76,198],[56,75,202],[59,7\
3,204],
[19,44,215],[20,43,212],[20,45,224],[21,47,209],[19,46,221],[21,48,218],[45,113,225],[46,117,222],[48,116,219],[47,11\
5,210],
[44,114,216],[43,112,213],[12,79,285],[7,82,281],[11,81,280],[9,80,282],[10,84,283],[8,83,284],[7,186,216],[12,185,21\
0],
[9,188,213],[11,189,225],[8,187,222],[10,184,219],[19,43,180],[21,44,179],[19,48,183],[20,47,182],[20,46,181],[21,45,\
178],
[18,113,237],[17,117,229],[16,116,233],[14,115,239],[13,114,231],[15,112,235],[13,136,301],[18,141,302],[14,139,302],\
[15,138,303],
[17,137,303],[16,140,301],[42,132,221],[37,134,218],[41,133,224],[38,131,209],[40,130,215],[39,135,212],[48,70,256],[\
46,69,268],
[47,71,271],[45,67,259],[44,72,262],[43,68,265],[11,223,326],[8,220,325],[10,217,327],[7,214,326],[9,211,327],[12,208\
,325],
[4,19,62],[6,21,61],[3,20,65],[5,21,66],[1,19,63],[2,20,64],[23,63,205],[23,61,203],[22,62,201],[22,64,197],
[24,66,199],[24,65,207],[144,227,322],[143,227,323],[147,228,324],[142,226,323],[145,226,324],[146,228,322],[124,251,\
325],[129,246,327],
[127,254,327],[128,254,325],[125,246,326],[126,251,326],[51,120,203],[49,122,201],[53,121,197],[54,123,207],[50,119,2\
05],[52,118,199],
[70,81,88],[69,84,89],[71,82,86],[67,83,90],[72,80,85],[68,79,87],[93,99,281],[96,99,283],[92,98,280],[94,97,282],
[91,97,284],[95,98,285],[36,286,299],[32,287,293],[33,288,289],[35,287,295],[31,286,291],[34,288,297],[204,207,312],[\
199,200,307],
[205,206,308],[197,202,310],[196,203,311],[198,201,309],[118,300,326],[122,292,327],[119,290,327],[120,294,326],[121,\
296,325],[123,298,325],
[85,328,333],[87,330,332],[89,330,331],[90,329,333],[86,329,331],[88,328,332],[135,244,322],[130,249,323],[132,252,32\
4],[133,247,323],
[131,242,324],[134,255,322],[103,180,215],[105,179,209],[101,183,221],[102,181,224],[104,182,212],[100,178,218],[113,\
221,261],[117,218,270],
[116,224,258],[112,209,267],[115,215,273],[114,212,264],[3,54,135],[2,53,133],[6,51,131],[5,52,134],[4,49,130],[1,50,\
132],
[33,149,151],[34,148,152],[31,148,150],[32,150,152],[35,151,153],[36,149,153],[204,232,240],[200,230,238],[196,232,23\
6],[198,236,240],
[206,234,238],[202,230,234],[20,51,165],[20,50,160],[19,54,163],[21,49,164],[21,53,162],[19,52,161],[177,262,271],[17\
2,256,268],
[176,262,265],[174,265,271],[173,259,268],[175,256,259],[25,63,223],[29,61,211],[30,66,220],[26,62,208],[28,64,217],[\
27,65,214],
[24,49,289],[22,51,299],[23,53,297],[22,52,293],[24,50,291],[23,54,295],[210,216,245],[210,213,250],[213,216,253],[22\
2,225,241],
[219,225,248],[219,222,243],[70,112,176],[69,115,174],[72,113,175],[68,116,172],[67,114,177],[71,117,173],[78,105,153\
],[76,102,152],
[75,103,149],[77,104,151],[74,101,148],[73,100,150],[237,258,315],[229,261,321],[233,270,318],[235,264,317],[239,267,\
320],[231,273,314],
[30,78,252],[29,73,244],[28,77,255],[26,74,242],[27,76,249],[25,75,247],[101,127,319],[100,125,316],[103,129,313],[10\
4,128,316],
[105,126,319],[102,124,313],[47,147,294],[48,146,300],[46,145,290],[44,142,292],[45,143,296],[43,144,298],[85,158,196\
],[87,159,198],
[89,157,202],[88,156,206],[90,155,200],[86,154,204],[167,257,318],[171,260,315],[170,263,314],[166,269,321],[168,266,\
317],[169,272,320],
[194,281,307],[195,282,308],[192,280,311],[190,284,312],[191,285,310],[193,283,309],[42,135,181],[39,132,180],[41,131\
,178],[37,130,183],
[40,134,179],[38,133,182],[72,189,257],[71,187,260],[70,188,263],[68,184,269],[69,185,266],[67,186,272],[301,320,321]\
,[302,317,318],
[303,314,315],[281,283,335],[282,284,336],[280,285,334],[284,312,336],[283,309,335],[281,307,335],[285,310,334],[280,\
311,334],[282,308,336],
[139,302,318],[138,303,315],[137,303,314],[136,301,321],[140,301,320],[141,302,317],[189,257,318],[187,260,315],[188,\
263,314],[184,269,321],
[186,272,320],[185,266,317],[4,49,237],[6,51,229],[3,54,233],[2,53,231],[5,52,235],[1,50,239],[28,255,322],[27,249,32\
3],
[30,252,324],[25,247,323],[29,244,322],[26,242,324],[88,206,332],[90,200,333],[85,196,333],[87,198,332],[86,204,331],\
[89,202,331],
[45,121,296],[47,120,294],[43,123,298],[48,118,300],[46,119,290],[44,122,292],[204,207,240],[199,200,238],[205,206,23\
4],[197,202,230],
[196,203,232],[198,201,236],[27,65,207],[25,63,205],[29,61,203],[30,66,199],[28,64,197],[26,62,201],[10,127,327],[11,\
125,326],
[12,128,325],[8,124,325],[7,126,326],[9,129,327],[72,113,262],[71,117,271],[68,116,265],[70,112,256],[67,114,259],[69\
,115,268],
[42,113,221],[37,117,218],[41,116,224],[38,112,209],[39,114,212],[40,115,215],[4,19,43],[5,21,45],[6,21,44],[2,20,46]\
,
[1,19,48],[3,20,47],[186,216,245],[185,210,250],[188,213,253],[184,219,243],[189,225,248],[187,222,241],[81,92,280],[\
80,94,282],
[84,96,283],[83,91,284],[79,95,285],[82,93,281],[18,45,113],[17,46,117],[16,48,116],[14,47,115],[15,43,112],[13,44,11\
4],
[20,43,165],[20,45,160],[19,44,163],[19,46,161],[21,48,162],[21,47,164],[23,42,297],[24,37,291],[22,41,293],[23,38,29\
5],
[24,39,289],[22,40,299],[78,237,258],[77,229,261],[75,233,270],[73,231,273],[74,235,264],[76,239,267],[101,127,236],[\
100,125,232],
[103,129,234],[104,128,230],[102,124,240],[105,126,238],[103,180,312],[105,179,309],[101,183,307],[102,181,308],[100,\
178,310],[104,182,311],
[10,70,81],[8,69,84],[12,71,82],[7,72,80],[9,68,79],[11,67,83],[57,160,206],[58,161,200],[60,165,196],[55,164,198],
[59,163,204],[56,162,202],[55,73,150],[59,74,148],[56,78,153],[60,76,152],[58,75,149],[57,77,151],[42,70,181],[39,71,\
180],
[41,69,178],[37,67,183],[38,72,182],[40,68,179],[17,23,90],[16,24,89],[18,22,88],[14,23,87],[15,24,85],[13,22,86],
[36,55,299],[32,56,293],[33,59,289],[35,60,295],[34,57,297],[31,58,291],[81,144,322],[80,143,323],[84,147,324],[83,14\
2,323],
[79,146,322],[82,145,324],[2,34,148],[1,31,150],[5,32,152],[4,33,151],[6,36,149],[3,35,153],[92,177,262],[94,172,256]\
,
[96,176,265],[91,174,271],[95,173,268],[93,175,259],[2,124,139],[1,127,138],[5,125,136],[3,128,137],[4,129,140],[6,12\
6,141],
[119,205,245],[118,199,250],[121,197,253],[120,203,243],[123,207,248],[122,201,241],[2,34,139],[1,31,138],[5,32,136],\
[3,35,137],
[6,36,141],[4,33,140],[32,56,78],[34,57,77],[31,58,75],[36,55,73],[35,60,76],[33,59,74],[12,71,180],[9,68,179],
[10,70,181],[8,69,178],[11,67,183],[7,72,182],[17,23,42],[16,24,37],[18,22,41],[14,23,38],[13,22,40],[15,24,39],
[81,92,262],[80,94,256],[84,96,265],[83,91,271],[82,93,259],[79,95,268],[119,186,245],[118,185,250],[121,188,253],[12\
0,184,243],
[122,187,241],[123,189,248],[4,43,165],[5,45,160],[6,44,163],[2,46,161],[3,47,164],[1,48,162],[42,113,262],[37,117,27\
1],
[41,116,265],[38,112,256],[40,115,268],[39,114,259],[8,124,240],[10,127,236],[11,125,232],[7,126,238],[9,129,234],[12\
,128,230],
[27,207,240],[26,201,236],[30,199,238],[25,205,234],[28,197,230],[29,203,232],[17,46,119],[16,48,118],[18,45,121],[14\
,47,120],
[13,44,122],[15,43,123],[160,206,332],[161,200,333],[165,196,333],[164,198,332],[162,202,331],[163,204,331],[28,81,32\
2],[27,80,323],
[30,84,324],[25,83,323],[26,82,324],[29,79,322],[4,78,237],[6,77,229],[3,75,233],[2,73,231],[1,76,239],[5,74,235],
[139,189,318],[138,187,315],[137,188,314],[136,184,321],[141,185,317],[140,186,320],[180,312,336],[179,309,335],[183,\
307,335],[181,308,336],
[182,311,334],[178,310,334],[33,140,186],[36,141,185],[34,139,189],[31,138,187],[32,136,184],[35,137,188],[8,27,240],\
[12,28,230],
[10,26,236],[9,25,234],[11,29,232],[7,30,238],[4,165,333],[5,160,332],[6,163,331],[2,161,333],[3,164,332],[1,162,331]\
,
[17,119,186],[16,118,185],[18,121,188],[14,120,184],[15,123,189],[13,122,187],[28,81,262],[27,80,256],[30,84,265],[25\
,83,271],
[29,79,268],[26,82,259],[17,42,262],[16,37,271],[18,41,265],[14,38,256],[15,39,259],[13,40,268],[8,178,334],[12,180,3\
36],
[10,181,336],[9,179,335],[11,183,335],[7,182,334],[4,32,78],[6,34,77],[3,31,75],[2,36,73],[5,33,74],[1,35,76],
[14,27,256],[17,28,262],[15,26,259],[16,25,271],[18,30,265],[13,29,268],[14,32,184],[17,33,186],[15,34,189],[16,36,18\
5],
[18,35,188],[13,31,187],[4,32,333],[5,33,332],[6,34,331],[2,36,333],[1,35,331],[3,31,332],[8,27,334],[12,28,336],
[10,26,336],[9,25,335],[7,30,334],[11,29,335],[14,27,334],[17,28,336],[15,26,336],[16,25,335],[13,29,335],[18,30,334]\
,
[14,32,333],[17,33,332],[15,34,331],[16,36,333],[13,31,332],[18,35,331],[14,333,334],[17,332,336],[15,331,336],[16,33\
3,335],
[18,331,334],[13,332,335]];
 #---------------------------------------------------

#SurfaceInfo: 300 Vertices, 3000 Edges, 2000 Faces, IsOrientable=true
#Vertices of faces:
 vof4:=[[298,299,300],[297,298,299],[296,299,300],[295,298,300],[292,293,294],[289,290,291],[286,287,288],[283,284,28\
5],[282,289,290],[281,289,291],
[280,286,287],[279,283,284],[278,283,285],[277,286,288],[274,275,276],[271,272,273],[268,269,270],[265,266,267],[262,\
263,264],[259,260,261],
[258,265,266],[257,259,260],[256,262,263],[253,254,255],[250,251,252],[247,248,249],[244,245,246],[241,242,243],[238,\
239,240],[235,236,237],
[232,233,234],[229,230,231],[226,227,228],[223,224,225],[220,221,222],[217,218,219],[214,215,216],[211,212,213],[208,\
209,210],[205,206,207],
[220,221,259],[217,218,265],[211,212,266],[208,209,262],[205,206,263],[214,215,260],[203,204,230],[201,202,229],[199,\
200,227],[197,198,226],
[195,196,224],[193,194,223],[192,205,263],[191,217,265],[190,211,266],[189,214,260],[188,220,259],[187,208,262],[184,\
185,186],[181,182,183],
[178,179,180],[179,223,224],[182,229,230],[185,226,227],[177,184,185],[176,178,179],[175,185,186],[174,181,182],[173,\
179,180],[172,182,183],
[179,195,224],[179,193,223],[185,199,227],[182,203,230],[185,197,226],[182,201,229],[192,201,263],[191,195,265],[188,\
199,259],[190,193,266],
[187,203,262],[189,197,260],[169,170,171],[166,167,168],[163,164,165],[161,162,164],[159,160,170],[157,158,167],[235,\
236,245],[236,237,239],
[235,237,242],[156,232,233],[155,233,234],[154,232,234],[153,184,186],[152,178,180],[151,181,183],[150,151,254],[149,\
152,251],[148,153,250],
[147,151,248],[146,153,247],[145,152,253],[152,178,255],[151,181,249],[153,186,252],[153,184,249],[151,183,255],[152,\
180,252],[163,164,258],
[169,170,258],[170,171,257],[164,165,256],[166,167,256],[167,168,257],[159,170,212],[160,170,221],[157,167,206],[161,\
164,218],[162,164,209],
[158,167,215],[221,235,245],[215,235,242],[209,237,239],[212,236,245],[206,237,242],[218,236,239],[144,154,234],[143,\
154,232],[142,156,232],
[141,156,233],[140,155,233],[139,155,234],[138,182,203],[137,185,199],[136,185,197],[135,182,201],[134,179,195],[133,\
179,193],[145,192,201],
[148,191,195],[147,188,199],[149,189,197],[146,187,203],[150,190,193],[132,172,182],[131,174,182],[130,176,179],[129,\
175,185],[128,173,179],
[127,177,185],[125,126,232],[123,124,234],[121,122,233],[119,120,123],[117,118,121],[115,116,126],[113,114,125],[111,\
112,124],[109,110,122],
[121,127,240],[126,130,241],[123,132,246],[122,129,238],[125,128,243],[124,131,244],[108,134,246],[107,136,244],[106,\
135,240],[105,133,238],
[104,137,243],[103,138,241],[267,285,287],[261,284,291],[264,288,290],[108,180,245],[106,183,239],[104,184,242],[105,\
178,239],[103,181,242],
[107,186,245],[103,135,264],[106,138,264],[108,133,267],[105,134,267],[104,136,261],[107,137,261],[243,244,269],[238,\
246,272],[240,241,275],
[100,101,102],[97,98,99],[94,95,96],[93,250,251],[92,253,254],[91,247,248],[193,254,255],[203,247,249],[195,250,252],\
[201,253,255],
[197,251,252],[199,248,249],[197,244,245],[203,241,242],[193,238,239],[195,245,246],[201,239,240],[199,242,243],[93,2\
44,246],[92,238,240],
[91,241,243],[222,258,265],[210,258,266],[216,256,262],[219,256,263],[207,257,259],[213,257,260],[221,242,259],[218,2\
45,265],[209,242,262],
[212,239,266],[215,245,260],[206,239,263],[108,130,269],[103,132,269],[107,127,272],[106,131,272],[105,128,275],[104,\
129,275],[95,108,222],
[101,105,210],[95,103,216],[101,104,207],[98,106,219],[98,107,213],[132,244,269],[127,238,272],[130,243,269],[129,240\
,275],[131,246,272],
[128,241,275],[94,95,222],[100,101,210],[95,96,216],[101,102,207],[97,98,213],[98,99,219],[104,242,275],[108,245,269]\
,[103,242,269],
[106,239,272],[107,245,272],[105,239,275],[95,108,133],[98,106,138],[101,105,134],[98,107,137],[95,103,135],[101,104,\
136],[108,222,265],
[105,210,266],[103,216,262],[104,207,259],[107,213,260],[106,219,263],[117,121,233],[119,123,234],[113,125,232],[115,\
126,232],[111,124,234],
[109,122,233],[118,121,127],[110,122,129],[116,126,130],[120,123,132],[112,124,131],[114,125,128],[106,127,240],[108,\
132,246],[103,130,241],
[105,129,238],[107,131,244],[104,128,243],[108,267,287],[106,264,290],[103,264,288],[104,261,284],[107,261,291],[105,\
267,285],[93,134,246],
[93,136,244],[92,135,240],[91,138,241],[91,137,243],[92,133,238],[180,197,245],[183,193,239],[184,203,242],[186,195,2\
45],[181,199,242],
[178,201,239],[160,221,242],[161,218,245],[162,209,242],[159,212,239],[157,206,239],[158,215,245],[163,222,258],[166,\
219,256],[169,210,258],
[171,207,257],[165,216,256],[168,213,257],[108,130,179],[103,132,182],[104,129,185],[107,127,185],[105,128,179],[106,\
131,182],[145,201,240],
[148,195,246],[149,197,244],[146,203,241],[147,199,243],[150,193,238],[133,193,254],[138,203,247],[134,195,250],[135,\
201,253],[137,199,248],
[136,197,251],[90,140,155],[89,144,154],[88,142,156],[87,139,155],[86,141,156],[85,143,154],[206,242,259],[209,239,26\
6],[221,245,265],
[215,242,262],[218,239,263],[212,245,260],[178,193,255],[181,203,249],[180,195,252],[183,201,255],[184,199,249],[186,\
197,252],[91,147,248],
[93,149,251],[93,148,250],[92,150,254],[92,145,253],[91,146,247],[84,146,232],[83,149,234],[82,147,232],[81,148,234],\
[80,150,233],
[79,145,233],[87,88,257],[86,89,258],[85,90,256],[78,86,281],[77,89,282],[76,85,278],[75,88,280],[74,87,277],[73,90,2\
79],
[72,144,229],[71,143,223],[70,140,227],[69,142,224],[68,139,230],[67,141,226],[66,271,272],[65,274,275],[64,275,276],\
[63,268,269],
[62,269,270],[61,272,273],[60,108,180],[59,106,183],[58,107,186],[57,103,181],[56,105,178],[55,104,184],[221,222,269]\
,[218,219,272],
[209,210,275],[215,216,269],[206,207,275],[212,213,272],[140,145,192],[144,148,191],[142,147,188],[139,149,189],[141,\
150,190],[143,146,187],
[77,134,179],[74,136,185],[76,138,182],[75,137,185],[73,135,182],[78,133,179],[115,212,236],[117,221,235],[111,209,23\
7],[119,206,237],
[113,218,236],[109,215,235],[117,144,234],[109,143,232],[111,141,233],[119,142,232],[115,139,234],[113,140,233],[148,\
153,230],[150,151,227],
[149,152,229],[147,151,223],[145,152,226],[146,153,224],[180,189,212],[186,191,221],[183,190,209],[178,192,218],[181,\
188,206],[184,187,215],
[63,186,221],[61,180,212],[66,178,218],[64,181,206],[62,184,215],[65,183,209],[152,192,229],[153,191,224],[151,190,22\
3],[151,188,227],
[152,189,226],[153,187,230],[115,189,212],[117,191,221],[111,190,209],[113,192,218],[109,187,215],[119,188,206],[117,\
234,235],[111,233,237],
[119,232,237],[109,232,235],[113,233,236],[115,234,236],[59,106,213],[55,104,210],[60,108,216],[56,105,207],[58,107,2\
19],[57,103,222],
[60,180,189],[58,186,191],[55,184,187],[59,183,190],[57,181,188],[56,178,192],[62,231,270],[61,228,273],[66,231,271],\
[65,225,274],
[64,228,276],[63,225,268],[140,150,227],[141,145,226],[144,149,229],[143,147,223],[142,146,224],[139,148,230],[69,119\
,142],[72,117,144],
[71,109,143],[70,113,140],[67,111,141],[68,115,139],[78,86,179],[77,89,179],[76,85,182],[75,88,185],[73,90,182],[74,8\
7,185],
[62,221,269],[61,218,272],[65,206,275],[64,209,275],[66,212,272],[63,215,269],[86,258,281],[85,256,278],[90,256,279],\
[87,257,277],
[89,258,282],[88,257,280],[81,119,234],[79,117,233],[80,109,233],[82,113,232],[84,115,232],[83,111,234],[92,140,145],\
[93,144,148],
[91,142,147],[93,139,149],[91,143,146],[92,141,150],[178,193,267],[181,203,264],[180,195,267],[183,201,264],[186,197,\
261],[184,199,261],
[72,221,265],[69,206,259],[67,209,266],[71,215,262],[68,212,260],[70,218,263],[90,140,192],[89,144,191],[88,142,188],\
[87,139,189],
[85,143,187],[86,141,190],[149,234,244],[145,233,240],[146,232,241],[147,232,243],[150,233,238],[148,234,246],[163,22\
2,269],[166,219,272],
[169,210,275],[168,213,272],[165,216,269],[171,207,275],[54,183,193],[53,180,197],[52,184,203],[51,181,199],[50,186,1\
95],[49,178,201],
[58,118,127],[60,116,130],[55,110,129],[57,120,132],[56,114,128],[59,112,131],[75,91,137],[77,93,134],[74,93,136],[73\
,92,135],
[78,92,133],[76,91,138],[76,132,244],[74,127,238],[77,130,243],[75,129,240],[78,128,241],[73,131,246],[48,102,207],[4\
7,99,219],
[46,96,216],[45,100,210],[44,94,222],[43,97,213],[108,132,287],[106,127,290],[103,130,288],[104,128,284],[105,129,285\
],[107,131,291],
[108,179,265],[103,182,262],[104,185,259],[107,185,260],[106,182,263],[105,179,266],[162,242,269],[158,245,272],[160,\
242,275],[161,245,269],
[157,239,272],[159,239,275],[101,136,251],[95,133,254],[98,138,247],[101,134,250],[98,137,248],[95,135,253],[54,71,22\
3],[50,69,224],
[49,72,229],[51,70,227],[53,67,226],[52,68,230],[85,139,154],[88,140,156],[89,142,154],[87,141,155],[90,144,155],[86,\
143,156],
[91,97,280],[92,94,281],[92,96,279],[93,102,277],[91,99,278],[93,100,282],[91,125,156],[93,124,155],[91,126,154],[92,\
121,155],
[93,123,154],[92,122,156],[93,100,124],[91,99,125],[91,97,126],[92,94,121],[92,96,122],[93,102,123],[85,139,214],[87,\
141,211],
[89,142,220],[88,140,205],[86,143,208],[90,144,217],[126,139,154],[125,140,156],[121,144,155],[122,143,156],[123,142,\
154],[124,141,155],
[54,77,223],[52,73,230],[50,78,224],[53,75,226],[51,74,227],[49,76,229],[42,54,71],[41,53,67],[40,52,68],[39,51,70],
[38,49,72],[37,50,69],[95,254,268],[101,251,276],[98,248,273],[98,247,271],[95,253,270],[101,250,274],[77,93,154],[78\
,92,156],
[75,91,156],[74,93,155],[76,91,154],[73,92,155],[93,139,277],[91,142,280],[92,141,281],[92,140,279],[93,144,282],[91,\
143,278],
[102,257,277],[100,258,282],[94,258,281],[96,256,279],[97,257,280],[99,256,278],[36,140,150],[35,144,149],[34,139,148\
],[33,142,146],
[32,143,147],[31,141,145],[83,115,189],[81,117,191],[79,113,192],[82,119,188],[84,109,187],[80,111,190],[73,131,291],\
[76,132,287],
[74,127,290],[77,130,288],[75,129,285],[78,128,284],[162,163,269],[158,166,272],[159,171,275],[160,169,275],[161,165,\
269],[157,168,272],
[51,181,264],[54,183,264],[49,178,267],[50,186,261],[52,184,261],[53,180,267],[63,71,215],[65,69,206],[64,67,209],[62\
,72,221],
[61,70,218],[66,68,212],[86,179,266],[85,182,262],[89,179,265],[88,185,259],[87,185,260],[90,182,263],[69,81,119],[72\
,79,117],
[71,80,109],[68,84,115],[67,83,111],[70,82,113],[66,178,231],[63,186,225],[61,180,228],[62,184,231],[65,183,225],[64,\
181,228],
[58,118,191],[60,116,189],[59,112,190],[55,110,187],[57,120,188],[56,114,192],[47,58,219],[44,57,222],[46,60,216],[48\
,56,207],
[45,55,210],[43,59,213],[234,235,244],[233,237,240],[232,237,241],[232,235,243],[234,236,246],[233,236,238],[90,192,2\
29],[85,187,230],
[89,191,224],[88,188,227],[86,190,223],[87,189,226],[94,282,289],[100,281,289],[97,277,286],[102,280,286],[99,279,283\
],[96,278,283],
[255,268,270],[249,271,273],[252,274,276],[51,54,151],[50,52,153],[49,53,152],[38,265,267],[42,262,264],[41,266,267],\
[39,263,264],
[37,259,261],[40,260,261],[30,125,126],[29,121,122],[28,123,124],[126,159,241],[123,157,246],[122,158,238],[125,161,2\
43],[124,162,244],
[121,160,240],[106,135,291],[108,134,288],[104,137,285],[103,138,287],[107,136,290],[105,133,284],[154,243,244],[156,\
240,241],[155,238,246],
[28,100,102],[29,94,96],[30,97,99],[135,264,289],[136,261,289],[138,264,286],[134,267,286],[137,261,283],[133,267,283\
],[140,198,226],
[139,202,229],[144,204,230],[143,196,224],[141,200,227],[142,194,223],[157,193,194],[161,197,198],[160,203,204],[162,\
199,200],[159,201,202],
[158,195,196],[48,192,205],[44,188,220],[47,191,217],[45,187,208],[43,190,211],[46,189,214],[170,220,257],[164,208,25\
6],[170,211,258],
[164,217,258],[167,214,257],[167,205,256],[170,212,265],[167,206,262],[164,209,263],[164,218,266],[167,215,259],[170,\
221,260],[132,172,268],
[128,173,276],[131,174,273],[130,176,270],[127,177,271],[129,175,274],[27,153,252],[26,151,255],[25,151,249],[24,153,\
249],[23,152,252],
[22,152,255],[21,151,254],[20,152,251],[19,151,248],[18,153,250],[17,152,253],[16,153,247],[21,44,94],[20,48,102],[16\
,47,99],
[19,43,97],[18,45,100],[17,46,96],[76,137,244],[75,138,240],[74,134,238],[77,136,243],[78,135,241],[73,133,246],[54,1\
34,193],
[53,137,197],[52,135,203],[51,136,199],[49,138,201],[50,133,195],[72,178,265],[69,186,259],[67,180,266],[70,181,263],\
[71,183,262],
[68,184,260],[19,193,267],[18,203,264],[20,201,264],[16,195,267],[21,199,261],[17,197,261],[104,162,210],[108,158,216\
],[106,159,213],
[103,160,222],[107,161,219],[105,157,207],[152,189,202],[153,191,204],[151,190,200],[151,188,194],[152,192,198],[153,\
187,196],[50,58,291],
[51,57,288],[49,56,285],[54,59,290],[53,60,287],[52,55,284],[63,172,244],[65,175,240],[64,173,241],[61,174,246],[62,1\
76,243],
[66,177,238],[208,211,214],[205,217,220],[23,24,26],[22,25,27],[65,106,159],[64,103,160],[61,108,158],[62,104,162],[6\
6,105,157],
[63,107,161],[20,23,201],[19,25,193],[17,22,197],[18,27,203],[21,26,199],[16,24,195],[18,100,250],[17,96,253],[21,94,\
254],
[20,102,251],[16,99,247],[19,97,248],[22,25,255],[23,24,252],[25,27,249],[24,26,249],[22,27,252],[23,26,255],[22,152,\
198],
[27,153,204],[26,151,200],[25,151,194],[23,152,202],[24,153,196],[178,212,265],[186,215,259],[180,218,266],[184,221,2\
60],[183,206,262],
[181,209,263],[211,214,257],[217,220,258],[208,211,258],[205,217,256],[205,220,257],[208,214,256],[17,46,189],[21,44,\
188],[20,48,192],
[16,47,191],[19,43,190],[18,45,187],[47,164,217],[48,167,205],[44,170,220],[45,164,208],[46,167,214],[43,170,211],[13\
4,157,193],
[137,161,197],[135,160,203],[136,162,199],[133,158,195],[138,159,201],[154,172,244],[156,175,240],[156,173,241],[155,\
174,246],[155,177,238],
[154,176,243],[58,106,291],[60,103,287],[56,104,285],[57,108,288],[55,105,284],[59,107,290],[78,135,291],[76,137,285]\
,[75,138,287],
[74,134,288],[73,133,284],[77,136,290],[134,158,238],[137,162,244],[135,159,241],[136,161,243],[133,157,246],[138,160\
,240],[121,160,204],
[126,159,202],[123,157,194],[124,162,200],[122,158,196],[125,161,198],[19,38,267],[18,39,264],[16,41,267],[17,37,261]\
,[21,40,261],
[20,42,264],[38,170,265],[42,167,262],[41,164,266],[39,164,263],[40,170,260],[37,167,259],[21,51,151],[19,54,151],[18\
,52,153],
[20,49,152],[17,53,152],[16,50,153],[172,255,268],[174,249,273],[175,252,274],[173,252,276],[176,255,270],[177,249,27\
1],[102,134,286],
[99,137,283],[94,135,289],[100,136,289],[96,133,283],[97,138,286],[52,78,284],[53,76,287],[51,77,288],[50,73,291],[49\
,75,285],
[54,74,290],[90,139,229],[85,144,230],[89,143,224],[88,141,227],[87,140,226],[86,142,223],[63,235,244],[65,237,240],[\
64,237,241],
[61,236,246],[62,235,243],[66,236,238],[43,54,59],[45,52,55],[47,50,58],[44,51,57],[46,53,60],[48,49,56],[116,189,202\
],
[118,191,204],[112,190,200],[114,192,198],[110,187,196],[120,188,194],[72,178,231],[69,186,225],[67,180,228],[68,184,\
231],[71,183,225],
[70,181,228],[48,88,259],[47,90,263],[45,86,266],[46,85,262],[44,89,265],[43,87,260],[63,71,172],[65,69,175],[66,68,1\
77],
[64,67,173],[61,70,174],[62,72,176],[51,264,289],[54,264,286],[52,261,289],[49,267,286],[53,267,283],[50,261,283],[16\
2,163,210],
[160,169,222],[158,166,216],[159,171,213],[157,168,207],[161,165,219],[36,140,198],[35,144,204],[32,143,196],[31,141,\
200],[34,139,202],
[33,142,194],[28,102,257],[28,100,258],[29,94,258],[30,99,256],[30,97,257],[29,96,256],[95,132,268],[101,128,276],[95\
,130,270],
[98,131,273],[98,127,271],[101,129,274],[42,54,134],[41,53,137],[40,52,135],[39,51,136],[37,50,133],[38,49,138],[30,1\
26,139],
[30,125,140],[29,121,144],[28,124,141],[28,123,142],[29,122,143],[100,124,281],[94,121,282],[96,122,278],[102,123,280\
],[99,125,279],
[97,126,277],[67,83,189],[70,82,188],[69,81,191],[72,79,192],[71,80,190],[68,84,187],[77,154,223],[78,156,224],[75,15\
6,226],
[74,155,227],[73,155,230],[76,154,229],[141,211,281],[139,214,277],[144,217,282],[142,220,280],[143,208,278],[140,205\
,279],[15,290,291],
[14,284,285],[13,287,288],[50,52,294],[49,53,293],[51,54,292],[52,84,146],[53,83,149],[51,82,147],[50,81,148],[49,79,\
145],
[54,80,150],[73,95,279],[77,101,282],[78,95,281],[76,98,278],[74,101,277],[75,98,280],[101,169,171],[95,163,165],[98,\
166,168],
[157,158,236],[161,162,235],[159,160,237],[229,231,255],[226,228,252],[224,225,252],[223,225,255],[227,228,249],[230,\
231,249],[65,201,263],
[66,193,266],[64,203,262],[61,195,265],[63,197,260],[62,199,259],[177,184,204],[176,178,202],[175,186,196],[174,181,2\
00],[172,183,194],
[173,180,198],[83,115,237],[79,113,235],[82,119,236],[81,117,237],[84,109,236],[80,111,235],[194,254,268],[202,253,27\
0],[198,251,276],
[204,247,271],[200,248,273],[196,250,274],[54,77,277],[52,73,281],[50,78,279],[51,74,282],[53,75,278],[49,76,280],[37\
,69,194],
[41,67,200],[42,71,196],[40,68,202],[39,70,198],[38,72,204],[71,85,214],[68,87,211],[72,89,220],[67,86,208],[70,90,21\
7],
[69,88,205],[12,100,164],[11,96,167],[10,94,170],[9,97,170],[8,102,167],[7,99,164],[40,189,211],[42,187,214],[37,188,\
205],
[39,192,217],[41,190,208],[38,191,220],[47,69,205],[43,71,214],[45,68,211],[48,72,220],[44,70,217],[46,67,208],[40,20\
2,253],
[42,196,250],[39,198,251],[37,194,254],[38,204,247],[41,200,248],[109,158,236],[111,162,235],[115,159,237],[117,160,2\
37],[113,161,235],
[119,157,236],[101,171,277],[95,163,281],[98,166,278],[101,169,282],[98,168,280],[95,165,279],[52,84,294],[53,83,293]\
,[51,82,292],
[50,81,294],[54,80,292],[49,79,293],[40,211,281],[42,214,277],[37,205,279],[39,217,282],[38,220,280],[41,208,278],[67\
,189,211],
[70,188,205],[72,192,217],[69,191,220],[68,187,214],[71,190,208],[78,125,279],[76,123,280],[77,126,277],[73,124,281],\
[74,121,282],
[75,122,278],[73,95,132],[77,101,128],[78,95,130],[76,98,131],[75,98,127],[74,101,129],[168,207,297],[163,210,296],[1\
69,222,296],
[166,216,295],[165,219,295],[171,213,297],[69,88,175],[71,85,172],[68,87,177],[67,86,173],[72,89,176],[70,90,174],[47\
,65,263],
[45,66,266],[46,64,262],[48,62,259],[43,63,260],[44,61,265],[72,204,231],[69,194,225],[67,200,228],[70,198,228],[68,2\
02,231],
[71,196,225],[120,194,268],[118,204,271],[116,202,270],[110,196,274],[112,200,273],[114,198,276],[43,54,277],[45,52,2\
81],[47,50,279],
[44,51,282],[48,49,280],[46,53,278],[64,83,237],[62,79,235],[61,82,236],[65,81,237],[63,80,235],[66,84,236],[52,78,14\
6],
[53,76,149],[51,77,147],[50,73,148],[54,74,150],[49,75,145],[177,227,249],[173,224,252],[172,229,255],[174,230,249],[\
175,226,252],
[176,223,255],[39,100,164],[40,94,170],[37,96,167],[38,97,170],[41,99,164],[42,102,167],[12,16,41],[9,21,40],[11,20,4\
2],
[10,19,38],[8,17,37],[7,18,39],[122,175,196],[121,177,204],[126,176,202],[125,173,198],[123,172,194],[124,174,200],[1\
4,73,284],
[15,77,290],[15,78,291],[13,75,287],[13,74,288],[14,76,285],[12,47,164],[11,48,167],[9,44,170],[7,45,164],[10,43,170]\
,
[8,46,167],[17,40,189],[16,38,191],[21,37,188],[20,39,192],[18,42,187],[19,41,190],[184,204,221],[178,202,212],[183,1\
94,206],
[180,198,218],[181,200,209],[186,196,215],[25,231,255],[24,228,252],[27,228,249],[26,231,249],[23,225,255],[22,225,25\
2],[12,100,250],
[11,96,253],[10,94,254],[8,102,251],[9,97,248],[7,99,247],[22,63,197],[24,61,195],[23,65,201],[27,64,203],[26,62,199]\
,
[25,66,193],[30,87,140],[30,90,139],[29,85,144],[29,89,143],[28,86,142],[28,88,141],[21,51,289],[19,54,286],[18,52,28\
9],
[20,49,286],[16,50,283],[17,53,283],[42,134,158],[41,137,162],[40,135,159],[39,136,161],[38,138,160],[37,133,157],[58\
,65,106],
[60,64,103],[56,62,104],[57,61,108],[59,63,107],[55,66,105],[154,172,223],[156,175,224],[156,173,226],[155,174,227],[\
154,176,229],
[155,177,230],[102,134,157],[99,137,161],[94,135,160],[100,136,162],[97,138,159],[96,133,158],[28,211,257],[28,220,25\
8],[29,208,258],
[29,217,256],[30,205,257],[30,214,256],[22,36,198],[24,32,196],[27,35,204],[26,31,200],[25,33,194],[23,34,202],[285,2\
87,296],
[288,290,295],[284,291,297],[120,220,222],[112,211,213],[114,205,207],[118,217,219],[110,208,210],[116,214,216],[10,6\
3,221],[9,61,212],
[12,65,209],[8,64,206],[7,66,218],[11,62,215],[58,127,175],[55,129,177],[60,130,173],[57,132,174],[59,131,172],[56,12\
8,176],
[33,66,157],[36,63,161],[34,65,159],[35,64,160],[31,62,162],[32,61,158],[47,90,148],[48,88,145],[45,86,146],[46,85,14\
9],
[43,87,150],[44,89,147],[17,22,254],[19,25,247],[16,24,248],[18,27,251],[20,23,250],[21,26,253],[22,36,254],[26,31,25\
3],
[23,34,250],[27,35,251],[25,33,247],[24,32,248],[33,102,157],[36,99,161],[35,94,160],[31,100,162],[34,97,159],[32,96,\
158],
[57,174,227],[58,175,224],[55,177,230],[59,172,223],[56,176,229],[60,173,226],[20,250,286],[21,253,289],[19,247,286],\
[18,251,289],
[17,254,283],[16,248,283],[28,88,120],[30,87,116],[29,89,118],[28,86,112],[30,90,114],[29,85,110],[7,25,66],[10,22,63\
],
[9,24,61],[12,23,65],[11,26,62],[8,27,64],[10,204,221],[9,202,212],[8,194,206],[12,200,209],[11,196,215],[7,198,218],
[12,47,148],[7,45,146],[11,48,145],[8,46,149],[9,44,147],[10,43,150],[122,127,175],[123,131,172],[126,128,176],[121,1\
29,177],
[124,132,174],[125,130,173],[13,177,227],[15,173,224],[14,172,229],[14,174,230],[15,176,223],[13,175,226],[112,213,27\
3],[120,222,268],
[118,219,271],[114,207,276],[116,216,270],[110,210,274],[34,47,65],[33,45,66],[35,46,64],[31,48,62],[32,44,61],[36,43\
,63],
[85,149,172],[90,148,174],[88,145,175],[89,147,176],[87,150,177],[86,146,173],[213,291,297],[210,285,296],[222,287,29\
6],[216,288,295],
[207,284,297],[219,290,295],[69,120,220],[67,112,211],[71,110,208],[70,114,205],[68,116,214],[72,118,217],[82,109,292\
],[84,119,294],
[79,111,293],[83,117,293],[81,115,294],[80,113,292],[12,16,250],[11,20,253],[10,19,254],[8,17,251],[7,18,247],[9,21,2\
48],
[18,42,102],[19,41,99],[17,40,94],[16,38,97],[20,39,100],[21,37,96],[60,64,83],[56,62,79],[57,61,82],[59,63,80],
[55,66,84],[58,65,81],[25,204,231],[26,202,231],[22,194,225],[24,200,228],[23,196,225],[27,198,228],[14,73,132],[14,7\
6,131],
[15,77,128],[15,78,130],[13,74,129],[13,75,127],[73,124,148],[78,125,146],[76,123,149],[77,126,147],[75,122,145],[74,\
121,150],
[47,165,279],[43,171,277],[45,163,281],[44,169,282],[46,166,278],[48,168,280],[42,109,158],[37,119,157],[41,111,162],\
[40,115,159],
[39,113,161],[38,117,160],[37,254,279],[40,253,281],[42,250,277],[39,251,282],[38,247,280],[41,248,278],[28,45,211],[\
28,48,220],
[29,46,208],[29,44,217],[30,43,214],[30,47,205],[57,60,300],[58,59,298],[55,56,299],[13,87,88],[14,85,90],[15,86,89],
[25,36,150],[22,35,149],[24,34,148],[26,32,147],[23,31,145],[27,33,146],[9,40,213],[10,38,222],[7,39,219],[8,37,207],
[11,42,216],[12,41,210],[127,166,295],[132,163,296],[131,168,297],[129,169,296],[128,171,297],[130,165,295],[6,47,69]\
,[5,46,67],
[4,43,71],[3,45,68],[2,48,72],[1,44,70],[3,45,163],[6,47,165],[5,46,166],[4,43,171],[2,48,168],[1,44,169],
[13,129,296],[15,130,295],[14,132,296],[15,128,297],[13,127,295],[14,131,297],[60,83,300],[59,80,298],[57,82,300],[55\
,84,299],
[56,79,299],[58,81,298],[6,69,120],[2,72,118],[5,67,112],[4,71,110],[1,70,114],[3,68,116],[42,216,288],[37,207,284],
[41,210,285],[40,213,291],[39,219,290],[38,222,287],[25,150,177],[27,146,173],[22,149,172],[24,148,174],[23,145,175],\
[26,147,176],
[9,213,273],[10,222,268],[7,219,271],[8,207,276],[12,210,274],[11,216,270],[122,127,166],[124,132,163],[125,130,165],\
[123,131,168],
[121,129,169],[126,128,171],[7,25,36],[10,22,35],[9,24,34],[12,23,31],[8,27,33],[11,26,32],[14,90,114],[13,87,116],
[15,86,112],[13,88,120],[15,89,118],[14,85,110],[35,251,282],[36,254,279],[31,253,281],[34,250,277],[32,248,278],[33,\
247,280],
[42,109,292],[37,119,294],[41,111,293],[39,113,292],[38,117,293],[40,115,294],[28,31,48],[30,36,43],[29,32,44],[28,33\
,45],
[29,35,46],[30,34,47],[11,122,145],[12,124,148],[7,125,146],[8,123,149],[10,121,150],[9,126,147],[10,25,204],[9,26,20\
2],
[8,22,194],[12,24,200],[7,27,198],[11,23,196],[18,247,286],[16,250,286],[19,254,283],[21,248,283],[17,251,289],[20,25\
3,289],
[13,57,227],[15,58,224],[14,55,230],[15,59,223],[13,60,226],[14,56,229],[18,33,102],[19,36,99],[21,32,96],[17,35,94],
[16,34,97],[20,31,100],[286,292,293],[283,293,294],[289,292,294],[118,282,290],[120,280,287],[116,277,288],[114,279,2\
84],[110,278,285],
[112,281,291],[55,56,231],[57,60,228],[58,59,225],[119,120,300],[117,118,298],[115,116,300],[113,114,299],[109,110,29\
9],[111,112,298],
[3,231,270],[6,225,268],[5,228,273],[2,231,271],[1,228,276],[4,225,274],[33,84,119],[36,80,113],[32,82,109],[35,83,11\
7],
[31,79,111],[34,81,115],[3,13,177],[5,15,173],[4,14,172],[1,14,174],[2,15,176],[6,13,175],[28,120,163],[30,116,165],
[29,118,166],[28,112,168],[29,110,169],[30,114,171],[1,57,228],[6,58,225],[3,55,231],[5,60,228],[4,59,225],[2,56,231]\
,
[118,290,298],[120,287,300],[116,288,300],[114,284,299],[112,291,298],[110,285,299],[3,163,270],[6,165,268],[5,166,27\
3],[4,171,274],
[1,169,276],[2,168,271],[18,33,84],[19,36,80],[21,32,82],[17,35,83],[20,31,79],[16,34,81],[18,286,292],[16,286,293],
[19,283,293],[20,289,292],[17,289,294],[21,283,294],[28,31,163],[30,36,165],[29,32,166],[28,33,168],[30,34,171],[29,3\
5,169],
[35,118,282],[36,114,279],[31,112,281],[34,116,277],[33,120,280],[32,110,278],[5,15,118],[3,13,120],[4,14,114],[1,14,\
110],
[6,13,116],[2,15,112],[8,33,119],[10,35,117],[9,34,115],[12,31,111],[11,32,109],[7,36,113],[3,25,177],[5,27,173],
[4,22,172],[1,24,174],[2,26,176],[6,23,175],[2,118,166],[3,116,165],[6,120,163],[5,112,168],[1,114,171],[4,110,169],
[83,119,300],[80,117,298],[82,115,300],[84,113,299],[81,111,298],[79,109,299],[11,122,166],[12,124,163],[7,125,165],[\
8,123,168],
[9,126,171],[10,121,169],[10,25,268],[7,27,271],[9,26,273],[8,22,276],[11,23,270],[12,24,274],[38,287,293],[42,288,29\
2],
[37,284,294],[41,285,293],[40,291,294],[39,290,292],[13,57,296],[15,58,295],[14,55,296],[15,59,297],[14,56,297],[13,6\
0,295],
[5,8,168],[4,10,169],[2,11,166],[1,9,171],[6,12,163],[3,7,165],[1,24,274],[3,25,268],[6,23,270],[5,27,271],
[2,26,273],[4,22,276],[8,83,119],[10,80,117],[11,79,109],[9,82,115],[7,84,113],[12,81,111],[5,35,118],[4,36,114],
[2,31,112],[6,34,116],[1,32,110],[3,33,120],[35,169,276],[31,163,270],[36,165,268],[32,166,273],[33,168,271],[34,171,\
274],
[16,81,293],[18,84,292],[19,80,293],[21,82,294],[17,83,294],[20,79,292],[287,293,300],[288,292,300],[284,294,299],[28\
5,293,299],
[290,292,298],[291,294,298],[1,57,296],[3,55,296],[6,58,295],[2,56,297],[5,60,295],[4,59,297],[83,294,298],[81,293,30\
0],
[80,293,299],[79,292,298],[84,292,300],[82,294,299],[5,35,276],[6,34,274],[4,36,268],[2,31,270],[3,33,271],[1,32,273]\
,
[5,8,83],[6,12,81],[4,10,80],[2,11,79],[3,7,84],[1,9,82],[4,276,297],[1,274,296],[3,268,296],[6,270,295],
[5,271,295],[2,273,297],[5,83,298],[6,81,300],[4,80,299],[2,79,298],[1,82,299],[3,84,300],[5,276,297],[6,274,296],
[4,268,296],[2,270,295],[1,273,297],[3,271,295],[5,297,298],[6,296,300],[4,296,299],[2,295,298],[3,295,300],[1,297,29\
9]];
 #---------------------------------------------------

