#SurfaceInfo: 201 Vertices, 603 Edges, 402 Faces, IsOrientable=true
 #Vertices of faces:
vof1:=[[199,200,201],[198,199,200],[197,199,201],[196,200,201],[193,194,195],[190,191,192],[187,188,189],[184,185,186],[181,182,183],[178,179,180],
[175,176,177],[174,193,194],[173,194,195],[172,193,195],[169,170,171],[168,169,170],[167,169,171],[166,170,171],[165,167,171],[164,166,170],
[163,168,169],[162,168,170],[161,166,171],[160,167,169],[161,165,171],[160,163,169],[162,164,170],[159,161,165],[158,162,164],[157,160,163],
[155,156,159],[153,154,158],[151,152,157],[149,150,154],[147,148,152],[145,146,156],[143,144,150],[141,142,148],[139,140,146],[138,174,193],
[137,172,195],[136,173,194],[135,173,195],[134,172,193],[133,174,194],[131,132,144],[129,130,142],[127,128,140],[126,130,173],[125,128,174],
[124,132,172],[125,138,174],[126,136,173],[124,137,172],[132,134,172],[128,133,174],[130,135,173],[124,131,132],[126,129,130],[125,127,128],
[149,153,154],[147,151,152],[145,155,156],[143,149,150],[139,145,146],[141,147,148],[127,139,140],[131,143,144],[129,141,142],[134,138,193],
[133,136,194],[135,137,195],[155,159,165],[151,157,163],[153,158,164],[127,181,182],[131,175,176],[129,178,179],[122,123,147],[120,121,145],
[118,119,149],[116,117,138],[114,115,136],[112,113,137],[111,156,159],[110,152,157],[109,154,158],[108,150,154],[107,146,156],[106,148,152],
[105,140,146],[104,144,150],[103,142,148],[102,132,144],[101,128,140],[100,130,142],[99,165,167],[98,163,168],[97,164,166],[96,161,166],
[95,160,167],[94,162,168],[93,159,161],[92,157,160],[91,158,162],[93,96,161],[91,94,162],[92,95,160],[96,97,166],[95,99,167],
[94,98,168],[100,103,142],[102,104,144],[101,105,140],[104,108,150],[103,106,148],[105,107,146],[93,111,159],[91,109,158],[92,110,157],
[108,109,154],[106,110,152],[107,111,156],[122,147,151],[118,149,153],[120,145,155],[99,155,165],[98,151,163],[97,153,164],[116,134,138],
[112,135,137],[114,133,136],[121,139,145],[123,141,147],[119,143,149],[127,139,181],[129,141,178],[131,143,175],[102,132,134],[100,130,135],
[101,128,133],[117,125,138],[115,126,136],[113,124,137],[125,127,182],[126,129,179],[124,131,176],[89,90,96],[87,88,94],[85,86,95],
[83,84,104],[81,82,103],[79,80,105],[111,190,191],[110,184,185],[109,187,188],[107,111,190],[108,109,187],[106,110,184],[93,111,191],
[92,110,185],[91,109,188],[83,104,108],[79,105,107],[81,103,106],[84,102,104],[80,101,105],[82,100,103],[89,96,97],[85,95,99],
[87,94,98],[90,93,96],[86,92,95],[88,91,94],[117,125,182],[113,124,176],[115,126,179],[121,139,181],[119,143,175],[123,141,178],
[100,112,135],[101,114,133],[102,116,134],[97,118,153],[99,120,155],[98,122,151],[78,182,183],[77,176,177],[76,179,180],[75,175,177],
[74,181,183],[73,178,180],[71,72,177],[69,70,183],[67,68,180],[71,77,177],[67,76,180],[69,78,183],[72,75,177],[68,73,180],
[70,74,183],[74,121,181],[73,123,178],[75,119,175],[78,117,182],[76,115,179],[77,113,176],[89,97,118],[87,98,122],[85,99,120],
[82,100,112],[84,102,116],[80,101,114],[83,108,187],[81,106,184],[79,107,190],[90,93,191],[88,91,188],[86,92,185],[66,190,192],
[65,184,186],[64,187,189],[63,191,192],[62,188,189],[61,185,186],[59,60,189],[57,58,186],[55,56,192],[54,118,119],[53,122,123],
[52,120,121],[51,116,117],[50,112,113],[49,114,115],[59,64,189],[55,66,192],[57,65,186],[56,63,192],[58,61,186],[60,62,189],
[54,89,118],[52,85,120],[53,87,122],[63,90,191],[61,86,185],[62,88,188],[64,83,187],[66,79,190],[65,81,184],[49,80,114],
[50,82,112],[51,84,116],[49,76,115],[51,78,117],[50,77,113],[54,75,119],[52,74,121],[53,73,123],[48,67,76],[47,69,78],
[46,71,77],[45,72,75],[44,70,74],[43,68,73],[42,89,90],[41,85,86],[40,87,88],[39,83,84],[38,79,80],[37,81,82],
[42,54,89],[40,53,87],[41,52,85],[38,49,80],[37,50,82],[39,51,84],[38,66,79],[37,65,81],[39,64,83],[42,63,90],
[40,62,88],[41,61,86],[36,57,65],[35,55,66],[34,59,64],[33,56,63],[32,60,62],[31,58,61],[45,54,75],[43,53,73],
[44,52,74],[48,49,76],[46,50,77],[47,51,78],[42,45,54],[41,44,52],[40,43,53],[33,42,63],[31,41,61],[32,40,62],
[35,38,66],[34,39,64],[36,37,65],[38,48,49],[39,47,51],[37,46,50],[35,38,48],[36,37,46],[34,39,47],[33,42,45],
[32,40,43],[31,41,44],[30,71,72],[29,67,68],[28,69,70],[27,45,72],[26,43,68],[25,44,70],[24,48,67],[23,46,71],
[22,47,69],[23,30,71],[22,28,69],[24,29,67],[27,30,72],[26,29,68],[25,28,70],[24,35,48],[22,34,47],[23,36,46],
[27,33,45],[25,31,44],[26,32,43],[20,21,28],[18,19,29],[16,17,30],[15,57,58],[14,55,56],[13,59,60],[12,33,56],
[11,31,58],[10,32,60],[9,34,59],[8,35,55],[7,36,57],[9,13,59],[7,15,57],[8,14,55],[11,15,58],[10,13,60],
[12,14,56],[20,22,28],[18,24,29],[16,23,30],[12,27,33],[11,25,31],[10,26,32],[8,24,35],[7,23,36],[9,22,34],
[17,27,30],[21,25,28],[19,26,29],[5,6,14],[3,4,15],[1,2,13],[5,12,14],[1,10,13],[3,11,15],[2,9,13],
[6,8,14],[4,7,15],[8,18,24],[9,20,22],[7,16,23],[12,17,27],[10,19,26],[11,21,25],[5,12,17],[3,11,21],
[1,10,19],[6,8,18],[4,7,16],[2,9,20],[16,17,198],[18,19,197],[20,21,196],[5,17,198],[3,21,196],[1,19,197],
[6,18,197],[2,20,196],[4,16,198],[5,6,199],[1,2,201],[3,4,200],[5,198,199],[3,196,200],[1,197,201],[6,197,199],
[4,198,200],[2,196,201]];
###############################################################

#SurfaceInfo: 208 Vertices, 624 Edges, 416 Faces, IsOrientable=true
 #Vertices of faces:
vof2:=[[206,207,208],[205,206,207],[204,206,208],[203,207,208],[200,201,202],[198,199,201],[196,197,201],[193,194,195],[190,191,192],[187,188,189],
[184,185,186],[181,182,183],[178,179,180],[196,200,201],[198,201,202],[197,199,201],[177,200,202],[176,196,197],[175,198,199],[172,173,174],
[171,172,173],[170,173,174],[169,172,174],[167,168,172],[165,166,173],[163,164,174],[167,171,172],[163,169,174],[165,170,173],[168,169,172],
[164,170,174],[166,171,173],[162,163,169],[161,167,171],[160,165,170],[159,168,169],[158,166,171],[157,164,170],[159,162,169],[157,160,170],
[158,161,171],[156,159,162],[155,158,161],[154,157,160],[153,197,199],[152,198,202],[151,196,200],[149,150,154],[147,148,156],[145,146,155],
[143,144,150],[141,142,148],[139,140,146],[138,176,196],[137,175,199],[136,177,202],[135,177,200],[134,175,198],[133,176,197],[131,132,142],
[129,130,140],[127,128,144],[126,128,176],[125,130,175],[124,132,177],[125,137,175],[124,136,177],[126,138,176],[132,135,177],[128,133,176],
[130,134,175],[126,127,128],[125,129,130],[124,131,132],[139,145,146],[143,149,150],[141,147,148],[127,143,144],[129,139,140],[131,141,142],
[137,153,199],[138,151,196],[136,152,202],[135,151,200],[133,153,197],[134,152,198],[147,156,162],[149,154,160],[145,155,161],[124,184,185],
[125,178,179],[126,181,182],[122,123,153],[120,121,152],[118,119,151],[116,117,141],[114,115,143],[112,113,139],[111,150,154],[110,148,156],
[109,146,155],[108,142,148],[107,140,146],[106,144,150],[105,132,142],[104,128,144],[103,130,140],[102,167,168],[101,163,164],[100,165,166],
[99,162,163],[98,160,165],[97,161,167],[96,159,168],[95,157,164],[94,158,166],[93,156,159],[92,154,157],[91,155,158],[92,95,157],
[91,94,158],[93,96,159],[98,100,165],[97,102,167],[99,101,163],[96,102,168],[94,100,166],[95,101,164],[105,108,142],[103,107,140],
[104,106,144],[91,109,155],[92,111,154],[93,110,156],[106,111,150],[107,109,146],[108,110,148],[118,138,151],[120,136,152],[122,137,153],
[119,135,151],[121,134,152],[123,133,153],[99,147,162],[98,149,160],[97,145,161],[114,127,143],[116,131,141],[112,129,139],[115,143,149],
[117,141,147],[113,139,145],[105,132,135],[103,130,134],[104,128,133],[124,136,184],[126,138,181],[125,137,178],[126,127,182],[124,131,185],
[125,129,179],[89,90,100],[87,88,101],[85,86,102],[83,84,107],[81,82,108],[79,80,106],[92,193,194],[91,187,188],[93,190,191],
[79,106,111],[81,108,110],[83,107,109],[92,111,193],[93,110,190],[91,109,187],[82,105,108],[80,104,106],[84,103,107],[87,95,101],
[89,94,100],[85,96,102],[90,98,100],[86,97,102],[88,99,101],[92,95,194],[93,96,191],[91,94,188],[120,136,184],[122,137,178],
[118,138,181],[105,119,135],[104,123,133],[103,121,134],[114,127,182],[112,129,179],[116,131,185],[97,113,145],[99,117,147],[98,115,149],
[78,184,186],[77,178,180],[76,181,183],[75,185,186],[74,179,180],[73,182,183],[71,72,186],[69,70,180],[67,68,183],[71,78,186],
[69,77,180],[67,76,183],[72,75,186],[68,73,183],[70,74,180],[75,116,185],[73,114,182],[74,112,179],[77,122,178],[76,118,181],
[78,120,184],[88,99,117],[90,98,115],[86,97,113],[87,95,194],[89,94,188],[85,96,191],[82,105,119],[84,103,121],[80,104,123],
[79,111,193],[83,109,187],[81,110,190],[66,194,195],[65,188,189],[64,191,192],[63,193,195],[62,187,189],[61,190,192],[59,60,189],
[57,58,195],[55,56,192],[54,122,123],[53,118,119],[52,120,121],[51,116,117],[50,114,115],[49,112,113],[57,66,195],[55,64,192],
[59,65,189],[58,63,195],[56,61,192],[60,62,189],[51,88,117],[49,86,113],[50,90,115],[63,79,193],[61,81,190],[62,83,187],
[52,84,121],[54,80,123],[53,82,119],[66,87,194],[64,85,191],[65,89,188],[53,76,118],[52,78,120],[54,77,122],[51,75,116],
[49,74,112],[50,73,114],[48,71,78],[47,67,76],[46,69,77],[45,72,75],[44,70,74],[43,68,73],[42,87,88],[41,85,86],
[40,89,90],[39,79,80],[38,81,82],[37,83,84],[42,51,88],[40,50,90],[41,49,86],[42,66,87],[40,65,89],[41,64,85],
[37,52,84],[38,53,82],[39,54,80],[39,63,79],[37,62,83],[38,61,81],[36,57,66],[35,55,64],[34,59,65],[33,58,63],
[32,60,62],[31,56,61],[45,51,75],[43,50,73],[44,49,74],[47,53,76],[46,54,77],[48,52,78],[42,45,51],[41,44,49],
[40,43,50],[33,39,63],[31,38,61],[32,37,62],[39,46,54],[37,48,52],[38,47,53],[36,42,66],[35,41,64],[34,40,65],
[36,42,45],[34,40,43],[35,41,44],[33,39,46],[31,38,47],[32,37,48],[30,71,72],[29,67,68],[28,69,70],[27,45,72],
[26,44,70],[25,43,68],[24,46,69],[23,47,67],[22,48,71],[22,30,71],[24,28,69],[23,29,67],[27,30,72],[25,29,68],
[26,28,70],[27,36,45],[25,34,43],[26,35,44],[24,33,46],[22,32,48],[23,31,47],[20,21,29],[18,19,30],[16,17,28],
[15,55,56],[14,57,58],[13,59,60],[12,33,58],[11,32,60],[10,31,56],[9,36,57],[8,34,59],[7,35,55],[7,15,55],
[8,13,59],[9,14,57],[11,13,60],[10,15,56],[12,14,58],[16,24,28],[20,23,29],[18,22,30],[12,24,33],[10,23,31],
[11,22,32],[9,27,36],[7,26,35],[8,25,34],[19,27,30],[17,26,28],[21,25,29],[5,6,14],[3,4,15],[1,2,13],
[5,12,14],[1,11,13],[3,10,15],[4,7,15],[6,9,14],[2,8,13],[9,19,27],[8,21,25],[7,17,26],[12,16,24],
[11,18,22],[10,20,23],[5,12,16],[3,10,20],[1,11,18],[6,9,19],[4,7,17],[2,8,21],[16,17,205],[18,19,204],
[20,21,203],[5,16,205],[3,20,203],[1,18,204],[6,19,204],[2,21,203],[4,17,205],[5,6,206],[1,2,208],[3,4,207],
[5,205,206],[3,203,207],[1,204,208],[6,204,206],[4,205,207],[2,203,208]];
###############################################################

#SurfaceInfo: 211 Vertices, 633 Edges, 422 Faces, IsOrientable=true
 #Vertices of faces:
vof3:=[[209,210,211],[208,209,210],[207,210,211],[206,209,211],[203,204,205],[200,201,202],[197,198,199],[195,196,204],[193,194,201],[191,192,198],
[189,190,193],[188,190,195],[187,190,191],[189,190,195],[188,190,191],[187,190,193],[187,191,198],[188,195,204],[189,193,201],[186,189,195],
[185,187,193],[184,188,191],[183,188,204],[182,189,201],[181,187,198],[178,179,180],[175,176,177],[172,173,174],[169,170,171],[166,167,168],
[163,164,165],[182,186,189],[183,184,188],[181,185,187],[186,195,196],[184,191,192],[185,193,194],[183,203,204],[182,200,201],[181,197,198],
[196,204,205],[192,198,199],[194,201,202],[162,203,205],[161,197,199],[160,200,202],[157,158,159],[156,157,158],[155,158,159],[154,157,159],
[152,153,158],[150,151,157],[148,149,159],[150,156,157],[148,154,159],[152,155,158],[149,155,159],[151,154,157],[153,156,158],[147,152,153],
[146,150,151],[145,148,149],[143,144,147],[141,142,145],[139,140,146],[138,147,152],[137,146,150],[136,145,148],[135,145,149],[134,147,153],
[133,146,151],[132,152,155],[131,150,156],[130,148,154],[129,149,155],[128,153,156],[127,151,154],[132,138,152],[130,136,148],[131,137,150],
[129,135,149],[127,133,151],[128,134,153],[129,132,155],[127,130,154],[128,131,156],[138,143,147],[136,141,145],[137,139,146],[133,140,146],
[135,142,145],[134,144,147],[132,169,170],[130,163,164],[131,166,167],[125,126,133],[123,124,135],[121,122,134],[120,182,186],[119,181,185],
[118,183,184],[117,186,196],[116,185,194],[115,184,192],[114,183,203],[113,181,197],[112,182,200],[111,196,205],[110,194,202],[109,192,199],
[107,108,141],[105,106,143],[103,104,139],[102,162,203],[101,160,200],[100,161,197],[99,162,205],[98,160,202],[97,161,199],[96,139,140],
[95,143,144],[94,141,142],[93,96,161],[92,94,160],[91,95,162],[93,96,140],[91,95,144],[92,94,142],[96,100,161],[95,102,162],
[94,101,160],[91,99,162],[93,97,161],[92,98,160],[96,103,139],[94,107,141],[95,105,143],[117,120,186],[116,119,185],[115,118,184],
[114,118,183],[112,120,182],[113,119,181],[111,117,196],[109,115,192],[110,116,194],[102,114,203],[101,112,200],[100,113,197],[99,111,205],
[97,109,199],[98,110,202],[132,138,169],[131,137,166],[130,136,163],[125,127,133],[121,128,134],[123,129,135],[126,133,140],[122,134,144],
[124,135,142],[106,138,143],[104,137,139],[108,136,141],[129,132,170],[128,131,167],[127,130,164],[89,90,99],[87,88,97],[85,86,98],
[83,84,114],[81,82,113],[79,80,112],[117,172,173],[116,178,179],[115,175,176],[83,114,118],[81,113,119],[79,112,120],[111,117,172],
[110,116,178],[109,115,175],[117,120,173],[115,118,176],[116,119,179],[84,102,114],[80,101,112],[82,100,113],[89,99,111],[85,98,110],
[87,97,109],[86,92,98],[90,91,99],[88,93,97],[106,138,169],[108,136,163],[104,137,166],[123,129,170],[125,127,164],[121,128,167],
[95,102,105],[94,101,107],[96,100,103],[93,126,140],[92,124,142],[91,122,144],[78,169,171],[77,163,165],[76,166,168],[75,164,165],
[74,170,171],[73,167,168],[71,72,171],[69,70,165],[67,68,168],[67,76,168],[69,77,165],[71,78,171],[70,75,165],[68,73,168],
[72,74,171],[75,125,164],[73,121,167],[74,123,170],[78,106,169],[76,104,166],[77,108,163],[88,93,126],[90,91,122],[86,92,124],
[84,102,105],[82,100,103],[80,101,107],[89,111,172],[87,109,175],[85,110,178],[81,119,179],[79,120,173],[83,118,176],[66,172,174],
[65,175,177],[64,178,180],[63,179,180],[62,173,174],[61,176,177],[59,60,177],[57,58,180],[55,56,174],[54,125,126],[53,121,122],
[52,123,124],[51,105,106],[50,103,104],[49,107,108],[59,65,177],[57,64,180],[55,66,174],[58,63,180],[60,61,177],[56,62,174],
[54,88,126],[52,86,124],[53,90,122],[62,79,173],[61,83,176],[63,81,179],[66,89,172],[64,85,178],[65,87,175],[51,84,105],
[49,80,107],[50,82,103],[50,76,104],[49,77,108],[51,78,106],[54,75,125],[52,74,123],[53,73,121],[48,69,77],[47,67,76],
[46,71,78],[45,70,75],[44,72,74],[43,68,73],[42,89,90],[41,85,86],[40,87,88],[39,83,84],[38,79,80],[37,81,82],
[40,54,88],[42,53,90],[41,52,86],[39,51,84],[38,49,80],[37,50,82],[42,66,89],[41,64,85],[40,65,87],[38,62,79],
[37,63,81],[39,61,83],[36,55,66],[35,57,64],[34,59,65],[33,56,62],[32,58,63],[31,60,61],[45,54,75],[43,53,73],
[44,52,74],[46,51,78],[48,49,77],[47,50,76],[42,43,53],[40,45,54],[41,44,52],[31,39,61],[32,37,63],[33,38,62],
[36,42,66],[34,40,65],[35,41,64],[39,46,51],[37,47,50],[38,48,49],[36,42,43],[35,41,44],[34,40,45],[31,39,46],
[33,38,48],[32,37,47],[30,71,72],[29,67,68],[28,69,70],[27,43,68],[26,44,72],[25,45,70],[24,46,71],[23,47,67],
[22,48,69],[24,30,71],[22,28,69],[23,29,67],[26,30,72],[25,28,70],[27,29,68],[27,36,43],[25,34,45],[26,35,44],
[24,31,46],[23,32,47],[22,33,48],[20,21,30],[18,19,28],[16,17,29],[15,55,56],[14,57,58],[13,59,60],[12,31,60],
[11,32,58],[10,33,56],[9,36,55],[8,34,59],[7,35,57],[8,13,59],[7,14,57],[9,15,55],[10,15,56],[12,13,60],
[11,14,58],[20,24,30],[18,22,28],[16,23,29],[12,24,31],[10,22,33],[11,23,32],[9,27,36],[7,26,35],[8,25,34],
[17,27,29],[21,26,30],[19,25,28],[5,6,15],[3,4,13],[1,2,14],[1,11,14],[5,10,15],[3,12,13],[6,9,15],
[4,8,13],[2,7,14],[9,17,27],[8,19,25],[7,21,26],[12,20,24],[11,16,23],[10,18,22],[5,10,18],[3,12,20],
[1,11,16],[6,9,17],[4,8,19],[2,7,21],[16,17,208],[18,19,207],[20,21,206],[5,18,207],[3,20,206],[1,16,208],
[6,17,208],[2,21,206],[4,19,207],[5,6,210],[1,2,209],[3,4,211],[5,207,210],[3,206,211],[1,208,209],[6,208,210],
[4,207,211],[2,206,209]];
###############################################################

#SurfaceInfo: 162 Vertices, 648 Edges, 432 Faces, IsOrientable=true
 #Vertices of faces:
vof4:=[[160,161,162],[159,160,161],[158,161,162],[157,160,162],[154,155,156],[151,152,153],[148,149,150],[145,146,147],[142,143,144],[139,140,141],
[136,137,138],[133,134,135],[130,131,132],[127,128,129],[124,125,126],[121,122,123],[118,119,120],[115,116,117],[112,113,114],[113,124,125],
[116,127,128],[119,121,122],[115,116,127],[118,119,121],[112,113,124],[110,111,129],[108,109,126],[106,107,123],[103,104,105],[100,101,102],
[97,98,99],[95,96,140],[93,94,139],[91,92,141],[108,118,120],[110,112,114],[106,115,117],[108,133,134],[110,130,131],[106,136,137],
[90,139,140],[89,139,141],[88,140,141],[101,119,120],[104,113,114],[98,116,117],[87,148,149],[86,142,143],[85,145,146],[83,84,96],
[81,82,94],[79,80,92],[78,81,86],[77,83,85],[76,79,87],[137,148,150],[131,145,147],[134,142,144],[75,149,150],[74,143,144],
[73,146,147],[72,76,105],[71,78,99],[70,77,102],[69,137,138],[68,131,132],[67,134,135],[66,68,75],[65,69,74],[64,67,73],
[103,136,138],[100,130,132],[97,133,135],[63,65,132],[62,64,138],[61,66,135],[90,95,140],[88,91,141],[89,93,139],[86,119,122],
[87,116,128],[85,113,125],[103,104,136],[97,98,133],[100,101,130],[110,114,129],[106,117,123],[108,120,126],[67,134,142],[69,137,148],
[68,131,145],[63,65,69],[61,66,68],[62,64,67],[79,87,148],[83,85,145],[81,86,142],[83,96,140],[79,92,141],[81,94,139],
[111,127,129],[107,121,123],[109,124,126],[104,105,114],[98,99,117],[101,102,120],[142,151,152],[148,151,153],[145,152,153],[96,128,129],
[92,122,123],[94,125,126],[120,154,155],[117,154,156],[114,155,156],[58,59,60],[58,59,144],[59,60,147],[58,60,150],[57,104,136],
[56,101,130],[55,98,133],[53,54,101],[51,52,104],[49,50,98],[114,129,155],[120,126,154],[117,123,156],[48,96,129],[47,94,126],
[46,92,123],[67,142,151],[68,145,152],[69,148,153],[45,62,67],[44,63,69],[43,61,68],[83,145,153],[81,142,152],[79,148,151],
[42,83,140],[41,81,139],[40,79,141],[43,109,124],[44,111,127],[45,107,121],[96,109,128],[92,111,122],[94,107,125],[102,120,155],
[105,114,156],[99,117,154],[39,58,99],[38,59,102],[37,60,105],[38,102,155],[39,99,154],[37,105,156],[39,58,144],[37,60,150],
[38,59,147],[53,56,101],[49,55,98],[51,57,104],[48,129,155],[46,123,156],[47,126,154],[44,69,153],[43,68,152],[45,67,151],
[42,83,153],[40,79,151],[41,81,152],[43,109,128],[45,107,125],[44,111,122],[36,87,128],[35,85,125],[34,86,122],[33,36,87],
[32,34,86],[31,35,85],[46,53,56],[48,49,55],[47,51,57],[36,43,128],[34,44,122],[35,45,125],[33,39,144],[32,38,147],
[31,37,150],[41,43,152],[40,45,151],[42,44,153],[38,48,155],[39,47,154],[37,46,156],[38,48,55],[39,47,57],[37,46,56],
[36,41,43],[34,42,44],[35,40,45],[33,36,39],[31,35,37],[32,34,38],[30,35,40],[29,36,41],[28,34,42],[35,37,56],
[34,38,55],[36,39,57],[28,34,55],[29,36,57],[30,35,56],[27,29,65],[26,28,64],[25,30,66],[24,29,57],[23,30,56],
[22,28,55],[22,26,28],[24,27,29],[23,25,30],[52,90,95],[54,89,93],[50,88,91],[49,50,91],[51,52,95],[53,54,93],
[62,103,138],[61,97,135],[63,100,132],[68,75,132],[67,73,135],[69,74,138],[58,71,99],[60,72,105],[59,70,102],[58,75,150],
[60,73,147],[59,74,144],[27,65,132],[25,66,135],[26,64,138],[33,134,144],[31,137,150],[32,131,147],[33,76,87],[31,77,85],
[32,78,86],[84,96,109],[82,94,107],[80,92,111],[66,75,149],[65,74,143],[64,73,146],[86,119,143],[85,113,146],[87,116,149],
[54,101,119],[50,98,116],[52,104,113],[40,89,141],[42,88,140],[41,90,139],[106,115,136],[108,118,133],[110,112,130],[24,57,136],
[22,55,133],[23,56,130],[48,95,96],[46,91,92],[47,93,94],[78,81,82],[76,79,80],[77,83,84],[76,103,105],[78,97,99],
[77,100,102],[45,62,121],[43,61,124],[44,63,127],[21,108,134],[20,106,137],[19,110,131],[18,30,66],[17,29,65],[16,28,64],
[15,108,109],[14,106,107],[13,110,111],[15,30,40],[14,28,42],[13,29,41],[12,72,76],[11,70,77],[10,71,78],[12,48,49],
[11,47,51],[10,46,53],[9,118,121],[8,112,124],[7,115,127],[7,8,9],[7,8,115],[8,9,112],[7,9,118],[58,71,75],
[59,70,74],[60,72,73],[27,75,132],[26,74,138],[25,73,135],[12,33,76],[10,32,78],[11,31,77],[21,33,134],[19,32,131],
[20,31,137],[15,18,30],[13,17,29],[14,16,28],[15,84,109],[13,80,111],[14,82,107],[18,66,149],[16,64,146],[17,65,143],
[50,116,149],[52,113,146],[54,119,143],[15,21,108],[13,19,110],[14,20,106],[15,40,89],[13,41,90],[14,42,88],[24,115,136],
[23,112,130],[22,118,133],[12,49,72],[10,53,71],[11,51,70],[11,47,93],[10,46,91],[12,48,95],[77,84,100],[76,80,103],
[78,82,97],[9,62,121],[7,63,127],[8,61,124],[6,49,91],[5,53,93],[4,51,95],[3,62,103],[2,63,100],[1,61,97],
[6,49,72],[4,51,70],[5,53,71],[4,12,95],[6,10,91],[5,11,93],[1,82,97],[3,80,103],[2,84,100],[3,9,62],
[1,8,61],[2,7,63],[27,71,75],[25,72,73],[26,70,74],[12,21,33],[11,20,31],[10,19,32],[15,18,84],[14,16,82],
[13,17,80],[18,50,149],[17,54,143],[16,52,146],[15,21,89],[14,20,88],[13,19,90],[8,24,115],[7,22,118],[9,23,112],
[50,88,159],[52,90,157],[54,89,158],[18,50,159],[17,54,158],[16,52,157],[21,89,158],[19,90,157],[20,88,159],[4,26,70],
[6,25,72],[5,27,71],[4,12,21],[6,10,19],[5,11,20],[2,18,84],[3,17,80],[1,16,82],[2,7,22],[3,9,23],
[1,8,24],[22,26,161],[23,25,162],[24,27,160],[4,26,161],[5,27,160],[6,25,162],[2,22,161],[1,24,160],[3,23,162],
[4,21,158],[5,20,159],[6,19,157],[2,18,159],[1,16,157],[3,17,158],[4,158,161],[6,157,162],[5,159,160],[2,159,161],
[3,158,162],[1,157,160]];
###############################################################

#SurfaceInfo: 217 Vertices, 651 Edges, 434 Faces, IsOrientable=true
 #Vertices of faces:
vof5:=[[215,216,217],[214,215,216],[213,215,217],[212,216,217],[209,210,211],[206,207,208],[203,204,205],[200,201,202],[197,198,199],[194,195,196],
[191,192,193],[188,189,190],[185,186,187],[184,193,201],[183,190,195],[182,187,198],[180,181,202],[178,179,196],[176,177,199],[174,175,189],
[172,173,186],[170,171,192],[168,169,177],[166,167,181],[164,165,179],[162,163,171],[160,161,173],[158,159,175],[155,156,157],[152,153,154],
[149,150,151],[158,174,175],[160,172,173],[162,170,171],[170,191,192],[174,188,189],[172,185,186],[184,191,193],[182,185,187],[183,188,190],
[184,200,201],[182,197,198],[183,194,195],[180,200,202],[176,197,199],[178,194,196],[168,176,177],[164,178,179],[166,180,181],[148,164,165],
[147,168,169],[146,166,167],[145,158,159],[145,162,163],[145,160,161],[146,147,148],[147,148,169],[146,147,167],[146,148,165],[145,158,163],
[145,161,162],[145,159,160],[144,158,174],[143,162,170],[142,160,172],[141,172,185],[140,174,188],[139,170,191],[138,184,191],[137,183,188],
[136,182,185],[135,184,200],[134,183,194],[133,182,197],[132,180,200],[131,178,194],[130,176,197],[129,164,178],[128,166,180],[127,168,176],
[126,148,164],[125,146,166],[124,147,168],[141,142,172],[140,144,174],[139,143,170],[138,139,191],[136,141,185],[137,140,188],[135,138,184],
[133,136,182],[134,137,183],[132,135,200],[130,133,197],[131,134,194],[128,132,180],[127,130,176],[129,131,178],[126,129,164],[124,127,168],
[125,128,166],[126,148,169],[124,147,167],[125,146,165],[144,158,163],[142,159,160],[143,161,162],[122,123,129],[120,121,127],[118,119,128],
[135,155,156],[133,149,150],[134,152,153],[116,117,141],[114,115,139],[112,113,140],[111,169,177],[110,167,181],[109,165,179],[108,163,171],
[107,159,175],[106,161,173],[105,193,201],[104,187,198],[103,190,195],[102,201,202],[101,195,196],[100,198,199],[99,192,193],[98,186,187],
[97,189,190],[96,179,196],[95,181,202],[94,177,199],[93,171,192],[92,173,186],[91,175,189],[102,105,201],[100,104,198],[101,103,195],
[99,105,193],[97,103,190],[98,104,187],[95,102,202],[94,100,199],[96,101,196],[93,99,192],[91,97,189],[92,98,186],[94,111,177],
[96,109,179],[95,110,181],[93,108,171],[91,107,175],[92,106,173],[114,139,143],[112,140,144],[116,141,142],[108,144,163],[106,143,161],
[107,142,159],[115,138,139],[113,137,140],[117,136,141],[135,138,155],[134,137,152],[133,136,149],[130,133,150],[131,134,153],[132,135,156],
[122,129,131],[118,128,132],[120,127,130],[123,126,129],[119,125,128],[121,124,127],[111,126,169],[109,125,165],[110,124,167],[89,90,93],
[87,88,91],[85,86,92],[83,84,94],[81,82,95],[79,80,96],[105,209,210],[103,203,204],[104,206,207],[102,105,209],[101,103,203],
[100,104,206],[99,105,210],[98,104,207],[97,103,204],[83,94,100],[79,96,101],[81,95,102],[89,93,99],[85,92,98],[87,91,97],
[84,94,111],[82,95,110],[80,96,109],[90,93,108],[86,92,106],[88,91,107],[111,123,126],[110,121,124],[109,119,125],[120,130,150],
[122,131,153],[118,132,156],[115,138,155],[117,136,149],[113,137,152],[108,112,144],[106,114,143],[107,116,142],[78,150,151],[77,153,154],
[76,156,157],[75,152,154],[74,155,157],[73,149,151],[71,72,154],[69,70,151],[67,68,157],[71,77,154],[67,76,157],[69,78,151],
[72,75,154],[70,73,151],[68,74,157],[74,115,155],[73,117,149],[75,113,152],[78,120,150],[76,118,156],[77,122,153],[90,108,112],
[88,107,116],[86,106,114],[84,111,123],[80,109,119],[82,110,121],[83,100,206],[81,102,209],[79,101,203],[89,99,210],[87,97,204],
[85,98,207],[66,209,211],[65,206,208],[64,203,205],[63,210,211],[62,204,205],[61,207,208],[59,60,205],[57,58,211],[55,56,208],
[54,122,123],[53,118,119],[52,120,121],[51,112,113],[50,116,117],[49,114,115],[57,66,211],[55,65,208],[59,64,205],[58,63,211],
[56,61,208],[60,62,205],[51,90,112],[49,86,114],[50,88,116],[63,89,210],[61,85,207],[62,87,204],[65,83,206],[64,79,203],
[66,81,209],[54,84,123],[52,82,121],[53,80,119],[54,77,122],[52,78,120],[53,76,118],[51,75,113],[49,74,115],[50,73,117],
[48,71,77],[47,69,78],[46,67,76],[45,72,75],[44,68,74],[43,70,73],[42,89,90],[41,85,86],[40,87,88],[39,83,84],
[38,81,82],[37,79,80],[42,51,90],[40,50,88],[41,49,86],[39,54,84],[37,53,80],[38,52,82],[39,65,83],[37,64,79],
[38,66,81],[42,63,89],[40,62,87],[41,61,85],[36,55,65],[35,59,64],[34,57,66],[33,58,63],[32,60,62],[31,56,61],
[45,51,75],[43,50,73],[44,49,74],[48,54,77],[46,53,76],[47,52,78],[42,45,51],[41,44,49],[40,43,50],[33,42,63],
[31,41,61],[32,40,62],[36,39,65],[34,38,66],[35,37,64],[39,48,54],[38,47,52],[37,46,53],[36,39,48],[35,37,46],
[34,38,47],[33,42,45],[32,40,43],[31,41,44],[30,71,72],[29,67,68],[28,69,70],[27,45,72],[26,43,70],[25,44,68],
[24,48,71],[23,46,67],[22,47,69],[24,30,71],[22,28,69],[23,29,67],[27,30,72],[26,28,70],[25,29,68],[22,34,47],
[23,35,46],[24,36,48],[27,33,45],[25,31,44],[26,32,43],[20,21,29],[18,19,28],[16,17,30],[15,55,56],[14,57,58],
[13,59,60],[12,33,58],[11,31,56],[10,32,60],[9,35,59],[8,34,57],[7,36,55],[9,13,59],[7,15,55],[8,14,57],
[11,15,56],[10,13,60],[12,14,58],[20,23,29],[18,22,28],[16,24,30],[12,27,33],[11,25,31],[10,26,32],[8,22,34],
[7,24,36],[9,23,35],[17,27,30],[21,25,29],[19,26,28],[5,6,14],[3,4,15],[1,2,13],[5,12,14],[1,10,13],
[3,11,15],[2,9,13],[6,8,14],[4,7,15],[8,18,22],[9,20,23],[7,16,24],[12,17,27],[10,19,26],[11,21,25],
[5,12,17],[3,11,21],[1,10,19],[6,8,18],[4,7,16],[2,9,20],[16,17,214],[18,19,213],[20,21,212],[5,17,214],
[3,21,212],[1,19,213],[6,18,213],[2,20,212],[4,16,214],[5,6,215],[1,2,217],[3,4,216],[5,214,215],[3,212,216],
[1,213,217],[6,213,215],[4,214,216],[2,212,217]];
###############################################################

#SurfaceInfo: 217 Vertices, 651 Edges, 434 Faces, IsOrientable=true
 #Vertices of faces:
vof6:=[[215,216,217],[214,215,216],[213,215,217],[212,216,217],[209,210,211],[206,207,208],[203,204,205],[200,201,202],[197,198,199],[194,195,196],
[191,192,193],[190,191,192],[189,192,193],[188,191,193],[186,187,192],[184,185,191],[182,183,193],[186,189,192],[182,188,193],[184,190,191],
[183,189,193],[185,188,191],[187,190,192],[181,186,187],[180,182,183],[179,184,185],[176,177,178],[174,175,177],[172,173,177],[172,176,177],
[173,174,177],[175,177,178],[171,175,178],[170,173,174],[169,172,176],[168,171,178],[167,170,174],[166,169,172],[165,169,176],[164,171,175],
[163,170,173],[162,176,178],[161,172,173],[160,174,175],[162,168,178],[160,167,174],[161,166,172],[162,165,176],[161,163,173],[160,164,175],
[159,162,168],[158,161,166],[157,160,167],[156,162,165],[155,160,164],[154,161,163],[154,158,161],[156,159,162],[155,157,160],[153,154,158],
[152,155,157],[151,156,159],[149,150,153],[147,148,151],[145,146,152],[143,144,150],[141,142,148],[139,140,146],[138,181,186],[137,179,184],
[136,180,182],[135,181,187],[134,179,185],[133,180,183],[132,186,189],[131,184,190],[130,182,188],[129,183,189],[128,187,190],[127,185,188],
[126,142,181],[125,140,179],[124,144,180],[125,139,140],[124,143,144],[126,141,142],[126,138,181],[124,136,180],[125,137,179],[134,140,179],
[133,144,180],[135,142,181],[143,149,150],[141,147,148],[139,145,146],[129,132,189],[127,130,188],[128,131,190],[132,138,186],[130,136,182],
[131,137,184],[127,134,185],[129,133,183],[128,135,187],[149,153,158],[145,152,157],[147,151,159],[122,123,139],[120,121,143],[118,119,141],
[137,200,201],[136,197,198],[138,194,195],[116,117,129],[114,115,127],[112,113,128],[111,150,153],[110,146,152],[109,148,151],[108,144,150],
[107,140,146],[106,142,148],[105,168,171],[104,166,169],[103,167,170],[102,164,171],[101,163,170],[100,165,169],[99,158,166],[98,157,167],
[97,159,168],[96,154,163],[95,156,165],[94,155,164],[93,153,154],[92,152,155],[91,151,156],[93,96,154],[92,94,155],[91,95,156],
[97,105,168],[98,103,167],[99,104,166],[94,102,164],[95,100,165],[96,101,163],[100,104,169],[101,103,170],[102,105,171],[93,111,153],
[91,109,151],[92,110,152],[108,111,150],[106,109,148],[107,110,146],[120,143,149],[122,139,145],[118,141,147],[99,149,158],[97,147,159],
[98,145,157],[131,137,200],[132,138,194],[130,136,197],[116,129,133],[112,128,135],[114,127,134],[117,129,132],[113,128,131],[115,127,130],
[106,135,142],[108,133,144],[107,134,140],[125,137,201],[126,138,195],[124,136,198],[123,125,139],[119,126,141],[121,124,143],[96,209,210],
[94,206,207],[95,203,204],[89,90,104],[87,88,103],[85,86,105],[83,84,111],[81,82,109],[79,80,110],[83,108,111],[79,107,110],
[81,106,109],[84,93,111],[80,92,110],[82,91,109],[89,100,104],[85,102,105],[87,101,103],[96,101,209],[95,100,203],[94,102,206],
[90,99,104],[86,97,105],[88,98,103],[93,96,210],[91,95,204],[92,94,207],[123,125,201],[121,124,198],[119,126,195],[108,116,133],
[107,114,134],[106,112,135],[115,130,197],[117,132,194],[113,131,200],[99,120,149],[98,122,145],[97,118,147],[78,201,202],[77,198,199],
[76,195,196],[75,194,196],[74,200,202],[73,197,199],[71,72,196],[69,70,199],[67,68,202],[71,76,196],[67,78,202],[69,77,199],
[72,75,196],[70,73,199],[68,74,202],[73,115,197],[74,113,200],[75,117,194],[78,123,201],[76,119,195],[77,121,198],[83,108,116],
[81,106,112],[79,107,114],[90,99,120],[86,97,118],[88,98,122],[89,100,203],[87,101,209],[85,102,206],[84,93,210],[82,91,204],
[80,92,207],[66,209,211],[65,203,205],[64,206,208],[63,210,211],[62,204,205],[61,207,208],[59,60,205],[57,58,208],[55,56,211],
[54,116,117],[53,112,113],[52,114,115],[51,120,121],[50,118,119],[49,122,123],[55,66,211],[57,64,208],[59,65,205],[56,63,211],
[58,61,208],[60,62,205],[54,83,116],[52,79,114],[53,81,112],[63,84,210],[61,80,207],[62,82,204],[65,89,203],[64,85,206],
[66,87,209],[51,90,120],[49,88,122],[50,86,118],[49,78,123],[51,77,121],[50,76,119],[54,75,117],[52,73,115],[53,74,113],
[48,67,78],[47,71,76],[46,69,77],[45,72,75],[44,70,73],[43,68,74],[42,89,90],[41,85,86],[40,87,88],[39,83,84],
[38,79,80],[37,81,82],[39,54,83],[37,53,81],[38,52,79],[42,51,90],[41,50,86],[40,49,88],[42,65,89],[41,64,85],
[40,66,87],[39,63,84],[37,62,82],[38,61,80],[36,57,64],[35,59,65],[34,55,66],[33,56,63],[32,60,62],[31,58,61],
[45,54,75],[43,53,74],[44,52,73],[46,51,77],[47,50,76],[48,49,78],[39,45,54],[38,44,52],[37,43,53],[33,39,63],
[31,38,61],[32,37,62],[35,42,65],[34,40,66],[36,41,64],[42,46,51],[40,48,49],[41,47,50],[35,42,46],[36,41,47],
[34,40,48],[33,39,45],[32,37,43],[31,38,44],[30,71,72],[29,69,70],[28,67,68],[27,45,72],[26,43,68],[25,44,70],
[24,48,67],[23,46,69],[22,47,71],[22,30,71],[24,28,67],[23,29,69],[27,30,72],[26,28,68],[25,29,70],[24,34,48],
[23,35,46],[22,36,47],[27,33,45],[25,31,44],[26,32,43],[20,21,29],[18,19,28],[16,17,30],[15,57,58],[14,55,56],
[13,59,60],[12,33,56],[11,31,58],[10,32,60],[9,35,59],[8,34,55],[7,36,57],[9,13,59],[7,15,57],[8,14,55],
[11,15,58],[10,13,60],[12,14,56],[20,23,29],[18,24,28],[16,22,30],[12,27,33],[11,25,31],[10,26,32],[8,24,34],
[7,22,36],[9,23,35],[17,27,30],[21,25,29],[19,26,28],[5,6,14],[3,4,15],[1,2,13],[5,12,14],[1,10,13],
[3,11,15],[2,9,13],[6,8,14],[4,7,15],[8,18,24],[9,20,23],[7,16,22],[12,17,27],[10,19,26],[11,21,25],
[5,12,17],[3,11,21],[1,10,19],[6,8,18],[4,7,16],[2,9,20],[16,17,214],[18,19,213],[20,21,212],[5,17,214],
[3,21,212],[1,19,213],[6,18,213],[2,20,212],[4,16,214],[5,6,215],[1,2,217],[3,4,216],[5,214,215],[3,212,216],
[1,213,217],[6,213,215],[4,214,216],[2,212,217]];
###############################################################

#SurfaceInfo: 219 Vertices, 657 Edges, 438 Faces, IsOrientable=true
 #Vertices of faces:
vof7:=[[217,218,219],[216,217,218],[215,217,219],[214,218,219],[211,212,213],[208,209,210],[205,206,207],[202,203,204],[199,200,201],[196,197,198],
[193,194,195],[190,191,192],[187,188,189],[186,190,191],[185,187,188],[184,193,194],[183,194,195],[182,188,189],[181,191,192],[180,185,187],
[179,184,193],[178,186,190],[177,183,195],[176,181,192],[175,182,189],[174,180,185],[173,179,184],[172,178,186],[171,177,183],[170,175,182],
[169,176,181],[168,169,176],[167,170,175],[166,171,177],[165,174,180],[164,172,178],[163,173,179],[162,168,169],[161,166,171],[160,167,170],
[159,165,174],[158,164,172],[157,163,173],[155,156,162],[153,154,160],[151,152,161],[148,149,150],[152,154,156],[147,148,149],[146,149,150],
[145,148,150],[153,154,156],[152,155,156],[151,152,154],[145,159,165],[147,158,164],[146,157,163],[156,162,168],[154,160,167],[152,161,166],
[145,150,159],[147,148,158],[146,149,157],[153,156,168],[152,155,166],[151,154,167],[144,190,192],[143,193,195],[142,187,189],[141,179,193],
[140,178,190],[139,180,187],[138,176,192],[137,177,195],[136,175,189],[135,168,176],[134,166,177],[133,167,175],[132,165,180],[131,163,179],
[130,164,178],[129,147,149],[128,145,148],[127,146,150],[126,146,163],[125,145,165],[124,147,164],[124,129,147],[126,127,146],[125,128,145],
[124,130,164],[125,132,165],[126,131,163],[135,138,176],[133,136,175],[134,137,177],[132,139,180],[131,141,179],[130,140,178],[139,142,187],
[140,144,190],[141,143,193],[138,144,192],[136,142,189],[137,143,195],[127,150,159],[129,149,157],[128,148,158],[135,153,168],[133,151,167],
[134,155,166],[122,123,125],[120,121,126],[118,119,124],[141,202,203],[139,196,197],[140,199,200],[116,117,137],[114,115,138],[112,113,136],
[111,155,162],[110,151,161],[109,153,160],[108,186,191],[107,184,194],[106,185,188],[105,183,194],[104,181,191],[103,182,188],[102,173,184],
[101,172,186],[100,174,185],[99,171,183],[98,169,181],[97,170,182],[96,159,174],[95,157,173],[94,158,172],[93,160,170],[92,161,171],
[91,162,169],[94,101,172],[96,100,174],[95,102,173],[93,97,170],[91,98,169],[92,99,171],[102,107,184],[100,106,185],[101,108,186],
[98,104,181],[97,103,182],[99,105,183],[103,106,188],[104,108,191],[105,107,194],[91,111,162],[93,109,160],[92,110,161],[118,124,129],
[120,126,127],[122,125,128],[109,135,153],[111,134,155],[110,133,151],[96,127,159],[94,128,158],[95,129,157],[112,136,142],[116,137,143],
[114,138,144],[141,143,202],[140,144,199],[139,142,196],[130,140,200],[131,141,203],[132,139,197],[115,135,138],[117,134,137],[113,133,136],
[119,124,130],[121,126,131],[123,125,132],[89,90,92],[87,88,93],[85,86,91],[83,84,100],[81,82,102],[79,80,101],[104,211,212],
[103,205,206],[105,208,209],[89,92,110],[87,93,109],[85,91,111],[104,108,211],[105,107,208],[103,106,205],[81,102,107],[79,101,108],
[83,100,106],[98,104,212],[99,105,209],[97,103,206],[80,94,101],[84,96,100],[82,95,102],[86,91,98],[90,92,99],[88,93,97],
[119,130,200],[121,131,203],[123,132,197],[112,142,196],[114,144,199],[116,143,202],[96,120,127],[95,118,129],[94,122,128],[109,115,135],
[110,113,133],[111,117,134],[78,203,204],[77,200,201],[76,197,198],[75,202,204],[74,199,201],[73,196,198],[71,72,204],[69,70,201],
[67,68,198],[71,78,204],[67,76,198],[69,77,201],[72,75,204],[68,73,198],[70,74,201],[75,116,202],[73,112,196],[74,114,199],
[76,123,197],[77,119,200],[78,121,203],[85,111,117],[89,110,113],[87,109,115],[82,95,118],[80,94,122],[84,96,120],[86,98,212],
[88,97,206],[90,99,209],[79,108,211],[83,106,205],[81,107,208],[66,212,213],[65,206,207],[64,209,210],[63,211,213],[62,205,207],
[61,208,210],[59,60,207],[57,58,213],[55,56,210],[54,122,123],[53,118,119],[52,120,121],[51,116,117],[50,112,113],[49,114,115],
[57,66,213],[55,64,210],[59,65,207],[58,63,213],[56,61,210],[60,62,207],[51,85,117],[49,87,115],[50,89,113],[63,79,211],
[61,81,208],[62,83,205],[66,86,212],[65,88,206],[64,90,209],[52,84,120],[54,80,122],[53,82,118],[53,77,119],[52,78,121],
[54,76,123],[51,75,116],[49,74,114],[50,73,112],[48,71,78],[47,69,77],[46,67,76],[45,72,75],[44,70,74],[43,68,73],
[42,85,86],[41,87,88],[40,89,90],[39,79,80],[38,81,82],[37,83,84],[42,51,85],[40,50,89],[41,49,87],[37,52,84],
[38,53,82],[39,54,80],[42,66,86],[40,64,90],[41,65,88],[39,63,79],[37,62,83],[38,61,81],[36,57,66],[35,55,64],
[34,59,65],[33,58,63],[32,60,62],[31,56,61],[45,51,75],[43,50,73],[44,49,74],[47,53,77],[46,54,76],[48,52,78],
[42,45,51],[41,44,49],[40,43,50],[33,39,63],[31,38,61],[32,37,62],[36,42,66],[34,41,65],[35,40,64],[39,46,54],
[37,48,52],[38,47,53],[36,42,45],[35,40,43],[34,41,44],[33,39,46],[31,38,47],[32,37,48],[30,71,72],[29,67,68],
[28,69,70],[27,45,72],[26,43,68],[25,44,70],[24,46,67],[23,47,69],[22,48,71],[22,30,71],[23,28,69],[24,29,67],
[27,30,72],[25,28,70],[26,29,68],[27,36,45],[25,34,44],[26,35,43],[24,33,46],[22,32,48],[23,31,47],[20,21,28],
[18,19,30],[16,17,29],[15,55,56],[14,57,58],[13,59,60],[12,33,58],[11,32,60],[10,31,56],[9,36,57],[8,34,59],
[7,35,55],[7,15,55],[8,13,59],[9,14,57],[11,13,60],[10,15,56],[12,14,58],[16,24,29],[20,23,28],[18,22,30],
[12,24,33],[10,23,31],[11,22,32],[9,27,36],[7,26,35],[8,25,34],[19,27,30],[17,26,29],[21,25,28],[5,6,14],
[3,4,15],[1,2,13],[5,12,14],[1,11,13],[3,10,15],[4,7,15],[6,9,14],[2,8,13],[9,19,27],[8,21,25],
[7,17,26],[12,16,24],[11,18,22],[10,20,23],[5,12,16],[3,10,20],[1,11,18],[6,9,19],[4,7,17],[2,8,21],
[16,17,216],[18,19,215],[20,21,214],[5,16,216],[3,20,214],[1,18,215],[6,19,215],[2,21,214],[4,17,216],[5,6,217],
[1,2,219],[3,4,218],[5,216,217],[3,214,218],[1,215,219],[6,215,217],[4,216,218],[2,214,219]];
###############################################################

#SurfaceInfo: 223 Vertices, 669 Edges, 446 Faces, IsOrientable=true
 #Vertices of faces:
vof8:=[[221,222,223],[220,221,222],[219,221,223],[218,222,223],[215,216,217],[212,213,214],[209,210,211],[206,207,208],[203,204,205],[200,201,202],
[197,198,199],[194,195,196],[191,192,193],[190,197,198],[189,191,192],[188,194,195],[187,192,193],[186,198,199],[185,195,196],[184,190,197],
[183,188,194],[182,189,191],[181,187,193],[180,185,196],[179,186,199],[178,182,189],[177,183,188],[176,184,190],[175,181,187],[174,179,186],
[173,180,185],[170,171,172],[168,169,171],[166,167,171],[163,164,165],[160,161,162],[157,158,159],[158,161,164],[156,163,164],[155,160,161],
[154,157,158],[153,160,162],[152,157,159],[151,163,165],[161,164,165],[158,159,164],[158,161,162],[166,168,171],[167,170,171],[169,171,172],
[150,178,182],[149,176,184],[148,177,183],[151,175,181],[153,174,179],[152,173,180],[147,150,178],[146,148,177],[145,149,176],[147,169,172],
[146,167,170],[145,166,168],[152,159,173],[151,165,175],[153,162,174],[155,161,165],[154,158,162],[156,159,164],[155,165,175],[156,159,173],
[154,162,174],[147,150,169],[145,149,166],[146,148,170],[144,170,172],[143,166,167],[142,168,169],[141,190,198],[140,188,195],[139,189,192],
[138,185,195],[137,186,198],[136,187,192],[135,175,187],[134,173,185],[133,174,186],[132,177,188],[131,176,190],[130,178,189],[129,147,178],
[128,145,176],[127,146,177],[126,147,172],[125,145,168],[124,146,167],[126,129,147],[124,127,146],[125,128,145],[127,132,177],[129,130,178],
[128,131,176],[135,136,187],[133,137,186],[134,138,185],[132,140,188],[130,139,189],[131,141,190],[138,140,195],[136,139,192],[137,141,198],
[125,142,168],[124,143,167],[126,144,172],[135,155,175],[133,154,174],[134,156,173],[142,150,169],[144,148,170],[143,149,166],[132,206,207],
[130,200,201],[131,203,204],[122,123,136],[120,121,137],[118,119,138],[116,117,124],[114,115,126],[112,113,125],[111,194,196],[110,191,193],
[109,197,199],[108,182,191],[107,183,194],[106,184,197],[105,181,193],[104,179,199],[103,180,196],[102,155,160],[101,154,157],[100,156,163],
[99,153,160],[98,151,163],[97,152,157],[96,150,182],[95,149,184],[94,148,183],[93,151,181],[92,152,180],[91,153,179],[92,97,152],
[91,99,153],[93,98,151],[97,101,157],[98,100,163],[99,102,160],[91,104,179],[92,103,180],[93,105,181],[96,108,182],[94,107,183],
[95,106,184],[107,111,194],[106,109,197],[108,110,191],[103,111,196],[104,109,199],[105,110,193],[112,125,128],[114,126,129],[116,124,127],
[96,142,150],[94,144,148],[95,143,149],[102,135,155],[100,134,156],[101,133,154],[113,125,142],[115,126,144],[117,124,143],[118,138,140],
[120,137,141],[122,136,139],[132,140,206],[131,141,203],[130,139,200],[123,135,136],[119,134,138],[121,133,137],[127,132,207],[128,131,204],
[129,130,201],[89,90,98],[87,88,97],[85,86,99],[104,215,216],[103,209,210],[105,212,213],[83,84,107],[81,82,108],[79,80,106],
[104,109,215],[105,110,212],[103,111,209],[79,106,109],[81,108,110],[83,107,111],[82,96,108],[80,95,106],[84,94,107],[91,104,216],
[93,105,213],[92,103,210],[89,98,100],[85,99,102],[87,97,101],[86,91,99],[90,93,98],[88,92,97],[116,127,207],[114,129,201],
[112,128,204],[118,140,206],[120,141,203],[122,139,200],[102,123,135],[100,119,134],[101,121,133],[96,113,142],[95,117,143],[94,115,144],
[78,201,202],[77,207,208],[76,204,205],[75,200,202],[74,203,205],[73,206,208],[71,72,202],[69,70,205],[67,68,208],[71,78,202],
[67,77,208],[69,76,205],[72,75,202],[68,73,208],[70,74,205],[75,122,200],[73,118,206],[74,120,203],[77,116,207],[76,112,204],
[78,114,201],[85,102,123],[87,101,121],[89,100,119],[86,91,216],[88,92,210],[90,93,213],[82,96,113],[84,94,115],[80,95,117],
[79,109,215],[83,111,209],[81,110,212],[66,216,217],[65,213,214],[64,210,211],[63,215,217],[62,209,211],[61,212,214],[59,60,211],
[57,58,217],[55,56,214],[54,122,123],[53,118,119],[52,120,121],[51,116,117],[50,112,113],[49,114,115],[57,66,217],[55,65,214],
[59,64,211],[58,63,217],[56,61,214],[60,62,211],[54,85,123],[53,89,119],[52,87,121],[63,79,215],[61,81,212],[62,83,209],
[49,84,115],[51,80,117],[50,82,113],[66,86,216],[64,88,210],[65,90,213],[50,76,112],[49,78,114],[51,77,116],[54,75,122],
[52,74,120],[53,73,118],[48,71,78],[47,69,76],[46,67,77],[45,72,75],[44,70,74],[43,68,73],[42,85,86],[41,87,88],
[40,89,90],[39,79,80],[38,81,82],[37,83,84],[42,54,85],[40,53,89],[41,52,87],[42,66,86],[40,65,90],[41,64,88],
[37,49,84],[38,50,82],[39,51,80],[39,63,79],[37,62,83],[38,61,81],[36,57,66],[35,55,65],[34,59,64],[33,58,63],
[32,60,62],[31,56,61],[45,54,75],[43,53,73],[44,52,74],[47,50,76],[46,51,77],[48,49,78],[42,45,54],[41,44,52],
[40,43,53],[33,39,63],[31,38,61],[32,37,62],[39,46,51],[37,48,49],[38,47,50],[36,42,66],[34,41,64],[35,40,65],
[36,42,45],[35,40,43],[34,41,44],[33,39,46],[31,38,47],[32,37,48],[30,71,72],[29,67,68],[28,69,70],[27,45,72],
[26,43,68],[25,44,70],[24,46,67],[23,47,69],[22,48,71],[22,30,71],[23,28,69],[24,29,67],[27,30,72],[25,28,70],
[26,29,68],[27,36,45],[25,34,44],[26,35,43],[24,33,46],[22,32,48],[23,31,47],[20,21,28],[18,19,30],[16,17,29],
[15,55,56],[14,57,58],[13,59,60],[12,33,58],[11,32,60],[10,31,56],[9,36,57],[8,34,59],[7,35,55],[7,15,55],
[8,13,59],[9,14,57],[11,13,60],[10,15,56],[12,14,58],[16,24,29],[20,23,28],[18,22,30],[12,24,33],[10,23,31],
[11,22,32],[9,27,36],[7,26,35],[8,25,34],[19,27,30],[17,26,29],[21,25,28],[5,6,14],[3,4,15],[1,2,13],
[5,12,14],[1,11,13],[3,10,15],[4,7,15],[6,9,14],[2,8,13],[9,19,27],[8,21,25],[7,17,26],[12,16,24],
[11,18,22],[10,20,23],[5,12,16],[3,10,20],[1,11,18],[6,9,19],[4,7,17],[2,8,21],[16,17,220],[18,19,219],
[20,21,218],[5,16,220],[3,20,218],[1,18,219],[6,19,219],[2,21,218],[4,17,220],[5,6,221],[1,2,223],[3,4,222],
[5,220,221],[3,218,222],[1,219,223],[6,219,221],[4,220,222],[2,218,223]];
###############################################################

#SurfaceInfo: 192 Vertices, 672 Edges, 448 Faces, IsOrientable=true
 #Vertices of faces:
vof9:=[[190,191,192],[189,190,191],[188,191,192],[187,190,192],[184,185,186],[181,182,183],[178,179,180],[175,176,177],[172,173,174],[169,170,171],
[166,167,168],[164,165,167],[163,164,166],[160,161,162],[157,158,159],[154,155,156],[153,160,161],[152,157,158],[151,154,155],[148,149,150],
[145,146,147],[142,143,144],[141,145,146],[140,142,143],[139,148,149],[137,138,182],[135,136,179],[133,134,185],[131,132,138],[129,130,134],
[127,128,136],[125,126,165],[123,124,168],[121,122,163],[120,126,160],[119,122,157],[118,124,154],[116,117,160],[114,115,157],[112,113,154],
[111,113,130],[110,117,132],[109,115,128],[131,152,170],[127,151,176],[129,153,173],[129,133,153],[131,137,152],[127,135,151],[119,121,122],
[118,123,124],[120,125,126],[110,116,117],[111,112,113],[109,114,115],[164,166,167],[131,137,138],[127,135,136],[129,133,134],[107,108,182],
[105,106,185],[103,104,179],[100,101,102],[97,98,99],[94,95,96],[97,98,166],[100,101,164],[94,95,167],[91,92,93],[88,89,90],
[85,86,87],[84,92,146],[83,89,143],[82,86,149],[82,85,86],[83,88,89],[84,91,92],[107,149,150],[105,143,144],[103,146,147],
[81,141,145],[80,139,148],[79,140,142],[83,140,143],[82,139,149],[84,141,146],[97,166,168],[100,163,164],[94,165,167],[78,117,132],
[77,115,128],[76,113,130],[75,133,153],[74,135,151],[73,137,152],[162,175,176],[159,172,173],[156,169,170],[105,184,185],[103,178,179],
[107,181,182],[126,153,160],[124,151,154],[122,152,157],[116,160,162],[112,154,156],[114,157,159],[110,131,132],[109,127,128],[111,129,130],
[125,164,165],[121,163,166],[123,167,168],[152,158,170],[153,161,173],[151,155,176],[117,120,160],[113,118,154],[115,119,157],[133,185,186],
[135,179,180],[137,182,183],[131,170,171],[127,176,177],[129,173,174],[72,107,149],[71,103,146],[70,105,143],[68,69,97],[66,67,100],
[64,65,94],[68,69,85],[64,65,91],[66,67,88],[63,162,176],[62,156,170],[61,159,173],[60,75,133],[59,74,135],[58,73,137],
[57,78,117],[56,76,113],[55,77,115],[54,81,145],[53,79,142],[52,80,148],[51,94,96],[50,97,99],[49,100,102],[89,90,141],
[86,87,140],[92,93,139],[76,107,108],[78,103,104],[77,105,106],[54,161,162],[52,155,156],[53,158,159],[101,148,150],[95,142,144],
[98,145,147],[51,138,182],[50,134,185],[49,136,179],[85,110,116],[91,109,114],[88,111,112],[55,56,57],[58,59,60],[51,96,138],
[49,102,136],[50,99,134],[58,59,74],[59,60,75],[58,60,73],[54,63,162],[53,61,159],[52,62,156],[68,85,110],[66,88,111],
[64,91,109],[51,64,94],[50,68,97],[49,66,100],[72,76,107],[70,77,105],[71,78,103],[58,137,183],[60,133,186],[59,135,180],
[57,117,120],[55,115,119],[56,113,118],[61,161,173],[63,155,176],[62,158,170],[110,131,171],[111,129,174],[109,127,177],[107,150,181],
[103,147,178],[105,144,184],[116,162,175],[114,159,172],[112,156,169],[75,126,153],[73,122,152],[74,124,151],[76,108,130],[77,106,128],
[78,104,132],[69,97,168],[65,94,165],[67,100,163],[83,87,140],[84,90,141],[82,93,139],[101,102,150],[95,96,144],[98,99,147],
[95,123,167],[98,121,166],[101,125,164],[85,87,116],[88,90,112],[91,93,114],[70,89,143],[72,86,149],[71,92,146],[67,83,88],
[69,82,85],[65,84,91],[51,108,182],[49,104,179],[50,106,185],[48,56,57],[47,55,56],[46,55,57],[45,98,145],[44,101,148],
[43,95,142],[42,54,161],[41,53,158],[40,52,155],[39,89,141],[38,92,139],[37,86,140],[40,52,80],[42,54,81],[41,53,79],
[45,54,145],[43,53,142],[44,52,148],[48,57,78],[46,55,77],[47,56,76],[39,81,141],[37,79,140],[38,80,139],[36,132,138],
[35,128,136],[34,130,134],[33,122,163],[32,126,165],[31,124,168],[80,184,186],[79,178,180],[81,181,183],[36,96,138],[34,99,134],
[35,102,136],[38,80,186],[39,81,183],[37,79,180],[40,80,184],[41,79,178],[42,81,181],[33,67,163],[32,65,165],[31,69,168],
[34,108,130],[35,106,128],[36,104,132],[31,74,124],[33,73,122],[32,75,126],[37,72,86],[38,71,92],[39,70,89],[43,95,123],
[45,98,121],[44,101,125],[87,116,175],[93,114,172],[90,112,169],[41,62,158],[40,63,155],[42,61,161],[46,57,120],[48,56,118],
[47,55,119],[47,72,76],[46,70,77],[48,71,78],[64,109,177],[66,111,174],[68,110,171],[45,54,63],[43,53,61],[44,52,62],
[30,51,108],[29,50,106],[28,49,104],[27,67,83],[26,65,84],[25,69,82],[24,102,150],[23,99,147],[22,96,144],[27,83,87],
[25,82,93],[26,84,90],[22,144,184],[23,147,178],[24,150,181],[21,58,183],[20,59,180],[19,60,186],[30,51,64],[28,49,66],
[29,50,68],[21,58,74],[19,60,73],[20,59,75],[18,119,121],[17,120,125],[16,118,123],[16,48,118],[18,47,119],[17,46,120],
[17,44,125],[16,43,123],[18,45,121],[30,64,177],[29,68,171],[28,66,174],[27,87,175],[26,90,169],[25,93,172],[19,33,73],
[20,32,75],[21,31,74],[30,34,108],[28,36,104],[29,35,106],[27,33,67],[25,31,69],[26,32,65],[22,40,184],[24,42,181],
[23,41,178],[21,39,183],[20,37,180],[19,38,186],[24,35,102],[22,36,96],[23,34,99],[15,37,72],[14,39,70],[13,38,71],
[12,45,63],[11,44,62],[10,43,61],[15,47,72],[13,48,71],[14,46,70],[12,40,63],[10,42,61],[11,41,62],[9,175,177],
[8,169,171],[7,172,174],[9,30,177],[7,28,174],[8,29,171],[9,27,175],[7,25,172],[8,26,169],[13,19,38],[14,21,39],
[15,20,37],[12,22,40],[11,23,41],[10,24,42],[10,16,43],[12,18,45],[11,17,44],[14,17,46],[15,18,47],[13,16,48],
[6,22,36],[5,23,34],[4,24,35],[3,27,33],[2,26,32],[1,25,31],[5,30,34],[4,29,35],[6,28,36],[3,19,33],
[1,21,31],[2,20,32],[1,14,21],[2,15,20],[3,13,19],[6,12,22],[5,11,23],[4,10,24],[1,7,25],[2,8,26],
[3,9,27],[6,7,28],[5,9,30],[4,8,29],[14,17,188],[13,16,187],[15,18,189],[12,18,189],[11,17,188],[10,16,187],
[1,14,188],[3,13,187],[2,15,189],[6,12,189],[4,10,187],[5,11,188],[6,7,191],[4,8,190],[5,9,192],[1,7,191],
[3,9,192],[2,8,190],[1,188,191],[2,189,190],[3,187,192],[6,189,191],[5,188,192],[4,187,190]];
###############################################################

#SurfaceInfo: 114 Vertices, 684 Edges, 456 Faces, IsOrientable=true
 #Vertices of faces:
vof10:=[[112,113,114],[111,112,113],[110,112,114],[109,113,114],[106,107,108],[104,105,107],[103,104,106],[100,101,102],[101,106,107],[100,104,106],
[102,104,107],[97,98,99],[94,95,96],[91,92,93],[88,89,90],[85,86,87],[82,83,84],[83,86,89],[82,83,86],[83,88,89],
[85,86,89],[81,102,104],[80,101,107],[79,100,106],[78,97,98],[77,91,92],[76,94,95],[74,75,82],[72,73,85],[70,71,88],
[67,68,69],[64,65,66],[61,62,63],[60,73,90],[59,75,87],[58,71,84],[56,57,82],[54,55,88],[52,53,85],[51,74,75],
[50,70,71],[49,72,73],[48,80,107],[47,81,104],[46,79,106],[45,78,97],[44,76,94],[43,77,91],[73,85,89],[75,82,86],
[71,83,88],[41,42,83],[39,40,86],[37,38,89],[52,54,86],[54,56,89],[52,56,83],[46,76,95],[47,78,98],[48,77,92],
[36,47,98],[35,48,92],[34,46,95],[39,52,86],[37,54,89],[41,56,83],[64,65,90],[67,68,84],[61,62,87],[52,54,88],
[52,56,85],[54,56,82],[40,75,86],[42,71,83],[38,73,89],[33,43,91],[32,44,94],[31,45,97],[48,77,107],[47,78,104],
[46,76,106],[50,58,71],[49,60,73],[51,59,75],[100,101,105],[100,102,108],[101,102,103],[46,67,108],[47,64,103],[48,61,105],
[79,102,107],[81,101,106],[80,100,104],[55,83,84],[57,86,87],[53,89,90],[41,54,86],[37,52,83],[39,56,89],[64,66,81],
[61,63,80],[67,69,79],[54,71,84],[56,75,87],[52,73,90],[40,56,57],[42,54,55],[38,52,53],[47,60,81],[46,58,79],
[48,59,80],[45,78,105],[43,77,108],[44,76,103],[45,61,75],[43,67,71],[44,64,73],[45,57,59],[43,55,58],[44,53,60],
[45,57,74],[44,53,72],[43,55,70],[45,59,105],[44,60,103],[43,58,108],[47,60,65],[48,59,62],[46,58,68],[40,57,59],
[38,53,60],[42,55,58],[45,61,80],[44,64,81],[43,67,79],[37,52,90],[39,56,87],[41,54,84],[66,81,101],[69,79,102],
[63,80,100],[37,55,83],[39,53,89],[41,57,86],[78,101,105],[76,102,103],[77,100,108],[48,100,105],[47,101,103],[46,102,108],
[53,64,90],[55,67,84],[57,61,87],[49,60,81],[51,59,80],[50,58,79],[77,79,107],[76,81,106],[78,80,104],[31,45,75],
[32,44,73],[33,43,71],[42,67,71],[38,64,73],[40,61,75],[42,54,82],[38,52,88],[40,56,85],[37,54,71],[39,52,73],
[41,56,75],[34,46,67],[35,48,61],[36,47,64],[69,106,108],[63,105,107],[66,103,104],[30,107,108],[29,103,106],[28,104,105],
[25,26,27],[22,23,24],[19,20,21],[49,64,103],[51,61,105],[50,67,108],[23,74,82],[26,70,88],[20,72,85],[29,81,102],
[30,79,100],[28,80,101],[26,65,90],[20,62,87],[23,68,84],[25,26,65],[22,23,68],[19,20,62],[23,24,74],[26,27,70],
[20,21,72],[30,50,108],[28,51,105],[29,49,103],[30,63,107],[28,66,104],[29,69,106],[23,42,82],[20,40,85],[26,38,88],
[51,57,61],[50,55,67],[49,53,64],[28,47,101],[29,46,102],[30,48,100],[26,37,90],[23,41,84],[20,39,87],[29,44,81],
[28,45,80],[30,43,79],[60,66,103],[58,69,108],[59,63,105],[34,42,67],[35,40,61],[36,38,64],[33,37,71],[31,41,75],
[32,39,73],[51,78,80],[50,77,79],[49,76,81],[41,57,74],[37,55,70],[39,53,72],[66,78,101],[63,77,100],[69,76,102],
[42,58,68],[40,59,62],[38,60,65],[17,18,78],[15,16,77],[13,14,76],[11,12,109],[10,11,111],[10,12,110],[8,9,10],
[6,7,12],[4,5,11],[10,25,27],[11,19,21],[12,22,24],[3,88,90],[2,82,84],[1,85,87],[6,95,96],[4,92,93],
[8,98,99],[7,97,99],[9,91,93],[5,94,96],[2,41,42],[1,39,40],[3,37,38],[62,63,92],[65,66,98],[68,69,95],
[36,60,90],[34,58,84],[35,59,87],[33,55,88],[32,53,85],[31,57,82],[51,74,97],[49,72,94],[50,70,91],[18,45,74],
[16,43,70],[14,44,72],[17,47,65],[13,46,68],[15,48,62],[7,74,97],[5,72,94],[9,70,91],[6,68,95],[8,65,98],
[4,62,92],[3,33,88],[2,31,82],[1,32,85],[3,36,90],[1,35,87],[2,34,84],[4,11,93],[6,12,96],[8,10,99],
[7,12,99],[9,10,93],[5,11,96],[10,27,111],[12,24,110],[11,21,109],[12,22,109],[10,25,110],[11,19,111],[2,42,68],
[3,38,65],[1,40,62],[17,66,78],[15,63,77],[13,69,76],[2,41,74],[1,39,72],[3,37,70],[18,51,78],[14,49,76],
[16,50,77],[36,60,66],[35,59,63],[34,58,69],[16,30,43],[14,29,44],[18,28,45],[17,28,47],[15,30,48],[13,29,46],
[31,51,57],[32,49,53],[33,50,55],[30,63,92],[29,69,95],[28,66,98],[28,51,97],[30,50,91],[29,49,94],[18,24,74],
[14,21,72],[16,27,70],[17,25,65],[15,19,62],[13,22,68],[23,34,42],[26,36,38],[20,35,40],[26,33,37],[20,32,39],
[23,31,41],[17,18,99],[15,16,93],[13,14,96],[11,12,112],[10,12,113],[10,11,114],[8,9,26],[4,5,20],[6,7,23],
[27,33,91],[24,31,97],[21,32,94],[25,36,98],[22,34,95],[19,35,92],[9,26,33],[7,23,31],[5,20,32],[8,26,36],
[6,23,34],[4,20,35],[17,25,99],[13,22,96],[15,19,93],[16,27,93],[18,24,99],[14,21,96],[19,92,111],[25,98,110],
[22,95,109],[27,91,111],[21,94,109],[24,97,110],[12,99,112],[11,96,114],[10,93,113],[11,93,112],[10,99,114],[12,96,113],
[3,25,36],[2,22,34],[1,19,35],[3,27,33],[1,21,32],[2,24,31],[17,28,97],[13,29,94],[15,30,91],[16,30,92],
[18,28,98],[14,29,95],[18,31,51],[16,33,50],[14,32,49],[17,36,66],[13,34,69],[15,35,63],[2,6,68],[1,4,62],
[3,8,65],[2,7,74],[3,9,70],[1,5,72],[9,16,33],[5,14,32],[7,18,31],[3,8,27],[1,4,21],[2,6,24],
[3,9,25],[1,5,19],[2,7,22],[17,97,110],[15,91,111],[13,94,109],[16,92,111],[14,95,109],[18,98,110],[27,93,112],
[21,96,113],[24,99,114],[25,99,112],[19,93,113],[22,96,114],[8,17,36],[4,15,35],[6,13,34],[9,16,111],[7,18,110],
[5,14,109],[8,17,110],[6,13,109],[4,15,111],[9,25,112],[7,22,114],[5,19,113],[8,27,112],[6,24,114],[4,21,113],
[9,111,112],[5,109,113],[7,110,114],[8,110,112],[4,111,113],[6,109,114]];
###############################################################

