#SurfaceInfo: 256 Vertices, 768 Edges, 512 Faces, IsOrientable=true
 #Vertices of faces:
vof1:=[[254,255,256],[253,254,255],[252,254,256],[251,255,256],[248,249,250],[245,246,247],[242,243,244],[239,240,241],[236,237,238],[233,234,235],
[230,231,232],[229,230,231],[228,230,232],[227,231,232],[225,226,230],[223,224,231],[221,222,232],[225,229,230],[223,229,231],[221,227,232],
[222,228,232],[226,228,230],[224,227,231],[220,221,222],[219,225,226],[218,223,224],[215,216,217],[213,214,216],[211,212,216],[211,213,216],
[212,215,216],[214,216,217],[210,215,217],[209,211,212],[208,213,214],[206,207,208],[204,205,210],[202,203,209],[201,210,217],[200,210,215],
[199,209,211],[198,208,213],[197,208,214],[196,209,212],[195,211,213],[194,214,217],[193,212,215],[194,201,217],[193,200,215],[195,199,211],
[195,198,213],[193,196,212],[194,197,214],[196,202,209],[197,206,208],[201,204,210],[200,205,210],[198,207,208],[199,203,209],[191,192,193],
[189,190,195],[187,188,194],[191,193,196],[187,194,197],[188,194,201],[189,195,199],[190,195,198],[192,193,200],[186,196,202],[185,197,206],
[184,201,204],[183,200,205],[182,199,203],[181,198,207],[186,191,196],[185,187,197],[181,190,198],[184,188,201],[183,192,200],[182,189,199],
[180,183,192],[179,186,191],[178,184,188],[177,185,187],[176,182,189],[175,181,190],[174,191,192],[173,187,188],[172,189,190],[172,176,189],
[174,180,192],[174,179,191],[173,177,187],[172,175,190],[173,178,188],[171,174,179],[170,172,176],[169,172,175],[168,174,180],[167,173,178],
[166,173,177],[164,165,218],[162,163,220],[160,161,219],[159,220,221],[158,220,222],[157,218,223],[156,218,224],[155,219,225],[154,219,226],
[153,225,229],[152,223,229],[151,221,227],[150,222,228],[149,226,228],[148,224,227],[153,155,225],[152,157,223],[148,156,224],[149,154,226],
[150,158,222],[151,159,221],[152,153,229],[148,151,227],[149,150,228],[156,164,218],[157,165,218],[154,160,219],[155,161,219],[159,162,220],
[158,163,220],[169,170,172],[166,167,173],[168,171,174],[147,160,161],[146,164,165],[145,162,163],[144,146,164],[143,146,165],[142,145,162],
[141,147,160],[140,145,163],[139,147,161],[138,151,159],[137,149,154],[136,148,156],[135,150,158],[134,152,157],[133,153,155],[147,169,170],
[145,168,171],[146,166,167],[132,155,161],[131,156,164],[130,157,165],[129,159,162],[128,154,160],[127,158,163],[126,152,153],[125,149,150],
[124,148,151],[126,133,153],[126,134,152],[124,138,151],[124,136,148],[125,135,150],[125,137,149],[132,133,155],[131,136,156],[130,134,157],
[129,138,159],[127,135,158],[128,137,154],[131,144,164],[130,143,165],[129,142,162],[127,140,163],[132,139,161],[128,141,160],[142,145,171],
[139,147,170],[141,147,169],[140,145,168],[144,146,166],[143,146,167],[125,233,234],[124,236,237],[126,239,240],[122,123,132],[120,121,131],
[118,119,130],[116,117,129],[114,115,127],[112,113,128],[111,206,207],[110,202,203],[109,204,205],[108,186,202],[107,183,205],[106,184,204],
[105,185,206],[104,181,207],[103,182,203],[102,179,186],[101,180,183],[100,178,184],[99,177,185],[98,175,181],[97,176,182],[96,171,179],
[95,170,176],[94,168,180],[93,167,178],[92,166,177],[91,169,175],[96,102,179],[95,97,176],[94,101,180],[93,100,178],[91,98,175],
[92,99,177],[102,108,186],[101,107,183],[99,105,185],[100,106,184],[97,103,182],[98,104,181],[108,110,202],[103,110,203],[105,111,206],
[104,111,207],[106,109,204],[107,109,205],[124,138,236],[124,136,237],[125,137,233],[125,135,234],[126,134,239],[126,133,240],[92,144,166],
[93,143,167],[96,142,171],[95,139,170],[91,141,169],[94,140,168],[120,131,144],[118,130,143],[122,132,139],[116,129,142],[112,128,141],
[114,127,140],[123,132,133],[119,130,134],[117,129,138],[121,131,136],[113,128,137],[115,127,135],[110,248,249],[109,245,246],[111,242,243],
[89,90,102],[87,88,97],[85,86,101],[83,84,100],[81,82,99],[79,80,98],[108,110,248],[103,110,249],[107,109,245],[105,111,242],
[104,111,243],[106,109,246],[89,102,108],[87,97,103],[85,101,107],[81,99,105],[79,98,104],[83,100,106],[82,92,99],[84,93,100],
[90,96,102],[88,95,97],[86,94,101],[80,91,98],[121,136,237],[117,138,236],[115,135,234],[113,137,233],[123,133,240],[119,134,239],
[92,120,144],[93,118,143],[96,116,142],[95,122,139],[94,114,140],[91,112,141],[78,239,241],[77,240,241],[76,234,235],[75,233,235],
[74,236,238],[73,237,238],[71,72,235],[69,70,241],[67,68,238],[67,73,238],[68,74,238],[69,78,241],[71,75,235],[72,76,235],
[70,77,241],[78,119,239],[77,123,240],[74,117,236],[73,121,237],[75,113,233],[76,115,234],[82,92,120],[84,93,118],[90,96,116],
[88,95,122],[80,91,112],[86,94,114],[89,108,248],[87,103,249],[85,107,245],[83,106,246],[79,104,243],[81,105,242],[66,249,250],
[65,248,250],[64,245,247],[63,246,247],[62,243,244],[61,242,244],[59,60,247],[57,58,250],[55,56,244],[54,118,119],[53,120,121],
[52,122,123],[51,116,117],[50,112,113],[49,114,115],[59,63,247],[60,64,247],[57,66,250],[58,65,250],[55,61,244],[56,62,244],
[53,82,120],[54,84,118],[52,88,122],[51,90,116],[49,86,114],[50,80,112],[65,89,248],[66,87,249],[64,85,245],[62,79,243],
[61,81,242],[63,83,246],[54,78,119],[52,77,123],[51,74,117],[53,73,121],[49,76,115],[50,75,113],[48,69,78],[47,72,76],
[46,70,77],[45,71,75],[44,68,74],[43,67,73],[42,81,82],[41,89,90],[40,87,88],[39,85,86],[38,79,80],[37,83,84],
[37,54,84],[42,53,82],[40,52,88],[41,51,90],[38,50,80],[39,49,86],[41,65,89],[40,66,87],[39,64,85],[38,62,79],
[37,63,83],[42,61,81],[36,59,63],[35,58,65],[34,57,66],[33,56,62],[32,60,64],[31,55,61],[48,54,78],[43,53,73],
[46,52,77],[44,51,74],[45,50,75],[47,49,76],[37,48,54],[42,43,53],[40,46,52],[41,44,51],[39,47,49],[38,45,50],
[36,37,63],[31,42,61],[34,40,66],[35,41,65],[32,39,64],[33,38,62],[36,37,48],[32,39,47],[31,42,43],[34,40,46],
[33,38,45],[35,41,44],[30,71,72],[29,67,68],[28,69,70],[27,48,69],[26,47,72],[25,45,71],[24,43,67],[23,44,68],
[22,46,70],[26,30,72],[25,30,71],[22,28,70],[23,29,68],[27,28,69],[24,29,67],[27,36,48],[26,32,47],[24,31,43],
[23,35,44],[22,34,46],[25,33,45],[20,21,29],[18,19,28],[16,17,30],[15,59,60],[14,57,58],[13,55,56],[12,36,59],
[11,32,60],[10,31,55],[9,35,58],[8,34,57],[7,33,56],[12,15,59],[11,15,60],[9,14,58],[10,13,55],[7,13,56],
[8,14,57],[18,27,28],[20,24,29],[21,23,29],[16,26,30],[17,25,30],[19,22,28],[12,27,36],[11,26,32],[8,22,34],
[10,24,31],[7,25,33],[9,23,35],[5,6,15],[3,4,14],[1,2,13],[5,12,15],[6,11,15],[3,8,14],[4,9,14],
[1,7,13],[2,10,13],[12,18,27],[11,16,26],[8,19,22],[10,20,24],[9,21,23],[7,17,25],[5,12,18],[6,11,16],
[3,8,19],[1,7,17],[4,9,21],[2,10,20],[18,19,253],[16,17,252],[20,21,251],[5,18,253],[6,16,252],[2,20,251],
[4,21,251],[3,19,253],[1,17,252],[5,6,254],[1,2,256],[3,4,255],[5,253,254],[6,252,254],[1,252,256],[4,251,255],
[3,253,255],[2,251,256]];
###############################################################

#SurfaceInfo: 48 Vertices, 768 Edges, 512 Faces, IsOrientable=true
 #Vertices of faces:
vof2:=[[46,47,48],[45,46,47],[44,47,48],[43,46,48],[40,41,42],[38,39,41],[37,38,40],[34,35,36],[32,33,35],[31,32,34],
[37,39,42],[30,39,42],[29,37,39],[28,37,42],[27,29,30],[26,28,30],[25,28,29],[27,30,42],[26,30,39],[25,28,42],
[25,29,39],[27,29,37],[26,28,37],[28,29,32],[29,30,34],[28,30,35],[23,24,33],[22,24,36],[22,23,31],[22,31,36],
[23,31,33],[24,33,36],[21,23,24],[20,22,23],[19,22,24],[16,17,18],[14,15,17],[13,15,18],[17,21,23],[15,21,24],
[18,20,23],[18,19,24],[17,19,22],[15,20,22],[18,31,36],[17,33,36],[15,31,33],[17,21,36],[15,21,31],[18,20,36],
[18,19,31],[15,20,33],[17,19,33],[13,15,22],[16,17,22],[14,17,23],[14,15,24],[16,18,24],[13,18,23],[20,21,41],
[19,20,40],[19,21,38],[20,33,41],[19,33,38],[21,36,38],[20,36,40],[19,31,40],[21,31,41],[13,22,41],[16,22,38],
[14,23,38],[14,24,41],[13,23,40],[16,24,40],[13,33,41],[16,33,38],[16,31,40],[14,36,38],[14,31,41],[13,36,40],
[12,14,31],[12,13,33],[11,14,36],[11,16,33],[10,13,36],[10,16,31],[12,20,21],[11,19,21],[10,19,20],[10,13,19],
[12,14,20],[12,13,21],[11,16,21],[10,16,20],[11,14,19],[13,21,45],[13,19,43],[16,20,43],[14,20,45],[14,19,44],
[16,21,44],[7,8,9],[5,6,8],[4,6,9],[8,29,32],[6,28,32],[9,28,35],[8,30,35],[9,29,34],[6,30,34],
[9,27,42],[9,26,39],[8,25,42],[6,25,39],[6,27,37],[8,26,37],[9,34,42],[9,35,39],[8,35,37],[6,34,37],
[6,32,39],[8,32,42],[9,26,27],[8,25,26],[6,25,27],[7,8,30],[7,9,28],[4,6,30],[4,9,29],[5,8,29],
[5,6,28],[13,16,43],[14,16,44],[13,14,45],[3,6,9],[2,8,9],[1,6,8],[2,9,14],[2,8,16],[1,6,14],
[3,9,13],[1,8,13],[3,6,16],[14,32,42],[13,34,37],[14,35,37],[13,32,39],[16,35,39],[16,34,42],[13,16,47],
[13,14,48],[14,16,46],[4,16,29],[7,14,30],[7,16,28],[5,14,29],[4,13,30],[5,13,28],[16,26,27],[13,25,27],
[14,25,26],[16,26,34],[16,27,35],[14,26,32],[14,25,35],[13,27,32],[13,25,34],[4,16,42],[7,14,37],[7,16,39],
[5,14,42],[5,13,39],[4,13,37],[2,14,30],[2,16,28],[1,14,29],[1,13,28],[3,16,29],[3,13,30],[6,14,48],
[6,16,47],[9,13,47],[8,13,48],[9,14,46],[8,16,46],[20,32,34],[21,32,35],[19,34,35],[3,19,42],[2,21,37],
[2,19,39],[1,21,42],[1,20,39],[3,20,37],[9,17,18],[6,15,18],[8,15,17],[6,22,41],[8,24,41],[8,23,38],
[9,22,38],[9,24,40],[6,23,40],[6,12,33],[8,12,31],[8,11,36],[9,11,33],[9,10,31],[6,10,36],[6,21,45],
[6,19,43],[8,20,45],[8,19,44],[9,21,44],[9,20,43],[6,33,45],[6,36,43],[8,31,45],[8,36,44],[9,31,43],
[9,33,44],[6,12,22],[8,12,24],[9,11,22],[8,11,23],[6,10,23],[9,10,24],[6,18,41],[6,15,40],[9,18,38],
[9,17,40],[8,15,38],[8,17,41],[21,26,32],[21,25,35],[20,25,34],[20,27,32],[19,27,35],[19,26,34],[9,21,46],
[8,19,46],[6,21,48],[6,19,47],[9,20,47],[8,20,48],[2,21,30],[2,19,28],[3,19,29],[1,21,29],[3,20,30],
[1,20,28],[4,19,42],[7,19,39],[5,21,42],[7,21,37],[4,20,37],[5,20,39],[29,40,41],[28,38,41],[30,38,40],
[22,29,45],[23,29,43],[24,28,45],[23,28,44],[22,30,44],[24,30,43],[18,29,41],[15,29,40],[17,28,41],[18,30,38],
[17,30,40],[15,28,38],[12,22,29],[10,23,29],[12,24,28],[11,22,30],[10,24,30],[11,23,28],[30,33,44],[28,36,44],
[29,33,45],[29,36,43],[28,31,45],[30,31,43],[7,21,25],[5,21,26],[5,20,27],[4,20,25],[4,19,26],[7,19,27],
[21,30,46],[19,28,46],[21,29,48],[19,29,47],[20,28,48],[20,30,47],[7,34,36],[4,35,36],[5,31,34],[4,31,32],
[5,33,35],[7,32,33],[4,5,24],[4,7,23],[5,7,22],[7,22,32],[5,22,35],[7,23,34],[4,24,32],[5,24,34],
[4,23,35],[7,27,36],[4,26,36],[5,26,33],[7,25,33],[4,25,31],[5,27,31],[30,33,46],[28,36,46],[29,33,48],
[29,36,47],[30,31,47],[28,31,48],[12,18,29],[10,15,29],[12,17,28],[11,15,28],[10,17,30],[11,18,30],[10,41,42],
[12,40,42],[12,38,39],[11,39,41],[10,37,38],[11,37,40],[11,12,27],[10,12,26],[10,11,25],[2,36,39],[2,33,37],
[3,36,42],[1,33,42],[3,31,37],[1,31,39],[11,27,41],[12,27,38],[10,26,41],[12,26,40],[11,25,40],[10,25,38],
[33,37,46],[36,39,46],[36,42,47],[33,42,48],[31,39,48],[31,37,47],[12,18,42],[10,15,42],[12,17,39],[10,17,37],
[11,18,37],[11,15,39],[2,27,36],[3,26,36],[1,26,33],[2,25,33],[1,27,31],[3,25,31],[2,23,34],[1,24,34],
[3,23,35],[3,24,32],[1,22,35],[2,22,32],[22,37,44],[22,42,45],[23,42,43],[24,39,45],[24,37,43],[23,39,44],
[23,39,46],[22,37,46],[23,42,47],[22,42,48],[24,37,47],[24,39,48],[18,42,45],[15,42,43],[17,39,45],[17,37,43],
[15,39,44],[18,37,44],[27,41,44],[26,40,45],[26,41,43],[25,38,43],[27,38,45],[25,40,44],[2,23,27],[2,22,25],
[3,23,26],[1,22,26],[3,24,25],[1,24,27],[23,27,46],[22,25,46],[23,26,47],[22,26,48],[24,27,48],[24,25,47],
[15,27,44],[18,25,44],[15,26,43],[18,26,45],[17,27,45],[17,25,43],[15,27,46],[17,27,48],[18,25,46],[15,26,47],
[17,25,47],[18,26,48],[4,5,17],[5,7,18],[4,7,15],[2,15,34],[1,17,34],[3,17,32],[2,18,32],[1,18,35],
[3,15,35],[1,4,17],[3,5,17],[3,7,15],[1,7,18],[2,4,15],[2,5,18],[15,34,46],[17,34,48],[18,32,46],
[18,35,48],[15,35,47],[17,32,47],[1,2,40],[2,3,41],[1,3,38],[11,12,34],[10,12,35],[10,11,32],[34,41,44],
[34,38,45],[32,40,44],[35,40,45],[35,41,43],[32,38,43],[12,34,44],[11,34,45],[10,35,45],[10,32,44],[11,32,43],
[12,35,43],[2,4,41],[2,5,40],[1,7,40],[1,4,38],[3,5,38],[3,7,41],[34,41,46],[34,38,48],[35,41,47],
[32,40,46],[32,38,47],[35,40,48],[4,44,45],[7,43,45],[5,43,44],[4,12,44],[4,11,45],[7,12,43],[7,10,45],
[5,11,43],[5,10,44],[4,41,46],[4,38,48],[7,41,47],[5,40,46],[7,40,48],[5,38,47],[4,12,46],[4,11,48],
[7,12,47],[5,11,47],[7,10,48],[5,10,46],[2,3,12],[1,3,11],[1,2,10],[3,12,46],[3,11,48],[1,10,46],
[2,10,48],[2,12,47],[1,11,47],[3,44,45],[1,43,44],[2,43,45],[3,45,46],[3,44,48],[1,44,47],[2,43,48],
[2,45,47],[1,43,46]];
###############################################################

#SurfaceInfo: 96 Vertices, 768 Edges, 512 Faces, IsOrientable=true
 #Vertices of faces:
vof3:=[[94,95,96],[93,94,95],[92,95,96],[91,94,96],[88,89,90],[85,86,87],[82,83,84],[80,81,86],[79,83,85],[77,78,82],
[76,77,80],[74,75,89],[72,73,88],[70,71,90],[68,69,85],[66,67,82],[64,65,80],[62,63,77],[60,61,86],[58,59,83],
[55,56,57],[52,53,54],[49,50,51],[46,47,48],[43,44,45],[40,41,42],[38,39,67],[37,39,65],[35,36,68],[34,36,66],
[37,38,69],[34,35,64],[44,47,60],[53,56,59],[50,56,62],[50,53,61],[41,47,58],[41,44,63],[31,32,33],[29,30,32],
[26,27,28],[23,24,25],[21,22,24],[19,20,27],[18,28,49],[17,20,43],[17,22,52],[16,25,46],[18,33,40],[16,30,55],
[29,31,32],[19,26,27],[21,23,24],[18,40,49],[16,46,55],[17,43,52],[34,35,36],[37,38,39],[41,44,47],[50,53,56],
[52,53,76],[46,47,78],[40,41,81],[55,56,87],[43,44,79],[49,50,84],[26,28,49],[19,20,43],[21,22,52],[23,25,46],
[29,30,55],[31,33,40],[34,66,82],[38,67,82],[35,64,80],[36,68,85],[39,65,80],[37,69,85],[47,58,83],[50,62,77],
[44,60,86],[41,63,77],[53,61,86],[56,59,83],[71,73,92],[70,75,91],[72,74,93],[39,67,71],[37,65,75],[34,64,74],
[35,68,73],[38,69,72],[36,66,70],[53,59,71],[56,62,75],[47,60,74],[44,63,70],[50,61,72],[41,58,73],[15,24,25],
[14,27,28],[13,22,24],[12,20,27],[11,32,33],[10,30,32],[17,22,51],[18,28,57],[17,20,48],[16,30,54],[18,33,45],
[16,25,42],[9,85,86],[8,82,83],[7,77,82],[6,77,80],[5,80,86],[4,83,85],[17,85,87],[18,76,80],[18,78,82],
[16,79,85],[16,82,84],[17,80,81],[3,74,75],[2,70,71],[1,72,73],[24,86,87],[32,83,84],[27,81,86],[24,79,83],
[27,76,77],[32,77,78],[33,73,88],[25,74,89],[30,75,89],[28,72,88],[22,71,90],[20,70,90],[2,88,89],[1,89,90],
[3,88,90],[49,51,75],[46,48,73],[43,45,74],[52,54,72],[55,57,71],[40,42,70],[2,14,89],[1,12,89],[3,11,90],
[2,15,88],[1,10,90],[3,13,88],[24,39,87],[32,37,84],[27,36,81],[24,34,79],[32,35,78],[27,38,76],[28,34,88],
[22,35,90],[30,36,89],[20,37,90],[25,38,89],[33,39,88],[18,57,82],[17,51,80],[16,54,85],[16,42,82],[17,48,85],
[18,45,80],[15,24,86],[14,27,86],[13,24,83],[12,27,77],[10,32,77],[11,32,83],[15,25,74],[10,30,75],[14,28,72],
[11,33,73],[12,20,70],[13,22,71],[30,54,72],[33,45,74],[25,42,70],[22,51,75],[28,57,71],[20,48,73],[3,56,75],
[2,53,71],[3,47,74],[1,41,73],[1,50,72],[2,44,70],[59,67,71],[62,65,75],[60,64,74],[58,68,73],[63,66,70],
[61,69,72],[39,71,92],[37,75,91],[35,73,92],[38,72,93],[36,70,91],[34,74,93],[8,34,82],[5,39,80],[7,38,82],
[6,35,80],[4,37,85],[9,36,85],[8,47,83],[7,50,77],[9,44,86],[6,41,77],[4,56,83],[5,53,86],[26,49,75],
[19,43,74],[21,52,72],[23,46,73],[31,40,70],[29,55,71],[17,56,87],[18,53,76],[16,44,79],[18,47,78],[17,41,81],
[16,50,84],[6,30,67],[5,25,68],[9,28,65],[8,22,69],[7,20,64],[4,33,66],[72,74,96],[70,75,95],[71,73,94],
[29,31,86],[19,26,83],[21,23,77],[46,55,80],[43,52,82],[40,49,85],[15,31,86],[14,29,86],[13,26,83],[12,23,77],
[11,19,83],[10,21,77],[8,22,47],[6,30,41],[4,33,56],[5,25,53],[7,20,50],[9,28,44],[30,59,67],[28,62,65],
[25,58,68],[20,60,64],[22,61,69],[33,63,66],[22,75,95],[30,72,96],[33,74,96],[25,70,95],[20,73,94],[28,71,94],
[51,55,80],[49,54,85],[52,57,82],[45,46,80],[42,43,82],[40,48,85],[3,5,13],[3,6,11],[2,7,14],[2,8,15],
[1,9,12],[1,4,10],[3,17,56],[2,18,53],[2,16,44],[3,18,47],[1,16,50],[1,17,41],[10,26,75],[15,19,74],
[14,21,72],[11,23,73],[13,29,71],[12,31,70],[24,34,93],[24,39,92],[32,37,91],[27,36,91],[32,35,92],[27,38,93],
[9,30,36],[8,28,34],[5,33,39],[7,25,38],[6,22,35],[4,20,37],[5,21,68],[8,23,69],[6,31,67],[7,26,64],
[4,29,66],[9,19,65],[17,66,67],[18,68,69],[16,64,65],[24,62,63],[32,60,61],[27,58,59],[15,50,51],[14,47,48],
[12,56,57],[13,41,42],[11,53,54],[10,44,45],[21,37,84],[23,36,81],[31,34,79],[29,38,76],[26,39,87],[19,35,78],
[34,55,88],[35,49,90],[36,52,89],[37,46,90],[39,43,88],[38,40,89],[13,60,88],[10,58,90],[14,63,89],[11,62,90],
[15,59,88],[12,61,89],[55,60,88],[49,58,90],[52,63,89],[46,62,90],[40,61,89],[43,59,88],[13,42,60],[14,48,63],
[15,51,59],[12,57,61],[11,54,62],[10,45,58],[21,68,84],[23,69,81],[19,65,78],[31,67,79],[26,64,87],[29,66,76],
[15,31,50],[14,29,47],[13,26,41],[12,23,56],[10,21,44],[11,19,53],[32,60,91],[27,58,93],[24,62,93],[24,63,92],
[27,59,91],[32,61,92],[12,31,34],[15,19,35],[11,23,36],[14,21,37],[13,29,38],[10,26,39],[3,17,66],[2,18,68],
[2,16,65],[3,18,69],[1,17,67],[1,16,64],[3,5,21],[3,6,31],[2,7,26],[2,8,23],[1,4,29],[1,9,19],
[34,51,55],[35,49,54],[36,52,57],[37,45,46],[38,40,48],[39,42,43],[4,20,60],[9,30,59],[6,22,61],[8,28,62],
[5,33,63],[7,25,58],[20,50,94],[22,47,95],[30,41,96],[33,56,96],[28,44,94],[25,53,95],[52,60,76],[49,63,84],
[46,59,78],[40,62,81],[43,61,79],[55,58,87],[5,13,78],[6,11,87],[8,15,76],[9,12,84],[4,10,81],[7,14,79],
[78,79,81],[76,84,87],[9,76,84],[8,76,87],[5,78,79],[6,84,87],[7,79,81],[4,78,81],[4,52,60],[7,55,58],
[5,49,63],[9,46,59],[8,40,62],[6,43,61],[12,68,84],[15,66,76],[11,64,87],[14,67,79],[10,69,81],[13,65,78],
[42,60,76],[48,63,84],[45,58,87],[51,59,78],[57,61,79],[54,62,81],[31,50,94],[29,47,95],[26,41,96],[23,56,96],
[19,53,95],[21,44,94],[3,31,69],[3,21,66],[2,26,68],[2,23,65],[1,29,64],[1,19,67],[12,34,51],[15,35,54],
[11,36,57],[14,37,45],[10,39,42],[13,38,48],[52,63,92],[55,60,91],[49,58,93],[46,62,93],[40,61,92],[43,59,91],
[31,69,94],[26,68,96],[21,66,94],[29,64,95],[23,65,96],[19,67,95],[10,42,69],[12,51,68],[15,54,66],[11,57,64],
[13,48,65],[14,45,67],[9,46,93],[4,52,92],[7,55,91],[5,49,93],[6,43,91],[8,40,92],[9,42,76],[4,51,78],
[7,54,81],[5,57,79],[6,48,84],[8,45,87],[9,42,93],[4,51,92],[7,54,91],[5,57,93],[8,45,92],[6,48,91],
[42,69,94],[51,68,96],[54,66,94],[57,64,95],[45,67,95],[48,65,96],[42,93,94],[51,92,96],[54,91,94],[57,93,95],
[48,91,96],[45,92,95]];
###############################################################

#SurfaceInfo: 96 Vertices, 768 Edges, 512 Faces, IsOrientable=true
 #Vertices of faces:
vof4:=[[94,95,96],[93,94,95],[92,94,96],[91,95,96],[88,89,90],[85,86,87],[82,83,84],[83,86,89],[80,81,86],[78,79,83],
[76,77,86],[74,75,83],[72,73,89],[70,71,89],[67,68,69],[64,65,66],[61,62,63],[58,59,60],[55,56,57],[52,53,54],
[51,81,90],[50,73,87],[49,77,82],[48,79,85],[47,75,88],[46,71,84],[56,74,85],[65,80,82],[62,70,87],[59,78,88],
[53,76,90],[68,72,84],[44,45,80],[43,44,74],[41,42,70],[39,40,78],[38,41,76],[37,39,72],[36,87,91],[35,82,93],
[34,90,91],[33,85,93],[32,84,92],[31,88,92],[41,70,76],[44,74,80],[39,72,78],[82,85,93],[87,90,91],[84,88,92],
[40,47,75],[43,48,79],[38,51,81],[42,50,73],[45,49,77],[37,46,71],[30,72,84],[29,78,88],[28,80,82],[27,74,85],
[26,76,90],[25,70,87],[61,62,87],[58,59,88],[67,68,84],[64,65,82],[52,53,90],[55,56,85],[36,50,87],[35,49,82],
[34,51,90],[33,48,85],[31,47,88],[32,46,84],[43,56,74],[38,53,76],[42,62,70],[40,59,78],[37,68,72],[45,65,80],
[30,31,60],[26,36,63],[29,32,69],[28,33,57],[27,35,66],[25,34,54],[24,56,62],[23,65,68],[22,53,59],[21,71,78],
[20,72,75],[19,73,76],[18,70,81],[17,74,77],[16,79,80],[22,77,79],[23,73,81],[24,71,75],[15,80,81],[14,78,79],
[15,76,77],[13,70,71],[13,72,73],[14,74,75],[34,80,86],[32,70,89],[33,78,83],[35,76,86],[31,74,83],[36,72,89],
[38,88,89],[40,89,90],[37,82,83],[45,83,84],[42,85,86],[43,86,87],[13,88,90],[14,82,84],[15,85,87],[13,83,86],
[14,86,89],[15,83,89],[64,81,86],[58,79,83],[61,71,89],[67,73,89],[52,77,86],[55,75,83],[36,58,60],[34,55,57],
[35,61,63],[33,67,69],[31,64,66],[32,52,54],[60,81,90],[57,73,87],[66,71,84],[63,79,85],[69,77,82],[54,75,88],
[58,61,64],[52,55,67],[34,43,86],[36,40,89],[32,38,89],[35,42,86],[31,45,83],[33,37,83],[13,64,86],[14,61,89],
[15,67,89],[15,58,83],[13,55,83],[14,52,86],[61,64,81],[55,67,75],[58,64,79],[52,55,77],[58,61,71],[52,67,73],
[14,69,82],[15,63,85],[13,60,90],[13,54,88],[15,57,87],[14,66,84],[35,61,76],[32,52,70],[33,67,78],[36,58,72],
[34,55,80],[31,64,74],[36,60,81],[34,57,73],[35,63,79],[33,69,77],[32,54,75],[31,66,71],[14,22,79],[15,22,77],
[13,23,73],[14,24,75],[13,24,71],[15,23,81],[14,21,78],[13,20,72],[15,19,76],[13,18,70],[15,16,80],[14,17,74],
[24,43,56],[22,40,59],[22,38,53],[24,42,62],[23,45,65],[23,37,68],[34,51,54],[33,48,57],[31,47,60],[32,46,69],
[36,50,63],[35,49,66],[40,52,90],[38,58,88],[42,55,85],[43,61,87],[45,67,84],[37,64,82],[20,40,75],[18,38,81],
[19,42,73],[16,43,79],[21,37,71],[17,45,77],[30,31,72],[29,32,78],[28,33,80],[27,35,74],[25,34,70],[26,36,76],
[12,47,51],[11,48,50],[10,46,49],[9,73,81],[8,77,79],[7,71,75],[6,70,81],[5,72,75],[4,71,78],[3,74,77],
[2,79,80],[1,73,76],[10,70,76],[11,72,78],[12,74,80],[5,31,72],[6,34,70],[4,32,78],[1,36,76],[2,33,80],
[3,35,74],[10,46,69],[11,50,63],[12,47,60],[12,51,54],[10,49,66],[11,48,57],[9,36,81],[9,34,73],[8,35,79],
[7,31,71],[7,32,75],[8,33,77],[10,61,76],[10,52,70],[11,67,78],[12,64,74],[12,55,80],[11,58,72],[6,61,81],
[1,52,73],[5,67,75],[4,58,71],[2,64,79],[3,55,77],[16,43,61],[20,40,52],[17,45,67],[18,38,58],[21,37,64],
[19,42,55],[24,34,43],[22,36,40],[22,32,38],[24,35,42],[23,33,37],[23,31,45],[14,21,69],[15,19,63],[13,20,60],
[13,18,54],[14,17,66],[15,16,57],[14,22,61],[14,24,52],[15,22,67],[15,23,58],[13,24,64],[13,23,55],[17,32,92],
[21,35,93],[16,36,91],[18,31,92],[20,34,91],[19,33,93],[20,56,91],[19,68,93],[17,53,92],[21,62,93],[16,59,91],
[18,65,92],[8,21,35],[8,19,33],[9,20,34],[9,16,36],[7,17,32],[7,18,31],[3,24,35],[2,23,33],[6,24,34],
[5,23,31],[4,22,32],[1,22,36],[6,16,61],[1,20,52],[5,17,67],[4,18,58],[3,19,55],[2,21,64],[10,22,61],
[10,24,52],[11,22,67],[11,23,58],[12,23,55],[12,24,64],[10,21,69],[11,19,63],[12,20,60],[12,18,54],[11,16,57],
[10,17,66],[17,40,47],[21,43,48],[20,42,50],[16,38,51],[18,37,46],[19,45,49],[28,43,82],[27,45,85],[25,38,87],
[26,42,90],[30,40,84],[29,37,88],[82,85,96],[87,90,94],[84,88,95],[2,4,6],[1,3,5],[45,85,96],[43,82,96],
[42,90,94],[38,87,94],[37,88,95],[40,84,95],[16,25,38],[20,26,42],[17,30,40],[21,28,43],[19,27,45],[18,29,37],
[4,6,16],[1,3,20],[1,5,17],[2,6,21],[3,5,19],[2,4,18],[17,47,53],[19,49,68],[21,48,62],[18,46,65],
[20,50,56],[16,51,59],[4,10,22],[3,10,24],[1,11,22],[2,11,23],[6,12,24],[5,12,23],[8,10,21],[7,10,17],
[8,11,19],[9,11,16],[7,12,18],[9,12,20],[3,53,54],[1,68,69],[6,65,66],[5,56,57],[4,62,63],[2,59,60],
[39,40,69],[44,45,57],[43,44,66],[41,42,54],[37,39,60],[38,41,63],[4,41,63],[3,41,54],[1,39,69],[2,39,60],
[6,44,66],[5,44,57],[45,57,96],[43,66,96],[38,63,94],[42,54,94],[40,69,95],[37,60,95],[4,48,62],[3,47,53],
[1,49,68],[6,46,65],[2,51,59],[5,50,56],[4,8,10],[3,7,10],[1,8,11],[2,9,11],[5,9,12],[6,7,12],
[4,16,25],[3,20,26],[1,17,30],[6,21,28],[2,18,29],[5,19,27],[30,60,65],[26,59,63],[28,57,68],[29,53,69],
[25,54,56],[27,62,66],[9,65,68],[8,53,59],[7,56,62],[8,29,53],[7,27,62],[7,25,56],[9,30,65],[8,26,59],
[9,28,68],[54,56,94],[57,68,96],[53,69,95],[62,66,96],[60,65,95],[59,63,94],[4,25,48],[3,26,47],[1,30,49],
[6,28,46],[5,27,50],[2,29,51],[4,8,41],[3,7,41],[1,8,39],[2,9,39],[6,7,44],[5,9,44],[44,47,51],
[39,48,50],[41,46,49],[47,56,91],[50,68,93],[49,53,92],[46,62,93],[51,65,92],[48,59,91],[25,28,29],[26,27,30],
[41,46,93],[41,49,92],[44,47,91],[39,50,93],[39,48,91],[44,51,92],[25,29,48],[26,27,47],[27,30,50],[26,30,49],
[28,29,51],[25,28,46],[48,59,94],[47,56,94],[50,68,96],[49,53,95],[51,65,95],[46,62,96],[8,29,41],[7,27,41],
[9,30,44],[8,26,39],[9,28,39],[7,25,44],[29,48,94],[27,47,94],[30,50,96],[26,49,95],[25,46,96],[28,51,95],
[29,41,93],[27,41,92],[30,44,91],[26,39,93],[25,44,92],[28,39,91],[29,93,94],[27,92,94],[30,91,96],[26,93,95],
[28,91,95],[25,92,96]];
###############################################################

#SurfaceInfo: 192 Vertices, 768 Edges, 512 Faces, IsOrientable=true
 #Vertices of faces:
vof5:=[[190,191,192],[189,190,191],[188,190,192],[187,191,192],[184,185,186],[182,183,185],[181,182,184],[182,184,185],[178,179,180],[175,176,177],
[172,173,174],[169,170,171],[166,167,168],[163,164,165],[162,175,176],[161,178,179],[160,172,173],[158,159,162],[156,157,161],[154,155,160],
[153,163,164],[152,169,170],[151,166,167],[150,153,163],[149,151,166],[148,151,167],[147,152,169],[146,153,164],[145,152,170],[144,162,175],
[143,160,172],[142,161,178],[141,162,176],[140,160,173],[139,161,179],[138,158,162],[137,156,161],[136,154,160],[135,159,162],[134,155,160],
[133,157,161],[132,150,153],[131,147,152],[130,148,151],[129,145,152],[128,146,153],[127,149,151],[138,144,162],[136,143,160],[135,141,162],
[137,142,161],[133,139,161],[134,140,160],[126,178,180],[125,175,177],[124,176,177],[123,179,180],[122,172,174],[121,173,174],[119,120,152],
[117,118,153],[115,116,151],[113,114,184],[111,112,185],[109,110,182],[107,108,163],[105,106,169],[103,104,167],[101,102,164],[99,100,166],
[97,98,170],[96,170,171],[95,164,165],[94,166,168],[93,169,171],[92,163,165],[91,167,168],[90,184,186],[89,185,186],[88,183,185],
[87,181,182],[86,181,184],[85,182,183],[84,150,163],[83,146,164],[82,147,169],[81,145,170],[80,148,167],[79,149,166],[78,84,150],
[77,82,147],[76,79,149],[75,83,146],[74,80,148],[73,81,145],[72,86,181],[71,87,181],[70,89,186],[69,90,186],[68,85,183],
[67,88,183],[66,92,165],[65,91,168],[64,96,171],[63,95,165],[62,93,171],[61,94,168],[60,126,178],[59,125,175],[58,123,179],
[57,121,173],[56,122,172],[55,124,176],[64,126,180],[66,121,174],[63,124,177],[65,123,180],[62,125,177],[61,122,174],[84,107,163],
[82,105,169],[80,103,167],[83,101,164],[81,97,170],[79,99,166],[86,113,184],[90,114,184],[89,111,185],[88,112,185],[85,109,182],
[87,110,182],[92,108,163],[95,102,164],[93,106,169],[91,104,167],[96,98,170],[94,100,166],[117,132,153],[119,131,152],[115,130,151],
[120,129,152],[116,127,151],[118,128,153],[68,136,143],[67,138,144],[70,135,141],[72,137,142],[69,133,139],[71,134,140],[53,54,171],
[51,52,168],[49,50,165],[48,75,105],[47,77,101],[46,76,107],[45,78,99],[44,73,103],[43,74,97],[113,114,180],[109,110,174],
[111,112,177],[107,108,143],[105,106,141],[103,104,142],[101,102,144],[97,98,139],[99,100,140],[158,159,181],[154,155,186],[156,157,183],
[122,124,126],[121,123,125],[94,95,96],[91,92,93],[84,86,129],[83,90,130],[81,87,132],[80,89,128],[79,88,131],[82,85,127],
[77,101,144],[76,107,143],[73,103,142],[75,105,141],[78,99,140],[74,97,139],[60,122,126],[59,121,125],[57,121,123],[58,123,125],
[55,124,126],[56,122,124],[64,114,180],[63,112,177],[62,111,177],[61,110,174],[65,113,180],[66,109,174],[72,104,142],[71,100,140],
[70,106,141],[69,98,139],[67,102,144],[68,108,143],[85,116,127],[89,118,128],[86,120,129],[87,117,132],[88,119,131],[90,115,130],
[91,92,104],[91,93,106],[94,95,102],[92,93,108],[94,96,100],[95,96,98],[84,86,113],[81,87,110],[83,90,114],[80,89,111],
[82,85,109],[79,88,112],[84,107,129],[83,101,130],[81,97,132],[82,105,127],[80,103,128],[79,99,131],[53,64,171],[49,63,165],
[54,62,171],[51,61,168],[50,66,165],[52,65,168],[72,158,181],[71,159,181],[70,155,186],[68,157,183],[67,156,183],[69,154,186],
[47,77,147],[46,76,149],[45,78,150],[48,75,146],[44,73,145],[43,74,148],[42,46,107],[41,44,103],[40,48,105],[39,47,101],
[38,43,97],[37,45,99],[36,144,175],[35,143,172],[34,142,178],[33,141,176],[32,139,179],[31,140,173],[44,59,175],[43,56,172],
[45,55,176],[46,58,179],[48,57,173],[47,60,178],[30,66,121],[29,65,123],[28,64,126],[27,63,124],[26,61,122],[25,62,125],
[41,68,136],[38,67,138],[42,70,135],[40,72,137],[39,71,134],[37,69,133],[24,66,92],[23,65,91],[22,64,96],[21,63,95],
[20,61,94],[19,62,93],[28,68,85],[26,70,89],[25,71,87],[27,72,86],[29,67,88],[30,69,90],[18,78,84],[17,77,82],
[16,75,83],[15,76,79],[14,73,81],[13,74,80],[13,17,18],[14,15,16],[17,18,77],[15,16,76],[14,15,73],[13,18,78],
[13,17,74],[14,16,75],[30,37,69],[29,38,67],[28,41,68],[26,42,70],[27,40,72],[25,39,71],[24,30,66],[23,29,65],
[22,28,64],[21,27,63],[19,25,62],[20,26,61],[36,44,175],[35,43,172],[32,46,179],[31,48,173],[34,47,178],[33,45,176],
[41,44,136],[38,43,138],[42,46,135],[40,48,137],[39,47,134],[37,45,133],[28,55,126],[26,60,122],[27,56,124],[25,58,125],
[30,59,121],[29,57,123],[45,55,150],[47,60,147],[43,56,148],[46,58,149],[44,59,145],[48,57,146],[42,107,129],[37,99,131],
[39,101,130],[38,97,132],[41,103,128],[40,105,127],[16,83,114],[15,79,112],[18,84,113],[13,80,111],[17,82,109],[14,81,110],
[24,92,104],[22,96,100],[23,91,106],[21,95,98],[19,93,108],[20,94,102],[28,85,116],[26,89,118],[27,86,120],[25,87,117],
[30,90,115],[29,88,119],[36,77,144],[35,76,143],[34,73,142],[31,78,140],[32,74,139],[33,75,141],[72,104,158],[71,100,159],
[70,106,155],[69,98,154],[67,102,156],[68,108,157],[53,64,114],[49,63,112],[54,62,111],[51,61,110],[50,66,109],[52,65,113],
[12,129,145],[11,132,150],[10,131,147],[9,130,148],[8,127,149],[7,128,146],[12,42,129],[10,37,131],[11,38,132],[9,39,130],
[8,40,127],[7,41,128],[11,55,150],[10,60,147],[9,56,148],[8,58,149],[7,57,146],[12,59,145],[28,55,116],[26,60,118],
[27,56,120],[25,58,117],[29,57,119],[30,59,115],[24,104,158],[22,100,159],[23,106,155],[21,98,154],[19,108,157],[20,102,156],
[18,52,113],[16,53,114],[15,49,112],[13,54,111],[14,51,110],[17,50,109],[36,44,136],[35,43,138],[32,46,135],[31,48,137],
[33,45,133],[34,47,134],[20,26,42],[24,30,37],[23,29,38],[22,28,41],[19,25,39],[21,27,40],[18,36,77],[16,35,76],
[15,34,73],[13,31,78],[14,33,75],[17,32,74],[6,135,159],[5,133,157],[4,138,158],[3,137,156],[2,134,155],[1,136,154],
[1,36,136],[4,35,138],[6,32,135],[3,31,137],[2,34,134],[5,33,133],[3,20,156],[4,24,158],[6,22,159],[2,23,155],
[1,21,154],[5,19,157],[18,36,52],[16,35,53],[15,34,49],[13,31,54],[17,32,50],[14,33,51],[11,55,116],[10,60,118],
[9,56,120],[8,58,117],[12,59,115],[7,57,119],[12,20,42],[10,24,37],[7,22,41],[11,23,38],[8,21,40],[9,19,39],
[115,116,189],[117,118,188],[119,120,187],[12,115,189],[10,118,188],[7,119,187],[11,116,189],[9,120,187],[8,117,188],[3,12,20],
[4,10,24],[6,7,22],[2,11,23],[5,9,19],[1,8,21],[3,31,54],[4,35,53],[6,32,50],[2,34,49],[5,33,51],
[1,36,52],[53,54,190],[49,50,191],[51,52,192],[3,54,190],[4,53,190],[6,50,191],[1,52,192],[5,51,192],[2,49,191],
[3,12,189],[4,10,188],[6,7,187],[2,11,189],[1,8,188],[5,9,187],[3,189,190],[4,188,190],[6,187,191],[2,189,191],
[5,187,192],[1,188,192]];
###############################################################

#SurfaceInfo: 128 Vertices, 768 Edges, 512 Faces, IsOrientable=true
 #Vertices of faces:
vof6:=[[126,127,128],[125,126,127],[124,127,128],[123,126,128],[120,121,122],[117,118,119],[114,115,116],[112,113,121],[110,111,115],[108,109,121],
[106,107,118],[104,105,115],[102,103,118],[99,100,101],[115,118,121],[112,120,121],[106,117,118],[104,114,115],[108,121,122],[110,115,116],
[102,118,119],[96,97,98],[93,94,95],[90,91,92],[89,117,119],[88,114,116],[87,120,122],[84,85,86],[83,84,85],[82,85,86],
[81,84,86],[80,82,85],[79,83,84],[78,82,86],[77,81,84],[76,81,86],[75,83,85],[86,92,97],[84,94,98],[85,91,95],
[100,117,122],[99,116,120],[101,114,119],[72,73,74],[69,70,71],[66,67,68],[63,64,65],[60,61,62],[57,58,59],[89,92,97],
[88,91,95],[87,94,98],[96,117,122],[90,114,119],[93,116,120],[84,98,108],[85,95,110],[84,94,112],[86,97,106],[85,91,104],
[86,92,102],[56,100,122],[55,100,117],[54,99,120],[53,99,116],[52,101,114],[51,101,119],[74,80,85],[71,79,84],[65,78,86],
[68,77,84],[62,75,85],[59,76,86],[48,49,50],[45,46,47],[42,43,44],[39,40,41],[38,49,96],[37,48,93],[36,50,90],
[35,46,90],[34,45,96],[33,47,93],[43,80,87],[40,75,89],[39,78,87],[42,76,88],[41,77,88],[44,79,89],[35,68,73],
[33,65,70],[37,59,61],[38,67,74],[36,64,71],[34,58,62],[42,55,63],[43,52,60],[44,54,66],[40,53,72],[39,51,57],
[41,56,69],[32,58,62],[31,59,61],[30,64,71],[29,68,73],[28,65,70],[27,67,74],[26,42,55],[25,43,52],[24,44,54],
[23,40,53],[22,41,56],[21,39,51],[48,49,93],[49,50,96],[45,46,90],[46,47,93],[45,47,96],[48,50,90],[39,40,89],
[42,43,88],[39,41,87],[42,44,89],[40,41,88],[43,44,87],[38,49,74],[36,50,71],[35,46,68],[37,48,59],[34,45,62],
[33,47,65],[43,60,80],[44,66,79],[39,57,78],[42,63,76],[40,72,75],[41,69,77],[31,98,108],[30,95,110],[32,94,112],
[29,97,106],[27,92,102],[28,91,104],[55,113,117],[52,107,114],[56,103,122],[51,111,119],[54,105,120],[53,109,116],[80,87,94],
[79,89,97],[75,89,92],[78,87,98],[76,88,91],[77,88,95],[34,96,117],[37,93,116],[35,90,114],[33,93,120],[36,90,119],
[38,96,122],[55,63,100],[56,69,100],[52,60,101],[54,66,99],[51,57,101],[53,72,99],[35,72,73],[34,57,58],[33,69,70],
[37,60,61],[38,66,67],[36,63,64],[74,85,110],[71,84,108],[65,86,106],[59,86,102],[62,85,104],[68,84,112],[73,74,80],
[70,71,79],[64,65,78],[58,59,76],[67,68,77],[61,62,75],[20,93,94],[19,96,97],[18,90,91],[17,90,92],[16,93,95],
[15,96,98],[14,89,117],[13,88,116],[12,88,114],[11,87,120],[10,89,119],[9,87,122],[60,106,117],[66,104,114],[72,108,122],
[69,102,119],[57,110,116],[63,112,120],[24,60,62],[26,66,68],[22,57,59],[21,72,74],[25,63,65],[23,69,71],[22,57,110],
[24,60,106],[21,72,108],[26,66,104],[23,69,102],[25,63,112],[20,49,93],[16,46,93],[19,50,96],[18,48,90],[15,47,96],
[17,45,90],[12,40,88],[14,39,89],[13,43,88],[11,41,87],[9,44,87],[10,42,89],[20,80,94],[16,77,95],[15,78,98],
[19,79,97],[18,76,91],[17,75,92],[14,34,117],[13,37,116],[12,35,114],[11,33,120],[9,38,122],[10,36,119],[60,113,117],
[66,107,114],[72,103,122],[69,111,119],[63,105,120],[57,109,116],[22,56,59],[23,53,71],[24,54,62],[26,55,68],[21,51,74],
[25,52,65],[35,72,99],[36,63,100],[33,69,100],[37,60,101],[38,66,99],[34,57,101],[49,74,110],[47,65,106],[50,71,108],
[48,59,102],[46,68,112],[45,62,104],[60,73,80],[66,70,79],[61,72,75],[67,69,77],[58,63,76],[57,64,78],[31,59,98],
[30,71,95],[32,62,94],[29,68,97],[27,74,92],[28,65,91],[99,100,125],[100,101,123],[99,101,124],[81,118,121],[82,115,118],
[83,115,121],[48,112,113],[45,108,109],[49,106,107],[47,110,111],[46,102,103],[50,104,105],[13,113,121],[12,103,118],[11,111,115],
[14,109,121],[10,105,115],[9,107,118],[8,79,83],[7,77,81],[6,75,83],[5,80,82],[4,78,82],[3,76,81],[3,31,108],
[7,29,106],[8,30,110],[6,32,112],[4,28,104],[5,27,102],[4,55,113],[8,56,103],[3,51,111],[7,54,105],[5,53,109],
[6,52,107],[12,32,58],[11,29,73],[14,28,70],[10,31,61],[13,27,67],[9,30,64],[5,26,42],[8,25,43],[3,24,44],
[4,23,40],[7,21,39],[6,22,41],[2,34,80],[1,36,77],[1,37,78],[2,35,79],[2,33,76],[1,38,75],[4,40,55],
[7,39,54],[5,42,53],[8,43,56],[6,41,52],[3,44,51],[8,30,103],[3,31,111],[5,27,109],[6,32,107],[7,29,105],
[4,28,113],[5,34,80],[8,35,79],[7,36,77],[4,37,78],[6,38,75],[3,33,76],[3,24,81],[4,23,82],[6,22,83],
[7,21,81],[5,26,82],[8,25,83],[13,67,113],[12,58,103],[11,73,111],[14,70,109],[9,64,107],[10,61,105],[3,45,108],
[7,49,106],[8,47,110],[6,48,112],[4,50,104],[5,46,102],[13,81,121],[11,82,115],[14,83,121],[12,81,118],[9,82,118],
[10,83,115],[20,49,107],[16,46,103],[19,50,105],[17,45,109],[18,48,113],[15,47,111],[35,99,125],[36,100,125],[33,100,123],
[37,101,123],[34,101,124],[38,99,124],[2,14,34],[1,10,36],[1,13,37],[2,12,35],[1,9,38],[2,11,33],[2,20,80],
[1,16,77],[1,15,78],[2,19,79],[1,17,75],[2,18,76],[12,32,40],[14,28,39],[13,27,43],[11,29,41],[10,31,42],
[9,30,44],[55,68,97],[56,59,98],[53,71,95],[54,62,94],[52,65,91],[51,74,92],[60,73,113],[66,70,107],[61,72,103],
[67,69,111],[57,64,109],[58,63,105],[26,45,104],[22,49,110],[24,47,106],[21,50,108],[23,48,102],[25,46,112],[97,98,126],
[94,95,127],[91,92,128],[55,97,126],[56,98,126],[54,94,127],[53,95,127],[51,92,128],[52,91,128],[32,40,55],[28,39,54],
[27,43,56],[29,41,52],[30,44,51],[31,42,53],[1,13,17],[2,11,19],[2,14,18],[2,12,20],[1,9,16],[1,10,15],
[19,58,105],[18,73,113],[20,70,107],[16,61,103],[15,67,111],[17,64,109],[3,26,45],[5,25,46],[7,22,49],[8,24,47],
[6,23,48],[4,21,50],[13,24,81],[11,23,82],[14,22,83],[12,21,81],[10,25,83],[9,26,82],[5,34,124],[8,35,125],
[7,36,125],[3,33,123],[6,38,124],[4,37,123],[30,58,103],[31,73,111],[27,70,109],[29,61,105],[28,67,113],[32,64,107],
[8,24,125],[6,23,124],[7,22,125],[4,21,123],[3,26,123],[5,25,124],[17,32,64],[19,30,58],[18,31,73],[20,27,70],
[16,29,61],[15,28,67],[13,17,24],[11,19,23],[14,18,22],[12,20,21],[9,16,26],[10,15,25],[32,55,126],[30,51,128],
[31,53,127],[27,56,126],[29,52,128],[28,54,127],[17,24,125],[19,23,124],[18,22,125],[20,21,123],[15,25,124],[16,26,123],
[17,32,126],[19,30,128],[18,31,127],[20,27,126],[15,28,127],[16,29,128],[17,125,126],[19,124,128],[18,125,127],[20,123,126],
[16,123,128],[15,124,127]];
###############################################################

#SurfaceInfo: 190 Vertices, 855 Edges, 570 Faces, IsOrientable=false
 #Vertices of faces:
vof7:=[[188,189,190],[187,188,189],[186,188,190],[185,189,190],[182,183,184],[180,181,183],[178,179,183],[177,178,183],[176,179,183],[176,182,183],
[175,183,184],[175,180,183],[177,181,183],[172,173,174],[169,170,171],[166,167,168],[163,164,165],[160,161,162],[157,158,159],[154,155,156],
[151,152,153],[152,169,170],[161,172,173],[164,170,171],[167,172,174],[158,169,171],[155,173,174],[150,152,169],[149,161,172],[148,164,170],
[147,167,174],[146,155,173],[145,158,171],[166,167,172],[160,161,173],[154,155,174],[151,152,170],[157,158,169],[163,164,171],[144,150,169],
[143,147,174],[142,149,172],[141,148,170],[140,145,171],[139,146,173],[138,154,174],[137,151,170],[136,166,172],[135,160,173],[134,163,171],
[133,157,169],[130,131,132],[127,128,129],[124,125,126],[121,122,123],[118,119,120],[115,116,117],[112,113,114],[109,110,111],[106,107,108],
[110,176,179],[107,175,180],[119,176,182],[113,177,181],[122,175,184],[116,177,178],[113,133,169],[116,138,174],[110,137,170],[107,136,172],
[119,135,173],[122,134,171],[112,113,133],[115,116,138],[106,107,136],[109,110,137],[118,119,135],[121,122,134],[113,114,181],[107,108,180],
[122,123,184],[116,117,178],[119,120,182],[110,111,179],[113,144,169],[116,143,174],[110,141,170],[107,142,172],[122,140,171],[119,139,173],
[105,137,151],[104,135,160],[103,133,157],[102,136,166],[101,134,163],[100,138,154],[110,132,176],[107,128,175],[119,125,176],[122,126,175],
[116,131,177],[113,129,177],[116,130,131],[110,130,132],[107,127,128],[119,124,125],[113,127,129],[122,124,126],[98,99,175],[96,97,176],
[94,95,177],[93,102,181],[92,104,184],[91,101,182],[90,105,178],[89,103,180],[88,100,179],[87,133,136],[86,137,138],[85,137,138],
[84,133,136],[83,134,135],[82,134,135],[81,105,137],[80,102,136],[79,103,133],[78,100,138],[77,101,134],[76,104,135],[74,75,87],
[73,74,86],[71,72,84],[70,71,82],[68,69,85],[67,68,83],[80,93,102],[81,90,105],[79,89,103],[76,92,104],[78,88,100],
[77,91,101],[81,86,137],[78,85,138],[79,84,133],[76,82,135],[80,87,136],[77,83,134],[87,112,133],[86,115,138],[85,109,137],
[84,106,136],[82,121,134],[83,118,135],[96,132,176],[98,128,175],[97,125,176],[99,126,175],[94,129,177],[95,131,177],[93,114,181],
[90,117,178],[89,108,180],[92,123,184],[88,111,179],[91,120,182],[122,124,140],[116,130,143],[110,130,141],[107,127,142],[119,124,139],
[113,127,144],[66,75,90],[65,73,93],[64,72,92],[63,69,91],[62,67,88],[61,70,89],[74,87,101],[74,86,104],[68,85,103],
[68,83,102],[71,82,105],[71,84,100],[74,75,124],[73,74,124],[71,72,130],[70,71,130],[67,68,127],[68,69,127],[66,75,87],
[65,73,86],[64,72,84],[63,69,85],[61,70,82],[62,67,83],[86,104,160],[85,103,157],[83,102,166],[82,105,151],[84,100,154],
[87,101,163],[59,60,68],[57,58,74],[55,56,71],[54,128,132],[53,128,132],[52,125,129],[51,125,129],[50,126,131],[49,126,131],
[48,128,129],[47,131,132],[46,125,126],[45,166,168],[44,157,159],[43,163,165],[42,154,156],[41,151,153],[40,160,162],[90,144,150],
[92,142,149],[91,141,148],[89,140,145],[88,139,146],[93,143,147],[65,93,153],[66,90,168],[64,92,159],[63,91,156],[61,89,162],
[62,88,165],[48,54,128],[47,53,132],[48,52,129],[47,50,131],[46,49,126],[46,51,125],[59,68,102],[57,74,104],[58,74,101],
[60,68,103],[55,71,100],[56,71,105],[75,90,150],[72,92,149],[69,91,148],[70,89,145],[73,93,147],[67,88,146],[88,111,165],
[93,114,153],[90,117,168],[92,123,159],[91,120,156],[89,108,162],[54,96,132],[53,98,128],[52,97,125],[50,99,126],[49,95,131],
[51,94,129],[80,93,143],[76,92,142],[78,88,139],[81,90,144],[77,91,141],[79,89,140],[66,87,112],[65,86,115],[63,85,109],
[64,84,106],[62,83,118],[61,82,121],[75,124,140],[72,130,143],[70,130,141],[67,127,142],[69,127,144],[73,124,139],[81,86,160],
[78,85,157],[80,87,163],[77,83,166],[79,84,154],[76,82,151],[49,66,168],[50,64,159],[52,63,156],[54,62,165],[51,65,153],
[53,61,162],[40,44,157],[40,44,160],[42,43,163],[42,43,154],[41,45,166],[41,45,151],[45,49,168],[44,50,159],[42,52,156],
[43,54,165],[40,53,162],[41,51,153],[39,102,181],[38,104,184],[37,101,182],[36,105,178],[35,100,179],[34,103,180],[33,182,184],
[32,178,179],[31,180,181],[30,167,168],[29,164,165],[28,161,162],[27,158,159],[26,152,153],[25,155,156],[54,150,152],[52,149,161],
[53,147,167],[50,148,164],[49,146,155],[51,145,158],[31,39,181],[33,38,184],[33,37,182],[32,36,178],[31,34,180],[32,35,179],
[39,59,102],[38,57,104],[37,58,101],[34,60,103],[36,56,105],[35,55,100],[44,50,148],[42,52,149],[43,54,150],[45,49,146],
[41,51,145],[40,53,147],[47,53,167],[46,51,158],[48,54,152],[48,52,161],[46,49,155],[47,50,164],[44,81,160],[43,79,154],
[40,78,157],[42,80,163],[45,76,151],[41,77,166],[54,62,96],[53,61,98],[51,65,94],[52,63,97],[49,66,95],[50,64,99],
[30,37,168],[29,39,165],[26,38,153],[28,36,162],[25,34,156],[27,35,159],[26,30,167],[26,30,152],[25,29,164],[25,29,155],
[27,28,158],[27,28,161],[24,72,143],[23,67,142],[22,70,141],[21,75,140],[20,73,139],[19,69,144],[18,61,121],[17,62,118],
[16,63,109],[15,65,115],[14,64,106],[13,66,112],[18,80,143],[17,81,144],[16,76,142],[15,79,140],[14,77,141],[13,78,139],
[39,111,165],[38,114,153],[37,117,168],[36,108,162],[35,123,159],[34,120,156],[12,69,148],[12,72,149],[11,75,150],[11,67,146],
[10,70,145],[10,73,147],[9,12,148],[9,12,149],[8,11,150],[8,11,146],[7,10,145],[7,10,147],[18,24,143],[16,23,142],
[14,22,141],[13,20,139],[15,21,140],[17,19,144],[17,18,62],[17,18,61],[15,16,65],[15,16,63],[13,14,66],[13,14,64],
[39,121,123],[36,118,120],[34,115,117],[35,112,114],[37,106,108],[38,109,111],[29,39,123],[28,36,120],[25,34,117],[27,35,114],
[26,38,111],[30,37,108],[31,39,121],[33,38,109],[33,37,106],[32,36,118],[32,35,112],[31,34,115],[11,21,75],[11,23,67],
[12,19,69],[12,24,72],[10,20,73],[10,22,70],[18,24,121],[16,23,109],[14,22,106],[13,20,112],[17,19,118],[15,21,115],
[18,62,96],[17,61,98],[16,65,94],[15,63,97],[13,64,99],[14,66,95],[26,47,167],[30,48,152],[27,48,161],[29,46,155],
[25,47,164],[28,46,158],[9,44,148],[9,42,149],[8,43,150],[8,45,146],[7,40,147],[7,41,145],[39,59,111],[38,57,114],
[37,58,117],[34,60,120],[35,55,123],[36,56,108],[6,18,80],[5,17,81],[4,16,76],[3,15,79],[2,13,78],[1,14,77],
[6,42,80],[5,44,81],[4,45,76],[3,43,79],[1,41,77],[2,40,78],[11,98,99],[12,94,95],[10,96,97],[11,21,98],
[11,23,99],[12,19,95],[10,22,97],[10,20,96],[12,24,94],[5,9,44],[6,9,42],[3,8,43],[4,8,45],[1,7,41],
[2,7,40],[6,18,96],[5,17,98],[4,16,94],[3,15,97],[1,14,95],[2,13,99],[23,33,109],[22,33,106],[20,32,112],
[19,32,118],[21,31,115],[24,31,121],[26,59,111],[30,56,108],[27,57,114],[28,60,120],[25,58,117],[29,55,123],[26,47,187],
[25,47,187],[30,48,186],[27,48,186],[28,46,185],[29,46,185],[7,59,60],[8,55,56],[9,57,58],[2,7,59],[3,8,56],
[6,9,57],[1,7,60],[4,8,55],[5,9,58],[26,59,187],[30,56,186],[27,57,186],[28,60,185],[29,55,185],[25,58,187],
[2,23,99],[3,22,97],[6,20,96],[1,19,95],[4,24,94],[5,21,98],[23,33,188],[22,33,188],[20,32,190],[19,32,190],
[24,31,189],[21,31,189],[2,23,188],[3,22,188],[6,20,190],[1,19,190],[5,21,189],[4,24,189],[2,59,187],[3,56,186],
[6,57,186],[1,60,185],[5,58,187],[4,55,185],[2,187,188],[3,186,188],[6,186,190],[1,185,190],[4,185,189],[5,187,189]];
###############################################################

#SurfaceInfo: 171 Vertices, 855 Edges, 570 Faces, IsOrientable=false
 #Vertices of faces:
vof8:=[[169,170,171],[168,169,170],[167,170,171],[166,169,171],[163,164,165],[160,161,162],[157,158,159],[157,158,162],[158,159,164],[159,163,164],
[161,163,165],[160,161,165],[157,160,162],[154,155,156],[151,152,153],[149,150,156],[147,148,152],[145,146,155],[144,146,153],[143,148,154],
[142,150,151],[141,151,152],[140,154,155],[139,152,153],[138,155,156],[137,151,153],[136,154,156],[135,141,152],[134,140,154],[133,139,153],
[132,138,155],[131,136,156],[130,137,151],[138,149,156],[140,145,155],[136,143,154],[141,142,151],[137,144,153],[139,147,152],[129,135,141],
[128,132,138],[127,134,140],[126,133,139],[125,130,137],[124,131,136],[123,136,143],[122,141,142],[121,138,149],[120,140,145],[119,139,147],
[118,137,144],[132,133,158],[134,135,160],[130,131,163],[117,147,161],[116,145,159],[115,143,162],[114,144,157],[113,142,164],[112,149,165],
[111,158,164],[110,160,165],[109,159,163],[108,157,160],[107,161,163],[106,158,162],[118,129,144],[123,128,143],[122,126,142],[121,127,149],
[120,124,145],[119,125,147],[114,129,144],[115,128,143],[112,127,149],[113,126,142],[116,124,145],[117,125,147],[108,114,157],[110,112,165],
[107,117,161],[106,115,162],[109,116,159],[111,113,164],[118,129,135],[123,128,132],[122,126,133],[121,127,134],[119,125,130],[120,124,131],
[105,122,141],[105,120,140],[104,118,137],[103,121,138],[103,119,139],[104,123,136],[102,111,158],[101,110,160],[100,109,163],[99,107,163],
[98,106,158],[97,108,160],[98,132,158],[102,133,158],[101,134,160],[100,131,163],[97,135,160],[99,130,163],[96,99,101],[95,100,102],
[94,97,98],[92,93,114],[90,91,117],[88,89,116],[86,87,115],[84,85,112],[82,83,113],[80,81,114],[78,79,115],[78,79,113],
[80,81,112],[76,77,116],[76,77,117],[105,115,141],[103,114,138],[104,112,137],[104,113,136],[103,116,139],[105,117,140],[74,75,119],
[72,73,120],[70,71,123],[68,69,122],[66,67,118],[64,65,121],[92,114,138],[86,115,141],[84,112,137],[90,117,140],[82,113,136],
[88,116,139],[78,105,115],[78,104,113],[80,104,112],[76,105,117],[80,103,114],[76,103,116],[81,114,129],[79,115,128],[79,113,126],
[81,112,127],[77,117,125],[77,116,124],[95,102,111],[96,101,110],[95,100,109],[96,99,107],[94,97,108],[94,98,106],[93,108,114],
[87,106,115],[85,110,112],[91,107,117],[83,111,113],[89,109,116],[99,119,130],[98,123,132],[102,122,133],[101,121,134],[100,120,131],
[97,118,135],[63,74,129],[62,72,128],[61,70,127],[60,66,126],[59,64,124],[58,68,125],[57,74,119],[56,72,120],[55,66,118],
[54,64,121],[53,68,122],[52,70,123],[73,75,119],[73,75,120],[69,71,123],[69,71,122],[65,67,121],[65,67,118],[74,75,129],
[72,73,128],[70,71,127],[66,67,126],[68,69,125],[64,65,124],[56,105,120],[55,104,118],[54,103,121],[53,105,122],[52,104,123],
[57,103,119],[51,54,55],[50,56,57],[49,52,53],[47,48,95],[47,48,96],[45,46,95],[45,46,94],[43,44,96],[43,44,94],
[95,134,135],[96,132,133],[94,130,131],[42,150,156],[41,146,153],[40,148,152],[39,148,154],[38,150,151],[37,146,155],[36,129,141],
[35,127,140],[34,126,139],[33,125,137],[32,124,136],[31,128,138],[62,72,108],[63,74,106],[61,70,107],[60,66,109],[58,68,110],
[59,64,111],[47,95,135],[47,96,132],[45,95,134],[43,96,133],[43,94,131],[45,94,130],[51,54,64],[50,56,72],[50,57,74],
[51,55,66],[49,52,70],[49,53,68],[36,63,129],[35,61,127],[34,60,126],[33,58,125],[31,62,128],[32,59,124],[64,83,111],
[72,93,108],[74,87,106],[70,91,107],[66,89,109],[68,85,110],[48,95,111],[48,96,110],[46,95,109],[44,96,107],[44,94,106],
[46,94,108],[31,92,138],[35,90,140],[32,82,136],[36,86,141],[34,88,139],[33,84,137],[75,81,129],[73,79,128],[67,79,126],
[71,81,127],[65,77,124],[69,77,125],[73,99,119],[69,98,123],[71,102,122],[67,101,121],[65,97,118],[75,100,120],[56,78,105],
[55,78,104],[57,80,103],[54,76,103],[52,80,104],[53,76,105],[42,63,106],[41,61,107],[39,60,109],[40,59,111],[38,62,108],
[37,58,110],[41,78,146],[37,78,146],[40,80,148],[39,80,148],[42,76,150],[38,76,150],[42,63,156],[41,61,153],[39,60,154],
[40,59,152],[37,58,155],[38,62,151],[51,92,93],[50,90,91],[50,88,89],[49,86,87],[49,82,83],[51,84,85],[50,164,165],
[49,157,159],[51,161,162],[30,149,150],[29,147,148],[28,145,146],[27,144,146],[26,142,150],[25,143,148],[24,135,152],[23,134,154],
[22,132,155],[21,133,153],[20,131,156],[19,130,151],[51,92,161],[50,90,164],[50,88,165],[49,86,159],[51,84,162],[49,82,157],
[51,64,93],[50,72,91],[50,74,89],[51,66,85],[49,68,87],[49,70,83],[21,61,153],[23,60,154],[24,59,152],[20,63,156],
[19,62,151],[22,58,155],[22,47,132],[19,45,130],[24,47,135],[23,45,134],[20,43,131],[21,43,133],[37,56,78],[39,52,80],
[41,55,78],[40,57,80],[38,53,76],[42,54,76],[40,48,111],[37,48,110],[38,46,108],[39,46,109],[42,44,106],[41,44,107],
[30,87,149],[29,83,147],[26,93,142],[28,85,145],[25,89,143],[27,91,144],[30,47,150],[26,47,150],[29,43,148],[25,43,148],
[27,45,146],[28,45,146],[18,69,98],[17,67,101],[16,71,102],[15,73,99],[14,75,100],[13,65,97],[12,69,77],[11,65,77],
[10,67,79],[9,73,79],[8,71,81],[7,75,81],[18,31,92],[13,36,86],[17,35,90],[15,33,84],[16,34,88],[14,32,82],
[29,64,83],[26,72,93],[30,74,87],[28,68,85],[27,70,91],[25,66,89],[13,34,60],[18,35,61],[15,36,63],[17,32,59],
[16,33,58],[14,31,62],[13,60,61],[18,60,61],[15,59,63],[17,59,63],[16,58,62],[14,58,62],[18,69,92],[17,67,90],
[16,71,88],[14,75,82],[15,73,84],[13,65,86],[11,48,77],[12,48,77],[9,46,79],[10,46,79],[7,44,81],[8,44,81],
[6,147,161],[5,145,159],[4,143,162],[3,144,157],[2,149,165],[1,142,164],[6,83,147],[5,85,145],[4,89,143],[3,91,144],
[1,93,142],[2,87,149],[6,92,161],[1,90,164],[2,88,165],[5,86,159],[3,82,157],[4,84,162],[15,36,99],[17,32,101],
[13,34,97],[18,35,98],[14,31,100],[16,33,102],[12,69,92],[10,67,90],[8,71,88],[7,75,82],[11,65,86],[9,73,84],
[11,40,48],[12,37,48],[9,38,46],[10,39,46],[8,41,44],[7,42,44],[22,30,47],[24,26,47],[23,28,45],[20,25,43],
[21,29,43],[19,27,45],[13,21,61],[18,23,60],[15,24,59],[17,20,63],[14,22,58],[16,19,62],[29,64,93],[26,72,91],
[30,74,89],[25,66,85],[27,70,83],[28,68,87],[18,31,40],[13,36,37],[17,35,38],[15,33,39],[14,32,41],[16,34,42],
[18,40,57],[13,37,56],[17,38,53],[15,39,52],[16,42,54],[14,41,55],[99,101,168],[97,98,166],[100,102,167],[36,99,168],
[32,101,168],[34,97,166],[33,102,167],[31,100,167],[35,98,166],[13,21,56],[18,23,57],[15,24,52],[17,20,53],[16,19,54],
[14,22,55],[11,31,40],[12,36,37],[9,35,38],[10,33,39],[7,34,42],[8,32,41],[1,10,90],[2,8,88],[3,7,82],
[5,11,86],[4,9,84],[6,12,92],[1,29,93],[2,28,87],[3,26,91],[5,25,85],[4,30,89],[6,27,83],[22,29,30],
[21,29,30],[24,26,28],[23,26,28],[19,25,27],[20,25,27],[54,55,169],[52,53,171],[56,57,170],[22,55,169],[24,52,171],
[23,57,170],[19,54,169],[20,53,171],[21,56,170],[1,22,29],[2,24,28],[3,23,26],[5,19,25],[6,20,27],[4,21,30],
[8,32,168],[10,33,167],[11,31,167],[7,34,166],[9,35,166],[12,36,168],[1,8,10],[2,8,10],[3,7,11],[5,7,11],
[6,9,12],[4,9,12],[1,8,168],[2,10,167],[3,11,167],[5,7,166],[4,12,168],[6,9,166],[1,22,169],[2,24,171],
[3,23,170],[5,19,169],[4,21,170],[6,20,171],[1,168,169],[2,167,171],[3,167,170],[5,166,169],[6,166,171],[4,168,170]];
###############################################################

#SurfaceInfo: 190 Vertices, 855 Edges, 570 Faces, IsOrientable=false
 #Vertices of faces:
vof9:=[[188,189,190],[187,188,189],[186,188,190],[185,189,190],[182,183,184],[179,180,181],[176,177,178],[173,174,175],[170,171,172],[168,169,177],
[172,173,174],[167,176,177],[166,168,177],[165,170,171],[163,164,177],[161,162,175],[160,163,177],[161,162,165],[162,174,175],[164,177,178],
[161,165,170],[160,166,177],[171,172,173],[167,169,177],[157,158,159],[154,155,156],[151,152,153],[148,149,150],[145,146,147],[142,143,144],
[139,140,141],[136,137,138],[135,139,140],[134,136,137],[131,132,133],[128,129,130],[127,128,129],[126,131,132],[123,124,125],[120,121,122],
[119,120,121],[118,123,124],[117,139,141],[116,137,138],[115,118,123],[114,119,120],[113,127,128],[112,126,131],[111,134,136],[110,135,139],
[109,121,122],[108,123,125],[107,128,130],[106,132,133],[104,105,140],[138,149,178],[126,155,169],[102,103,129],[119,152,160],[100,101,124],
[98,99,140],[134,158,164],[122,146,166],[96,97,124],[133,143,167],[94,95,129],[136,138,149],[104,140,141],[98,135,140],[134,137,158],
[94,129,130],[131,133,143],[126,132,155],[102,127,129],[96,124,125],[120,122,146],[100,118,124],[119,121,152],[93,164,178],[140,162,174],
[92,167,169],[129,171,173],[91,160,166],[124,161,170],[135,157,158],[127,154,155],[118,148,149],[141,151,152],[125,142,143],[130,145,146],
[105,140,162],[93,149,178],[101,124,170],[91,152,160],[95,129,171],[92,143,167],[99,140,174],[93,158,164],[97,124,161],[91,146,166],
[103,129,173],[92,155,169],[102,127,154],[127,132,155],[100,118,148],[121,141,152],[135,137,158],[98,135,157],[125,131,143],[94,130,145],
[120,130,146],[96,125,142],[104,141,151],[118,136,149],[102,112,183],[89,90,127],[100,116,182],[87,88,141],[104,114,184],[85,86,118],
[94,109,181],[83,84,125],[81,82,135],[98,111,180],[96,106,179],[79,80,130],[79,107,130],[106,132,179],[83,108,125],[109,121,181],
[116,137,182],[87,117,141],[112,131,183],[89,113,127],[114,120,184],[85,115,118],[81,110,135],[111,136,180],[107,182,183],[117,179,180],
[108,182,184],[115,179,181],[110,183,184],[113,180,181],[78,158,159],[77,155,156],[76,152,153],[75,149,150],[74,143,144],[73,146,147],
[117,132,179],[79,107,183],[115,121,181],[83,108,182],[113,136,180],[81,110,184],[85,115,179],[108,120,184],[89,113,181],[110,131,183],
[87,117,180],[107,137,182],[90,127,132],[102,154,183],[88,121,141],[100,148,182],[86,118,136],[104,151,184],[96,142,179],[80,120,130],
[94,145,181],[84,125,131],[98,157,180],[82,135,137],[77,156,173],[72,77,155],[76,153,162],[71,75,149],[75,150,170],[70,76,152],
[69,73,146],[74,144,161],[73,147,171],[68,74,143],[78,159,174],[67,78,158],[71,93,149],[76,105,162],[70,91,152],[75,101,170],
[72,92,155],[77,103,173],[69,91,146],[74,97,161],[67,93,158],[78,99,174],[68,92,143],[73,95,171],[65,66,139],[62,63,64],
[60,61,123],[57,58,59],[55,56,128],[52,53,54],[51,173,175],[77,176,178],[50,170,172],[76,168,169],[49,162,165],[75,160,163],
[48,161,175],[73,163,164],[47,165,171],[74,166,168],[46,172,174],[78,167,176],[60,92,175],[44,45,77],[65,93,172],[42,43,76],
[55,91,165],[40,41,75],[40,41,74],[66,91,165],[42,43,78],[61,93,172],[44,45,73],[56,92,175],[39,157,159],[38,154,156],
[37,148,150],[36,151,153],[35,142,144],[34,145,147],[63,116,138],[38,117,139],[58,114,119],[36,115,123],[53,112,126],[37,113,128],
[35,110,139],[64,111,134],[34,108,123],[59,109,122],[54,106,133],[39,107,128],[38,65,139],[62,63,116],[36,60,123],[57,58,114],
[37,55,128],[52,53,112],[62,64,111],[35,66,139],[34,61,123],[57,59,109],[39,56,128],[52,54,106],[45,77,176],[51,60,175],
[43,76,168],[50,65,172],[42,78,176],[46,61,172],[40,74,168],[47,66,165],[44,73,163],[48,56,175],[41,75,163],[49,55,165],
[42,76,105],[65,71,93],[40,75,101],[55,70,91],[44,77,103],[60,72,92],[66,69,91],[41,74,97],[43,78,99],[61,67,93],
[45,73,95],[56,68,92],[70,76,169],[50,150,170],[71,75,160],[49,153,162],[72,77,178],[51,156,173],[69,73,164],[48,144,161],
[68,74,166],[47,147,171],[67,78,167],[46,159,174],[79,154,183],[90,117,132],[83,148,182],[88,115,121],[86,113,136],[81,151,184],
[80,108,120],[85,142,179],[84,110,131],[89,145,181],[82,107,137],[87,157,180],[33,38,117],[63,138,154],[58,119,148],[32,36,115],
[31,37,113],[53,126,151],[30,35,110],[64,134,145],[59,122,142],[29,34,108],[28,39,107],[54,133,157],[39,133,157],[28,39,159],
[38,138,154],[33,38,156],[32,36,153],[37,119,148],[36,126,151],[31,37,150],[34,134,145],[30,35,144],[29,34,147],[35,122,142],
[63,64,168],[27,65,66],[58,59,176],[26,60,61],[53,54,163],[25,55,56],[24,138,178],[104,105,156],[23,126,169],[102,103,150],
[100,101,153],[22,119,160],[21,134,164],[98,99,144],[96,97,147],[20,122,166],[19,133,167],[94,95,159],[33,105,156],[24,38,138],
[22,37,119],[32,101,153],[31,103,150],[23,36,126],[30,99,144],[21,34,134],[20,35,122],[29,97,147],[28,95,159],[19,39,133],
[50,102,150],[23,70,169],[24,72,178],[51,104,156],[22,71,160],[49,100,153],[48,98,144],[21,69,164],[20,68,166],[47,96,147],
[19,67,167],[46,94,159],[26,51,60],[45,59,176],[27,47,66],[40,63,168],[26,46,61],[42,58,176],[27,50,65],[43,64,168],
[25,48,56],[44,53,163],[25,49,55],[41,54,163],[63,79,154],[33,90,117],[58,83,148],[32,88,115],[53,81,151],[31,86,113],
[64,89,145],[30,84,110],[59,85,142],[29,80,108],[54,87,157],[28,82,107],[62,105,116],[18,38,65],[57,103,114],[17,36,60],
[16,37,55],[52,101,112],[15,35,66],[62,97,111],[57,99,109],[14,34,61],[52,95,106],[13,39,56],[18,65,71],[42,105,116],
[17,60,72],[44,103,114],[16,55,70],[40,101,112],[14,61,67],[43,99,109],[41,97,111],[15,66,69],[13,56,68],[45,95,106],
[71,87,88],[12,100,116],[72,85,86],[11,104,114],[70,89,90],[10,102,112],[67,83,84],[9,94,109],[8,98,111],[69,81,82],
[68,79,80],[7,96,106],[12,42,116],[18,71,88],[10,40,112],[16,70,90],[11,44,114],[17,72,86],[15,69,82],[8,41,111],
[9,43,109],[14,67,84],[7,45,106],[13,68,80],[10,50,102],[23,70,89],[12,49,100],[22,71,87],[11,51,104],[24,72,85],
[21,69,81],[8,48,98],[7,47,96],[20,68,79],[9,46,94],[19,67,83],[18,24,38],[33,62,105],[17,23,36],[31,57,103],
[32,52,101],[16,22,37],[14,21,34],[30,57,99],[29,62,97],[15,20,35],[13,19,39],[28,52,95],[33,47,90],[6,63,79],
[32,46,88],[5,58,83],[31,48,86],[4,53,81],[29,51,80],[3,59,85],[30,50,84],[2,64,89],[28,49,82],[1,54,87],
[5,42,58],[26,46,88],[6,40,63],[27,47,90],[4,44,53],[25,48,86],[1,41,54],[25,49,82],[2,43,64],[27,50,84],
[3,45,59],[26,51,80],[18,26,88],[5,12,42],[6,10,40],[16,27,90],[4,11,44],[17,25,86],[14,27,84],[2,9,43],
[15,25,82],[1,8,41],[3,7,45],[13,26,80],[1,22,87],[12,28,49],[2,23,89],[10,30,50],[3,24,85],[11,29,51],
[5,19,83],[9,32,46],[8,31,48],[4,21,81],[6,20,79],[7,33,47],[33,62,185],[18,20,24],[16,19,22],[32,52,186],
[31,57,187],[17,21,23],[28,52,186],[13,19,22],[15,20,24],[29,62,185],[14,21,23],[30,57,187],[1,13,22],[12,28,186],
[7,33,185],[6,18,20],[4,17,21],[8,31,187],[5,16,19],[9,32,186],[11,29,185],[3,15,24],[10,30,187],[2,14,23],
[5,7,12],[18,26,190],[13,26,190],[3,7,12],[1,8,11],[15,25,188],[2,9,10],[14,27,189],[17,25,188],[4,8,11],
[16,27,189],[6,9,10],[3,12,186],[1,13,190],[2,14,189],[2,10,187],[3,15,188],[1,11,185],[6,9,186],[5,16,189],
[4,8,187],[4,17,188],[6,18,190],[5,7,185],[4,187,188],[5,185,189],[6,186,190],[1,185,190],[3,186,188],[2,187,189]];
###############################################################

#SurfaceInfo: 72 Vertices, 864 Edges, 576 Faces, IsOrientable=true
 #Vertices of faces:
vof10:=[[70,71,72],[69,70,71],[68,71,72],[67,70,72],[64,65,66],[63,64,65],[62,65,66],[61,64,66],[58,59,60],[56,57,60],
[54,55,59],[52,53,58],[51,63,64],[50,62,65],[49,61,64],[48,63,65],[47,61,66],[46,62,66],[43,44,45],[40,41,42],
[37,38,39],[36,37,38],[35,38,39],[34,37,39],[33,35,38],[32,36,37],[31,36,38],[30,35,39],[29,34,37],[28,34,39],
[26,27,61],[24,25,62],[22,23,63],[21,26,63],[20,24,61],[19,22,62],[22,32,36],[22,29,34],[26,28,34],[26,30,35],
[24,31,36],[24,33,35],[18,33,38],[17,32,37],[16,31,38],[15,30,39],[14,28,39],[13,29,37],[51,53,64],[48,57,65],
[50,56,65],[49,52,64],[46,55,66],[47,54,66],[16,18,63],[14,15,62],[13,17,61],[22,43,44],[26,44,45],[24,43,45],
[12,51,63],[11,47,61],[10,48,63],[11,46,62],[10,50,62],[12,49,61],[12,40,41],[11,41,42],[10,40,42],[50,51,56],
[47,51,53],[47,50,54],[46,48,57],[46,49,55],[48,49,52],[9,53,64],[8,57,65],[7,54,66],[6,56,65],[5,55,66],
[4,52,64],[5,12,63],[9,11,62],[8,11,61],[7,10,63],[4,10,62],[6,12,61],[12,40,51],[11,42,46],[10,42,50],
[10,40,48],[12,41,49],[11,41,47],[18,32,33],[15,29,30],[16,30,31],[17,28,32],[14,28,33],[13,29,31],[22,32,43],
[22,29,44],[26,28,44],[24,33,45],[24,31,43],[26,30,45],[13,26,61],[18,26,63],[16,22,63],[15,24,62],[17,24,61],
[14,22,62],[3,39,51],[2,38,47],[1,37,50],[3,37,48],[1,38,46],[2,39,49],[4,9,39],[5,7,38],[6,8,37],
[37,58,66],[39,59,65],[38,58,65],[39,60,66],[38,60,64],[37,59,64],[16,18,66],[13,17,65],[14,15,64],[22,34,55],
[24,35,56],[26,35,57],[24,36,52],[22,36,53],[26,34,54],[18,38,55],[15,39,53],[17,37,57],[16,38,54],[13,37,56],
[14,39,52],[25,38,62],[27,39,61],[19,37,62],[21,39,63],[23,37,63],[20,38,61],[25,38,55],[27,39,52],[23,37,57],
[21,39,53],[20,38,54],[19,37,56],[16,34,54],[13,35,56],[18,34,55],[17,35,57],[15,36,53],[14,36,52],[13,23,65],
[15,27,64],[16,25,66],[17,19,65],[18,20,66],[14,21,64],[38,58,61],[37,58,63],[39,59,61],[38,60,62],[39,60,63],
[37,59,62],[8,37,50],[5,38,47],[4,39,51],[9,39,49],[7,38,46],[6,37,48],[1,37,66],[2,38,64],[1,38,65],
[3,39,65],[3,37,64],[2,39,66],[18,26,57],[15,24,56],[17,24,52],[16,22,53],[13,26,54],[14,22,55],[18,32,43],
[15,29,44],[17,28,44],[16,30,45],[13,31,43],[14,33,45],[6,56,61],[8,57,61],[7,54,63],[9,53,62],[5,55,63],
[4,52,62],[40,51,56],[41,47,53],[41,49,55],[42,46,57],[40,48,52],[42,50,54],[10,14,16],[12,13,18],[11,15,17],
[53,55,68],[52,56,69],[54,57,67],[32,56,60],[29,57,60],[33,54,59],[30,52,58],[31,55,59],[28,53,58],[2,56,57],
[1,52,53],[3,54,55],[4,9,36],[6,8,35],[5,7,34],[36,60,66],[36,59,65],[34,58,65],[35,58,66],[34,60,64],
[35,59,64],[30,46,48],[32,47,51],[28,47,50],[33,50,51],[31,48,49],[29,46,49],[7,31,66],[9,30,64],[8,32,65],
[4,28,64],[6,29,65],[5,33,66],[25,29,30],[23,30,31],[27,29,31],[21,32,33],[20,28,32],[19,28,33],[9,11,56],
[8,11,52],[7,10,53],[4,10,55],[6,12,54],[5,12,57],[9,30,48],[8,32,51],[4,28,47],[5,33,50],[6,29,46],
[7,31,49],[36,46,59],[34,51,58],[36,50,60],[35,49,58],[35,47,59],[34,48,60],[9,36,69],[7,34,68],[4,36,68],
[8,35,69],[5,34,67],[6,35,67],[1,11,52],[2,12,57],[1,10,53],[2,11,56],[3,10,55],[3,12,54],[25,29,57],
[21,32,56],[23,30,52],[27,31,55],[19,33,54],[20,28,53],[25,30,55],[21,33,53],[23,31,57],[27,29,52],[19,28,56],
[20,32,54],[9,40,56],[5,42,57],[8,40,52],[7,41,53],[6,42,54],[4,41,55],[53,62,68],[55,63,68],[56,61,69],
[57,61,67],[54,63,67],[52,62,69],[1,31,66],[2,30,64],[1,32,65],[2,33,66],[3,29,65],[3,28,64],[9,29,49],
[5,32,47],[8,28,50],[7,30,46],[6,31,48],[4,33,51],[33,59,61],[32,60,62],[29,60,63],[31,59,62],[30,58,61],
[28,58,63],[25,36,66],[19,36,65],[23,34,65],[20,35,66],[27,35,64],[21,34,64],[11,15,36],[10,14,36],[10,16,34],
[12,13,35],[11,17,35],[12,18,34],[18,43,57],[15,44,56],[17,44,52],[16,45,53],[14,45,55],[13,43,54],[8,9,44],
[4,7,45],[5,6,43],[53,55,70],[54,57,71],[52,56,72],[31,57,71],[30,55,70],[32,54,71],[33,53,70],[28,56,72],
[29,52,72],[9,44,48],[8,44,51],[6,43,46],[4,45,47],[7,45,49],[5,43,50],[11,25,36],[12,21,34],[10,19,36],
[10,23,34],[11,20,35],[12,27,35],[29,63,68],[32,62,68],[33,61,69],[31,62,69],[28,63,67],[30,61,67],[9,29,40],
[5,32,42],[8,28,40],[7,30,41],[4,33,41],[6,31,42],[25,43,57],[21,44,56],[19,43,54],[23,44,52],[20,45,53],
[27,45,55],[1,11,31],[2,12,30],[1,10,32],[2,11,33],[3,12,28],[3,10,29],[34,48,68],[34,51,67],[36,46,69],
[36,50,68],[35,49,67],[35,47,69],[11,20,45],[11,25,43],[12,21,44],[10,19,43],[10,23,44],[12,27,45],[29,40,68],
[32,42,68],[30,41,67],[33,41,69],[31,42,69],[28,40,67],[43,50,68],[44,48,68],[44,51,67],[43,46,69],[45,47,69],
[45,49,67],[11,31,71],[12,30,70],[10,32,71],[11,33,70],[10,29,72],[12,28,72],[11,43,70],[11,45,71],[12,44,70],
[12,45,72],[10,43,72],[10,44,71],[40,43,68],[40,45,67],[42,44,68],[41,44,67],[42,45,69],[41,43,69],[40,43,70],
[41,43,72],[42,44,70],[40,45,71],[41,44,71],[42,45,72],[14,16,41],[13,18,42],[15,17,40],[21,26,40],[26,27,41],
[24,25,42],[22,23,40],[19,22,42],[20,24,41],[16,27,41],[13,25,42],[15,23,40],[17,21,40],[14,20,41],[18,19,42],
[26,40,70],[26,41,72],[24,42,70],[22,40,71],[24,41,71],[22,42,72],[5,6,26],[8,9,24],[4,7,22],[2,26,49],
[3,26,51],[2,24,47],[1,22,50],[1,24,46],[3,22,48],[16,46,59],[13,48,60],[15,49,58],[17,50,60],[18,47,59],
[14,51,58],[5,16,59],[8,13,60],[4,15,58],[6,17,60],[9,14,58],[7,18,59],[3,5,26],[2,8,24],[1,4,22],
[2,6,26],[3,7,22],[1,9,24],[16,27,46],[13,25,48],[15,23,49],[17,21,50],[18,19,47],[14,20,51],[26,49,70],
[26,51,72],[24,46,71],[24,47,70],[22,50,71],[22,48,72],[16,25,49],[13,23,46],[15,27,48],[18,20,50],[14,21,47],
[17,19,51],[16,49,70],[17,51,72],[13,46,71],[14,47,70],[15,48,72],[18,50,71],[23,27,46],[25,27,48],[23,25,49],
[20,21,50],[19,20,51],[19,21,47],[2,6,17],[3,5,16],[1,9,14],[2,8,13],[3,7,18],[1,4,15],[2,58,59],
[3,58,60],[1,59,60],[4,16,68],[9,17,69],[5,13,67],[7,14,68],[8,15,69],[6,18,67],[7,25,59],[5,20,59],
[6,23,60],[8,19,60],[9,27,58],[4,21,58],[2,20,59],[3,23,60],[1,19,60],[2,27,58],[1,25,59],[3,21,58],
[4,16,70],[9,17,72],[5,13,71],[7,14,70],[6,18,71],[8,15,72],[2,17,69],[3,16,68],[1,14,68],[2,13,67],
[1,15,69],[3,18,67],[4,20,21],[9,23,27],[5,19,20],[7,25,27],[6,23,25],[8,19,21],[4,20,70],[9,23,72],
[5,19,71],[7,27,70],[8,21,72],[6,25,71],[2,20,69],[3,23,68],[1,19,68],[2,27,67],[3,21,67],[1,25,69],
[20,69,70],[23,68,72],[19,68,71],[27,67,70],[25,69,71],[21,67,72]];
###############################################################

