#SurfaceInfo: 108 Vertices, 648 Edges, 432 Faces, IsOrientable=true
 #Vertices of faces:
vof1:=[[106,107,108],[104,105,107],[103,104,106],[101,102,106],[100,101,108],[98,99,107],[97,98,108],[95,96,107],[94,95,105],[92,93,104],
[91,92,105],[89,90,106],[87,88,106],[85,86,104],[84,89,103],[83,87,102],[82,85,103],[81,82,101],[81,86,102],[79,80,108],
[77,78,107],[75,76,108],[73,74,107],[71,72,101],[70,79,100],[69,77,99],[68,75,97],[67,73,96],[66,71,100],[65,91,98],
[64,66,98],[63,95,100],[65,93,99],[64,72,97],[63,96,102],[62,79,105],[60,61,104],[59,76,105],[57,58,106],[55,56,104],
[53,54,95],[52,62,94],[51,60,93],[50,76,91],[49,57,90],[48,58,88],[47,55,86],[46,53,94],[45,84,92],[44,46,92],
[43,89,97],[42,87,99],[41,85,94],[45,90,93],[44,54,91],[43,90,99],[42,88,97],[41,86,96],[59,75,103],[40,77,102],
[62,80,103],[45,53,101],[38,39,108],[37,50,101],[35,36,89],[33,34,87],[31,32,85],[30,59,84],[29,40,83],[28,80,82],
[27,53,82],[26,38,80],[25,74,78],[24,39,76],[23,37,72],[32,35,84],[22,33,83],[31,36,82],[28,70,81],[21,22,81],
[20,73,93],[56,71,83],[21,34,86],[40,78,100],[20,74,91],[56,72,88],[24,60,96],[35,41,98],[28,33,98],[31,43,95],
[19,21,105],[18,30,95],[17,55,79],[16,37,77],[15,60,75],[13,14,73],[11,12,71],[52,63,70],[29,42,69],[30,43,68],
[24,48,67],[61,66,78],[10,35,91],[13,33,66],[9,31,100],[21,42,79],[29,56,61],[8,19,59],[18,37,54],[12,55,70],
[7,37,69],[6,60,68],[5,13,67],[11,17,66],[50,65,68],[61,64,69],[4,7,65],[6,14,64],[3,5,63],[8,57,86],
[8,58,82],[26,55,90],[53,67,88],[4,16,93],[14,15,72],[3,14,102],[24,61,94],[26,56,84],[54,74,88],[64,81,92],
[13,70,92],[44,63,89],[11,62,87],[65,71,85],[3,4,103],[2,52,89],[1,52,87],[23,68,85],[17,18,60],[34,57,76],
[11,23,57],[44,51,58],[2,15,55],[1,16,53],[28,41,52],[20,48,51],[25,26,49],[8,25,47],[46,58,61],[27,64,84],
[2,13,46],[9,44,97],[11,19,99],[10,71,94],[4,40,75],[14,59,77],[3,20,62],[30,45,50],[2,33,36],[1,34,35],
[18,23,32],[18,22,51],[12,50,57],[5,23,49],[2,7,47],[11,16,46],[22,39,45],[12,15,44],[5,19,43],[9,20,42],
[7,38,41],[5,38,72],[5,39,66],[25,37,80],[35,49,78],[33,48,76],[31,47,74],[17,39,90],[15,34,54],[15,38,96],
[45,67,83],[25,50,70],[36,58,78],[32,56,74],[51,69,81],[16,73,80],[18,29,79],[1,30,77],[2,29,75],[6,28,73],
[4,10,38],[21,27,39],[6,17,31],[8,24,27],[47,65,83],[8,9,40],[1,10,12],[1,6,27],[10,20,26],[14,32,34],
[4,22,36],[16,17,36],[7,21,54],[7,19,46],[13,25,59],[41,49,69],[28,48,68],[43,47,67],[29,30,52],[49,51,63],
[23,48,62],[3,9,19],[10,24,40],[6,9,12],[26,27,42],[3,22,32],[104,106,107],[101,106,108],[98,107,108],[95,105,107],
[92,104,105],[89,103,106],[87,102,106],[85,103,104],[81,101,102],[79,100,108],[77,99,107],[75,97,108],[73,96,107],[71,100,101],
[65,98,99],[64,97,98],[63,95,96],[62,94,105],[60,93,104],[76,91,105],[57,90,106],[58,88,106],[55,86,104],[53,94,95],
[45,92,93],[44,91,92],[43,89,90],[42,87,88],[41,85,86],[59,84,103],[40,83,102],[80,82,103],[53,82,101],[86,96,102],
[38,80,108],[74,78,107],[39,76,108],[37,72,101],[35,84,89],[33,83,87],[31,82,85],[28,81,82],[21,81,86],[62,79,80],
[40,77,78],[59,75,76],[20,73,74],[56,71,72],[63,70,100],[42,69,99],[43,68,97],[24,67,96],[66,78,100],[35,91,98],
[33,66,98],[31,95,100],[90,93,99],[72,88,97],[21,79,105],[56,61,104],[19,59,105],[18,54,95],[55,70,79],[37,69,77],
[60,68,75],[13,67,73],[11,66,71],[50,65,91],[61,64,66],[4,65,93],[14,64,72],[3,63,102],[24,60,61],[8,57,58],
[26,55,56],[53,54,88],[41,52,94],[20,51,93],[26,49,90],[48,67,88],[8,47,86],[46,61,94],[64,84,92],[13,46,92],
[44,89,97],[11,87,99],[71,85,94],[54,74,91],[4,75,103],[14,77,102],[3,62,103],[45,50,101],[2,36,89],[1,34,87],
[23,32,85],[52,62,87],[18,51,60],[50,57,76],[23,49,57],[48,51,58],[2,47,55],[16,46,53],[30,45,84],[44,46,58],
[39,45,90],[15,44,54],[19,43,99],[9,42,97],[38,41,96],[45,53,67],[5,38,39],[25,37,50],[35,36,78],[33,34,76],
[31,32,74],[29,56,83],[8,27,82],[25,26,80],[25,49,78],[24,48,76],[25,47,74],[5,23,72],[32,56,84],[22,45,83],
[36,58,82],[70,81,92],[22,51,81],[16,73,93],[65,71,83],[34,57,86],[15,60,96],[9,40,100],[28,41,98],[30,43,95],
[17,18,79],[1,16,77],[2,15,75],[6,14,73],[10,12,71],[30,59,77],[29,40,75],[28,73,80],[1,27,53],[10,26,38],
[24,27,39],[18,23,37],[32,34,35],[22,33,36],[17,31,36],[28,52,70],[21,22,39],[21,34,54],[10,20,91],[56,74,88],
[35,41,49],[28,33,48],[31,43,47],[7,19,21],[18,29,30],[17,55,90],[16,37,80],[13,14,59],[11,12,57],[29,61,69],
[30,50,68],[5,13,66],[29,42,79],[8,25,59],[7,37,54],[12,50,70],[7,41,69],[6,28,68],[5,43,67],[17,39,66],
[65,68,85],[64,69,81],[52,63,89],[7,47,65],[6,27,64],[5,49,63],[15,38,72],[10,24,94],[11,23,62],[6,17,60],
[12,15,55],[58,61,78],[1,10,35],[2,13,33],[6,9,31],[21,27,42],[8,9,19],[11,16,17],[4,7,38],[3,5,19],
[4,16,36],[14,15,34],[3,14,32],[26,27,84],[13,25,70],[44,51,63],[3,4,22],[2,29,52],[1,30,52],[23,48,68],
[2,7,46],[20,48,62],[18,22,32],[11,19,46],[9,12,44],[20,26,42],[47,67,83],[4,10,40],[3,9,20],[49,51,69],
[8,24,40],[1,6,12]];
###############################################################

#SurfaceInfo: 84 Vertices, 672 Edges, 448 Faces, IsOrientable=false
 #Vertices of faces:
vof2:=[[82,83,84],[81,82,83],[80,83,84],[79,82,84],[76,77,78],[74,75,78],[73,75,77],[71,72,76],[70,72,74],[70,71,73],
[67,68,69],[64,65,66],[61,62,63],[58,59,60],[55,56,57],[52,53,54],[49,50,51],[47,48,50],[44,45,46],[43,47,49],
[41,42,45],[40,41,44],[38,39,80],[37,39,79],[37,38,81],[47,49,50],[41,44,45],[37,38,39],[36,55,56],[35,56,57],
[34,58,59],[33,52,53],[32,53,54],[31,59,60],[34,71,76],[36,70,74],[33,71,73],[35,72,74],[32,70,73],[31,72,76],
[30,61,62],[29,67,68],[28,64,65],[27,62,63],[26,68,69],[25,65,66],[24,38,81],[23,37,81],[22,39,80],[21,38,80],
[20,37,79],[19,39,79],[54,55,75],[57,60,78],[52,58,77],[63,66,77],[61,69,78],[64,67,75],[18,49,53],[17,44,56],
[16,47,59],[15,50,56],[14,45,53],[13,41,59],[58,60,70],[52,54,72],[55,57,71],[70,72,82],[70,71,83],[71,72,84],
[61,63,70],[64,66,72],[67,69,71],[12,76,77],[11,76,78],[10,74,78],[9,73,75],[8,73,77],[7,74,75],[37,75,78],
[38,75,77],[39,77,78],[6,11,72],[5,9,70],[4,7,70],[3,8,71],[2,12,71],[1,10,72],[11,19,48],[7,23,51],
[9,24,46],[10,20,40],[12,22,42],[8,21,43],[4,18,19],[2,14,20],[6,15,21],[5,17,22],[3,16,23],[1,13,24],
[15,23,29],[18,21,25],[16,19,30],[14,24,28],[13,22,27],[17,20,26],[17,19,74],[16,20,76],[15,24,74],[18,22,73],
[14,23,73],[13,21,76],[1,29,39],[5,25,37],[2,30,38],[3,28,39],[6,27,37],[4,26,38],[4,7,51],[6,11,48],
[5,9,46],[3,8,43],[1,10,40],[2,12,42],[2,10,20],[4,11,19],[5,12,22],[3,7,23],[6,8,21],[1,9,24],
[4,18,21],[5,17,20],[2,14,24],[6,15,23],[1,13,22],[3,16,19],[20,26,76],[19,30,74],[23,29,73],[24,28,74],
[21,25,76],[22,27,73],[1,15,29],[5,18,25],[2,16,30],[3,14,28],[4,17,26],[6,13,27],[7,15,74],[12,13,76],
[10,17,74],[11,16,76],[8,18,73],[9,14,73],[4,38,75],[1,39,78],[3,39,77],[5,37,75],[6,37,78],[2,38,77],
[5,70,82],[2,71,83],[4,70,83],[1,72,84],[3,71,84],[6,72,82],[9,61,70],[12,67,71],[10,66,72],[11,64,72],
[8,69,71],[7,63,70],[18,19,53],[14,20,53],[16,23,59],[15,21,56],[13,24,59],[17,22,56],[15,24,50],[14,23,45],
[18,22,49],[17,19,44],[13,21,41],[16,20,47],[8,66,77],[12,63,77],[11,61,78],[7,67,75],[9,64,75],[10,69,78],
[19,48,79],[20,40,79],[24,46,81],[23,51,81],[22,42,80],[21,43,80],[26,38,69],[25,37,66],[29,39,67],[30,38,61],
[28,39,64],[27,37,63],[31,54,72],[33,57,71],[32,60,70],[36,58,70],[34,55,71],[35,52,72],[36,55,75],[32,54,75],
[35,57,78],[33,52,77],[34,58,77],[31,60,78],[54,55,59],[52,56,58],[53,57,60],[61,65,69],[62,64,67],[63,66,68],
[49,53,62],[50,56,65],[47,59,68],[41,59,65],[45,53,68],[44,56,62],[24,38,60],[23,37,58],[21,38,57],[22,39,55],
[19,39,54],[20,37,52],[34,48,59],[36,40,56],[33,46,53],[35,51,56],[31,42,59],[32,43,53],[15,34,76],[13,36,74],
[17,33,73],[18,35,74],[14,31,76],[16,32,73],[15,30,62],[18,29,68],[17,28,65],[14,27,62],[16,25,65],[13,26,68],
[10,49,51],[8,44,46],[12,48,50],[7,40,41],[9,43,47],[11,42,45],[31,50,51],[33,47,48],[34,45,46],[36,43,49],
[32,40,44],[35,41,42],[15,49,62],[18,47,68],[17,41,65],[14,44,62],[13,45,68],[16,50,65],[48,59,65],[40,56,65],
[46,53,62],[43,53,68],[42,59,68],[51,56,62],[4,31,51],[6,33,48],[5,34,46],[3,36,43],[2,35,42],[1,32,40],
[31,50,54],[32,44,60],[36,49,58],[35,41,52],[34,45,55],[33,47,57],[39,54,67],[38,60,69],[37,58,66],[38,57,61],
[37,52,63],[39,55,64],[34,48,79],[36,40,79],[33,46,81],[35,51,81],[32,43,80],[31,42,80],[10,49,69],[12,50,63],
[11,45,61],[8,44,66],[9,47,64],[7,41,67],[24,50,60],[23,45,58],[22,49,55],[19,44,54],[20,47,52],[21,41,57],
[24,54,59],[23,55,59],[19,53,60],[20,53,57],[21,52,56],[22,56,58],[9,61,65],[12,62,67],[7,63,68],[10,66,68],
[8,65,69],[11,62,64],[4,11,42],[2,10,51],[1,9,43],[3,7,40],[6,8,46],[5,12,48],[15,26,76],[13,30,74],
[17,29,73],[18,28,74],[16,27,73],[14,25,76],[4,17,28],[1,15,30],[5,18,29],[3,14,27],[6,13,26],[2,16,25],
[7,15,34],[12,13,36],[10,17,33],[8,18,35],[11,16,32],[9,14,31],[5,20,82],[2,24,83],[4,21,83],[6,23,82],
[3,19,84],[1,22,84],[4,36,75],[2,34,77],[1,35,78],[3,33,77],[5,32,75],[6,31,78],[3,27,36],[5,29,34],
[2,25,35],[4,28,31],[1,30,32],[6,26,33],[4,36,42],[2,34,51],[1,35,43],[6,31,46],[5,32,48],[3,33,40],
[19,60,84],[22,58,84],[20,57,82],[24,54,83],[23,55,82],[21,52,83],[50,60,63],[45,58,61],[49,55,69],[44,54,66],
[41,57,67],[47,52,64],[7,34,79],[12,36,79],[10,33,81],[8,35,81],[9,31,80],[11,32,80],[50,54,67],[44,60,69],
[49,58,66],[45,55,64],[47,57,61],[41,52,63],[9,40,65],[12,46,62],[7,43,68],[10,42,68],[11,51,62],[8,48,65],
[16,27,50],[14,25,44],[13,30,45],[15,26,49],[18,28,47],[17,29,41],[27,50,67],[29,41,63],[25,44,69],[28,47,61],
[26,49,66],[30,45,64],[10,42,81],[11,51,80],[7,43,79],[12,46,79],[9,40,80],[8,48,81],[57,67,82],[60,63,84],
[55,69,82],[58,61,84],[54,66,83],[52,64,83],[27,36,42],[29,34,51],[25,35,43],[28,31,46],[26,33,40],[30,32,48],
[27,67,82],[29,63,84],[25,69,82],[28,61,84],[30,64,83],[26,66,83],[27,42,81],[29,51,80],[25,43,79],[28,46,79],
[30,48,81],[26,40,80],[27,81,82],[29,80,84],[25,79,82],[28,79,84],[26,80,83],[30,81,83]];
###############################################################

#SurfaceInfo: 144 Vertices, 864 Edges, 576 Faces, IsOrientable=true
 #Vertices of faces:
vof3:=[[142,143,144],[140,141,143],[139,140,142],[137,138,142],[136,137,144],[134,135,143],[133,134,144],[131,132,143],[130,131,141],[128,129,140],
[128,136,141],[126,127,142],[124,125,142],[122,123,140],[126,130,139],[121,124,138],[122,133,139],[119,120,137],[119,135,138],[117,118,144],
[115,116,143],[113,114,144],[111,112,143],[110,128,137],[117,121,136],[109,115,135],[109,113,133],[108,111,132],[107,119,134],[106,122,134],
[104,105,131],[104,129,132],[102,103,141],[100,101,140],[98,99,141],[96,97,142],[94,95,140],[93,126,131],[102,108,130],[92,100,129],
[92,98,136],[91,96,127],[90,97,125],[89,94,123],[88,104,128],[86,87,126],[84,85,124],[83,86,122],[86,123,127],[84,120,125],
[81,82,139],[79,80,138],[77,78,139],[75,76,137],[73,74,138],[71,72,144],[69,70,137],[68,117,124],[81,91,130],[79,90,121],
[77,89,133],[67,75,120],[67,73,135],[66,71,118],[65,112,116],[64,72,114],[69,99,110],[83,84,119],[62,63,117],[60,61,115],
[58,59,113],[57,61,111],[56,62,128],[62,110,118],[60,107,116],[58,106,114],[57,105,112],[54,55,136],[52,53,135],[50,51,133],
[49,68,132],[47,48,134],[45,46,134],[43,44,131],[41,42,132],[39,40,141],[38,46,131],[37,113,115],[36,102,111],[54,66,121],
[52,65,109],[50,64,109],[65,68,108],[47,74,107],[45,78,106],[43,74,105],[41,74,129],[39,84,103],[35,95,101],[34,40,99],
[38,82,93],[60,88,119],[56,58,122],[57,104,120],[32,33,102],[31,64,100],[50,69,98],[34,85,96],[34,87,97],[31,66,94],
[32,70,126],[32,93,103],[64,88,101],[66,83,95],[30,63,130],[29,80,129],[27,28,136],[37,49,127],[26,37,125],[36,53,123],
[24,25,128],[22,23,126],[21,43,124],[19,20,122],[18,42,127],[17,44,125],[18,67,123],[15,16,139],[14,32,138],[15,101,124],
[52,98,100],[29,81,96],[13,79,97],[77,79,94],[63,84,108],[29,35,92],[27,34,92],[37,90,91],[35,36,89],[24,42,88],
[22,67,87],[43,85,89],[19,42,83],[44,89,120],[15,60,82],[32,58,80],[16,57,78],[12,70,76],[11,14,74],[15,55,68],
[64,87,104],[34,86,107],[34,84,106],[66,86,105],[27,38,81],[10,40,79],[45,54,77],[31,75,108],[47,73,102],[11,59,71],
[11,63,72],[31,65,69],[10,48,117],[10,68,80],[76,83,108],[56,65,70],[9,59,130],[19,61,121],[10,33,133],[8,51,120],
[7,38,135],[26,93,118],[6,68,116],[6,93,114],[5,52,112],[13,82,110],[9,30,119],[18,22,117],[4,22,115],[41,43,113],
[13,19,111],[4,17,118],[3,23,116],[3,21,114],[8,20,112],[4,78,110],[7,45,132],[39,95,115],[28,76,113],[72,97,111],
[73,75,81],[8,54,71],[2,50,72],[59,60,91],[58,61,90],[33,57,89],[8,12,67],[7,11,67],[64,66,93],[12,13,99],
[9,17,83],[22,63,78],[22,61,92],[43,59,99],[17,25,56],[23,92,107],[21,99,106],[20,105,121],[28,55,86],[38,53,62],
[10,51,104],[45,49,69],[1,46,48],[2,44,46],[7,14,42],[37,39,51],[28,37,53],[30,36,72],[11,62,123],[57,60,110],
[11,58,129],[62,65,85],[7,15,54],[16,28,52],[14,39,50],[31,47,91],[31,45,90],[24,41,77],[14,33,40],[35,38,85],
[25,55,102],[36,49,55],[48,88,91],[46,56,90],[35,46,70],[24,85,109],[25,87,109],[2,55,107],[5,103,106],[1,28,105],
[21,36,101],[4,29,95],[26,47,100],[18,19,98],[5,24,96],[2,25,97],[6,75,94],[8,26,103],[12,48,101],[1,76,95],
[14,69,127],[16,100,125],[9,44,98],[71,96,112],[40,94,116],[1,39,63],[3,27,40],[1,2,74],[1,5,78],[2,6,82],
[3,30,88],[3,20,56],[33,47,118],[19,50,82],[8,23,70],[16,17,33],[9,52,80],[9,29,71],[32,35,61],[7,16,27],
[12,15,59],[20,51,81],[30,53,79],[23,30,77],[29,49,51],[13,26,53],[10,12,87],[13,41,76],[4,25,73],[5,6,80],
[27,75,114],[20,21,73],[3,17,42],[24,54,103],[5,18,48],[6,18,44],[23,26,41],[4,21,49],[140,142,143],[137,142,144],
[134,143,144],[131,141,143],[128,140,141],[126,139,142],[124,138,142],[122,139,140],[119,137,138],[117,136,144],[115,135,143],[113,133,144],
[111,132,143],[128,136,137],[119,134,135],[122,133,134],[104,131,132],[102,130,141],[100,129,140],[98,136,141],[96,127,142],[97,125,142],
[94,123,140],[126,130,131],[104,128,129],[86,126,127],[84,124,125],[86,122,123],[81,130,139],[79,121,138],[77,133,139],[75,120,137],
[73,135,138],[71,118,144],[112,116,143],[72,114,144],[69,110,137],[117,121,124],[84,119,120],[62,117,118],[60,115,116],[58,113,114],
[57,111,112],[62,110,128],[54,121,136],[52,109,135],[50,109,133],[68,108,132],[47,107,134],[45,106,134],[43,105,131],[41,129,132],
[39,103,141],[95,101,140],[40,99,141],[38,93,131],[109,113,115],[102,108,111],[60,107,119],[58,106,122],[57,104,105],[32,102,103],
[64,100,101],[69,98,99],[34,96,97],[66,94,95],[32,93,126],[63,108,130],[29,92,129],[27,92,136],[37,91,127],[37,90,125],
[36,89,123],[24,88,128],[22,87,126],[43,85,124],[19,83,122],[18,123,127],[44,120,125],[15,82,139],[32,80,138],[16,78,139],
[70,76,137],[14,74,138],[15,68,124],[92,98,100],[81,91,96],[79,90,97],[77,89,94],[64,88,104],[34,86,87],[34,84,85],
[66,83,86],[38,81,82],[10,79,80],[45,77,78],[75,76,108],[47,73,74],[11,71,72],[65,69,70],[10,68,117],[59,91,130],
[61,90,121],[33,89,133],[8,67,120],[7,67,135],[66,93,118],[65,68,116],[64,93,114],[52,65,112],[13,99,110],[9,83,119],
[22,63,117],[22,61,115],[43,59,113],[19,61,111],[25,56,128],[4,110,118],[23,107,116],[21,106,114],[20,105,112],[28,55,136],
[38,53,135],[10,51,133],[45,49,132],[46,48,134],[44,46,131],[7,42,132],[37,39,115],[28,37,113],[36,72,111],[67,73,75],
[54,66,71],[50,64,72],[83,84,108],[11,62,63],[57,60,61],[11,58,59],[56,62,65],[15,54,55],[28,52,53],[39,50,51],
[49,55,68],[47,48,91],[45,46,90],[43,44,89],[24,41,42],[14,39,40],[35,38,46],[36,55,102],[66,105,121],[65,85,109],
[64,87,109],[31,65,108],[2,74,107],[5,78,106],[1,74,105],[11,74,129],[84,103,106],[35,36,101],[34,99,106],[29,35,95],
[6,82,93],[30,88,119],[20,56,122],[51,104,120],[33,47,102],[31,47,100],[19,50,98],[24,85,96],[25,87,97],[31,75,94],
[23,70,126],[26,93,103],[48,88,101],[76,83,95],[9,30,130],[58,80,129],[49,69,127],[26,100,125],[53,62,123],[21,101,124],
[14,42,127],[16,17,125],[11,67,123],[16,52,100],[9,52,98],[29,71,96],[13,97,111],[40,79,94],[41,43,74],[39,63,84],
[27,34,40],[60,88,91],[56,58,90],[57,89,120],[14,32,33],[31,64,66],[14,50,69],[32,35,70],[30,63,72],[9,29,80],
[16,27,28],[37,49,51],[26,37,53],[30,36,53],[24,25,109],[22,23,92],[21,43,99],[19,20,121],[18,19,42],[9,17,44],
[18,22,67],[7,15,16],[12,15,101],[29,51,81],[13,53,79],[30,77,79],[35,61,92],[34,92,107],[31,90,91],[35,85,89],
[3,42,88],[12,67,87],[17,42,83],[60,82,110],[57,78,110],[12,13,76],[8,12,70],[10,87,104],[55,86,107],[28,86,105],
[27,75,81],[24,54,77],[25,73,102],[9,59,71],[31,45,69],[18,48,117],[6,68,80],[46,56,70],[26,47,118],[6,94,116],
[6,75,114],[5,96,112],[4,95,115],[41,76,113],[17,33,118],[3,40,116],[3,27,114],[8,71,112],[20,73,81],[2,72,97],
[15,59,60],[32,58,61],[16,33,57],[7,11,14],[7,27,38],[10,33,40],[7,45,54],[10,12,48],[8,20,51],[5,52,80],
[13,19,82],[4,22,78],[4,17,25],[3,23,30],[3,20,21],[1,39,95],[1,28,76],[8,54,103],[2,50,82],[12,59,99],
[1,63,78],[3,17,56],[1,5,48],[1,2,46],[2,6,44],[38,62,85],[23,41,77],[21,36,49],[5,24,103],[18,44,98],
[2,25,55],[4,29,49],[8,23,26],[13,26,41],[4,21,73],[5,6,18]];
###############################################################

#SurfaceInfo: 216 Vertices, 864 Edges, 576 Faces, IsOrientable=true
 #Vertices of faces:
vof4:=[[214,215,216],[212,213,215],[211,212,214],[209,210,216],[208,209,215],[206,207,216],[205,206,214],[203,204,213],[202,203,212],[200,201,213],
[199,200,215],[197,198,211],[195,196,210],[193,194,211],[192,197,212],[191,195,209],[190,193,214],[188,189,210],[187,188,216],[185,186,208],
[183,184,207],[181,182,205],[180,184,204],[179,199,208],[178,185,209],[177,183,206],[176,181,206],[175,180,203],[174,187,207],[173,190,205],
[171,172,204],[170,171,213],[168,169,202],[166,167,201],[164,165,199],[163,196,198],[162,167,194],[161,192,202],[160,168,203],[159,166,200],
[158,164,200],[157,163,197],[156,163,195],[155,162,193],[154,170,201],[152,153,198],[150,151,196],[148,149,194],[148,152,211],[147,150,210],
[145,146,192],[143,144,191],[141,142,190],[139,140,189],[137,138,187],[136,182,186],[135,140,179],[134,178,191],[133,145,197],[132,143,195],
[131,141,193],[130,139,188],[129,137,188],[128,136,185],[127,180,183],[126,136,181],[125,135,199],[124,147,189],[122,123,186],[120,121,184],
[118,119,182],[116,117,184],[114,115,179],[114,122,208],[113,120,207],[112,118,205],[111,116,204],[109,110,178],[107,108,177],[105,106,176],
[103,104,175],[101,102,174],[100,102,173],[98,99,172],[96,97,170],[95,165,169],[94,99,161],[93,176,177],[92,160,175],[91,109,185],
[90,107,183],[89,105,181],[88,103,180],[87,101,187],[86,100,190],[85,98,171],[96,119,171],[84,95,168],[83,162,166],[82,95,164],
[81,94,192],[80,113,174],[79,112,173],[78,111,172],[77,138,169],[75,76,167],[74,125,165],[72,73,196],[71,72,198],[69,70,167],
[67,68,161],[67,77,202],[66,75,201],[65,69,194],[64,124,160],[62,63,159],[61,110,158],[59,60,157],[57,58,156],[55,56,155],
[54,115,154],[53,68,153],[51,52,151],[50,79,149],[49,74,148],[47,48,147],[49,123,152],[46,142,146],[45,138,144],[44,52,134],
[48,158,159],[43,133,157],[42,132,156],[41,131,155],[40,124,168],[39,62,166],[38,61,164],[57,59,163],[51,55,162],[37,54,170],
[36,53,152],[51,99,150],[35,50,148],[47,150,172],[34,46,145],[45,62,143],[33,46,141],[32,135,139],[45,96,137],[44,104,178],
[66,105,154],[61,71,153],[73,95,151],[65,109,149],[81,129,146],[31,131,144],[86,97,142],[69,88,140],[30,87,138],[63,64,182],
[56,64,186],[29,103,140],[28,36,134],[28,31,191],[40,69,189],[27,29,179],[64,80,133],[79,116,132],[78,106,131],[26,111,130],
[25,108,129],[76,77,128],[31,88,127],[70,81,126],[24,90,127],[34,117,125],[23,80,124],[22,36,123],[21,39,121],[20,85,119],
[19,117,132],[30,33,114],[38,41,113],[18,82,112],[43,91,111],[33,121,122],[17,97,104],[16,21,93],[15,85,93],[19,42,92],
[18,129,130],[14,91,128],[19,89,126],[13,80,145],[12,79,143],[47,78,141],[26,53,139],[25,49,137],[70,76,136],[20,34,135],
[23,35,147],[21,22,122],[39,68,120],[20,52,118],[11,54,114],[38,120,153],[82,118,151],[91,116,149],[10,61,109],[25,55,107],
[26,78,105],[17,59,103],[9,100,101],[9,94,98],[17,49,96],[16,60,176],[15,58,177],[42,56,160],[25,56,123],[46,117,121],
[45,63,119],[27,107,115],[104,110,142],[58,108,158],[60,106,165],[57,75,102],[29,59,102],[8,37,97],[106,144,169],[27,55,99],
[7,87,92],[7,44,175],[13,75,174],[12,29,173],[12,27,161],[72,90,115],[72,89,154],[10,71,87],[73,84,86],[10,65,85],
[44,51,83],[16,39,83],[6,57,76],[5,35,74],[14,73,90],[71,89,92],[4,70,88],[8,67,128],[13,66,134],[40,65,93],
[17,60,74],[6,48,58],[3,35,48],[14,24,43],[4,31,41],[21,40,84],[4,38,82],[10,98,101],[22,84,100],[5,94,126],
[23,37,113],[11,50,112],[6,30,77],[5,19,125],[32,53,67],[6,33,47],[3,24,159],[24,63,133],[12,62,68],[108,110,146],
[13,34,52],[2,43,130],[1,42,155],[1,37,41],[2,16,157],[1,15,156],[26,36,66],[15,20,32],[7,11,30],[3,28,127],
[4,18,81],[2,11,18],[23,50,54],[8,14,86],[9,22,28],[3,5,9],[1,8,32],[2,7,83],[212,214,215],[209,215,216],
[206,214,216],[203,212,213],[200,213,215],[197,211,212],[195,209,210],[193,211,214],[188,210,216],[185,208,209],[183,206,207],[181,205,206],
[180,203,204],[199,208,215],[187,207,216],[190,205,214],[171,204,213],[168,202,203],[166,200,201],[164,199,200],[163,197,198],[163,195,196],
[162,193,194],[192,202,212],[170,201,213],[152,198,211],[150,196,210],[148,194,211],[145,192,197],[143,191,195],[141,190,193],[139,188,189],
[137,187,188],[136,185,186],[180,183,184],[136,181,182],[135,179,199],[178,191,209],[147,189,210],[122,186,208],[120,184,207],[118,182,205],
[116,184,204],[114,179,208],[109,178,185],[107,177,183],[105,176,181],[103,175,180],[101,174,187],[100,173,190],[98,171,172],[96,170,171],
[95,168,169],[162,166,167],[95,164,165],[94,161,192],[176,177,206],[160,175,203],[113,174,207],[112,173,205],[111,172,204],[77,169,202],
[75,167,201],[125,165,199],[72,196,198],[69,167,194],[67,161,202],[124,160,168],[62,159,166],[61,158,164],[59,157,163],[57,156,163],
[55,155,162],[54,154,170],[53,152,153],[51,150,151],[50,148,149],[49,148,152],[47,147,150],[46,145,146],[45,143,144],[46,141,142],
[135,139,140],[45,137,138],[44,134,178],[158,159,200],[133,157,197],[132,156,195],[131,155,193],[66,154,201],[71,153,198],[73,151,196],
[65,149,194],[81,146,192],[31,144,191],[86,142,190],[69,140,189],[87,138,187],[64,182,186],[29,140,179],[28,134,191],[80,133,145],
[79,132,143],[78,131,141],[26,130,139],[25,129,137],[76,128,136],[88,127,180],[70,126,136],[90,127,183],[34,125,135],[23,124,147],
[22,122,123],[39,120,121],[20,118,119],[116,117,132],[54,114,115],[33,114,122],[38,113,120],[82,112,118],[91,111,116],[61,109,110],
[25,107,108],[78,105,106],[17,103,104],[100,101,102],[94,98,99],[17,96,97],[16,93,176],[15,93,177],[42,92,160],[129,130,188],
[91,128,185],[89,126,181],[40,124,189],[56,123,186],[117,121,184],[63,119,182],[27,115,179],[104,110,178],[58,108,177],[60,106,176],
[44,104,175],[75,102,174],[29,102,173],[99,150,172],[37,97,170],[106,165,169],[27,99,161],[7,92,175],[91,109,149],[90,107,115],
[89,105,154],[88,103,140],[10,87,101],[84,86,100],[10,85,98],[45,96,119],[73,84,95],[51,83,162],[82,95,151],[39,83,166],
[81,94,126],[23,80,113],[50,79,112],[26,78,111],[30,77,138],[57,75,76],[5,74,125],[72,73,90],[71,72,89],[69,70,88],
[53,67,68],[67,77,128],[13,66,75],[40,65,69],[64,80,124],[45,62,63],[17,59,60],[6,57,58],[25,55,56],[44,51,52],
[17,49,74],[6,47,48],[25,49,123],[48,58,158],[3,48,159],[24,43,133],[19,42,132],[31,41,131],[85,119,171],[40,84,168],
[38,82,164],[13,80,174],[12,79,173],[47,78,172],[138,144,169],[70,76,167],[60,74,165],[12,68,161],[56,64,160],[24,63,159],
[108,110,158],[16,60,157],[15,58,156],[42,56,155],[72,115,154],[68,120,153],[52,118,151],[79,116,149],[35,74,148],[35,48,147],
[36,123,152],[110,142,146],[13,52,134],[2,43,157],[1,42,156],[1,41,155],[39,62,68],[38,61,153],[57,59,102],[51,55,99],
[23,37,54],[26,36,53],[23,35,50],[34,46,117],[33,46,121],[20,32,135],[32,53,139],[26,66,105],[10,61,71],[10,65,109],
[18,81,129],[8,86,97],[7,30,87],[63,64,133],[29,59,103],[22,28,36],[28,31,127],[12,27,29],[6,76,77],[4,31,88],
[4,70,81],[14,24,90],[16,21,39],[15,20,85],[6,30,33],[4,38,41],[4,18,82],[14,43,91],[2,18,130],[19,89,92],
[13,34,145],[12,62,143],[33,47,141],[49,96,137],[108,129,146],[106,131,144],[97,104,142],[36,66,134],[43,111,130],[3,24,127],
[19,117,125],[21,121,122],[11,30,114],[37,41,113],[11,18,112],[21,40,93],[65,85,93],[8,14,128],[5,19,126],[20,34,52],
[21,22,84],[11,50,54],[9,22,100],[9,98,101],[5,9,94],[27,55,107],[1,8,37],[7,44,83],[14,73,86],[3,5,35],
[71,87,92],[2,16,83],[8,32,67],[1,15,32],[2,7,11],[3,9,28]];
###############################################################

