#SurfaceInfo: 108 Vertices, 648 Edges, 432 Faces, IsOrientable=true
 #Vertices of faces:
vof1:=[[106,107,108],[105,106,107],[104,107,108],[103,106,108],[100,101,102],[97,98,99],[94,95,96],[91,92,93],[88,89,90],[85,86,87],
[82,83,84],[80,81,87],[78,79,90],[76,77,84],[75,80,89],[74,78,83],[73,76,86],[82,85,88],[70,71,72],[67,68,69],
[64,65,66],[61,62,63],[58,59,60],[55,56,57],[54,57,59],[53,60,62],[52,56,63],[51,62,68],[50,56,71],[49,59,65],
[60,62,67],[56,63,70],[57,59,64],[51,61,62],[50,55,56],[49,58,59],[62,67,68],[59,64,65],[56,70,71],[48,100,101],
[47,101,102],[46,100,102],[45,75,89],[44,74,83],[43,73,86],[42,78,90],[41,76,84],[40,80,87],[39,97,98],[38,91,92],
[37,94,95],[36,75,80],[35,73,76],[34,74,78],[33,97,99],[32,91,93],[31,94,96],[40,64,66],[41,67,69],[42,70,72],
[39,68,69],[37,65,66],[38,71,72],[30,62,63],[29,59,60],[28,56,57],[85,88,89],[82,83,88],[82,85,86],[80,81,89],
[78,79,83],[76,77,86],[55,57,64],[61,63,70],[58,60,67],[26,27,89],[24,25,83],[22,23,86],[43,48,93],[45,47,99],
[44,46,96],[28,33,80],[29,32,76],[30,31,78],[43,48,100],[44,46,102],[45,47,101],[43,73,93],[45,75,99],[44,74,96],
[21,46,96],[20,48,93],[19,47,99],[33,36,80],[31,34,78],[32,35,76],[30,31,94],[29,32,91],[28,33,97],[18,61,70],
[17,58,67],[16,55,64],[26,85,89],[22,82,86],[24,83,88],[27,81,89],[23,77,86],[25,79,83],[30,63,78],[28,57,80],
[29,60,76],[40,66,80],[42,72,78],[41,69,76],[38,72,91],[39,69,97],[37,66,94],[23,44,83],[27,43,86],[25,45,89],
[35,48,101],[34,46,100],[36,47,102],[38,92,101],[37,95,100],[39,98,102],[42,58,90],[40,61,87],[41,55,84],[25,31,96],
[23,32,93],[27,33,99],[20,26,27],[19,24,25],[21,22,23],[22,29,59],[26,28,56],[24,30,62],[29,39,68],[30,38,71],
[28,37,65],[40,43,64],[42,45,70],[41,44,67],[54,59,93],[52,56,99],[53,62,96],[64,67,70],[15,63,69],[14,57,72],
[13,60,66],[21,36,68],[19,35,71],[20,34,65],[12,23,72],[11,27,69],[10,25,66],[9,42,69],[8,41,66],[7,40,72],
[20,38,90],[21,37,87],[19,39,84],[22,24,26],[43,44,45],[28,29,30],[27,42,69],[23,40,72],[25,41,66],[19,35,39],
[21,36,37],[20,34,38],[11,15,69],[10,13,66],[12,14,72],[40,43,45],[41,43,44],[42,44,45],[29,30,39],[28,29,37],
[28,30,38],[22,26,59],[22,24,62],[24,26,56],[20,26,103],[21,22,105],[19,24,104],[23,54,93],[25,53,96],[27,52,99],
[21,23,32],[20,27,33],[19,25,31],[20,58,90],[19,55,84],[21,61,87],[38,90,101],[39,84,102],[37,87,100],[7,40,61],
[8,41,55],[9,42,58],[11,35,48],[10,36,47],[12,34,46],[12,23,83],[10,25,89],[11,27,86],[35,92,101],[36,98,102],
[34,95,100],[21,46,68],[20,48,65],[19,47,71],[59,73,93],[62,74,96],[56,75,99],[45,70,101],[44,67,102],[43,64,100],
[7,72,78],[9,69,76],[8,66,80],[60,66,94],[63,69,97],[57,72,91],[33,36,68],[31,34,65],[32,35,71],[28,65,97],
[30,71,94],[29,68,91],[15,63,78],[13,60,76],[14,57,80],[25,45,79],[27,43,81],[23,44,77],[24,30,88],[22,29,82],
[26,28,85],[17,67,70],[16,64,67],[18,64,70],[6,89,90],[5,83,84],[4,86,87],[11,88,90],[10,82,84],[12,85,87],
[15,81,87],[13,79,90],[14,77,84],[48,98,99],[46,92,93],[47,95,96],[51,68,81],[49,65,79],[50,71,77],[3,21,96],
[2,20,93],[1,19,99],[18,61,94],[16,55,97],[17,58,91],[1,48,99],[3,47,96],[2,46,93],[15,51,81],[14,50,77],
[13,49,79],[11,13,90],[12,15,87],[10,14,84],[11,15,88],[12,14,85],[10,13,82],[17,57,91],[16,63,97],[18,60,94],
[46,68,81],[47,71,77],[48,65,79],[4,11,86],[6,10,89],[5,12,83],[11,48,98],[12,46,92],[10,47,95],[7,61,94],
[9,58,91],[8,55,97],[6,90,101],[4,87,100],[5,84,102],[3,21,32],[1,19,31],[2,20,33],[32,71,94],[33,68,91],
[31,65,97],[7,15,78],[8,14,80],[9,13,76],[17,70,101],[18,64,100],[16,67,102],[35,39,92],[34,38,95],[36,37,98],
[23,40,54],[27,42,52],[25,41,53],[21,61,105],[20,58,103],[19,55,104],[26,59,73],[24,56,75],[22,62,74],[30,39,88],
[28,38,85],[29,37,82],[40,45,79],[42,44,77],[41,43,81],[17,36,75],[16,34,74],[18,35,73],[51,61,75],[49,58,74],
[50,55,73],[5,54,57],[6,53,60],[4,52,63],[11,35,107],[12,34,108],[10,36,106],[26,53,103],[24,54,104],[22,52,105],
[1,2,3],[7,8,9],[4,52,105],[5,54,104],[6,53,103],[17,36,106],[18,35,107],[16,34,108],[17,51,75],[18,50,73],
[16,49,74],[24,54,75],[26,53,73],[22,52,74],[61,75,105],[55,73,104],[58,74,103],[7,8,15],[7,9,13],[8,9,14],
[1,3,32],[1,2,31],[2,3,33],[5,17,57],[6,18,60],[4,16,63],[11,13,107],[10,14,106],[12,15,108],[40,54,79],
[41,53,81],[42,52,77],[39,88,92],[37,82,98],[38,85,95],[6,17,101],[5,16,102],[4,18,100],[7,32,94],[8,31,97],
[9,33,91],[4,11,98],[5,12,92],[6,10,95],[15,51,88],[13,49,82],[14,50,85],[2,46,81],[1,48,79],[3,47,77],
[1,54,79],[3,52,77],[2,53,81],[49,82,98],[50,85,95],[51,88,92],[1,7,32],[3,9,33],[2,8,31],[7,13,107],
[9,14,106],[8,15,108],[54,75,105],[52,74,103],[53,73,104],[5,16,49],[4,18,50],[6,17,51],[5,17,106],[4,16,108],
[6,18,107],[4,98,105],[6,95,103],[5,92,104],[5,49,106],[6,51,107],[4,50,108],[1,54,105],[2,53,104],[3,52,103],
[1,7,107],[2,8,108],[3,9,106],[49,98,105],[51,92,104],[50,95,103],[49,105,106],[50,103,108],[51,104,107],[1,105,107],
[3,103,106],[2,104,108]];
###############################################################

#SurfaceInfo: 84 Vertices, 672 Edges, 448 Faces, IsOrientable=false
 #Vertices of faces:
vof2:=[[82,83,84],[81,82,83],[80,82,84],[79,83,84],[76,77,78],[73,74,75],[70,71,72],[67,68,69],[64,65,66],[61,62,63],
[58,59,60],[56,57,59],[55,56,58],[53,54,75],[51,52,72],[49,50,78],[48,53,54],[47,51,52],[46,49,50],[44,45,74],
[42,43,71],[40,41,77],[39,42,71],[38,40,77],[37,44,74],[35,36,75],[33,34,72],[31,32,78],[29,30,75],[27,28,78],
[25,26,72],[24,34,59],[23,36,58],[22,32,56],[21,48,59],[20,47,56],[19,46,58],[59,68,75],[56,65,72],[58,62,78],
[65,73,78],[62,70,75],[68,72,76],[35,52,63],[33,50,69],[31,54,66],[27,31,66],[29,35,63],[25,33,69],[22,47,56],
[23,46,58],[24,48,59],[59,70,75],[58,73,78],[56,72,76],[56,58,59],[29,35,75],[25,33,72],[27,31,78],[18,26,73],
[17,30,76],[16,28,70],[34,44,55],[32,42,60],[36,40,57],[15,32,60],[14,34,55],[13,36,57],[12,39,76],[11,38,73],
[10,37,70],[9,11,39],[8,10,38],[7,12,37],[7,10,37],[8,11,38],[9,12,39],[6,45,74],[5,41,77],[4,43,71],
[5,39,71],[4,37,74],[6,38,77],[10,38,40],[12,37,44],[11,39,42],[15,59,60],[14,55,58],[13,56,57],[3,62,70],
[2,68,76],[1,65,73],[21,27,66],[19,25,69],[20,29,63],[37,67,68],[39,64,65],[38,61,62],[30,76,77],[28,70,71],
[26,73,74],[21,48,53],[19,46,49],[20,47,51],[54,68,75],[50,62,78],[52,65,72],[30,62,75],[26,68,72],[28,65,78],
[34,57,59],[32,55,56],[36,58,60],[35,47,52],[31,48,54],[33,46,50],[21,59,68],[19,58,62],[20,56,65],[32,77,78],
[34,71,72],[36,74,75],[52,62,63],[50,68,69],[54,65,66],[6,7,45],[4,9,43],[5,8,41],[7,25,59],[8,29,58],
[9,27,56],[7,52,59],[9,50,56],[8,54,58],[37,46,67],[38,47,61],[39,48,64],[21,66,77],[19,69,71],[20,63,74],
[3,21,62],[1,19,65],[2,20,68],[5,39,55],[6,38,60],[4,37,57],[9,36,40],[7,32,42],[8,34,44],[11,24,73],
[10,22,70],[12,23,76],[7,18,73],[9,16,70],[8,17,76],[46,53,75],[47,49,78],[48,51,72],[44,45,61],[40,41,64],
[42,43,67],[18,35,36],[17,31,32],[16,33,34],[59,70,79],[56,76,80],[58,73,81],[41,43,45],[63,66,69],[9,18,36],
[8,16,34],[7,17,32],[66,69,71],[63,66,77],[63,69,74],[46,53,67],[48,51,64],[47,49,61],[52,59,79],[54,58,81],
[50,56,80],[9,27,40],[7,25,42],[8,29,44],[7,18,45],[8,17,41],[9,16,43],[20,36,74],[21,32,77],[19,34,71],
[3,21,68],[2,20,65],[1,19,62],[31,39,48],[33,37,46],[35,38,47],[30,52,62],[28,54,65],[26,50,68],[6,26,74],
[4,28,71],[5,30,77],[37,54,68],[39,52,65],[38,50,62],[21,27,53],[20,29,51],[19,25,49],[1,7,73],[2,8,76],
[3,9,70],[15,25,59],[13,27,56],[14,29,58],[10,22,40],[11,24,42],[12,23,44],[44,55,61],[40,57,64],[42,60,67],
[13,36,60],[15,32,55],[14,34,57],[37,70,79],[38,73,81],[39,76,80],[5,8,10],[6,7,12],[4,9,11],[8,11,54],
[7,10,52],[9,12,50],[18,26,35],[16,28,33],[17,30,31],[41,43,62],[43,45,65],[41,45,68],[43,55,67],[45,57,61],
[41,60,64],[39,46,75],[38,48,72],[37,47,78],[5,24,73],[4,23,76],[6,22,70],[37,57,78],[39,55,75],[38,60,72],
[5,55,67],[6,60,64],[4,57,61],[21,43,62],[20,41,68],[19,45,65],[5,71,73],[6,70,77],[4,74,76],[9,29,30],
[8,25,26],[7,27,28],[22,29,32],[24,27,34],[23,25,36],[76,78,83],[70,72,82],[73,75,84],[9,18,30],[7,17,28],
[8,16,26],[74,76,83],[71,73,84],[70,77,82],[57,78,83],[60,72,82],[55,75,84],[14,22,29],[13,24,27],[15,23,25],
[1,7,27],[2,8,25],[3,9,29],[25,36,49],[29,32,51],[27,34,53],[6,12,22],[4,11,23],[5,10,24],[13,41,60],
[15,43,55],[14,45,57],[37,54,79],[39,52,80],[38,50,81],[35,38,48],[33,37,47],[31,39,46],[3,45,68],[1,41,62],
[2,43,65],[18,19,45],[17,20,41],[16,21,43],[26,50,80],[28,54,81],[30,52,79],[5,53,67],[6,51,64],[4,49,61],
[26,27,35],[25,30,31],[28,29,33],[11,22,54],[12,24,50],[10,23,52],[26,55,61],[28,60,67],[30,57,64],[22,40,54],
[23,44,52],[24,42,50],[5,30,57],[4,28,60],[6,26,55],[20,36,71],[19,34,77],[21,32,74],[26,27,40],[28,29,44],
[25,30,42],[36,66,71],[32,69,74],[34,63,77],[22,43,47],[24,45,48],[23,41,46],[1,23,41],[2,22,43],[3,24,45],
[14,45,48],[13,41,46],[15,43,47],[26,40,80],[30,42,79],[28,44,81],[40,54,79],[42,50,81],[44,52,80],[32,51,69],
[34,53,63],[36,49,66],[1,27,35],[3,29,33],[2,25,31],[11,14,22],[10,15,23],[12,13,24],[5,57,83],[6,55,84],
[4,60,82],[20,71,84],[19,77,82],[21,74,83],[16,26,61],[18,30,64],[17,28,67],[12,19,22],[10,20,24],[11,21,23],
[5,47,53],[4,48,49],[6,46,51],[18,19,22],[16,21,23],[17,20,24],[5,33,47],[6,31,46],[4,35,48],[40,67,69],
[42,61,63],[44,64,66],[40,67,80],[44,64,81],[42,61,79],[40,69,79],[44,66,80],[42,63,81],[11,21,83],[10,20,84],
[12,19,82],[5,33,83],[4,35,82],[6,31,84],[13,46,51],[15,47,53],[14,48,49],[3,17,24],[2,18,22],[1,16,23],
[18,33,64],[17,35,67],[16,31,61],[11,14,69],[12,13,63],[10,15,66],[1,35,67],[2,31,61],[3,33,64],[11,51,69],
[10,49,66],[12,53,63],[10,49,84],[12,53,82],[11,51,83],[18,33,83],[17,35,82],[16,31,84],[15,66,80],[13,63,81],
[14,69,79],[3,64,81],[1,67,80],[2,61,79],[3,17,49],[1,16,51],[2,18,53],[15,18,53],[14,17,49],[13,16,51],
[3,49,84],[1,51,83],[2,53,82],[15,18,83],[13,16,84],[14,17,82],[3,15,81],[2,13,79],[1,14,80],[3,15,80],
[1,14,79],[2,13,81],[3,80,84],[2,81,82],[1,79,83],[15,81,83],[14,80,82],[13,79,84]];
###############################################################

#SurfaceInfo: 84 Vertices, 756 Edges, 504 Faces, IsOrientable=false
 #Vertices of faces:
vof3:=[[82,83,84],[81,82,83],[80,82,84],[79,83,84],[76,77,78],[73,74,75],[70,71,72],[68,69,74],[66,67,77],[64,65,71],
[61,62,63],[58,59,60],[55,56,57],[53,54,83],[52,53,82],[52,54,84],[49,50,51],[46,47,48],[45,59,81],[44,62,79],
[43,56,80],[42,44,62],[41,43,56],[40,45,59],[37,38,39],[34,35,36],[31,32,33],[61,65,74],[55,69,77],[58,67,71],
[30,33,67],[29,39,65],[28,36,69],[27,30,53],[26,29,54],[25,28,52],[54,58,78],[52,61,72],[53,55,75],[24,54,78],
[23,52,72],[22,53,75],[30,53,70],[28,52,76],[29,54,73],[27,58,71],[25,55,77],[26,61,74],[36,53,69],[39,52,65],
[33,54,67],[21,37,38],[20,31,32],[19,34,35],[24,27,66],[22,25,68],[23,26,64],[18,34,71],[17,31,74],[16,37,77],
[15,19,21],[14,20,21],[13,19,20],[12,42,58],[11,40,55],[10,41,61],[9,24,45],[8,23,44],[7,22,43],[6,42,45],
[5,41,44],[4,40,43],[18,25,73],[17,27,76],[16,26,70],[10,22,61],[11,24,55],[12,23,58],[23,44,55],[22,43,58],
[24,45,61],[34,42,45],[31,41,44],[37,40,43],[25,70,81],[27,73,79],[26,76,80],[42,68,80],[40,64,79],[41,66,81],
[25,41,81],[27,40,79],[26,42,80],[70,73,76],[22,23,24],[19,20,21],[18,34,42],[16,37,40],[17,31,41],[18,42,68],
[17,41,66],[16,40,64],[18,25,68],[16,26,64],[17,27,66],[22,23,58],[22,24,61],[23,24,55],[25,70,73],[26,70,76],
[27,73,76],[36,75,77],[39,72,74],[33,71,78],[12,20,66],[10,21,64],[11,19,68],[3,31,38],[2,35,37],[1,32,34],
[28,59,64],[30,62,68],[29,56,66],[24,47,64],[22,46,66],[23,48,68],[28,47,64],[30,48,68],[29,46,66],[44,50,79],
[43,49,80],[45,51,81],[24,50,54],[22,51,53],[23,49,52],[7,30,70],[9,29,73],[8,28,76],[21,27,58],[20,25,55],
[19,26,61],[13,36,53],[14,33,54],[15,39,52],[12,20,31],[10,21,37],[11,19,34],[3,21,38],[2,19,35],[1,20,32],
[24,64,66],[23,64,68],[22,66,68],[15,21,27],[13,19,26],[14,20,25],[14,21,33],[13,20,36],[15,19,39],[1,34,45],
[2,37,43],[3,31,44],[7,16,70],[8,17,76],[9,18,73],[11,49,50],[10,50,51],[12,49,51],[53,59,83],[52,56,82],
[54,62,84],[50,53,54],[49,52,54],[51,52,53],[46,47,62],[46,48,59],[47,48,56],[46,61,62],[47,55,56],[48,58,59],
[11,68,74],[10,64,71],[12,66,77],[36,76,77],[33,70,71],[39,73,74],[62,68,69],[56,66,67],[59,64,65],[34,36,71],
[31,33,74],[37,39,77],[28,35,36],[30,32,33],[29,38,39],[22,25,28],[24,27,30],[23,26,29],[26,54,67],[25,52,65],
[27,53,69],[7,41,43],[9,40,45],[8,42,44],[41,61,65],[42,58,67],[40,55,69],[8,23,72],[7,22,75],[9,24,78],
[6,12,42],[5,10,41],[4,11,40],[59,70,81],[56,76,80],[62,73,79],[4,43,58],[6,45,61],[5,44,55],[41,56,57],
[42,62,63],[40,59,60],[16,77,78],[18,71,72],[17,74,75],[28,69,74],[29,65,71],[30,67,77],[53,70,82],[54,73,83],
[52,76,84],[58,76,78],[61,70,72],[55,73,75],[52,61,63],[53,55,57],[54,58,60],[17,45,51],[18,43,49],[16,44,50],
[11,50,56],[12,49,59],[10,51,62],[32,53,59],[38,54,62],[35,52,56],[18,75,77],[17,71,78],[16,72,74],[27,46,71],
[26,47,74],[25,48,77],[49,59,80],[51,62,81],[50,56,79],[16,50,72],[17,51,78],[18,49,75],[38,54,60],[32,53,57],
[35,52,63],[20,70,82],[19,76,84],[21,73,83],[16,28,74],[18,30,77],[17,29,71],[17,45,75],[16,44,78],[18,43,72],
[4,58,76],[5,55,73],[6,61,70],[41,57,65],[40,60,69],[42,63,67],[2,30,32],[1,29,38],[3,28,35],[36,46,71],
[39,48,77],[33,47,74],[12,59,65],[10,62,69],[11,56,67],[33,59,70],[39,62,73],[36,56,76],[11,49,74],[12,51,77],
[10,50,71],[35,48,56],[32,46,59],[38,47,62],[27,46,61],[25,48,58],[26,47,55],[9,18,40],[8,17,42],[7,16,41],
[13,50,53],[15,51,52],[14,49,54],[13,26,67],[15,27,69],[14,25,65],[6,12,31],[4,11,34],[5,10,37],[2,19,61],
[3,21,58],[1,20,55],[20,64,66],[19,66,68],[21,64,68],[7,30,48],[8,28,47],[9,29,46],[30,62,84],[29,56,82],
[28,59,83],[24,47,50],[23,48,49],[22,46,51],[8,21,72],[9,20,78],[7,19,75],[1,22,28],[2,23,29],[3,24,30],
[1,28,45],[3,30,44],[2,29,43],[8,21,33],[7,19,39],[9,20,36],[31,36,38],[32,34,39],[33,35,37],[36,38,75],
[33,35,78],[32,39,72],[8,69,77],[7,67,71],[9,65,74],[2,30,45],[3,28,43],[1,29,44],[6,19,76],[4,21,73],
[5,20,70],[8,33,69],[9,36,65],[7,39,67],[4,21,72],[6,19,75],[5,20,78],[30,45,84],[28,43,83],[29,44,82],
[7,50,71],[9,49,74],[8,51,77],[4,6,76],[5,6,70],[4,5,73],[2,45,75],[3,43,72],[1,44,78],[2,27,61],
[1,26,55],[3,25,58],[7,35,48],[9,32,46],[8,38,47],[33,59,80],[36,56,79],[39,62,81],[31,36,46],[33,37,47],
[34,39,48],[1,22,38],[3,24,35],[2,23,32],[12,57,65],[10,60,69],[11,63,67],[16,28,45],[17,29,43],[18,30,44],
[20,64,82],[21,68,83],[19,66,84],[38,60,75],[32,57,72],[35,63,78],[13,50,72],[14,49,75],[15,51,78],[6,47,50],
[5,48,49],[4,46,51],[6,31,50],[5,37,49],[4,34,51],[13,40,67],[14,42,65],[15,41,69],[13,18,40],[15,16,41],
[14,17,42],[10,13,22],[12,15,23],[11,14,24],[27,40,57],[26,42,60],[25,41,63],[31,68,80],[37,66,81],[34,64,79],
[2,27,57],[3,25,63],[1,26,60],[10,13,18],[11,14,17],[12,15,16],[40,57,67],[41,63,69],[42,60,65],[31,68,83],
[34,64,82],[37,66,84],[13,22,38],[15,23,32],[14,24,35],[37,47,81],[31,46,80],[34,48,79],[2,60,75],[1,63,78],
[3,57,72],[4,6,47],[4,5,46],[5,6,48],[7,31,50],[8,34,51],[9,37,49],[16,45,84],[18,44,82],[17,43,83],
[4,13,72],[5,15,78],[6,14,75],[33,69,80],[39,67,81],[36,65,79],[12,38,57],[11,32,63],[10,35,60],[8,38,57],
[7,35,60],[9,32,63],[1,7,60],[3,9,63],[2,8,57],[4,47,81],[6,48,79],[5,46,80],[12,13,38],[10,14,35],
[11,15,32],[7,31,83],[9,37,84],[8,34,82],[63,69,80],[57,67,81],[60,65,79],[12,16,84],[10,18,82],[11,17,83],
[4,13,63],[6,14,57],[5,15,60],[1,4,63],[3,6,57],[2,5,60],[13,63,80],[15,60,79],[14,57,81],[1,7,83],
[2,8,82],[3,9,84],[12,13,84],[11,15,83],[10,14,82],[1,4,81],[2,5,80],[3,6,79],[13,80,84],[14,81,82],
[15,79,83],[1,81,83],[3,79,84],[2,80,82]];
###############################################################

#SurfaceInfo: 96 Vertices, 768 Edges, 512 Faces, IsOrientable=true
 #Vertices of faces:
vof4:=[[94,95,96],[93,94,95],[92,94,96],[91,95,96],[88,89,90],[85,86,87],[82,83,84],[83,86,89],[79,80,81],[76,77,78],
[73,74,75],[72,84,91],[71,87,92],[70,90,93],[68,69,77],[66,67,74],[64,65,80],[63,73,74],[62,76,77],[61,79,80],
[85,90,93],[84,88,91],[82,87,92],[74,83,89],[77,86,89],[80,83,86],[58,59,60],[55,56,57],[52,53,54],[51,85,93],
[50,88,91],[49,82,92],[66,74,89],[64,80,83],[68,77,86],[62,77,89],[61,80,86],[63,74,83],[47,48,82],[45,46,85],
[43,44,88],[59,68,86],[53,66,89],[56,64,83],[42,62,89],[41,63,83],[40,61,86],[49,75,82],[51,81,85],[50,78,88],
[41,58,59],[40,52,53],[42,55,56],[53,80,81],[59,74,75],[56,77,78],[39,88,89],[38,82,83],[37,85,86],[57,89,90],
[60,83,84],[54,86,87],[80,88,90],[77,82,84],[74,85,87],[36,59,60],[35,53,54],[34,56,57],[33,61,82],[32,62,85],
[31,63,88],[45,72,89],[43,71,83],[47,70,86],[61,62,63],[70,71,72],[30,73,80],[29,77,79],[28,74,76],[51,57,76],
[50,60,73],[49,54,79],[27,30,73],[26,29,79],[25,28,76],[26,51,76],[27,49,79],[25,50,73],[32,62,63],[31,61,63],
[33,61,62],[45,70,72],[47,70,71],[43,71,72],[36,60,73],[34,57,76],[35,54,79],[60,66,84],[54,64,87],[57,68,90],
[24,80,90],[23,74,87],[22,77,84],[38,61,82],[37,62,85],[39,63,88],[37,70,86],[39,72,89],[38,71,83],[30,80,88],
[28,74,85],[29,77,82],[49,54,86],[50,60,83],[51,57,89],[53,73,80],[59,74,76],[56,77,79],[42,45,89],[40,47,86],
[41,43,83],[36,59,86],[34,56,83],[35,53,89],[26,40,53],[25,42,56],[27,41,59],[56,78,88],[53,81,85],[59,75,82],
[33,47,82],[31,43,88],[32,45,85],[21,57,84],[20,54,90],[19,60,87],[18,48,79],[17,44,73],[16,46,76],[14,15,24],
[12,13,22],[10,11,23],[26,68,69],[27,64,65],[25,66,67],[47,67,74],[45,65,80],[43,69,77],[9,63,73],[8,61,79],
[7,62,76],[84,88,94],[82,87,95],[85,90,96],[53,66,70],[59,68,71],[56,64,72],[24,41,63],[22,40,61],[23,42,62],
[40,52,60],[42,54,55],[41,57,58],[49,62,75],[50,61,78],[51,63,81],[37,48,82],[38,44,88],[39,46,85],[45,46,68],
[43,44,66],[47,48,64],[16,17,18],[12,36,45],[10,35,43],[14,34,47],[18,69,70],[16,67,72],[17,65,71],[7,8,9],
[8,24,55],[7,22,58],[9,23,52],[12,62,67],[10,63,65],[14,61,69],[9,13,66],[7,15,68],[8,11,64],[17,18,69],
[16,17,65],[16,18,67],[7,8,55],[8,9,52],[7,9,58],[8,47,64],[9,43,66],[7,45,68],[12,62,75],[10,63,81],
[14,61,78],[8,24,41],[9,23,42],[7,22,40],[24,51,63],[23,49,62],[22,50,61],[18,53,70],[16,56,72],[17,59,71],
[48,64,72],[44,66,70],[46,68,71],[38,88,94],[39,85,96],[37,82,95],[34,47,67],[36,45,65],[35,43,69],[12,25,67],
[14,26,69],[10,27,65],[12,22,36],[10,23,35],[14,24,34],[9,12,13],[7,14,15],[8,10,11],[37,48,79],[39,46,76],
[38,44,73],[19,52,60],[21,57,58],[20,54,55],[54,90,96],[60,87,95],[57,84,94],[37,62,67],[38,61,69],[39,63,65],
[33,47,74],[31,43,77],[32,45,80],[25,56,66],[27,59,64],[26,53,68],[38,65,71],[39,67,72],[37,69,70],[40,47,60],
[41,43,57],[42,45,54],[13,60,66],[15,57,68],[11,54,64],[23,52,74],[22,58,77],[24,55,80],[9,32,63],[7,33,62],
[8,31,61],[12,45,70],[14,47,71],[10,43,72],[9,27,73],[7,25,76],[8,26,79],[18,27,79],[16,26,76],[17,25,73],
[36,49,86],[35,51,89],[34,50,83],[30,56,88],[29,59,82],[28,53,85],[36,53,73],[35,56,79],[34,59,76],[6,73,75],
[5,79,81],[4,76,78],[6,18,48],[5,16,46],[4,17,44],[19,34,87],[20,36,90],[21,35,84],[15,24,38],[11,23,39],
[13,22,37],[3,72,84],[2,70,90],[1,71,87],[11,71,92],[15,70,93],[13,72,91],[51,67,93],[50,65,91],[49,69,92],
[28,58,60],[30,52,54],[29,55,57],[19,25,42],[20,27,41],[21,26,40],[4,68,90],[5,64,87],[6,66,84],[22,42,84],
[23,41,87],[24,40,90],[6,26,29],[4,27,30],[5,25,28],[26,33,51],[27,31,49],[25,32,50],[3,65,75],[1,69,81],
[2,67,78],[19,20,21],[1,15,32],[3,11,33],[2,13,31],[28,29,30],[5,28,30],[4,29,30],[6,28,29],[6,26,33],
[5,25,32],[4,27,31],[19,22,42],[21,24,40],[20,23,41],[3,11,92],[2,13,91],[1,15,93],[3,42,84],[1,41,87],
[2,40,90],[20,21,36],[19,20,34],[19,21,35],[15,32,38],[13,31,37],[11,33,39],[4,36,90],[6,35,84],[5,34,87],
[6,48,66],[4,44,68],[5,46,64],[6,18,75],[4,17,78],[5,16,81],[18,51,67],[17,49,69],[16,50,65],[12,15,70],
[10,13,72],[11,14,71],[1,9,32],[3,7,33],[2,8,31],[3,38,65],[1,37,69],[2,39,67],[39,65,75],[37,67,78],
[38,69,81],[28,60,95],[29,57,94],[30,54,96],[20,27,55],[21,26,58],[19,25,52],[6,38,73],[4,39,76],[5,37,79],
[34,67,93],[35,69,92],[36,65,91],[24,38,94],[22,37,95],[23,39,96],[3,48,72],[1,46,71],[2,44,70],[24,33,51],
[22,32,50],[23,31,49],[7,29,55],[9,28,58],[8,30,52],[3,12,75],[2,14,78],[1,10,81],[13,47,60],[11,45,54],
[15,43,57],[30,56,66],[28,53,68],[29,59,64],[33,52,74],[32,55,80],[31,58,77],[9,12,27],[8,10,26],[7,14,25],
[22,36,49],[24,34,50],[23,35,51],[10,18,27],[12,17,25],[14,16,26],[18,36,53],[17,34,59],[16,35,56],[8,41,47],
[7,40,45],[9,42,43],[13,41,47],[15,42,43],[11,40,45],[3,12,48],[2,14,44],[1,10,46],[24,33,94],[23,31,96],
[22,32,95],[12,27,55],[14,25,52],[10,26,58],[6,38,81],[5,37,78],[4,39,75],[2,8,30],[1,9,28],[3,7,29],
[10,13,18],[11,14,16],[12,15,17],[18,51,75],[17,49,78],[16,50,81],[30,48,66],[28,44,68],[29,46,64],[5,34,93],
[4,36,91],[6,35,92],[18,21,36],[16,19,35],[17,20,34],[3,32,38],[2,33,39],[1,31,37],[3,42,92],[2,40,91],
[1,41,93],[19,22,49],[20,23,51],[21,24,50],[6,33,52],[4,31,58],[5,32,55],[6,28,95],[5,30,96],[4,29,94],
[13,41,93],[15,42,92],[11,40,91],[5,55,93],[4,58,91],[6,52,92],[21,50,81],[20,51,75],[19,49,78],[13,18,21],
[15,17,20],[11,16,19],[2,30,48],[3,29,46],[1,28,44],[6,81,95],[4,75,94],[5,78,96],[2,33,94],[3,32,95],
[1,31,96],[12,48,55],[10,46,58],[14,44,52],[2,48,94],[1,44,96],[3,46,95],[13,21,93],[11,19,91],[15,20,92],
[21,81,95],[19,78,96],[20,75,94],[48,55,93],[44,52,92],[46,58,91],[48,93,94],[46,91,95],[44,92,96],[21,93,95],
[20,92,94],[19,91,96]];
###############################################################

#SurfaceInfo: 144 Vertices, 864 Edges, 576 Faces, IsOrientable=true
 #Vertices of faces:
vof5:=[[142,143,144],[141,142,143],[140,142,144],[139,143,144],[136,137,138],[133,134,135],[130,131,132],[127,128,129],[125,126,134],[123,124,131],
[121,122,137],[119,120,129],[117,118,128],[115,116,127],[114,125,126],[113,121,122],[112,123,124],[111,127,128],[110,127,129],[109,128,129],
[108,136,137],[107,130,131],[106,133,134],[121,137,138],[123,131,132],[125,134,135],[105,136,138],[104,133,135],[103,130,132],[102,108,137],
[101,106,134],[100,107,131],[99,114,125],[98,112,123],[97,113,121],[94,95,96],[93,94,95],[92,94,96],[91,95,96],[90,102,108],
[89,100,107],[88,101,106],[99,118,125],[97,120,121],[98,116,123],[90,108,119],[88,106,117],[89,107,115],[87,99,118],[86,98,116],
[85,97,120],[84,91,95],[83,93,94],[82,92,96],[79,80,81],[76,77,78],[73,74,75],[72,78,117],[71,75,119],[70,81,115],
[69,72,117],[68,70,115],[67,71,119],[66,79,80],[65,73,74],[64,76,77],[72,77,78],[70,80,81],[71,74,75],[63,86,98],
[62,87,99],[61,85,97],[75,108,119],[81,107,115],[78,106,117],[60,82,92],[59,83,93],[58,84,91],[57,86,116],[56,85,120],
[55,87,118],[54,57,86],[53,56,85],[52,55,87],[51,55,118],[50,57,116],[49,56,120],[64,76,136],[66,79,133],[65,73,130],
[48,58,84],[47,59,83],[46,60,82],[45,78,106],[44,81,107],[43,75,108],[42,62,99],[41,61,97],[40,63,98],[39,70,80],
[38,71,74],[37,72,77],[36,68,70],[35,67,71],[34,69,72],[40,50,137],[41,49,134],[42,51,131],[33,36,44],[32,34,45],
[31,35,43],[53,113,122],[54,112,124],[52,114,126],[78,85,95],[81,87,94],[75,86,96],[110,127,135],[109,129,132],[111,128,138],
[38,105,138],[39,103,132],[37,104,135],[94,108,136],[96,106,133],[95,107,130],[86,125,135],[87,121,138],[85,123,132],[53,105,136],
[54,103,130],[52,104,133],[37,88,101],[39,89,100],[38,90,102],[47,91,96],[48,92,94],[46,93,95],[30,62,87],[29,61,85],
[28,63,86],[69,117,136],[67,119,130],[68,115,133],[27,28,63],[26,30,62],[25,29,61],[24,111,138],[23,109,132],[22,110,135],
[53,117,136],[52,115,133],[54,119,130],[30,87,138],[28,86,135],[29,85,132],[48,94,136],[46,95,130],[47,96,133],[38,90,105],
[37,88,104],[39,89,103],[37,127,135],[38,128,138],[39,129,132],[75,96,106],[78,95,107],[81,94,108],[75,86,125],[78,85,123],
[81,87,121],[53,105,113],[52,104,114],[54,103,112],[64,69,136],[65,67,130],[66,68,133],[33,36,68],[31,35,67],[32,34,69],
[37,77,101],[38,74,102],[39,80,100],[40,63,137],[42,62,131],[41,61,134],[33,44,107],[31,43,108],[32,45,106],[48,58,92],
[46,60,93],[47,59,91],[49,56,134],[50,57,137],[51,55,131],[54,57,124],[52,55,126],[53,56,122],[67,115,127],[68,117,128],
[69,119,129],[58,102,137],[60,100,131],[59,101,134],[27,126,134],[26,122,137],[25,124,131],[21,28,73],[20,29,76],[19,30,79],
[55,72,98],[56,71,99],[57,70,97],[17,18,103],[15,16,105],[13,14,104],[48,99,114],[46,97,113],[47,98,112],[62,115,116],
[63,119,120],[61,117,118],[10,11,12],[7,8,9],[4,5,6],[8,42,51],[5,40,50],[11,41,49],[85,95,110],[86,96,111],
[87,94,109],[30,76,78],[28,79,81],[29,73,75],[51,90,119],[49,89,115],[50,88,117],[76,82,96],[79,84,95],[73,83,94],
[11,76,136],[5,73,130],[8,79,133],[34,72,113],[36,70,114],[35,71,112],[40,45,78],[42,43,75],[41,44,81],[48,84,103],
[46,82,104],[47,83,105],[12,54,86],[9,53,85],[6,52,87],[4,51,118],[10,50,116],[7,49,120],[64,65,66],[100,101,102],
[31,32,33],[24,33,124],[23,32,126],[22,31,122],[11,76,82],[5,73,83],[8,79,84],[12,86,111],[6,87,109],[9,85,110],
[73,94,109],[79,95,110],[76,96,111],[11,41,44],[8,42,43],[5,40,45],[5,50,88],[11,49,89],[8,51,90],[7,63,120],
[4,61,118],[10,62,116],[4,5,51],[10,11,50],[7,8,49],[11,12,54],[5,6,52],[8,9,53],[15,83,105],[17,84,103],
[13,82,104],[47,105,112],[48,103,114],[46,104,113],[57,70,114],[56,71,112],[55,72,113],[51,63,119],[50,61,117],[49,62,115],
[20,30,76],[19,28,79],[21,29,73],[48,56,99],[47,55,98],[46,57,97],[24,33,111],[23,32,109],[22,31,110],[24,57,124],
[22,56,122],[23,55,126],[27,56,134],[25,55,131],[26,57,137],[58,92,102],[59,91,101],[60,93,100],[32,33,106],[31,32,108],
[31,33,107],[58,63,137],[59,61,134],[60,62,131],[77,100,101],[80,100,102],[74,101,102],[33,68,124],[31,67,122],[32,69,126],
[64,66,69],[65,66,68],[64,65,67],[34,105,113],[35,103,112],[36,104,114],[28,81,121],[29,75,125],[30,78,123],[40,78,107],
[41,81,108],[42,75,106],[37,67,127],[39,69,129],[38,68,128],[16,90,105],[18,89,103],[14,88,104],[11,48,136],[8,47,133],
[5,46,130],[19,30,138],[20,29,132],[21,28,135],[52,67,115],[54,69,119],[53,68,117],[27,63,126],[25,61,124],[26,62,122],
[18,109,128],[16,111,127],[14,110,129],[3,28,73],[2,29,76],[1,30,79],[17,18,102],[15,16,101],[13,14,100],[17,118,125],
[15,116,123],[13,120,121],[14,24,138],[18,22,135],[16,23,132],[13,25,29],[17,26,30],[15,27,28],[17,26,125],[13,25,121],
[15,27,123],[14,24,110],[16,23,111],[18,22,109],[14,19,138],[18,21,135],[16,20,132],[14,88,129],[16,90,127],[18,89,128],
[3,28,121],[1,30,123],[2,29,125],[15,74,101],[13,77,100],[17,80,102],[18,92,102],[14,93,100],[16,91,101],[15,19,28],
[17,20,30],[13,21,29],[13,82,120],[17,84,118],[15,83,116],[1,79,110],[2,76,111],[3,73,109],[54,66,69],[53,65,68],
[52,64,67],[39,69,126],[37,67,122],[38,68,124],[33,42,106],[31,40,107],[32,41,108],[27,48,56],[26,46,57],[25,47,55],
[51,58,63],[49,60,62],[50,59,61],[22,56,112],[23,55,113],[24,57,114],[34,105,112],[36,104,113],[35,103,114],[7,63,126],
[10,62,122],[4,61,124],[5,51,88],[8,49,90],[11,50,89],[11,44,48],[5,45,46],[8,43,47],[12,33,111],[9,31,110],
[6,32,109],[11,54,82],[8,53,84],[5,52,83],[120,129,140],[116,127,139],[118,128,141],[15,39,70],[17,37,72],[13,38,71],
[14,42,99],[18,40,98],[16,41,97],[82,120,140],[83,116,139],[84,118,141],[15,19,39],[13,21,38],[17,20,37],[16,91,97],
[18,92,98],[14,93,99],[17,72,80],[13,71,77],[15,70,74],[88,129,140],[89,128,141],[90,127,139],[14,19,42],[16,20,41],
[18,21,40],[54,66,82],[52,64,83],[53,65,84],[22,34,112],[24,35,114],[23,36,113],[51,58,88],[50,59,89],[49,60,90],
[27,44,48],[25,43,47],[26,45,46],[12,33,42],[6,32,41],[9,31,40],[7,39,126],[4,38,124],[10,37,122],[1,24,110],
[3,22,109],[2,23,111],[3,25,121],[2,26,125],[1,27,123],[72,98,144],[70,97,142],[71,99,143],[25,66,80],[26,65,74],
[27,64,77],[22,59,93],[24,58,91],[23,60,92],[3,25,66],[1,27,64],[2,26,65],[1,24,58],[2,23,60],[3,22,59],
[25,43,80],[26,45,74],[27,44,77],[22,34,93],[23,36,92],[24,35,91],[72,80,144],[70,74,142],[71,77,143],[93,99,143],
[92,98,144],[91,97,142],[12,19,42],[9,21,40],[6,20,41],[58,88,140],[60,90,139],[59,89,141],[7,19,39],[10,20,37],
[4,21,38],[66,82,140],[65,84,141],[64,83,139],[21,36,44],[20,35,43],[19,34,45],[10,20,43],[4,21,44],[7,19,45],
[12,19,34],[6,20,35],[9,21,36],[3,66,140],[1,64,139],[2,65,141],[34,93,143],[35,91,142],[36,92,144],[43,80,144],
[44,77,143],[45,74,142],[3,59,141],[1,58,140],[2,60,139],[3,10,12],[1,4,6],[2,7,9],[3,10,140],[2,7,141],
[1,4,139],[3,12,141],[2,9,139],[1,6,140],[12,34,143],[9,36,144],[6,35,142],[10,43,144],[7,45,142],[4,44,143],
[10,140,144],[4,139,143],[7,141,142],[12,141,143],[6,140,142],[9,139,144]];
###############################################################

