#SurfaceInfo: 228 Vertices, 684 Edges, 456 Faces, IsOrientable=true
 #Vertices of faces:
vof1:=[[226,227,228],[225,226,227],[224,227,228],[223,226,228],[220,221,222],[217,218,219],[214,215,216],[215,218,221],[218,220,221],[215,217,218],
[214,215,221],[212,213,217],[210,211,220],[208,209,214],[207,214,221],[206,218,220],[205,215,217],[202,203,204],[199,200,201],[196,197,198],
[193,194,195],[190,191,192],[187,188,189],[205,212,217],[207,208,214],[206,210,220],[211,220,222],[209,214,216],[213,217,219],[207,221,222],
[205,215,216],[206,218,219],[186,212,213],[185,208,209],[184,210,211],[181,182,183],[180,181,182],[179,182,183],[178,181,183],[176,177,182],
[174,175,183],[172,173,181],[174,178,183],[176,179,182],[172,180,181],[177,180,182],[173,178,181],[175,179,183],[170,171,178],[168,169,180],
[166,167,179],[170,174,178],[166,176,179],[168,172,180],[171,173,178],[167,175,179],[169,177,180],[165,170,174],[164,168,172],[163,166,176],
[162,171,173],[161,169,177],[160,167,175],[159,172,173],[158,176,177],[157,174,175],[157,165,174],[158,163,176],[159,164,172],[159,162,173],
[157,160,175],[158,161,177],[156,157,165],[155,159,164],[154,158,163],[153,158,161],[152,159,162],[151,157,160],[151,156,157],[153,154,158],
[152,155,159],[150,152,155],[149,153,154],[148,151,156],[147,207,222],[146,206,219],[145,205,216],[144,206,210],[143,205,212],[142,207,208],
[141,211,222],[140,213,219],[139,209,216],[137,138,149],[135,136,150],[133,134,148],[132,186,212],[131,184,210],[130,185,208],[129,186,213],
[128,185,209],[127,184,211],[126,138,186],[125,136,185],[124,134,184],[126,132,186],[124,131,184],[125,130,185],[129,138,186],[127,134,184],
[128,136,185],[126,137,138],[124,133,134],[125,135,136],[142,147,207],[143,145,205],[144,146,206],[141,147,222],[139,145,216],[140,146,219],
[130,142,208],[132,143,212],[131,144,210],[129,140,213],[127,141,211],[128,139,209],[135,150,155],[133,148,156],[137,149,154],[122,123,126],
[120,121,124],[118,119,125],[142,193,194],[143,187,188],[144,190,191],[116,117,141],[114,115,139],[112,113,140],[111,138,149],[110,134,148],
[109,136,150],[108,170,171],[107,166,167],[106,168,169],[105,165,170],[104,163,166],[103,164,168],[102,161,169],[101,160,167],[100,162,171],
[99,156,165],[98,154,163],[97,155,164],[96,152,162],[95,151,160],[94,153,161],[93,150,152],[92,148,151],[91,149,153],[93,96,152],
[91,94,153],[92,95,151],[99,105,165],[97,103,164],[98,104,163],[94,102,161],[96,100,162],[95,101,160],[105,108,170],[103,106,168],
[104,107,166],[100,108,171],[102,106,169],[101,107,167],[91,111,149],[93,109,150],[92,110,148],[142,147,193],[144,146,190],[143,145,187],
[116,141,147],[112,140,146],[114,139,145],[98,137,154],[97,135,155],[99,133,156],[130,142,194],[131,144,191],[132,143,188],[113,129,140],
[115,128,139],[117,127,141],[111,129,138],[109,128,136],[110,127,134],[118,125,130],[120,124,131],[122,126,132],[123,126,137],[119,125,135],
[121,124,133],[89,90,91],[87,88,93],[85,86,92],[83,84,105],[81,82,103],[79,80,104],[102,202,203],[100,196,197],[101,199,200],
[89,91,111],[85,92,110],[87,93,109],[101,107,199],[102,106,202],[100,108,196],[83,105,108],[79,104,107],[81,103,106],[94,102,203],
[95,101,200],[96,100,197],[80,98,104],[84,99,105],[82,97,103],[90,91,94],[86,92,95],[88,93,96],[116,147,193],[114,145,187],
[112,146,190],[118,130,194],[122,132,188],[120,131,191],[111,113,129],[110,117,127],[109,115,128],[98,123,137],[99,121,133],[97,119,135],
[78,193,195],[77,187,189],[76,190,192],[75,194,195],[74,188,189],[73,191,192],[71,72,195],[69,70,192],[67,68,189],[71,78,195],
[69,76,192],[67,77,189],[72,75,195],[70,73,192],[68,74,189],[74,122,188],[75,118,194],[73,120,191],[78,116,193],[76,112,190],
[77,114,187],[89,111,113],[87,109,115],[85,110,117],[80,98,123],[82,97,119],[84,99,121],[90,94,203],[88,96,197],[86,95,200],
[81,106,202],[83,108,196],[79,107,199],[66,203,204],[65,197,198],[64,200,201],[63,202,204],[62,199,201],[61,196,198],[59,60,204],
[57,58,198],[55,56,201],[54,116,117],[53,112,113],[52,114,115],[51,122,123],[50,118,119],[49,120,121],[59,66,204],[55,64,201],
[57,65,198],[56,62,201],[58,61,198],[60,63,204],[53,89,113],[54,85,117],[52,87,115],[63,81,202],[61,83,196],[62,79,199],
[66,90,203],[64,86,200],[65,88,197],[51,80,123],[49,84,121],[50,82,119],[54,78,116],[52,77,114],[53,76,112],[51,74,122],
[49,73,120],[50,75,118],[48,71,78],[47,67,77],[46,69,76],[45,68,74],[44,70,73],[43,72,75],[42,89,90],[41,85,86],
[40,87,88],[39,83,84],[38,79,80],[37,81,82],[41,54,85],[42,53,89],[40,52,87],[38,51,80],[37,50,82],[39,49,84],
[42,66,90],[40,65,88],[41,64,86],[38,62,79],[37,63,81],[39,61,83],[36,59,66],[35,57,65],[34,55,64],[33,56,62],
[32,60,63],[31,58,61],[45,51,74],[43,50,75],[44,49,73],[48,54,78],[46,53,76],[47,52,77],[41,48,54],[40,47,52],
[42,46,53],[33,38,62],[31,39,61],[32,37,63],[34,41,64],[35,40,65],[36,42,66],[38,45,51],[39,44,49],[37,43,50],
[34,41,48],[36,42,46],[35,40,47],[33,38,45],[32,37,43],[31,39,44],[30,67,68],[29,71,72],[28,69,70],[27,45,68],
[26,43,72],[25,44,70],[24,48,71],[23,46,69],[22,47,67],[22,30,67],[23,28,69],[24,29,71],[26,29,72],[25,28,70],
[27,30,68],[24,34,48],[22,35,47],[23,36,46],[27,33,45],[25,31,44],[26,32,43],[20,21,28],[18,19,30],[16,17,29],
[15,55,56],[14,57,58],[13,59,60],[12,33,56],[11,31,58],[10,32,60],[9,34,55],[8,35,57],[7,36,59],[9,15,55],
[8,14,57],[7,13,59],[12,15,56],[10,13,60],[11,14,58],[16,24,29],[20,23,28],[18,22,30],[10,26,32],[12,27,33],
[11,25,31],[9,24,34],[7,23,36],[8,22,35],[17,26,29],[19,27,30],[21,25,28],[5,6,15],[3,4,14],[1,2,13],
[3,11,14],[5,12,15],[1,10,13],[6,9,15],[2,7,13],[4,8,14],[9,16,24],[8,18,22],[7,20,23],[10,17,26],
[11,21,25],[12,19,27],[5,12,19],[1,10,17],[3,11,21],[6,9,16],[4,8,18],[2,7,20],[16,17,225],[18,19,224],
[20,21,223],[5,19,224],[3,21,223],[1,17,225],[6,16,225],[2,20,223],[4,18,224],[5,6,227],[1,2,226],[3,4,228],
[5,224,227],[3,223,228],[1,225,226],[6,225,227],[4,224,228],[2,223,226]];
###############################################################

#SurfaceInfo: 229 Vertices, 687 Edges, 458 Faces, IsOrientable=true
 #Vertices of faces:
vof2:=[[227,228,229],[226,227,228],[225,227,229],[224,228,229],[221,222,223],[218,219,220],[215,216,217],[212,213,214],[209,210,211],[206,207,208],
[203,204,205],[200,201,202],[197,198,199],[194,195,196],[191,192,193],[188,189,190],[185,186,187],[184,200,201],[183,194,195],[182,197,198],
[181,195,196],[180,201,202],[179,198,199],[178,203,204],[177,204,205],[176,203,205],[174,175,192],[173,175,189],[172,175,186],[174,175,186],
[173,175,192],[172,175,189],[171,177,204],[170,176,205],[169,178,203],[168,176,203],[167,178,204],[166,177,205],[165,184,200],[164,183,194],
[163,182,197],[162,180,202],[161,181,196],[160,179,199],[174,191,192],[172,185,186],[173,188,189],[159,189,190],[158,186,187],[157,192,193],
[156,159,190],[155,157,193],[154,158,187],[153,174,191],[152,172,185],[151,173,188],[150,165,184],[149,163,182],[148,164,183],[156,162,180],
[155,160,179],[154,161,181],[159,172,189],[157,173,192],[158,174,186],[168,169,203],[166,170,205],[167,171,204],[147,150,165],[146,148,164],
[145,149,163],[146,167,171],[147,168,169],[145,166,170],[152,159,172],[153,158,174],[151,157,173],[156,159,162],[154,158,161],[155,157,160],
[152,159,162],[151,157,160],[153,158,161],[147,150,169],[145,149,170],[146,148,171],[144,200,202],[143,194,196],[142,197,199],[141,170,176],
[140,169,178],[139,171,177],[138,168,176],[137,166,177],[136,167,178],[135,165,200],[134,163,197],[133,164,194],[132,162,202],[131,160,199],
[130,161,196],[129,147,165],[128,145,163],[127,146,164],[126,145,166],[125,147,168],[124,146,167],[125,129,147],[124,127,146],[126,128,145],
[129,135,165],[127,133,164],[128,134,163],[124,136,167],[125,138,168],[126,137,166],[138,141,176],[137,139,177],[136,140,178],[130,143,196],
[131,142,199],[132,144,202],[135,144,200],[134,142,197],[133,143,194],[132,152,162],[130,153,161],[131,151,160],[140,150,169],[139,148,171],
[141,149,170],[129,212,213],[127,206,207],[128,209,210],[122,123,137],[120,121,138],[118,119,136],[116,117,144],[114,115,142],[112,113,143],
[111,184,201],[110,182,198],[109,183,195],[108,181,195],[107,179,198],[106,180,201],[105,185,187],[104,188,190],[103,191,193],[102,150,184],
[101,148,183],[100,149,182],[99,156,180],[98,154,181],[97,155,179],[96,153,191],[95,151,188],[94,152,185],[93,154,187],[92,156,190],
[91,155,193],[93,98,154],[91,97,155],[92,99,156],[91,103,193],[93,105,187],[92,104,190],[96,103,191],[94,105,185],[95,104,188],
[97,107,179],[99,106,180],[98,108,181],[102,111,184],[101,109,183],[100,110,182],[106,111,201],[108,109,195],[107,110,198],[124,127,206],
[125,129,212],[126,128,209],[102,140,150],[101,139,148],[100,141,149],[94,132,152],[95,131,151],[96,130,153],[116,135,144],[112,133,143],
[114,134,142],[113,130,143],[117,132,144],[115,131,142],[118,136,140],[122,137,139],[120,138,141],[119,124,136],[123,126,137],[121,125,138],
[129,135,213],[128,134,210],[127,133,207],[89,90,104],[87,88,103],[85,86,105],[98,221,222],[97,215,216],[99,218,219],[83,84,110],
[81,82,111],[79,80,109],[81,106,111],[79,108,109],[83,107,110],[80,101,109],[84,100,110],[82,102,111],[98,108,221],[99,106,218],
[97,107,215],[89,95,104],[85,94,105],[87,96,103],[86,93,105],[90,92,104],[88,91,103],[93,98,222],[92,99,219],[91,97,216],
[119,124,206],[121,125,212],[123,126,209],[116,135,213],[112,133,207],[114,134,210],[95,115,131],[96,113,130],[94,117,132],[102,118,140],
[100,120,141],[101,122,139],[78,212,214],[77,206,208],[76,209,211],[75,213,214],[74,207,208],[73,210,211],[71,72,214],[69,70,208],
[67,68,211],[71,78,214],[67,76,211],[69,77,208],[72,75,214],[68,73,211],[70,74,208],[75,116,213],[73,114,210],[74,112,207],
[76,123,209],[77,119,206],[78,121,212],[86,93,222],[88,91,216],[90,92,219],[85,94,117],[87,96,113],[89,95,115],[79,108,221],
[83,107,215],[81,106,218],[82,102,118],[80,101,122],[84,100,120],[66,222,223],[65,216,217],[64,219,220],[63,221,223],[62,215,217],
[61,218,220],[59,60,217],[57,58,223],[55,56,220],[54,122,123],[53,118,119],[52,120,121],[51,116,117],[50,112,113],[49,114,115],
[57,66,223],[55,64,220],[59,65,217],[58,63,223],[56,61,220],[60,62,217],[66,86,222],[65,88,216],[64,90,219],[52,84,120],
[54,80,122],[53,82,118],[63,79,221],[61,81,218],[62,83,215],[51,85,117],[49,89,115],[50,87,113],[53,77,119],[52,78,121],
[54,76,123],[51,75,116],[50,74,112],[49,73,114],[48,71,78],[47,69,77],[46,67,76],[45,72,75],[44,70,74],[43,68,73],
[42,85,86],[41,87,88],[40,89,90],[39,79,80],[38,81,82],[37,83,84],[42,66,86],[40,64,90],[41,65,88],[42,51,85],
[40,49,89],[41,50,87],[39,63,79],[37,62,83],[38,61,81],[37,52,84],[38,53,82],[39,54,80],[36,57,66],[35,55,64],
[34,59,65],[33,58,63],[32,60,62],[31,56,61],[45,51,75],[43,49,73],[44,50,74],[47,53,77],[46,54,76],[48,52,78],
[36,42,66],[34,41,65],[35,40,64],[39,46,54],[37,48,52],[38,47,53],[33,39,63],[31,38,61],[32,37,62],[42,45,51],
[41,44,50],[40,43,49],[36,42,45],[35,40,43],[34,41,44],[33,39,46],[31,38,47],[32,37,48],[30,71,72],[29,67,68],
[28,69,70],[27,45,72],[26,43,68],[25,44,70],[24,46,67],[23,47,69],[22,48,71],[22,30,71],[23,28,69],[24,29,67],
[27,30,72],[25,28,70],[26,29,68],[27,36,45],[25,34,44],[26,35,43],[24,33,46],[22,32,48],[23,31,47],[20,21,28],
[18,19,30],[16,17,29],[15,55,56],[14,57,58],[13,59,60],[12,33,58],[11,32,60],[10,31,56],[9,36,57],[8,34,59],
[7,35,55],[7,15,55],[8,13,59],[9,14,57],[11,13,60],[10,15,56],[12,14,58],[16,24,29],[20,23,28],[18,22,30],
[12,24,33],[10,23,31],[11,22,32],[9,27,36],[7,26,35],[8,25,34],[19,27,30],[17,26,29],[21,25,28],[5,6,14],
[3,4,15],[1,2,13],[5,12,14],[1,11,13],[3,10,15],[4,7,15],[6,9,14],[2,8,13],[9,19,27],[8,21,25],
[7,17,26],[12,16,24],[11,18,22],[10,20,23],[5,12,16],[3,10,20],[1,11,18],[6,9,19],[4,7,17],[2,8,21],
[16,17,226],[18,19,225],[20,21,224],[5,16,226],[3,20,224],[1,18,225],[6,19,225],[2,21,224],[4,17,226],[5,6,227],
[1,2,229],[3,4,228],[5,226,227],[3,224,228],[1,225,229],[6,225,227],[4,226,228],[2,224,229]];
###############################################################

#SurfaceInfo: 237 Vertices, 711 Edges, 474 Faces, IsOrientable=true
 #Vertices of faces:
vof3:=[[235,236,237],[234,235,236],[233,235,237],[232,236,237],[229,230,231],[226,227,228],[223,224,225],[220,221,222],[217,218,219],[214,215,216],
[211,212,213],[208,209,210],[205,206,207],[202,203,204],[199,200,201],[198,199,200],[197,199,201],[196,200,201],[195,202,203],[194,203,204],
[193,202,204],[191,192,202],[189,190,204],[187,188,203],[198,211,212],[197,205,206],[196,208,209],[186,198,211],[185,196,208],[184,197,205],
[191,195,202],[187,194,203],[189,193,204],[192,193,202],[188,195,203],[190,194,204],[198,199,212],[197,201,206],[196,200,209],[181,182,183],
[178,179,180],[175,176,177],[174,198,200],[173,196,201],[172,197,199],[171,181,182],[170,178,179],[169,175,176],[168,182,183],[167,176,177],
[166,179,180],[165,189,193],[164,191,195],[163,187,194],[162,192,193],[161,188,195],[160,190,194],[174,200,209],[172,199,212],[173,201,206],
[173,185,196],[172,184,197],[174,186,198],[159,212,213],[158,209,210],[157,206,207],[156,157,207],[155,159,213],[154,158,210],[153,173,185],
[152,172,184],[151,174,186],[157,173,206],[159,172,212],[158,174,209],[156,171,181],[154,169,175],[155,170,178],[150,168,183],[149,166,180],
[148,167,177],[162,165,193],[160,163,194],[161,164,195],[147,162,165],[146,161,164],[145,160,163],[147,150,168],[145,148,167],[146,149,166],
[153,157,173],[151,158,174],[152,159,172],[156,157,171],[154,158,169],[155,159,170],[153,157,171],[152,159,170],[151,158,169],[147,150,165],
[146,149,164],[145,148,163],[144,191,192],[143,189,190],[142,187,188],[141,164,191],[140,165,189],[139,163,187],[138,162,192],[137,160,190],
[136,161,188],[135,170,179],[134,169,176],[133,171,182],[132,167,176],[131,166,179],[130,168,182],[129,147,162],[128,145,160],[127,146,161],
[126,147,168],[125,145,167],[124,146,166],[126,129,147],[124,127,146],[125,128,145],[124,131,166],[126,130,168],[125,132,167],[130,133,182],
[131,135,179],[132,134,176],[129,138,162],[127,136,161],[128,137,160],[141,144,191],[139,142,187],[140,143,189],[138,144,192],[136,142,188],
[137,143,190],[133,153,171],[134,151,169],[135,152,170],[140,150,165],[139,148,163],[141,149,164],[122,123,132],[120,121,130],[118,119,131],
[129,220,221],[127,214,215],[128,217,218],[116,117,144],[114,115,142],[112,113,143],[111,211,213],[110,205,207],[109,208,210],[108,181,183],
[107,175,177],[106,178,180],[105,186,211],[104,184,205],[103,185,208],[102,153,185],[101,152,184],[100,151,186],[99,156,181],[98,155,178],
[97,154,175],[96,150,183],[95,148,177],[94,149,180],[93,155,213],[92,154,210],[91,156,207],[93,98,155],[91,99,156],[92,97,154],
[102,103,185],[100,105,186],[101,104,184],[96,108,183],[94,106,180],[95,107,177],[99,108,181],[97,107,175],[98,106,178],[93,111,213],
[91,110,207],[92,109,210],[105,111,211],[104,110,205],[103,109,208],[124,127,214],[126,129,220],[125,128,217],[96,140,150],[94,141,149],
[95,139,148],[100,134,151],[101,135,152],[102,133,153],[116,138,144],[112,137,143],[114,136,142],[113,140,143],[117,141,144],[115,139,142],
[129,138,221],[128,137,218],[127,136,215],[118,131,135],[122,132,134],[120,130,133],[119,124,131],[123,125,132],[121,126,130],[89,90,103],
[87,88,104],[85,86,105],[83,84,107],[81,82,106],[79,80,108],[93,229,230],[91,223,224],[92,226,227],[89,103,109],[85,105,111],
[87,104,110],[93,111,229],[92,109,226],[91,110,223],[81,98,106],[79,99,108],[83,97,107],[84,95,107],[80,96,108],[82,94,106],
[90,102,103],[86,100,105],[88,101,104],[93,98,230],[91,99,224],[92,97,227],[119,124,214],[121,126,220],[123,125,217],[116,138,221],
[114,136,215],[112,137,218],[100,122,134],[102,120,133],[101,118,135],[96,113,140],[95,115,139],[94,117,141],[78,220,222],[77,214,216],
[76,217,219],[75,221,222],[74,215,216],[73,218,219],[71,72,222],[69,70,219],[67,68,216],[71,78,222],[69,76,219],[67,77,216],
[72,75,222],[68,74,216],[70,73,219],[75,116,221],[73,112,218],[74,114,215],[76,123,217],[77,119,214],[78,121,220],[88,101,118],
[90,102,120],[86,100,122],[82,94,117],[80,96,113],[84,95,115],[81,98,230],[83,97,227],[79,99,224],[85,111,229],[87,110,223],
[89,109,226],[66,230,231],[65,227,228],[64,224,225],[63,229,231],[62,226,228],[61,223,225],[59,60,228],[57,58,231],[55,56,225],
[54,122,123],[53,118,119],[52,120,121],[51,116,117],[50,112,113],[49,114,115],[57,66,231],[55,64,225],[59,65,228],[58,63,231],
[56,61,225],[60,62,228],[52,90,120],[54,86,122],[53,88,118],[63,85,229],[61,87,223],[62,89,226],[66,81,230],[64,79,224],
[65,83,227],[51,82,117],[49,84,115],[50,80,113],[53,77,119],[52,78,121],[54,76,123],[51,75,116],[50,73,112],[49,74,114],
[48,71,78],[47,67,77],[46,69,76],[45,72,75],[44,70,73],[43,68,74],[42,85,86],[41,87,88],[40,89,90],[39,81,82],
[38,79,80],[37,83,84],[40,52,90],[41,53,88],[42,54,86],[39,51,82],[37,49,84],[38,50,80],[39,66,81],[37,65,83],
[38,64,79],[42,63,85],[40,62,89],[41,61,87],[36,57,66],[35,55,64],[34,59,65],[33,58,63],[32,60,62],[31,56,61],
[45,51,75],[43,49,74],[44,50,73],[47,53,77],[46,54,76],[48,52,78],[42,46,54],[40,48,52],[41,47,53],[33,42,63],
[31,41,61],[32,40,62],[36,39,66],[35,38,64],[34,37,65],[39,45,51],[38,44,50],[37,43,49],[36,39,45],[34,37,43],
[35,38,44],[33,42,46],[31,41,47],[32,40,48],[30,71,72],[29,67,68],[28,69,70],[27,45,72],[26,43,68],[25,44,70],
[24,46,69],[23,47,67],[22,48,71],[22,30,71],[24,28,69],[23,29,67],[27,30,72],[26,29,68],[25,28,70],[27,36,45],
[26,34,43],[25,35,44],[24,33,46],[22,32,48],[23,31,47],[20,21,29],[18,19,30],[16,17,28],[15,55,56],[14,57,58],
[13,59,60],[12,33,58],[11,32,60],[10,31,56],[9,36,57],[8,34,59],[7,35,55],[7,15,55],[8,13,59],[9,14,57],
[11,13,60],[10,15,56],[12,14,58],[16,24,28],[20,23,29],[18,22,30],[12,24,33],[10,23,31],[11,22,32],[9,27,36],
[7,25,35],[8,26,34],[19,27,30],[17,25,28],[21,26,29],[5,6,14],[3,4,15],[1,2,13],[5,12,14],[1,11,13],
[3,10,15],[4,7,15],[6,9,14],[2,8,13],[9,19,27],[8,21,26],[7,17,25],[12,16,24],[11,18,22],[10,20,23],
[5,12,16],[3,10,20],[1,11,18],[6,9,19],[4,7,17],[2,8,21],[16,17,234],[18,19,233],[20,21,232],[5,16,234],
[3,20,232],[1,18,233],[6,19,233],[2,21,232],[4,17,234],[5,6,235],[1,2,237],[3,4,236],[5,234,235],[3,232,236],
[1,233,237],[6,233,235],[4,234,236],[2,232,237]];
###############################################################

#SurfaceInfo: 241 Vertices, 723 Edges, 482 Faces, IsOrientable=true
 #Vertices of faces:
vof4:=[[239,240,241],[238,239,240],[237,240,241],[236,239,241],[233,234,235],[230,231,232],[227,228,229],[225,226,234],[223,224,228],[221,222,231],
[219,220,225],[218,219,221],[217,219,223],[217,219,225],[219,220,221],[218,219,223],[220,225,234],[217,223,228],[218,221,231],[216,220,221],
[215,218,223],[214,217,225],[213,220,234],[212,218,231],[211,217,228],[208,209,210],[205,206,207],[202,203,204],[199,200,201],[196,197,198],
[193,194,195],[213,216,220],[211,214,217],[212,215,218],[216,221,222],[214,225,226],[215,223,224],[213,233,234],[211,227,228],[212,230,231],
[226,234,235],[222,231,232],[224,228,229],[192,233,235],[191,230,232],[190,227,229],[187,188,189],[186,187,188],[185,187,189],[184,188,189],
[182,183,188],[180,181,187],[178,179,189],[182,184,188],[180,186,187],[178,185,189],[183,186,188],[179,184,189],[181,185,187],[176,177,186],
[174,175,184],[172,173,185],[171,182,183],[170,178,179],[169,180,181],[168,169,180],[167,171,182],[166,170,178],[165,171,183],[164,169,181],
[163,170,179],[176,180,186],[172,178,185],[174,182,184],[177,183,186],[173,181,185],[175,179,184],[166,172,178],[167,174,182],[168,176,180],
[165,177,183],[163,175,179],[164,173,181],[162,166,172],[161,168,176],[160,167,174],[159,163,175],[158,164,173],[157,165,177],[156,172,173],
[155,174,175],[154,176,177],[156,162,172],[155,160,174],[154,161,176],[155,159,175],[154,157,177],[156,158,173],[153,156,162],[152,154,161],
[151,155,160],[150,154,157],[149,156,158],[148,155,159],[149,153,156],[148,151,155],[150,152,154],[147,148,151],[146,150,152],[145,149,153],
[144,213,216],[143,212,215],[142,211,214],[141,216,222],[140,215,224],[139,214,226],[138,213,233],[137,212,230],[136,211,227],[135,226,235],
[134,224,229],[133,222,232],[132,192,233],[131,191,230],[130,190,227],[129,192,235],[128,190,229],[127,191,232],[126,147,190],[125,146,192],
[124,145,191],[130,147,190],[131,145,191],[132,146,192],[125,129,192],[124,127,191],[126,128,190],[141,144,216],[139,142,214],[140,143,215],
[138,144,213],[136,142,211],[137,143,212],[133,141,222],[135,139,226],[134,140,224],[132,138,233],[130,136,227],[131,137,230],[129,135,235],
[127,133,232],[128,134,229],[126,147,151],[124,145,153],[125,146,152],[122,123,129],[120,121,127],[118,119,128],[116,117,138],[114,115,136],
[112,113,137],[141,196,197],[139,193,194],[140,199,200],[111,168,169],[110,166,170],[109,167,171],[108,164,169],[107,163,170],[106,165,171],
[105,162,166],[104,160,167],[103,161,168],[102,159,163],[101,158,164],[100,157,165],[99,153,162],[98,151,160],[97,152,161],[96,148,159],
[95,150,157],[94,149,158],[93,147,148],[92,145,149],[91,146,150],[93,96,148],[92,94,149],[91,95,150],[98,104,160],[97,103,161],
[99,105,162],[95,100,157],[94,101,158],[96,102,159],[104,109,167],[103,111,168],[105,110,166],[100,106,165],[102,107,163],[101,108,164],
[106,109,171],[107,110,170],[108,111,169],[116,138,144],[112,137,143],[114,136,142],[135,139,193],[134,140,199],[133,141,196],[97,125,152],
[99,124,153],[98,126,151],[141,144,197],[140,143,200],[139,142,194],[117,132,138],[113,131,137],[115,130,136],[122,129,135],[118,128,134],
[120,127,133],[91,132,146],[92,131,145],[93,130,147],[123,125,129],[119,126,128],[121,124,127],[89,90,95],[87,88,94],[85,86,96],
[83,84,104],[81,82,103],[79,80,105],[106,208,209],[107,205,206],[108,202,203],[106,109,208],[108,111,202],[107,110,205],[100,106,209],
[101,108,203],[102,107,206],[83,104,109],[79,105,110],[81,103,111],[89,95,100],[85,96,102],[87,94,101],[84,98,104],[80,99,105],
[82,97,103],[90,91,95],[86,93,96],[88,92,94],[91,117,132],[93,115,130],[92,113,131],[122,135,193],[120,133,196],[118,134,199],
[116,144,197],[114,142,194],[112,143,200],[98,119,126],[99,121,124],[97,123,125],[78,193,195],[77,196,198],[76,199,201],[75,197,198],
[74,200,201],[73,194,195],[71,72,195],[69,70,201],[67,68,198],[71,78,195],[69,76,201],[67,77,198],[72,73,195],[68,75,198],
[70,74,201],[75,116,197],[74,112,200],[73,114,194],[78,122,193],[76,118,199],[77,120,196],[90,91,117],[88,92,113],[86,93,115],
[84,98,119],[82,97,123],[80,99,121],[83,109,208],[81,111,202],[79,110,205],[89,100,209],[87,101,203],[85,102,206],[66,208,210],
[65,202,204],[64,205,207],[63,209,210],[62,203,204],[61,206,207],[59,60,207],[57,58,210],[55,56,204],[54,122,123],[53,118,119],
[52,120,121],[51,116,117],[50,112,113],[49,114,115],[57,66,210],[55,65,204],[59,64,207],[56,62,204],[60,61,207],[58,63,210],
[51,90,117],[49,86,115],[50,88,113],[63,89,209],[61,85,206],[62,87,203],[66,83,208],[64,79,205],[65,81,202],[53,84,119],
[52,80,121],[54,82,123],[54,78,122],[52,77,120],[53,76,118],[51,75,116],[50,74,112],[49,73,114],[48,71,78],[47,67,77],
[46,69,76],[45,72,73],[44,70,74],[43,68,75],[42,89,90],[41,85,86],[40,87,88],[39,83,84],[38,79,80],[37,81,82],
[42,51,90],[40,50,88],[41,49,86],[37,54,82],[39,53,84],[38,52,80],[39,66,83],[37,65,81],[38,64,79],[42,63,89],
[40,62,87],[41,61,85],[36,57,66],[35,59,64],[34,55,65],[33,56,62],[32,58,63],[31,60,61],[43,51,75],[45,49,73],
[44,50,74],[48,54,78],[46,53,76],[47,52,77],[42,43,51],[41,45,49],[40,44,50],[32,42,63],[31,41,61],[33,40,62],
[34,37,65],[35,38,64],[36,39,66],[37,48,54],[38,47,52],[39,46,53],[34,37,48],[36,39,46],[35,38,47],[32,42,43],
[33,40,44],[31,41,45],[30,71,72],[29,69,70],[28,67,68],[27,43,68],[26,44,70],[25,45,72],[24,48,71],[23,46,69],
[22,47,67],[22,28,67],[24,30,71],[23,29,69],[25,30,72],[27,28,68],[26,29,70],[24,34,48],[22,35,47],[23,36,46],
[27,32,43],[25,31,45],[26,33,44],[20,21,28],[18,19,30],[16,17,29],[15,57,58],[14,55,56],[13,59,60],[12,32,58],
[11,31,60],[10,33,56],[9,34,55],[8,35,59],[7,36,57],[7,15,57],[8,13,59],[9,14,55],[11,13,60],[10,14,56],
[12,15,58],[18,24,30],[16,23,29],[20,22,28],[12,27,32],[10,26,33],[11,25,31],[9,24,34],[7,23,36],[8,22,35],
[21,27,28],[17,26,29],[19,25,30],[5,6,14],[3,4,15],[1,2,13],[1,11,13],[3,12,15],[5,10,14],[6,9,14],
[4,7,15],[2,8,13],[9,18,24],[8,20,22],[7,16,23],[12,21,27],[11,19,25],[10,17,26],[5,10,17],[3,12,21],
[1,11,19],[6,9,18],[4,7,16],[2,8,20],[18,19,238],[16,17,237],[20,21,236],[5,17,237],[3,21,236],[1,19,238],
[6,18,238],[2,20,236],[4,16,237],[5,6,240],[1,2,239],[3,4,241],[5,237,240],[3,236,241],[1,238,239],[6,238,240],
[4,237,241],[2,236,239]];
###############################################################

#SurfaceInfo: 244 Vertices, 732 Edges, 488 Faces, IsOrientable=true
 #Vertices of faces:
vof5:=[[242,243,244],[241,242,243],[240,242,244],[239,243,244],[236,237,238],[233,234,235],[230,231,232],[227,228,229],[224,225,226],[221,222,223],
[218,219,220],[215,216,217],[212,213,214],[209,210,211],[207,208,216],[205,206,213],[203,204,210],[200,201,202],[197,198,199],[194,195,196],
[198,207,208],[201,205,206],[195,203,204],[193,208,216],[192,204,210],[191,206,213],[207,215,216],[203,209,210],[205,212,213],[190,216,217],
[189,210,211],[188,213,214],[185,186,187],[182,183,184],[179,180,181],[186,190,217],[183,188,214],[180,189,211],[190,193,216],[188,191,213],
[189,192,210],[178,207,215],[177,205,212],[176,203,209],[194,195,203],[200,201,205],[197,198,207],[175,190,193],[174,189,192],[173,188,191],
[176,194,203],[177,200,205],[178,197,207],[185,186,190],[179,180,189],[182,183,188],[172,178,197],[171,176,194],[170,177,200],[175,185,190],
[173,182,188],[174,179,189],[169,200,202],[168,194,196],[167,197,199],[164,165,166],[161,162,163],[158,159,160],[162,168,196],[159,167,199],
[165,169,202],[169,170,200],[167,172,197],[168,171,194],[157,175,185],[156,173,182],[155,174,179],[154,182,184],[153,179,181],[152,185,187],
[151,152,187],[150,153,181],[149,154,184],[152,157,185],[153,155,179],[154,156,182],[148,167,172],[147,168,171],[146,169,170],[158,159,167],
[164,165,169],[161,162,168],[152,218,219],[153,218,220],[154,219,220],[145,158,160],[145,161,163],[145,164,166],[145,158,163],[145,161,166],
[145,160,164],[154,156,219],[152,157,218],[153,155,220],[151,152,219],[149,154,220],[150,153,218],[148,158,167],[147,161,168],[146,164,169],
[150,157,218],[149,155,220],[151,156,219],[148,158,163],[146,160,164],[147,161,166],[144,201,206],[143,195,204],[142,198,208],[141,193,208],
[140,191,206],[139,192,204],[138,195,196],[137,201,202],[136,198,199],[135,173,191],[134,174,192],[133,175,193],[132,162,163],[131,165,166],
[130,159,160],[129,157,175],[128,155,174],[127,156,173],[126,162,196],[125,165,202],[124,159,199],[126,132,162],[124,130,159],[125,131,165],
[129,133,175],[127,135,173],[128,134,174],[126,138,196],[124,136,199],[125,137,202],[135,140,191],[133,141,193],[134,139,192],[138,143,195],
[136,142,198],[137,144,201],[139,143,204],[141,142,208],[140,144,206],[129,150,157],[127,151,156],[128,149,155],[132,148,163],[130,146,160],
[131,147,166],[122,123,126],[120,121,124],[118,119,125],[116,117,135],[114,115,133],[112,113,134],[143,227,228],[142,221,222],[144,224,225],
[111,215,217],[110,209,211],[109,212,214],[108,186,187],[107,180,181],[106,183,184],[105,176,209],[104,177,212],[103,178,215],[102,186,217],
[101,180,211],[100,183,214],[99,172,178],[98,171,176],[97,170,177],[96,148,172],[95,146,170],[94,147,171],[93,150,181],[92,149,184],
[91,151,187],[96,99,172],[94,98,171],[95,97,170],[97,104,177],[99,103,178],[98,105,176],[91,108,187],[92,106,184],[93,107,181],
[102,108,186],[100,106,183],[101,107,180],[102,111,217],[100,109,214],[101,110,211],[103,111,215],[104,109,212],[105,110,209],[122,126,132],
[118,125,131],[120,124,130],[96,132,148],[94,131,147],[95,130,146],[93,129,150],[92,128,149],[91,127,151],[139,143,227],[141,142,221],
[140,144,224],[138,143,228],[137,144,225],[136,142,222],[112,134,139],[114,133,141],[116,135,140],[123,126,138],[119,125,137],[121,124,136],
[113,128,134],[117,127,135],[115,129,133],[89,90,97],[87,88,99],[85,86,98],[83,84,108],[81,82,106],[79,80,107],[111,236,237],
[110,230,231],[109,233,234],[103,111,236],[104,109,233],[105,110,230],[102,111,237],[101,110,231],[100,109,234],[83,102,108],[79,101,107],
[81,100,106],[84,91,108],[80,93,107],[82,92,106],[89,97,104],[85,98,105],[87,99,103],[90,95,97],[88,96,99],[86,94,98],
[123,138,228],[121,136,222],[119,137,225],[112,139,227],[116,140,224],[114,141,221],[91,117,127],[93,115,129],[92,113,128],[96,122,132],
[95,120,130],[94,118,131],[78,222,223],[77,225,226],[76,228,229],[75,224,226],[74,221,223],[73,227,229],[71,72,226],[69,70,223],
[67,68,229],[71,77,226],[67,76,229],[69,78,223],[72,75,226],[68,73,229],[70,74,223],[73,112,227],[74,114,221],[75,116,224],
[76,123,228],[77,119,225],[78,121,222],[88,96,122],[86,94,118],[90,95,120],[89,104,233],[87,103,236],[85,105,230],[84,91,117],
[82,92,113],[80,93,115],[83,102,237],[81,100,234],[79,101,231],[66,236,238],[65,230,232],[64,233,235],[63,237,238],[62,234,235],
[61,231,232],[59,60,235],[57,58,232],[55,56,238],[54,122,123],[53,118,119],[52,120,121],[51,116,117],[50,112,113],[49,114,115],
[59,64,235],[55,66,238],[57,65,232],[56,63,238],[58,61,232],[60,62,235],[54,88,122],[52,90,120],[53,86,118],[63,83,237],
[61,79,231],[62,81,234],[51,84,117],[49,80,115],[50,82,113],[64,89,233],[65,85,230],[66,87,236],[54,76,123],[52,78,121],
[53,77,119],[51,75,116],[50,73,112],[49,74,114],[48,67,76],[47,69,78],[46,71,77],[45,72,75],[44,70,74],[43,68,73],
[42,89,90],[41,85,86],[40,87,88],[39,83,84],[38,79,80],[37,81,82],[40,54,88],[41,53,86],[42,52,90],[40,66,87],
[41,65,85],[42,64,89],[39,51,84],[37,50,82],[38,49,80],[39,63,83],[37,62,81],[38,61,79],[36,57,65],[35,55,66],
[34,59,64],[33,56,63],[32,60,62],[31,58,61],[45,51,75],[43,50,73],[44,49,74],[48,54,76],[46,53,77],[47,52,78],
[40,48,54],[42,47,52],[41,46,53],[33,39,63],[31,38,61],[32,37,62],[39,45,51],[38,44,49],[37,43,50],[35,40,66],
[34,42,64],[36,41,65],[35,40,48],[36,41,46],[34,42,47],[33,39,45],[32,37,43],[31,38,44],[30,71,72],[29,67,68],
[28,69,70],[27,45,72],[26,43,68],[25,44,70],[24,48,67],[23,46,71],[22,47,69],[23,30,71],[22,28,69],[24,29,67],
[27,30,72],[26,29,68],[25,28,70],[24,35,48],[22,34,47],[23,36,46],[27,33,45],[25,31,44],[26,32,43],[20,21,28],
[18,19,29],[16,17,30],[15,57,58],[14,55,56],[13,59,60],[12,33,56],[11,31,58],[10,32,60],[9,34,59],[8,35,55],
[7,36,57],[9,13,59],[7,15,57],[8,14,55],[11,15,58],[10,13,60],[12,14,56],[20,22,28],[18,24,29],[16,23,30],
[12,27,33],[11,25,31],[10,26,32],[8,24,35],[7,23,36],[9,22,34],[17,27,30],[21,25,28],[19,26,29],[5,6,14],
[3,4,15],[1,2,13],[5,12,14],[1,10,13],[3,11,15],[2,9,13],[6,8,14],[4,7,15],[8,18,24],[9,20,22],
[7,16,23],[12,17,27],[10,19,26],[11,21,25],[5,12,17],[3,11,21],[1,10,19],[6,8,18],[4,7,16],[2,9,20],
[16,17,241],[18,19,240],[20,21,239],[5,17,241],[3,21,239],[1,19,240],[6,18,240],[2,20,239],[4,16,241],[5,6,242],
[1,2,244],[3,4,243],[5,241,242],[3,239,243],[1,240,244],[6,240,242],[4,241,243],[2,239,244]];
###############################################################

#SurfaceInfo: 247 Vertices, 741 Edges, 494 Faces, IsOrientable=true
 #Vertices of faces:
vof6:=[[245,246,247],[244,245,246],[243,245,247],[242,246,247],[239,240,241],[236,237,238],[233,234,235],[230,231,232],[227,228,229],[224,225,226],
[221,222,223],[219,220,222],[217,218,222],[217,221,222],[219,222,223],[218,220,222],[214,215,216],[211,212,213],[208,209,210],[209,212,215],
[212,214,215],[209,211,212],[208,209,215],[205,206,207],[202,203,204],[199,200,201],[198,219,223],[197,218,220],[196,217,221],[194,195,200],
[192,193,203],[190,191,206],[195,215,216],[191,209,210],[193,212,213],[189,196,221],[188,197,218],[187,198,219],[186,198,223],[185,196,217],
[184,197,220],[194,195,216],[192,193,213],[190,191,210],[193,212,214],[195,208,215],[191,209,211],[191,205,206],[195,199,200],[193,202,203],
[183,221,223],[182,217,218],[181,219,220],[183,189,221],[181,187,219],[182,188,218],[183,186,223],[181,184,220],[182,185,217],[180,194,216],
[179,190,210],[178,192,213],[193,202,214],[195,199,208],[191,205,211],[177,208,210],[176,211,213],[175,214,216],[174,181,187],[173,182,188],
[172,183,189],[171,183,186],[170,182,185],[169,181,184],[176,205,211],[175,202,214],[177,199,208],[176,178,213],[175,180,216],[177,179,210],
[166,167,168],[163,164,165],[160,161,162],[159,205,207],[158,202,204],[157,199,201],[156,159,207],[155,158,204],[154,157,201],[153,166,167],
[152,163,164],[151,160,161],[154,167,168],[156,161,162],[155,164,165],[150,177,179],[149,176,178],[148,175,180],[159,176,205],[157,177,199],
[158,175,202],[171,172,183],[169,174,181],[170,173,182],[147,151,160],[146,153,166],[145,152,163],[145,171,172],[146,170,173],[147,169,174],
[149,159,176],[148,158,175],[150,157,177],[156,159,162],[154,157,168],[155,158,165],[149,159,162],[148,158,165],[150,157,168],[147,151,174],
[145,152,172],[146,153,173],[144,160,162],[143,163,165],[142,166,168],[141,187,198],[140,189,196],[139,188,197],[138,184,197],[137,185,196],
[136,186,198],[135,174,187],[134,172,189],[133,173,188],[132,169,184],[131,171,186],[130,170,185],[129,147,160],[128,145,163],[127,146,166],
[126,147,169],[125,145,171],[124,146,170],[126,129,147],[125,128,145],[124,127,146],[125,131,171],[124,130,170],[126,132,169],[135,141,187],
[133,139,188],[134,140,189],[131,136,186],[130,137,185],[132,138,184],[137,140,196],[136,141,198],[138,139,197],[127,142,166],[128,143,163],
[129,144,160],[142,150,168],[144,149,162],[143,148,165],[135,151,174],[133,153,173],[134,152,172],[131,230,231],[130,227,228],[132,224,225],
[122,123,139],[120,121,140],[118,119,141],[116,117,128],[114,115,129],[112,113,127],[111,192,203],[110,190,206],[109,194,200],[108,206,207],
[107,200,201],[106,203,204],[105,179,190],[104,178,192],[103,180,194],[102,153,167],[101,151,161],[100,152,164],[99,154,167],[98,155,164],
[97,156,161],[96,150,179],[95,148,180],[94,149,178],[93,155,204],[92,154,201],[91,156,207],[93,98,155],[92,99,154],[91,97,156],
[99,102,167],[98,100,164],[97,101,161],[96,105,179],[94,104,178],[95,103,180],[92,107,201],[93,106,204],[91,108,207],[104,111,192],
[103,109,194],[105,110,190],[106,111,203],[107,109,200],[108,110,206],[112,124,127],[114,126,129],[116,125,128],[101,135,151],[100,134,152],
[102,133,153],[96,142,150],[94,144,149],[95,143,148],[113,127,142],[115,129,144],[117,128,143],[118,136,141],[122,138,139],[120,137,140],
[131,136,230],[132,138,224],[130,137,227],[119,135,141],[121,134,140],[123,133,139],[125,131,231],[126,132,225],[124,130,228],[89,90,97],
[87,88,98],[85,86,99],[107,239,240],[106,233,234],[108,236,237],[83,84,104],[81,82,105],[79,80,103],[107,109,239],[108,110,236],
[106,111,233],[79,103,109],[81,105,110],[83,104,111],[92,107,240],[91,108,237],[93,106,234],[82,96,105],[80,95,103],[84,94,104],
[89,97,101],[85,99,102],[87,98,100],[86,92,99],[90,91,97],[88,93,98],[116,125,231],[112,124,228],[114,126,225],[118,136,230],
[120,137,227],[122,138,224],[96,113,142],[95,117,143],[94,115,144],[101,119,135],[102,123,133],[100,121,134],[78,228,229],[77,225,226],
[76,231,232],[75,224,226],[74,227,229],[73,230,232],[71,72,226],[69,70,229],[67,68,232],[71,77,226],[67,76,232],[69,78,229],
[72,75,226],[68,73,232],[70,74,229],[75,122,224],[73,118,230],[74,120,227],[76,116,231],[77,114,225],[78,112,228],[85,102,123],
[87,100,121],[89,101,119],[82,96,113],[84,94,115],[80,95,117],[86,92,240],[88,93,234],[90,91,237],[79,109,239],[83,111,233],
[81,110,236],[66,240,241],[65,237,238],[64,234,235],[63,239,241],[62,233,235],[61,236,238],[59,60,235],[57,58,241],[55,56,238],
[54,122,123],[53,118,119],[52,120,121],[51,116,117],[50,112,113],[49,114,115],[57,66,241],[55,65,238],[59,64,235],[58,63,241],
[56,61,238],[60,62,235],[54,85,123],[53,89,119],[52,87,121],[63,79,239],[61,81,236],[62,83,233],[66,86,240],[64,88,234],
[65,90,237],[49,84,115],[51,80,117],[50,82,113],[50,78,112],[49,77,114],[51,76,116],[54,75,122],[52,74,120],[53,73,118],
[48,71,77],[47,69,78],[46,67,76],[45,72,75],[44,70,74],[43,68,73],[42,85,86],[41,87,88],[40,89,90],[39,79,80],
[38,81,82],[37,83,84],[42,54,85],[40,53,89],[41,52,87],[37,49,84],[38,50,82],[39,51,80],[42,66,86],[40,65,90],
[41,64,88],[39,63,79],[37,62,83],[38,61,81],[36,57,66],[35,55,65],[34,59,64],[33,58,63],[32,60,62],[31,56,61],
[45,54,75],[43,53,73],[44,52,74],[47,50,78],[46,51,76],[48,49,77],[42,45,54],[41,44,52],[40,43,53],[33,39,63],
[31,38,61],[32,37,62],[36,42,66],[34,41,64],[35,40,65],[39,46,51],[37,48,49],[38,47,50],[36,42,45],[35,40,43],
[34,41,44],[33,39,46],[31,38,47],[32,37,48],[30,71,72],[29,67,68],[28,69,70],[27,45,72],[26,43,68],[25,44,70],
[24,46,67],[23,47,69],[22,48,71],[22,30,71],[23,28,69],[24,29,67],[27,30,72],[25,28,70],[26,29,68],[27,36,45],
[25,34,44],[26,35,43],[24,33,46],[22,32,48],[23,31,47],[20,21,28],[18,19,30],[16,17,29],[15,55,56],[14,57,58],
[13,59,60],[12,33,58],[11,32,60],[10,31,56],[9,36,57],[8,34,59],[7,35,55],[7,15,55],[8,13,59],[9,14,57],
[11,13,60],[10,15,56],[12,14,58],[16,24,29],[20,23,28],[18,22,30],[12,24,33],[10,23,31],[11,22,32],[9,27,36],
[7,26,35],[8,25,34],[19,27,30],[17,26,29],[21,25,28],[5,6,14],[3,4,15],[1,2,13],[5,12,14],[1,11,13],
[3,10,15],[4,7,15],[6,9,14],[2,8,13],[9,19,27],[8,21,25],[7,17,26],[12,16,24],[11,18,22],[10,20,23],
[5,12,16],[3,10,20],[1,11,18],[6,9,19],[4,7,17],[2,8,21],[16,17,244],[18,19,243],[20,21,242],[5,16,244],
[3,20,242],[1,18,243],[6,19,243],[2,21,242],[4,17,244],[5,6,245],[1,2,247],[3,4,246],[5,244,245],[3,242,246],
[1,243,247],[6,243,245],[4,244,246],[2,242,247]];
###############################################################

#SurfaceInfo: 247 Vertices, 741 Edges, 494 Faces, IsOrientable=true
 #Vertices of faces:
vof7:=[[245,246,247],[244,245,246],[243,245,247],[242,246,247],[239,240,241],[236,237,238],[233,234,235],[230,231,232],[227,228,229],[224,225,226],
[221,222,223],[218,219,220],[215,216,217],[212,213,214],[209,210,211],[206,207,208],[204,205,210],[202,203,213],[200,201,207],[203,218,219],
[201,221,222],[205,215,216],[199,201,221],[198,205,215],[197,203,218],[200,201,222],[204,205,216],[202,203,219],[203,212,213],[201,206,207],
[205,209,210],[196,200,222],[195,204,216],[194,202,219],[197,203,212],[198,205,209],[199,201,206],[193,222,223],[192,216,217],[191,219,220],
[188,189,190],[185,186,187],[182,183,184],[189,193,223],[186,191,220],[183,192,217],[193,196,222],[191,194,219],[192,195,216],[181,198,209],
[180,199,206],[179,197,212],[178,206,208],[177,212,214],[176,209,211],[175,176,211],[174,177,214],[173,178,208],[177,179,212],[176,181,209],
[178,180,206],[172,192,195],[171,193,196],[170,191,194],[182,183,192],[188,189,193],[185,186,191],[168,169,173],[166,167,175],[164,165,174],
[162,163,167],[160,161,169],[158,159,165],[157,188,190],[156,185,187],[155,182,184],[159,161,163],[153,154,157],[152,153,155],[151,153,156],
[152,153,157],[151,153,155],[153,154,156],[150,157,190],[149,155,184],[148,156,187],[151,156,185],[152,155,182],[154,157,188],[158,159,161],
[159,162,163],[160,161,163],[161,168,169],[159,164,165],[163,166,167],[147,178,180],[146,176,181],[145,177,179],[168,173,178],[166,175,176],
[164,174,177],[170,185,191],[172,182,192],[171,188,193],[147,168,178],[145,164,177],[146,166,176],[158,161,168],[159,162,164],[160,163,166],
[151,170,185],[154,171,188],[152,172,182],[150,152,157],[148,154,156],[149,151,155],[150,152,172],[149,151,170],[148,154,171],[147,158,168],
[146,160,166],[145,162,164],[144,167,175],[143,169,173],[142,165,174],[141,158,165],[140,160,169],[139,162,167],[138,202,213],[137,200,207],
[136,204,210],[135,210,211],[134,207,208],[133,213,214],[132,195,204],[131,194,202],[130,196,200],[129,172,195],[128,170,194],[127,171,196],
[126,175,211],[125,173,208],[124,174,214],[129,132,195],[127,130,196],[128,131,194],[125,134,208],[124,133,214],[126,135,211],[132,136,204],
[130,137,200],[131,138,202],[133,138,213],[135,136,210],[134,137,207],[126,144,175],[124,142,174],[125,143,173],[140,143,169],[139,144,167],
[141,142,165],[129,150,172],[127,148,171],[128,149,170],[141,147,158],[139,145,162],[140,146,160],[122,123,132],[120,121,130],[118,119,131],
[116,117,142],[114,115,143],[112,113,144],[134,224,225],[133,227,228],[135,230,231],[111,221,223],[110,215,217],[109,218,220],[108,199,221],
[107,197,218],[106,198,215],[105,189,190],[104,183,184],[103,186,187],[102,180,199],[101,179,197],[100,181,198],[99,189,223],[98,183,217],
[97,186,220],[96,150,190],[95,148,187],[94,149,184],[93,147,180],[92,145,179],[91,146,181],[93,102,180],[91,100,181],[92,101,179],
[96,105,190],[95,103,187],[94,104,184],[99,105,189],[97,103,186],[98,104,183],[102,108,199],[100,106,198],[101,107,197],[99,111,223],
[97,109,220],[98,110,217],[108,111,221],[106,110,215],[107,109,218],[122,129,132],[118,128,131],[120,127,130],[93,141,147],[92,139,145],
[91,140,146],[96,129,150],[94,128,149],[95,127,148],[116,141,142],[112,139,144],[114,140,143],[115,125,143],[113,126,144],[117,124,142],
[135,136,230],[134,137,224],[133,138,227],[123,132,136],[119,131,138],[121,130,137],[125,134,225],[126,135,231],[124,133,228],[89,90,105],
[87,88,103],[85,86,104],[83,84,100],[81,82,102],[79,80,101],[111,239,240],[109,236,237],[110,233,234],[108,111,239],[107,109,236],
[106,110,233],[99,111,240],[98,110,234],[97,109,237],[81,102,108],[79,101,107],[83,100,106],[89,99,105],[85,98,104],[87,97,103],
[90,96,105],[88,95,103],[86,94,104],[84,91,100],[80,92,101],[82,93,102],[123,136,230],[121,137,224],[119,138,227],[113,126,231],
[117,124,228],[115,125,225],[96,122,129],[95,120,127],[94,118,128],[93,116,141],[91,114,140],[92,112,139],[77,78,232],[75,76,226],
[73,74,229],[72,230,232],[71,224,226],[70,227,229],[69,231,232],[68,225,226],[67,228,229],[72,77,232],[70,73,229],[71,75,226],
[68,76,226],[67,74,229],[69,78,232],[67,117,228],[68,115,225],[69,113,231],[72,123,230],[70,119,227],[71,121,224],[80,92,112],
[82,93,116],[84,91,114],[90,96,122],[86,94,118],[88,95,120],[81,108,239],[83,106,233],[79,107,236],[89,99,240],[87,97,237],
[85,98,234],[66,239,241],[65,233,235],[64,236,238],[63,240,241],[62,237,238],[61,234,235],[59,60,235],[57,58,241],[55,56,238],
[54,122,123],[53,118,119],[52,120,121],[51,116,117],[50,112,113],[49,114,115],[59,65,235],[55,64,238],[57,66,241],[58,63,241],
[56,62,238],[60,61,235],[49,84,114],[51,82,116],[50,80,112],[63,89,240],[61,85,234],[62,87,237],[65,83,233],[64,79,236],
[66,81,239],[54,90,122],[52,88,120],[53,86,118],[54,72,123],[52,71,121],[53,70,119],[49,68,115],[50,69,113],[51,67,117],
[48,72,77],[47,71,75],[46,70,73],[45,68,76],[44,69,78],[43,67,74],[42,89,90],[41,87,88],[40,85,86],[39,83,84],
[38,79,80],[37,81,82],[39,49,84],[38,50,80],[37,51,82],[42,54,90],[40,53,86],[41,52,88],[39,65,83],[37,66,81],
[38,64,79],[42,63,89],[41,62,87],[40,61,85],[36,59,65],[35,57,66],[34,55,64],[33,58,63],[32,60,61],[31,56,62],
[45,49,68],[43,51,67],[44,50,69],[48,54,72],[46,53,70],[47,52,71],[39,45,49],[38,44,50],[37,43,51],[33,42,63],
[31,41,62],[32,40,61],[36,39,65],[34,38,64],[35,37,66],[42,48,54],[41,47,52],[40,46,53],[36,39,45],[35,37,43],
[34,38,44],[33,42,48],[32,40,46],[31,41,47],[30,77,78],[29,73,74],[28,75,76],[27,45,76],[26,43,74],[25,44,78],
[24,48,77],[23,46,73],[22,47,75],[24,30,77],[22,28,75],[23,29,73],[26,29,74],[27,28,76],[25,30,78],[27,36,45],
[25,34,44],[26,35,43],[24,33,48],[22,31,47],[23,32,46],[20,21,28],[18,19,29],[16,17,30],[15,59,60],[14,55,56],
[13,57,58],[12,33,58],[11,31,56],[10,32,60],[9,36,59],[8,34,55],[7,35,57],[9,15,59],[7,13,57],[8,14,55],
[10,15,60],[12,13,58],[11,14,56],[16,24,30],[18,23,29],[20,22,28],[12,24,33],[10,23,32],[11,22,31],[7,26,35],
[8,25,34],[9,27,36],[19,26,29],[17,25,30],[21,27,28],[5,6,13],[3,4,14],[1,2,15],[5,12,13],[3,11,14],
[1,10,15],[2,9,15],[6,7,13],[4,8,14],[7,19,26],[9,21,27],[8,17,25],[12,16,24],[11,20,22],[10,18,23],
[5,12,16],[1,10,18],[3,11,20],[6,7,19],[4,8,17],[2,9,21],[16,17,244],[18,19,243],[20,21,242],[5,16,244],
[3,20,242],[1,18,243],[6,19,243],[2,21,242],[4,17,244],[5,6,245],[1,2,247],[3,4,246],[5,244,245],[3,242,246],
[1,243,247],[6,243,245],[4,244,246],[2,242,247]];
###############################################################

#SurfaceInfo: 168 Vertices, 756 Edges, 504 Faces, IsOrientable=true
 #Vertices of faces:
vof8:=[[166,167,168],[165,166,167],[164,167,168],[163,166,168],[160,161,162],[157,158,159],[154,155,156],[151,152,153],[148,149,150],[145,146,147],
[142,143,144],[139,140,141],[136,137,138],[133,134,135],[130,131,132],[127,128,129],[146,149,152],[137,140,143],[124,125,126],[121,122,123],
[118,119,120],[121,122,144],[118,119,138],[124,125,141],[116,117,145],[114,115,151],[112,113,148],[110,111,136],[108,109,139],[106,107,142],
[104,105,148],[102,103,145],[100,101,151],[98,99,101],[96,97,105],[94,95,103],[93,141,161],[92,144,155],[91,138,158],[90,93,141],
[89,92,144],[88,91,138],[98,99,131],[94,95,128],[96,97,134],[87,106,142],[86,108,139],[85,110,136],[84,100,101],[83,102,103],
[82,104,105],[81,116,145],[80,112,148],[79,114,151],[77,78,99],[75,76,95],[73,74,97],[72,115,156],[71,113,159],[70,117,162],
[83,84,106],[82,83,108],[82,84,110],[68,69,107],[66,67,109],[64,65,111],[62,63,141],[60,61,144],[58,59,138],[69,80,156],
[65,81,159],[67,79,162],[57,76,124],[56,78,121],[55,74,118],[63,64,65],[61,66,67],[59,68,69],[60,61,65],[58,59,67],
[62,63,69],[75,80,156],[77,81,159],[73,79,162],[54,56,124],[53,55,121],[52,57,118],[51,57,72],[50,55,70],[49,56,71],
[49,54,56],[50,53,55],[51,52,57],[55,56,57],[65,67,69],[82,83,84],[72,75,156],[70,73,162],[71,77,159],[57,72,75],
[56,71,77],[55,70,73],[57,75,76],[55,73,74],[56,77,78],[59,67,69],[63,65,69],[61,65,67],[56,57,124],[55,57,118],
[55,56,121],[48,120,161],[47,123,158],[46,126,155],[44,45,148],[42,43,145],[40,41,151],[48,81,87],[46,79,85],[47,80,86],
[39,133,147],[38,127,153],[37,130,150],[44,78,133],[40,76,130],[42,74,127],[39,78,133],[38,74,127],[37,76,130],[122,123,160],
[119,120,154],[125,126,157],[90,93,133],[88,91,130],[89,92,127],[74,98,131],[76,96,134],[78,94,128],[36,87,106],[35,86,108],
[34,85,110],[84,90,100],[82,89,104],[83,88,102],[44,80,148],[42,81,145],[40,79,151],[81,87,116],[79,85,114],[80,86,112],
[44,78,99],[42,74,97],[40,76,95],[36,84,106],[34,82,110],[35,83,108],[82,89,108],[84,90,110],[83,88,106],[47,75,80],
[46,73,79],[48,77,81],[74,98,118],[78,94,121],[76,96,124],[33,149,152],[32,146,152],[31,146,149],[30,133,134],[29,130,131],
[28,127,128],[90,133,135],[89,127,129],[88,130,132],[27,140,143],[26,137,140],[25,137,143],[27,142,143],[25,136,137],[26,139,140],
[41,151,152],[43,145,146],[45,148,149],[120,160,161],[126,154,155],[123,157,158],[38,152,153],[37,149,150],[39,146,147],[72,114,115],
[71,112,113],[70,116,117],[101,115,151],[105,113,148],[103,117,145],[75,95,103],[77,99,101],[73,97,105],[82,96,105],[83,94,103],
[84,98,101],[59,118,138],[63,124,141],[61,121,144],[64,111,136],[68,107,142],[66,109,139],[60,89,144],[58,88,138],[62,90,141],
[69,80,107],[65,81,111],[67,79,109],[54,124,126],[52,118,120],[53,121,123],[58,67,162],[62,69,156],[60,65,159],[119,136,138],
[122,142,144],[125,139,141],[117,160,162],[115,154,156],[113,157,159],[100,151,153],[102,145,147],[104,148,150],[99,131,132],[97,134,135],
[95,128,129],[93,161,162],[92,155,156],[91,158,159],[143,144,155],[137,138,158],[140,141,161],[24,126,157],[23,120,154],[22,123,160],
[33,122,149],[31,119,146],[32,125,152],[30,134,137],[28,128,140],[29,131,143],[48,104,120],[46,102,126],[47,100,123],[87,114,142],
[85,112,136],[86,116,139],[31,119,154],[32,125,157],[33,122,160],[22,100,123],[24,102,126],[23,104,120],[28,140,161],[30,137,158],
[29,143,155],[21,99,132],[20,95,129],[19,97,135],[47,100,153],[48,104,150],[46,102,147],[24,113,157],[22,117,160],[23,115,154],
[58,93,162],[60,91,159],[62,92,156],[64,119,136],[66,125,139],[68,122,142],[18,105,113],[17,103,117],[16,101,115],[72,87,114],
[70,86,116],[71,85,112],[39,119,146],[38,125,152],[37,122,149],[54,126,154],[53,123,157],[52,120,160],[33,41,152],[31,45,149],
[32,43,146],[25,131,143],[26,134,137],[27,128,140],[27,114,142],[26,116,139],[25,112,136],[63,96,124],[61,94,121],[59,98,118],
[90,100,135],[88,102,132],[89,104,129],[34,82,96],[36,84,98],[35,83,94],[44,80,107],[40,79,109],[42,81,111],[34,85,114],
[36,87,116],[35,86,112],[44,45,99],[40,41,95],[42,43,97],[38,74,131],[39,78,128],[37,76,134],[28,127,153],[29,130,150],
[30,133,147],[44,93,133],[42,92,127],[40,91,130],[15,60,89],[14,62,90],[13,58,88],[12,75,103],[11,73,105],[10,77,101],
[12,47,75],[10,48,77],[11,46,73],[15,89,108],[13,88,106],[14,90,110],[9,48,87],[8,47,86],[7,46,85],[9,48,161],
[7,46,155],[8,47,158],[31,108,109],[32,106,107],[33,110,111],[18,28,113],[16,30,115],[17,29,117],[20,58,129],[19,60,135],
[21,62,132],[15,31,108],[14,33,110],[13,32,106],[15,60,135],[13,58,129],[14,62,132],[18,28,153],[16,30,147],[17,29,150],
[32,43,107],[33,41,111],[31,45,109],[20,58,93],[21,62,92],[19,60,91],[24,28,113],[23,30,115],[22,29,117],[27,34,114],
[25,35,112],[26,36,116],[25,38,131],[26,37,134],[27,39,128],[31,54,154],[33,52,160],[32,53,157],[9,72,87],[7,71,85],
[8,70,86],[12,17,103],[10,16,101],[11,18,105],[39,64,119],[38,66,125],[37,68,122],[12,47,153],[11,46,147],[10,48,150],
[21,45,99],[19,43,97],[20,41,95],[9,28,161],[8,30,158],[7,29,155],[22,100,135],[23,104,129],[24,102,132],[6,44,93],
[5,42,92],[4,40,91],[6,44,107],[5,42,111],[4,40,109],[3,34,96],[2,35,94],[1,36,98],[3,63,96],[1,59,98],
[2,61,94],[17,63,64],[18,59,68],[16,61,66],[34,50,53],[35,51,52],[36,49,54],[19,51,72],[20,49,71],[21,50,70],
[27,34,50],[26,36,49],[25,35,51],[3,17,63],[2,16,61],[1,18,59],[3,34,53],[1,36,54],[2,35,52],[19,43,51],
[21,45,50],[20,41,49],[12,17,64],[11,18,68],[10,16,66],[7,20,71],[9,19,72],[8,21,70],[9,24,28],[7,22,29],
[8,23,30],[6,20,93],[4,19,91],[5,21,92],[6,43,107],[4,45,109],[5,41,111],[12,18,153],[10,17,150],[11,16,147],
[15,22,135],[14,24,132],[13,23,129],[15,31,54],[13,32,53],[14,33,52],[39,64,164],[37,68,163],[38,66,165],[27,39,164],
[25,38,165],[26,37,163],[25,51,165],[26,49,163],[27,50,164],[6,7,20],[5,8,21],[4,9,19],[12,64,164],[10,66,165],
[11,68,163],[6,43,51],[5,41,49],[4,45,50],[1,15,54],[3,13,53],[2,14,52],[1,12,18],[3,10,17],[2,11,16],
[15,22,167],[13,23,166],[14,24,168],[7,22,167],[8,23,166],[9,24,168],[1,15,167],[2,14,168],[3,13,166],[6,51,165],
[4,50,164],[5,49,163],[1,12,164],[2,11,163],[3,10,165],[6,7,167],[4,9,168],[5,8,166],[1,164,167],[3,165,166],
[2,163,168],[6,165,167],[5,163,166],[4,164,168]];
###############################################################

#SurfaceInfo: 252 Vertices, 756 Edges, 504 Faces, IsOrientable=true
 #Vertices of faces:
vof9:=[[250,251,252],[249,250,251],[248,250,252],[247,251,252],[244,245,246],[241,242,243],[238,239,240],[235,236,237],[232,233,234],[229,230,231],
[226,227,228],[223,224,225],[220,221,222],[217,218,219],[214,215,216],[211,212,213],[218,226,227],[215,220,221],[212,223,224],[210,218,226],
[209,215,220],[208,212,223],[217,218,227],[211,212,224],[214,215,221],[207,212,213],[206,215,216],[205,218,219],[204,207,213],[203,205,219],
[202,206,216],[205,210,218],[207,208,212],[206,209,215],[201,217,227],[200,214,221],[199,211,224],[197,198,204],[195,196,203],[193,194,202],
[191,192,196],[189,190,198],[187,188,194],[185,186,191],[183,184,189],[181,182,187],[180,221,222],[179,224,225],[178,227,228],[182,184,186],
[175,176,177],[172,173,174],[169,170,171],[171,174,177],[168,172,173],[167,169,170],[166,175,176],[165,176,177],[164,173,174],[163,170,171],
[172,174,177],[169,171,174],[171,175,177],[162,179,225],[161,178,228],[160,180,222],[183,184,186],[181,182,184],[182,185,186],[191,195,196],
[187,193,194],[189,197,198],[185,191,192],[181,187,188],[183,189,190],[159,206,209],[158,207,208],[157,205,210],[178,201,227],[180,200,221],
[179,199,224],[195,203,205],[193,202,206],[197,204,207],[156,162,168],[155,161,167],[154,160,166],[153,186,191],[152,182,187],[151,184,189],
[156,168,172],[154,166,175],[155,167,169],[150,179,199],[149,180,200],[148,178,201],[147,181,188],[146,183,190],[145,185,192],[153,191,195],
[151,189,197],[152,187,193],[153,183,186],[151,181,184],[152,182,185],[156,162,179],[154,160,180],[155,161,178],[157,195,205],[158,197,207],
[159,193,206],[165,172,177],[163,171,175],[164,169,174],[156,165,172],[155,164,169],[154,163,175],[153,157,195],[152,159,193],[151,158,197],
[146,153,183],[145,152,185],[147,151,181],[150,156,179],[148,155,178],[149,154,180],[150,156,165],[149,154,163],[148,155,164],[146,153,157],
[147,151,158],[145,152,159],[144,162,168],[143,161,167],[142,160,166],[141,223,225],[140,220,222],[139,226,228],[138,209,220],[137,208,223],
[136,210,226],[135,166,176],[134,168,173],[133,167,170],[132,165,176],[131,163,170],[130,164,173],[129,159,209],[128,157,210],[127,158,208],
[126,162,225],[125,160,222],[124,161,228],[132,135,176],[131,133,170],[130,134,173],[127,137,208],[128,136,210],[129,138,209],[126,141,225],
[125,140,222],[124,139,228],[138,140,220],[136,139,226],[137,141,223],[126,144,162],[125,142,160],[124,143,161],[133,143,167],[135,142,166],
[134,144,168],[132,150,165],[130,148,164],[131,149,163],[127,147,158],[129,145,159],[128,146,157],[122,123,136],[120,121,138],[118,119,137],
[126,229,230],[125,235,236],[124,232,233],[116,117,135],[114,115,134],[112,113,133],[111,198,204],[110,194,202],[109,196,203],[108,188,194],
[107,190,198],[106,192,196],[105,211,213],[104,217,219],[103,214,216],[102,199,211],[101,201,217],[100,200,214],[99,204,213],[98,202,216],
[97,203,219],[96,147,188],[95,145,192],[94,146,190],[93,150,199],[92,148,201],[91,149,200],[93,102,199],[91,100,200],[92,101,201],
[99,105,213],[97,104,219],[98,103,216],[102,105,211],[100,103,214],[101,104,217],[96,108,188],[95,106,192],[94,107,190],[99,111,204],
[97,109,203],[98,110,202],[107,111,198],[106,109,196],[108,110,194],[116,132,135],[112,131,133],[114,130,134],[96,127,147],[95,129,145],
[94,128,146],[93,132,150],[91,131,149],[92,130,148],[115,134,144],[113,133,143],[117,135,142],[126,144,229],[124,143,232],[125,142,235],
[118,137,141],[122,136,139],[120,138,140],[126,141,230],[124,139,233],[125,140,236],[119,127,137],[121,129,138],[123,128,136],[89,90,102],
[87,88,100],[85,86,101],[83,84,106],[81,82,108],[79,80,107],[99,244,245],[97,238,239],[98,241,242],[79,107,111],[81,108,110],
[83,106,109],[99,111,244],[98,110,241],[97,109,238],[82,96,108],[80,94,107],[84,95,106],[89,102,105],[87,100,103],[85,101,104],
[99,105,245],[98,103,242],[97,104,239],[90,93,102],[86,92,101],[88,91,100],[118,141,230],[120,140,236],[122,139,233],[115,144,229],
[117,142,235],[113,143,232],[93,116,132],[92,114,130],[91,112,131],[96,119,127],[94,123,128],[95,121,129],[78,236,237],[77,230,231],
[76,233,234],[75,235,237],[74,229,231],[73,232,234],[71,72,237],[69,70,234],[67,68,231],[71,78,237],[69,76,234],[67,77,231],
[72,75,237],[68,74,231],[70,73,234],[75,117,235],[73,113,232],[74,115,229],[76,122,233],[78,120,236],[77,118,230],[90,93,116],
[88,91,112],[86,92,114],[89,105,245],[85,104,239],[87,103,242],[82,96,119],[84,95,121],[80,94,123],[79,111,244],[83,109,238],
[81,110,241],[66,245,246],[65,239,240],[64,242,243],[63,244,246],[62,238,240],[61,241,243],[59,60,240],[57,58,246],[55,56,243],
[54,122,123],[53,118,119],[52,120,121],[51,116,117],[50,112,113],[49,114,115],[57,66,246],[55,64,243],[59,65,240],[58,63,246],
[56,61,243],[60,62,240],[51,90,116],[49,86,114],[50,88,112],[63,79,244],[61,81,241],[62,83,238],[52,84,121],[54,80,123],
[53,82,119],[66,89,245],[64,87,242],[65,85,239],[53,77,118],[52,78,120],[54,76,122],[51,75,117],[50,73,113],[49,74,115],
[48,71,78],[47,67,77],[46,69,76],[45,72,75],[44,70,73],[43,68,74],[42,89,90],[41,87,88],[40,85,86],[39,79,80],
[38,81,82],[37,83,84],[42,51,90],[40,49,86],[41,50,88],[42,66,89],[40,65,85],[41,64,87],[37,52,84],[38,53,82],
[39,54,80],[39,63,79],[37,62,83],[38,61,81],[36,57,66],[35,55,64],[34,59,65],[33,58,63],[32,60,62],[31,56,61],
[45,51,75],[43,49,74],[44,50,73],[47,53,77],[46,54,76],[48,52,78],[42,45,51],[41,44,50],[40,43,49],[33,39,63],
[31,38,61],[32,37,62],[39,46,54],[37,48,52],[38,47,53],[36,42,66],[35,41,64],[34,40,65],[36,42,45],[34,40,43],
[35,41,44],[33,39,46],[31,38,47],[32,37,48],[30,71,72],[29,67,68],[28,69,70],[27,45,72],[26,43,68],[25,44,70],
[24,46,69],[23,47,67],[22,48,71],[22,30,71],[24,28,69],[23,29,67],[27,30,72],[26,29,68],[25,28,70],[27,36,45],
[26,34,43],[25,35,44],[24,33,46],[22,32,48],[23,31,47],[20,21,29],[18,19,30],[16,17,28],[15,55,56],[14,57,58],
[13,59,60],[12,33,58],[11,32,60],[10,31,56],[9,36,57],[8,34,59],[7,35,55],[7,15,55],[8,13,59],[9,14,57],
[11,13,60],[10,15,56],[12,14,58],[16,24,28],[20,23,29],[18,22,30],[12,24,33],[10,23,31],[11,22,32],[9,27,36],
[7,25,35],[8,26,34],[19,27,30],[17,25,28],[21,26,29],[5,6,14],[3,4,15],[1,2,13],[5,12,14],[1,11,13],
[3,10,15],[4,7,15],[6,9,14],[2,8,13],[9,19,27],[8,21,26],[7,17,25],[12,16,24],[11,18,22],[10,20,23],
[5,12,16],[3,10,20],[1,11,18],[6,9,19],[4,7,17],[2,8,21],[16,17,249],[18,19,248],[20,21,247],[5,16,249],
[3,20,247],[1,18,248],[6,19,248],[2,21,247],[4,17,249],[5,6,250],[1,2,252],[3,4,251],[5,249,250],[3,247,251],
[1,248,252],[6,248,250],[4,249,251],[2,247,252]];
###############################################################

#SurfaceInfo: 126 Vertices, 756 Edges, 504 Faces, IsOrientable=true
 #Vertices of faces:
vof10:=[[124,125,126],[123,124,125],[122,124,126],[121,125,126],[118,119,120],[115,116,117],[112,113,114],[109,110,111],[108,115,116],[107,109,110],
[106,112,113],[105,118,119],[104,118,120],[103,119,120],[100,101,102],[97,98,99],[94,95,96],[91,92,93],[88,89,90],[85,86,87],
[86,89,92],[85,86,89],[86,91,92],[88,89,92],[88,92,99],[86,91,96],[85,89,102],[84,85,102],[83,91,96],[82,88,99],
[79,80,81],[76,77,78],[73,74,75],[71,72,80],[69,70,74],[67,68,77],[86,100,101],[92,94,95],[89,97,98],[66,86,96],
[65,89,102],[64,92,99],[65,81,102],[64,78,99],[66,75,96],[63,79,80],[62,73,74],[61,76,77],[60,71,80],[59,69,74],
[58,67,77],[86,97,100],[89,94,97],[92,94,100],[64,92,95],[65,89,98],[66,86,101],[72,80,81],[68,77,78],[70,74,75],
[57,82,88],[56,84,85],[55,83,91],[54,105,118],[53,104,120],[52,103,119],[50,51,65],[48,49,64],[46,47,66],[77,105,119],
[74,103,120],[80,104,118],[54,106,112],[52,107,109],[53,108,115],[44,45,81],[42,43,75],[40,41,78],[39,108,116],[38,106,113],
[37,107,110],[65,88,100],[64,91,97],[66,85,94],[39,44,65],[38,40,64],[37,42,66],[45,71,118],[41,67,119],[43,69,120],
[58,60,120],[59,60,119],[58,59,118],[58,60,105],[58,59,103],[59,60,104],[59,71,118],[58,69,120],[60,67,119],[40,77,105],
[44,80,104],[42,74,103],[36,54,112],[35,53,115],[34,52,109],[44,81,90],[40,78,93],[42,75,87],[33,37,110],[32,39,116],
[31,38,113],[39,44,108],[37,42,107],[38,40,106],[50,65,100],[48,64,97],[46,66,94],[44,51,65],[42,47,66],[40,49,64],
[44,45,71],[40,41,67],[42,43,69],[45,54,118],[41,52,119],[43,53,120],[54,105,106],[52,103,107],[53,104,108],[59,69,119],
[58,67,118],[60,71,120],[61,77,119],[63,80,118],[62,74,120],[57,65,88],[56,66,85],[55,64,91],[88,97,100],[85,94,100],
[91,94,97],[39,65,98],[37,66,101],[38,64,95],[65,72,81],[66,70,75],[64,68,78],[50,89,90],[48,92,93],[46,86,87],
[39,88,90],[37,85,87],[38,91,93],[87,94,96],[90,100,102],[93,97,99],[54,60,80],[53,59,74],[52,58,77],[86,95,97],
[89,94,101],[92,98,100],[41,68,105],[45,72,104],[43,70,103],[51,72,90],[47,70,87],[49,68,93],[45,51,72],[41,49,68],
[43,47,70],[39,72,90],[38,68,93],[37,70,87],[51,90,102],[49,93,99],[47,87,96],[93,95,97],[90,98,100],[87,94,101],
[48,92,98],[46,86,95],[50,89,101],[39,82,98],[38,83,95],[37,84,101],[68,105,106],[72,104,108],[70,103,107],[43,53,73],
[41,52,76],[45,54,79],[36,54,80],[34,52,77],[35,53,74],[50,81,90],[46,75,87],[48,78,93],[32,39,88],[31,38,91],
[33,37,85],[54,60,67],[52,58,69],[53,59,71],[45,60,104],[41,58,105],[43,59,103],[48,88,97],[46,91,94],[50,85,100],
[57,65,72],[55,64,68],[56,66,70],[61,69,119],[62,71,120],[63,67,118],[44,71,108],[42,69,107],[40,67,106],[44,51,80],
[40,49,77],[42,47,74],[28,29,30],[25,26,27],[22,23,24],[29,79,81],[26,73,75],[23,76,78],[21,71,72],[20,67,68],
[19,69,70],[29,84,102],[23,82,99],[26,83,96],[20,40,105],[19,42,103],[21,44,104],[44,57,90],[42,56,87],[40,55,93],
[60,63,105],[58,61,103],[59,62,104],[20,63,105],[19,61,103],[21,62,104],[21,44,57],[20,40,55],[19,42,56],[28,29,84],
[25,26,83],[22,23,82],[29,30,79],[23,24,76],[26,27,73],[45,60,63],[43,59,62],[41,58,61],[21,53,71],[20,54,67],
[19,52,69],[29,50,81],[23,48,78],[26,46,75],[56,87,101],[55,93,95],[57,90,98],[21,39,72],[19,37,70],[20,38,68],
[29,51,102],[26,47,96],[23,49,99],[63,67,106],[61,69,107],[62,71,108],[32,48,88],[33,50,85],[31,46,91],[36,51,80],
[35,47,74],[34,49,77],[56,70,107],[55,68,106],[57,72,108],[48,82,98],[46,83,95],[50,84,101],[45,51,79],[43,47,73],
[41,49,76],[17,18,106],[15,16,107],[13,14,108],[10,11,12],[7,8,9],[4,5,6],[5,11,122],[8,11,121],[5,8,123],
[7,115,117],[4,112,114],[10,109,111],[12,116,117],[9,113,114],[6,110,111],[33,101,102],[31,95,96],[32,98,99],[5,28,30],
[11,22,24],[8,25,27],[36,45,81],[35,43,75],[34,41,78],[3,48,49],[2,46,47],[1,50,51],[63,79,112],[61,76,109],
[62,73,115],[57,82,116],[55,83,113],[56,84,110],[1,81,102],[2,75,96],[3,78,99],[15,37,84],[17,38,83],[13,39,82],
[14,53,73],[18,54,79],[16,52,76],[1,36,81],[3,34,78],[2,35,75],[1,33,102],[3,32,99],[2,31,96],[12,82,116],
[6,84,110],[9,83,113],[4,79,112],[7,73,115],[10,76,109],[5,30,123],[8,27,121],[11,24,122],[5,28,122],[8,25,123],
[11,22,121],[10,11,111],[4,5,114],[7,8,117],[11,12,117],[5,6,111],[8,9,114],[36,45,63],[35,43,62],[34,41,61],
[1,51,79],[2,47,73],[3,49,76],[3,48,82],[1,50,84],[2,46,83],[17,55,106],[13,57,108],[15,56,107],[18,63,106],
[14,62,108],[16,61,107],[17,20,38],[13,21,39],[15,19,37],[33,56,101],[32,57,98],[31,55,95],[14,21,53],[16,19,52],
[18,20,54],[16,24,76],[14,27,73],[18,30,79],[15,28,84],[13,22,82],[17,25,83],[21,57,116],[19,56,110],[20,55,113],
[20,63,112],[21,62,115],[19,61,109],[29,36,51],[23,34,49],[26,35,47],[29,33,50],[26,31,46],[23,32,48],[17,18,114],
[15,16,111],[13,14,117],[10,12,23],[4,6,29],[7,9,26],[5,11,125],[5,8,126],[8,11,124],[30,36,112],[24,34,109],
[27,35,115],[28,33,110],[25,31,113],[22,32,116],[9,26,31],[12,23,32],[6,29,33],[4,29,36],[10,23,34],[7,26,35],
[17,25,114],[15,28,111],[13,22,117],[14,27,117],[18,30,114],[16,24,111],[11,117,125],[8,114,124],[5,111,126],[11,111,124],
[8,117,126],[5,114,125],[28,110,122],[22,116,121],[25,113,123],[30,112,123],[24,109,122],[27,115,121],[1,28,33],[3,22,32],
[2,25,31],[1,30,36],[2,27,35],[3,24,34],[14,21,116],[18,20,113],[16,19,110],[17,20,112],[15,19,109],[13,21,115],
[18,36,63],[16,34,61],[14,35,62],[15,33,56],[17,31,55],[13,32,57],[1,4,79],[3,10,76],[2,7,73],[3,12,82],
[2,9,83],[1,6,84],[9,17,31],[12,13,32],[6,15,33],[2,9,27],[3,12,24],[1,6,30],[1,4,28],[2,7,25],
[3,10,22],[17,112,123],[13,115,121],[15,109,122],[18,113,123],[14,116,121],[16,110,122],[27,117,125],[24,111,126],[30,114,124],
[28,111,124],[25,114,125],[22,117,126],[4,18,36],[7,14,35],[10,16,34],[4,18,123],[10,16,122],[7,14,121],[9,17,123],
[6,15,122],[12,13,121],[4,28,124],[10,22,126],[7,25,125],[9,27,125],[6,30,124],[12,24,126],[4,123,124],[7,121,125],
[10,122,126],[9,123,125],[12,121,126],[6,122,124]];
###############################################################

