#SurfaceInfo: 291 Vertices, 873 Edges, 582 Faces, IsOrientable=true
 #Vertices of faces:
vof1:=[[289,290,291],[288,289,290],[287,289,291],[286,290,291],[283,284,285],[280,281,282],[277,278,279],[274,275,276],[271,272,273],[268,269,270],
[265,266,267],[262,263,264],[259,260,261],[256,257,258],[253,254,255],[250,251,252],[247,248,249],[244,245,246],[241,242,243],[240,250,251],
[239,256,257],[238,253,254],[237,247,248],[236,241,242],[235,244,245],[234,240,250],[233,238,253],[232,239,256],[229,230,231],[226,227,228],
[223,224,225],[221,222,234],[219,220,233],[217,218,232],[215,216,260],[213,214,263],[211,212,266],[220,262,263],[218,259,260],[222,265,266],
[210,263,264],[209,260,261],[208,266,267],[207,248,249],[206,242,243],[205,245,246],[235,236,237],[208,209,210],[204,207,249],[203,205,246],
[202,206,243],[201,207,248],[200,206,242],[199,205,245],[198,223,224],[197,226,227],[196,229,230],[204,227,228],[203,224,225],[202,230,231],
[208,210,267],[209,210,264],[208,209,261],[210,213,263],[209,215,260],[208,211,266],[212,222,266],[216,218,260],[214,220,263],[221,222,265],
[219,220,262],[217,218,259],[236,237,241],[235,236,244],[235,237,247],[222,234,240],[218,232,239],[220,233,238],[194,195,197],[192,193,196],
[190,191,198],[188,189,193],[186,187,195],[184,185,191],[189,251,252],[187,257,258],[185,254,255],[183,237,248],[182,235,245],[181,236,242],
[180,189,252],[179,187,258],[178,185,255],[188,189,251],[184,185,254],[186,187,257],[188,192,193],[186,194,195],[184,190,191],[191,198,223],
[193,196,229],[195,197,226],[183,237,241],[181,236,244],[182,235,247],[177,221,265],[176,217,259],[175,219,262],[183,201,248],[182,199,245],
[181,200,242],[212,222,240],[214,220,238],[216,218,239],[210,213,267],[208,211,261],[209,215,264],[202,231,243],[204,228,249],[203,225,246],
[174,189,193],[173,187,195],[172,185,191],[171,265,267],[170,259,261],[169,262,264],[168,241,243],[167,247,249],[166,244,246],[165,240,251],
[164,239,257],[163,238,254],[174,193,229],[172,191,223],[173,195,226],[168,231,243],[166,225,246],[167,228,249],[169,215,264],[170,211,261],
[171,213,267],[165,212,240],[163,214,238],[164,216,239],[162,183,201],[161,181,200],[160,182,199],[171,177,265],[169,175,262],[170,176,259],
[168,183,241],[166,181,244],[167,182,247],[159,188,192],[158,184,190],[157,186,194],[164,186,257],[163,184,254],[165,188,251],[174,180,189],
[172,178,185],[173,179,187],[156,229,231],[155,223,225],[154,226,228],[153,211,212],[152,213,214],[151,215,216],[156,174,229],[154,173,226],
[155,172,223],[150,173,179],[149,174,180],[148,172,178],[147,169,175],[146,171,177],[145,170,176],[153,165,212],[151,164,216],[152,163,214],
[151,169,215],[152,171,213],[153,170,211],[156,168,231],[154,167,228],[155,166,225],[159,165,188],[157,164,186],[158,163,184],[162,168,183],
[160,167,182],[161,166,181],[156,162,168],[155,161,166],[154,160,167],[153,159,165],[152,158,163],[151,157,164],[145,153,170],[147,151,169],
[146,152,171],[149,156,174],[148,155,172],[150,154,173],[149,156,162],[150,154,160],[148,155,161],[145,153,159],[146,152,158],[147,151,157],
[144,194,197],[143,192,196],[142,190,198],[141,197,227],[140,196,230],[139,198,224],[138,204,227],[137,202,230],[136,203,224],[135,204,207],
[134,202,206],[133,203,205],[132,201,207],[131,199,205],[130,200,206],[129,157,194],[128,158,190],[127,159,192],[126,162,201],[125,160,199],
[124,161,200],[126,132,201],[124,130,200],[125,131,199],[132,135,207],[130,134,206],[131,133,205],[135,138,204],[133,136,203],[134,137,202],
[138,141,227],[136,139,224],[137,140,230],[129,144,194],[128,142,190],[127,143,192],[141,144,197],[139,142,198],[140,143,196],[125,150,160],
[124,148,161],[126,149,162],[129,147,157],[127,145,159],[128,146,158],[122,123,132],[120,121,130],[118,119,131],[138,271,272],[136,274,275],
[137,268,269],[116,117,144],[114,115,142],[112,113,143],[111,221,234],[110,217,232],[109,219,233],[108,256,258],[107,253,255],[106,250,252],
[105,234,250],[104,232,256],[103,233,253],[102,175,219],[101,177,221],[100,176,217],[99,178,255],[98,180,252],[97,179,258],[96,147,175],
[95,145,176],[94,146,177],[93,150,179],[92,148,178],[91,149,180],[91,98,180],[93,97,179],[92,99,178],[96,102,175],[95,100,176],
[94,101,177],[97,108,258],[98,106,252],[99,107,255],[103,107,253],[105,106,250],[104,108,256],[100,110,217],[102,109,219],[101,111,221],
[105,111,234],[103,109,233],[104,110,232],[122,126,132],[118,125,131],[120,124,130],[96,129,147],[95,127,145],[94,128,146],[93,125,150],
[91,126,149],[92,124,148],[116,141,144],[112,140,143],[114,139,142],[117,129,144],[113,127,143],[115,128,142],[138,141,271],[137,140,268],
[136,139,274],[135,138,272],[133,136,275],[134,137,269],[123,132,135],[119,131,133],[121,130,134],[89,90,98],[87,88,99],[85,86,97],
[103,283,284],[105,280,281],[104,277,278],[83,84,100],[81,82,102],[79,80,101],[103,109,283],[104,110,277],[105,111,280],[79,101,111],
[83,100,110],[81,102,109],[103,107,284],[104,108,278],[105,106,281],[87,99,107],[89,98,106],[85,97,108],[82,96,102],[80,94,101],
[84,95,100],[90,91,98],[88,92,99],[86,93,97],[123,135,272],[121,134,269],[119,133,275],[116,141,271],[114,139,274],[112,140,268],
[91,122,126],[92,120,124],[93,118,125],[96,117,129],[94,115,128],[95,113,127],[78,269,270],[77,272,273],[76,275,276],[75,274,276],
[74,268,270],[73,271,273],[71,72,270],[69,70,276],[67,68,273],[71,78,270],[67,77,273],[69,76,276],[68,73,273],[72,74,270],
[70,75,276],[73,116,271],[74,112,268],[75,114,274],[77,123,272],[76,119,275],[78,121,269],[90,91,122],[86,93,118],[88,92,120],
[82,96,117],[84,95,113],[80,94,115],[87,107,284],[89,106,281],[85,108,278],[81,109,283],[83,110,277],[79,111,280],[66,284,285],
[65,281,282],[64,278,279],[63,283,285],[62,277,279],[61,280,282],[59,60,279],[57,58,285],[55,56,282],[54,122,123],[53,118,119],
[52,120,121],[51,116,117],[50,112,113],[49,114,115],[55,65,282],[59,64,279],[57,66,285],[58,63,285],[56,61,282],[60,62,279],
[54,90,122],[52,88,120],[53,86,118],[63,81,283],[61,79,280],[62,83,277],[66,87,284],[64,85,278],[65,89,281],[51,82,117],
[49,80,115],[50,84,113],[52,78,121],[53,76,119],[54,77,123],[50,74,112],[49,75,114],[51,73,116],[48,71,78],[47,69,76],
[46,67,77],[45,70,75],[44,72,74],[43,68,73],[42,87,88],[41,85,86],[40,89,90],[39,81,82],[38,79,80],[37,83,84],
[42,52,88],[40,54,90],[41,53,86],[37,50,84],[39,51,82],[38,49,80],[42,66,87],[40,65,89],[41,64,85],[39,63,81],
[37,62,83],[38,61,79],[36,57,66],[35,55,65],[34,59,64],[33,58,63],[32,60,62],[31,56,61],[44,50,74],[43,51,73],
[45,49,75],[48,52,78],[46,54,77],[47,53,76],[42,48,52],[41,47,53],[40,46,54],[33,39,63],[31,38,61],[32,37,62],
[36,42,66],[34,41,64],[35,40,65],[39,43,51],[38,45,49],[37,44,50],[36,42,48],[35,40,46],[34,41,47],[33,39,43],
[32,37,44],[31,38,45],[30,71,72],[29,67,68],[28,69,70],[27,43,68],[26,44,72],[25,45,70],[24,48,71],[23,46,67],
[22,47,69],[24,30,71],[22,28,69],[23,29,67],[26,30,72],[25,28,70],[27,29,68],[24,36,48],[22,34,47],[23,35,46],
[27,33,43],[25,31,45],[26,32,44],[20,21,28],[18,19,30],[16,17,29],[15,55,56],[14,57,58],[13,59,60],[12,33,58],
[11,32,60],[10,31,56],[9,36,57],[8,34,59],[7,35,55],[7,15,55],[8,13,59],[9,14,57],[11,13,60],[10,15,56],
[12,14,58],[18,24,30],[16,23,29],[20,22,28],[12,27,33],[10,25,31],[11,26,32],[9,24,36],[7,23,35],[8,22,34],
[17,27,29],[21,25,28],[19,26,30],[5,6,14],[3,4,15],[1,2,13],[5,12,14],[1,11,13],[3,10,15],[4,7,15],
[6,9,14],[2,8,13],[9,18,24],[8,20,22],[7,16,23],[12,17,27],[11,19,26],[10,21,25],[5,12,17],[3,10,21],
[1,11,19],[6,9,18],[4,7,16],[2,8,20],[16,17,288],[18,19,287],[20,21,286],[5,17,288],[3,21,286],[1,19,287],
[6,18,287],[2,20,286],[4,16,288],[5,6,289],[1,2,291],[3,4,290],[5,288,289],[3,286,290],[1,287,291],[6,287,289],
[4,288,290],[2,286,291]];
###############################################################

#SurfaceInfo: 292 Vertices, 876 Edges, 584 Faces, IsOrientable=true
 #Vertices of faces:
vof2:=[[290,291,292],[289,290,291],[288,290,292],[287,291,292],[284,285,286],[281,282,283],[278,279,280],[275,276,277],[272,273,274],[269,270,271],
[266,267,268],[263,264,265],[261,262,264],[259,260,264],[256,257,258],[253,254,255],[250,251,252],[261,263,264],[259,264,265],[260,262,264],
[248,249,262],[246,247,259],[244,245,263],[242,243,257],[240,241,251],[238,239,254],[236,237,243],[234,235,241],[232,233,239],[230,231,236],
[228,229,232],[226,227,234],[225,266,267],[224,267,268],[223,266,268],[222,263,265],[221,259,260],[220,261,262],[219,231,268],[218,229,267],
[217,227,266],[215,216,222],[213,214,221],[211,212,220],[208,209,210],[205,206,207],[202,203,204],[236,242,243],[232,238,239],[234,240,241],
[230,236,237],[226,234,235],[228,232,233],[201,215,222],[200,211,220],[199,213,221],[206,215,216],[209,211,212],[203,213,214],[219,230,231],
[217,226,227],[218,228,229],[222,244,263],[220,248,262],[221,246,259],[216,222,265],[212,220,261],[214,221,260],[225,227,266],[223,231,268],
[224,229,267],[217,223,266],[219,224,268],[218,225,267],[245,261,263],[249,260,262],[247,259,265],[242,256,257],[238,253,254],[240,250,251],
[197,198,217],[195,196,219],[193,194,218],[192,229,232],[191,227,234],[190,231,236],[189,242,256],[188,240,250],[187,238,253],[190,223,231],
[192,224,229],[191,225,227],[197,217,223],[193,218,225],[195,219,224],[190,236,242],[191,234,240],[192,232,238],[186,230,237],[185,228,233],
[184,226,235],[198,217,226],[194,218,228],[196,219,230],[216,247,265],[214,249,260],[212,245,261],[205,206,216],[202,203,214],[208,209,212],
[201,222,244],[199,221,246],[200,220,248],[183,201,244],[182,200,248],[181,199,246],[202,214,249],[208,212,245],[205,216,247],[186,196,230],
[184,198,226],[185,194,228],[190,197,223],[192,195,224],[191,193,225],[189,190,242],[187,192,238],[188,191,240],[180,248,249],[179,244,245],
[178,246,247],[180,202,249],[178,205,247],[179,208,245],[177,186,196],[176,185,194],[175,184,198],[178,181,246],[180,182,248],[179,183,244],
[189,190,197],[188,191,193],[187,192,195],[174,197,198],[173,193,194],[172,195,196],[171,205,207],[170,202,204],[169,208,210],[166,167,168],
[163,164,165],[160,161,162],[167,171,207],[161,169,210],[164,170,204],[171,178,205],[169,179,208],[170,180,202],[174,189,197],[172,187,195],
[173,188,193],[159,180,182],[158,179,183],[157,178,181],[172,177,196],[174,175,198],[173,176,194],[156,256,258],[155,250,252],[154,253,255],
[153,189,256],[152,187,253],[151,188,250],[150,154,255],[149,156,258],[148,155,252],[153,156,256],[151,155,250],[152,154,253],[147,173,176],
[146,174,175],[145,172,177],[152,172,187],[151,173,188],[153,174,189],[157,171,178],[159,170,180],[158,169,179],[166,167,171],[163,164,170],
[160,161,169],[155,163,165],[156,166,168],[154,160,162],[148,155,163],[150,154,160],[149,156,166],[153,156,168],[152,154,162],[151,155,165],
[157,166,171],[158,160,169],[159,163,170],[145,152,172],[146,153,174],[147,151,173],[149,157,166],[148,159,163],[150,158,160],[147,151,165],
[145,152,162],[146,153,168],[144,206,207],[143,209,210],[142,203,204],[141,200,211],[140,201,215],[139,199,213],[138,206,215],[137,203,213],
[136,209,211],[135,182,200],[134,183,201],[133,181,199],[132,159,182],[131,157,181],[130,158,183],[129,167,207],[128,161,210],[127,164,204],
[126,164,165],[125,161,162],[124,167,168],[124,129,167],[126,127,164],[125,128,161],[130,134,183],[131,133,181],[132,135,182],[135,141,200],
[133,139,199],[134,140,201],[138,140,215],[136,141,211],[137,139,213],[129,144,207],[127,142,204],[128,143,210],[138,144,206],[136,143,209],
[137,142,203],[130,150,158],[132,148,159],[131,149,157],[126,147,165],[125,145,162],[124,146,168],[122,123,133],[120,121,135],[118,119,134],
[116,117,128],[114,115,129],[112,113,127],[111,241,251],[110,239,254],[109,243,257],[108,237,243],[107,233,239],[106,235,241],[105,254,255],
[104,251,252],[103,257,258],[138,275,276],[137,269,270],[136,272,273],[102,186,237],[101,184,235],[100,185,233],[99,177,186],[98,176,185],
[97,175,184],[96,150,255],[95,148,252],[94,149,258],[93,147,176],[92,145,177],[91,146,175],[91,97,175],[92,99,177],[93,98,176],
[99,102,186],[98,100,185],[97,101,184],[96,105,255],[95,104,252],[94,103,258],[102,108,237],[101,106,235],[100,107,233],[104,111,251],
[103,109,257],[105,110,254],[108,109,243],[106,111,241],[107,110,239],[116,125,128],[114,124,129],[112,126,127],[93,126,147],[91,124,146],
[92,125,145],[96,130,150],[95,132,148],[94,131,149],[138,144,275],[137,142,269],[136,143,272],[115,129,144],[117,128,143],[113,127,142],
[138,140,276],[137,139,270],[136,141,273],[118,134,140],[120,135,141],[122,133,139],[119,130,134],[121,132,135],[123,131,133],[89,90,97],
[87,88,99],[85,86,98],[83,84,104],[81,82,105],[79,80,103],[108,284,285],[106,278,279],[107,281,282],[108,109,284],[107,110,281],
[106,111,278],[79,103,109],[81,105,110],[83,104,111],[102,108,285],[100,107,282],[101,106,279],[82,96,105],[80,94,103],[84,95,104],
[87,99,102],[89,97,101],[85,98,100],[90,91,97],[86,93,98],[88,92,99],[118,140,276],[120,141,273],[122,139,270],[115,144,275],
[113,142,269],[117,143,272],[96,119,130],[94,123,131],[95,121,132],[93,112,126],[92,116,125],[91,114,124],[77,78,274],[75,76,271],
[73,74,277],[72,273,274],[71,270,271],[70,276,277],[69,272,274],[68,269,271],[67,275,277],[72,77,274],[71,75,271],[70,73,277],
[69,78,274],[67,74,277],[68,76,271],[69,117,272],[67,115,275],[68,113,269],[71,122,270],[70,118,276],[72,120,273],[88,92,116],
[90,91,114],[86,93,112],[82,96,119],[84,95,121],[80,94,123],[87,102,285],[89,101,279],[85,100,282],[79,109,284],[83,111,278],
[81,110,281],[65,66,280],[63,64,286],[61,62,283],[60,122,123],[59,118,119],[58,120,121],[57,116,117],[56,114,115],[55,112,113],
[54,285,286],[53,279,280],[52,282,283],[51,284,286],[50,278,280],[49,281,283],[54,63,286],[52,61,283],[53,65,280],[51,64,286],
[49,62,283],[50,66,280],[57,88,116],[55,86,112],[56,90,114],[51,79,284],[49,81,281],[50,83,278],[54,87,285],[52,85,282],
[53,89,279],[58,84,121],[60,80,123],[59,82,119],[59,70,118],[58,72,120],[60,71,122],[57,69,117],[55,68,113],[56,67,115],
[48,72,77],[47,70,73],[46,71,75],[45,69,78],[44,68,76],[43,67,74],[42,87,88],[41,85,86],[40,89,90],[39,79,80],
[38,81,82],[37,83,84],[42,57,88],[40,56,90],[41,55,86],[37,58,84],[38,59,82],[39,60,80],[42,54,87],[40,53,89],
[41,52,85],[39,51,79],[37,50,83],[38,49,81],[36,54,63],[35,52,61],[34,53,65],[33,51,64],[32,50,66],[31,49,62],
[45,57,69],[43,56,67],[44,55,68],[47,59,70],[46,60,71],[48,58,72],[42,45,57],[41,44,55],[40,43,56],[33,39,51],
[31,38,49],[32,37,50],[36,42,54],[35,41,52],[34,40,53],[39,46,60],[37,48,58],[38,47,59],[36,42,45],[34,40,43],
[35,41,44],[33,39,46],[31,38,47],[32,37,48],[30,77,78],[29,73,74],[28,75,76],[27,45,78],[26,44,76],[25,43,74],
[24,46,75],[23,47,73],[22,48,77],[22,30,77],[24,28,75],[23,29,73],[27,30,78],[25,29,74],[26,28,76],[27,36,45],
[25,34,43],[26,35,44],[24,33,46],[22,32,48],[23,31,47],[20,21,29],[18,19,30],[16,17,28],[15,61,62],[14,63,64],
[13,65,66],[12,33,64],[11,32,66],[10,31,62],[9,36,63],[8,34,65],[7,35,61],[7,15,61],[8,13,65],[9,14,63],
[11,13,66],[10,15,62],[12,14,64],[16,24,28],[20,23,29],[18,22,30],[12,24,33],[10,23,31],[11,22,32],[9,27,36],
[7,26,35],[8,25,34],[19,27,30],[17,26,28],[21,25,29],[5,6,14],[3,4,15],[1,2,13],[5,12,14],[1,11,13],
[3,10,15],[4,7,15],[6,9,14],[2,8,13],[9,19,27],[8,21,25],[7,17,26],[12,16,24],[11,18,22],[10,20,23],
[5,12,16],[3,10,20],[1,11,18],[6,9,19],[4,7,17],[2,8,21],[16,17,289],[18,19,288],[20,21,287],[5,16,289],
[3,20,287],[1,18,288],[6,19,288],[2,21,287],[4,17,289],[5,6,290],[1,2,292],[3,4,291],[5,289,290],[3,287,291],
[1,288,292],[6,288,290],[4,289,291],[2,287,292]];
###############################################################

