#SurfaceInfo: 1099 Vertices, 3297 Edges, 2198 Faces, IsOrientable=true
 #Vertices of faces:
vof1:=[[1097,1098,1099],[1096,1097,1098],[1095,1097,1099],[1094,1098,1099],[1091,1092,1093],[1088,1089,1090],[1085,1086,1087],[1082,1083,1084],[1079,1080,1081],[1076,1077,1078\
],
[1073,1074,1075],[1070,1071,1072],[1067,1068,1069],[1064,1065,1066],[1061,1062,1063],[1058,1059,1060],[1055,1056,1057],[1052,1053,1054],[1049,1050,1051],[1046,1047,1048],
[1043,1044,1045],[1040,1041,1042],[1037,1038,1039],[1034,1035,1036],[1031,1032,1033],[1028,1029,1030],[1025,1026,1027],[1022,1023,1024],[1019,1020,1021],[1016,1017,1018],
[1013,1014,1015],[1010,1011,1012],[1007,1008,1009],[1004,1005,1006],[1001,1002,1003],[1000,1001,1002],[999,1001,1003],[998,1002,1003],[995,996,997],[992,993,994],
[989,990,991],[986,987,988],[983,984,985],[980,981,982],[977,978,979],[974,975,976],[971,972,973],[968,969,970],[965,966,967],[962,963,964],
[959,960,961],[956,957,958],[953,954,955],[952,986,987],[951,980,981],[950,983,984],[947,948,949],[944,945,946],[941,942,943],[939,940,951],
[937,938,950],[935,936,952],[933,934,945],[931,932,948],[929,930,942],[934,953,954],[932,956,957],[930,959,960],[928,953,955],[927,959,961],
[926,956,958],[925,950,983],[924,951,980],[923,952,986],[928,951,981],[927,950,984],[926,952,987],[953,977,978],[959,971,972],[956,974,975],
[923,968,969],[924,965,966],[925,962,963],[922,923,968],[921,924,965],[920,925,962],[934,953,977],[930,959,971],[932,956,974],[928,953,978],
[926,956,975],[927,959,972],[928,955,981],[926,958,987],[927,961,984],[923,969,986],[925,963,983],[924,966,980],[929,930,960],[933,934,954],
[931,932,957],[924,939,951],[923,935,952],[925,937,950],[928,940,951],[926,936,952],[927,938,950],[930,941,942],[934,944,945],[932,947,948],
[918,919,982],[916,917,988],[914,915,985],[913,987,988],[912,981,982],[911,984,985],[910,986,988],[909,983,985],[908,980,982],[912,918,982],
[911,914,985],[913,916,988],[910,917,988],[908,919,982],[909,915,985],[907,933,954],[906,931,957],[905,929,960],[910,969,986],[908,966,980],
[909,963,983],[911,961,984],[912,955,981],[913,958,987],[934,944,977],[932,947,974],[930,941,971],[928,940,978],[927,938,972],[926,936,975],
[922,923,935],[920,925,937],[921,924,939],[903,904,979],[901,902,973],[899,900,976],[898,960,961],[897,954,955],[896,957,958],[895,977,979],
[894,971,973],[893,974,976],[892,978,979],[891,972,973],[890,975,976],[889,969,970],[888,966,967],[887,963,964],[884,885,886],[881,882,883],
[878,879,880],[882,889,970],[879,887,964],[885,888,967],[895,903,979],[893,899,976],[894,901,973],[891,902,973],[890,900,976],[892,904,979],
[896,906,957],[898,905,960],[897,907,954],[877,922,935],[876,921,939],[875,920,937],[892,940,978],[890,936,975],[891,938,972],[895,944,977],
[894,941,971],[893,947,974],[897,912,955],[896,913,958],[898,911,961],[889,910,969],[887,909,963],[888,908,966],[874,912,918],[873,913,916],
[872,911,914],[871,910,917],[870,908,919],[869,909,915],[868,939,940],[867,935,936],[866,937,938],[865,944,946],[864,941,943],[863,947,949],
[860,861,862],[857,858,859],[854,855,856],[853,865,946],[852,863,949],[851,864,943],[850,896,906],[849,897,907],[848,898,905],[865,895,944],
[863,893,947],[864,894,941],[866,891,938],[868,892,940],[867,890,936],[866,875,937],[868,876,939],[867,877,935],[847,895,903],[846,893,899],
[845,894,901],[844,891,902],[843,892,904],[842,890,900],[871,889,910],[870,888,908],[869,887,909],[874,897,912],[872,898,911],[873,896,913],
[881,882,889],[884,885,888],[878,879,887],[840,841,861],[838,839,858],[836,837,855],[834,835,853],[832,833,852],[830,831,851],[828,829,835],
[826,827,831],[824,825,833],[828,995,996],[826,989,990],[824,992,993],[839,884,886],[841,881,883],[837,878,880],[823,841,883],[822,837,880],
[821,839,886],[836,837,878],[840,841,881],[838,839,884],[820,824,992],[819,828,995],[818,826,989],[828,834,835],[826,830,831],[824,832,833],
[828,829,996],[824,825,993],[826,827,990],[817,866,875],[816,867,877],[815,868,876],[834,853,865],[830,851,864],[832,852,863],[841,860,861],
[837,854,855],[839,857,858],[848,872,898],[850,873,896],[849,874,897],[871,881,889],[869,878,887],[870,884,888],[844,866,891],[842,867,890],
[843,868,892],[847,865,895],[845,864,894],[846,863,893],[814,848,872],[813,850,873],[812,849,874],[811,829,996],[810,827,990],[809,825,993],
[840,871,881],[838,870,884],[836,869,878],[834,847,865],[832,846,863],[830,845,864],[817,844,866],[815,843,868],[816,842,867],[819,828,834],
[820,824,832],[818,826,830],[823,841,860],[821,839,857],[822,837,854],[808,996,997],[807,990,991],[806,993,994],[805,918,919],[804,914,915],
[803,916,917],[802,870,919],[801,869,915],[800,871,917],[799,872,914],[798,874,918],[797,873,916],[794,795,796],[791,792,793],[788,789,790],
[797,803,916],[798,805,918],[799,804,914],[802,805,919],[800,803,917],[801,804,915],[792,808,997],[795,806,994],[789,807,991],[801,836,869],
[800,840,871],[802,838,870],[787,822,854],[786,823,860],[785,821,857],[784,817,844],[783,816,842],[782,815,843],[808,811,996],[806,809,993],
[807,810,990],[799,814,872],[798,812,874],[797,813,873],[819,834,847],[818,830,845],[820,832,846],[780,781,803],[778,779,805],[776,777,804],
[773,774,775],[771,772,774],[769,770,774],[767,768,856],[765,766,859],[763,764,862],[762,836,855],[761,840,861],[760,838,858],[759,901,902],
[758,899,900],[757,903,904],[756,844,902],[755,842,900],[754,843,904],[753,847,903],[752,845,901],[751,846,899],[750,860,862],[749,854,856],
[748,857,859],[747,861,862],[746,858,859],[745,855,856],[752,759,901],[753,757,903],[751,758,899],[756,759,902],[754,757,904],[755,758,900],
[747,761,861],[745,762,855],[746,760,858],[750,763,862],[749,767,856],[748,765,859],[747,764,862],[745,768,856],[746,766,859],[771,773,774],
[769,774,775],[770,772,774],[762,801,836],[760,802,838],[761,800,840],[753,819,847],[751,820,846],[752,818,845],[744,797,813],[743,799,814],
[742,798,812],[741,808,811],[740,807,810],[739,806,809],[756,784,844],[754,782,843],[755,783,842],[748,785,857],[750,786,860],[749,787,854],
[780,800,803],[778,802,805],[776,801,804],[781,797,803],[777,799,804],[779,798,805],[794,795,806],[788,789,807],[791,792,808],[737,738,759],
[735,736,757],[733,734,758],[731,732,747],[729,730,745],[727,728,746],[725,726,773],[723,724,769],[721,722,772],[719,720,765],[717,718,767],
[715,716,763],[714,1000,1001],[713,998,1002],[712,999,1003],[711,998,1003],[710,1000,1002],[709,999,1001],[708,769,770],[707,771,772],[706,773,775],
[705,767,768],[704,763,764],[703,765,766],[702,995,997],[701,989,991],[700,992,994],[699,820,992],[698,818,989],[697,819,995],[696,795,994],
[695,789,991],[694,792,997],[707,795,796],[706,789,790],[708,792,793],[693,703,1000],[692,705,998],[691,704,999],[696,707,795],[694,708,792],
[695,706,789],[694,702,997],[696,700,994],[695,701,991],[698,701,989],[699,700,992],[697,702,995],[693,703,766],[692,705,768],[691,704,764],
[707,771,796],[708,770,793],[706,775,790],[703,719,765],[704,715,763],[705,717,767],[706,725,773],[707,721,772],[708,723,769],[703,714,1000],
[704,712,999],[705,713,998],[691,709,999],[693,710,1000],[692,711,998],[709,714,1001],[711,712,1003],[710,713,1002],[690,748,785],[689,749,787],
[688,750,786],[687,756,784],[686,755,783],[685,754,782],[698,752,818],[699,751,820],[697,753,819],[726,771,773],[722,770,772],[724,769,775],
[731,747,764],[727,746,766],[729,745,768],[720,748,765],[716,750,763],[718,749,767],[732,747,761],[730,745,762],[728,746,760],[737,756,759],
[733,755,758],[735,754,757],[738,752,759],[734,751,758],[736,753,757],[761,780,800],[762,776,801],[760,778,802],[741,791,808],[739,794,806],
[740,788,807],[744,781,797],[742,779,798],[743,777,799],[683,684,709],[681,682,710],[679,680,711],[677,678,701],[675,676,700],[673,674,702],
[677,695,701],[673,694,702],[675,696,700],[672,744,781],[671,743,777],[670,742,779],[669,740,788],[668,741,791],[667,739,794],[683,709,714],
[681,710,713],[679,711,712],[684,691,709],[680,692,711],[682,693,710],[678,698,701],[674,697,702],[676,699,700],[732,761,780],[728,760,778],
[730,762,776],[698,738,752],[697,736,753],[699,734,751],[687,737,756],[685,735,754],[686,733,755],[690,720,748],[688,716,750],[689,718,749],
[703,714,719],[705,713,717],[704,712,715],[726,771,796],[724,775,790],[722,770,793],[691,731,764],[692,729,768],[693,727,766],[696,707,721],
[694,708,723],[695,706,725],[666,780,781],[665,778,779],[664,776,777],[663,794,796],[662,788,790],[661,791,793],[666,732,780],[664,730,776],
[665,728,778],[663,726,796],[661,722,793],[662,724,790],[660,690,720],[659,689,718],[658,688,716],[657,687,737],[656,686,733],[655,685,735],
[663,667,794],[661,668,791],[662,669,788],[666,672,781],[665,670,779],[664,671,777],[678,698,738],[676,699,734],[674,697,736],[684,691,731],
[682,693,727],[680,692,729],[683,714,719],[679,712,715],[681,713,717],[677,695,725],[675,696,721],[673,694,723],[654,737,738],[653,733,734],
[652,735,736],[651,731,732],[650,727,728],[649,729,730],[648,725,726],[647,721,722],[646,723,724],[645,719,720],[644,715,716],[643,717,718],
[651,666,732],[650,665,728],[649,664,730],[648,677,725],[646,673,723],[647,675,721],[645,683,719],[643,681,717],[644,679,715],[651,684,731],
[649,680,729],[650,682,727],[654,678,738],[652,674,736],[653,676,734],[642,666,672],[641,664,671],[640,665,670],[639,663,667],[638,662,669],
[637,661,668],[654,657,737],[652,655,735],[653,656,733],[645,660,720],[644,658,716],[643,659,718],[648,663,726],[646,662,724],[647,661,722],
[636,683,684],[635,679,680],[634,681,682],[633,677,678],[632,673,674],[631,675,676],[630,645,660],[629,643,659],[628,644,658],[627,654,657],
[626,653,656],[625,652,655],[633,654,678],[631,653,676],[632,652,674],[636,651,684],[634,650,682],[635,649,680],[636,645,683],[635,644,679],
[634,643,681],[633,648,677],[631,647,675],[632,646,673],[639,648,663],[637,647,661],[638,646,662],[642,651,666],[640,650,665],[641,649,664],
[633,639,648],[632,638,646],[631,637,647],[630,636,645],[628,635,644],[629,634,643],[636,642,651],[635,641,649],[634,640,650],[627,633,654],
[625,632,652],[626,631,653],[627,633,639],[626,631,637],[625,632,638],[630,636,642],[629,634,640],[628,635,641],[624,835,853],[623,831,851],
[622,833,852],[621,829,835],[620,825,833],[619,827,831],[618,933,945],[617,929,942],[616,931,948],[615,945,946],[614,942,943],[613,948,949],
[612,905,929],[611,907,933],[610,906,931],[609,848,905],[608,849,907],[607,850,906],[606,853,946],[605,851,943],[604,852,949],[603,811,829],
[602,809,825],[601,810,827],[600,814,848],[599,812,849],[598,813,850],[597,741,811],[596,739,809],[595,740,810],[594,743,814],[593,742,812],
[592,744,813],[591,667,739],[590,668,741],[589,669,740],[588,672,744],[587,670,742],[586,671,743],[585,639,667],[584,637,668],[583,638,669],
[582,642,672],[581,640,670],[580,641,671],[582,588,672],[580,586,671],[581,587,670],[585,591,667],[583,589,669],[584,590,668],[586,594,743],
[588,592,744],[587,593,742],[590,597,741],[589,595,740],[591,596,739],[594,600,814],[592,598,813],[593,599,812],[597,603,811],[595,601,810],
[596,602,809],[600,609,848],[598,607,850],[599,608,849],[607,610,906],[609,612,905],[608,611,907],[604,613,949],[606,615,946],[605,614,943],
[612,617,929],[610,616,931],[611,618,933],[615,618,945],[613,616,948],[614,617,942],[603,621,829],[601,619,827],[602,620,825],[606,624,853],
[604,622,852],[605,623,851],[621,624,835],[620,622,833],[619,623,831],[585,627,639],[583,625,638],[584,626,637],[582,630,642],[580,628,641],
[581,629,640],[578,579,591],[576,577,589],[574,575,590],[600,1037,1038],[598,1031,1032],[599,1034,1035],[572,573,610],[570,571,612],[568,569,611],
[615,1028,1029],[613,1025,1026],[614,1022,1023],[602,1013,1014],[603,1019,1020],[601,1016,1017],[566,567,624],[564,565,622],[562,563,623],[560,561,588],
[558,559,587],[556,557,586],[555,1004,1005],[554,1010,1011],[553,1007,1008],[552,968,970],[551,962,964],[550,965,967],[549,922,968],[548,920,962],
[547,921,965],[546,875,920],[545,877,922],[544,876,921],[543,885,967],[542,879,964],[541,882,970],[540,885,886],[539,879,880],[538,882,883],
[537,817,875],[536,815,876],[535,816,877],[534,821,886],[533,823,883],[532,822,880],[531,784,817],[530,782,815],[529,783,816],[528,785,821],
[527,786,823],[526,787,822],[525,687,784],[524,685,782],[523,686,783],[522,690,785],[521,688,786],[520,689,787],[519,657,687],[518,655,685],
[517,656,686],[516,660,690],[515,658,688],[514,659,689],[513,630,660],[512,628,658],[511,629,659],[510,627,657],[509,625,655],[508,626,656],
[513,516,660],[511,514,659],[512,515,658],[510,519,657],[508,517,656],[509,518,655],[516,522,690],[515,521,688],[514,520,689],[519,525,687],
[517,523,686],[518,524,685],[522,528,785],[520,526,787],[521,527,786],[525,531,784],[523,529,783],[524,530,782],[528,534,821],[526,532,822],
[527,533,823],[531,537,817],[529,535,816],[530,536,815],[534,540,886],[533,538,883],[532,539,880],[540,543,885],[538,541,882],[539,542,879],
[537,546,875],[536,544,876],[535,545,877],[546,548,920],[544,547,921],[545,549,922],[541,552,970],[543,550,967],[542,551,964],[549,552,968],
[547,550,965],[548,551,962],[507,555,1004],[506,553,1007],[505,554,1010],[504,554,1011],[503,553,1008],[502,555,1005],[560,582,588],[558,581,587],
[556,580,586],[513,582,630],[511,581,629],[512,580,628],[510,585,627],[508,584,626],[509,583,625],[566,621,624],[562,619,623],[564,620,622],
[565,604,622],[563,605,623],[567,606,624],[602,620,1013],[603,621,1019],[601,619,1016],[614,617,1022],[615,618,1028],[613,616,1025],[572,610,616],
[568,611,618],[570,612,617],[604,613,1026],[605,614,1023],[606,615,1029],[573,607,610],[569,608,611],[571,609,612],[600,609,1037],[599,608,1034],
[598,607,1031],[597,603,1020],[596,602,1014],[595,601,1017],[594,600,1038],[593,599,1035],[592,598,1032],[574,590,597],[578,591,596],[576,589,595],
[557,586,594],[559,587,593],[561,588,592],[579,585,591],[575,584,590],[577,583,589],[500,501,553],[498,499,555],[496,497,554],[494,495,519],
[492,493,517],[490,491,518],[528,1073,1074],[527,1067,1068],[526,1070,1071],[531,1064,1065],[529,1058,1059],[530,1061,1062],[488,489,540],[486,487,538],
[484,485,539],[482,483,546],[480,481,544],[478,479,545],[551,1055,1056],[550,1049,1050],[552,1052,1053],[476,477,516],[474,475,515],[472,473,514],
[471,1046,1047],[470,1043,1044],[469,1040,1041],[468,471,1046],[467,469,1040],[466,470,1043],[465,471,1047],[464,469,1041],[463,470,1044],[476,513,516],
[472,511,514],[474,512,515],[498,507,555],[496,505,554],[500,506,553],[501,503,553],[497,504,554],[499,502,555],[548,551,1055],[549,552,1052],
[547,550,1049],[543,550,1050],[542,551,1056],[541,552,1053],[482,546,548],[478,545,549],[480,544,547],[483,537,546],[481,536,544],[479,535,545],
[488,540,543],[484,539,542],[486,538,541],[489,534,540],[485,532,539],[487,533,538],[531,537,1064],[530,536,1061],[529,535,1058],[528,534,1073],
[527,533,1067],[526,532,1070],[525,531,1065],[524,530,1062],[523,529,1059],[522,528,1074],[520,526,1071],[521,527,1068],[494,519,525],[490,518,524],
[492,517,523],[477,516,522],[473,514,520],[475,515,521],[495,510,519],[491,509,518],[493,508,517],[557,594,1038],[561,592,1032],[559,593,1035],
[574,597,1020],[576,595,1017],[578,596,1014],[571,609,1037],[573,607,1031],[569,608,1034],[572,616,1025],[570,617,1022],[568,618,1028],[565,604,1026],
[567,606,1029],[563,605,1023],[566,621,1019],[564,620,1013],[562,619,1016],[510,579,585],[509,577,583],[508,575,584],[513,560,582],[512,556,580],
[511,558,581],[461,462,471],[459,460,469],[457,458,470],[456,1032,1033],[455,1038,1039],[454,1035,1036],[453,1037,1039],[452,1031,1033],[451,1034,1036],
[450,1014,1015],[449,1017,1018],[448,1020,1021],[447,1019,1021],[446,1013,1015],[445,1016,1018],[443,444,1039],[441,442,1033],[439,440,1036],[437,438,1021],
[435,436,1015],[433,434,1018],[432,1022,1024],[431,1028,1030],[430,1025,1027],[429,1023,1024],[428,1026,1027],[427,1029,1030],[500,501,1024],[496,497,1027],
[498,499,1030],[432,501,1024],[431,499,1030],[430,497,1027],[429,500,1024],[427,498,1030],[428,496,1027],[441,456,1033],[443,455,1039],[439,454,1036],
[444,453,1039],[440,451,1036],[442,452,1033],[435,450,1015],[437,448,1021],[433,449,1018],[438,447,1021],[434,445,1018],[436,446,1015],[426,500,506],
[425,498,507],[424,496,505],[423,501,503],[422,499,502],[421,497,504],[447,566,1019],[445,562,1016],[446,564,1013],[427,567,1029],[429,563,1023],
[428,565,1026],[430,572,1025],[431,568,1028],[432,570,1022],[453,571,1037],[451,569,1034],[452,573,1031],[450,578,1014],[448,574,1020],[449,576,1017],
[456,561,1032],[455,557,1038],[454,559,1035],[461,468,471],[457,466,470],[459,467,469],[462,465,471],[458,463,470],[460,464,469],[495,510,579],
[493,508,575],[491,509,577],[477,522,1074],[475,521,1068],[473,520,1071],[494,525,1065],[492,523,1059],[490,524,1062],[489,534,1073],[487,533,1067],
[485,532,1070],[483,537,1064],[479,535,1058],[481,536,1061],[488,543,1050],[486,541,1053],[484,542,1056],[482,548,1055],[480,547,1049],[478,549,1052],
[476,513,560],[474,512,556],[472,511,558],[420,1074,1075],[419,1068,1069],[418,1071,1072],[417,1073,1075],[416,1067,1069],[415,1070,1072],[414,1065,1066],
[413,1059,1060],[412,1062,1063],[411,1064,1066],[410,1058,1060],[409,1061,1063],[407,408,1075],[405,406,1069],[403,404,1072],[401,402,1066],[399,400,1060],
[397,398,1063],[396,1050,1051],[395,1056,1057],[394,1053,1054],[393,1049,1051],[392,1055,1057],[391,1052,1054],[461,462,1051],[457,458,1057],[459,460,1054],
[390,578,579],[389,574,575],[388,576,577],[387,570,571],[386,568,569],[385,572,573],[384,566,567],[383,562,563],[382,564,565],[381,560,561],
[380,556,557],[379,558,559],[396,462,1051],[394,460,1054],[395,458,1057],[393,461,1051],[391,459,1054],[392,457,1057],[407,420,1075],[403,418,1072],
[405,419,1069],[408,417,1075],[404,415,1072],[406,416,1069],[401,414,1066],[397,412,1063],[399,413,1060],[402,411,1066],[398,409,1063],[400,410,1060],
[381,476,560],[379,472,558],[380,474,556],[392,482,1055],[391,478,1052],[393,480,1049],[396,488,1050],[395,484,1056],[394,486,1053],[411,483,1064],
[409,481,1061],[410,479,1058],[417,489,1073],[415,485,1070],[416,487,1067],[414,494,1065],[412,490,1062],[413,492,1059],[420,477,1074],[418,473,1071],
[419,475,1068],[390,495,579],[388,491,577],[389,493,575],[378,461,468],[377,459,467],[376,457,466],[375,462,465],[374,460,464],[373,458,463],
[381,456,561],[379,454,559],[380,455,557],[390,450,578],[388,449,576],[389,448,574],[387,453,571],[385,452,573],[386,451,569],[387,432,570],
[385,430,572],[386,431,568],[383,429,563],[382,428,565],[384,427,567],[384,447,566],[382,446,564],[383,445,562],[372,441,456],[371,439,454],
[370,443,455],[369,444,453],[368,442,452],[367,440,451],[366,435,450],[365,433,449],[364,437,448],[363,438,447],[362,436,446],[361,434,445],
[423,432,501],[421,430,497],[422,431,499],[426,429,500],[424,428,496],[425,427,498],[360,494,495],[359,490,491],[358,492,493],[357,488,489],
[356,484,485],[355,486,487],[354,482,483],[353,480,481],[352,478,479],[351,476,477],[350,472,473],[349,474,475],[351,381,476],[349,380,474],
[350,379,472],[360,390,495],[358,389,493],[359,388,491],[351,420,477],[349,419,475],[350,418,473],[360,414,494],[358,413,492],[359,412,490],
[357,417,489],[355,416,487],[356,415,485],[354,411,483],[352,410,479],[353,409,481],[357,396,488],[355,394,486],[356,395,484],[354,392,482],
[353,393,480],[352,391,478],[348,407,420],[347,405,419],[346,403,418],[345,408,417],[344,406,416],[343,404,415],[342,401,414],[341,399,413],
[340,397,412],[339,402,411],[338,400,410],[337,398,409],[361,383,445],[363,384,447],[362,382,446],[383,426,429],[384,425,427],[382,424,428],
[387,423,432],[386,422,431],[385,421,430],[369,387,453],[367,386,451],[368,385,452],[366,390,450],[364,389,448],[365,388,449],[372,381,456],
[370,380,455],[371,379,454],[375,396,462],[373,395,458],[374,394,460],[378,393,461],[376,392,457],[377,391,459],[351,372,381],[350,371,379],
[349,370,380],[369,387,423],[368,385,421],[367,386,422],[361,383,426],[362,382,424],[363,384,425],[354,376,392],[353,378,393],[352,377,391],
[357,375,396],[356,373,395],[355,374,394],[339,354,411],[337,353,409],[338,352,410],[345,357,417],[343,356,415],[344,355,416],[342,360,414],
[340,359,412],[341,358,413],[348,351,420],[346,350,418],[347,349,419],[360,366,390],[359,365,388],[358,364,389],[335,336,1009],[333,334,1012],
[331,332,1006],[330,1010,1012],[329,1004,1006],[328,1007,1009],[327,1011,1012],[326,1008,1009],[325,1005,1006],[324,507,1004],[323,505,1010],[322,506,1007],
[321,504,1011],[320,502,1005],[319,503,1008],[318,426,506],[317,424,505],[316,425,507],[315,421,504],[314,423,503],[313,422,502],[315,321,504],
[313,320,502],[314,319,503],[316,324,507],[318,322,506],[317,323,505],[319,326,1008],[320,325,1005],[321,327,1011],[322,328,1007],[323,330,1010],
[324,329,1004],[328,335,1009],[329,331,1006],[330,333,1012],[326,336,1009],[325,332,1006],[327,334,1012],[318,361,426],[316,363,425],[317,362,424],
[314,369,423],[313,367,422],[315,368,421],[348,351,372],[347,349,370],[346,350,371],[342,360,366],[341,358,364],[340,359,365],[345,357,375],
[344,355,374],[343,356,373],[339,354,376],[338,352,377],[337,353,378],[311,312,321],[309,310,320],[307,308,319],[305,306,323],[303,304,324],
[301,302,322],[299,300,1045],[297,298,1042],[295,296,1048],[294,1046,1048],[293,1040,1042],[292,1043,1045],[291,1041,1042],[290,1047,1048],[289,1044,1045],
[288,443,444],[287,439,440],[286,441,442],[285,435,436],[284,433,434],[283,437,438],[282,468,1046],[281,467,1040],[280,466,1043],[279,465,1047],
[278,463,1044],[277,464,1041],[276,361,434],[275,363,438],[274,362,436],[273,366,435],[272,364,437],[271,365,433],[270,369,444],[269,367,440],
[268,368,442],[267,372,441],[266,370,443],[265,371,439],[264,376,466],[263,377,467],[262,378,468],[261,375,465],[260,374,464],[259,373,463],
[261,279,465],[260,277,464],[259,278,463],[262,282,468],[264,280,466],[263,281,467],[273,285,435],[271,284,433],[272,283,437],[274,285,436],
[275,283,438],[276,284,434],[267,286,441],[265,287,439],[266,288,443],[270,288,444],[268,286,442],[269,287,440],[279,290,1047],[278,289,1044],
[277,291,1041],[282,294,1046],[280,292,1043],[281,293,1040],[292,299,1045],[294,295,1048],[293,297,1042],[290,296,1048],[289,300,1045],[291,298,1042],
[307,314,319],[311,315,321],[309,313,320],[264,339,376],[262,337,378],[263,338,377],[261,345,375],[259,343,373],[260,344,374],[273,342,366],
[271,340,365],[272,341,364],[267,348,372],[265,346,371],[266,347,370],[269,313,367],[268,315,368],[270,314,369],[276,318,361],[274,317,362],
[275,316,363],[258,327,334],[257,326,336],[256,325,332],[255,329,331],[254,330,333],[253,328,335],[305,323,330],[303,324,329],[301,322,328],
[308,319,326],[312,321,327],[310,320,325],[302,318,322],[306,317,323],[304,316,324],[251,252,285],[249,250,284],[247,248,283],[245,246,286],
[243,244,287],[241,242,288],[239,240,279],[237,238,278],[235,236,277],[233,234,282],[231,232,280],[229,230,281],[228,407,408],[227,403,404],
[226,405,406],[225,401,402],[224,397,398],[223,399,400],[222,339,402],[221,337,398],[220,338,400],[219,342,401],[218,340,397],[217,341,399],
[216,343,404],[215,344,406],[214,345,408],[213,348,407],[212,346,403],[211,347,405],[219,225,401],[217,223,399],[218,224,397],[222,225,402],
[220,223,400],[221,224,398],[213,228,407],[211,226,405],[212,227,403],[215,226,406],[214,228,408],[216,227,404],[213,267,348],[211,266,347],
[212,265,346],[219,273,342],[217,272,341],[218,271,340],[214,261,345],[215,260,344],[216,259,343],[222,264,339],[220,263,338],[221,262,337],
[210,290,296],[209,291,298],[208,289,300],[207,294,295],[206,293,297],[205,292,299],[233,282,294],[229,281,293],[231,280,292],[239,279,290],
[235,277,291],[237,278,289],[245,268,286],[241,270,288],[243,269,287],[246,267,286],[242,266,288],[244,265,287],[251,274,285],[247,275,283],
[249,276,284],[252,273,285],[248,272,283],[250,271,284],[232,264,280],[230,263,281],[234,262,282],[240,261,279],[236,260,277],[238,259,278],
[255,303,329],[253,301,328],[254,305,330],[256,310,325],[257,308,326],[258,312,327],[276,302,318],[275,304,316],[274,306,317],[269,309,313],
[270,307,314],[268,311,315],[203,204,225],[201,202,223],[199,200,224],[197,198,228],[195,196,226],[193,194,227],[192,257,308],[191,258,312],
[190,256,310],[189,254,305],[188,253,301],[187,255,303],[197,214,228],[193,216,227],[195,215,226],[198,213,228],[194,212,227],[196,211,226],
[203,222,225],[199,221,224],[201,220,223],[204,219,225],[200,218,224],[202,217,223],[249,276,302],[251,274,306],[247,275,304],[213,246,267],
[212,244,265],[211,242,266],[245,268,311],[243,269,309],[241,270,307],[207,233,294],[205,231,292],[206,229,293],[210,239,290],[208,237,289],
[209,235,291],[222,232,264],[221,234,262],[220,230,263],[214,240,261],[216,238,259],[215,236,260],[219,252,273],[218,250,271],[217,248,272],
[186,311,312],[185,307,308],[184,309,310],[183,305,306],[182,301,302],[181,303,304],[183,251,306],[181,247,304],[182,249,302],[180,210,239],
[179,208,237],[178,209,235],[177,207,233],[176,206,229],[175,205,231],[186,245,311],[185,241,307],[184,243,309],[183,189,305],[181,187,303],
[182,188,301],[186,191,312],[184,190,310],[185,192,308],[204,219,252],[202,217,248],[200,218,250],[203,222,232],[201,220,230],[199,221,234],
[198,213,246],[196,211,242],[194,212,244],[197,214,240],[195,215,236],[193,216,238],[174,251,252],[173,247,248],[172,249,250],[171,245,246],
[170,241,242],[169,243,244],[168,239,240],[167,235,236],[166,237,238],[165,229,230],[164,231,232],[163,233,234],[174,183,251],[172,182,249],
[173,181,247],[168,197,240],[166,193,238],[167,195,236],[171,198,246],[169,194,244],[170,196,242],[164,203,232],[163,199,234],[165,201,230],
[174,204,252],[172,200,250],[173,202,248],[162,186,191],[161,185,192],[160,184,190],[159,183,189],[158,182,188],[157,181,187],[171,186,245],
[169,184,243],[170,185,241],[164,175,231],[163,177,233],[165,176,229],[168,180,239],[166,179,237],[167,178,235],[156,203,204],[155,199,200],
[154,201,202],[153,197,198],[152,193,194],[151,195,196],[150,168,180],[149,167,178],[148,166,179],[147,164,175],[146,165,176],[145,163,177],
[156,174,204],[154,173,202],[155,172,200],[156,164,203],[154,165,201],[155,163,199],[153,171,198],[151,170,196],[152,169,194],[153,168,197],
[151,167,195],[152,166,193],[159,174,183],[157,173,181],[158,172,182],[162,171,186],[161,170,185],[160,169,184],[150,153,168],[148,152,166],
[149,151,167],[153,162,171],[152,160,169],[151,161,170],[156,159,174],[155,158,172],[154,157,173],[147,156,164],[145,155,163],[146,154,165],
[147,156,159],[146,154,157],[145,155,158],[150,153,162],[148,152,160],[149,151,161],[144,331,332],[143,333,334],[142,335,336],[141,253,335],
[140,255,331],[139,254,333],[138,256,332],[137,258,334],[136,257,336],[135,189,254],[134,187,255],[133,188,253],[132,191,258],[131,190,256],
[130,192,257],[129,159,189],[128,157,187],[127,158,188],[126,162,191],[125,160,190],[124,161,192],[126,132,191],[124,130,192],[125,131,190],
[129,135,189],[127,133,188],[128,134,187],[132,137,258],[130,136,257],[131,138,256],[133,141,253],[135,139,254],[134,140,255],[137,143,334],
[136,142,336],[138,144,332],[139,143,333],[141,142,335],[140,144,331],[129,147,159],[127,145,158],[128,146,157],[126,150,162],[124,149,161],
[125,148,160],[122,123,132],[120,121,130],[118,119,131],[116,117,135],[114,115,133],[112,113,134],[143,1082,1083],[142,1076,1077],[144,1079,1080],
[111,295,296],[110,297,298],[109,299,300],[108,207,295],[107,205,299],[106,206,297],[105,210,296],[104,209,298],[103,208,300],[102,177,207],
[101,175,205],[100,176,206],[99,180,210],[98,178,209],[97,179,208],[96,150,180],[95,149,178],[94,148,179],[93,147,175],[92,145,177],
[91,146,176],[96,99,180],[94,97,179],[95,98,178],[93,101,175],[91,100,176],[92,102,177],[99,105,210],[97,103,208],[98,104,209],
[102,108,207],[100,106,206],[101,107,205],[105,111,296],[103,109,300],[104,110,298],[108,111,295],[107,109,299],[106,110,297],[122,126,132],
[118,125,131],[120,124,130],[96,126,150],[94,125,148],[95,124,149],[93,129,147],[91,128,146],[92,127,145],[139,143,1082],[140,144,1079],
[141,142,1076],[137,143,1083],[138,144,1080],[136,142,1077],[116,135,139],[112,134,140],[114,133,141],[123,132,137],[119,131,138],[121,130,136],
[117,129,135],[113,128,134],[115,127,133],[89,90,99],[87,88,97],[85,86,98],[83,84,101],[81,82,100],[79,80,102],[111,1091,1092],
[109,1088,1089],[110,1085,1086],[108,111,1091],[106,110,1085],[107,109,1088],[105,111,1092],[104,110,1086],[103,109,1089],[83,101,107],[79,102,108],
[81,100,106],[89,99,105],[85,98,104],[87,97,103],[84,93,101],[80,92,102],[82,91,100],[90,96,99],[86,95,98],[88,94,97],
[123,137,1083],[121,136,1077],[119,138,1080],[116,139,1082],[114,141,1076],[112,140,1079],[93,117,129],[92,115,127],[91,113,128],[96,122,126],
[95,120,124],[94,118,125],[78,1083,1084],[77,1077,1078],[76,1080,1081],[75,1082,1084],[74,1076,1078],[73,1079,1081],[71,72,1084],[69,70,1078],
[67,68,1081],[71,78,1084],[67,76,1081],[69,77,1078],[72,75,1084],[68,73,1081],[70,74,1078],[75,116,1082],[73,112,1079],[74,114,1076],
[78,123,1083],[76,119,1080],[77,121,1077],[90,96,122],[88,94,118],[86,95,120],[84,93,117],[82,91,113],[80,92,115],[81,106,1085],
[83,107,1088],[79,108,1091],[89,105,1092],[87,103,1089],[85,104,1086],[66,1091,1093],[65,1085,1087],[64,1088,1090],[63,1092,1093],[62,1089,1090],
[61,1086,1087],[59,60,1087],[57,58,1090],[55,56,1093],[54,122,123],[53,118,119],[52,120,121],[51,116,117],[50,112,113],[49,114,115],
[55,66,1093],[57,64,1090],[59,65,1087],[56,63,1093],[60,61,1087],[58,62,1090],[54,90,122],[52,86,120],[53,88,118],[63,89,1092],
[61,85,1086],[62,87,1089],[64,83,1088],[66,79,1091],[65,81,1085],[51,84,117],[49,80,115],[50,82,113],[54,78,123],[52,77,121],
[53,76,119],[50,73,112],[49,74,114],[51,75,116],[48,71,78],[47,69,77],[46,67,76],[45,70,74],[44,68,73],[43,72,75],
[42,89,90],[41,85,86],[40,87,88],[39,83,84],[38,79,80],[37,81,82],[42,54,90],[40,53,88],[41,52,86],[37,50,82],
[39,51,84],[38,49,80],[39,64,83],[37,65,81],[38,66,79],[42,63,89],[40,62,87],[41,61,85],[36,57,64],[35,59,65],
[34,55,66],[33,56,63],[32,58,62],[31,60,61],[44,50,73],[43,51,75],[45,49,74],[48,54,78],[46,53,76],[47,52,77],
[42,48,54],[41,47,52],[40,46,53],[33,42,63],[31,41,61],[32,40,62],[35,37,65],[34,38,66],[36,39,64],[37,44,50],
[38,45,49],[39,43,51],[35,37,44],[36,39,43],[34,38,45],[33,42,48],[32,40,46],[31,41,47],[30,71,72],[29,67,68],
[28,69,70],[27,43,72],[26,44,68],[25,45,70],[24,48,71],[23,46,67],[22,47,69],[24,30,71],[22,28,69],[23,29,67],
[27,30,72],[25,28,70],[26,29,68],[27,36,43],[25,34,45],[26,35,44],[24,33,48],[22,31,47],[23,32,46],[20,21,29],
[18,19,30],[16,17,28],[15,57,58],[14,55,56],[13,59,60],[12,33,56],[11,31,60],[10,32,58],[9,36,57],[8,34,55],
[7,35,59],[9,15,57],[7,13,59],[8,14,55],[11,13,60],[10,15,58],[12,14,56],[18,24,30],[20,23,29],[16,22,28],
[12,24,33],[10,23,32],[11,22,31],[9,27,36],[7,26,35],[8,25,34],[19,27,30],[21,26,29],[17,25,28],[5,6,14],
[3,4,15],[1,2,13],[5,12,14],[1,11,13],[3,10,15],[4,9,15],[6,8,14],[2,7,13],[9,19,27],[8,17,25],
[7,21,26],[12,18,24],[11,16,22],[10,20,23],[5,12,18],[3,10,20],[1,11,16],[6,8,17],[4,9,19],[2,7,21],
[18,19,1096],[16,17,1095],[20,21,1094],[5,18,1096],[3,20,1094],[1,16,1095],[6,17,1095],[2,21,1094],[4,19,1096],[5,6,1097],
[1,2,1099],[3,4,1098],[5,1096,1097],[3,1094,1098],[1,1095,1099],[6,1095,1097],[4,1096,1098],[2,1094,1099]];
###############################################################

#SurfaceInfo: 1099 Vertices, 3297 Edges, 2198 Faces, IsOrientable=true
 #Vertices of faces:
vof2:=[[1097,1098,1099],[1096,1097,1098],[1095,1097,1099],[1094,1098,1099],[1091,1092,1093],[1088,1089,1090],[1085,1086,1087],[1082,1083,1084],[1079,1080,1081],[1076,1077,1078\
],
[1073,1074,1075],[1070,1071,1072],[1067,1068,1069],[1064,1065,1066],[1061,1062,1063],[1058,1059,1060],[1055,1056,1057],[1052,1053,1054],[1049,1050,1051],[1046,1047,1048],
[1043,1044,1045],[1040,1041,1042],[1037,1038,1039],[1034,1035,1036],[1031,1032,1033],[1028,1029,1030],[1025,1026,1027],[1022,1023,1024],[1019,1020,1021],[1016,1017,1018],
[1013,1014,1015],[1010,1011,1012],[1007,1008,1009],[1004,1005,1006],[1001,1002,1003],[998,999,1000],[995,996,997],[994,995,996],[993,998,999],[992,1001,1002],
[989,990,991],[986,987,988],[983,984,985],[980,981,982],[977,978,979],[974,975,976],[973,993,998],[972,992,1001],[971,994,995],[969,970,984],
[967,968,987],[965,966,990],[962,963,964],[959,960,961],[956,957,958],[954,955,978],[952,953,981],[950,951,975],[947,948,949],[944,945,946],
[941,942,943],[940,954,978],[939,950,975],[938,952,981],[945,954,955],[948,950,951],[942,952,953],[937,969,970],[936,967,968],[935,965,966],
[934,956,957],[933,962,963],[932,959,960],[931,963,964],[930,957,958],[929,960,961],[951,974,975],[955,977,978],[953,980,981],[970,983,984],
[966,989,990],[968,986,987],[928,973,993],[927,972,992],[926,971,994],[924,925,967],[922,923,965],[920,921,969],[917,918,919],[914,915,916],
[911,912,913],[910,965,990],[909,969,984],[908,967,987],[907,987,988],[906,984,985],[905,990,991],[904,975,976],[903,981,982],[902,978,979],
[901,903,982],[900,902,979],[899,904,976],[898,905,991],[897,906,985],[896,907,988],[905,910,990],[907,908,987],[906,909,984],[895,914,915],
[894,911,912],[893,917,918],[892,918,919],[891,912,913],[890,915,916],[908,924,967],[909,920,969],[910,922,965],[902,940,978],[904,939,975],
[903,938,981],[889,926,971],[888,928,973],[887,927,972],[886,968,986],[885,966,989],[884,970,983],[883,955,977],[882,953,980],[881,951,974],
[880,933,962],[879,932,959],[878,934,956],[877,929,961],[876,930,958],[875,931,964],[923,935,965],[921,937,969],[925,936,967],[947,948,951],
[941,942,953],[944,945,955],[873,874,904],[871,872,902],[869,870,903],[868,935,966],[867,936,968],[866,937,970],[865,941,943],[865,947,949],
[865,944,946],[863,864,905],[861,862,906],[859,860,907],[860,862,864],[857,858,868],[855,856,866],[853,854,867],[852,857,858],[851,855,856],
[850,853,854],[849,858,868],[848,854,867],[847,856,866],[859,860,864],[862,863,864],[860,861,862],[865,946,947],[865,943,944],[865,941,949],
[857,868,935],[855,866,937],[853,867,936],[869,903,938],[871,902,940],[873,904,939],[846,923,935],[845,925,936],[844,921,937],[851,879,932],
[850,878,934],[852,880,933],[843,877,929],[842,875,931],[841,876,930],[867,886,968],[866,884,970],[868,885,966],[840,889,926],[839,887,927],
[838,888,928],[837,909,920],[836,910,922],[835,908,924],[834,893,917],[833,895,914],[832,894,911],[831,890,916],[830,891,913],[829,892,919],
[863,905,910],[861,906,909],[859,907,908],[864,898,905],[860,896,907],[862,897,906],[874,899,904],[872,900,902],[870,901,903],[881,947,951],
[883,944,955],[882,941,953],[828,840,843],[827,839,842],[826,838,841],[825,1002,1003],[824,996,997],[823,999,1000],[822,825,1003],[821,824,997],
[820,823,1000],[819,825,1002],[818,823,999],[817,824,996],[816,873,939],[815,871,940],[814,869,938],[813,870,901],[812,874,899],[811,872,900],
[820,833,895],[821,832,894],[822,834,893],[813,831,890],[812,829,892],[811,830,891],[828,840,889],[826,838,888],[827,839,887],[840,843,877],
[838,841,876],[839,842,875],[835,859,908],[836,863,910],[837,861,909],[846,857,935],[844,855,937],[845,853,936],[881,946,947],[882,941,949],
[883,943,944],[859,864,898],[862,863,897],[860,861,896],[849,868,885],[847,866,884],[848,867,886],[851,855,879],[852,857,880],[850,853,878],
[810,993,999],[809,992,1002],[808,994,996],[807,939,950],[806,940,954],[805,938,952],[804,942,952],[803,948,950],[802,945,954],[801,928,993],
[800,926,994],[799,927,992],[798,948,949],[797,942,943],[796,945,946],[795,840,926],[794,839,927],[793,838,928],[794,799,927],[793,801,928],
[795,800,926],[796,802,945],[798,803,948],[797,804,942],[804,805,952],[802,806,954],[803,807,950],[800,808,994],[799,809,992],[801,810,993],
[805,814,938],[807,816,939],[806,815,940],[792,848,886],[791,847,884],[790,849,885],[797,883,943],[796,881,946],[798,882,949],[795,840,877],
[794,839,875],[793,838,876],[789,828,889],[788,826,888],[787,827,887],[809,819,1002],[808,817,996],[810,818,999],[846,857,880],[845,853,878],
[844,855,879],[835,859,898],[837,861,896],[836,863,897],[813,831,901],[812,829,899],[811,830,900],[822,834,1003],[820,833,1000],[821,832,997],
[785,786,804],[783,784,802],[781,782,803],[779,780,800],[777,778,799],[775,776,801],[774,962,964],[773,956,958],[772,959,961],[771,1001,1003],
[770,995,997],[769,998,1000],[768,989,991],[767,986,988],[766,983,985],[765,980,982],[764,974,976],[763,977,979],[762,972,1001],[761,971,995],
[760,973,998],[759,877,961],[758,875,964],[757,876,958],[756,880,962],[755,878,956],[754,879,959],[753,883,977],[752,881,974],[751,882,980],
[750,884,983],[749,886,986],[748,885,989],[747,887,972],[746,888,973],[745,889,971],[744,898,991],[743,896,988],[742,897,985],[741,901,982],
[740,899,976],[739,900,979],[747,762,972],[746,760,973],[745,761,971],[739,763,979],[740,764,976],[741,765,982],[751,765,980],[753,763,977],
[752,764,974],[742,766,985],[743,767,988],[744,768,991],[750,766,983],[748,768,989],[749,767,986],[762,771,1001],[760,769,998],[761,770,995],
[759,772,961],[757,773,958],[758,774,964],[756,774,962],[754,772,959],[755,773,956],[738,805,814],[737,806,815],[736,807,816],[771,834,1003],
[770,832,997],[769,833,1000],[741,831,901],[739,830,900],[740,829,899],[744,835,898],[742,836,897],[743,837,896],[756,846,880],[754,844,879],
[755,845,878],[735,809,819],[734,810,818],[733,808,817],[745,789,889],[747,787,887],[746,788,888],[758,794,875],[757,793,876],[759,795,877],
[752,796,881],[751,798,882],[753,797,883],[750,791,884],[748,790,885],[749,792,886],[777,799,809],[775,801,810],[779,800,808],[785,804,805],
[781,803,807],[783,802,806],[786,797,804],[782,798,803],[784,796,802],[780,795,800],[776,793,801],[778,794,799],[731,732,763],[729,730,764],
[727,728,765],[725,726,766],[723,724,767],[721,722,768],[719,720,762],[717,718,760],[715,716,761],[713,714,774],[711,712,772],[709,710,773],
[708,920,921],[707,924,925],[706,922,923],[705,917,919],[704,911,913],[703,914,916],[702,834,917],[701,833,914],[700,832,911],[699,830,913],
[698,829,919],[697,831,916],[696,835,924],[695,836,922],[694,837,920],[693,846,923],[692,844,921],[691,845,925],[699,704,913],[697,703,916],
[698,705,919],[702,705,917],[700,704,911],[701,703,914],[693,706,923],[691,707,925],[692,708,921],[695,706,922],[696,707,924],[694,708,920],
[690,749,792],[689,750,791],[688,748,790],[687,746,788],[686,745,789],[685,747,787],[693,756,846],[691,755,845],[692,754,844],[695,742,836],
[696,744,835],[694,743,837],[699,739,830],[697,741,831],[698,740,829],[702,771,834],[700,770,832],[701,769,833],[713,758,774],[711,759,772],
[709,757,773],[714,756,774],[710,755,773],[712,754,772],[719,762,771],[715,761,770],[717,760,769],[725,750,766],[723,749,767],[721,748,768],
[726,742,766],[722,744,768],[724,743,767],[731,753,763],[729,752,764],[727,751,765],[732,739,763],[728,741,765],[730,740,764],[718,746,760],
[716,745,761],[720,747,762],[738,785,805],[736,781,807],[737,783,806],[752,784,796],[753,786,797],[751,782,798],[758,778,794],[759,780,795],
[757,776,793],[735,777,809],[733,779,808],[734,775,810],[683,684,704],[681,682,705],[679,680,703],[677,678,706],[675,676,707],[673,674,708],
[672,735,777],[671,734,775],[670,733,779],[669,738,785],[668,736,781],[667,737,783],[677,695,706],[673,694,708],[675,696,707],[678,693,706],
[674,692,708],[676,691,707],[683,700,704],[679,701,703],[681,702,705],[684,699,704],[682,698,705],[680,697,703],[729,752,784],[727,751,782],
[731,753,786],[690,723,749],[688,721,748],[689,725,750],[713,758,778],[709,757,776],[711,759,780],[702,719,771],[701,717,769],[700,715,770],
[699,732,739],[698,730,740],[697,728,741],[695,726,742],[694,724,743],[696,722,744],[693,714,756],[692,712,754],[691,710,755],[687,718,746],
[685,720,747],[686,716,745],[666,785,786],[665,781,782],[664,783,784],[663,779,780],[662,775,776],[661,777,778],[665,727,782],[666,731,786],
[664,729,784],[660,687,718],[659,685,720],[658,686,716],[662,709,776],[663,711,780],[661,713,778],[657,688,721],[656,689,725],[655,690,723],
[664,667,783],[666,669,785],[665,668,781],[661,672,777],[663,670,779],[662,671,775],[684,699,732],[680,697,728],[682,698,730],[681,702,719],
[683,700,715],[679,701,717],[678,693,714],[676,691,710],[674,692,712],[677,695,726],[675,696,722],[673,694,724],[654,731,732],[653,727,728],
[652,729,730],[651,725,726],[650,721,722],[649,723,724],[648,719,720],[647,715,716],[646,717,718],[645,713,714],[644,709,710],[643,711,712],
[653,665,727],[654,666,731],[652,664,729],[651,677,726],[649,673,724],[650,675,722],[645,678,714],[643,674,712],[644,676,710],[648,681,719],
[646,679,717],[647,683,715],[654,684,732],[652,682,730],[653,680,728],[642,661,672],[641,663,670],[640,662,671],[639,666,669],[638,665,668],
[637,664,667],[651,656,725],[649,655,723],[650,657,721],[645,661,713],[643,663,711],[644,662,709],[647,658,716],[646,660,718],[648,659,720],
[636,683,684],[635,679,680],[634,681,682],[633,677,678],[632,673,674],[631,675,676],[630,646,660],[629,648,659],[628,647,658],[627,650,657],
[626,649,655],[625,651,656],[635,653,680],[634,652,682],[636,654,684],[636,647,683],[634,648,681],[635,646,679],[633,645,678],[631,644,676],
[632,643,674],[633,651,677],[631,650,675],[632,649,673],[638,653,665],[637,652,664],[639,654,666],[642,645,661],[640,644,662],[641,643,663],
[633,642,645],[632,641,643],[631,640,644],[628,636,647],[630,635,646],[629,634,648],[635,638,653],[636,639,654],[634,637,652],[625,633,651],
[626,632,649],[627,631,650],[625,633,642],[627,631,640],[626,632,641],[629,634,637],[628,636,639],[630,635,638],[624,871,872],[623,869,870],
[622,873,874],[621,895,915],[620,893,918],[619,894,912],[618,890,915],[617,892,918],[616,891,912],[615,814,869],[614,816,873],[613,815,871],
[612,820,895],[611,821,894],[610,822,893],[609,813,890],[608,812,892],[607,811,891],[606,811,872],[605,813,870],[604,812,874],[603,822,825],
[602,820,823],[601,821,824],[600,819,825],[599,817,824],[598,818,823],[597,738,814],[596,736,816],[595,737,815],[594,735,819],[593,733,817],
[592,734,818],[591,669,738],[590,668,736],[589,667,737],[588,672,735],[587,670,733],[586,671,734],[585,639,669],[584,637,667],[583,638,668],
[582,642,672],[581,641,670],[580,640,671],[582,588,672],[580,586,671],[581,587,670],[583,590,668],[584,589,667],[585,591,669],[588,594,735],
[586,592,734],[587,593,733],[591,597,738],[589,595,737],[590,596,736],[594,600,819],[592,598,818],[593,599,817],[600,603,825],[598,602,823],
[599,601,824],[605,609,813],[604,608,812],[606,607,811],[603,610,822],[602,612,820],[601,611,821],[595,613,815],[596,614,816],[597,615,814],
[609,618,890],[607,616,891],[608,617,892],[612,621,895],[610,620,893],[611,619,894],[618,621,915],[616,619,912],[617,620,918],[606,624,872],
[604,622,874],[605,623,870],[613,624,871],[614,622,873],[615,623,869],[580,627,640],[582,625,642],[581,626,641],[583,630,638],[585,628,639],
[584,629,637],[578,579,590],[576,577,589],[574,575,591],[600,1037,1038],[598,1031,1032],[599,1034,1035],[572,573,610],[570,571,612],[568,569,611],
[618,1028,1029],[616,1022,1023],[617,1025,1026],[566,567,606],[564,565,604],[562,563,605],[613,1019,1020],[614,1016,1017],[615,1013,1014],[560,561,586],
[558,559,588],[556,557,587],[555,1010,1011],[554,1004,1005],[553,1007,1008],[552,828,843],[551,827,842],[550,826,841],[549,932,960],[548,933,963],
[547,934,957],[546,930,957],[545,929,960],[544,931,963],[543,851,932],[542,852,933],[541,850,934],[540,843,929],[539,841,930],[538,842,931],
[537,852,858],[536,850,854],[535,851,856],[534,849,858],[533,847,856],[532,848,854],[531,789,828],[530,787,827],[529,788,826],[528,791,847],
[527,790,849],[526,792,848],[525,688,790],[524,689,791],[523,690,792],[522,687,788],[521,685,787],[520,686,789],[519,657,688],[518,656,689],
[517,655,690],[516,660,687],[515,659,685],[514,658,686],[513,630,660],[512,628,658],[511,629,659],[510,627,657],[509,625,656],[508,626,655],
[513,516,660],[512,514,658],[511,515,659],[510,519,657],[508,517,655],[509,518,656],[516,522,687],[514,520,686],[515,521,685],[519,525,688],
[517,523,690],[518,524,689],[524,528,791],[523,526,792],[525,527,790],[520,531,789],[522,529,788],[521,530,787],[527,534,849],[526,532,848],
[528,533,847],[534,537,858],[532,536,854],[533,535,856],[535,543,851],[536,541,850],[537,542,852],[538,544,931],[540,545,929],[539,546,930],
[543,549,932],[541,547,934],[542,548,933],[546,547,957],[544,548,963],[545,549,960],[531,552,828],[529,550,826],[530,551,827],[540,552,843],
[538,551,842],[539,550,841],[507,554,1004],[506,555,1010],[505,553,1007],[504,555,1011],[503,554,1005],[502,553,1008],[560,580,586],[556,581,587],
[558,582,588],[513,583,630],[511,584,629],[512,585,628],[510,580,627],[508,581,626],[509,582,625],[613,624,1019],[615,623,1013],[614,622,1016],
[566,606,624],[564,604,622],[562,605,623],[618,621,1028],[617,620,1025],[616,619,1022],[572,610,620],[568,611,619],[570,612,621],[609,618,1029],
[607,616,1023],[608,617,1026],[595,613,1020],[597,615,1014],[596,614,1017],[573,603,610],[569,601,611],[571,602,612],[563,605,609],[567,606,607],
[565,604,608],[600,603,1037],[599,601,1034],[598,602,1031],[594,600,1038],[593,599,1035],[592,598,1032],[578,590,596],[574,591,597],[576,589,595],
[559,588,594],[557,587,593],[561,586,592],[579,583,590],[575,585,591],[577,584,589],[500,501,554],[498,499,553],[496,497,555],[494,495,519],
[492,493,517],[490,491,518],[528,1073,1074],[527,1067,1068],[526,1070,1071],[488,489,537],[486,487,536],[484,485,535],[549,1064,1065],[547,1058,1059],
[548,1061,1062],[531,1055,1056],[530,1052,1053],[529,1049,1050],[482,483,538],[480,481,539],[478,479,540],[476,477,516],[474,475,514],[472,473,515],
[471,1043,1044],[470,1040,1041],[469,1046,1047],[468,471,1043],[467,469,1046],[466,470,1040],[465,469,1047],[464,470,1041],[463,471,1044],[476,513,516],
[472,511,515],[474,512,514],[496,506,555],[500,507,554],[498,505,553],[499,502,553],[497,504,555],[501,503,554],[478,540,552],[480,539,550],
[482,538,551],[531,552,1055],[530,551,1052],[529,550,1049],[546,547,1058],[545,549,1064],[544,548,1061],[543,549,1065],[542,548,1062],[541,547,1059],
[481,539,546],[479,540,545],[483,538,544],[484,535,543],[488,537,542],[486,536,541],[489,534,537],[485,533,535],[487,532,536],[527,534,1067],
[528,533,1073],[526,532,1070],[521,530,1053],[522,529,1050],[520,531,1056],[525,527,1068],[523,526,1071],[524,528,1074],[494,519,525],[490,518,524],
[492,517,523],[473,515,521],[477,516,522],[475,514,520],[495,510,519],[491,509,518],[493,508,517],[559,594,1038],[561,592,1032],[557,593,1035],
[573,603,1037],[571,602,1031],[569,601,1034],[576,595,1020],[578,596,1017],[574,597,1014],[563,609,1029],[565,608,1026],[567,607,1023],[570,621,1028],
[568,619,1022],[572,620,1025],[566,624,1019],[562,623,1013],[564,622,1016],[513,579,583],[511,577,584],[512,575,585],[510,560,580],[509,558,582],
[508,556,581],[461,462,471],[459,460,469],[457,458,470],[456,1038,1039],[455,1035,1036],[454,1032,1033],[453,1037,1039],[452,1031,1033],[451,1034,1036],
[450,1020,1021],[449,1017,1018],[448,1014,1015],[447,1013,1015],[446,1019,1021],[445,1016,1018],[443,444,1033],[441,442,1039],[439,440,1036],[437,438,1015],
[435,436,1021],[433,434,1018],[432,1029,1030],[431,1023,1024],[430,1026,1027],[429,1028,1030],[428,1022,1024],[427,1025,1027],[500,501,1030],[496,497,1024],
[498,499,1027],[430,499,1027],[432,501,1030],[431,497,1024],[428,496,1024],[427,498,1027],[429,500,1030],[439,455,1036],[443,454,1033],[441,456,1039],
[440,451,1036],[444,452,1033],[442,453,1039],[437,448,1015],[433,449,1018],[435,450,1021],[438,447,1015],[434,445,1018],[436,446,1021],[426,496,506],
[425,498,505],[424,500,507],[423,499,502],[422,497,504],[421,501,503],[446,566,1019],[445,564,1016],[447,562,1013],[429,570,1028],[427,572,1025],
[428,568,1022],[432,563,1029],[431,567,1023],[430,565,1026],[450,576,1020],[448,574,1014],[449,578,1017],[453,573,1037],[451,569,1034],[452,571,1031],
[454,561,1032],[455,557,1035],[456,559,1038],[461,468,471],[457,466,470],[459,467,469],[462,463,471],[458,464,470],[460,465,469],[495,510,560],
[493,508,556],[491,509,558],[494,525,1068],[490,524,1074],[492,523,1071],[473,521,1053],[475,520,1056],[477,522,1050],[489,534,1067],[487,532,1070],
[485,533,1073],[484,543,1065],[486,541,1059],[488,542,1062],[481,546,1058],[483,544,1061],[479,545,1064],[478,552,1055],[480,550,1049],[482,551,1052],
[476,513,579],[474,512,575],[472,511,577],[420,1068,1069],[419,1074,1075],[418,1071,1072],[417,1067,1069],[416,1070,1072],[415,1073,1075],[414,1053,1054],
[413,1056,1057],[412,1050,1051],[411,1055,1057],[410,1049,1051],[409,1052,1054],[407,408,1069],[405,406,1072],[403,404,1075],[401,402,1051],[399,400,1054],
[397,398,1057],[396,1059,1060],[395,1065,1066],[394,1062,1063],[393,1058,1060],[392,1064,1066],[391,1061,1063],[461,462,1060],[457,458,1066],[459,460,1063],
[390,578,579],[389,574,575],[388,576,577],[387,572,573],[386,568,569],[385,570,571],[384,562,563],[383,564,565],[382,566,567],[381,560,561],
[380,556,557],[379,558,559],[396,462,1060],[394,460,1063],[395,458,1066],[393,461,1060],[391,459,1063],[392,457,1066],[407,420,1069],[403,419,1075],
[405,418,1072],[406,416,1072],[404,415,1075],[408,417,1069],[401,412,1051],[397,413,1057],[399,414,1054],[400,409,1054],[398,411,1057],[402,410,1051],
[390,476,579],[388,472,577],[389,474,575],[411,478,1055],[409,482,1052],[410,480,1049],[393,481,1058],[392,479,1064],[391,483,1061],[395,484,1065],
[394,488,1062],[396,486,1059],[417,489,1067],[415,485,1073],[416,487,1070],[414,473,1053],[412,477,1050],[413,475,1056],[420,494,1068],[418,492,1071],
[419,490,1074],[381,495,560],[379,491,558],[380,493,556],[378,461,468],[377,459,467],[376,457,466],[375,462,463],[374,460,465],[373,458,464],
[381,454,561],[379,456,559],[380,455,557],[386,451,569],[385,452,571],[387,453,573],[388,450,576],[390,449,578],[389,448,574],[384,432,563],
[382,431,567],[383,430,565],[386,428,568],[385,429,570],[387,427,572],[382,446,566],[384,447,562],[383,445,564],[372,443,454],[371,441,456],
[370,439,455],[369,444,452],[368,442,453],[367,440,451],[366,433,449],[365,435,450],[364,437,448],[363,436,446],[362,438,447],[361,434,445],
[421,432,501],[422,431,497],[423,430,499],[426,428,496],[424,429,500],[425,427,498],[360,494,495],[359,490,491],[358,492,493],[357,488,489],
[356,484,485],[355,486,487],[354,482,483],[353,478,479],[352,480,481],[351,472,473],[350,476,477],[349,474,475],[351,388,472],[349,389,474],
[350,390,476],[360,381,495],[358,380,493],[359,379,491],[360,420,494],[358,418,492],[359,419,490],[351,414,473],[349,413,475],[350,412,477],
[357,417,489],[356,415,485],[355,416,487],[356,395,484],[355,396,486],[357,394,488],[352,393,481],[354,391,483],[353,392,479],[353,411,478],
[352,410,480],[354,409,482],[348,407,420],[347,405,418],[346,403,419],[345,408,417],[344,404,415],[343,406,416],[342,399,414],[341,397,413],
[340,401,412],[339,402,410],[338,398,411],[337,400,409],[362,384,447],[361,383,445],[363,382,446],[386,426,428],[387,425,427],[385,424,429],
[384,421,432],[383,423,430],[382,422,431],[365,388,450],[364,389,448],[366,390,449],[367,386,451],[368,387,453],[369,385,452],[372,381,454],
[370,380,455],[371,379,456],[375,396,462],[373,395,458],[374,394,460],[378,393,461],[376,392,457],[377,391,459],[351,365,388],[350,366,390],
[349,364,389],[367,386,426],[369,385,424],[368,387,425],[362,384,421],[363,382,422],[361,383,423],[339,352,410],[337,354,409],[338,353,411],
[352,378,393],[354,377,391],[353,376,392],[357,374,394],[355,375,396],[356,373,395],[345,357,417],[343,355,416],[344,356,415],[342,351,414],
[340,350,412],[341,349,413],[348,360,420],[346,359,419],[347,358,418],[360,372,381],[359,371,379],[358,370,380],[335,336,1012],[333,334,1009],
[331,332,1006],[330,1004,1006],[329,1007,1009],[328,1010,1012],[327,1011,1012],[326,1005,1006],[325,1008,1009],[324,507,1004],[323,505,1007],[322,506,1010],
[321,504,1011],[320,503,1005],[319,502,1008],[318,424,507],[317,426,506],[316,425,505],[315,421,503],[314,423,502],[313,422,504],[313,321,504],
[314,319,502],[315,320,503],[318,324,507],[317,322,506],[316,323,505],[321,327,1011],[319,325,1008],[320,326,1005],[324,330,1004],[322,328,1010],
[323,329,1007],[328,335,1012],[330,331,1006],[329,333,1009],[327,336,1012],[325,334,1009],[326,332,1006],[315,362,421],[314,361,423],[313,363,422],
[318,369,424],[317,367,426],[316,368,425],[348,360,372],[347,358,370],[346,359,371],[342,351,365],[341,349,364],[340,350,366],[345,357,374],
[344,356,373],[343,355,375],[339,352,378],[338,353,376],[337,354,377],[311,312,321],[309,310,319],[307,308,320],[305,306,324],[303,304,322],
[301,302,323],[299,300,1045],[297,298,1042],[295,296,1048],[294,1043,1045],[293,1040,1042],[292,1046,1048],[291,1041,1042],[290,1044,1045],[289,1047,1048],
[288,443,444],[287,439,440],[286,441,442],[285,435,436],[284,433,434],[283,437,438],[282,468,1043],[281,466,1040],[280,467,1046],[279,464,1041],
[278,463,1044],[277,465,1047],[276,362,438],[275,361,434],[274,363,436],[273,365,435],[272,364,437],[271,366,433],[270,369,444],[269,367,440],
[268,368,442],[267,372,443],[266,370,439],[265,371,441],[264,378,468],[263,376,466],[262,377,467],[261,374,465],[260,373,464],[259,375,463],
[259,278,463],[261,277,465],[260,279,464],[264,282,468],[262,280,467],[263,281,466],[272,283,437],[271,284,433],[273,285,435],[276,283,438],
[274,285,436],[275,284,434],[267,288,443],[265,286,441],[266,287,439],[270,288,444],[268,286,442],[269,287,440],[278,290,1044],[277,289,1047],
[279,291,1041],[282,294,1043],[280,292,1046],[281,293,1040],[292,295,1048],[294,299,1045],[293,297,1042],[290,300,1045],[289,296,1048],[291,298,1042],
[311,313,321],[307,315,320],[309,314,319],[264,339,378],[262,337,377],[263,338,376],[261,345,374],[259,343,375],[260,344,373],[273,342,365],
[271,340,366],[272,341,364],[267,348,372],[265,346,371],[266,347,370],[270,318,369],[268,316,368],[269,317,367],[276,315,362],[274,313,363],
[275,314,361],[258,327,336],[257,325,334],[256,326,332],[255,330,331],[254,329,333],[253,328,335],[305,324,330],[301,323,329],[303,322,328],
[312,321,327],[308,320,326],[310,319,325],[306,318,324],[302,316,323],[304,317,322],[251,252,283],[249,250,284],[247,248,285],[245,246,288],
[243,244,286],[241,242,287],[239,240,278],[237,238,277],[235,236,279],[233,234,282],[231,232,280],[229,230,281],[228,407,408],[227,403,404],
[226,405,406],[225,401,402],[224,399,400],[223,397,398],[222,339,402],[221,337,400],[220,338,398],[219,340,401],[218,342,399],[217,341,397],
[216,345,408],[215,343,406],[214,344,404],[213,348,407],[212,346,403],[211,347,405],[219,225,401],[217,223,397],[218,224,399],[222,225,402],
[220,223,398],[221,224,400],[213,228,407],[211,226,405],[212,227,403],[216,228,408],[214,227,404],[215,226,406],[213,267,348],[211,266,347],
[212,265,346],[217,272,341],[218,273,342],[219,271,340],[216,261,345],[214,260,344],[215,259,343],[222,264,339],[220,263,338],[221,262,337],
[210,290,300],[209,291,298],[208,289,296],[207,293,297],[206,294,299],[205,292,295],[233,282,294],[229,281,293],[231,280,292],[239,278,290],
[235,279,291],[237,277,289],[241,269,287],[245,270,288],[243,268,286],[246,267,288],[242,266,287],[244,265,286],[251,276,283],[249,275,284],
[247,274,285],[252,272,283],[248,273,285],[250,271,284],[234,264,282],[230,263,281],[232,262,280],[240,259,278],[236,260,279],[238,261,277],
[255,305,330],[253,303,328],[254,301,329],[258,312,327],[257,310,325],[256,308,326],[275,309,314],[276,307,315],[274,311,313],[270,306,318],
[269,304,317],[268,302,316],[203,204,225],[201,202,223],[199,200,224],[197,198,228],[195,196,226],[193,194,227],[192,258,312],[191,256,308],
[190,257,310],[189,255,305],[188,254,301],[187,253,303],[197,216,228],[195,215,226],[193,214,227],[198,213,228],[194,212,227],[196,211,226],
[203,222,225],[199,221,224],[201,220,223],[204,219,225],[200,218,224],[202,217,223],[247,274,311],[251,276,307],[249,275,309],[213,246,267],
[212,244,265],[211,242,266],[245,270,306],[243,268,302],[241,269,304],[206,233,294],[205,231,292],[207,229,293],[210,239,290],[208,237,289],
[209,235,291],[222,234,264],[221,232,262],[220,230,263],[216,238,261],[215,240,259],[214,236,260],[219,250,271],[218,248,273],[217,252,272],
[186,311,312],[185,307,308],[184,309,310],[183,305,306],[182,301,302],[181,303,304],[186,247,311],[184,249,309],[185,251,307],[180,210,239],
[179,209,235],[178,208,237],[177,206,233],[176,207,229],[175,205,231],[183,245,306],[181,241,304],[182,243,302],[183,189,305],[181,187,303],
[182,188,301],[186,192,312],[184,190,310],[185,191,308],[204,219,250],[202,217,252],[200,218,248],[203,222,234],[201,220,230],[199,221,232],
[198,213,246],[196,211,242],[194,212,244],[197,216,238],[193,214,236],[195,215,240],[174,247,248],[173,249,250],[172,251,252],[171,245,246],
[170,241,242],[169,243,244],[168,239,240],[167,237,238],[166,235,236],[165,233,234],[164,229,230],[163,231,232],[174,186,247],[172,185,251],
[173,184,249],[167,197,238],[166,193,236],[168,195,240],[171,198,246],[169,194,244],[170,196,242],[165,203,234],[163,199,232],[164,201,230],
[173,204,250],[174,200,248],[172,202,252],[162,186,192],[161,185,191],[160,184,190],[159,181,187],[158,183,189],[157,182,188],[171,183,245],
[169,182,243],[170,181,241],[163,175,231],[165,177,233],[164,176,229],[168,180,239],[167,178,237],[166,179,235],[156,203,204],[155,199,200],
[154,201,202],[153,197,198],[152,193,194],[151,195,196],[150,168,180],[149,166,179],[148,167,178],[147,165,177],[146,164,176],[145,163,175],
[156,173,204],[154,172,202],[155,174,200],[156,165,203],[154,164,201],[155,163,199],[153,171,198],[151,170,196],[152,169,194],[153,167,197],
[151,168,195],[152,166,193],[158,171,183],[159,170,181],[157,169,182],[162,174,186],[160,173,184],[161,172,185],[150,151,168],[148,153,167],
[149,152,166],[153,158,171],[152,157,169],[151,159,170],[156,160,173],[155,162,174],[154,161,172],[147,156,165],[145,155,163],[146,154,164],
[147,156,160],[146,154,161],[145,155,162],[150,151,159],[149,152,157],[148,153,158],[144,335,336],[143,331,332],[142,333,334],[141,253,335],
[140,255,331],[139,254,333],[138,258,336],[137,256,332],[136,257,334],[135,187,253],[134,188,254],[133,189,255],[132,192,258],[131,190,257],
[130,191,256],[129,159,187],[128,157,188],[127,158,189],[126,160,190],[125,161,191],[124,162,192],[124,132,192],[125,130,191],[126,131,190],
[129,135,187],[127,133,189],[128,134,188],[130,137,256],[131,136,257],[132,138,258],[135,141,253],[134,139,254],[133,140,255],[138,144,336],
[136,142,334],[137,143,332],[141,144,335],[139,142,333],[140,143,331],[126,147,160],[124,145,162],[125,146,161],[129,150,159],[127,148,158],
[128,149,157],[122,123,130],[120,121,131],[118,119,132],[116,117,135],[114,115,133],[112,113,134],[143,1082,1083],[142,1079,1080],[144,1076,1077],
[111,299,300],[110,297,298],[109,295,296],[108,207,297],[107,206,299],[106,205,295],[105,210,300],[104,208,296],[103,209,298],[102,177,206],
[101,175,205],[100,176,207],[99,180,210],[98,178,208],[97,179,209],[96,150,180],[95,148,178],[94,149,179],[93,147,177],[92,145,175],
[91,146,176],[96,99,180],[94,97,179],[95,98,178],[91,100,176],[93,102,177],[92,101,175],[99,105,210],[97,103,209],[98,104,208],
[101,106,205],[100,108,207],[102,107,206],[105,111,300],[104,109,296],[103,110,298],[106,109,295],[107,111,299],[108,110,297],[122,125,130],
[118,124,132],[120,126,131],[96,129,150],[94,128,149],[95,127,148],[93,126,147],[92,124,145],[91,125,146],[141,144,1076],[140,143,1082],
[139,142,1079],[137,143,1083],[138,144,1077],[136,142,1080],[116,135,141],[114,133,140],[112,134,139],[123,130,137],[119,132,138],[121,131,136],
[117,129,135],[113,128,134],[115,127,133],[89,90,99],[87,88,98],[85,86,97],[83,84,100],[81,82,101],[79,80,102],[111,1091,1092],
[109,1085,1086],[110,1088,1089],[107,111,1091],[108,110,1088],[106,109,1085],[105,111,1092],[103,110,1089],[104,109,1086],[83,100,108],[79,102,107],
[81,101,106],[89,99,105],[85,97,103],[87,98,104],[84,91,100],[80,93,102],[82,92,101],[90,96,99],[88,95,98],[86,94,97],
[123,137,1083],[121,136,1080],[119,138,1077],[116,141,1076],[114,140,1082],[112,139,1079],[91,122,125],[93,120,126],[92,118,124],[96,117,129],
[95,115,127],[94,113,128],[78,1083,1084],[77,1080,1081],[76,1077,1078],[75,1076,1078],[74,1082,1084],[73,1079,1081],[71,72,1078],[69,70,1084],
[67,68,1081],[71,76,1078],[67,77,1081],[69,78,1084],[72,75,1078],[68,73,1081],[70,74,1084],[75,116,1076],[73,112,1079],[74,114,1082],
[78,123,1083],[76,119,1077],[77,121,1080],[90,96,117],[86,94,113],[88,95,115],[84,91,122],[82,92,118],[80,93,120],[79,107,1091],
[81,106,1085],[83,108,1088],[89,105,1092],[87,104,1086],[85,103,1089],[66,1091,1093],[65,1088,1090],[64,1085,1087],[63,1092,1093],[62,1086,1087],
[61,1089,1090],[59,60,1090],[57,58,1087],[55,56,1093],[54,122,123],[53,118,119],[52,120,121],[51,116,117],[50,112,113],[49,114,115],
[55,66,1093],[57,64,1087],[59,65,1090],[56,63,1093],[60,61,1090],[58,62,1087],[51,90,117],[49,88,115],[50,86,113],[63,89,1092],
[61,85,1089],[62,87,1086],[66,79,1091],[64,81,1085],[65,83,1088],[54,84,122],[52,80,120],[53,82,118],[52,77,121],[53,76,119],
[54,78,123],[51,75,116],[49,74,114],[50,73,112],[48,67,77],[47,71,76],[46,69,78],[45,72,75],[44,70,74],[43,68,73],
[42,89,90],[41,85,86],[40,87,88],[39,79,80],[38,81,82],[37,83,84],[42,51,90],[41,50,86],[40,49,88],[39,52,80],
[37,54,84],[38,53,82],[39,66,79],[37,65,83],[38,64,81],[42,63,89],[40,62,87],[41,61,85],[36,57,64],[35,55,66],
[34,59,65],[33,56,63],[32,60,61],[31,58,62],[45,51,75],[43,50,73],[44,49,74],[48,52,77],[46,54,78],[47,53,76],
[42,45,51],[40,44,49],[41,43,50],[33,42,63],[31,40,62],[32,41,61],[35,39,66],[36,38,64],[34,37,65],[39,48,52],
[38,47,53],[37,46,54],[35,39,48],[34,37,46],[36,38,47],[33,42,45],[32,41,43],[31,40,44],[30,71,72],[29,69,70],
[28,67,68],[27,45,72],[26,43,68],[25,44,70],[24,48,67],[23,46,69],[22,47,71],[22,30,71],[24,28,67],[23,29,69],
[27,30,72],[26,28,68],[25,29,70],[24,35,48],[23,34,46],[22,36,47],[27,33,45],[25,31,44],[26,32,43],[20,21,29],
[18,19,28],[16,17,30],[15,57,58],[14,55,56],[13,59,60],[12,33,56],[11,31,58],[10,32,60],[9,34,59],[8,35,55],
[7,36,57],[9,13,59],[7,15,57],[8,14,55],[11,15,58],[10,13,60],[12,14,56],[20,23,29],[18,24,28],[16,22,30],
[12,27,33],[11,25,31],[10,26,32],[8,24,35],[7,22,36],[9,23,34],[17,27,30],[21,25,29],[19,26,28],[5,6,14],
[3,4,15],[1,2,13],[5,12,14],[1,10,13],[3,11,15],[2,9,13],[6,8,14],[4,7,15],[8,18,24],[9,20,23],
[7,16,22],[12,17,27],[10,19,26],[11,21,25],[5,12,17],[3,11,21],[1,10,19],[6,8,18],[4,7,16],[2,9,20],
[16,17,1096],[18,19,1095],[20,21,1094],[5,17,1096],[3,21,1094],[1,19,1095],[6,18,1095],[2,20,1094],[4,16,1096],[5,6,1097],
[1,2,1099],[3,4,1098],[5,1096,1097],[3,1094,1098],[1,1095,1099],[6,1095,1097],[4,1096,1098],[2,1094,1099]];
###############################################################

