#SurfaceInfo: 1260 Vertices, 7560 Edges, 5040 Faces, IsOrientable=true
 #Vertices of faces:
vof1:=[[1258,1259,1260],[1257,1258,1259],[1256,1259,1260],[1255,1258,1260],[1252,1253,1254],[1249,1250,1251],[1246,1247,1248],[1243,1244,1245],[1242,1249,1250],[1241,1246,1247\
],
[1240,1243,1244],[1237,1238,1239],[1234,1235,1236],[1231,1232,1233],[1230,1242,1249],[1229,1240,1243],[1228,1241,1246],[1227,1252,1253],[1226,1253,1254],[1225,1252,1254],
[1222,1223,1224],[1219,1220,1221],[1216,1217,1218],[1214,1215,1220],[1212,1213,1217],[1210,1211,1223],[1209,1219,1220],[1208,1222,1223],[1207,1216,1217],[1206,1249,1251],
[1205,1243,1245],[1204,1246,1248],[1203,1250,1251],[1202,1244,1245],[1201,1247,1248],[1198,1199,1200],[1195,1196,1197],[1192,1193,1194],[1191,1198,1199],[1190,1192,1193],
[1189,1195,1196],[1187,1188,1235],[1185,1186,1232],[1183,1184,1238],[1180,1181,1182],[1177,1178,1179],[1174,1175,1176],[1171,1172,1173],[1168,1169,1170],[1165,1166,1167],
[1162,1163,1164],[1160,1161,1191],[1158,1159,1189],[1156,1157,1190],[1153,1154,1155],[1150,1151,1152],[1147,1148,1149],[1146,1171,1172],[1145,1165,1166],[1144,1168,1169],
[1141,1142,1143],[1138,1139,1140],[1135,1136,1137],[1132,1133,1134],[1129,1130,1131],[1126,1127,1128],[1125,1191,1198],[1124,1190,1192],[1123,1189,1195],[1121,1122,1151],
[1119,1120,1154],[1117,1118,1148],[1114,1115,1116],[1111,1112,1113],[1108,1109,1110],[1105,1106,1107],[1102,1103,1104],[1099,1100,1101],[1096,1097,1098],[1093,1094,1095],
[1090,1091,1092],[1087,1088,1089],[1084,1085,1086],[1083,1129,1130],[1082,1132,1133],[1081,1126,1127],[1080,1126,1170],[1079,1129,1167],[1078,1132,1173],[1076,1077,1112],
[1074,1075,1109],[1072,1073,1115],[1071,1144,1168],[1070,1145,1165],[1069,1146,1171],[1068,1141,1142],[1067,1135,1136],[1066,1138,1139],[1063,1064,1065],[1060,1061,1062],
[1057,1058,1059],[1056,1119,1154],[1055,1117,1148],[1054,1121,1151],[1053,1147,1148],[1052,1153,1154],[1051,1150,1151],[1049,1050,1103],[1047,1048,1100],[1045,1046,1106],
[1042,1043,1044],[1039,1040,1041],[1036,1037,1038],[1034,1035,1040],[1032,1033,1037],[1030,1031,1043],[1027,1028,1029],[1026,1027,1028],[1025,1028,1029],[1024,1027,1029],
[1023,1091,1106],[1022,1094,1103],[1021,1097,1100],[1052,1056,1154],[1051,1054,1151],[1053,1055,1148],[1018,1019,1020],[1015,1016,1017],[1012,1013,1014],[1011,1049,1103],
[1010,1045,1106],[1009,1047,1100],[1007,1008,1056],[1005,1006,1055],[1003,1004,1054],[1002,1013,1086],[1001,1016,1085],[1000,1019,1084],[998,999,1014],[996,997,1020],
[994,995,1017],[1030,1042,1043],[1032,1036,1037],[1034,1039,1040],[992,993,1137],[990,991,1143],[988,989,1140],[985,986,987],[982,983,984],[979,980,981],
[977,978,1117],[975,976,1121],[973,974,1119],[972,1033,1037],[971,1031,1043],[970,1035,1040],[969,1076,1077],[968,1072,1073],[967,1074,1075],[966,1071,1168],
[965,1069,1171],[964,1070,1165],[963,1068,1141],[962,1066,1138],[961,1067,1135],[1078,1082,1132],[1079,1083,1129],[1080,1081,1126],[958,959,960],[955,956,957],
[952,953,954],[951,1063,1064],[950,1057,1058],[949,1060,1061],[947,948,999],[945,946,995],[943,944,997],[942,1034,1049],[941,1032,1047],[940,1030,1045],
[937,938,939],[934,935,936],[931,932,933],[929,930,986],[927,928,983],[925,926,980],[923,924,990],[921,922,988],[919,920,992],[917,918,1049],
[915,916,1047],[913,914,1045],[912,939,1023],[911,933,1021],[910,936,1022],[907,908,909],[904,905,906],[901,902,903],[899,900,992],[897,898,988],
[895,896,990],[892,893,894],[889,890,891],[886,887,888],[885,893,1019],[884,890,1013],[883,887,1016],[881,882,1088],[879,880,1087],[877,878,1089],
[914,1109,1163],[918,1115,1164],[916,1112,1162],[875,876,1145],[873,874,1146],[871,872,1144],[869,870,1002],[867,868,1001],[865,866,1000],[863,864,1123],
[861,862,1124],[859,860,1125],[857,858,1120],[855,856,1118],[853,854,1122],[851,852,1151],[849,850,1148],[847,848,1154],[844,845,846],[841,842,843],
[838,839,840],[836,837,864],[834,835,860],[832,833,862],[829,830,831],[826,827,828],[823,824,825],[820,821,822],[817,818,819],[814,815,816],
[937,938,1000],[934,935,1002],[931,932,1001],[937,939,1200],[931,933,1194],[934,936,1197],[927,983,1072],[925,980,1076],[929,986,1074],[813,919,992],
[812,921,988],[811,923,990],[810,919,920],[809,921,922],[808,923,924],[807,930,986],[806,926,980],[805,928,983],[804,947,999],[803,943,997],
[802,945,995],[801,942,1049],[800,941,1047],[799,940,1045],[798,990,1143],[797,992,1137],[796,988,1140],[957,985,986],[960,979,980],[954,982,983],
[795,973,1119],[794,977,1117],[793,975,1121],[792,1078,1082],[791,1080,1081],[790,1079,1083],[969,1012,1076],[967,1015,1074],[968,1018,1072],[965,1027,1069],
[966,1029,1071],[964,1028,1070],[789,963,1068],[788,961,1067],[787,962,1066],[786,971,1043],[785,970,1040],[784,972,1037],[958,959,971],[952,953,972],
[955,956,970],[905,951,1063],[908,949,1060],[902,950,1057],[944,996,997],[946,994,995],[948,998,999],[1032,1036,1047],[1030,1042,1045],[1034,1039,1049],
[783,1026,1027],[782,1024,1029],[781,1025,1028],[1002,1012,1013],[1000,1018,1019],[1001,1015,1016],[1009,1097,1100],[1011,1094,1103],[1010,1091,1106],[1007,1052,1056],
[1003,1051,1054],[1005,1053,1055],[790,1090,1091],[792,1093,1094],[791,1096,1097],[780,1122,1151],[779,1118,1148],[778,1120,1154],[978,1125,1191],[976,1123,1189],
[974,1124,1190],[776,777,786],[774,775,784],[772,773,785],[769,770,771],[766,767,768],[763,764,765],[767,885,1008],[764,884,1006],[770,883,1004],
[771,1090,1092],[768,1093,1095],[765,1096,1098],[761,762,1002],[759,760,1001],[757,758,1000],[777,837,1055],[775,835,1056],[773,833,1054],[754,755,756],
[751,752,753],[748,749,750],[746,747,1046],[744,745,1050],[742,743,1048],[804,1105,1106],[802,1102,1103],[803,1099,1100],[766,1087,1088],[763,1087,1089],
[769,1088,1089],[741,1114,1115],[740,1108,1109],[739,1111,1112],[737,738,873],[735,736,871],[733,734,875],[732,1042,1191],[731,1039,1189],[730,1036,1190],
[729,1084,1085],[728,1084,1086],[727,1085,1086],[725,726,1074],[723,724,1076],[721,722,1072],[718,719,720],[715,716,717],[712,713,714],[709,710,711],
[706,707,708],[703,704,705],[702,958,960],[701,952,954],[700,955,957],[949,1061,1070],[950,1058,1071],[951,1064,1069],[756,1013,1086],[750,1019,1084],
[753,1016,1085],[845,1002,1086],[842,1000,1084],[839,1001,1085],[1009,1047,1095],[1011,1049,1092],[1010,1045,1098],[699,1006,1055],[698,1004,1054],[697,1008,1056],
[694,695,696],[693,747,952],[692,745,958],[691,743,955],[755,975,1048],[749,977,1050],[752,973,1046],[689,690,949],[687,688,950],[685,686,951],
[684,690,1055],[683,686,1054],[682,688,1056],[681,713,929],[680,716,925],[679,719,927],[678,681,1181],[677,680,1178],[676,679,1175],[674,675,904],
[672,673,901],[670,671,907],[668,669,1089],[666,667,1087],[664,665,1088],[661,662,663],[658,659,660],[655,656,657],[653,654,1206],[651,652,1204],
[649,650,1205],[646,647,648],[643,644,645],[640,641,642],[638,639,704],[636,637,707],[634,635,710],[633,694,695],[632,694,696],[631,695,696],
[630,745,958],[629,747,952],[628,743,955],[755,760,975],[752,758,973],[749,762,977],[685,818,951],[689,815,949],[687,821,950],[627,685,686],
[626,687,688],[625,689,690],[624,683,686],[623,682,688],[622,684,690],[621,680,716],[620,679,719],[619,681,713],[618,713,929],[617,719,927],
[616,716,925],[615,676,1175],[614,678,1181],[613,677,1178],[612,678,681],[611,676,679],[610,677,680],[681,929,1181],[679,927,1175],[680,925,1178],
[690,699,1055],[688,697,1056],[686,698,1054],[609,702,958],[608,700,955],[607,701,952],[693,1061,1070],[692,1064,1069],[691,1058,1071],[686,951,1069],
[690,949,1070],[688,950,1071],[723,752,1076],[725,749,1074],[721,755,1072],[606,722,1072],[605,724,1076],[604,726,1074],[654,718,719],[652,712,713],
[650,715,716],[603,716,717],[602,713,714],[601,719,720],[709,710,800],[706,707,799],[703,704,801],[710,711,933],[707,708,939],[704,705,936],
[600,769,1088],[599,763,1089],[598,766,1087],[611,740,1108],[612,739,1111],[610,741,1114],[597,737,738],[596,733,734],[595,735,736],[594,804,1105],
[593,803,1099],[592,802,1102],[622,1036,1190],[624,1042,1191],[623,1039,1189],[591,727,1086],[590,728,1084],[589,729,1085],[692,744,745],[691,742,743],
[693,746,747],[747,973,1046],[743,975,1048],[745,977,1050],[754,755,1048],[748,749,1050],[751,752,1046],[682,835,1056],[683,833,1054],[684,837,1055],
[761,845,1002],[757,842,1000],[759,839,1001],[749,750,1019],[752,753,1016],[755,756,1013],[727,753,1085],[729,750,1084],[728,756,1086],[771,1011,1092],
[765,1010,1098],[768,1009,1095],[697,767,1008],[698,770,1004],[699,764,1006],[766,767,885],[769,770,883],[763,764,884],[770,771,1090],[764,765,1096],
[767,768,1093],[776,777,1055],[772,773,1054],[774,775,1056],[732,978,1191],[730,974,1190],[731,976,1189],[588,834,835],[587,832,833],[586,836,837],
[585,823,824],[584,826,827],[583,829,830],[629,814,815],[628,820,821],[630,817,818],[844,845,1086],[838,839,1085],[841,842,1084],[780,853,1122],
[778,857,1120],[779,855,1118],[780,851,1151],[778,847,1154],[779,849,1148],[861,974,1124],[859,978,1125],[863,976,1123],[762,869,1002],[758,865,1000],
[760,867,1001],[766,881,1088],[769,877,1089],[763,879,1087],[741,918,1115],[740,914,1109],[739,916,1112],[734,875,1145],[736,871,1144],[738,873,1146],
[846,1007,1052],[840,1005,1053],[843,1003,1051],[792,1011,1094],[791,1009,1097],[790,1010,1091],[829,944,996],[826,948,998],[823,946,994],[1039,1049,1092],
[1042,1045,1098],[1036,1047,1095],[582,794,977],[581,793,975],[580,795,973],[579,789,963],[578,787,962],[577,788,961],[691,955,970],[693,952,972],
[692,958,971],[702,960,980],[700,957,986],[701,954,983],[777,786,1043],[773,785,1040],[775,784,1037],[791,1080,1096],[790,1079,1090],[792,1078,1093],
[754,813,992],[748,811,990],[751,812,988],[576,810,920],[575,808,924],[574,809,922],[573,806,926],[572,805,928],[571,807,930],[804,999,1106],
[803,997,1100],[802,995,1103],[892,893,1019],[886,887,1016],[889,890,1013],[798,895,990],[797,899,992],[796,897,988],[901,902,1057],[904,905,1063],
[907,908,1060],[783,1027,1069],[781,1028,1070],[782,1029,1071],[939,1023,1200],[936,1022,1197],[933,1021,1194],[934,1002,1012],[931,1001,1015],[937,1000,1018],
[980,1012,1076],[986,1015,1074],[983,1018,1072],[801,917,1049],[799,913,1045],[800,915,1047],[570,581,727],[569,582,728],[568,580,729],[567,1023,1061],
[566,1021,1058],[565,1022,1064],[564,575,1060],[563,574,1057],[562,576,1063],[561,1174,1175],[560,1180,1181],[559,1177,1178],[557,558,1031],[555,556,1035],
[553,554,1033],[556,1172,1173],[558,1166,1167],[554,1169,1170],[552,618,817],[551,617,820],[550,616,814],[732,807,938],[730,806,932],[731,805,935],
[548,549,1180],[546,547,1174],[544,545,1177],[1132,1162,1163],[1129,1162,1164],[1126,1163,1164],[541,542,543],[538,539,540],[535,536,537],[532,533,534],
[529,530,531],[526,527,528],[525,701,715],[524,700,718],[523,702,712],[521,522,536],[519,520,542],[517,518,539],[525,1181,1182],[523,1175,1176],
[524,1178,1179],[522,563,1118],[518,562,1120],[520,564,1122],[516,633,877],[515,632,879],[514,631,881],[513,616,877],[512,618,881],[511,617,879],
[509,510,851],[507,508,847],[505,506,849],[503,504,1081],[501,502,1083],[499,500,1082],[523,753,987],[525,756,981],[524,750,984],[583,1158,1159],
[584,1156,1157],[585,1160,1161],[498,1161,1191],[497,1159,1189],[496,1157,1190],[495,699,805],[494,698,806],[493,697,807],[491,492,798],[489,490,797],
[487,488,796],[486,1158,1189],[485,1160,1191],[484,1156,1190],[580,1191,1199],[582,1189,1196],[581,1190,1193],[602,1183,1238],[601,1187,1235],[603,1185,1232],
[481,482,483],[478,479,480],[475,476,477],[474,484,951],[473,486,949],[472,485,950],[470,471,1202],[468,469,1203],[466,467,1201],[930,1171,1173],
[928,1168,1170],[926,1165,1167],[465,1034,1035],[464,1030,1031],[463,1032,1033],[1042,1044,1150],[1036,1038,1147],[1039,1041,1153],[832,1048,1100],[834,1046,1106],
[836,1050,1103],[498,1047,1048],[497,1045,1046],[496,1049,1050],[998,1054,1121],[994,1056,1119],[996,1055,1117],[462,1053,1147],[461,1051,1150],[460,1052,1153],
[689,1074,1109],[685,1072,1115],[687,1076,1112],[1075,1109,1177],[1073,1115,1180],[1077,1112,1174],[714,1070,1145],[720,1069,1146],[717,1071,1144],[858,1132,1173],
[854,1129,1167],[856,1126,1170],[820,885,1008],[817,883,1004],[814,884,1006],[736,759,760],[734,757,758],[738,761,762],[459,773,833],[458,775,835],
[457,777,837],[528,746,1046],[534,742,1048],[531,744,1050],[456,737,873],[455,733,875],[454,735,871],[453,732,1042],[452,730,1036],[451,731,1039],
[450,916,1047],[449,914,1045],[448,918,1049],[700,912,1023],[701,910,1022],[702,911,1021],[629,900,992],[628,896,990],[630,898,988],[885,893,1177],
[883,887,1174],[884,890,1180],[676,885,1019],[678,883,1016],[677,884,1013],[447,882,1088],[446,878,1089],[445,880,1087],[801,877,878],[799,879,880],
[800,881,882],[557,1109,1163],[553,1112,1162],[555,1115,1164],[664,916,1162],[668,918,1164],[666,914,1163],[444,872,1144],[443,876,1145],[442,874,1146],
[692,870,1002],[691,868,1001],[693,866,1000],[861,862,1218],[859,860,1224],[863,864,1221],[862,937,1124],[860,934,1125],[864,931,1123],[441,854,1122],
[440,858,1120],[439,856,1118],[603,848,1154],[601,852,1151],[602,850,1148],[438,844,846],[437,838,840],[436,841,843],[835,860,1150],[833,862,1147],
[837,864,1153],[662,836,864],[659,834,860],[656,832,862],[826,828,1011],[823,825,1009],[829,831,1010],[824,825,1011],[830,831,1009],[827,828,1010],
[480,821,822],[483,815,816],[477,818,819],[435,817,819],[434,814,816],[433,820,822],[536,798,1143],[539,796,1140],[542,797,1137],[432,785,970],
[431,786,971],[430,784,972],[964,1028,1068],[965,1027,1067],[966,1029,1066],[533,789,1068],[530,787,1066],[527,788,1067],[429,790,1083],[428,791,1081],
[427,792,1082],[905,951,1137],[902,950,1140],[908,949,1143],[447,932,1001],[446,935,1002],[445,938,1000],[426,937,1200],[425,934,1197],[424,931,1194],
[423,929,1074],[422,927,1072],[421,925,1076],[758,808,923],[762,810,919],[760,809,921],[438,807,986],[437,805,983],[436,806,980],[420,601,647],
[419,602,641],[418,603,644],[624,769,966],[623,766,964],[622,763,965],[417,630,1099],[416,628,1105],[415,629,1102],[469,741,974],[471,739,978],
[467,740,976],[502,641,704],[504,644,707],[500,647,710],[509,517,612],[507,521,611],[505,519,610],[584,750,1005],[583,753,1007],[585,756,1003],
[414,583,877],[413,584,881],[412,585,879],[482,761,1048],[479,757,1050],[476,759,1046],[653,678,900],[651,677,896],[649,676,898],[440,720,777],
[441,714,775],[439,717,773],[423,917,1118],[421,913,1120],[422,915,1122],[411,1011,1181],[410,1009,1175],[409,1010,1178],[790,859,878],[791,861,880],
[792,863,882],[408,423,447],[407,421,446],[406,422,445],[405,521,760],[404,519,758],[403,517,762],[402,502,700],[401,500,701],[400,504,702],
[400,515,864],[401,514,860],[402,516,862],[398,399,908],[396,397,902],[394,395,905],[392,393,797],[390,391,798],[388,389,796],[386,387,843],
[384,385,846],[382,383,840],[380,381,452],[378,379,451],[376,377,453],[420,598,647],[418,599,644],[419,600,641],[419,424,602],[418,425,603],
[420,426,601],[490,507,611],[488,505,610],[492,509,612],[423,520,917],[422,518,915],[421,522,913],[401,514,675],[402,516,671],[400,515,673],
[402,502,862],[400,504,864],[401,500,860],[375,758,808],[374,762,810],[373,760,809],[519,758,923],[521,760,921],[517,762,919],[408,423,929],
[407,421,925],[406,422,927],[426,918,1200],[425,916,1197],[424,914,1194],[408,447,932],[407,446,935],[406,445,938],[428,791,880],[427,792,882],
[429,790,878],[372,966,1066],[371,965,1067],[370,964,1068],[533,1028,1068],[527,1027,1067],[530,1029,1066],[369,430,784],[368,432,785],[367,431,786],
[536,908,1143],[542,905,1137],[539,902,1140],[366,434,814],[365,433,820],[364,435,817],[363,434,816],[362,435,819],[361,433,822],[411,828,1011],
[409,831,1010],[410,825,1009],[831,1009,1175],[825,1011,1181],[828,1010,1178],[515,662,864],[516,656,862],[514,659,860],[438,807,844],[436,806,841],
[437,805,838],[360,602,850],[359,601,852],[358,603,848],[439,773,856],[441,775,854],[440,777,858],[439,917,1118],[441,915,1122],[440,913,1120],
[357,934,1125],[356,931,1123],[355,937,1124],[790,859,1224],[792,863,1221],[791,861,1218],[426,862,937],[424,864,931],[425,860,934],[860,1150,1224],
[862,1147,1218],[864,1153,1221],[446,692,1002],[445,693,1000],[447,691,1001],[444,795,1144],[443,794,1145],[442,793,1146],[354,444,872],[353,442,874],
[352,443,876],[664,845,1162],[666,839,1163],[668,842,1164],[801,859,878],[800,863,882],[799,861,880],[423,447,882],[422,445,880],[421,446,878],
[649,676,1019],[651,677,1013],[653,678,1016],[629,678,900],[630,676,898],[628,677,896],[402,700,912],[400,702,911],[401,701,910],[450,664,916],
[449,666,914],[448,668,918],[417,454,871],[416,455,875],[415,456,873],[351,456,737],[350,454,735],[349,455,733],[428,459,773],[427,457,777],
[429,458,775],[457,837,1153],[459,833,1147],[458,835,1150],[348,736,759],[347,734,757],[346,738,761],[405,736,760],[403,738,762],[404,734,758],
[455,814,1006],[454,820,1008],[456,817,1004],[441,714,1070],[439,717,1071],[440,720,1069],[345,1115,1180],[344,1112,1174],[343,1109,1177],[557,689,1109],
[555,685,1115],[553,687,1112],[885,1075,1177],[883,1077,1174],[884,1073,1180],[460,555,1052],[462,553,1053],[461,557,1051],[498,761,1048],[497,759,1046],
[496,757,1050],[450,498,1047],[448,496,1049],[449,497,1045],[534,832,1048],[531,836,1050],[528,834,1046],[453,1042,1150],[452,1036,1147],[451,1039,1153],
[462,1038,1147],[460,1041,1153],[461,1044,1150],[342,465,1034],[341,463,1032],[340,464,1030],[342,930,1171],[341,928,1168],[340,926,1165],[339,930,1173],
[338,926,1167],[337,928,1170],[336,498,1161],[335,496,1157],[334,497,1159],[495,619,699],[493,621,697],[494,620,698],[333,489,797],[332,491,798],
[331,487,796],[330,486,1158],[329,485,1160],[328,484,1156],[327,580,1199],[326,582,1196],[325,581,1193],[324,602,1238],[323,601,1235],[322,603,1232],
[475,476,899],[478,479,897],[481,482,895],[321,474,484],[320,473,486],[319,472,485],[466,660,1201],[470,657,1202],[468,663,1203],[413,584,1156],
[412,585,1160],[414,583,1158],[584,1005,1157],[585,1003,1161],[583,1007,1159],[515,585,879],[516,583,877],[514,584,881],[414,513,877],[413,512,881],
[412,511,879],[524,750,1005],[523,753,1007],[525,756,1003],[501,502,704],[499,500,710],[503,504,707],[509,517,851],[505,519,849],[507,521,847],
[468,469,974],[466,467,976],[470,471,978],[423,522,1118],[422,520,1122],[421,518,1120],[411,525,1181],[409,524,1178],[410,523,1175],[403,517,518],
[405,521,522],[404,519,520],[502,524,700],[504,523,702],[500,525,701],[474,951,1137],[473,949,1143],[472,950,1140],[428,503,1081],[427,499,1082],
[429,501,1083],[532,533,789],[526,527,788],[529,530,787],[535,536,798],[541,542,797],[538,539,796],[478,480,822],[481,483,816],[475,477,819],
[603,1154,1185],[602,1148,1183],[601,1151,1187],[555,1126,1164],[557,1132,1163],[553,1129,1162],[544,893,1177],[548,890,1180],[546,887,1174],[451,731,805],
[453,732,807],[452,730,806],[527,528,746],[530,531,744],[533,534,742],[551,820,885],[550,814,884],[552,817,883],[556,858,1173],[554,856,1170],
[558,854,1167],[858,1132,1162],[856,1126,1163],[854,1129,1164],[465,555,1035],[463,553,1033],[464,557,1031],[555,556,1172],[557,558,1166],[553,554,1169],
[545,559,1177],[549,560,1180],[547,561,1174],[519,542,543],[517,539,540],[521,536,537],[525,715,1182],[523,712,1176],[524,718,1179],[520,564,1060],
[518,562,1063],[522,563,1057],[486,582,1189],[484,581,1190],[485,580,1191],[417,630,958],[415,629,952],[416,628,955],[801,877,917],[800,881,915],
[799,879,913],[1023,1061,1200],[1022,1064,1197],[1021,1058,1194],[492,798,895],[488,796,897],[490,797,899],[836,995,1103],[834,999,1106],[832,997,1100],
[629,754,992],[630,751,988],[628,748,990],[563,574,922],[562,576,920],[564,575,924],[573,806,932],[571,807,938],[572,805,935],[759,1079,1090],
[757,1078,1093],[761,1080,1096],[720,777,1043],[714,775,1037],[717,773,1040],[437,701,983],[436,702,980],[438,700,986],[432,691,970],[431,692,971],
[430,693,972],[412,578,787],[414,579,789],[413,577,788],[568,580,795],[570,581,793],[569,582,794],[318,1042,1098],[317,1036,1095],[316,1039,1092],
[829,996,1117],[823,994,1119],[826,998,1121],[792,824,1011],[790,827,1010],[791,830,1009],[438,846,1052],[436,843,1051],[437,840,1053],[469,741,918],
[467,740,914],[471,739,916],[720,738,1146],[714,734,1145],[717,736,1144],[618,766,881],[617,763,879],[616,769,877],[741,861,974],[739,859,978],
[740,863,976],[780,853,1024],[779,855,1026],[778,857,1025],[508,778,847],[510,780,851],[506,779,849],[315,844,1086],[314,838,1085],[313,841,1084],
[512,588,835],[511,586,837],[513,587,833],[583,753,829],[585,756,823],[584,750,826],[630,818,1099],[629,815,1102],[628,821,1105],[732,904,978],
[730,907,974],[731,901,976],[772,998,1054],[776,996,1055],[774,994,1056],[531,770,1090],[534,767,1093],[528,764,1096],[766,885,964],[769,883,966],
[763,884,965],[697,767,807],[699,764,805],[698,770,806],[765,829,1010],[768,823,1009],[771,826,1011],[727,753,987],[728,756,981],[729,750,984],
[482,761,845],[476,759,839],[479,757,842],[683,833,924],[684,837,922],[682,835,920],[633,694,877],[631,695,881],[632,696,879],[691,742,868],
[693,746,866],[692,744,870],[482,754,1048],[476,751,1046],[479,748,1050],[312,747,973],[311,745,977],[310,743,975],[530,711,933],[527,705,936],
[533,708,939],[603,644,716],[601,647,719],[602,641,713],[641,704,801],[647,710,800],[644,707,799],[423,604,1074],[421,605,1076],[422,606,1072],
[689,749,1074],[685,755,1072],[687,752,1076],[309,612,1111],[308,610,1114],[307,611,1108],[600,624,769],[598,623,766],[599,622,763],[375,595,735],
[374,596,733],[373,597,737],[417,593,1099],[415,592,1102],[416,594,1105],[496,622,1190],[497,623,1189],[498,624,1191],[581,591,727],[580,589,729],
[582,590,728],[306,627,685],[305,625,689],[304,626,687],[477,818,951],[480,821,950],[483,815,949],[608,700,1023],[607,701,1022],[609,702,1021],
[567,693,1061],[565,692,1064],[566,691,1058],[624,683,966],[622,684,965],[623,682,964],[686,698,871],[690,699,873],[688,697,875],[517,612,681],
[521,611,679],[519,610,680],[615,676,885],[613,677,884],[614,678,883],[618,713,817],[616,716,814],[617,719,820],[560,929,1181],[559,925,1178],
[561,927,1175],[634,710,888],[638,704,891],[636,707,894],[500,646,647],[502,640,641],[504,643,644],[651,652,896],[649,650,898],[653,654,900],
[661,662,836],[658,659,834],[655,656,832],[445,666,1087],[446,668,1089],[447,664,1088],[937,983,1018],[934,980,1012],[931,986,1015],[749,892,1019],
[755,889,1013],[752,886,1016],[755,760,867],[749,762,869],[752,758,865],[686,783,1069],[688,782,1071],[690,781,1070],[619,652,713],[621,650,716],
[620,654,719],[670,907,1060],[674,904,1063],[672,901,1057],[1153,1155,1203],[1147,1149,1202],[1150,1152,1201],[532,1145,1166],[526,1146,1172],[529,1144,1169],
[303,1198,1200],[302,1192,1194],[301,1195,1197],[299,300,1105],[297,298,1102],[295,296,1099],[294,529,1195],[293,526,1198],[292,532,1192],[291,1117,1118],
[290,1119,1120],[289,1121,1122],[566,909,962],[567,906,963],[565,903,961],[957,1103,1104],[960,1106,1107],[954,1100,1101],[288,1203,1251],[287,1201,1248],
[286,1202,1245],[285,300,579],[284,298,577],[283,296,578],[282,868,959],[281,870,953],[280,866,956],[442,621,771],[444,619,768],[443,620,765],
[278,279,675],[276,277,673],[274,275,671],[597,1206,1249],[596,1204,1246],[595,1205,1243],[357,506,1253],[355,508,1254],[356,510,1252],[740,1111,1113],
[741,1108,1110],[739,1114,1116],[273,1142,1143],[272,1139,1140],[271,1136,1137],[402,1141,1143],[401,1135,1137],[400,1138,1140],[794,1207,1217],[795,1209,1220],
[793,1208,1223],[270,1203,1250],[269,1202,1244],[268,1201,1247],[266,267,351],[264,265,350],[262,263,349],[1139,1199,1200],[1136,1193,1194],[1142,1196,1197],
[512,1115,1116],[511,1112,1113],[513,1109,1110],[1111,1154,1155],[1108,1148,1149],[1114,1151,1152],[673,1125,1198],[675,1124,1192],[671,1123,1195],[261,359,571],
[260,360,573],[259,358,572],[428,569,728],[427,568,729],[429,570,727],[567,1023,1226],[565,1022,1227],[566,1021,1225],[539,575,1060],[536,576,1063],
[542,574,1057],[550,616,742],[551,617,744],[552,618,746],[732,938,1249],[730,932,1246],[731,935,1243],[548,549,652],[544,545,650],[546,547,654],
[258,701,715],[257,700,718],[256,702,712],[255,522,536],[254,518,539],[253,520,542],[382,563,1118],[384,562,1120],[386,564,1122],[516,543,633],
[515,537,632],[514,540,631],[513,616,623],[511,617,624],[512,618,622],[290,502,1083],[289,504,1081],[291,500,1082],[523,582,987],[524,581,984],
[525,580,981],[495,742,805],[493,744,807],[494,746,806],[252,485,950],[251,484,951],[250,486,949],[469,569,1203],[467,568,1201],[471,570,1202],
[280,932,933],[282,935,936],[281,938,939],[386,922,988],[384,924,990],[382,920,992],[303,929,930],[302,925,926],[301,927,928],[679,993,1137],
[681,991,1143],[680,989,1140],[343,992,993],[345,988,989],[344,990,991],[347,986,987],[346,983,984],[348,980,981],[975,976,1166],[973,974,1172],
[977,978,1169],[249,978,1117],[248,974,1119],[247,976,1121],[323,966,1168],[322,964,1165],[324,965,1171],[246,963,1141],[245,961,1135],[244,962,1138],
[823,972,1033],[826,970,1035],[829,971,1031],[246,959,960],[244,953,954],[245,956,957],[243,1022,1103],[242,1021,1100],[241,1023,1106],[240,1023,1091],
[239,1022,1094],[238,1021,1097],[277,1019,1020],[275,1013,1014],[279,1016,1017],[1012,1014,1052],[1018,1020,1051],[1015,1017,1053],[1007,1008,1251],[1003,1004,1248],
[1005,1006,1245],[501,995,1017],[499,997,1020],[503,999,1014],[260,998,1014],[259,996,1020],[261,994,1017],[589,1025,1029],[591,1024,1027],[590,1026,1028],
[237,629,747],[236,630,745],[235,628,743],[754,813,1017],[748,811,1014],[751,812,1020],[575,808,999],[574,809,997],[576,810,995],[573,652,926],
[571,654,930],[572,650,928],[295,579,963],[299,577,961],[297,578,962],[234,582,977],[233,581,975],[232,580,973],[829,944,1038],[823,946,1041],
[826,948,1044],[231,846,1007],[230,840,1005],[229,843,1003],[584,715,827],[583,718,830],[585,712,824],[228,629,814],[227,630,817],[226,628,820],
[225,760,975],[224,758,973],[223,762,977],[725,749,858],[721,755,856],[723,752,854],[222,650,715],[221,654,718],[220,652,712],[219,602,714],
[218,601,720],[217,603,717],[710,813,933],[704,811,936],[707,812,939],[216,599,1089],[215,598,1087],[214,600,1088],[306,611,740],[305,612,739],
[304,610,741],[237,597,738],[236,595,736],[235,596,734],[594,804,868],[592,802,866],[593,803,870],[609,622,1036],[607,623,1039],[608,624,1042],
[285,589,1085],[284,590,1084],[283,591,1086],[590,685,818],[589,689,815],[591,687,821],[625,690,1160],[626,688,1156],[627,686,1158],[213,693,1070],
[212,691,1071],[211,692,1069],[210,622,690],[209,623,688],[208,624,686],[578,621,680],[579,619,681],[577,620,679],[207,618,929],[206,616,925],
[205,617,927],[615,778,1175],[614,780,1181],[613,779,1178],[612,678,784],[610,677,785],[611,676,786],[675,728,904],[671,729,907],[673,727,901],
[674,675,808],[670,671,809],[672,673,810],[384,668,669],[382,664,665],[386,666,667],[204,669,1089],[203,665,1088],[202,667,1087],[655,657,1247],
[658,660,1250],[661,663,1244],[415,662,663],[417,656,657],[416,659,660],[201,652,1204],[200,654,1206],[199,650,1205],[643,653,1206],[646,651,1204],
[640,649,1205],[198,644,645],[197,641,642],[196,647,648],[361,646,648],[362,640,642],[363,643,645],[639,684,704],[635,683,710],[637,682,707],
[604,938,948],[606,935,946],[605,932,944],[195,791,1254],[194,790,1253],[193,792,1252],[192,741,1136],[191,739,1139],[190,740,1142],[263,265,267],
[632,816,1136],[633,819,1139],[631,822,1142],[286,772,1024],[288,776,1026],[287,774,1025],[337,478,1156],[338,481,1160],[339,475,1158],[402,648,887],
[400,642,890],[401,645,893],[198,203,324],[197,202,323],[196,204,322],[189,596,683],[188,595,684],[187,597,682],[207,250,736],[206,252,738],
[205,251,734],[186,251,544],[185,252,548],[184,250,546],[191,299,1220],[192,295,1223],[190,297,1217],[183,191,1247],[182,192,1244],[181,190,1250],
[180,549,643],[179,547,640],[178,545,646],[177,252,324],[176,250,323],[175,251,322],[178,179,180],[189,331,443],[188,333,444],[187,332,442],
[174,327,615],[173,325,614],[172,326,613],[187,217,332],[188,219,333],[189,218,331],[178,179,547],[178,180,545],[179,180,549],[183,191,1220],
[181,190,1217],[182,192,1223],[186,251,322],[184,250,323],[185,252,324],[177,206,252],[175,205,251],[176,207,250],[596,635,683],[597,637,682],
[595,639,684],[198,203,645],[196,204,648],[197,202,642],[361,648,887],[363,645,893],[362,642,890],[171,643,653],[170,640,649],[169,646,651],
[549,643,1206],[547,640,1205],[545,646,1204],[415,662,1210],[416,659,1212],[417,656,1214],[192,661,1244],[190,658,1250],[191,655,1247],[203,324,665],
[204,322,669],[202,323,667],[337,626,1156],[339,627,1158],[338,625,1160],[210,690,1160],[208,686,1158],[209,688,1156],[285,589,689],[283,591,687],
[284,590,685],[209,607,623],[208,608,624],[210,609,622],[168,304,610],[167,306,611],[166,305,612],[204,216,1089],[203,214,1088],[202,215,1087],
[683,710,813],[682,707,812],[684,704,811],[488,718,830],[490,712,824],[492,715,827],[224,232,973],[223,234,977],[225,233,975],[191,299,961],
[190,297,962],[192,295,963],[201,652,926],[199,650,928],[200,654,930],[220,573,652],[222,572,650],[221,571,654],[672,810,995],[670,809,997],
[674,808,999],[237,597,747],[235,596,743],[236,595,745],[591,772,1024],[589,774,1025],[590,776,1026],[591,821,1027],[590,818,1028],[589,815,1029],
[260,998,1229],[261,994,1228],[259,996,1230],[503,575,999],[501,576,995],[499,574,997],[501,754,1017],[503,748,1014],[499,751,1020],[165,1005,1245],
[164,1007,1251],[163,1003,1248],[162,1015,1053],[161,1018,1051],[160,1012,1052],[279,813,1017],[277,812,1020],[275,811,1014],[240,280,1091],[238,282,1097],
[239,281,1094],[159,246,1141],[158,244,1138],[157,245,1135],[175,322,964],[177,324,965],[176,323,966],[196,322,1165],[198,324,1171],[197,323,1168],
[156,343,993],[155,344,991],[154,345,989],[384,668,924],[386,666,922],[382,664,920],[344,384,990],[343,382,992],[345,386,988],[280,813,933],
[281,812,939],[282,811,936],[250,486,546],[251,484,544],[252,485,548],[153,291,1082],[152,290,1083],[151,289,1081],[540,631,822],[543,633,819],
[537,632,816],[384,562,669],[386,564,667],[382,563,665],[222,258,715],[220,256,712],[221,257,718],[282,935,1243],[281,938,1249],[280,932,1246],
[495,616,742],[494,618,746],[493,617,744],[254,539,575],[253,542,574],[255,536,576],[243,1022,1227],[242,1021,1225],[241,1023,1226],[428,728,904],
[429,727,901],[427,729,907],[150,1108,1149],[149,1111,1155],[148,1114,1152],[261,571,1157],[259,572,1161],[260,573,1159],[147,513,1110],[146,512,1116],
[145,511,1113],[144,675,1192],[143,671,1195],[142,673,1198],[263,266,267],[262,263,265],[264,265,267],[194,506,1253],[195,508,1254],[193,510,1252],
[191,1139,1200],[190,1142,1197],[192,1136,1194],[740,1113,1142],[739,1116,1139],[741,1110,1136],[181,270,1250],[183,268,1247],[182,269,1244],[297,794,1217],
[295,793,1223],[299,795,1220],[402,887,1141],[400,890,1138],[401,893,1135],[273,822,1142],[271,816,1136],[272,819,1139],[631,1142,1196],[632,1136,1193],
[633,1139,1199],[201,596,1204],[199,595,1205],[200,597,1206],[278,675,728],[274,671,729],[276,673,727],[578,621,771],[577,620,765],[579,619,768],
[282,594,868],[281,593,870],[280,592,866],[306,740,1111],[305,739,1114],[304,741,1108],[295,300,579],[296,297,578],[298,299,577],[260,360,1014],
[261,359,1017],[259,358,1020],[287,1004,1248],[286,1006,1245],[288,1008,1251],[241,960,1106],[242,954,1100],[243,957,1103],[246,282,959],[245,280,956],
[244,281,953],[245,957,1104],[244,954,1101],[246,960,1107],[244,909,962],[245,903,961],[246,906,963],[249,291,1117],[247,289,1121],[248,290,1119],
[272,680,1140],[271,679,1137],[273,681,1143],[270,569,1203],[268,568,1201],[269,570,1202],[291,382,1118],[289,386,1122],[290,384,1120],[597,732,1249],
[595,731,1243],[596,730,1246],[565,961,1227],[566,962,1225],[567,963,1226],[288,1155,1203],[287,1152,1201],[286,1149,1202],[284,297,298],[283,295,296],
[285,299,300],[293,303,1198],[292,302,1192],[294,301,1195],[526,1146,1198],[532,1145,1192],[529,1144,1195],[277,673,1125],[275,671,1123],[279,675,1124],
[215,598,647],[214,600,641],[216,599,644],[539,670,1060],[542,672,1057],[536,674,1063],[544,621,650],[546,620,654],[548,619,652],[749,858,869],
[752,854,865],[755,856,867],[348,934,980],[347,931,986],[346,937,983],[549,652,896],[547,654,900],[545,650,898],[178,500,646],[179,502,640],
[180,504,643],[303,560,929],[301,561,927],[302,559,925],[519,680,989],[517,681,991],[521,679,993],[240,608,1023],[239,607,1022],[238,609,1021],
[252,480,950],[250,483,949],[251,477,951],[523,582,590],[525,580,589],[524,581,591],[497,616,623],[496,618,622],[498,617,624],[415,592,663],
[416,594,660],[417,593,657],[189,374,596],[187,373,597],[188,375,595],[512,599,622],[511,600,624],[513,598,623],[309,612,784],[307,611,786],
[308,610,785],[423,604,948],[421,605,944],[422,606,946],[198,644,716],[196,647,719],[197,641,713],[310,975,1166],[312,973,1172],[311,977,1169],
[742,804,868],[744,803,870],[746,802,866],[189,683,924],[187,682,920],[188,684,922],[348,728,981],[346,729,984],[347,727,987],[765,829,971],
[768,823,972],[771,826,970],[288,776,996],[287,774,994],[286,772,998],[249,904,978],[247,901,976],[248,907,974],[295,818,1099],[299,821,1105],
[297,815,1102],[756,823,1041],[750,826,1044],[753,829,1038],[283,315,1086],[284,313,1084],[285,314,1085],[508,615,778],[506,613,779],[510,614,780],
[286,853,1024],[287,857,1025],[288,855,1026],[192,741,861],[190,740,863],[191,739,859],[206,616,769],[205,617,763],[207,618,766],[206,720,738],
[207,717,736],[205,714,734],[438,1014,1052],[437,1017,1053],[436,1020,1051],[792,824,1252],[791,830,1254],[790,827,1253],[829,1031,1117],[826,1035,1121],
[823,1033,1119],[318,608,1042],[316,607,1039],[317,609,1036],[469,569,794],[471,570,793],[467,568,795],[412,578,680],[413,577,679],[414,579,681],
[213,430,693],[211,431,692],[212,432,691],[257,438,700],[256,436,702],[258,437,701],[217,717,1040],[218,720,1043],[219,714,1037],[573,932,944],
[572,935,946],[571,938,948],[266,564,924],[264,562,920],[262,563,922],[228,629,754],[226,628,748],[227,630,751],[303,1061,1200],[301,1064,1197],
[302,1058,1194],[486,582,987],[485,580,981],[484,581,984],[585,712,1176],[584,715,1182],[583,718,1179],[516,519,543],[515,521,537],[514,517,540],
[438,545,559],[436,547,561],[437,549,560],[725,858,1162],[723,854,1164],[721,856,1163],[527,552,746],[533,550,742],[530,551,744],[451,742,805],
[452,746,806],[453,744,807],[184,546,887],[185,548,890],[186,544,893],[1111,1154,1185],[1114,1151,1187],[1108,1148,1183],[337,478,822],[339,475,819],
[338,481,816],[532,789,1166],[526,788,1172],[529,787,1169],[428,503,569],[429,501,570],[427,499,568],[401,474,1137],[400,472,1140],[402,473,1143],
[290,502,524],[291,500,525],[289,504,523],[468,974,1172],[470,978,1169],[466,976,1166],[230,1005,1157],[229,1003,1161],[231,1007,1159],[413,478,1156],
[414,475,1158],[412,481,1160],[444,495,619],[443,494,620],[442,493,621],[333,444,489],[332,442,491],[331,443,487],[233,325,581],[232,327,580],
[234,326,582],[663,1203,1244],[657,1202,1247],[660,1201,1250],[303,339,930],[301,337,928],[302,338,926],[462,944,1038],[461,948,1044],[460,946,1041],
[345,512,1115],[343,513,1109],[344,511,1112],[213,441,1070],[211,440,1069],[212,439,1071],[228,455,814],[226,454,820],[227,456,817],[250,405,736],
[251,404,734],[252,403,738],[237,346,738],[235,347,734],[236,348,736],[457,1153,1203],[458,1150,1201],[459,1147,1202],[266,351,737],[262,349,733],
[264,350,735],[402,648,912],[401,645,910],[400,642,911],[237,629,678],[236,630,676],[235,628,677],[279,653,1016],[275,651,1013],[277,649,1019],
[189,352,443],[187,353,442],[188,354,444],[795,1144,1209],[793,1146,1208],[794,1145,1207],[195,791,1218],[193,792,1221],[194,790,1224],[357,506,934],
[356,510,931],[355,508,937],[253,520,917],[255,522,913],[254,518,915],[141,441,915],[140,440,913],[139,439,917],[219,360,602],[217,358,603],
[218,359,601],[410,483,825],[409,477,831],[411,480,828],[778,831,1175],[780,825,1181],[779,828,1178],[361,646,822],[363,643,816],[362,640,819],
[369,678,784],[367,676,786],[368,677,785],[406,604,938],[408,605,932],[407,606,935],[207,408,929],[205,406,927],[206,407,925],[224,375,758],
[225,373,760],[223,374,762],[401,675,808],[400,673,810],[402,671,809],[370,380,452],[371,376,453],[372,378,451],[229,386,843],[230,382,840],
[231,384,846],[686,783,871],[688,782,875],[690,781,873],[689,749,892],[687,752,886],[685,755,889],[661,836,995],[655,832,997],[658,834,999],
[694,877,917],[696,879,913],[695,881,915],[551,615,885],[552,614,883],[550,613,884],[555,1126,1172],[553,1129,1169],[557,1132,1166],[404,520,1060],
[405,522,1057],[403,518,1063],[492,509,895],[490,507,899],[488,505,897],[412,511,586],[414,513,587],[413,512,588],[501,704,891],[503,707,894],
[499,710,888],[410,523,1007],[411,525,1003],[409,524,1005],[324,424,602],[322,425,603],[323,426,601],[482,754,895],[479,748,897],[476,751,899],
[319,329,485],[321,328,484],[320,330,486],[342,930,1034],[340,926,1030],[341,928,1032],[531,770,836],[528,764,834],[534,767,832],[336,450,498],
[334,449,497],[335,448,496],[497,759,1079],[496,757,1078],[498,761,1080],[465,555,1052],[464,557,1051],[463,553,1053],[885,964,1075],[884,965,1073],
[883,966,1077],[306,555,685],[304,553,687],[305,557,689],[417,454,958],[415,456,952],[416,455,955],[446,448,668],[447,450,664],[445,449,666],
[423,522,882],[421,518,878],[422,520,880],[641,801,859],[644,799,861],[647,800,863],[482,845,1162],[479,842,1164],[476,839,1163],[446,565,692],
[447,566,691],[445,567,693],[453,1150,1224],[451,1153,1221],[452,1147,1218],[554,773,856],[558,775,854],[556,777,858],[767,807,844],[764,805,838],
[770,806,841],[515,585,662],[514,584,659],[516,583,656],[364,713,817],[365,719,820],[366,716,814],[527,705,1027],[533,708,1028],[530,711,1029],
[372,683,966],[370,682,964],[371,684,965],[428,773,880],[429,775,878],[427,777,882],[469,918,1200],[471,916,1197],[467,914,1194],[517,851,919],
[521,847,921],[519,849,923],[426,502,862],[425,500,860],[424,504,864],[392,541,797],[388,538,796],[390,535,798],[394,542,905],[396,539,902],
[398,536,908],[588,1214,1220],[587,1210,1223],[586,1212,1217],[197,245,625],[196,244,627],[198,246,626],[351,1227,1252],[350,1225,1254],[349,1226,1253],
[320,449,674],[321,448,672],[319,450,670],[254,1220,1221],[253,1223,1224],[255,1217,1218],[300,1230,1242],[296,1228,1241],[298,1229,1240],[409,1215,1220],
[410,1211,1223],[411,1213,1217],[137,138,889],[135,136,892],[133,134,886],[132,1226,1254],[131,1225,1252],[130,1227,1253],[468,1188,1235],[466,1184,1238],
[470,1186,1232],[129,1180,1182],[128,1174,1176],[127,1177,1179],[286,1219,1221],[287,1216,1218],[288,1222,1224],[126,184,309],[125,186,307],[124,185,308],
[294,529,961],[292,532,962],[293,526,963],[233,278,279],[234,274,275],[232,276,277],[194,360,573],[193,359,571],[195,358,572],[285,454,579],
[283,456,578],[284,455,577],[267,351,409],[263,349,410],[265,350,411],[300,561,1105],[296,560,1099],[298,559,1102],[123,357,1253],[122,356,1252],
[121,355,1254],[120,443,765],[119,444,768],[118,442,771],[872,1063,1065],[876,1057,1059],[874,1060,1062],[392,1064,1065],[388,1058,1059],[390,1061,1062],
[325,1068,1142],[326,1066,1139],[327,1067,1136],[124,776,786],[126,772,785],[125,774,784],[117,769,771],[116,763,765],[115,766,768],[114,754,756],
[113,748,750],[112,751,753],[111,718,720],[110,712,714],[109,715,717],[594,915,916],[592,913,914],[593,917,918],[892,911,933],[886,910,936],
[889,912,939],[430,907,909],[432,901,903],[431,904,906],[108,899,900],[107,895,896],[106,897,898],[317,890,891],[316,893,894],[318,887,888],
[825,886,888],[831,892,894],[828,889,891],[105,875,876],[104,871,872],[103,873,874],[434,857,858],[433,853,854],[435,855,856],[102,851,852],
[101,849,850],[100,847,848],[560,845,846],[561,839,840],[559,842,843],[645,783,1026],[648,781,1025],[642,782,1024],[957,985,1125],[960,979,1124],
[954,982,1123],[99,794,1117],[98,793,1121],[97,795,1119],[764,953,972],[767,956,970],[770,959,971],[216,811,923],[214,813,919],[215,812,921],
[552,804,947],[550,803,943],[551,802,945],[269,418,599],[268,419,600],[270,420,598],[418,425,1225],[419,424,1226],[420,426,1227],[330,697,875],
[328,699,873],[329,698,871],[306,446,627],[304,447,626],[305,445,625],[151,374,733],[152,373,737],[153,375,735],[309,1111,1240],[307,1108,1241],
[308,1114,1242],[396,530,933],[398,533,939],[394,527,936],[270,312,747],[268,310,743],[269,311,745],[96,835,920],[95,833,924],[94,837,922],
[531,851,1090],[528,849,1096],[534,847,1093],[669,730,907],[667,731,901],[665,732,904],[93,512,835],[92,513,833],[91,511,837],[252,315,844],
[250,314,838],[251,313,841],[217,779,1026],[218,778,1025],[219,780,1024],[318,339,1098],[316,337,1092],[317,338,1095],[258,412,787],[256,414,789],
[257,413,788],[759,1090,1188],[761,1096,1184],[757,1093,1186],[490,600,611],[492,599,612],[488,598,610],[90,329,1160],[89,330,1158],[88,328,1156],
[87,327,1199],[86,325,1193],[85,326,1196],[323,357,1235],[322,356,1232],[324,355,1238],[375,475,899],[373,481,895],[374,478,897],[223,468,663],
[224,466,660],[225,470,657],[129,339,1173],[128,337,1170],[127,338,1167],[171,342,465],[169,340,464],[170,341,463],[89,461,557],[88,460,555],
[90,462,553],[105,344,1174],[103,343,1177],[104,345,1180],[215,456,1004],[214,455,1006],[216,454,1008],[348,576,759],[346,575,761],[347,574,757],
[428,459,608],[429,458,607],[427,457,609],[264,416,875],[262,415,873],[266,417,871],[211,351,456],[213,349,455],[212,350,454],[664,784,845],
[666,786,839],[668,785,842],[286,354,872],[287,352,876],[288,353,874],[444,795,1128],[442,793,1134],[443,794,1131],[357,1125,1204],[355,1124,1205],
[356,1123,1206],[84,423,520],[83,421,522],[82,422,518],[126,358,848],[125,360,850],[124,359,852],[363,434,663],[361,433,660],[362,435,657],
[366,434,546],[364,435,544],[365,433,548],[170,369,430],[169,367,431],[171,368,432],[329,371,1067],[330,372,1066],[328,370,1068],[81,425,916],
[80,426,918],[79,424,914],[87,375,808],[86,373,809],[85,374,810],[430,514,675],[432,516,671],[431,515,673],[382,383,478],[386,387,481],
[384,385,475],[106,396,397],[108,394,395],[107,398,399],[381,406,452],[377,407,453],[379,408,451],[78,981,1061],[77,987,1064],[76,984,1058],
[106,107,108],[75,648,772],[74,645,774],[73,642,776],[177,182,851],[176,183,847],[175,181,849],[88,89,90],[407,541,546],[406,535,548],
[408,538,544],[72,377,407],[71,381,406],[70,379,408],[170,430,514],[169,431,515],[171,432,516],[434,541,546],[433,535,548],[435,538,544],
[392,459,608],[390,457,609],[388,458,607],[211,215,456],[212,216,454],[213,214,455],[89,90,461],[88,90,462],[88,89,460],[169,340,367],
[170,341,369],[171,342,368],[87,808,1199],[85,810,1196],[86,809,1193],[90,329,1067],[88,328,1068],[89,330,1066],[576,759,1188],[574,757,1186],
[575,761,1184],[129,318,339],[127,317,338],[128,316,337],[175,528,849],[177,531,851],[176,534,847],[92,95,833],[91,94,837],[93,96,835],
[268,310,1041],[270,312,1038],[269,311,1044],[106,396,530],[107,398,533],[108,394,527],[92,151,733],[91,153,735],[93,152,737],[87,153,375],
[85,151,374],[86,152,373],[328,370,699],[330,372,697],[329,371,698],[264,330,875],[266,329,871],[262,328,873],[80,426,1227],[79,424,1226],
[81,425,1225],[270,488,598],[268,490,600],[269,492,599],[98,552,804],[99,550,803],[97,551,802],[215,921,1004],[216,923,1008],[214,919,1006],
[98,793,1134],[97,795,1128],[99,794,1131],[985,1125,1204],[982,1123,1206],[979,1124,1205],[75,648,781],[73,642,782],[74,645,783],[101,850,867],
[100,848,869],[102,852,865],[102,851,1090],[100,847,1093],[101,849,1096],[434,663,857],[435,657,855],[433,660,853],[106,107,895],[107,108,899],
[106,108,897],[106,397,898],[107,399,896],[108,395,900],[430,669,907],[431,665,904],[432,667,901],[396,892,933],[398,889,939],[394,886,936],
[81,594,916],[79,592,914],[80,593,918],[126,772,848],[124,776,852],[125,774,850],[126,668,785],[125,664,784],[124,666,786],[87,327,1067],
[86,325,1068],[85,326,1066],[392,987,1064],[390,981,1061],[388,984,1058],[103,874,1062],[105,876,1059],[104,872,1065],[120,443,1131],[118,442,1134],
[119,444,1128],[123,357,1235],[121,355,1238],[122,356,1232],[561,840,1105],[560,846,1099],[559,843,1102],[126,184,358],[125,186,360],[124,185,359],
[286,354,1221],[287,352,1218],[288,353,1224],[103,127,1177],[104,129,1180],[105,128,1174],[129,1173,1182],[127,1167,1179],[128,1170,1176],[225,470,1232],
[223,468,1235],[224,466,1238],[468,1090,1188],[470,1093,1186],[466,1096,1184],[185,308,1242],[186,307,1241],[184,309,1240],[131,418,1225],[130,420,1227],
[132,419,1226],[133,825,886],[137,828,889],[135,831,892],[138,889,912],[136,892,911],[134,886,910],[351,409,1215],[349,410,1211],[350,411,1213],
[122,131,1252],[123,130,1253],[121,132,1254],[300,561,1242],[296,560,1241],[298,559,1240],[254,409,1220],[255,411,1217],[253,410,1223],[392,541,1065],
[390,535,1062],[388,538,1059],[182,851,919],[181,849,923],[183,847,921],[770,841,971],[767,844,970],[764,838,972],[304,447,566],[305,445,567],
[306,446,565],[84,520,880],[83,522,882],[82,518,878],[446,448,627],[445,449,625],[447,450,626],[285,454,958],[284,455,955],[283,456,952],
[88,306,555],[90,304,553],[89,305,557],[69,497,1079],[68,498,1080],[67,496,1078],[336,450,670],[335,448,672],[334,449,674],[767,832,956],
[770,836,959],[764,834,953],[319,329,670],[320,330,674],[321,328,672],[317,501,891],[318,499,888],[316,503,894],[258,412,586],[256,414,587],
[257,413,588],[374,505,897],[375,507,899],[373,509,895],[403,872,1063],[404,874,1060],[405,876,1057],[103,781,873],[104,783,871],[105,782,875],
[224,375,475],[223,374,478],[225,373,481],[206,407,541],[207,408,538],[205,406,535],[406,452,604],[407,453,606],[408,451,605],[779,828,891],
[778,831,894],[780,825,888],[265,411,480],[267,409,477],[263,410,483],[194,219,360],[193,218,359],[195,217,358],[140,592,913],[139,593,917],
[141,594,915],[194,253,1224],[195,255,1218],[193,254,1221],[233,279,653],[232,277,649],[234,275,651],[648,772,912],[642,776,911],[645,774,910],
[262,336,733],[264,335,735],[266,334,737],[66,236,348],[65,237,346],[64,235,347],[251,313,404],[250,314,405],[252,315,403],[227,456,578],
[228,455,577],[226,454,579],[211,351,440],[213,349,441],[212,350,439],[232,276,327],[234,274,326],[233,278,325],[383,413,478],[387,412,481],
[385,414,475],[1108,1183,1241],[1114,1187,1242],[1111,1185,1240],[527,552,947],[530,551,945],[533,550,943],[77,486,987],[78,485,981],[76,484,984],
[78,303,1061],[76,302,1058],[77,301,1064],[96,264,920],[94,262,922],[95,266,924],[217,1026,1040],[219,1024,1037],[218,1025,1043],[212,432,903],
[211,431,906],[213,430,909],[99,1031,1117],[97,1033,1119],[98,1035,1121],[351,824,1252],[349,827,1253],[350,830,1254],[111,206,720],[109,207,717],
[110,205,714],[117,206,769],[115,207,766],[116,205,763],[286,853,872],[288,855,874],[287,857,876],[114,756,1041],[112,753,1038],[113,750,1044],
[120,765,971],[118,771,970],[119,768,972],[84,423,948],[82,422,946],[83,421,944],[309,784,845],[308,785,842],[307,786,839],[363,592,663],
[362,593,657],[361,594,660],[252,480,844],[251,477,841],[250,483,838],[303,560,845],[302,559,842],[301,561,839],[434,858,869],[435,856,867],
[433,854,865],[408,544,621],[406,548,619],[407,546,620],[279,960,1124],[275,954,1123],[277,957,1125],[529,961,1227],[526,963,1226],[532,962,1225],
[270,569,747],[269,570,745],[268,568,743],[63,241,960],[62,243,957],[61,242,954],[287,1004,1216],[288,1008,1222],[286,1006,1219],[117,578,771],
[115,579,768],[116,577,765],[325,1113,1142],[327,1110,1136],[326,1116,1139],[367,631,1196],[369,633,1199],[368,632,1193],[182,269,418],[181,270,420],
[183,268,419],[262,265,415],[263,266,417],[264,267,416],[144,430,675],[142,431,673],[143,432,671],[93,146,512],[91,145,511],[92,147,513],
[243,351,1227],[241,349,1226],[242,350,1225],[253,347,574],[255,348,576],[254,346,575],[222,258,787],[221,257,788],[220,256,789],[562,669,730],
[563,665,732],[564,667,731],[366,486,546],[365,485,548],[364,484,544],[344,384,475],[343,382,478],[345,386,481],[105,155,344],[104,154,345],
[103,156,343],[196,627,1165],[198,626,1171],[197,625,1168],[159,198,246],[157,197,245],[158,196,244],[114,501,754],[112,499,751],[113,503,748],
[300,996,1230],[298,998,1229],[296,994,1228],[75,591,772],[73,590,776],[74,589,774],[194,220,573],[195,222,572],[193,221,571],[191,294,961],
[192,293,963],[190,292,962],[225,233,657],[223,234,663],[224,232,660],[111,488,718],[109,492,715],[110,490,712],[204,216,811],[202,215,812],
[203,214,813],[166,599,612],[168,598,610],[167,600,611],[210,427,609],[208,428,608],[209,429,607],[90,210,1160],[88,209,1156],[89,208,1158],
[338,625,1095],[337,626,1092],[339,627,1098],[415,587,1210],[417,588,1214],[416,586,1212],[357,545,1204],[356,549,1206],[355,547,1205],[171,465,643],
[170,463,640],[169,464,646],[203,645,1026],[202,642,1024],[204,648,1025],[318,361,887],[317,362,890],[316,363,893],[181,586,1217],[182,587,1223],
[183,588,1220],[177,182,206],[176,183,207],[175,181,205],[185,324,355],[184,323,357],[186,322,356],[217,332,779],[218,331,778],[219,333,780],
[554,773,880],[556,777,882],[558,775,878],[216,644,861],[214,641,859],[215,647,863],[372,451,1221],[370,452,1218],[371,453,1224],[253,694,917],
[255,696,913],[254,695,915],[237,369,678],[235,368,677],[236,367,676],[459,1202,1247],[458,1201,1250],[457,1203,1244],[444,489,495],[442,491,493],
[443,487,494],[468,1126,1172],[466,1132,1166],[470,1129,1169],[401,474,808],[402,473,809],[400,472,810],[482,725,1162],[476,721,1163],[479,723,1164],
[585,662,1176],[583,656,1179],[584,659,1182],[228,754,895],[227,751,899],[226,748,897],[461,571,948],[462,573,944],[460,572,946],[257,438,545],
[258,437,549],[256,436,547],[451,742,804],[453,744,803],[452,746,802],[310,789,1166],[311,787,1169],[312,788,1172],[197,364,713],[198,366,716],
[196,365,719],[345,512,599],[343,513,598],[344,511,600],[189,352,374],[188,354,375],[187,353,373],[290,524,591],[289,523,590],[291,525,589],
[240,318,608],[238,317,609],[239,316,607],[514,517,991],[515,521,993],[516,519,989],[180,424,504],[178,425,500],[179,426,502],[348,506,934],
[346,508,937],[347,510,931],[396,539,670],[398,536,674],[394,542,672],[1144,1195,1209],[1145,1192,1207],[1146,1198,1208],[294,301,337],[292,302,338],
[293,303,339],[284,297,313],[285,299,314],[283,295,315],[288,996,1155],[286,998,1149],[287,994,1152],[231,290,384],[229,289,386],[230,291,382],
[272,412,680],[273,414,681],[271,413,679],[245,903,1104],[246,906,1107],[244,909,1101],[360,438,1014],[358,436,1020],[359,437,1017],[295,300,818],
[298,299,821],[296,297,815],[278,348,728],[276,347,727],[274,346,729],[191,469,1200],[192,467,1194],[190,471,1197],[194,506,613],[193,510,614],
[195,508,615],[271,643,816],[272,640,819],[273,646,822],[184,887,1141],[186,893,1135],[185,890,1138],[297,469,794],[299,467,795],[295,471,793],
[230,571,1157],[231,573,1159],[229,572,1161],[149,306,1111],[150,304,1108],[148,305,1114],[249,428,904],[248,427,907],[247,429,901],[495,497,616],
[493,498,617],[494,496,618],[282,594,1243],[280,592,1246],[281,593,1249],[337,540,822],[338,537,816],[339,543,819],[153,249,291],[151,247,289],
[152,248,290],[189,668,924],[187,664,920],[188,666,922],[175,964,1075],[177,965,1073],[176,966,1077],[245,280,1091],[244,281,1094],[246,282,1097],
[279,280,813],[275,282,811],[277,281,812],[160,465,1052],[162,463,1053],[161,464,1051],[165,409,1005],[163,411,1003],[164,410,1007],[503,569,575],
[499,568,574],[501,570,576],[705,821,1027],[711,815,1029],[708,818,1028],[200,597,747],[199,595,745],[201,596,743],[661,672,995],[658,674,999],
[655,670,997],[200,930,1034],[199,928,1032],[201,926,1030],[370,682,812],[371,684,811],[372,683,813],[285,689,892],[284,685,889],[283,687,886],
[324,424,665],[323,426,667],[322,425,669],[192,661,861],[191,655,859],[190,658,863],[597,637,732],[596,635,730],[595,639,731],[179,549,896],
[180,545,898],[178,547,900],[327,551,615],[326,550,613],[325,552,614],[487,1241,1247],[491,1242,1250],[489,1240,1244],[493,1237,1238],[494,1231,1232],
[495,1234,1235],[165,1132,1134],[163,1126,1128],[164,1129,1131],[208,233,463],[210,234,465],[209,232,464],[175,1133,1134],[176,1130,1131],[177,1127,1128],
[177,1097,1098],[176,1091,1092],[175,1094,1095],[147,1205,1245],[145,1206,1251],[146,1204,1248],[120,144,383],[118,142,387],[119,143,385],[76,1232,1233],
[77,1235,1236],[78,1238,1239],[60,1099,1101],[59,1105,1107],[58,1102,1104],[57,245,625],[56,246,626],[55,244,627],[78,137,138],[76,135,136],
[77,133,134],[103,541,543],[105,535,537],[104,538,540],[198,532,534],[197,526,528],[196,529,531],[153,505,506],[151,509,510],[152,507,508],
[368,491,492],[367,487,488],[369,489,490],[331,482,483],[333,479,480],[332,476,477],[220,947,948],[222,943,944],[221,945,946],[942,1034,1176],
[941,1032,1179],[940,1030,1182],[131,985,987],[130,979,981],[132,982,984],[54,586,836],[53,587,832],[52,588,834],[633,695,1176],[631,696,1179],
[632,694,1182],[706,799,896],[709,800,898],[703,801,900],[51,607,952],[50,609,958],[49,608,955],[53,370,380],[54,372,378],[52,371,376],
[48,483,825],[47,480,828],[46,477,831],[131,141,441],[132,140,440],[130,139,439],[45,438,559],[44,437,560],[43,436,561],[42,266,564],
[41,262,563],[40,264,562],[150,185,1149],[148,184,1152],[149,186,1155],[143,1133,1195],[142,1130,1198],[144,1127,1192],[42,147,1110],[41,145,1113],
[40,146,1116],[153,787,1082],[151,789,1081],[152,788,1083],[127,240,280],[129,239,281],[128,238,282],[103,165,1245],[104,163,1248],[105,164,1251],
[313,490,824],[314,492,827],[315,488,830],[93,168,304],[91,166,305],[92,167,306],[77,188,219],[76,189,218],[78,187,217],[173,211,325],
[174,212,327],[172,213,326],[122,231,872],[123,229,874],[121,230,876],[39,476,911],[38,479,912],[37,482,910],[42,564,1110],[40,562,1116],
[41,563,1113],[131,141,554],[130,139,556],[132,140,558],[53,380,587],[54,378,586],[52,376,588],[695,1034,1176],[694,1030,1182],[696,1032,1179],
[37,331,482],[39,332,476],[38,333,479],[46,332,477],[47,333,480],[48,331,483],[315,367,488],[314,368,492],[313,369,490],[76,136,189],
[77,134,188],[78,138,187],[59,84,1107],[58,82,1104],[60,83,1101],[77,219,1236],[78,217,1239],[76,218,1233],[144,383,1127],[142,387,1130],
[143,385,1133],[42,147,1245],[40,146,1248],[41,145,1251],[175,1095,1134],[177,1098,1128],[176,1092,1131],[178,703,900],[180,709,898],[179,706,896],
[36,200,1034],[35,201,1030],[34,199,1032],[160,210,465],[162,208,463],[161,209,464],[127,279,280],[129,277,281],[128,275,282],[57,245,1091],
[55,244,1094],[56,246,1097],[176,1077,1091],[175,1075,1094],[177,1073,1097],[153,249,505],[151,247,509],[152,248,507],[44,359,437],[45,360,438],
[43,358,436],[122,231,290],[121,230,291],[123,229,289],[1130,1198,1208],[1127,1192,1207],[1133,1195,1209],[196,365,529],[198,366,532],[197,364,526],
[312,788,1083],[310,789,1081],[311,787,1082],[633,662,1176],[632,659,1182],[631,656,1179],[479,723,912],[482,725,910],[476,721,911],[165,466,1132],
[164,470,1129],[163,468,1126],[487,494,1231],[489,495,1234],[491,493,1237],[459,487,1247],[457,489,1244],[458,491,1250],[236,367,487],[237,369,489],
[235,368,491],[150,185,355],[149,186,356],[148,184,357],[57,625,1095],[55,627,1098],[56,626,1092],[194,220,947],[193,221,945],[195,222,943],
[157,197,528],[158,196,531],[159,198,534],[104,154,540],[103,156,543],[105,155,537],[151,220,789],[152,221,788],[153,222,787],[93,146,168],
[91,145,166],[92,147,167],[211,325,1113],[212,327,1110],[213,326,1116],[84,220,948],[82,221,946],[83,222,944],[231,853,872],[230,857,876],
[229,855,874],[78,137,303],[77,133,301],[76,135,302],[487,1183,1241],[489,1185,1240],[491,1187,1242],[313,404,824],[315,403,830],[314,405,827],
[40,264,335],[42,266,334],[41,262,336],[208,233,653],[209,232,649],[210,234,651],[103,165,781],[105,164,782],[104,163,783],[122,403,872],
[121,405,876],[123,404,874],[52,834,953],[54,836,959],[53,832,956],[50,285,958],[51,283,952],[49,284,955],[93,304,566],[92,306,565],
[91,305,567],[43,561,1242],[45,559,1240],[44,560,1241],[122,131,985],[121,132,982],[123,130,979],[39,136,911],[37,134,910],[38,138,912],
[48,133,825],[46,135,831],[47,137,828],[132,419,440],[130,420,439],[131,418,441],[185,1149,1242],[184,1152,1240],[186,1155,1241],[223,495,1235],
[224,493,1238],[225,494,1232],[942,1170,1176],[940,1173,1182],[941,1167,1179],[103,127,1245],[104,129,1248],[105,128,1251],[58,843,1102],[59,840,1105],
[60,846,1099],[77,123,1235],[76,122,1232],[78,121,1238],[120,383,1131],[119,385,1128],[118,387,1134],[103,541,1062],[104,538,1065],[105,535,1059],
[131,392,987],[132,388,984],[130,390,981],[395,801,900],[399,799,896],[397,800,898],[73,312,782],[74,310,783],[75,311,781],[146,985,1204],
[147,979,1205],[145,982,1206],[98,165,1134],[99,164,1131],[97,163,1128],[53,370,699],[52,371,698],[54,372,697],[87,153,506],[85,151,510],
[86,152,508],[175,528,1133],[177,531,1127],[176,534,1130],[127,240,317],[128,238,316],[129,239,318],[174,212,216],[173,211,215],[172,213,214],
[49,392,608],[51,388,607],[50,390,609],[296,711,815],[300,708,818],[298,705,821],[297,313,469],[295,315,471],[299,314,467],[294,337,540],
[293,339,543],[292,338,537],[180,424,665],[179,426,667],[178,425,669],[230,461,571],[229,460,572],[231,462,573],[216,661,861],[215,658,863],
[214,655,859],[240,318,361],[239,316,363],[238,317,362],[271,465,643],[273,464,646],[272,463,640],[256,355,547],[258,356,549],[257,357,545],
[208,249,428],[209,247,429],[210,248,427],[166,345,599],[167,344,600],[168,343,598],[203,372,813],[204,371,811],[202,370,812],[191,294,469],
[190,292,471],[192,293,467],[75,290,591],[74,291,589],[73,289,590],[300,996,1155],[296,994,1152],[298,998,1149],[564,639,731],[562,635,730],
[563,637,732],[254,274,346],[255,278,348],[253,276,347],[265,415,587],[267,416,586],[263,417,588],[200,569,747],[201,568,743],[199,570,745],
[63,279,960],[62,277,957],[61,275,954],[303,309,845],[301,307,839],[302,308,842],[117,182,206],[115,183,207],[116,181,205],[212,903,1104],
[213,909,1101],[211,906,1107],[203,1026,1040],[204,1025,1043],[202,1024,1037],[77,366,486],[76,364,484],[78,365,485],[273,385,414],[271,383,413],
[272,387,412],[276,327,551],[278,325,552],[274,326,550],[243,351,440],[242,350,439],[241,349,441],[117,227,578],[116,228,577],[115,226,579],
[66,348,506],[64,347,510],[65,346,508],[194,253,694],[193,254,695],[195,255,696],[140,363,592],[141,361,594],[139,362,593],[194,219,613],
[195,217,615],[193,218,614],[265,480,844],[267,477,841],[263,483,838],[332,779,891],[333,780,888],[331,778,894],[451,605,804],[452,604,802],
[453,606,803],[111,206,541],[109,207,538],[110,205,535],[224,344,475],[225,345,481],[223,343,478],[352,374,505],[353,373,509],[354,375,507],
[181,258,586],[183,257,588],[182,256,587],[114,317,501],[113,316,503],[112,318,499],[329,396,670],[328,394,672],[330,398,674],[335,661,672],
[334,658,674],[336,655,670],[69,495,497],[67,494,496],[68,493,498],[90,150,304],[89,148,305],[88,149,306],[448,627,1165],[450,626,1171],
[449,625,1168],[84,554,880],[82,558,878],[83,556,882],[120,841,971],[119,838,972],[118,844,970],[182,418,919],[183,419,921],[181,420,923],
[165,254,409],[164,253,410],[163,255,411],[351,824,1215],[350,830,1213],[349,827,1211],[354,372,1221],[353,371,1224],[352,370,1218],[184,358,1141],
[185,359,1138],[186,360,1135],[126,189,668],[124,188,666],[125,187,664],[772,848,912],[774,850,910],[776,852,911],[81,594,1243],[80,593,1249],
[79,592,1246],[285,396,892],[283,394,886],[284,398,889],[144,430,669],[143,432,667],[142,431,665],[107,227,899],[108,226,897],[106,228,895],
[234,663,857],[232,660,853],[233,657,855],[102,468,1090],[101,466,1096],[100,470,1093],[100,434,869],[101,435,867],[102,433,865],[919,1006,1219],
[923,1008,1222],[921,1004,1216],[97,551,1033],[98,552,1035],[99,550,1031],[110,268,490],[109,269,492],[111,270,488],[80,529,1227],[81,532,1225],
[79,526,1226],[95,266,329],[94,262,328],[96,264,330],[108,527,947],[107,533,943],[106,530,945],[114,268,1041],[113,269,1044],[112,270,1038],
[92,95,151],[93,96,152],[91,94,153],[569,575,1184],[568,574,1186],[570,576,1188],[87,90,1067],[85,89,1066],[86,88,1068],[472,810,1196],
[473,809,1193],[474,808,1199],[340,367,1196],[342,368,1193],[341,369,1199],[90,210,461],[89,208,460],[88,209,462],[434,541,1065],[435,538,1059],
[433,535,1062],[170,514,991],[171,516,989],[169,515,993],[72,407,620],[70,408,621],[71,406,619],[69,1230,1249],[68,1228,1246],[67,1229,1243],
[33,234,465],[32,232,464],[31,233,463],[30,1043,1044],[29,1037,1038],[28,1040,1041],[391,1083,1130],[389,1081,1127],[393,1082,1133],[136,1080,1170],
[134,1078,1173],[138,1079,1167],[72,908,909],[71,902,903],[70,905,906],[146,867,868],[145,865,866],[147,869,870],[537,969,1012],[540,968,1018],
[543,967,1015],[801,942,1230],[799,940,1228],[800,941,1229],[505,634,888],[509,636,894],[507,638,891],[336,361,1161],[334,363,1159],[335,362,1157],
[27,619,699],[26,620,698],[25,621,697],[331,796,969],[332,798,967],[333,797,968],[24,342,1171],[23,340,1165],[22,341,1168],[230,380,381],
[229,376,377],[231,378,379],[81,387,843],[79,385,846],[80,383,840],[54,391,798],[52,389,796],[53,393,797],[71,395,905],[72,397,902],
[70,399,908],[171,392,393],[170,388,389],[169,390,391],[21,367,631],[20,368,632],[19,369,633],[61,242,385],[63,241,383],[62,243,387],
[65,147,237],[66,146,236],[64,145,235],[133,336,733],[135,334,737],[137,335,735],[69,107,1079],[67,108,1078],[68,106,1080],[52,850,867],
[54,852,865],[53,848,869],[71,98,804],[72,97,802],[70,99,803],[18,92,733],[17,93,737],[16,91,735],[312,397,1038],[310,395,1041],
[311,399,1044],[116,392,459],[117,388,458],[115,390,457],[72,377,703],[70,379,709],[71,381,706],[92,114,340],[93,112,342],[91,113,341],
[18,92,340],[16,91,341],[17,93,342],[18,133,733],[16,137,735],[17,135,737],[116,171,392],[115,169,390],[117,170,388],[71,98,905],
[72,97,902],[70,99,908],[53,393,848],[52,389,850],[54,391,852],[63,80,383],[62,81,387],[61,79,385],[23,114,340],[24,112,342],
[22,113,341],[53,797,968],[54,798,967],[52,796,969],[65,147,870],[64,145,866],[66,146,868],[70,709,905],[71,706,902],[72,703,908],
[72,397,909],[70,399,906],[71,395,903],[30,399,1044],[28,395,1041],[29,397,1038],[69,942,1230],[67,941,1229],[68,940,1228],[27,71,619],
[25,70,621],[26,72,620],[169,391,993],[170,389,991],[171,393,989],[106,945,1080],[107,943,1079],[108,947,1078],[33,234,857],[31,233,855],
[32,232,853],[69,107,227],[68,106,228],[67,108,226],[67,81,1243],[68,79,1246],[69,80,1249],[22,449,1168],[24,450,1171],[23,448,1165],
[352,505,888],[354,507,891],[353,509,894],[71,605,804],[70,606,803],[72,604,802],[139,362,1157],[140,363,1159],[141,361,1161],[115,226,457],
[117,227,458],[116,228,459],[28,203,1040],[29,202,1037],[30,204,1043],[33,271,465],[31,272,463],[32,273,464],[240,336,361],[238,335,362],
[239,334,363],[230,380,461],[231,378,462],[229,376,460],[292,537,969],[293,543,967],[294,540,968],[27,53,699],[25,54,697],[26,52,698],
[146,236,985],[145,235,982],[147,237,979],[73,312,397],[75,311,399],[74,310,395],[395,801,1230],[397,800,1229],[399,799,1228],[58,81,843],
[60,79,846],[59,80,840],[136,942,1170],[138,941,1167],[134,940,1173],[48,133,336],[47,137,335],[46,135,334],[39,136,1080],[38,138,1079],
[37,134,1078],[92,114,565],[91,113,567],[93,112,566],[52,867,953],[53,869,956],[54,865,959],[230,381,857],[231,379,853],[229,377,855],
[146,168,867],[147,167,869],[145,166,865],[156,543,1015],[155,537,1012],[154,540,1018],[21,631,656],[19,633,662],[20,632,659],[312,391,1083],
[311,393,1082],[310,389,1081],[391,1130,1208],[393,1133,1209],[389,1127,1207],[249,505,634],[248,507,638],[247,509,636],[178,377,703],[179,381,706],
[180,379,709],[243,387,1130],[241,383,1127],[242,385,1133],[21,315,367],[19,313,369],[20,314,368],[37,331,969],[38,333,968],[39,332,967],
[340,472,1196],[341,474,1199],[342,473,1193],[110,114,268],[111,112,270],[109,113,269],[100,434,1065],[102,433,1062],[101,435,1059],[418,919,1219],
[419,921,1216],[420,923,1222],[87,90,150],[86,88,149],[85,89,148],[95,329,396],[96,330,398],[94,328,394],[119,263,838],[118,265,844],
[120,267,841],[276,551,1033],[278,552,1035],[274,550,1031],[117,182,256],[116,181,258],[115,183,257],[200,569,1184],[199,570,1188],[201,568,1186],
[165,254,274],[163,255,278],[164,253,276],[298,705,1149],[300,708,1155],[296,711,1152],[203,354,372],[202,352,370],[204,353,371],[167,224,344],
[168,223,343],[166,225,345],[144,178,669],[142,180,665],[143,179,667],[292,315,471],[294,313,469],[293,314,467],[174,216,661],[172,214,655],
[173,215,658],[114,240,317],[112,239,318],[113,238,316],[66,87,506],[65,86,508],[64,85,510],[49,131,392],[50,130,390],[51,132,388],
[111,541,1062],[110,535,1059],[109,538,1065],[272,387,1134],[271,383,1131],[273,385,1128],[77,123,366],[78,121,365],[76,122,364],[69,223,495],
[68,224,493],[67,225,494],[243,419,440],[241,418,441],[242,420,439],[43,1149,1242],[44,1155,1241],[45,1152,1240],[50,285,396],[49,284,398],
[51,283,394],[122,403,985],[123,404,979],[121,405,982],[98,165,781],[97,163,783],[99,164,782],[208,249,653],[210,248,651],[209,247,649],
[40,335,661],[41,336,655],[42,334,658],[404,824,1215],[405,827,1211],[403,830,1213],[133,301,307],[137,303,309],[135,302,308],[213,1101,1116],
[211,1107,1113],[212,1104,1110],[95,151,220],[94,153,222],[96,152,221],[159,534,1130],[158,531,1127],[157,528,1133],[194,694,947],[195,696,943],
[193,695,945],[150,256,355],[148,257,357],[149,258,356],[236,487,1183],[235,491,1187],[237,489,1185],[459,487,1231],[457,489,1234],[458,491,1237],
[102,163,468],[100,164,470],[101,165,466],[723,848,912],[721,852,911],[725,850,910],[80,365,529],[81,366,532],[79,364,526],[75,122,290],
[73,123,289],[74,121,291],[45,360,1135],[43,358,1141],[44,359,1138],[57,1077,1091],[56,1073,1097],[55,1075,1094],[63,127,279],[61,128,275],
[62,129,277],[160,210,461],[161,209,462],[162,208,460],[57,1095,1134],[56,1092,1131],[55,1098,1128],[42,127,1245],[41,128,1251],[40,129,1248],
[219,613,1236],[218,614,1233],[217,615,1239],[59,84,220],[60,83,222],[58,82,221],[126,136,189],[125,138,187],[124,134,188],[46,332,891],
[48,331,894],[47,333,888],[36,695,1034],[34,696,1032],[35,694,1030],[265,380,587],[263,376,588],[267,378,586],[84,131,554],[83,130,556],
[82,132,558],[564,639,1110],[562,635,1116],[563,637,1113],[45,320,449],[43,319,450],[44,321,448],[15,554,1033],[14,556,1035],[13,558,1031],
[87,969,1077],[86,968,1073],[85,967,1075],[606,722,1059],[604,726,1065],[605,724,1062],[18,261,1157],[16,260,1159],[17,259,1161],[136,155,991],
[138,156,993],[134,154,989],[158,724,1138],[157,722,1135],[159,726,1141],[158,162,1015],[157,160,1012],[159,161,1018],[200,260,1229],[201,259,1230],
[199,261,1228],[260,662,1210],[261,656,1214],[259,659,1212],[12,171,653],[11,169,651],[10,170,649],[139,173,614],[141,174,615],[140,172,613],
[9,312,782],[8,311,781],[7,310,783],[34,199,320],[36,200,319],[35,201,321],[84,133,1107],[83,137,1101],[82,135,1104],[140,154,558],
[141,156,554],[139,155,556],[64,65,66],[33,57,634],[32,56,638],[31,55,636],[139,155,173],[140,154,172],[141,156,174],[201,259,321],
[199,261,320],[200,260,319],[158,162,724],[159,161,726],[157,160,722],[18,261,1214],[17,259,1212],[16,260,1210],[13,154,558],[14,155,556],
[15,156,554],[34,45,320],[35,44,321],[36,43,319],[126,136,155],[124,134,154],[125,138,156],[139,614,1233],[141,615,1239],[140,613,1236],
[33,57,1077],[31,55,1075],[32,56,1073],[45,722,1135],[44,724,1138],[43,726,1141],[84,133,307],[82,135,308],[83,137,309],[12,249,653],
[10,247,649],[11,248,651],[8,98,781],[9,99,782],[7,97,783],[111,724,1062],[109,726,1065],[110,722,1059],[66,87,1077],[64,85,1075],
[65,86,1073],[200,1184,1229],[201,1186,1230],[199,1188,1228],[15,276,1033],[13,274,1031],[14,278,1035],[87,150,969],[86,149,968],[85,148,967],
[102,605,1062],[101,606,1059],[100,604,1065],[57,249,634],[55,247,636],[56,248,638],[9,312,391],[7,310,389],[8,311,393],[20,259,659],
[21,261,656],[19,260,662],[154,159,1018],[155,157,1012],[156,158,1015],[136,942,991],[134,940,989],[138,941,993],[31,272,636],[32,273,638],
[33,271,634],[18,139,1157],[17,141,1161],[16,140,1159],[22,45,449],[23,44,448],[24,43,450],[64,65,870],[65,66,868],[64,66,866],
[10,117,170],[12,116,171],[11,115,169],[18,133,1107],[17,135,1104],[16,137,1101],[42,63,127],[40,62,129],[41,61,128],[36,695,945],
[35,694,947],[34,696,943],[59,95,220],[58,96,221],[60,94,222],[637,1107,1113],[639,1104,1110],[635,1101,1116],[403,985,1213],[404,979,1215],
[405,982,1211],[74,121,365],[75,122,364],[73,123,366],[57,272,1134],[55,273,1128],[56,271,1131],[49,84,131],[51,82,132],[50,83,130],
[40,174,661],[42,173,658],[41,172,655],[67,166,225],[69,168,223],[68,167,224],[45,711,1152],[44,708,1155],[43,705,1149],[100,164,276],
[101,165,274],[102,163,278],[117,150,256],[116,149,258],[115,148,257],[120,267,378],[118,265,380],[119,263,376],[50,95,396],[51,94,394],
[49,96,398],[242,420,1222],[241,418,1219],[243,419,1216],[21,292,315],[20,293,314],[19,294,313],[159,243,1130],[157,242,1133],[158,241,1127],
[144,178,377],[143,179,381],[142,180,379],[168,867,953],[166,865,959],[167,869,956],[110,114,565],[111,112,566],[109,113,567],[236,985,1183],
[237,979,1185],[235,982,1187],[37,292,969],[39,293,967],[38,294,968],[160,380,461],[162,376,460],[161,378,462],[48,240,336],[47,238,335],
[46,239,334],[28,203,354],[29,202,352],[30,204,353],[227,458,1237],[228,459,1231],[226,457,1234],[47,352,888],[48,353,894],[46,354,891],
[58,67,81],[59,69,80],[60,68,79],[33,381,857],[31,377,855],[32,379,853],[39,945,1080],[37,947,1078],[38,943,1079],[389,991,1207],
[393,989,1209],[391,993,1208],[27,71,605],[26,72,604],[25,70,606],[69,227,942],[68,228,940],[67,226,941],[29,397,1229],[30,399,1228],
[28,395,1230],[73,397,909],[74,395,903],[75,399,906],[27,53,968],[26,52,969],[25,54,967],[23,114,240],[22,113,238],[24,112,239],
[63,80,365],[61,79,364],[62,81,366],[391,721,852],[389,725,850],[393,723,848],[98,709,905],[99,703,908],[97,706,902],[18,340,472],
[17,342,473],[16,341,474],[381,1187,1188],[377,1185,1186],[379,1183,1184],[6,868,959],[5,866,956],[4,870,953],[3,566,909],[2,565,903],
[1,567,906],[95,725,726],[96,721,722],[94,723,724],[42,709,711],[41,703,705],[40,706,708],[321,378,474],[319,380,472],[320,376,473],
[42,63,709],[40,62,706],[41,61,703],[2,74,903],[3,73,909],[1,75,906],[32,379,1183],[33,381,1187],[31,377,1185],[160,380,472],
[161,378,474],[162,376,473],[1,109,567],[2,110,565],[3,111,566],[6,166,959],[5,167,956],[4,168,953],[142,379,1184],[144,377,1186],
[143,381,1188],[49,96,722],[50,95,726],[51,94,724],[120,321,378],[118,319,380],[119,320,376],[42,173,711],[41,172,705],[40,174,708],
[58,96,721],[60,94,723],[59,95,725],[5,66,866],[4,64,870],[6,65,868],[227,942,1237],[226,941,1234],[228,940,1231],[30,48,353],
[28,46,354],[29,47,352],[23,48,240],[24,46,239],[22,47,238],[21,37,292],[19,38,294],[20,39,293],[158,241,1219],[159,243,1216],
[157,242,1222],[58,67,166],[60,68,167],[59,69,168],[63,74,365],[62,73,366],[61,75,364],[985,1183,1213],[982,1187,1211],[979,1185,1215],
[36,39,945],[34,38,943],[35,37,947],[18,637,1107],[16,635,1101],[17,639,1104],[10,117,150],[11,115,148],[12,116,149],[57,272,636],
[56,271,634],[55,273,638],[942,991,1207],[941,993,1208],[940,989,1209],[9,391,721],[8,393,723],[7,389,725],[26,100,604],[25,101,606],
[27,102,605],[26,150,969],[25,148,967],[27,149,968],[15,100,276],[14,102,278],[13,101,274],[29,1184,1229],[28,1186,1230],[30,1188,1228],
[8,98,709],[7,97,706],[9,99,703],[12,57,249],[11,56,248],[10,55,247],[49,84,307],[50,83,309],[51,82,308],[22,45,722],
[24,43,726],[23,44,724],[33,66,1077],[32,65,1073],[31,64,1075],[18,139,1233],[16,140,1236],[17,141,1239],[34,45,711],[36,43,705],
[35,44,708],[13,154,159],[15,156,158],[14,155,157],[18,472,1214],[16,474,1210],[17,473,1212],[111,162,724],[109,161,726],[110,160,722],
[20,259,321],[19,260,319],[21,261,320],[126,155,173],[125,156,174],[124,154,172],[37,1208,1222],[38,1207,1216],[39,1209,1219],[126,309,1256],
[124,308,1255],[125,307,1257],[48,638,639],[46,634,635],[47,636,637],[126,173,1256],[125,174,1257],[124,172,1255],[49,307,1257],[51,308,1255],
[50,309,1256],[36,39,1209],[35,37,1208],[34,38,1207],[21,37,1222],[20,39,1219],[19,38,1216],[23,48,639],[22,47,637],[24,46,635],
[30,48,638],[29,47,636],[28,46,634],[15,26,100],[14,27,102],[13,25,101],[942,1207,1237],[940,1209,1231],[941,1208,1234],[12,57,636],
[10,55,638],[11,56,634],[10,26,150],[12,27,149],[11,25,148],[18,637,1233],[17,639,1239],[16,635,1236],[14,157,1222],[13,159,1216],
[15,158,1219],[5,33,66],[6,32,65],[4,31,64],[9,58,721],[7,59,725],[8,60,723],[34,173,711],[35,174,708],[36,172,705],
[20,120,321],[21,119,320],[19,118,319],[22,49,722],[23,51,724],[24,50,726],[29,142,1184],[30,143,1188],[28,144,1186],[6,58,166],
[4,59,168],[5,60,167],[2,110,160],[3,111,162],[1,109,161],[160,472,1214],[162,473,1212],[161,474,1210],[32,1183,1213],[31,1185,1215],
[33,1187,1211],[2,63,74],[1,61,75],[3,62,73],[8,63,709],[9,61,703],[7,62,706],[26,1210,1211],[27,1212,1213],[25,1214,1215],
[118,142,1259],[119,143,1258],[120,144,1260],[13,25,1214],[15,26,1210],[14,27,1212],[29,142,1259],[28,144,1260],[30,143,1258],[20,120,1260],
[19,118,1259],[21,119,1258],[10,26,1211],[11,25,1215],[12,27,1213],[2,8,63],[3,7,62],[1,9,61],[2,160,1214],[1,161,1210],
[3,162,1212],[6,9,58],[5,8,60],[4,7,59],[4,31,1215],[5,33,1211],[6,32,1213],[12,29,636],[11,28,634],[10,30,638],
[22,637,1233],[24,635,1236],[23,639,1239],[14,21,1222],[15,20,1219],[13,19,1216],[34,1207,1237],[36,1209,1231],[35,1208,1234],[22,49,1257],
[24,50,1256],[23,51,1255],[34,173,1256],[36,172,1255],[35,174,1257],[9,1231,1233],[8,1237,1239],[7,1234,1236],[2,8,1237],[3,7,1234],
[1,9,1231],[6,9,1233],[5,8,1239],[4,7,1236],[34,1237,1256],[35,1234,1257],[36,1231,1255],[22,1233,1257],[23,1239,1255],[24,1236,1256],
[6,12,1213],[5,10,1211],[4,11,1215],[13,19,1259],[14,21,1258],[15,20,1260],[12,29,1259],[10,30,1258],[11,28,1260],[2,13,1214],
[3,14,1212],[1,15,1210],[2,13,1259],[1,15,1260],[3,14,1258],[6,12,1259],[4,11,1260],[5,10,1258],[6,1233,1257],[4,1236,1256],
[5,1239,1255],[2,1237,1256],[1,1231,1255],[3,1234,1257],[2,1256,1259],[3,1257,1258],[1,1255,1260],[6,1257,1259],[5,1255,1258],[4,1256,1260]];
###############################################################

