#SurfaceInfo: 1200 Vertices, 7200 Edges, 4800 Faces, IsOrientable=true
 #Vertices of faces:
vof1:=[[1198,1199,1200],[1197,1198,1199],[1196,1199,1200],[1195,1198,1200],[1192,1193,1194],[1189,1190,1191],[1186,1187,1188],[1183,1184,1185],[1180,1181,1182],[1177,1178,1179\
],
[1174,1175,1176],[1171,1172,1173],[1170,1177,1178],[1169,1171,1172],[1168,1174,1175],[1167,1192,1193],[1166,1193,1194],[1165,1192,1194],[1164,1180,1181],[1163,1181,1182],
[1162,1180,1182],[1160,1161,1178],[1158,1159,1172],[1156,1157,1175],[1153,1154,1155],[1150,1151,1152],[1147,1148,1149],[1144,1145,1146],[1141,1142,1143],[1138,1139,1140],
[1135,1136,1137],[1132,1133,1134],[1129,1130,1131],[1128,1164,1180],[1127,1162,1182],[1126,1163,1181],[1125,1168,1174],[1124,1169,1171],[1123,1170,1177],[1122,1129,1130],
[1121,1132,1133],[1120,1135,1136],[1117,1118,1119],[1114,1115,1116],[1111,1112,1113],[1110,1147,1148],[1109,1150,1151],[1108,1153,1154],[1156,1175,1176],[1158,1172,1173],
[1160,1178,1179],[1107,1125,1174],[1106,1124,1171],[1105,1123,1177],[1104,1189,1190],[1103,1186,1187],[1102,1183,1184],[1101,1189,1191],[1100,1183,1185],[1099,1186,1188],
[1098,1167,1192],[1097,1165,1194],[1096,1166,1193],[1095,1144,1145],[1094,1138,1139],[1093,1141,1142],[1092,1168,1175],[1091,1170,1178],[1090,1169,1172],[1088,1089,1191],
[1086,1087,1188],[1084,1085,1185],[1083,1171,1173],[1082,1177,1179],[1081,1174,1176],[1080,1086,1188],[1079,1088,1191],[1078,1084,1185],[1114,1115,1138],[1111,1112,1141],
[1117,1118,1144],[1077,1158,1159],[1076,1156,1157],[1075,1160,1161],[1074,1154,1155],[1073,1151,1152],[1072,1148,1149],[1070,1071,1074],[1068,1069,1072],[1066,1067,1073],
[1089,1190,1191],[1085,1184,1185],[1087,1187,1188],[1063,1064,1065],[1060,1061,1062],[1057,1058,1059],[1058,1094,1138],[1061,1093,1141],[1064,1095,1144],[1054,1055,1056],
[1053,1054,1055],[1052,1054,1056],[1051,1055,1056],[1049,1050,1057],[1047,1048,1063],[1045,1046,1060],[1057,1058,1094],[1063,1064,1095],[1060,1061,1093],[1043,1044,1176],
[1041,1042,1179],[1039,1040,1173],[1058,1114,1138],[1064,1117,1144],[1061,1111,1141],[1038,1077,1159],[1037,1075,1161],[1036,1076,1157],[1070,1074,1155],[1066,1073,1152],
[1068,1072,1149],[1035,1089,1190],[1034,1087,1187],[1033,1085,1184],[1032,1057,1059],[1031,1063,1065],[1030,1060,1062],[1028,1029,1094],[1026,1027,1095],[1024,1025,1093],
[1023,1081,1176],[1022,1083,1173],[1021,1082,1179],[1018,1019,1020],[1015,1016,1017],[1012,1013,1014],[1011,1080,1188],[1010,1078,1185],[1009,1079,1191],[1006,1007,1008],
[1003,1004,1005],[1000,1001,1002],[997,998,999],[994,995,996],[991,992,993],[989,990,1023],[987,988,1022],[985,986,1021],[982,983,984],[979,980,981],
[976,977,978],[974,975,1063],[972,973,1060],[970,971,1057],[968,969,1032],[966,967,1030],[964,965,1031],[962,963,1093],[960,961,1094],[958,959,1095],
[956,957,1175],[954,955,1178],[952,953,1172],[951,1032,1059],[950,1030,1062],[949,1031,1065],[948,1028,1029],[947,1024,1025],[946,1026,1027],[945,1022,1083],
[944,1021,1082],[943,1023,1081],[942,1015,1016],[941,1012,1013],[940,1018,1019],[939,1019,1020],[938,1013,1014],[937,1016,1017],[936,1011,1080],[935,1009,1079],
[934,1010,1078],[933,1010,1185],[932,1011,1188],[931,1009,1191],[930,1058,1114],[929,1064,1117],[928,1061,1111],[930,1038,1077],[929,1036,1076],[928,1037,1075],
[927,1068,1149],[926,1070,1155],[925,1066,1152],[924,1035,1190],[923,1033,1184],[922,1034,1187],[1031,1047,1063],[1030,1045,1060],[1032,1049,1057],[1029,1057,1094],
[1025,1060,1093],[1027,1063,1095],[1023,1043,1176],[1022,1039,1173],[1021,1041,1179],[952,1053,1054],[954,1051,1055],[956,1052,1056],[944,1093,1142],[945,1094,1139],
[943,1095,1145],[951,1090,1172],[950,1091,1178],[949,1092,1175],[921,1126,1187],[920,1127,1190],[919,1128,1184],[918,929,952],[917,930,954],[916,928,956],
[915,1084,1085],[914,1086,1087],[913,1088,1089],[912,1035,1089],[911,1034,1087],[910,1033,1085],[909,950,1150],[908,951,1147],[907,949,1153],[904,905,906],
[901,902,903],[898,899,900],[897,1058,1122],[896,1061,1120],[895,1064,1121],[892,893,894],[889,890,891],[886,887,888],[883,884,885],[880,881,882],
[877,878,879],[876,912,1089],[875,910,1085],[874,911,1087],[873,912,1035],[872,910,1033],[871,911,1034],[870,915,1084],[869,913,1088],[868,914,1086],
[867,913,1089],[866,915,1085],[865,914,1087],[864,921,1187],[863,919,1184],[862,920,1190],[861,917,930],[860,916,928],[859,918,929],[871,1006,1007],
[873,1000,1001],[872,1003,1004],[858,994,995],[857,991,992],[856,997,998],[855,989,1023],[854,987,1022],[853,985,1021],[852,982,983],[851,979,980],
[850,976,977],[943,958,1095],[944,962,1093],[945,960,1094],[951,952,1172],[949,956,1175],[950,954,1178],[929,952,1054],[928,956,1056],[930,954,1055],
[849,1023,1043],[848,1022,1039],[847,1021,1041],[846,925,1066],[845,927,1068],[844,926,1070],[923,1128,1184],[924,1127,1190],[922,1126,1187],[843,942,1015],
[842,940,1018],[841,941,1012],[840,939,1020],[839,938,1014],[838,937,1017],[936,991,1011],[935,997,1009],[934,994,1010],[902,933,1185],[905,932,1188],
[899,931,1191],[837,947,1024],[836,946,1026],[835,948,1028],[951,1032,1090],[949,1031,1092],[950,1030,1091],[944,1021,1142],[945,1022,1139],[943,1023,1145],
[964,1031,1047],[966,1030,1045],[968,1032,1049],[970,1029,1057],[974,1027,1063],[972,1025,1060],[930,1038,1058],[928,1037,1061],[929,1036,1064],[832,833,834],
[829,830,831],[826,827,828],[823,824,825],[820,821,822],[817,818,819],[911,1110,1147],[910,1108,1153],[912,1109,1150],[870,1156,1176],[869,1160,1179],
[868,1158,1173],[815,816,943],[813,814,945],[811,812,944],[809,810,849],[807,808,848],[805,806,847],[803,804,1092],[801,802,1090],[799,800,1091],
[853,947,1005],[854,948,1002],[855,946,1008],[797,798,1006],[795,796,1000],[793,794,1003],[836,1107,1174],[837,1105,1177],[835,1106,1171],[792,854,1097],
[791,855,1096],[790,853,1098],[970,1103,1186],[974,1102,1183],[972,1104,1189],[788,789,1189],[786,787,1183],[784,785,1186],[783,825,1174],[782,822,1177],
[781,819,1171],[779,780,854],[777,778,855],[775,776,853],[774,1070,1071],[773,1066,1067],[772,1068,1069],[770,771,774],[768,769,772],[766,767,773],
[764,765,1189],[762,763,1183],[760,761,1186],[758,759,1186],[756,757,1189],[754,755,1183],[751,752,753],[748,749,750],[745,746,747],[744,888,1009],
[743,891,1010],[742,894,1011],[741,1100,1183],[740,1099,1186],[739,1101,1189],[1098,1100,1192],[1096,1099,1193],[1097,1101,1194],[747,990,1023],[753,986,1021],
[750,988,1022],[980,981,1114],[977,978,1111],[983,984,1117],[873,928,1111],[872,929,1117],[871,930,1114],[738,930,1077],[737,928,1075],[736,929,1076],
[933,964,1010],[931,966,1009],[932,968,1011],[774,852,1100],[772,851,1099],[773,850,1101],[734,735,942],[732,733,941],[730,731,940],[727,728,729],
[724,725,726],[721,722,723],[719,720,933],[717,718,932],[715,716,931],[712,713,714],[709,710,711],[706,707,708],[704,705,993],[702,703,996],
[700,701,999],[697,698,699],[694,695,696],[691,692,693],[688,689,690],[685,686,687],[682,683,684],[680,681,1004],[678,679,1007],[676,677,1001],
[673,674,675],[670,671,672],[667,668,669],[665,666,740],[663,664,741],[661,662,739],[658,659,660],[655,656,657],[652,653,654],[650,651,1112],
[648,649,1115],[646,647,1118],[644,645,960],[642,643,958],[640,641,962],[639,732,733],[638,734,735],[637,730,731],[636,734,942],[635,730,940],
[634,732,941],[633,737,1075],[632,736,1076],[631,738,1077],[630,983,1117],[629,977,1111],[628,980,1114],[871,981,1114],[872,984,1117],[873,978,1111],
[627,826,827],[626,829,830],[625,832,833],[649,830,831],[647,827,828],[651,833,834],[624,823,824],[623,817,818],[622,820,821],[621,818,819],
[620,821,822],[619,824,825],[618,910,1108],[617,912,1109],[616,911,1110],[754,869,1179],[758,870,1176],[756,868,1173],[615,815,816],[614,811,812],
[613,813,814],[612,805,847],[611,807,848],[610,809,849],[609,799,1091],[608,801,1090],[607,803,1092],[606,947,1005],[605,948,1002],[604,946,1008],
[603,797,798],[602,793,794],[601,795,796],[600,783,825],[599,781,819],[598,782,822],[738,777,778],[736,775,776],[737,779,780],[597,774,1070],
[596,773,1066],[595,772,1068],[594,768,769],[593,770,771],[592,766,767],[591,748,749],[590,745,746],[589,751,752],[588,744,888],[587,742,894],
[586,743,891],[741,774,1100],[739,773,1101],[740,772,1099],[851,1099,1193],[850,1101,1194],[852,1100,1192],[894,968,1011],[891,964,1010],[888,966,1009],
[745,747,990],[748,750,988],[751,753,986],[754,762,1183],[756,764,1189],[758,760,1186],[761,970,1186],[765,972,1189],[763,974,1183],[759,784,1186],
[755,786,1183],[757,788,1189],[825,836,1174],[819,835,1171],[822,837,1177],[780,854,1097],[776,853,1098],[778,855,1096],[771,774,1071],[769,772,1069],
[767,773,1067],[791,1096,1099],[792,1097,1101],[790,1098,1100],[741,787,1183],[740,785,1186],[739,789,1189],[722,856,997],[725,858,994],[728,857,991],
[774,852,982],[773,850,976],[772,851,979],[798,871,1006],[794,872,1003],[796,873,1000],[855,1008,1023],[853,1005,1021],[854,1002,1022],[972,1025,1104],
[970,1029,1103],[974,1027,1102],[933,964,1047],[932,968,1049],[931,966,1045],[750,1022,1139],[747,1023,1145],[753,1021,1142],[800,1030,1091],[802,1032,1090],
[804,1031,1092],[835,948,1106],[836,946,1107],[837,947,1105],[585,840,939],[584,838,937],[583,839,938],[735,843,942],[733,841,941],[731,842,940],
[582,936,991],[581,934,994],[580,935,997],[815,923,1128],[813,922,1126],[811,924,1127],[846,914,1066],[845,915,1068],[844,913,1070],[810,849,1023],
[806,847,1021],[808,848,1022],[579,929,1054],[578,930,1055],[577,928,1056],[815,943,958],[813,945,960],[811,944,962],[680,866,915],[678,865,914],
[676,867,913],[870,915,1156],[868,914,1158],[869,913,1160],[639,864,1187],[638,862,1190],[637,863,1184],[738,861,930],[736,859,929],[737,860,928],
[873,912,928],[871,911,930],[872,910,929],[874,911,1147],[876,912,1150],[875,910,1153],[669,889,890],[675,892,893],[672,886,887],[576,880,881],
[575,883,884],[574,877,878],[1038,1058,1122],[1036,1064,1121],[1037,1061,1120],[904,905,932],[898,899,931],[901,902,933],[950,954,1150],[949,956,1153],
[951,952,1147],[592,702,756],[594,700,758],[593,704,754],[607,860,1049],[608,859,1045],[609,861,1047],[572,573,621],[570,571,620],[568,569,619],
[581,1125,1168],[580,1123,1170],[582,1124,1169],[581,1118,1119],[580,1112,1113],[582,1115,1116],[567,624,799],[566,623,803],[565,622,801],[564,580,695],
[563,582,698],[562,581,692],[774,1092,1168],[773,1091,1170],[772,1090,1169],[561,707,866],[560,710,865],[559,713,867],[557,558,584],[555,556,585],
[553,554,583],[552,812,1085],[551,814,1089],[550,816,1087],[717,1122,1129],[715,1120,1135],[719,1121,1132],[572,587,1033],[570,588,1034],[568,586,1035],
[548,549,613],[546,547,614],[544,545,615],[741,1122,1130],[740,1120,1136],[739,1121,1133],[543,611,936],[542,612,935],[541,610,934],[540,638,835],
[539,639,836],[538,637,837],[536,537,1100],[534,535,1101],[532,533,1099],[531,1037,1133],[530,1038,1136],[529,1036,1130],[544,1111,1113],[546,1114,1116],
[548,1117,1119],[527,528,1088],[525,526,1086],[523,524,1084],[521,522,641],[519,520,645],[517,518,643],[629,823,825],[630,817,819],[628,820,822],
[630,809,810],[629,805,806],[628,807,808],[576,799,800],[574,803,804],[575,801,802],[603,854,948],[602,855,946],[601,853,947],[759,797,1006],
[755,793,1003],[757,795,1000],[695,764,765],[698,760,761],[692,762,763],[618,792,854],[617,791,855],[616,790,853],[783,890,1174],[782,887,1177],
[781,893,1171],[770,774,780],[766,773,778],[768,772,776],[717,1044,1176],[715,1040,1173],[719,1042,1179],[689,871,1007],[683,872,1004],[686,873,1001],
[647,899,1191],[649,902,1185],[651,905,1188],[546,846,925],[544,844,926],[548,845,927],[516,866,1085],[515,865,1087],[514,867,1089],[558,862,920],
[556,863,919],[554,864,921],[745,875,1085],[748,874,1087],[751,876,1089],[898,900,947],[904,906,948],[901,903,946],[671,895,1121],[668,897,1122],
[674,896,1120],[513,893,894],[512,887,888],[511,890,891],[588,884,885],[587,878,879],[586,881,882],[826,883,885],[832,877,879],[829,880,882],
[510,541,741],[509,543,740],[508,542,739],[507,546,1179],[506,544,1176],[505,548,1173],[633,647,808],[632,649,806],[631,651,810],[610,750,1193],
[612,747,1192],[611,753,1194],[504,893,1003],[503,890,1000],[502,887,1006],[501,625,975],[500,627,971],[499,626,973],[496,497,498],[493,494,495],
[490,491,492],[743,753,1194],[744,750,1193],[742,747,1192],[504,533,893],[503,537,890],[502,535,887],[489,826,885],[488,832,879],[487,829,882],
[486,558,862],[485,554,864],[484,556,863],[647,808,1191],[651,810,1188],[649,806,1185],[544,717,1176],[546,719,1179],[548,715,1173],[893,1003,1171],
[890,1000,1174],[887,1006,1177],[513,781,893],[511,783,890],[512,782,887],[502,759,1006],[504,755,1003],[503,757,1000],[603,618,854],[601,616,853],
[602,617,855],[629,632,806],[628,633,808],[630,631,810],[483,628,820],[482,630,817],[481,629,823],[480,527,1088],[479,523,1084],[478,525,1086],
[477,528,1088],[476,524,1084],[475,526,1086],[517,526,643],[519,528,645],[521,524,641],[474,522,641],[473,518,643],[472,520,645],[540,638,995],
[539,639,998],[538,637,992],[471,536,537],[470,532,533],[469,534,535],[512,531,1133],[511,529,1130],[513,530,1136],[468,546,1116],[467,548,1119],
[466,544,1113],[510,741,1122],[509,740,1120],[508,739,1121],[510,541,934],[508,542,935],[509,543,936],[507,546,614],[505,548,613],[506,544,615],
[588,885,1034],[586,882,1035],[587,879,1033],[674,715,1120],[671,719,1121],[668,717,1122],[552,745,1085],[551,751,1089],[550,748,1087],[557,558,920],
[553,554,921],[555,556,919],[515,560,865],[514,559,867],[516,561,866],[516,812,1085],[514,814,1089],[515,816,1087],[546,547,846],[548,549,845],
[544,545,844],[548,927,1117],[546,925,1114],[544,926,1111],[717,1044,1129],[719,1042,1132],[715,1040,1135],[774,780,1168],[772,776,1169],[773,778,1170],
[564,695,764],[562,692,762],[563,698,760],[566,574,803],[565,575,801],[567,576,799],[581,1119,1125],[582,1116,1124],[580,1113,1123],[562,581,1118],
[563,582,1115],[564,580,1112],[568,619,1035],[572,621,1033],[570,620,1034],[626,829,880],[625,832,877],[627,826,883],[649,831,902],[651,834,905],
[647,828,899],[573,621,819],[569,619,825],[571,620,822],[566,623,817],[565,622,820],[567,624,823],[1036,1121,1130],[1037,1120,1133],[1038,1122,1136],
[646,669,889],[650,672,886],[648,675,892],[576,800,880],[575,802,883],[574,804,877],[618,792,1108],[616,790,1110],[617,791,1109],[507,754,1179],
[505,756,1173],[506,758,1176],[626,680,866],[627,676,867],[625,678,865],[465,613,813],[464,615,815],[463,614,811],[611,807,936],[610,809,934],
[612,805,935],[581,994,1168],[582,991,1169],[580,997,1170],[462,735,843],[461,731,842],[460,733,841],[556,585,840],[554,583,839],[558,584,838],
[903,946,1107],[900,947,1105],[906,948,1106],[607,1049,1092],[609,1047,1091],[608,1045,1090],[459,800,1030],[458,804,1031],[457,802,1032],[610,750,1139],
[611,753,1142],[612,747,1145],[861,933,1047],[859,931,1045],[860,932,1049],[456,1029,1103],[455,1027,1102],[454,1025,1104],[606,898,947],[604,901,946],
[605,904,948],[603,797,948],[601,795,947],[602,793,946],[741,787,1130],[739,789,1133],[740,785,1136],[532,791,1099],[536,790,1100],[534,792,1101],
[600,629,825],[598,628,822],[599,630,819],[453,594,768],[452,592,766],[451,593,770],[539,825,836],[538,822,837],[540,819,835],[768,776,1098],
[766,778,1096],[770,780,1097],[450,769,1069],[449,767,1067],[448,771,1071],[765,972,1073],[761,970,1072],[763,974,1074],[759,784,797],[757,788,795],
[755,786,793],[593,754,762],[594,758,760],[592,756,764],[591,642,748],[590,640,745],[589,644,751],[745,875,990],[751,876,986],[748,874,988],
[588,744,884],[586,743,881],[587,742,878],[513,894,968],[512,888,966],[511,891,964],[741,774,1092],[740,772,1090],[739,773,1091],[610,851,1193],
[611,850,1194],[612,852,1192],[630,809,983],[628,807,980],[629,805,977],[633,647,737],[631,651,738],[632,649,736],[636,905,942],[635,899,940],
[634,902,941],[447,658,659],[446,655,656],[445,652,653],[444,646,647],[443,650,651],[442,648,649],[441,644,645],[440,640,641],[439,642,643],
[541,663,741],[542,661,739],[543,665,740],[667,668,897],[673,674,896],[670,671,895],[688,689,871],[682,683,872],[685,686,873],[680,683,1004],
[676,686,1001],[678,689,1007],[694,695,765],[691,692,763],[697,698,761],[702,756,996],[704,754,993],[700,758,999],[561,706,707],[559,712,713],
[560,709,710],[876,954,1150],[874,952,1147],[875,956,1153],[579,910,929],[577,912,928],[578,911,930],[915,1068,1156],[913,1070,1160],[914,1066,1158],
[813,960,1126],[811,962,1127],[815,958,1128],[810,1008,1023],[808,1002,1022],[806,1005,1021],[738,777,861],[737,779,860],[736,775,859],[597,774,982],
[595,772,979],[596,773,976],[798,871,981],[794,872,984],[796,873,978],[639,732,1187],[637,730,1184],[638,734,1190],[715,898,931],[719,901,933],
[717,904,932],[724,725,858],[727,728,857],[721,722,856],[575,823,1080],[576,817,1079],[574,820,1078],[479,532,825],[480,536,822],[478,534,819],
[438,667,983],[437,673,980],[436,670,977],[694,1074,1154],[691,1072,1148],[697,1073,1151],[626,1064,1065],[625,1058,1059],[627,1061,1062],[658,1078,1084],
[655,1079,1088],[652,1080,1086],[1097,1144,1146],[1098,1138,1140],[1096,1141,1143],[435,1012,1098],[434,1015,1096],[433,1018,1097],[431,432,512],[429,430,513],
[427,428,511],[426,1100,1185],[425,1099,1188],[424,1101,1191],[597,1126,1163],[595,1127,1162],[596,1128,1164],[489,1105,1123],[488,1106,1124],[487,1107,1125],
[423,1103,1187],[422,1102,1184],[421,1104,1190],[680,1129,1131],[678,1135,1137],[676,1132,1134],[420,834,1026],[419,828,1028],[418,831,1024],[415,416,417],
[412,413,414],[409,410,411],[714,875,969],[711,876,965],[708,874,967],[408,1083,1171],[407,1081,1174],[406,1082,1177],[658,1145,1146],[655,1142,1143],
[652,1139,1140],[405,1115,1138],[404,1112,1141],[403,1118,1144],[402,420,1017],[401,419,1020],[400,418,1014],[711,1110,1148],[708,1108,1154],[714,1109,1151],
[398,399,682],[396,397,685],[394,395,688],[393,1098,1167],[392,1097,1165],[391,1096,1166],[390,1130,1131],[389,1136,1137],[388,1133,1134],[559,843,921],
[561,842,920],[560,841,919],[473,515,797],[474,516,793],[472,514,795],[556,725,955],[554,728,957],[558,722,953],[1083,1127,1182],[1081,1126,1181],
[1082,1128,1180],[387,531,909],[386,529,907],[385,530,908],[897,1075,1160],[895,1077,1158],[896,1076,1156],[384,592,702],[383,594,700],[382,593,704],
[381,572,573],[380,568,569],[379,570,571],[570,624,799],[572,622,801],[568,623,803],[581,692,867],[580,695,865],[582,698,866],[513,707,866],
[512,710,865],[511,713,867],[387,555,585],[386,553,583],[385,557,584],[552,724,812],[550,727,816],[551,721,814],[468,549,613],[467,545,615],
[466,547,614],[378,543,611],[377,541,610],[376,542,612],[523,524,731],[527,528,735],[525,526,733],[519,520,561],[521,522,560],[517,518,559],
[375,537,1100],[374,533,1099],[373,535,1101],[459,920,1127],[458,919,1128],[457,921,1126],[541,917,954],[542,918,952],[543,916,956],[509,1004,1005],
[510,1001,1002],[508,1007,1008],[978,1006,1008],[984,1000,1002],[981,1003,1005],[997,999,1027],[991,993,1025],[994,996,1029],[372,998,999],[371,992,993],
[370,995,996],[600,989,990],[598,985,986],[599,987,988],[725,974,975],[728,970,971],[722,972,973],[711,961,1094],[708,959,1095],[714,963,1093],
[664,958,959],[666,960,961],[662,962,963],[654,952,953],[657,954,955],[660,956,957],[369,952,1053],[368,956,1052],[367,954,1051],[487,923,1033],
[489,924,1035],[488,922,1034],[379,951,1059],[380,950,1062],[381,949,1065],[366,946,1027],[365,947,1025],[364,948,1029],[363,943,1081],[362,944,1082],
[361,945,1083],[360,626,830],[359,625,833],[358,627,827],[584,651,833],[585,647,827],[583,649,830],[423,619,824],[421,621,818],[422,620,821],
[669,890,1103],[672,887,1102],[675,893,1104],[454,618,910],[455,616,911],[456,617,912],[384,754,869],[382,758,870],[383,756,868],[501,676,913],
[500,680,915],[499,678,914],[357,615,816],[356,613,814],[355,614,812],[354,611,848],[353,610,849],[352,612,847],[844,913,1028],[845,915,1024],
[846,914,1026],[351,580,935],[350,582,936],[349,581,934],[348,603,798],[347,601,796],[346,602,794],[345,725,994],[344,728,991],[343,722,997],
[417,600,783],[414,599,781],[411,598,782],[551,592,767],[550,594,769],[552,593,771],[541,590,746],[542,589,752],[543,591,749],[630,765,1117],
[628,763,1114],[629,761,1111],[639,733,895],[638,735,897],[637,731,896],[413,717,718],[410,715,716],[416,719,720],[712,714,769],[706,708,767],
[709,711,771],[342,713,714],[341,707,708],[340,710,711],[629,704,705],[630,700,701],[628,702,703],[691,693,717],[697,699,715],[694,696,719],
[600,680,681],[598,676,677],[599,678,679],[667,669,1083],[670,672,1081],[673,675,1082],[339,666,740],[338,664,741],[337,662,739],[661,662,898],
[663,664,901],[665,666,904],[336,655,657],[335,652,654],[334,658,660],[373,651,1112],[375,647,1118],[374,649,1115],[533,640,962],[537,644,960],
[535,642,958],[355,643,958],[357,645,960],[356,641,962],[333,441,859],[332,440,861],[331,439,860],[491,561,1119],[497,559,1113],[494,560,1116],
[444,613,797],[442,614,795],[443,615,793],[330,477,558],[329,476,556],[328,475,554],[450,686,1126],[449,683,1127],[448,689,1128],[600,1049,1134],
[599,1045,1131],[598,1047,1137],[327,390,1027],[326,389,1029],[325,388,1025],[324,393,910],[323,391,911],[322,392,912],[394,480,610],[396,479,611],
[398,478,612],[321,352,913],[320,353,915],[319,354,914],[318,346,581],[317,347,580],[316,348,582],[602,885,904],[603,882,898],[601,879,901],
[357,402,1109],[356,401,1108],[355,400,1110],[315,356,1169],[314,357,1168],[313,355,1170],[312,369,943],[311,367,945],[310,368,944],[309,382,403],
[308,383,405],[307,384,404],[307,485,1043],[308,484,1041],[309,486,1039],[305,306,720],[303,304,716],[301,302,718],[299,300,783],[297,298,781],
[295,296,782],[367,562,945],[368,563,944],[369,564,943],[383,405,481],[384,404,482],[382,403,483],[357,1109,1168],[355,1110,1170],[356,1108,1169],
[665,885,904],[663,879,901],[661,882,898],[673,878,1082],[670,884,1081],[667,881,1083],[341,707,963],[340,710,959],[342,713,961],[413,691,717],
[416,694,719],[410,697,715],[630,701,765],[628,703,763],[629,705,761],[294,541,746],[293,543,749],[292,542,752],[552,709,771],[550,712,769],
[551,706,767],[417,600,680],[411,598,676],[414,599,678],[317,347,796],[318,346,794],[316,348,798],[346,602,904],[347,601,901],[348,603,898],
[316,350,582],[318,349,581],[317,351,580],[352,913,1028],[354,914,1026],[353,915,1024],[353,394,610],[352,398,612],[354,396,611],[320,353,849],
[319,354,848],[321,352,847],[315,356,613],[314,357,615],[313,355,614],[321,501,913],[319,499,914],[320,500,915],[309,382,758],[307,384,754],
[308,383,756],[455,468,616],[456,466,617],[454,467,618],[393,454,910],[392,456,912],[391,455,911],[291,893,1104],[290,890,1103],[289,887,1102],
[423,777,824],[422,775,821],[421,779,818],[423,545,619],[421,549,621],[422,547,620],[374,583,649],[373,584,651],[375,585,647],[288,360,830],
[287,359,833],[286,358,827],[312,363,943],[311,361,945],[310,362,944],[326,364,1029],[325,365,1025],[327,366,1027],[285,381,949],[284,379,951],
[283,380,950],[311,367,1051],[310,368,1052],[312,369,1053],[335,654,953],[334,660,957],[336,657,955],[369,654,952],[367,657,954],[368,660,956],
[355,664,958],[356,662,962],[357,666,960],[337,662,963],[338,664,959],[339,666,961],[714,769,1093],[711,771,1094],[708,767,1095],[345,725,975],
[343,722,973],[344,728,971],[600,989,1049],[599,987,1045],[598,985,1047],[600,681,990],[599,679,988],[598,677,986],[372,849,998],[370,848,995],
[371,847,992],[371,521,993],[370,519,996],[372,517,999],[388,991,1025],[390,997,1027],[389,994,1029],[589,984,1002],[590,981,1005],[591,978,1008],
[282,520,561],[281,522,560],[280,518,559],[377,541,917],[378,543,916],[376,542,918],[355,724,812],[356,721,814],[357,727,816],[385,584,833],
[386,583,830],[387,585,827],[346,581,867],[348,582,866],[347,580,865],[511,692,867],[513,698,866],[512,695,865],[279,570,624],[278,568,623],
[277,572,622],[379,571,1059],[381,573,1065],[380,569,1062],[380,568,803],[379,570,799],[381,572,801],[382,704,870],[384,702,869],[383,700,868],
[385,787,908],[386,789,907],[387,785,909],[276,897,1160],[275,895,1158],[274,896,1156],[561,920,1119],[560,919,1116],[559,921,1113],[473,613,797],
[474,615,793],[472,614,795],[475,554,957],[477,558,953],[476,556,955],[450,1081,1126],[448,1082,1128],[449,1083,1127],[388,600,1134],[389,598,1137],
[390,599,1131],[327,390,1130],[325,388,1133],[326,389,1136],[324,393,1167],[323,391,1166],[322,392,1165],[398,478,682],[394,480,688],[396,479,685],
[357,402,420],[355,400,418],[356,401,419],[400,711,1110],[402,714,1109],[401,708,1108],[307,404,1141],[308,405,1138],[309,403,1144],[334,658,1145],
[335,652,1139],[336,655,1142],[375,403,1118],[374,405,1115],[373,404,1112],[408,669,1083],[406,675,1082],[407,672,1081],[342,714,969],[340,711,965],
[341,708,967],[415,416,720],[409,410,716],[412,413,718],[733,895,1077],[731,896,1076],[735,897,1075],[415,417,783],[409,411,782],[412,414,781],
[828,844,1028],[834,846,1026],[831,845,1024],[501,676,1132],[499,678,1135],[500,680,1129],[423,669,1103],[421,675,1104],[422,672,1102],[362,1082,1180],
[361,1083,1182],[363,1081,1181],[487,923,1107],[488,922,1106],[489,924,1105],[711,961,1148],[714,963,1151],[708,959,1154],[725,955,974],[722,953,972],
[728,957,970],[457,597,1126],[458,596,1128],[459,595,1127],[375,426,1100],[374,425,1099],[373,424,1101],[387,531,555],[385,530,557],[386,529,553],
[429,513,707],[431,512,710],[427,511,713],[1012,1098,1138],[1018,1097,1144],[1015,1096,1141],[658,1078,1146],[652,1080,1140],[655,1079,1143],[420,1017,1026],
[418,1014,1024],[419,1020,1028],[393,435,1098],[391,434,1096],[392,433,1097],[626,880,1064],[627,883,1061],[625,877,1058],[552,724,858],[551,721,856],
[550,727,857],[423,732,1187],[421,734,1190],[422,730,1184],[798,981,1003],[796,978,1006],[794,984,1000],[597,982,1163],[596,976,1164],[595,979,1162],
[332,777,861],[333,775,859],[331,779,860],[509,806,1005],[508,810,1008],[510,808,1002],[686,960,1126],[689,958,1128],[683,962,1127],[427,1068,1156],
[429,1066,1158],[431,1070,1160],[324,579,910],[323,578,911],[322,577,912],[541,876,954],[543,875,956],[542,874,952],[521,560,709],[517,559,712],
[519,561,706],[694,765,1154],[697,761,1151],[691,763,1148],[397,685,873],[395,688,871],[399,682,872],[676,686,1134],[678,689,1137],[680,683,1131],
[438,667,897],[436,670,895],[437,673,896],[541,590,663],[543,591,665],[542,589,661],[273,445,652],[272,447,658],[271,446,655],[333,441,645],
[332,440,641],[331,439,643],[438,809,983],[436,805,977],[437,807,980],[376,612,852],[378,611,850],[377,610,851],[338,741,1092],[337,739,1091],
[339,740,1090],[430,513,968],[428,511,964],[432,512,966],[714,875,990],[708,874,988],[711,876,986],[537,644,751],[535,642,748],[533,640,745],
[438,593,762],[436,592,764],[437,594,760],[444,784,797],[443,786,793],[442,788,795],[694,974,1074],[697,972,1073],[691,970,1072],[450,686,1069],
[448,689,1071],[449,683,1067],[766,1096,1143],[770,1097,1146],[768,1098,1140],[480,538,822],[478,540,819],[479,539,825],[382,451,593],[384,452,592],
[383,453,594],[459,534,792],[458,536,790],[457,532,791],[366,793,946],[364,797,948],[365,795,947],[606,662,898],[605,666,904],[604,664,901],
[455,999,1027],[454,993,1025],[456,996,1029],[439,860,932],[441,859,931],[440,861,933],[480,610,1139],[478,612,1145],[479,611,1142],[459,800,920],
[457,802,921],[458,804,919],[1049,1092,1134],[1047,1091,1137],[1045,1090,1131],[464,906,1106],[465,900,1105],[463,903,1107],[330,558,838],[328,554,839],
[329,556,840],[462,527,735],[460,525,733],[461,523,731],[345,994,1168],[343,997,1170],[344,991,1169],[349,809,934],[351,805,935],[350,807,936],
[465,468,613],[463,466,614],[464,467,615],[626,680,1065],[627,676,1062],[625,678,1059],[501,790,1110],[500,791,1109],[499,792,1108],[270,804,877],
[269,800,880],[268,802,883],[267,648,675],[266,650,672],[265,646,669],[565,820,1078],[567,823,1080],[566,817,1079],[534,573,819],[532,569,825],
[536,571,822],[488,620,1034],[487,621,1033],[489,619,1035],[264,563,1115],[263,564,1112],[262,562,1118],[491,1119,1125],[494,1116,1124],[497,1113,1123],
[566,574,1078],[565,575,1080],[567,576,1079],[451,564,764],[452,563,760],[453,562,762],[314,780,1168],[313,778,1170],[315,776,1169],[261,1044,1129],
[260,1040,1135],[259,1042,1132],[765,927,1117],[761,926,1111],[763,925,1114],[258,547,846],[257,545,844],[256,549,845],[516,793,812],[515,797,816],
[514,795,814],[494,515,560],[491,516,561],[497,514,559],[553,843,921],[555,841,919],[557,842,920],[552,593,745],[551,592,751],[550,594,748],
[602,885,1034],[601,879,1033],[603,882,1035],[442,507,614],[443,506,615],[444,505,613],[508,1007,1121],[510,1001,1122],[509,1004,1120],[255,508,935],
[254,510,934],[253,509,936],[330,477,1088],[328,475,1086],[329,476,1084],[355,473,643],[356,474,641],[357,472,645],[524,641,731],[526,643,733],
[528,645,735],[480,655,1088],[478,652,1086],[479,658,1084],[639,895,998],[637,896,992],[638,897,995],[471,537,960],[469,535,958],[470,533,962],
[468,549,1116],[466,547,1113],[467,545,1119],[481,629,704],[482,630,700],[483,628,702],[362,603,618],[361,602,617],[363,601,616],[396,502,759],
[398,503,757],[394,504,755],[408,1003,1171],[406,1006,1177],[407,1000,1174],[544,693,717],[546,696,719],[548,699,715],[424,808,1191],[426,806,1185],
[425,810,1188],[485,838,864],[484,839,863],[486,840,862],[489,885,1123],[487,882,1125],[488,879,1124],[374,504,533],[373,502,535],[375,503,537],
[364,496,497],[366,493,494],[365,490,491],[360,626,973],[358,627,971],[359,625,975],[444,647,737],[442,649,736],[443,651,738],[507,754,993],
[506,758,999],[505,756,996],[787,1121,1130],[785,1122,1136],[789,1120,1133],[635,828,899],[636,834,905],[634,831,902],[674,715,898],[668,717,904],
[671,719,901],[600,629,632],[599,630,631],[598,628,633],[512,531,782],[511,529,783],[513,530,781],[744,884,1193],[742,878,1192],[743,881,1194],
[252,338,342],[251,337,340],[250,339,341],[249,335,982],[248,334,976],[247,336,979],[289,428,1077],[291,432,1076],[290,430,1075],[395,552,776],
[399,551,780],[397,550,778],[370,882,939],[372,885,937],[371,879,938],[660,1167,1193],[657,1165,1192],[654,1166,1194],[246,278,922],[245,277,924],
[244,279,923],[434,1164,1181],[435,1162,1180],[433,1163,1182],[243,435,504],[242,433,503],[241,434,502],[476,892,1013],[475,886,1016],[477,889,1019],
[385,1161,1178],[387,1157,1175],[386,1159,1172],[240,350,393],[239,351,391],[238,349,392],[237,1150,1152],[236,1153,1155],[235,1147,1149],[288,479,532],
[287,478,534],[286,480,536],[435,620,1012],[433,621,1018],[434,619,1015],[429,430,975],[427,428,973],[431,432,971],[420,495,834],[419,498,828],
[418,492,831],[254,398,399],[255,396,397],[253,394,395],[559,843,1050],[560,841,1048],[561,842,1046],[525,558,722],[527,556,725],[523,554,728],
[234,529,907],[233,530,908],[232,531,909],[267,832,834],[266,826,828],[265,829,831],[378,816,943],[377,812,944],[376,814,945],[258,758,759],
[256,754,755],[257,756,757],[312,786,787],[310,788,789],[311,784,785],[231,743,1010],[230,744,1009],[229,742,1011],[228,1026,1095],[227,1024,1093],
[226,1028,1094],[868,1018,1020],[869,1012,1014],[870,1015,1017],[225,1038,1159],[224,1037,1161],[223,1036,1157],[246,1049,1050],[245,1045,1046],[244,1047,1048],
[323,1039,1040],[324,1043,1044],[322,1041,1042],[457,1051,1056],[458,1053,1055],[459,1052,1054],[264,858,995],[262,856,998],[263,857,992],[222,835,1028],
[221,836,1026],[220,837,1024],[219,843,1015],[218,841,1012],[217,842,1018],[216,991,1011],[215,994,1010],[214,997,1009],[806,849,1043],[808,847,1041],
[810,848,1039],[231,869,1088],[230,868,1086],[229,870,1084],[435,861,917],[433,859,918],[434,860,916],[213,873,1035],[212,872,1033],[211,871,1034],
[841,908,1147],[842,907,1153],[843,909,1150],[210,895,1064],[209,896,1061],[208,897,1058],[307,892,894],[309,886,888],[308,889,891],[385,765,1073],
[387,763,1074],[386,761,1072],[350,448,771],[351,450,769],[349,449,767],[207,453,768],[206,451,770],[205,452,766],[456,495,1103],[454,498,1104],
[455,492,1102],[234,460,841],[233,462,843],[232,461,842],[204,464,815],[203,463,811],[202,465,813],[201,625,865],[200,626,866],[199,627,867],
[285,479,523],[284,478,525],[283,480,527],[446,540,995],[447,538,992],[445,539,998],[224,469,534],[223,471,536],[225,470,532],[283,511,1130],
[285,513,1136],[284,512,1133],[468,546,732],[466,544,734],[467,548,730],[486,558,766],[484,556,770],[485,554,768],[489,645,826],[487,641,829],
[488,643,832],[261,533,893],[260,535,887],[259,537,890],[198,501,625],[197,499,626],[196,500,627],[195,491,492],[194,494,495],[193,497,498],
[334,439,624],[335,441,623],[336,440,622],[192,751,858],[191,748,856],[190,745,857],[246,796,828],[245,794,831],[244,798,834],[189,311,619],
[188,310,621],[187,312,620],[186,237,869],[185,236,870],[184,235,868],[196,364,836],[197,365,835],[198,366,837],[198,350,1010],[197,349,1009],
[196,351,1011],[451,567,988],[452,565,990],[453,566,986],[183,206,1119],[182,207,1116],[181,205,1113],[180,204,974],[179,203,972],[178,202,970],
[279,397,465],[277,395,464],[278,399,463],[274,374,445],[276,375,447],[275,373,446],[177,323,800],[176,324,802],[175,322,804],[691,804,1161],
[694,800,1159],[697,802,1157],[380,720,1059],[379,716,1065],[381,718,1062],[381,662,1149],[380,666,1155],[379,664,1152],[173,174,903],[171,172,900],
[169,170,906],[167,168,481],[165,166,483],[163,164,482],[323,694,800],[322,691,804],[324,697,802],[379,1065,1152],[380,1059,1155],[381,1062,1149],
[274,445,539],[275,446,540],[276,447,538],[198,201,625],[196,199,627],[197,200,626],[180,204,815],[178,202,813],[179,203,811],[204,395,464],
[203,399,463],[202,397,465],[194,456,495],[195,455,492],[193,454,498],[207,453,986],[205,452,990],[206,451,988],[181,205,766],[183,206,770],
[182,207,768],[198,215,1010],[196,216,1011],[197,214,1009],[219,843,909],[217,842,907],[218,841,908],[196,221,836],[198,220,837],[197,222,835],
[264,446,995],[263,447,992],[262,445,998],[225,259,1038],[223,260,1036],[224,261,1037],[224,469,1161],[225,470,1159],[223,471,1157],[237,869,1012],
[235,868,1018],[236,870,1015],[229,870,1017],[231,869,1014],[230,868,1020],[229,264,742],[231,262,743],[230,263,744],[231,350,1010],[229,351,1011],
[230,349,1009],[233,530,579],[232,531,578],[234,529,577],[234,460,907],[232,461,909],[233,462,908],[525,558,766],[523,554,768],[527,556,770],
[843,1050,1150],[841,1048,1147],[842,1046,1153],[254,278,399],[255,279,397],[253,277,395],[419,498,1104],[418,492,1102],[420,495,1103],[267,495,834],
[265,492,831],[266,498,828],[189,619,1015],[187,620,1012],[188,621,1018],[186,237,1150],[184,235,1147],[185,236,1153],[237,664,1152],[235,662,1149],
[236,666,1155],[240,350,448],[238,349,449],[239,351,450],[385,1073,1161],[386,1072,1159],[387,1074,1157],[307,476,892],[309,475,886],[308,477,889],
[433,859,1182],[434,860,1181],[435,861,1180],[243,435,917],[241,434,916],[242,433,918],[246,278,1050],[244,279,1048],[245,277,1046],[309,323,1039],
[308,322,1041],[307,324,1043],[657,878,1192],[654,881,1194],[660,884,1193],[636,798,834],[634,794,831],[635,796,828],[359,429,975],[358,431,971],
[360,427,973],[364,497,836],[366,494,837],[365,491,835],[243,374,504],[241,373,502],[242,375,503],[879,938,1124],[885,937,1123],[882,939,1125],
[426,806,849],[424,808,847],[425,810,848],[544,693,734],[548,699,730],[546,696,732],[183,545,1119],[181,547,1113],[182,549,1116],[210,895,998],
[208,897,995],[209,896,992],[641,731,829],[643,733,832],[645,735,826],[231,330,1088],[229,329,1084],[230,328,1086],[253,394,936],[254,398,934],
[255,396,935],[162,442,507],[161,444,505],[160,443,506],[213,603,1035],[211,602,1034],[212,601,1033],[192,592,751],[190,593,745],[191,594,748],
[233,553,843],[234,555,841],[232,557,842],[267,491,516],[265,497,514],[266,494,515],[257,545,757],[256,549,755],[258,547,759],[259,537,1042],
[261,533,1044],[260,535,1040],[313,397,778],[315,395,776],[314,399,780],[195,491,1125],[194,494,1124],[193,497,1123],[264,858,1115],[263,857,1112],
[262,856,1118],[435,488,620],[434,489,619],[433,487,621],[224,534,573],[225,532,569],[223,536,571],[452,565,1078],[453,566,1079],[451,567,1080],
[267,648,832],[265,646,829],[266,650,826],[270,804,1161],[268,802,1157],[269,800,1159],[349,767,809],[350,771,807],[351,769,805],[460,525,722],
[461,523,728],[462,527,725],[277,464,1106],[278,463,1107],[279,465,1105],[177,800,920],[175,804,919],[176,802,921],[287,478,1145],[288,479,1142],
[286,480,1139],[334,439,932],[336,440,933],[335,441,931],[381,606,662],[380,605,666],[379,604,664],[459,534,1054],[458,536,1055],[457,532,1056],
[486,766,1143],[485,768,1140],[484,770,1146],[180,694,974],[178,691,970],[179,697,972],[537,751,858],[533,745,857],[535,748,856],[291,432,966],
[290,430,968],[289,428,964],[159,376,852],[158,378,850],[157,377,851],[333,489,645],[331,488,643],[332,487,641],[273,374,445],[271,373,446],
[272,375,447],[213,397,873],[211,395,871],[212,399,872],[322,577,1042],[324,579,1044],[323,578,1040],[510,808,1041],[508,810,1039],[509,806,1043],
[249,982,1163],[247,979,1162],[248,976,1164],[423,468,732],[422,467,730],[421,466,734],[192,552,858],[190,550,857],[191,551,856],[210,880,1064],
[209,883,1061],[208,877,1058],[393,435,1162],[392,433,1163],[391,434,1164],[228,1017,1026],[226,1020,1028],[227,1014,1024],[219,1015,1141],[218,1012,1138],
[217,1018,1144],[457,597,1051],[459,595,1052],[458,596,1053],[204,955,974],[202,957,970],[203,953,972],[279,923,1107],[277,924,1105],[278,922,1106],
[246,828,844],[245,831,845],[244,834,846],[289,733,1077],[290,735,1075],[291,731,1076],[251,340,965],[252,342,969],[250,341,967],[334,624,1145],
[336,622,1142],[335,623,1139],[307,894,1141],[308,891,1138],[309,888,1144],[285,479,685],[283,480,688],[284,478,682],[177,323,1166],[175,322,1165],
[176,324,1167],[283,327,1130],[285,326,1136],[284,325,1133],[206,920,1119],[205,921,1113],[207,919,1116],[475,957,1016],[477,953,1019],[476,955,1013],
[312,385,787],[311,387,785],[310,386,789],[184,700,868],[186,702,869],[185,704,870],[379,716,799],[381,718,801],[380,720,803],[571,720,1059],
[573,716,1065],[569,718,1062],[279,439,624],[277,440,622],[278,441,623],[283,511,692],[284,512,695],[285,513,698],[199,346,867],[201,347,865],
[200,348,866],[385,833,1178],[387,827,1175],[386,830,1172],[376,814,918],[378,816,916],[377,812,917],[282,561,1046],[280,559,1050],[281,560,1048],
[216,388,991],[215,389,994],[214,390,997],[566,677,986],[565,681,990],[567,679,988],[246,989,1049],[244,985,1047],[245,987,1045],[345,430,975],
[344,432,971],[343,428,973],[228,767,1095],[226,771,1094],[227,769,1093],[251,337,963],[250,339,961],[252,338,959],[369,654,1166],[368,660,1167],
[367,657,1165],[249,335,953],[247,336,955],[248,334,957],[189,311,1051],[187,312,1053],[188,310,1052],[283,380,527],[285,381,523],[284,379,525],
[196,326,364],[198,327,366],[197,325,365],[312,363,786],[311,361,784],[310,362,788],[288,360,532],[286,358,536],[287,359,534],[274,374,583],
[276,375,585],[275,373,584],[311,545,619],[312,547,620],[310,549,621],[260,289,887],[259,290,890],[261,291,893],[238,392,456],[239,391,455],
[240,393,454],[258,309,758],[257,308,756],[256,307,754],[198,321,501],[196,320,500],[197,319,499],[222,352,1028],[220,353,1024],[221,354,1026],
[198,316,350],[196,317,351],[197,318,349],[246,317,796],[244,316,798],[245,318,794],[395,552,709],[399,551,706],[397,550,712],[385,701,765],
[386,705,761],[387,703,763],[413,691,1161],[410,697,1157],[416,694,1159],[372,665,885],[371,663,879],[370,661,882],[378,564,943],[376,562,945],
[377,563,944],[787,1007,1121],[789,1004,1120],[785,1001,1122],[330,485,838],[329,486,840],[328,484,839],[455,506,999],[454,507,993],[456,505,996],
[366,793,812],[365,795,814],[364,797,816],[382,451,564],[383,453,562],[384,452,563],[480,538,655],[479,539,658],[478,540,652],[442,736,788],
[444,737,784],[443,738,786],[338,1092,1134],[339,1090,1131],[337,1091,1137],[438,593,809],[437,594,807],[436,592,805],[686,1069,1134],[683,1067,1131],
[689,1071,1137],[765,927,1154],[763,925,1148],[761,926,1151],[471,686,960],[470,683,962],[469,689,958],[408,798,1003],[407,794,1000],[406,796,1006],
[566,1078,1146],[567,1079,1143],[565,1080,1140],[427,713,1156],[431,710,1160],[429,707,1158],[529,553,783],[531,555,782],[530,557,781],[363,601,1181],
[362,603,1180],[361,602,1182],[500,1109,1129],[499,1108,1135],[501,1110,1132],[299,415,783],[295,409,782],[297,412,781],[305,415,720],[301,412,718],
[303,409,716],[408,423,669],[407,422,672],[406,421,675],[375,403,426],[373,404,424],[374,405,425],[355,418,473],[357,420,472],[356,419,474],
[402,714,990],[400,711,986],[401,708,988],[388,600,632],[389,598,633],[390,599,631],[276,438,897],[274,437,896],[275,436,895],[591,665,978],
[590,663,981],[589,661,984],[371,521,709],[370,519,706],[372,517,712],[355,664,724],[357,666,727],[356,662,721],[332,423,777],[331,421,779],
[333,422,775],[455,465,468],[454,464,467],[456,463,466],[315,473,613],[313,472,614],[314,474,615],[320,372,849],[321,371,847],[319,370,848],
[354,396,502],[353,394,504],[352,398,503],[348,674,898],[347,671,901],[346,668,904],[417,680,1065],[414,678,1059],[411,676,1062],[294,541,876],
[292,542,874],[293,543,875],[340,959,1154],[342,961,1148],[341,963,1151],[448,878,1082],[449,881,1083],[450,884,1081],[345,1109,1168],[344,1108,1169],
[343,1110,1170],[405,481,704],[403,483,702],[404,482,700],[273,424,438],[271,426,437],[272,425,436],[193,363,636],[194,362,634],[195,361,635],
[155,156,698],[153,154,692],[151,152,695],[149,150,1007],[147,148,1004],[145,146,1001],[143,144,790],[141,142,792],[139,140,791],[138,220,247],
[137,222,249],[136,221,248],[189,1069,1072],[187,1071,1074],[188,1067,1073],[336,704,979],[335,702,982],[334,700,976],[224,428,1077],[223,430,1075],
[225,432,1076],[135,552,776],[134,551,780],[133,550,778],[370,566,939],[371,565,938],[372,567,937],[132,246,922],[131,245,924],[130,244,923],
[174,434,502],[170,433,503],[172,435,504],[282,892,1013],[280,889,1019],[281,886,1016],[168,350,393],[166,349,392],[164,351,391],[129,608,859],
[128,609,861],[127,607,860],[572,587,632],[568,586,633],[570,588,631],[127,638,835],[129,637,837],[128,639,836],[730,979,981],[732,976,978],
[734,982,984],[233,973,1060],[234,971,1057],[232,975,1063],[224,969,1032],[225,965,1031],[223,967,1030],[583,968,969],[585,964,965],[584,966,967],
[126,957,1175],[125,953,1172],[124,955,1178],[216,926,1155],[215,925,1152],[214,927,1149],[195,942,1016],[194,940,1019],[193,941,1013],[813,939,1019],
[815,937,1016],[811,938,1013],[123,936,1080],[122,934,1078],[121,935,1079],[347,624,824],[348,622,821],[346,623,818],[271,575,884],[273,574,878],
[272,576,881],[639,864,1166],[637,863,1167],[638,862,1165],[579,1054,1134],[578,1055,1131],[577,1056,1137],[120,815,923],[119,811,924],[118,813,922],
[117,585,939],[116,583,938],[115,584,937],[502,609,799],[503,607,803],[504,608,801],[114,736,776],[113,737,780],[112,738,778],[111,597,1070],
[110,595,1068],[109,596,1066],[587,595,894],[586,597,891],[588,596,888],[108,632,1076],[107,631,1077],[106,633,1075],[118,636,734],[120,634,732],
[119,635,730],[251,728,729],[252,722,723],[250,725,726],[246,727,729],[245,721,723],[244,724,726],[105,720,933],[104,716,931],[103,718,932],
[162,698,699],[161,692,693],[160,695,696],[251,686,687],[250,689,690],[252,683,684],[688,690,1041],[685,687,1043],[682,684,1039],[159,677,1001],
[158,679,1007],[157,681,1004],[102,674,675],[101,668,669],[100,671,672],[632,659,660],[633,656,657],[631,653,654],[99,648,1115],[98,646,1118],
[97,650,1112],[96,307,485],[95,309,486],[94,308,484],[93,486,1039],[92,485,1043],[91,484,1041],[306,709,720],[304,706,716],[302,712,718],
[300,665,783],[296,663,782],[298,661,781],[364,496,597],[365,490,595],[366,493,596],[396,759,883],[394,755,877],[398,757,880],[297,362,618],
[295,363,616],[299,361,617],[254,299,510],[253,297,509],[255,295,508],[257,305,844],[258,303,846],[256,301,845],[261,1129,1154],[259,1132,1151],
[260,1135,1148],[222,451,764],[220,453,762],[221,452,760],[263,330,564],[262,329,562],[264,328,563],[267,333,675],[265,331,669],[266,332,672],
[90,268,883],[89,269,880],[88,270,877],[87,501,790],[86,499,792],[85,500,791],[347,464,906],[348,463,903],[346,465,900],[102,459,792],
[101,457,791],[100,458,790],[305,438,762],[303,436,764],[301,437,760],[135,271,655],[134,273,652],[133,272,658],[232,427,1068],[233,431,1070],
[234,429,1066],[84,276,1160],[83,275,1158],[82,274,1156],[90,278,568],[89,277,572],[88,279,570],[282,520,923],[280,518,924],[281,522,922],
[94,849,998],[95,847,992],[96,848,995],[288,393,830],[286,392,827],[287,391,833],[81,423,545],[80,422,547],[79,421,549],[78,291,1104],
[77,289,1102],[76,290,1103],[247,468,616],[249,467,618],[248,466,617],[294,486,746],[292,485,752],[293,484,749],[707,736,963],[713,737,961],
[710,738,959],[292,670,884],[294,667,881],[293,673,878],[87,367,562],[86,369,564],[85,368,563],[384,482,1165],[382,483,1167],[383,481,1166],
[75,303,764],[74,305,762],[73,301,760],[87,367,501],[85,368,500],[86,369,499],[90,268,568],[88,270,570],[89,269,572],[85,328,563],
[86,330,564],[87,329,562],[257,305,438],[256,301,437],[258,303,436],[72,299,617],[71,297,618],[70,295,616],[253,297,362],[254,299,361],
[255,295,363],[89,757,880],[90,759,883],[88,755,877],[93,294,486],[91,293,484],[92,292,485],[102,459,674],[100,458,671],[101,457,668],
[102,333,675],[100,332,672],[101,331,669],[92,685,1043],[91,688,1041],[93,682,1039],[108,632,660],[106,633,657],[107,631,654],[496,586,597],
[493,588,596],[490,587,595],[109,234,1066],[110,232,1068],[111,233,1070],[111,364,597],[109,366,596],[110,365,595],[114,736,963],[112,738,959],
[113,737,961],[120,520,923],[118,522,922],[119,518,924],[481,864,1166],[482,862,1165],[483,863,1167],[271,292,884],[272,294,881],[273,293,878],
[134,273,574],[133,272,576],[135,271,575],[348,821,903],[346,818,900],[347,824,906],[120,815,1016],[119,811,1013],[118,813,1019],[69,216,926],
[68,214,927],[67,215,925],[117,585,965],[115,584,967],[116,583,969],[234,429,971],[233,431,973],[232,427,975],[120,732,978],[118,734,984],
[119,730,981],[587,632,659],[588,631,653],[586,633,656],[128,609,639],[127,607,638],[129,608,637],[168,288,393],[164,287,391],[166,286,392],
[193,282,1013],[195,281,1016],[194,280,1019],[174,502,609],[172,504,608],[170,503,607],[130,282,923],[132,281,922],[131,280,924],[132,246,727],
[130,244,724],[131,245,721],[113,134,780],[112,133,778],[114,135,776],[106,223,1075],[108,225,1076],[107,224,1077],[224,428,1032],[225,432,1031],
[223,430,1030],[66,189,1069],[65,188,1067],[64,187,1071],[138,247,616],[136,248,617],[137,249,618],[102,141,792],[100,143,790],[101,139,791],
[87,144,790],[85,140,791],[86,142,792],[138,220,762],[136,221,760],[137,222,764],[149,158,1007],[147,157,1004],[145,159,1001],[155,162,698],
[151,160,695],[153,161,692],[118,193,636],[119,195,635],[120,194,634],[336,405,704],[334,404,700],[335,403,702],[340,1129,1154],[341,1132,1151],
[342,1135,1148],[293,673,875],[292,670,874],[294,667,876],[347,624,671],[346,623,668],[348,622,674],[354,502,799],[353,504,801],[352,503,803],
[306,371,709],[302,372,712],[304,370,706],[300,665,978],[298,661,984],[296,663,981],[273,276,438],[272,275,436],[271,274,437],[388,572,632],
[390,570,631],[389,568,633],[271,403,426],[272,405,425],[273,404,424],[305,415,844],[303,409,846],[301,412,845],[299,415,510],[297,412,509],
[295,409,508],[553,665,783],[557,661,781],[555,663,782],[83,707,1158],[84,710,1160],[82,713,1156],[371,565,1140],[370,566,1146],[372,567,1143],
[251,471,686],[250,469,689],[252,470,683],[261,927,1154],[259,926,1151],[260,925,1148],[579,1069,1134],[577,1071,1137],[578,1067,1131],[338,1054,1134],
[337,1056,1137],[339,1055,1131],[707,736,788],[710,738,786],[713,737,784],[135,538,655],[133,539,658],[134,540,652],[96,330,485],[94,328,484],
[95,329,486],[150,787,1007],[146,785,1001],[148,789,1004],[222,352,451],[221,354,452],[220,353,453],[274,583,968],[275,584,966],[276,585,964],
[194,362,788],[193,363,786],[195,361,784],[189,1051,1072],[188,1052,1073],[187,1053,1074],[369,639,1166],[367,638,1165],[368,637,1167],[251,687,963],
[252,684,959],[250,690,961],[189,345,430],[188,344,432],[187,343,428],[566,677,939],[567,679,937],[565,681,938],[216,388,1155],[214,390,1149],
[215,389,1152],[282,892,1046],[281,886,1048],[280,889,1050],[125,830,1172],[124,833,1178],[126,827,1175],[199,346,465],[200,348,463],[201,347,464],
[154,283,692],[156,285,698],[152,284,695],[571,709,720],[569,712,718],[573,706,716],[103,718,801],[105,720,803],[104,716,799],[184,700,976],
[186,702,982],[185,704,979],[126,957,1016],[124,955,1013],[125,953,1019],[176,382,1167],[177,383,1166],[175,384,1165],[251,729,965],[250,726,967],
[252,723,969],[246,729,844],[244,726,846],[245,723,845],[597,891,1051],[596,888,1053],[595,894,1052],[393,830,1162],[391,833,1164],[392,827,1163],
[208,394,877],[210,398,880],[209,396,883],[135,192,552],[134,191,551],[133,190,550],[81,423,468],[79,421,466],[80,422,467],[248,466,1164],
[249,467,1163],[247,468,1162],[510,690,1041],[509,687,1043],[508,684,1039],[267,333,489],[266,332,487],[265,331,488],[159,677,852],[157,681,851],
[158,679,850],[78,291,966],[76,290,968],[77,289,964],[486,746,1143],[484,749,1146],[485,752,1140],[105,336,933],[103,334,932],[104,335,931],
[90,278,1107],[89,277,1106],[88,279,1105],[250,462,725],[251,461,728],[252,460,722],[99,648,832],[97,650,826],[98,646,829],[123,451,1080],
[121,453,1079],[122,452,1078],[224,573,969],[223,571,967],[225,569,965],[172,435,488],[170,433,487],[174,434,489],[99,858,1115],[98,856,1118],
[97,857,1112],[195,942,1125],[193,941,1123],[194,940,1124],[81,545,757],[80,547,759],[79,549,755],[233,553,1060],[232,557,1063],[234,555,1057],
[162,442,699],[160,443,696],[161,444,693],[123,394,936],[121,396,935],[122,398,934],[231,263,330],[230,264,328],[229,262,329],[94,210,998],
[96,208,995],[95,209,992],[696,732,976],[693,734,982],[699,730,979],[94,426,849],[96,425,848],[95,424,847],[117,939,1125],[115,937,1123],
[116,938,1124],[127,491,835],[129,494,837],[128,497,836],[216,360,427],[215,358,431],[214,359,429],[127,860,1181],[128,861,1180],[129,859,1182],
[63,243,917],[62,242,918],[61,241,916],[96,307,476],[94,308,477],[95,309,475],[60,240,448],[59,239,450],[58,238,449],[78,419,1104],
[76,420,1103],[77,418,1102],[168,231,350],[166,230,349],[164,229,351],[178,813,939],[180,815,937],[179,811,938],[84,276,538],[82,274,539],
[83,275,540],[81,173,903],[79,169,906],[80,171,900],[122,167,481],[123,163,482],[121,165,483],[315,418,473],[314,419,474],[313,420,472],
[333,407,422],[332,408,423],[331,406,421],[345,1109,1129],[343,1110,1132],[344,1108,1135],[455,465,506],[456,463,505],[454,464,507],[378,382,564],
[376,383,562],[377,384,563],[320,372,665],[319,370,661],[321,371,663],[258,309,323],[256,307,324],[257,308,322],[246,317,989],[245,318,987],
[244,316,985],[364,816,916],[366,812,917],[365,814,918],[311,387,703],[310,386,705],[312,385,701],[285,326,685],[283,327,688],[284,325,682],
[279,439,1107],[278,441,1106],[277,440,1105],[204,247,955],[202,248,957],[203,249,953],[219,894,1141],[217,888,1144],[218,891,1138],[360,532,1056],
[359,534,1054],[358,536,1055],[379,525,604],[381,523,606],[380,527,605],[287,624,1145],[286,623,1139],[288,622,1142],[177,206,920],[176,205,921],
[175,207,919],[228,767,809],[227,769,805],[226,771,807],[213,313,397],[212,314,399],[211,315,395],[537,858,1042],[535,856,1040],[533,857,1044],
[190,593,809],[192,592,805],[191,594,807],[212,601,1181],[213,603,1180],[211,602,1182],[289,733,832],[290,735,826],[291,731,829],[183,311,545],
[182,310,549],[181,312,547],[243,273,374],[242,272,375],[241,271,373],[408,636,798],[406,635,796],[407,634,794],[448,657,878],[450,660,884],
[449,654,881],[416,1072,1159],[413,1073,1161],[410,1074,1157],[237,664,724],[235,662,721],[236,666,727],[267,491,495],[266,494,498],[265,492,497],
[254,278,1050],[253,277,1046],[255,279,1048],[186,1050,1150],[185,1046,1153],[184,1048,1147],[234,577,1042],[232,578,1040],[233,579,1044],[228,229,1017],
[227,231,1014],[226,230,1020],[188,235,1018],[189,236,1015],[187,237,1012],[270,469,1161],[268,471,1157],[269,470,1159],[225,259,290],[224,261,291],
[223,260,289],[229,264,446],[231,262,445],[230,263,447],[198,220,321],[196,221,320],[197,222,319],[217,460,907],[218,462,908],[219,461,909],
[197,214,325],[198,215,327],[196,216,326],[205,402,990],[206,401,988],[207,400,986],[181,525,766],[182,523,768],[183,527,770],[194,238,456],
[193,240,454],[195,239,455],[204,395,709],[202,397,712],[203,399,706],[198,201,316],[197,200,318],[196,199,317],[180,323,694],[179,324,697],
[178,322,691],[414,1059,1155],[411,1062,1149],[417,1065,1152],[91,130,182],[92,132,181],[93,131,183],[57,270,696],[56,268,693],[55,269,699],
[54,218,677],[53,219,681],[52,217,679],[51,86,191],[50,85,190],[49,87,192],[48,102,212],[47,100,211],[46,101,213],[43,44,45],
[40,41,42],[37,38,39],[44,424,438],[41,426,437],[38,425,436],[42,362,634],[45,361,635],[39,363,636],[153,154,426],[155,156,425],
[151,152,424],[149,150,634],[145,146,636],[147,148,635],[143,144,587],[139,140,588],[141,142,586],[40,220,247],[37,221,248],[43,222,249],
[574,724,820],[576,721,817],[575,727,823],[419,667,983],[420,670,977],[418,673,980],[36,875,969],[35,874,967],[34,876,965],[156,402,1017],
[154,400,1014],[152,401,1020],[58,474,516],[60,473,515],[59,472,514],[522,775,853],[520,779,854],[518,777,855],[192,749,750],[191,746,747],
[190,752,753],[33,1046,1060],[32,1048,1063],[31,1050,1057],[150,853,985],[146,855,989],[148,854,987],[330,852,983],[328,850,977],[329,851,980],
[749,838,1017],[746,839,1014],[752,840,1020],[251,908,951],[250,907,949],[252,909,950],[149,905,906],[147,902,903],[145,899,900],[206,446,656],
[205,445,653],[207,447,659],[333,444,646],[332,442,648],[331,443,650],[206,441,644],[205,439,642],[207,440,640],[685,905,942],[688,902,941],
[682,899,940],[30,457,1032],[29,458,1031],[28,459,1030],[538,648,892],[539,650,886],[540,646,889],[317,475,526],[316,476,524],[318,477,528],
[213,474,522],[211,472,520],[212,473,518],[155,483,820],[151,481,823],[153,482,817],[61,742,747],[62,744,750],[63,743,753],[27,500,971],
[26,499,973],[25,501,975],[317,493,495],[316,490,492],[318,496,498],[247,267,516],[248,266,515],[249,265,514],[220,264,742],[221,263,744],
[222,262,743],[60,174,903],[58,172,900],[59,170,906],[61,168,481],[62,164,482],[63,166,483],[24,58,927],[23,59,926],[22,60,925],
[21,61,1069],[20,63,1071],[19,62,1067],[21,61,742],[20,63,743],[19,62,744],[317,493,526],[318,496,528],[316,490,524],[206,644,656],
[207,640,659],[205,642,653],[150,522,853],[148,520,854],[146,518,855],[24,58,516],[23,59,514],[22,60,515],[156,749,1017],[152,752,1020],
[154,746,1014],[40,220,742],[43,222,743],[37,221,744],[40,247,516],[43,249,514],[37,248,515],[45,148,635],[39,146,636],[42,150,634],
[44,152,424],[38,156,425],[41,154,426],[43,44,49],[37,38,51],[40,41,50],[43,45,46],[37,39,47],[40,42,48],[48,212,473],
[46,213,474],[47,211,472],[51,191,747],[50,190,753],[49,192,750],[199,317,495],[201,316,492],[200,318,498],[205,402,439],[207,400,440],
[206,401,441],[218,462,677],[217,460,679],[219,461,681],[220,264,321],[222,262,319],[221,263,320],[270,469,696],[269,470,699],[268,471,693],
[237,574,724],[236,575,727],[235,576,721],[149,407,634],[147,406,635],[145,408,636],[213,313,522],[211,315,520],[212,314,518],[175,207,447],
[177,206,446],[176,205,445],[204,247,267],[203,249,265],[202,248,266],[326,685,942],[325,682,940],[327,688,941],[316,476,985],[317,475,989],
[318,477,987],[333,407,444],[331,406,443],[332,408,442],[315,418,673],[313,420,670],[314,419,667],[121,155,483],[122,151,481],[123,153,482],
[81,147,903],[79,149,906],[80,145,900],[83,540,646],[82,539,650],[84,538,648],[78,419,983],[77,418,980],[76,420,977],[59,239,472],
[60,240,473],[58,238,474],[63,243,753],[61,241,747],[62,242,750],[94,153,426],[95,151,424],[96,155,425],[56,444,693],[57,443,696],
[55,442,699],[33,553,1060],[31,555,1057],[32,557,1063],[36,573,969],[34,569,965],[35,571,967],[250,462,949],[252,460,950],[251,461,951],
[752,840,1140],[746,839,1143],[749,838,1146],[54,677,852],[52,679,850],[53,681,851],[135,192,749],[133,190,752],[134,191,746],[156,285,402],
[154,283,400],[152,284,401],[33,892,1046],[31,889,1050],[32,886,1048],[150,787,985],[146,785,989],[148,789,987],[96,330,852],[95,329,851],
[94,328,850],[135,538,892],[134,540,889],[133,539,886],[21,579,1069],[19,578,1067],[20,577,1071],[24,261,927],[22,260,925],[23,259,926],
[251,471,908],[252,470,909],[250,469,907],[36,673,875],[34,667,876],[35,670,874],[155,162,820],[153,161,817],[151,160,823],[149,158,905],
[145,159,899],[147,157,902],[86,142,191],[87,144,192],[85,140,190],[102,141,212],[101,139,213],[100,143,211],[61,66,1069],[63,64,1071],
[62,65,1067],[30,428,1032],[28,430,1030],[29,432,1031],[132,727,823],[131,721,817],[130,724,820],[132,181,281],[131,183,280],[130,182,282],
[60,174,609],[59,170,607],[58,172,608],[61,168,288],[63,166,286],[62,164,287],[144,587,659],[142,586,656],[140,588,653],[27,429,971],
[25,427,975],[26,431,973],[60,67,925],[59,69,926],[58,68,927],[60,821,903],[59,824,906],[58,818,900],[61,481,864],[63,483,863],
[62,482,862],[120,520,779],[119,518,777],[118,522,775],[143,490,587],[141,496,586],[139,493,588],[92,685,905],[93,682,899],[91,688,902],
[102,333,646],[101,331,650],[100,332,648],[29,458,671],[28,459,674],[30,457,668],[93,183,294],[92,181,292],[91,182,293],[42,253,362],
[39,255,363],[45,254,361],[44,257,438],[38,258,436],[41,256,437],[86,330,983],[87,329,980],[85,328,977],[26,369,499],[27,368,500],
[25,367,501],[228,229,446],[226,230,447],[227,231,445],[186,254,1050],[184,255,1048],[185,253,1046],[190,228,809],[191,226,807],[192,227,805],
[181,525,604],[183,527,605],[182,523,606],[183,311,703],[181,312,701],[182,310,705],[180,258,323],[178,257,322],[179,256,324],[127,212,1181],
[129,211,1182],[128,213,1180],[214,325,429],[216,326,427],[215,327,431],[127,491,495],[128,492,497],[129,494,498],[96,208,476],[95,209,475],
[94,210,477],[166,230,264],[164,229,262],[168,231,263],[117,942,1125],[116,940,1124],[115,941,1123],[99,858,1042],[97,857,1044],[98,856,1040],
[99,289,832],[98,291,829],[97,290,826],[90,439,1107],[88,440,1105],[89,441,1106],[105,336,405],[104,335,403],[103,334,404],[174,267,489],
[172,265,488],[170,266,487],[81,468,1162],[80,467,1163],[79,466,1164],[121,209,396],[122,210,398],[123,208,394],[218,891,1051],[217,888,1053],
[219,894,1052],[176,378,382],[175,377,384],[177,376,383],[184,696,976],[185,699,979],[186,693,982],[204,571,709],[203,573,706],[202,569,712],
[199,465,506],[201,464,507],[200,463,505],[125,830,1162],[126,827,1163],[124,833,1164],[388,414,1155],[389,417,1152],[390,411,1149],[178,677,939],
[179,681,938],[180,679,937],[189,236,430],[187,237,428],[188,235,432],[416,1051,1072],[410,1053,1074],[413,1052,1073],[194,238,788],[195,239,784],
[193,240,786],[77,276,964],[76,274,968],[78,275,966],[123,352,451],[122,354,452],[121,353,453],[339,358,1055],[338,359,1054],[337,360,1056],
[83,707,788],[82,713,784],[84,710,786],[320,553,665],[321,555,663],[319,557,661],[415,510,690],[409,508,684],[412,509,687],[415,729,844],
[412,723,845],[409,726,846],[243,273,276],[241,271,274],[242,272,275],[306,371,1140],[302,372,1143],[304,370,1146],[105,352,803],[104,354,799],
[103,353,801],[287,624,671],[288,622,674],[286,623,668],[340,345,1129],[342,344,1135],[341,343,1132],[106,223,289],[107,224,291],[108,225,290],
[118,193,282],[120,194,280],[119,195,281],[369,609,639],[368,608,637],[367,607,638],[120,300,978],[119,296,981],[118,298,984],[117,729,965],
[116,723,969],[115,726,967],[120,126,1016],[118,125,1019],[119,124,1013],[113,134,574],[114,135,575],[112,133,576],[271,292,403],[273,293,404],
[272,294,405],[114,687,963],[113,690,961],[112,684,959],[111,364,916],[110,365,918],[109,366,917],[109,234,1042],[111,233,1044],[110,232,1040],
[107,449,654],[108,450,660],[106,448,657],[81,89,757],[79,88,755],[80,90,759],[70,138,616],[71,137,618],[72,136,617],[269,388,572],
[268,389,568],[270,390,570],[73,136,760],[75,137,764],[74,138,762],[91,130,138],[93,131,137],[92,132,136],[57,138,270],[56,136,268],
[55,137,269],[54,138,218],[52,137,217],[53,136,219],[51,86,112],[49,87,113],[50,85,114],[48,102,116],[46,101,117],[47,100,115],
[44,45,98],[38,39,97],[41,42,99],[415,531,1037],[412,529,1036],[409,530,1038],[21,606,1005],[19,604,1008],[20,605,1002],[24,705,993],
[22,701,999],[23,703,996],[305,306,656],[301,302,659],[303,304,653],[299,300,496],[295,296,493],[297,298,490],[255,838,864],[254,840,862],
[253,839,863],[18,787,908],[17,785,909],[16,789,907],[153,589,1002],[151,591,1008],[155,590,1005],[147,521,993],[149,517,999],[145,519,996],
[15,285,949],[14,283,950],[13,284,951],[258,777,824],[257,779,818],[256,775,821],[81,173,496],[80,171,493],[79,169,490],[122,167,656],
[123,163,659],[121,165,653],[60,70,448],[58,71,449],[59,72,450],[61,73,916],[63,74,917],[62,75,918],[12,215,358],[11,214,359],
[10,216,360],[9,189,345],[8,188,344],[7,187,343],[66,189,199],[64,187,201],[65,188,200],[69,176,216],[67,175,215],[68,177,214],
[72,299,358],[70,295,359],[71,297,360],[74,305,345],[73,301,344],[75,303,343],[9,305,345],[7,303,343],[8,301,344],[9,189,199],
[8,188,200],[7,187,201],[12,299,358],[10,297,360],[11,295,359],[10,176,216],[11,177,214],[12,175,215],[173,300,496],[169,298,490],
[171,296,493],[167,306,656],[165,304,653],[163,302,659],[24,147,993],[23,145,996],[22,149,999],[21,155,1005],[20,153,1002],[19,151,1008],
[54,91,138],[53,92,136],[52,93,137],[56,132,136],[55,131,137],[57,130,138],[75,137,269],[74,138,270],[73,136,268],[70,138,218],
[72,136,219],[71,137,217],[72,108,450],[70,106,448],[71,107,449],[73,111,916],[74,109,917],[75,110,918],[86,112,684],[85,114,687],
[87,113,690],[102,116,723],[100,115,726],[101,117,729],[74,340,345],[75,341,343],[73,342,344],[415,729,1037],[409,726,1038],[412,723,1036],
[409,530,684],[412,529,687],[415,531,690],[72,339,358],[71,337,360],[70,338,359],[66,199,506],[65,200,505],[64,201,507],[69,176,378],
[68,177,376],[67,175,377],[178,257,779],[179,256,775],[180,258,777],[186,254,840],[184,255,838],[185,253,839],[41,256,821],[44,257,818],
[38,258,824],[39,255,864],[45,254,862],[42,253,863],[81,141,496],[79,143,490],[80,139,493],[123,144,659],[121,140,653],[122,142,656],
[62,75,287],[63,74,286],[61,73,288],[60,70,609],[59,72,607],[58,71,608],[18,471,908],[16,469,907],[17,470,909],[24,261,705],
[23,259,703],[22,260,701],[21,579,606],[20,577,605],[19,578,604],[18,787,985],[16,789,987],[17,785,989],[15,285,402],[13,284,401],
[14,283,400],[15,462,949],[13,461,951],[14,460,950],[94,153,589],[96,155,590],[95,151,591],[149,407,517],[145,408,519],[147,406,521],
[40,48,116],[37,47,115],[43,46,117],[40,50,114],[37,51,112],[43,49,113],[41,99,154],[38,97,156],[44,98,152],[45,98,148],
[42,99,150],[39,97,146],[305,644,656],[303,642,653],[301,640,659],[299,496,528],[297,490,524],[295,493,526],[119,124,281],[120,126,280],
[118,125,282],[105,123,352],[103,121,353],[104,122,354],[76,241,274],[78,242,275],[77,243,276],[83,238,788],[84,240,786],[82,239,784],
[269,388,414],[270,390,411],[268,389,417],[218,416,1051],[219,413,1052],[217,410,1053],[81,125,1162],[79,124,1164],[80,126,1163],[105,294,405],
[103,293,404],[104,292,403],[99,106,289],[97,108,290],[98,107,291],[99,109,1042],[98,110,1040],[97,111,1044],[127,199,495],[129,200,498],
[128,201,492],[26,369,609],[25,367,607],[27,368,608],[183,294,703],[182,293,705],[181,292,701],[29,287,671],[30,286,668],[28,288,674],
[120,300,779],[118,298,775],[119,296,777],[60,67,821],[58,68,818],[59,69,824],[27,325,429],[26,327,431],[25,326,427],[181,281,604],
[182,282,606],[183,280,605],[30,237,428],[29,235,432],[28,236,430],[61,66,864],[62,65,862],[63,64,863],[127,141,212],[129,143,211],
[128,139,213],[144,192,227],[140,190,228],[142,191,226],[92,158,905],[91,157,902],[93,159,899],[132,160,823],[131,161,817],[130,162,820],
[33,135,892],[32,133,886],[31,134,889],[52,94,850],[54,96,852],[53,95,851],[306,840,1140],[304,838,1146],[302,839,1143],[35,204,571],
[34,202,569],[36,203,573],[31,321,555],[33,320,553],[32,319,557],[78,86,983],[76,85,977],[77,87,980],[83,102,646],[84,100,648],
[82,101,650],[81,89,147],[80,90,145],[79,88,149],[121,155,209],[123,153,208],[122,151,210],[35,313,670],[34,314,667],[36,315,673],
[56,407,444],[55,408,442],[57,406,443],[208,476,985],[210,477,987],[209,475,989],[117,326,942],[115,327,941],[116,325,940],[174,204,267],
[170,202,266],[172,203,265],[176,227,445],[177,228,446],[175,226,447],[113,237,574],[112,235,576],[114,236,575],[184,469,696],[186,471,693],
[185,470,699],[166,264,321],[168,263,320],[164,262,319],[178,462,677],[180,460,679],[179,461,681],[90,402,439],[89,401,441],[88,400,440],
[50,243,753],[49,242,750],[51,241,747],[47,239,472],[46,238,474],[48,240,473],[135,156,749],[134,154,746],[133,152,752],[24,40,516],
[22,37,515],[23,43,514],[150,313,522],[146,314,518],[148,315,520],[21,40,742],[19,37,744],[20,43,743],[239,591,642],[238,589,644],
[240,590,640],[241,517,526],[243,521,524],[242,519,528],[141,159,376],[143,157,377],[139,158,378],[144,162,507],[140,160,506],[142,161,505],
[6,530,579],[5,529,577],[4,531,578],[3,259,1038],[2,261,1037],[1,260,1036],[132,173,174],[131,169,170],[130,171,172],[91,167,168],
[92,163,164],[93,165,166],[44,49,165],[41,50,167],[38,51,163],[45,46,169],[42,48,171],[39,47,173],[163,165,167],[169,171,173],
[46,169,173],[47,171,173],[48,169,171],[49,165,167],[51,163,165],[50,163,167],[47,239,642],[48,240,640],[46,238,644],[49,242,528],
[51,241,526],[50,243,524],[132,160,174],[130,162,172],[131,161,170],[93,159,166],[92,158,164],[91,157,168],[144,162,227],[142,161,226],
[140,160,228],[127,141,159],[128,139,158],[129,143,157],[83,238,589],[82,239,591],[84,240,590],[76,241,517],[77,243,521],[78,242,519],
[6,579,606],[5,577,605],[4,578,604],[3,259,703],[1,260,701],[2,261,705],[68,141,376],[69,139,378],[67,143,377],[64,144,507],
[65,142,505],[66,140,506],[6,530,684],[4,531,690],[5,529,687],[1,723,1036],[2,729,1037],[3,726,1038],[56,132,173],[57,130,171],
[55,131,169],[54,91,167],[52,93,165],[53,92,163],[41,167,306],[38,163,302],[44,165,304],[39,173,300],[42,171,296],[45,169,298],
[35,150,313],[36,148,315],[34,146,314],[31,166,321],[32,164,319],[33,168,320],[35,174,204],[36,172,203],[34,170,202],[31,134,154],
[32,133,152],[33,135,156],[28,114,236],[30,113,237],[29,112,235],[125,282,606],[126,280,605],[124,281,604],[27,116,325],[25,117,326],
[26,115,327],[105,294,703],[104,292,701],[103,293,705],[99,109,150],[97,111,146],[98,110,148],[99,106,154],[98,107,152],[97,108,156],
[24,40,114],[23,43,113],[22,37,112],[21,40,116],[20,43,117],[19,37,115],[56,407,517],[57,406,521],[55,408,519],[52,94,589],
[53,95,591],[54,96,590],[15,178,462],[14,180,460],[13,179,461],[15,90,402],[14,88,400],[13,89,401],[18,208,985],[17,209,989],
[16,210,987],[18,186,471],[17,185,470],[16,184,469],[26,70,609],[27,71,608],[25,72,607],[29,75,287],[28,73,288],[30,74,286],
[105,123,144],[104,122,142],[103,121,140],[81,125,141],[80,126,139],[79,124,143],[39,66,864],[42,64,863],[45,65,862],[41,67,821],
[38,69,824],[44,68,818],[186,306,840],[185,302,839],[184,304,838],[178,300,779],[180,296,777],[179,298,775],[83,102,723],[82,101,729],
[84,100,726],[78,86,684],[77,87,690],[76,85,687],[75,110,341],[73,111,342],[74,109,340],[70,106,338],[71,107,337],[72,108,339],
[70,218,416],[71,217,410],[72,219,413],[75,269,414],[73,268,417],[74,270,411],[21,155,209],[19,151,210],[20,153,208],[24,89,147],
[22,88,149],[23,90,145],[10,176,227],[12,175,226],[11,177,228],[12,299,528],[11,295,526],[10,297,524],[9,127,199],[7,128,201],
[8,129,200],[9,305,644],[8,301,640],[7,303,642],[338,342,1196],[339,341,1195],[337,340,1197],[106,338,1196],[108,339,1195],[107,337,1197],
[109,340,1197],[111,342,1196],[110,341,1195],[29,75,414],[30,74,411],[28,73,417],[26,70,416],[25,72,413],[27,71,410],[18,186,306],
[16,184,304],[17,185,302],[17,21,209],[16,19,210],[18,20,208],[13,24,89],[14,22,88],[15,23,90],[15,178,300],[13,179,298],
[14,180,296],[35,109,150],[34,111,146],[36,110,148],[21,27,116],[19,26,115],[20,25,117],[24,28,114],[22,29,112],[23,30,113],
[31,106,154],[33,108,156],[32,107,152],[39,66,300],[45,65,298],[42,64,296],[41,67,306],[44,68,304],[38,69,302],[1,83,723],
[3,84,726],[2,82,729],[6,78,684],[5,76,687],[4,77,690],[64,105,144],[66,103,140],[65,104,142],[68,125,141],[67,124,143],
[69,126,139],[3,105,703],[2,103,705],[1,104,701],[6,125,606],[4,124,604],[5,126,605],[56,76,517],[55,78,519],[57,77,521],
[52,83,589],[54,84,590],[53,82,591],[9,127,159],[8,129,157],[7,128,158],[10,162,227],[11,160,228],[12,161,226],[31,159,166],
[33,157,168],[32,158,164],[35,160,174],[34,161,170],[36,162,172],[12,49,528],[10,50,524],[11,51,526],[9,46,644],[8,48,640],
[7,47,642],[49,54,167],[50,53,163],[51,52,165],[46,56,173],[48,55,169],[47,57,171],[416,417,1198],[410,411,1200],[413,414,1199],
[28,417,1198],[30,411,1200],[29,414,1199],[27,410,1200],[25,413,1199],[26,416,1198],[9,46,56],[7,47,57],[8,48,55],[12,49,54],
[11,51,52],[10,50,53],[11,35,160],[10,36,162],[12,34,161],[9,31,159],[7,32,158],[8,33,157],[6,68,125],[5,69,126],
[4,67,124],[3,64,105],[1,65,104],[2,66,103],[5,56,76],[4,57,77],[6,55,78],[1,52,83],[2,53,82],[3,54,84],
[15,66,300],[14,64,296],[13,65,298],[13,24,28],[15,23,30],[14,22,29],[17,21,27],[18,20,25],[16,19,26],[18,67,306],
[17,69,302],[16,68,304],[35,109,1197],[36,110,1195],[34,111,1196],[31,106,1196],[32,107,1197],[33,108,1195],[5,9,56],[6,8,55],
[4,7,57],[1,13,65],[3,14,64],[2,15,66],[5,17,69],[6,16,68],[4,18,67],[9,31,1196],[8,33,1195],[7,32,1197],
[11,35,1197],[12,34,1196],[10,36,1195],[1,11,52],[3,12,54],[2,10,53],[17,27,1200],[16,26,1198],[18,25,1199],[13,28,1198],
[14,29,1199],[15,30,1200],[1,11,1197],[2,10,1195],[3,12,1196],[5,9,1196],[4,7,1197],[6,8,1195],[5,17,1200],[4,18,1199],
[6,16,1198],[1,13,1198],[2,15,1200],[3,14,1199],[1,1197,1198],[3,1196,1199],[2,1195,1200],[5,1196,1200],[6,1195,1198],[4,1197,1199]];
###############################################################

