#SurfaceInfo: 441 Vertices, 9261 Edges, 6174 Faces, IsOrientable=true
 #Vertices of faces:
vof1:=[[439,440,441],[438,439,440],[437,440,441],[436,439,441],[433,434,435],[430,431,432],[427,428,429],[424,425,426],[421,422,423],[418,419,420],
[415,416,417],[413,414,419],[410,411,412],[408,409,411],[406,407,416],[413,418,419],[406,415,416],[408,410,411],[404,405,407],[402,403,417],
[400,401,409],[398,399,412],[396,397,420],[394,395,414],[392,393,422],[390,391,426],[388,389,421],[386,387,425],[384,385,423],[382,383,424],
[381,421,422],[380,424,425],[379,421,423],[378,422,423],[377,424,426],[376,425,426],[373,374,375],[370,371,372],[367,368,369],[366,394,414],
[366,396,420],[365,404,407],[365,402,417],[364,398,412],[364,400,409],[363,373,374],[362,373,375],[361,367,368],[360,367,369],[359,370,371],
[358,370,372],[381,392,422],[377,390,426],[380,382,424],[379,388,421],[376,386,425],[378,384,423],[355,356,357],[352,353,354],[349,350,351],
[346,347,348],[343,344,345],[340,341,342],[337,338,339],[335,336,365],[333,334,366],[331,332,364],[329,330,411],[327,328,416],[325,326,419],
[322,323,324],[319,320,321],[318,322,323],[317,319,320],[316,319,321],[315,320,321],[314,322,324],[313,323,324],[311,312,347],[309,310,346],
[307,308,348],[306,356,384],[305,355,388],[304,354,382],[303,353,386],[302,352,390],[301,357,392],[300,307,348],[299,311,347],[298,309,346],
[297,312,347],[296,310,346],[295,308,348],[294,318,322],[293,314,324],[292,316,321],[291,315,320],[290,313,323],[289,317,319],[286,287,288],
[283,284,285],[282,286,287],[281,286,288],[280,283,284],[279,283,285],[278,287,288],[277,284,285],[304,321,354],[301,324,357],[303,319,353],
[302,320,352],[306,323,356],[305,322,355],[276,294,318],[275,292,316],[274,291,315],[273,289,317],[272,290,313],[271,293,314],[272,300,307],
[276,299,311],[271,298,309],[274,297,312],[273,295,308],[275,296,310],[270,271,357],[269,272,356],[268,273,353],[267,275,354],[266,274,352],
[265,276,355],[263,264,350],[261,262,351],[259,260,349],[257,258,261],[255,256,263],[253,254,264],[251,252,262],[249,250,260],[247,248,259],
[246,329,330],[245,327,328],[244,325,326],[243,256,432],[242,248,435],[241,250,429],[240,252,432],[239,258,435],[238,254,429],[236,237,284],
[234,235,288],[232,233,285],[230,231,283],[228,229,286],[226,227,287],[224,225,404],[222,223,398],[221,225,396],[219,220,402],[218,220,400],
[217,223,394],[249,250,265],[255,256,270],[247,248,268],[251,252,267],[253,254,266],[257,258,269],[244,325,356],[246,329,357],[244,326,352],
[246,330,353],[245,327,354],[245,328,355],[255,263,350],[253,264,350],[257,261,351],[247,259,349],[249,260,349],[251,262,351],[270,324,357],
[269,323,356],[268,319,353],[267,321,354],[265,322,355],[266,320,352],[271,298,357],[272,300,356],[276,299,355],[275,296,354],[274,297,352],
[273,295,353],[216,276,318],[215,275,316],[214,274,315],[213,272,313],[212,273,317],[211,271,314],[210,278,287],[209,282,286],[208,280,283],
[207,281,288],[206,277,284],[205,279,285],[282,328,371],[279,326,369],[281,325,368],[280,330,375],[277,327,372],[278,329,374],[204,270,396],
[203,269,402],[202,268,404],[201,267,394],[200,266,400],[199,265,398],[198,337,338],[197,343,344],[196,340,341],[333,334,367],[335,336,370],
[331,332,373],[195,270,271],[194,269,272],[193,268,273],[192,267,275],[191,265,276],[190,266,274],[189,225,291],[188,225,294],[187,223,289],
[186,223,290],[185,220,293],[184,220,292],[182,183,260],[180,181,263],[178,179,261],[176,177,264],[174,175,262],[172,173,259],[171,190,423],
[170,194,426],[169,192,421],[168,195,425],[167,193,422],[166,191,424],[253,378,418],[247,381,410],[251,379,415],[255,376,408],[257,377,413],
[249,380,406],[165,317,379],[164,314,377],[163,315,381],[162,316,378],[161,318,376],[160,313,380],[159,199,348],[158,202,347],[157,201,348],
[156,204,347],[155,203,346],[154,200,346],[152,153,317],[150,151,318],[148,149,314],[146,147,316],[144,145,313],[142,143,315],[170,222,362],
[166,221,360],[168,219,358],[167,217,361],[169,218,363],[171,224,359],[140,141,282],[138,139,281],[136,137,278],[135,139,277],[134,141,280],
[133,137,279],[132,369,390],[131,374,392],[130,368,384],[129,375,386],[128,372,382],[127,371,388],[126,307,318],[125,308,316],[124,309,313],
[123,312,317],[122,311,314],[121,310,315],[120,238,408],[119,242,406],[118,241,410],[117,239,415],[116,240,413],[115,243,418],[166,194,346],
[168,191,348],[169,193,347],[167,190,346],[170,195,347],[171,192,348],[187,190,274],[188,194,272],[185,191,276],[186,195,271],[189,192,275],
[184,193,273],[114,279,369],[113,281,368],[112,282,371],[111,280,375],[110,278,374],[109,277,372],[203,261,402],[200,264,400],[204,263,396],
[199,260,398],[202,259,404],[201,262,394],[195,204,270],[194,203,269],[193,202,268],[192,201,267],[190,200,266],[191,199,265],[198,337,423],
[197,343,424],[196,340,422],[196,341,425],[198,338,426],[197,344,421],[108,333,367],[107,334,367],[106,335,370],[105,331,373],[104,336,370],
[103,332,373],[209,241,429],[205,238,429],[206,240,432],[210,243,432],[207,239,435],[208,242,435],[155,230,283],[158,234,288],[159,232,285],
[157,226,287],[154,228,286],[156,236,284],[102,224,404],[102,221,396],[101,219,402],[101,218,400],[100,217,394],[100,222,398],[207,281,325],
[210,278,329],[208,280,330],[209,282,328],[205,279,326],[206,277,327],[215,316,327],[216,318,328],[213,313,325],[212,317,330],[214,315,326],
[211,314,329],[123,247,349],[125,251,351],[126,249,349],[122,255,350],[121,253,350],[124,257,351],[300,325,356],[298,329,357],[295,330,353],
[297,326,352],[299,328,355],[296,327,354],[256,270,324],[248,268,319],[252,267,321],[254,266,320],[258,269,323],[250,265,322],[123,124,223],
[122,125,220],[121,126,225],[98,99,247],[96,97,253],[95,98,255],[93,94,251],[92,93,249],[91,96,257],[90,306,362],[89,301,358],
[88,303,361],[87,304,363],[86,302,359],[85,305,360],[102,148,152],[100,146,150],[101,142,144],[177,279,399],[181,278,395],[179,281,405],
[173,280,403],[175,277,397],[183,282,401],[139,386,392],[137,382,388],[141,384,390],[119,230,423],[115,226,424],[116,236,422],[118,228,426],
[117,234,425],[120,232,421],[232,363,402],[228,362,394],[230,359,396],[226,360,404],[236,361,398],[234,358,400],[175,240,287],[177,238,286],
[181,243,284],[179,239,283],[173,242,288],[183,241,285],[91,177,317],[94,183,314],[99,181,313],[95,173,316],[97,179,318],[92,175,315],
[84,200,230],[83,199,226],[82,202,236],[81,201,232],[80,204,234],[79,203,228],[77,78,179],[75,76,183],[73,74,181],[72,77,177],
[71,73,173],[70,75,175],[69,175,352],[68,181,356],[67,183,357],[66,173,354],[65,177,353],[64,179,355],[63,234,269],[62,236,267],
[61,226,270],[60,230,268],[59,232,266],[58,228,265],[223,228,381],[225,226,378],[220,232,376],[225,230,380],[220,234,379],[223,236,377],
[57,346,347],[56,346,348],[55,347,348],[309,355,356],[310,352,353],[308,352,354],[307,355,357],[312,353,354],[311,356,357],[54,349,350],
[53,350,351],[52,349,351],[177,364,409],[183,364,412],[179,365,417],[173,365,407],[175,366,414],[181,366,420],[51,381,392],[50,376,386],
[50,379,388],[51,377,390],[49,378,384],[49,380,382],[177,363,373],[183,362,373],[179,358,370],[173,359,370],[175,361,367],[181,360,367],
[69,325,368],[68,326,369],[64,327,372],[67,330,375],[66,328,371],[65,329,374],[269,402,412],[270,396,417],[268,404,414],[267,394,409],
[265,398,420],[266,400,407],[220,336,400],[223,331,394],[225,334,404],[220,332,402],[223,333,398],[225,335,396],[209,246,357],[206,244,352],
[205,246,353],[210,244,356],[207,245,355],[208,245,354],[149,404,418],[153,396,406],[143,402,408],[151,394,410],[147,398,413],[145,400,415],
[136,246,380],[133,244,379],[134,246,378],[140,245,377],[138,244,376],[135,245,381],[163,249,256],[162,255,258],[161,248,253],[164,251,254],
[165,250,257],[160,247,252],[83,149,418],[84,153,406],[80,145,415],[79,151,410],[81,143,408],[82,147,413],[151,394,409],[143,402,412],
[153,396,417],[149,404,414],[145,400,407],[147,398,420],[69,325,360],[68,326,361],[64,327,359],[67,330,363],[65,329,362],[66,328,358],
[48,93,251],[47,98,255],[46,96,253],[45,98,247],[44,93,249],[43,96,257],[125,220,263],[122,220,262],[121,225,260],[124,223,259],
[126,225,264],[123,223,261],[90,306,412],[87,304,409],[89,301,417],[88,303,414],[85,305,420],[86,302,407],[280,391,403],[279,383,399],
[281,393,405],[282,385,401],[277,387,397],[278,389,395],[99,181,322],[97,179,324],[92,175,319],[91,177,321],[94,183,323],[95,173,320],
[58,265,428],[63,269,434],[59,266,427],[62,267,431],[61,270,430],[60,268,433],[220,232,336],[225,230,334],[220,234,332],[225,226,335],
[223,228,333],[223,236,331],[234,269,412],[236,267,409],[226,270,417],[230,268,414],[232,266,407],[228,265,420],[69,352,368],[68,356,369],
[65,353,374],[64,355,372],[66,354,371],[67,357,375],[194,311,357],[191,309,356],[192,312,353],[193,310,352],[195,307,355],[190,308,354],
[54,92,350],[54,97,349],[53,94,350],[52,91,349],[52,99,351],[53,95,351],[209,307,357],[208,312,354],[206,308,352],[205,310,353],
[210,311,356],[207,309,355],[119,200,230],[115,199,226],[116,202,236],[120,201,232],[118,203,228],[117,204,234],[82,236,361],[79,228,362],
[81,232,363],[83,226,360],[80,234,358],[84,230,359],[75,175,287],[73,173,288],[77,179,283],[75,183,285],[73,181,284],[77,177,286],
[78,179,318],[76,183,314],[74,181,313],[72,177,317],[70,175,315],[71,173,316],[69,175,240],[64,179,239],[65,177,238],[68,181,243],
[67,183,241],[66,173,242],[177,363,402],[183,362,394],[179,358,400],[181,360,404],[173,359,396],[175,361,398],[49,141,384],[51,139,392],
[50,137,388],[50,139,386],[51,141,390],[49,137,382],[51,228,381],[49,230,380],[49,226,378],[50,232,376],[50,234,379],[51,236,377],
[177,279,364],[173,280,365],[183,282,364],[175,277,366],[181,278,366],[179,281,365],[177,373,409],[183,373,412],[179,370,417],[173,370,407],
[181,367,420],[175,367,414],[259,312,317],[260,307,318],[263,311,314],[264,310,315],[262,308,316],[261,309,313],[238,344,408],[239,341,415],
[242,337,406],[241,338,410],[243,343,418],[240,340,413],[168,220,348],[166,225,346],[171,225,348],[169,220,347],[170,223,347],[167,223,346],
[52,136,278],[53,140,282],[54,135,277],[53,134,280],[54,138,281],[52,133,279],[50,128,372],[51,129,375],[49,127,371],[49,132,369],
[50,131,374],[51,130,368],[102,152,317],[100,150,318],[102,148,314],[100,146,316],[101,142,315],[101,144,313],[219,301,358],[217,303,361],
[222,306,362],[221,305,360],[224,302,359],[218,304,363],[55,199,348],[56,203,346],[55,202,347],[57,200,346],[57,204,347],[56,201,348],
[145,254,320],[153,256,324],[149,248,319],[151,252,321],[147,250,322],[143,258,323],[94,125,251],[91,124,257],[99,123,247],[95,122,255],
[97,121,253],[92,126,249],[216,238,328],[215,243,327],[213,242,325],[212,239,330],[211,240,329],[214,241,326],[158,234,345],[156,236,339],
[159,232,342],[157,226,339],[155,230,345],[154,228,342],[209,241,246],[206,240,244],[205,238,246],[208,242,245],[207,239,245],[210,243,244],
[102,404,418],[102,396,406],[101,402,408],[101,400,415],[100,394,410],[100,398,413],[104,336,400],[107,334,404],[103,332,402],[108,333,398],
[106,335,396],[105,331,394],[228,338,426],[230,337,423],[226,343,424],[236,340,422],[232,344,421],[234,341,425],[110,278,435],[109,277,429],
[111,280,432],[114,279,435],[113,281,429],[112,282,432],[318,376,408],[316,378,418],[315,381,410],[317,379,415],[313,380,406],[314,377,413],
[207,300,325],[210,298,329],[208,295,330],[206,296,327],[209,299,328],[205,297,326],[170,194,203],[168,195,204],[167,193,202],[166,191,199],
[169,192,201],[171,190,200],[182,260,398],[180,263,396],[176,264,400],[172,259,404],[174,262,394],[178,261,402],[184,220,273],[188,225,272],
[187,223,274],[185,220,276],[186,223,271],[189,225,275],[69,72,232],[67,74,226],[65,71,230],[68,78,234],[64,76,228],[66,70,236],
[76,116,125],[72,117,124],[74,119,123],[71,115,122],[78,120,121],[70,118,126],[166,198,246],[168,197,244],[167,198,245],[170,196,245],
[171,197,246],[169,196,244],[172,200,335],[174,202,333],[178,204,336],[176,201,332],[180,199,334],[182,203,331],[204,402,403],[200,404,405],
[199,396,397],[203,398,399],[202,394,395],[201,400,401],[60,208,252],[62,206,254],[61,210,258],[58,209,256],[63,207,250],[59,205,248],
[116,138,285],[117,135,286],[118,134,287],[119,140,284],[120,136,283],[115,133,288],[89,194,335],[90,191,332],[85,195,333],[87,190,331],
[88,192,334],[86,193,336],[196,397,416],[196,405,419],[197,395,411],[197,399,419],[198,401,416],[198,403,411],[55,194,197],[56,193,197],
[57,191,196],[57,192,198],[55,190,196],[56,195,198],[73,374,375],[77,368,369],[75,371,372],[204,376,426],[201,379,423],[200,378,422],
[199,380,425],[202,381,421],[203,377,424],[406,415,435],[413,418,432],[408,410,429],[245,433,434],[246,427,428],[244,430,431],[51,123,124],
[49,121,126],[50,122,125],[148,152,225],[142,144,220],[146,150,223],[183,299,401],[181,298,395],[179,300,405],[177,297,399],[173,295,403],
[175,296,397],[54,386,392],[53,384,390],[52,382,388],[83,199,430],[82,202,431],[81,201,427],[80,204,434],[84,200,433],[79,203,428],
[86,120,421],[88,119,423],[89,115,424],[87,116,422],[85,118,426],[90,117,425],[238,286,400],[243,284,396],[240,287,394],[241,285,398],
[242,288,404],[239,283,402],[99,313,369],[94,314,375],[97,318,372],[92,315,368],[95,316,371],[91,317,374],[61,226,298],[63,234,300],
[62,236,296],[59,232,297],[58,228,299],[60,230,295],[225,380,433],[225,378,430],[220,376,427],[220,379,434],[223,377,431],[223,381,428],
[137,263,264],[141,259,260],[139,261,262],[80,258,261],[83,256,263],[82,252,262],[81,254,264],[84,248,259],[79,250,260],[98,311,312],
[93,307,308],[96,309,310],[318,323,388],[314,322,392],[317,320,386],[313,324,384],[316,319,382],[315,321,390],[86,276,311],[87,271,309],
[89,275,310],[88,272,307],[90,273,308],[85,274,312],[68,276,294],[65,275,292],[66,274,291],[64,271,293],[69,273,289],[67,272,290],
[280,284,345],[281,286,345],[282,287,342],[279,283,342],[277,285,339],[278,288,339],[183,186,260],[179,185,261],[181,188,263],[177,184,264],
[173,189,259],[175,187,262],[194,426,433],[191,424,427],[192,421,430],[190,423,428],[195,425,431],[193,422,434],[87,251,379],[86,253,378],
[89,255,376],[88,247,381],[85,249,380],[90,257,377],[139,163,315],[141,164,314],[137,165,317],[141,162,316],[137,160,313],[139,161,318],
[66,163,381],[67,160,380],[69,165,379],[64,164,377],[65,162,378],[68,161,376],[158,172,347],[159,182,348],[157,174,348],[154,176,346],
[155,178,346],[156,180,347],[148,149,240],[152,153,239],[150,151,238],[146,147,243],[142,143,241],[144,145,242],[105,168,358],[104,166,360],
[108,171,359],[103,167,361],[106,169,363],[107,170,362],[126,238,307],[122,240,311],[123,239,312],[125,243,308],[121,241,310],[124,242,309],
[126,318,356],[125,316,353],[121,315,354],[123,317,352],[124,313,357],[122,314,355],[118,383,410],[119,393,406],[117,391,415],[120,385,408],
[115,387,418],[116,389,413],[118,130,241],[116,129,240],[117,131,239],[119,132,242],[120,128,238],[115,127,243],[194,346,427],[193,347,430],
[190,346,434],[191,348,431],[195,347,433],[192,348,428],[170,195,199],[166,194,204],[169,193,200],[168,191,203],[167,190,201],[171,192,202],
[135,139,296],[133,137,297],[136,137,298],[140,141,299],[138,139,300],[134,141,295],[132,361,390],[131,362,392],[127,358,388],[129,363,386],
[130,360,384],[128,359,382],[122,318,350],[126,313,349],[124,314,351],[121,316,350],[123,315,349],[125,317,351],[75,209,429],[73,210,432],
[77,205,429],[75,206,432],[73,208,435],[77,207,435],[79,197,421],[82,197,424],[83,196,422],[84,196,425],[81,198,426],[80,198,423],
[58,86,392],[63,88,388],[62,89,390],[59,85,386],[61,87,384],[60,90,382],[190,207,261],[193,210,263],[191,206,262],[192,209,260],
[194,205,264],[195,208,259],[146,265,307],[144,266,310],[148,268,312],[150,267,308],[152,270,311],[142,269,309],[128,253,353],[130,249,357],
[129,251,352],[132,247,354],[131,257,355],[127,255,356],[42,80,176],[41,82,182],[40,83,172],[41,79,174],[42,81,178],[40,84,180],
[142,205,363],[148,210,360],[152,208,359],[146,206,361],[150,209,362],[144,207,358],[58,172,287],[62,178,285],[63,174,286],[61,176,288],
[59,180,283],[60,182,284],[162,163,165],[160,161,164],[49,146,323],[50,152,322],[50,150,319],[51,148,320],[51,142,324],[49,144,321],
[68,199,272],[67,203,271],[69,202,274],[65,201,273],[64,204,276],[66,200,275],[132,320,414],[131,324,412],[127,322,417],[130,323,420],
[128,321,407],[129,319,409],[60,77,131],[58,77,128],[62,73,127],[63,73,132],[61,75,129],[59,75,130],[164,173,418],[165,181,406],
[163,179,408],[160,177,415],[161,175,410],[162,183,413],[39,80,286],[38,84,284],[37,79,287],[36,81,283],[35,83,288],[34,82,285],
[99,142,361],[94,152,363],[97,146,359],[95,150,358],[92,144,360],[91,148,362],[141,256,359],[139,254,358],[137,248,360],[137,258,363],
[139,250,361],[141,252,362],[146,272,424],[142,271,426],[144,275,423],[148,274,422],[150,273,421],[152,276,425],[52,131,318],[53,127,313],
[54,128,317],[54,130,314],[52,132,316],[53,129,315],[160,280,383],[163,282,393],[165,281,389],[162,278,385],[161,279,387],[164,277,391],
[35,130,282],[37,131,281],[39,127,278],[38,128,279],[36,129,277],[34,132,280],[44,72,332],[46,76,331],[47,70,333],[45,78,336],
[43,71,335],[48,74,334],[151,289,349],[143,293,350],[149,291,350],[145,292,351],[153,294,349],[147,290,351],[323,410,420],[324,412,415],
[321,407,408],[319,409,413],[320,406,414],[322,417,418],[60,77,79],[61,75,81],[58,77,84],[63,73,82],[59,75,83],[62,73,80],
[258,363,379],[256,359,378],[254,358,376],[248,360,380],[252,362,377],[250,361,381],[47,141,252],[44,139,254],[46,139,250],[48,141,256],
[45,137,258],[43,137,248],[35,130,412],[36,129,414],[34,132,407],[37,131,417],[38,128,409],[39,127,420],[132,161,164],[130,162,165],
[131,162,163],[128,160,164],[129,160,161],[127,163,165],[148,357,360],[146,354,361],[142,352,363],[144,356,358],[150,355,362],[152,353,359],
[45,142,205],[46,146,206],[48,152,208],[44,144,207],[43,148,210],[47,150,209],[178,285,397],[174,286,405],[172,287,401],[176,288,395],
[182,284,403],[180,283,399],[58,172,281],[63,174,278],[60,182,279],[62,178,280],[61,176,282],[59,180,277],[99,139,361],[94,137,363],
[97,141,359],[95,139,358],[91,141,362],[92,137,360],[50,150,273],[49,146,272],[50,152,276],[51,148,274],[49,144,275],[51,142,271],
[66,275,423],[69,274,422],[68,272,424],[67,271,426],[64,276,425],[65,273,421],[131,318,412],[128,317,407],[129,315,409],[127,313,417],
[130,314,420],[132,316,414],[54,75,130],[52,77,131],[53,73,127],[54,77,128],[53,75,129],[52,73,132],[163,179,282],[160,177,280],
[164,173,277],[165,181,281],[162,183,278],[161,175,279],[36,81,277],[38,84,279],[39,80,278],[37,79,281],[35,83,282],[34,82,280],
[132,280,383],[130,282,393],[131,281,389],[127,278,385],[129,277,391],[128,279,387],[80,176,198],[82,182,197],[83,172,196],[79,174,197],
[84,180,196],[81,178,198],[52,121,316],[53,123,315],[52,122,318],[53,126,313],[54,125,317],[54,124,314],[169,200,353],[170,199,357],
[167,201,352],[166,204,356],[171,202,354],[168,203,355],[59,130,241],[63,132,242],[61,129,240],[60,131,239],[58,128,238],[62,127,243],
[126,255,356],[125,253,353],[124,249,357],[123,251,352],[122,257,355],[121,247,354],[118,130,357],[120,128,353],[116,129,352],[119,132,354],
[115,127,356],[117,131,355],[132,320,361],[129,319,363],[131,324,362],[127,322,358],[130,323,360],[128,321,359],[104,144,360],[107,148,362],
[103,142,361],[106,152,363],[105,150,358],[108,146,359],[150,238,267],[148,240,268],[142,241,269],[152,239,270],[146,243,265],[144,242,266],
[156,180,274],[159,182,273],[155,178,275],[158,172,276],[157,174,272],[154,176,271],[73,137,160],[77,139,161],[73,141,162],[75,139,163],
[77,137,165],[75,141,164],[66,109,381],[68,113,376],[69,114,379],[64,112,377],[67,110,380],[65,111,378],[69,165,389],[64,164,391],
[67,160,383],[65,162,385],[66,163,393],[68,161,387],[90,146,257],[85,152,249],[87,144,251],[86,148,253],[88,150,247],[89,142,255],
[82,424,427],[81,426,433],[79,421,430],[83,422,434],[80,423,428],[84,425,431],[143,186,260],[153,185,261],[147,188,263],[149,187,262],
[145,189,259],[151,184,264],[89,285,339],[90,284,345],[85,283,342],[88,286,345],[87,288,339],[86,287,342],[72,281,345],[74,280,345],
[71,278,339],[78,279,342],[70,282,342],[76,277,339],[33,69,273],[32,64,271],[31,68,276],[30,65,275],[29,66,274],[28,67,272],
[68,199,294],[67,203,290],[69,202,289],[65,201,292],[66,200,291],[64,204,293],[86,244,276],[87,245,271],[89,246,275],[88,246,272],
[85,245,274],[90,244,273],[89,291,310],[86,293,311],[87,290,309],[85,289,312],[88,294,307],[90,292,308],[27,315,390],[26,314,392],
[25,318,388],[24,317,386],[23,313,384],[22,316,382],[144,321,390],[146,323,388],[152,322,392],[148,320,386],[142,324,384],[150,319,382],
[96,242,309],[98,240,311],[98,239,312],[93,238,307],[96,241,310],[93,243,308],[83,210,263],[80,207,261],[84,208,259],[79,209,260],
[81,205,264],[82,206,262],[40,83,256],[42,80,258],[40,84,248],[42,81,254],[41,82,252],[41,79,250],[137,263,297],[137,264,298],
[141,259,299],[141,260,295],[139,261,296],[139,262,300],[194,380,433],[192,378,430],[191,376,427],[190,381,428],[195,377,431],[193,379,434],
[58,299,392],[63,300,388],[62,296,390],[59,297,386],[60,295,382],[61,298,384],[99,142,369],[94,152,375],[97,146,372],[92,144,368],
[91,148,374],[95,150,371],[316,350,371],[313,349,369],[314,351,375],[318,350,372],[315,349,368],[317,351,374],[36,283,402],[39,286,400],
[38,284,396],[37,287,394],[34,285,398],[35,288,404],[61,87,422],[60,90,425],[59,85,426],[63,88,423],[62,89,424],[58,86,421],
[85,118,380],[86,120,378],[88,119,381],[90,117,377],[89,115,376],[87,116,379],[199,340,430],[202,343,431],[201,338,427],[203,344,428],
[200,341,433],[204,337,434],[83,347,430],[81,346,427],[80,346,434],[79,348,428],[82,348,431],[84,347,433],[54,86,392],[52,90,382],
[53,87,384],[53,89,390],[52,88,388],[54,85,386],[173,189,295],[183,186,299],[181,188,298],[179,185,300],[175,187,296],[177,184,297],
[226,298,395],[236,296,397],[234,300,405],[232,297,399],[230,295,403],[228,299,401],[148,225,430],[152,225,433],[142,220,427],[150,223,428],
[146,223,431],[144,220,434],[160,415,435],[165,406,435],[163,408,429],[161,410,429],[164,418,432],[162,413,432],[152,199,425],[150,202,421],
[142,204,426],[144,201,423],[146,203,424],[148,200,422],[77,207,369],[73,208,374],[75,209,372],[73,210,375],[77,205,368],[75,206,371],
[89,104,194],[87,103,190],[90,105,191],[85,107,195],[88,108,192],[86,106,193],[342,397,416],[342,405,419],[339,401,416],[345,395,411],
[339,403,411],[345,399,419],[55,107,197],[56,103,197],[56,105,198],[57,104,196],[55,108,196],[57,106,198],[80,135,286],[84,140,284],
[79,134,287],[81,136,283],[82,138,285],[83,133,288],[60,252,284],[58,256,287],[62,254,285],[63,250,286],[59,248,283],[61,258,288],
[55,194,427],[56,193,430],[55,190,434],[56,195,433],[57,192,428],[57,191,431],[194,204,403],[193,200,405],[195,199,397],[191,203,399],
[190,201,401],[192,202,395],[182,331,348],[172,335,347],[174,333,348],[178,336,346],[180,334,347],[176,332,346],[170,245,434],[167,245,433],
[166,246,428],[169,244,431],[171,246,427],[168,244,430],[178,204,376],[176,201,379],[180,199,380],[174,202,381],[182,203,377],[172,200,378],
[76,116,138],[72,117,135],[74,119,140],[71,115,133],[70,118,134],[78,120,136],[197,246,395],[196,245,397],[196,244,405],[197,244,399],
[198,246,403],[198,245,401],[44,93,322],[46,96,320],[43,96,323],[47,98,324],[45,98,319],[48,93,321],[42,176,400],[41,182,398],
[40,172,404],[41,174,394],[42,178,402],[40,180,396],[105,168,204],[103,167,202],[104,166,199],[108,171,200],[107,170,203],[106,169,201],
[194,205,297],[190,207,300],[192,209,299],[193,210,298],[195,208,295],[191,206,296],[35,104,400],[34,103,402],[36,106,396],[37,107,404],
[39,105,394],[38,108,398],[102,173,418],[102,181,406],[101,179,408],[101,177,415],[100,183,413],[100,175,410],[121,241,246],[122,240,244],
[126,238,246],[124,242,245],[125,243,244],[123,239,245],[68,234,345],[66,236,339],[69,232,342],[67,226,339],[64,228,342],[65,230,345],
[239,330,402],[241,326,398],[242,325,404],[238,328,400],[240,329,394],[243,327,396],[125,193,263],[122,191,262],[121,192,260],[124,195,259],
[123,190,261],[126,194,264],[94,116,125],[91,117,124],[99,119,123],[95,115,122],[92,118,126],[97,120,121],[55,199,272],[57,200,275],
[57,204,276],[56,203,271],[56,201,273],[55,202,274],[102,137,317],[102,141,314],[101,137,313],[101,139,315],[100,139,318],[100,141,316],
[43,221,305],[44,219,301],[46,217,303],[47,222,306],[45,218,304],[48,224,302],[146,260,307],[144,264,310],[148,259,312],[150,262,308],
[142,261,309],[152,263,311],[52,65,136],[53,66,140],[52,68,133],[54,64,135],[53,67,134],[54,69,138],[49,126,371],[50,122,374],
[51,124,368],[51,123,375],[50,125,372],[49,121,369],[118,279,383],[120,282,385],[119,281,393],[117,280,391],[116,278,389],[115,277,387],
[49,137,321],[49,141,323],[50,137,322],[50,139,319],[51,139,324],[51,141,320],[47,183,394],[43,181,404],[45,177,402],[44,179,400],
[48,173,396],[46,175,398],[69,149,240],[64,153,239],[67,143,241],[65,151,238],[66,145,242],[68,147,243],[115,199,396],[119,200,404],
[120,201,400],[116,202,394],[117,204,402],[118,203,398],[82,361,390],[79,362,392],[81,363,386],[83,360,384],[84,359,382],[80,358,388],
[75,287,429],[75,285,432],[73,288,432],[77,283,429],[77,286,435],[73,284,435],[78,234,318],[76,228,314],[74,226,313],[72,232,317],
[71,230,316],[70,236,315],[209,256,307],[205,248,310],[208,252,312],[206,254,308],[207,250,309],[210,258,311],[21,194,357],[20,191,356],
[19,192,353],[18,193,352],[17,190,354],[16,195,355],[92,350,420],[91,349,412],[97,349,407],[94,350,409],[95,351,417],[99,351,414],
[318,356,369],[316,353,374],[313,357,375],[317,352,368],[314,355,372],[315,354,371],[268,312,433],[265,307,428],[266,310,427],[267,308,431],
[269,309,434],[270,311,430],[195,228,333],[193,232,336],[192,230,334],[191,234,332],[190,236,331],[194,226,335],[69,210,360],[64,208,359],
[68,206,361],[67,205,363],[66,207,358],[65,209,362],[81,385,408],[84,393,406],[80,391,415],[79,383,410],[82,389,413],[83,387,418],
[130,249,256],[127,255,258],[128,248,253],[129,251,254],[132,247,252],[131,250,257],[135,296,381],[136,298,380],[138,300,376],[133,297,379],
[134,295,378],[140,299,377],[168,220,273],[171,225,272],[170,223,274],[169,220,276],[166,225,275],[167,223,271],[318,344,408],[317,341,415],
[313,337,406],[315,338,410],[314,340,413],[316,343,418],[281,365,429],[279,364,435],[280,365,432],[282,364,432],[278,366,435],[277,366,429],
[50,234,341],[51,228,338],[49,230,337],[49,226,343],[51,236,340],[50,232,344],[97,153,324],[92,149,319],[94,143,323],[91,151,321],
[95,145,320],[99,147,322],[234,306,412],[226,301,417],[230,303,414],[236,304,409],[228,305,420],[232,302,407],[151,373,409],[143,373,412],
[145,370,407],[153,370,417],[147,367,420],[149,367,414],[53,151,212],[52,149,214],[52,143,211],[54,145,215],[54,147,213],[53,153,216],
[22,26,77],[23,24,75],[25,27,73],[35,92,177],[34,99,179],[36,94,181],[37,91,173],[39,95,175],[38,97,183],[15,190,191],
[14,192,195],[13,193,194],[33,41,367],[31,40,367],[29,40,370],[32,42,370],[28,41,373],[30,42,373],[31,387,419],[28,383,411],
[30,385,411],[29,393,416],[32,391,416],[33,389,419],[106,172,395],[107,180,403],[104,178,399],[103,176,405],[105,182,397],[108,174,401],
[17,20,49],[18,21,51],[16,19,50],[69,72,197],[67,74,197],[65,71,198],[68,78,196],[66,70,196],[64,76,198],[199,334,419],
[202,333,419],[203,331,411],[204,336,416],[201,332,411],[200,335,416],[61,94,210],[60,91,208],[62,95,206],[58,97,209],[59,92,205],
[63,99,207],[81,89,335],[84,85,333],[80,87,331],[79,88,334],[82,90,332],[83,86,336],[115,196,416],[116,197,411],[118,197,419],
[120,198,416],[117,198,411],[119,196,419],[158,194,197],[156,192,198],[157,195,198],[159,190,196],[154,191,196],[155,193,197],[29,418,420],
[30,415,417],[33,410,412],[31,406,407],[28,413,414],[32,408,409],[224,419,420],[218,416,417],[217,411,412],[219,409,411],[221,407,416],
[222,414,419],[60,366,394],[58,366,396],[61,365,402],[63,364,398],[62,364,400],[59,365,404],[77,294,322],[75,293,324],[73,292,321],
[75,291,320],[77,289,319],[73,290,323],[243,256,371],[242,248,369],[240,252,375],[238,254,372],[241,250,368],[239,258,374],[39,254,429],
[36,258,435],[38,256,432],[34,250,429],[35,248,435],[37,252,432],[234,235,282],[232,233,280],[230,231,277],[226,227,281],[236,237,279],
[228,229,278],[194,219,220],[191,222,223],[195,221,225],[192,217,223],[193,224,225],[190,218,220],[210,287,420],[209,286,412],[208,283,407],
[207,288,417],[205,285,409],[206,284,414],[216,255,276],[215,253,275],[214,247,274],[211,257,271],[213,249,272],[212,251,273],[47,255,347],
[46,253,346],[45,247,347],[43,257,346],[44,249,348],[48,251,348],[86,112,432],[87,110,435],[85,114,435],[89,109,429],[88,113,429],
[90,111,432],[158,345,402],[156,339,394],[159,342,400],[157,339,396],[154,342,398],[155,345,404],[192,216,238],[190,213,242],[195,212,239],
[194,214,241],[191,215,243],[193,211,240],[23,86,407],[27,90,412],[25,87,409],[24,89,417],[26,88,414],[22,85,420],[32,53,282],
[29,54,277],[30,53,280],[31,54,281],[28,52,278],[33,52,279],[49,127,173],[49,132,181],[50,128,179],[51,129,183],[51,130,175],
[50,131,177],[194,311,330],[191,309,326],[192,312,329],[193,310,325],[190,308,328],[195,307,327],[54,92,254],[53,94,256],[52,91,248],
[53,95,252],[54,97,250],[52,99,258],[55,326,361],[55,325,360],[56,329,362],[57,327,359],[57,328,358],[56,330,363],[83,149,162],
[79,151,163],[80,145,165],[82,147,164],[84,153,160],[81,143,161],[136,246,383],[138,244,387],[133,244,389],[134,246,385],[135,245,393],
[140,245,391],[164,185,251],[162,184,255],[163,189,249],[165,187,257],[161,188,253],[160,186,247],[17,309,390],[16,312,392],[20,308,388],
[18,311,386],[19,307,382],[21,310,384],[61,172,218],[60,180,222],[59,178,221],[63,176,217],[62,182,219],[58,174,224],[38,172,419],
[34,174,411],[39,178,411],[36,176,416],[35,180,416],[37,182,419],[253,291,370],[249,294,367],[255,293,370],[247,289,367],[257,290,373],
[251,292,373],[45,194,383],[43,193,389],[48,195,391],[44,190,393],[47,192,385],[46,191,387],[279,294,420],[280,290,412],[278,292,409],
[281,289,414],[282,291,407],[277,293,417],[80,165,187],[81,161,188],[82,164,185],[83,162,184],[84,160,186],[79,163,189],[22,279,420],
[27,280,412],[25,278,409],[23,282,407],[26,281,414],[24,277,417],[190,213,393],[194,214,383],[192,216,385],[195,212,391],[193,211,389],
[191,215,387],[255,276,370],[249,272,367],[253,275,370],[247,274,367],[251,273,373],[257,271,373],[216,255,347],[215,253,346],[214,247,347],
[213,249,348],[211,257,346],[212,251,348],[38,172,432],[34,174,429],[39,178,429],[36,176,435],[37,182,432],[35,180,435],[77,249,294],
[75,255,293],[75,253,291],[77,247,289],[73,257,290],[73,251,292],[61,111,402],[63,114,398],[59,113,404],[60,110,394],[62,112,400],
[58,109,396],[174,224,420],[172,218,417],[180,222,414],[182,219,409],[178,221,407],[176,217,412],[32,53,408],[29,54,418],[28,52,413],
[30,53,415],[33,52,410],[31,54,406],[158,197,402],[156,198,394],[157,198,396],[159,196,400],[155,197,404],[154,196,398],[120,230,416],
[115,234,416],[116,232,411],[117,228,411],[119,236,419],[118,226,419],[61,94,256],[60,91,248],[59,92,254],[63,99,258],[58,97,250],
[62,95,252],[172,333,419],[180,336,416],[182,334,419],[176,335,416],[174,332,411],[178,331,411],[199,224,419],[204,218,416],[202,222,419],
[203,217,411],[200,221,416],[201,219,411],[19,50,307],[20,49,308],[17,49,309],[16,50,312],[21,51,310],[18,51,311],[61,106,172],
[60,107,180],[59,104,178],[63,103,176],[58,108,174],[62,105,182],[30,39,411],[31,38,419],[33,37,419],[28,34,411],[29,35,416],
[32,36,416],[42,292,373],[40,291,370],[40,294,367],[42,293,370],[41,289,367],[41,290,373],[136,383,411],[134,385,411],[133,389,419],
[138,387,419],[140,391,416],[135,393,416],[14,195,225],[13,194,220],[13,193,225],[15,191,223],[15,190,220],[14,192,223],[39,175,254],
[36,181,258],[34,179,250],[38,183,256],[37,173,252],[35,177,248],[26,77,319],[22,77,322],[27,73,323],[24,75,324],[23,75,320],
[25,73,321],[294,410,420],[290,412,415],[291,407,408],[293,417,418],[289,406,414],[292,409,413],[53,151,373],[52,149,367],[52,143,373],
[54,145,370],[53,153,370],[54,147,367],[234,282,306],[226,281,301],[232,280,302],[228,278,305],[236,279,304],[230,277,303],[97,153,290],
[91,151,291],[92,149,292],[94,143,294],[99,147,293],[95,145,289],[50,179,341],[51,183,338],[49,173,337],[49,181,343],[50,177,344],
[51,175,340],[35,297,379],[38,299,377],[39,296,381],[36,298,380],[37,295,378],[34,300,376],[81,89,385],[84,85,393],[80,87,391],
[79,88,383],[82,90,389],[83,86,387],[65,209,412],[66,207,417],[69,210,420],[64,208,407],[68,206,414],[67,205,409],[158,194,226],
[157,195,228],[154,191,234],[155,193,232],[159,190,236],[156,192,230],[20,191,243],[19,192,238],[18,193,240],[21,194,241],[17,190,242],
[16,195,239],[256,307,371],[248,310,369],[252,312,375],[254,308,372],[258,311,374],[250,309,368],[119,274,404],[117,271,402],[118,272,398],
[115,276,396],[120,275,400],[116,273,394],[43,389,404],[44,393,400],[45,383,402],[48,391,396],[46,387,398],[47,385,394],[121,369,423],
[126,371,424],[122,374,425],[124,368,426],[125,372,421],[123,375,422],[56,273,363],[55,272,360],[57,275,359],[57,276,358],[55,274,361],
[56,271,362],[94,116,210],[91,117,208],[99,119,207],[95,115,206],[92,118,205],[97,120,209],[311,330,402],[309,326,398],[310,325,404],
[308,328,400],[307,327,396],[312,329,394],[121,246,383],[122,244,389],[126,246,385],[124,245,393],[123,245,391],[125,244,387],[102,127,173],
[102,132,181],[101,128,179],[101,131,177],[100,130,175],[100,129,183],[37,91,404],[35,92,400],[34,99,402],[36,94,396],[38,97,398],
[39,95,394],[191,296,326],[193,298,325],[194,297,330],[195,295,327],[190,300,328],[192,299,329],[105,184,204],[103,186,202],[104,189,199],
[108,188,200],[106,185,201],[107,187,203],[31,40,404],[30,42,402],[29,40,396],[32,42,400],[28,41,394],[33,41,398],[74,140,405],
[71,133,397],[76,138,395],[78,136,401],[72,135,403],[70,134,399],[184,332,346],[186,331,348],[189,335,347],[188,334,347],[185,336,346],
[187,333,348],[174,190,401],[180,194,403],[176,193,405],[182,195,397],[172,192,395],[178,191,399],[56,330,433],[55,325,434],[55,326,427],
[56,329,430],[57,327,431],[57,328,428],[256,287,420],[250,286,412],[248,283,407],[252,284,414],[254,285,409],[258,288,417],[104,194,219],
[105,191,222],[107,195,221],[108,192,217],[103,190,218],[106,193,224],[69,107,197],[67,103,197],[65,105,198],[68,108,196],[64,106,198],
[66,104,196],[87,160,435],[85,165,435],[89,163,429],[90,162,432],[88,161,429],[86,164,432],[189,295,371],[186,299,375],[188,298,369],
[185,300,372],[184,297,374],[187,296,368],[23,54,86],[27,52,90],[25,53,87],[24,53,89],[22,54,85],[26,52,88],[45,84,347],
[47,83,347],[46,81,346],[43,80,346],[48,82,348],[44,79,348],[61,218,422],[60,222,425],[59,221,426],[63,217,423],[58,224,421],
[62,219,424],[35,345,404],[34,342,398],[39,342,400],[36,345,402],[37,339,394],[38,339,396],[243,350,371],[242,349,369],[240,351,375],
[238,350,372],[239,351,374],[241,349,368],[17,296,390],[16,299,392],[20,300,388],[18,297,386],[21,298,384],[19,295,382],[47,192,378],
[45,194,380],[44,190,381],[46,191,376],[43,193,379],[48,195,377],[290,309,390],[289,312,392],[293,311,386],[294,307,382],[291,310,384],
[292,308,388],[86,112,244],[87,110,245],[89,109,246],[88,113,246],[90,111,244],[85,114,245],[202,281,289],[201,278,292],[199,279,294],
[203,280,290],[204,277,293],[200,282,291],[72,197,281],[74,197,280],[71,198,278],[78,196,279],[76,198,277],[70,196,282],[153,185,251],
[151,184,255],[145,189,249],[149,187,257],[143,186,247],[147,188,253],[238,267,381],[240,268,378],[241,269,376],[239,270,380],[243,265,377],
[242,266,379],[115,337,356],[118,340,357],[116,338,352],[117,344,355],[119,343,354],[120,341,353],[60,79,366],[58,84,366],[61,81,365],
[63,82,364],[59,83,365],[62,80,364],[116,182,197],[115,172,196],[118,174,197],[120,178,198],[119,180,196],[117,176,198],[48,53,256],
[45,52,258],[44,54,254],[43,52,248],[47,53,252],[46,54,250],[29,59,277],[32,61,282],[30,62,280],[31,58,281],[33,60,279],
[28,63,278],[127,145,165],[132,147,164],[130,149,162],[131,151,163],[129,143,161],[128,153,160],[32,128,409],[33,130,412],[31,132,407],
[30,131,417],[29,127,420],[28,129,414],[175,237,279],[181,227,281],[179,235,282],[177,233,280],[183,229,278],[173,231,277],[127,298,385],
[131,300,389],[132,295,383],[130,299,393],[128,297,387],[129,296,391],[81,277,335],[84,279,333],[80,278,331],[79,281,334],[83,282,336],
[82,280,332],[151,212,349],[143,211,350],[149,214,350],[145,215,351],[153,216,349],[147,213,351],[285,365,432],[287,365,429],[284,364,435],
[288,364,432],[283,366,429],[286,366,435],[102,137,321],[102,141,323],[101,137,322],[101,139,319],[100,141,320],[100,139,324],[170,309,434],
[167,312,433],[166,307,428],[171,310,427],[169,308,431],[168,311,430],[207,318,369],[208,316,374],[210,313,375],[205,317,368],[206,315,371],
[209,314,372],[232,244,399],[226,246,395],[236,245,397],[234,244,405],[228,245,401],[230,246,403],[146,203,344],[152,199,340],[150,202,343],
[148,200,341],[142,204,337],[144,201,338],[119,281,381],[118,279,380],[116,278,379],[120,282,378],[115,277,376],[117,280,377],[146,260,295],
[152,263,297],[144,264,298],[148,259,299],[150,262,300],[142,261,296],[41,131,250],[40,130,256],[42,127,258],[40,128,248],[41,132,252],
[42,129,254],[80,135,207],[84,140,208],[79,134,209],[81,136,205],[83,133,210],[82,138,206],[23,226,313],[25,234,318],[24,232,317],
[26,228,314],[27,236,315],[22,230,316],[68,90,345],[64,85,342],[66,87,339],[65,88,345],[69,86,342],[67,89,339],[82,390,427],
[80,388,428],[79,392,430],[81,386,433],[84,382,431],[83,384,434],[144,251,390],[146,257,388],[142,255,384],[152,249,392],[148,253,386],
[150,247,382],[69,149,389],[64,153,391],[67,143,383],[65,151,385],[68,147,387],[66,145,393],[31,158,276],[32,154,271],[33,159,273],
[28,157,272],[30,155,275],[29,156,274],[107,148,430],[103,142,427],[108,146,431],[106,152,433],[104,144,434],[105,150,428],[96,320,361],
[98,319,363],[93,321,359],[98,324,362],[93,322,358],[96,323,360],[125,193,253],[122,191,257],[121,192,247],[124,195,249],[126,194,255],
[123,190,251],[63,96,242],[61,98,240],[60,98,239],[58,93,238],[62,93,243],[59,96,241],[52,65,121],[53,66,123],[54,64,124],
[52,68,122],[54,69,125],[53,67,126],[178,358,376],[180,360,380],[176,363,379],[174,361,381],[172,359,378],[182,362,377],[178,342,397],
[174,342,405],[172,339,401],[176,345,395],[180,345,399],[182,339,403],[45,142,369],[48,152,375],[46,146,372],[44,144,368],[47,150,371],
[43,148,374],[170,357,360],[166,356,358],[167,352,363],[169,353,359],[171,354,361],[168,355,362],[49,171,272],[51,170,274],[50,168,273],
[50,169,276],[51,167,271],[49,166,275],[66,109,423],[69,114,422],[68,113,424],[64,112,425],[65,111,421],[67,110,426],[318,344,412],
[314,340,420],[316,343,414],[317,341,407],[313,337,417],[315,338,409],[52,73,160],[54,75,163],[52,77,165],[53,75,164],[53,73,162],
[54,77,161],[95,139,417],[92,137,420],[97,141,407],[94,137,409],[91,141,412],[99,139,414],[44,72,219],[46,76,217],[47,70,222],
[45,78,218],[48,74,224],[43,71,221],[40,214,216],[42,211,215],[41,212,213],[15,311,422],[15,312,425],[14,310,426],[14,309,423],
[13,307,421],[13,308,424],[56,143,151],[55,147,149],[57,145,153],[185,187,342],[186,189,339],[184,188,345],[212,403,417],[216,401,409],
[213,405,407],[214,399,412],[211,395,414],[215,397,420],[53,189,212],[52,184,214],[54,187,215],[52,188,211],[53,186,216],[54,185,213],
[33,345,367],[31,342,367],[29,342,370],[28,345,373],[30,339,373],[32,339,370],[29,172,393],[31,180,387],[28,182,383],[30,176,385],
[33,174,389],[32,178,391],[33,105,397],[32,103,405],[29,107,403],[31,106,395],[28,108,401],[30,104,399],[341,392,393],[338,384,385],
[337,390,391],[343,388,389],[344,382,383],[340,386,387],[22,387,425],[27,383,424],[25,385,423],[23,393,422],[24,391,426],[26,389,421],
[47,431,432],[43,433,435],[45,434,435],[44,427,429],[46,428,429],[48,430,432],[41,98,99],[40,96,97],[42,93,94],[40,92,93],
[41,91,96],[42,95,98],[77,78,393],[75,76,385],[72,77,383],[71,73,391],[73,74,389],[70,75,387],[12,236,398],[11,232,402],
[10,234,400],[9,228,394],[8,230,396],[7,226,404],[159,175,352],[158,181,356],[157,183,357],[156,173,354],[154,179,355],[155,177,353],
[238,303,319],[243,306,323],[239,305,322],[241,301,324],[240,302,320],[242,304,321],[103,185,293],[107,189,291],[106,188,294],[105,187,289],
[104,184,292],[108,186,290],[225,256,291],[220,254,293],[220,258,292],[225,248,294],[223,250,289],[223,252,290],[135,178,179],[134,182,183],
[133,180,181],[138,174,175],[140,172,173],[136,176,177],[171,325,423],[170,326,426],[169,328,421],[166,327,424],[167,329,422],[168,330,425],
[255,336,408],[257,331,413],[253,335,418],[247,333,410],[249,334,406],[251,332,415],[96,154,200],[98,156,204],[93,159,199],[93,157,201],
[98,158,202],[96,155,203],[143,167,315],[153,169,317],[151,168,318],[149,170,314],[147,171,316],[145,166,313],[6,139,281],[5,137,279],
[4,137,278],[3,141,282],[2,139,277],[1,141,280],[163,368,384],[165,374,392],[160,369,390],[164,375,386],[161,372,382],[162,371,388],
[12,318,328],[9,316,327],[8,314,329],[11,313,325],[7,317,330],[10,315,326],[155,283,433],[157,287,430],[158,288,434],[159,285,427],
[156,284,431],[154,286,428],[108,367,393],[107,367,383],[106,370,385],[105,373,391],[103,373,389],[104,370,387],[200,216,264],[204,215,263],
[199,214,260],[201,211,262],[202,213,259],[203,212,261],[114,187,190],[113,188,194],[112,185,191],[111,184,193],[110,186,195],[109,189,192],
[278,323,410],[282,324,415],[280,321,408],[279,319,413],[281,322,418],[277,320,406],[72,349,412],[76,350,409],[70,350,420],[78,349,407],
[74,351,414],[71,351,417],[21,225,357],[20,220,356],[19,225,353],[16,223,355],[18,220,352],[17,223,354],[47,183,236],[43,181,230],
[45,177,234],[44,179,232],[46,175,228],[48,173,226],[89,104,326],[87,103,325],[85,107,330],[90,105,327],[88,108,328],[86,106,329],
[345,366,411],[342,366,416],[342,365,419],[339,364,416],[345,364,419],[339,365,411],[42,56,105],[41,56,103],[40,57,104],[40,55,108],
[42,57,106],[41,55,107],[182,340,430],[172,343,431],[180,337,434],[176,341,433],[178,344,428],[174,338,427],[27,241,390],[26,240,392],
[25,238,388],[22,243,382],[24,239,386],[23,242,384],[224,244,276],[221,245,274],[218,245,271],[219,246,275],[222,244,273],[217,246,272],
[58,88,294],[63,87,290],[59,89,291],[61,86,293],[60,85,289],[62,90,292],[74,87,288],[71,90,284],[78,88,286],[76,86,287],
[70,89,285],[72,85,283],[71,339,413],[72,345,406],[70,342,408],[78,342,410],[74,345,415],[76,339,418],[41,90,146],[40,85,152],
[42,87,144],[41,88,150],[42,89,142],[40,86,148],[19,77,79],[18,75,83],[21,75,81],[16,77,84],[17,73,80],[20,73,82],
[11,258,379],[8,256,378],[9,252,377],[10,254,376],[12,250,381],[7,248,380],[47,141,354],[45,137,356],[44,139,352],[46,139,355],
[43,137,353],[48,141,357],[12,146,354],[11,142,352],[9,150,355],[10,144,356],[8,152,353],[7,148,357],[47,209,381],[44,207,379],
[45,205,376],[46,206,377],[43,210,378],[48,208,380],[288,395,423],[286,405,421],[284,403,424],[287,401,422],[285,397,426],[283,399,425],
[16,172,281],[20,174,278],[19,182,279],[17,178,280],[18,180,277],[21,176,282],[39,93,420],[35,96,412],[36,98,414],[34,96,407],
[37,98,417],[38,93,409],[45,283,336],[47,287,333],[43,288,335],[44,286,332],[46,285,331],[48,284,334],[101,293,350],[102,291,350],
[102,294,349],[101,292,351],[100,290,351],[100,289,349],[29,30,33],[28,31,32],[104,105,107],[103,106,108],[5,210,340],[2,207,337],
[3,208,341],[1,209,344],[4,205,338],[6,206,343],[31,230,253],[30,234,255],[29,226,249],[32,232,251],[28,236,247],[33,228,257],
[303,315,385],[304,317,393],[305,313,391],[302,316,389],[306,314,387],[301,318,383],[12,121,200],[10,126,199],[9,122,204],[7,124,203],
[8,125,201],[11,123,202],[221,296,320],[218,299,324],[224,300,322],[217,298,323],[222,297,319],[219,295,321],[72,92,408],[76,97,410],
[70,95,413],[78,99,415],[71,91,406],[74,94,418],[10,350,387],[11,351,389],[12,349,393],[8,350,385],[9,351,391],[7,349,383],
[46,261,293],[43,264,292],[44,262,289],[47,259,291],[45,263,294],[48,260,290],[142,311,438],[148,310,438],[146,309,436],[152,307,437],
[144,308,436],[150,312,437],[47,287,381],[48,284,380],[44,286,379],[43,288,378],[45,283,376],[46,285,377],[12,141,354],[11,139,352],
[9,139,355],[10,137,356],[7,141,357],[8,137,353],[10,254,387],[11,258,389],[12,250,393],[8,256,385],[7,248,383],[9,252,391],
[12,209,381],[10,205,376],[7,208,380],[11,207,379],[9,206,377],[8,210,378],[92,342,408],[97,342,410],[99,345,415],[94,339,418],
[95,339,413],[91,345,406],[78,286,410],[74,288,415],[72,283,406],[71,284,413],[76,287,418],[70,285,408],[221,274,296],[217,272,298],
[222,273,297],[219,275,295],[218,271,299],[224,276,300],[42,56,219],[41,55,222],[40,57,221],[40,55,224],[42,57,218],[41,56,217],
[70,89,326],[74,87,325],[71,90,327],[78,88,328],[72,85,330],[76,86,329],[72,349,408],[76,350,410],[74,351,418],[70,350,413],
[71,351,406],[78,349,415],[221,277,320],[218,282,324],[217,278,323],[219,280,321],[224,281,322],[222,279,319],[121,200,216],[122,204,215],
[126,199,214],[124,203,212],[123,202,213],[125,201,211],[283,336,433],[287,333,430],[285,331,427],[288,335,434],[286,332,428],[284,334,431],
[7,148,330],[12,146,328],[11,142,325],[9,150,327],[10,144,326],[8,152,329],[161,206,382],[162,209,388],[160,205,390],[163,207,384],
[164,208,386],[165,210,392],[166,313,391],[167,315,385],[168,318,383],[171,316,389],[170,314,387],[169,317,393],[12,96,200],[9,98,204],
[10,93,199],[11,98,202],[7,96,203],[8,93,201],[96,155,412],[98,156,417],[93,159,420],[93,157,409],[98,158,414],[96,154,407],
[264,336,408],[263,335,418],[261,332,415],[260,333,410],[259,334,406],[262,331,413],[326,397,426],[325,395,423],[328,405,421],[327,403,424],
[330,399,425],[329,401,422],[101,254,293],[101,258,292],[102,248,294],[100,252,290],[102,256,291],[100,250,289],[21,225,256],[19,225,248],
[18,220,254],[20,220,258],[17,223,252],[16,223,250],[238,303,315],[242,304,317],[243,306,314],[239,305,313],[241,301,318],[240,302,316],
[12,183,236],[9,175,228],[8,181,230],[7,173,226],[11,179,232],[10,177,234],[75,303,385],[77,301,383],[77,304,393],[73,305,391],
[73,302,389],[75,306,387],[78,367,393],[72,367,383],[76,370,385],[71,373,391],[70,370,387],[74,373,389],[41,98,103],[40,93,104],
[40,96,108],[41,96,107],[42,98,105],[42,93,106],[47,236,432],[45,234,435],[44,232,429],[46,228,429],[48,226,432],[43,230,435],
[27,241,424],[26,240,421],[25,238,423],[22,243,425],[23,242,422],[24,239,426],[29,107,189],[31,106,188],[28,108,186],[30,104,184],
[33,105,187],[32,103,185],[22,180,387],[27,182,383],[25,176,385],[23,172,393],[26,174,389],[24,178,391],[33,345,366],[32,339,365],
[31,342,366],[29,342,365],[30,339,364],[28,345,364],[216,401,410],[213,405,415],[214,399,408],[211,395,418],[215,397,413],[212,403,406],
[189,212,417],[187,215,420],[186,216,409],[185,213,407],[184,214,412],[188,211,414],[58,294,410],[63,290,415],[59,291,408],[61,293,418],
[62,292,413],[60,289,406],[72,92,219],[76,97,217],[70,95,222],[78,99,218],[71,91,221],[74,94,224],[3,141,412],[6,139,417],
[4,137,420],[5,137,409],[1,141,407],[2,139,414],[113,284,424],[109,288,423],[114,287,422],[112,283,425],[110,285,426],[111,286,421],
[51,170,326],[49,166,327],[51,167,329],[49,171,325],[50,168,330],[50,169,328],[43,374,433],[48,375,430],[44,368,427],[45,369,434],
[46,372,428],[47,371,431],[178,187,342],[174,185,342],[172,186,339],[176,188,345],[180,184,345],[182,189,339],[176,341,363],[182,340,362],
[172,343,359],[178,344,358],[174,338,361],[180,337,360],[38,62,93],[37,61,98],[35,63,96],[36,60,98],[34,59,96],[39,58,93],
[138,193,253],[134,194,255],[135,195,249],[140,190,251],[133,191,257],[136,192,247],[33,159,292],[28,157,294],[30,155,291],[29,156,289],
[31,158,293],[32,154,290],[56,143,383],[56,151,385],[55,149,389],[57,153,391],[57,145,393],[55,147,387],[42,67,89],[41,68,90],
[40,64,85],[42,66,87],[40,69,86],[41,65,88],[22,230,253],[25,234,255],[23,226,249],[24,232,251],[26,228,257],[27,236,247],
[133,210,340],[135,207,337],[140,208,341],[134,209,344],[138,206,343],[136,205,338],[41,99,131],[40,97,130],[42,94,127],[40,92,128],
[42,95,129],[41,91,132],[41,146,295],[40,152,297],[42,144,298],[41,150,300],[40,148,299],[42,142,296],[6,281,381],[5,279,380],
[4,278,379],[3,282,378],[1,280,377],[2,277,376],[10,206,315],[12,207,318],[9,208,316],[11,210,313],[8,209,314],[7,205,317],
[101,322,350],[100,324,351],[102,321,350],[102,323,349],[101,319,351],[100,320,349],[283,366,411],[286,366,416],[285,365,419],[288,364,419],
[287,365,411],[284,364,416],[214,350,387],[213,351,389],[216,349,393],[211,350,385],[215,351,391],[212,349,383],[253,277,335],[247,279,333],
[257,278,331],[249,281,334],[251,280,332],[255,282,336],[87,183,229],[85,175,237],[88,181,227],[86,179,235],[89,173,231],[90,177,233],
[32,128,363],[33,130,362],[31,132,359],[30,131,358],[28,129,361],[29,127,360],[29,59,89],[31,58,88],[32,61,86],[30,62,90],
[28,63,87],[33,60,85],[44,54,185],[48,53,189],[45,52,184],[43,52,188],[47,53,186],[46,54,187],[120,178,428],[119,180,434],
[118,174,427],[116,182,430],[117,176,433],[115,172,431],[80,364,397],[81,365,395],[82,364,405],[83,365,399],[79,366,403],[84,366,401],
[6,343,354],[2,337,356],[4,338,352],[5,340,357],[3,341,353],[1,344,355],[145,166,249],[153,169,251],[151,168,255],[149,170,257],
[147,171,253],[143,167,247],[16,202,281],[20,201,278],[19,199,279],[17,203,280],[21,200,282],[18,204,277],[241,290,390],[239,293,386],
[238,292,388],[240,289,392],[242,291,384],[243,294,382],[47,354,378],[45,356,380],[44,352,381],[48,357,377],[43,353,379],[46,355,376],
[17,296,320],[19,295,321],[16,299,324],[20,300,322],[21,298,323],[18,297,319],[10,243,350],[12,242,349],[11,240,351],[8,238,350],
[7,241,349],[9,239,351],[35,345,367],[34,342,367],[39,342,370],[36,345,373],[38,339,370],[37,339,373],[218,311,422],[222,312,425],
[221,310,426],[217,309,423],[224,307,421],[219,308,424],[47,83,274],[45,84,276],[46,81,271],[48,82,272],[43,80,275],[44,79,273],
[87,160,369],[85,165,374],[89,163,368],[86,164,375],[90,162,371],[88,161,372],[104,107,219],[106,108,217],[103,106,224],[103,108,218],
[104,105,222],[105,107,221],[74,252,414],[70,256,420],[72,250,412],[78,248,407],[71,258,417],[76,254,409],[155,330,433],[154,328,428],
[158,325,434],[159,326,427],[157,329,430],[156,327,431],[114,174,190],[110,182,195],[113,180,194],[109,172,192],[112,178,191],[111,176,193],
[33,71,397],[32,74,405],[31,76,395],[28,78,401],[30,70,399],[29,72,403],[31,253,404],[30,255,402],[29,249,396],[32,251,400],
[33,257,398],[28,247,394],[104,296,326],[103,298,325],[107,297,330],[105,295,327],[106,299,329],[108,300,328],[6,115,206],[3,117,208],
[5,116,210],[2,119,207],[1,120,209],[4,118,205],[12,121,423],[10,126,424],[9,122,425],[7,124,426],[11,123,422],[8,125,421],
[19,79,238],[21,81,241],[16,84,239],[20,82,243],[18,83,240],[17,80,242],[159,236,352],[158,226,356],[155,232,353],[157,228,357],
[156,230,354],[154,234,355],[85,341,393],[86,340,387],[87,337,391],[89,338,385],[88,344,383],[90,343,389],[181,343,388],[179,341,392],
[183,338,384],[173,337,390],[175,340,386],[177,344,382],[108,153,290],[107,151,291],[104,149,292],[106,143,294],[105,145,289],[103,147,293],
[22,239,322],[26,238,319],[27,243,323],[24,241,324],[25,242,321],[23,240,320],[159,175,254],[158,181,258],[157,183,256],[156,173,252],
[155,177,248],[154,179,250],[14,225,357],[13,220,356],[13,225,353],[15,223,355],[14,223,354],[15,220,352],[134,183,411],[133,181,419],
[138,175,419],[136,177,411],[135,179,416],[140,173,416],[42,211,292],[41,212,290],[41,213,289],[40,216,291],[42,215,293],[40,214,294],
[30,33,39],[28,31,38],[31,32,36],[28,32,34],[29,30,35],[29,33,37],[14,49,309],[14,51,310],[13,50,307],[13,49,308],
[15,51,311],[15,50,312],[199,224,244],[203,217,246],[200,221,245],[204,218,245],[201,219,246],[202,222,244],[29,172,333],[31,180,336],
[28,182,334],[30,176,335],[33,174,332],[32,178,331],[29,118,226],[31,120,230],[30,115,234],[32,116,232],[33,117,228],[28,119,236],
[12,196,398],[8,198,396],[11,197,402],[9,198,394],[7,197,404],[10,196,400],[16,172,417],[20,174,420],[19,182,409],[17,178,407],
[21,176,412],[18,180,414],[19,77,249],[18,75,255],[21,75,253],[16,77,247],[20,73,251],[17,73,257],[134,182,432],[133,180,435],
[135,178,429],[136,176,435],[138,174,429],[140,172,432],[212,261,348],[216,264,347],[215,263,346],[214,260,347],[211,262,346],[213,259,348],
[108,213,393],[107,214,383],[106,216,385],[105,212,391],[104,215,387],[103,211,389],[25,278,410],[23,282,415],[27,280,408],[24,277,406],
[22,279,413],[26,281,418],[80,114,187],[81,113,188],[82,112,185],[83,111,184],[79,109,189],[84,110,186],[251,390,427],[249,392,430],
[257,388,428],[253,386,433],[255,384,434],[247,382,431],[146,344,412],[142,337,417],[152,340,420],[150,343,414],[144,338,409],[148,341,407],
[170,309,360],[168,311,362],[167,312,363],[166,307,358],[171,310,361],[169,308,359],[111,234,244],[114,228,245],[112,232,244],[113,230,246],
[109,226,246],[110,236,245],[64,106,433],[69,107,430],[67,103,427],[66,104,434],[65,105,428],[68,108,431],[105,184,346],[103,186,348],
[106,185,346],[104,189,347],[108,188,347],[107,187,348],[102,127,145],[100,130,149],[102,132,147],[101,128,153],[100,129,143],[101,131,151],
[121,295,383],[124,299,393],[122,300,389],[125,297,387],[123,296,391],[126,298,385],[96,274,361],[98,271,362],[98,273,363],[96,272,360],
[93,275,359],[93,276,358],[91,389,404],[92,393,400],[99,383,402],[94,391,396],[95,385,394],[97,387,398],[187,309,368],[189,307,371],
[186,312,375],[188,310,369],[184,311,374],[185,308,372],[65,121,412],[66,123,417],[69,125,420],[64,124,407],[67,126,409],[68,122,414],
[39,267,381],[37,268,378],[34,269,376],[36,270,380],[35,266,379],[38,265,377],[198,278,305],[197,281,301],[198,277,303],[197,280,302],
[196,282,306],[196,279,304],[53,162,373],[52,160,373],[53,164,370],[54,163,370],[54,161,367],[52,165,367],[61,106,256],[60,107,248],
[59,104,254],[63,103,258],[62,105,252],[58,108,250],[24,53,408],[26,52,410],[23,54,418],[27,52,413],[22,54,406],[25,53,415],
[111,311,402],[114,309,398],[113,310,404],[110,312,394],[109,307,396],[112,308,400],[116,273,373],[115,276,370],[117,271,373],[118,272,367],
[120,275,370],[119,274,367],[314,316,439],[315,318,440],[313,317,441],[13,244,424],[14,246,426],[15,244,422],[15,245,425],[14,245,423],
[13,246,421],[196,214,216],[198,211,215],[197,212,213],[93,145,153],[96,147,149],[98,143,151],[40,185,187],[41,184,188],[42,186,189],
[171,197,295],[169,196,297],[166,198,298],[168,197,300],[170,196,299],[167,198,296],[211,363,374],[212,362,375],[213,361,368],[214,360,369],
[215,358,372],[216,359,371],[114,325,419],[110,330,411],[109,328,416],[112,327,416],[113,326,419],[111,329,411],[306,326,384],[302,325,390],
[305,327,388],[304,328,382],[301,330,392],[303,329,386],[237,354,382],[233,352,390],[235,356,384],[231,353,386],[229,355,388],[227,357,392],
[16,300,348],[20,298,346],[21,299,347],[17,295,348],[19,297,347],[18,296,346],[237,284,390],[235,288,388],[227,287,384],[233,285,386],
[231,283,382],[229,286,392],[187,249,265],[186,251,267],[184,257,269],[188,247,268],[185,253,266],[189,255,270],[93,220,263],[96,225,260],
[98,220,262],[93,225,264],[96,223,259],[98,223,261],[22,149,248],[27,151,252],[25,143,258],[23,153,256],[26,147,250],[24,145,254],
[17,262,316],[19,259,317],[16,260,318],[20,261,313],[18,264,315],[21,263,314],[218,239,341],[222,240,340],[224,243,343],[219,238,344],
[217,241,338],[221,242,337],[220,270,348],[225,265,346],[225,266,348],[223,268,346],[223,269,347],[220,267,347],[64,387,397],[67,391,403],
[66,385,401],[68,383,399],[65,389,395],[69,393,405],[6,173,320],[1,179,324],[2,181,322],[5,183,323],[4,175,319],[3,177,321],
[58,185,428],[62,189,431],[60,184,433],[63,188,434],[61,186,430],[59,187,427],[244,379,436],[246,380,437],[245,381,437],[246,378,438],
[245,377,436],[244,376,438],[163,256,322],[165,250,323],[162,258,324],[164,254,321],[160,252,319],[161,248,320],[128,297,336],[130,299,333],
[127,298,335],[131,300,332],[132,295,334],[129,296,331],[115,326,337],[116,325,338],[119,328,343],[118,330,340],[117,327,344],[120,329,341],
[238,304,381],[240,303,378],[241,306,376],[239,301,380],[242,302,379],[243,305,377],[151,295,371],[153,299,375],[147,300,372],[149,297,374],
[145,296,368],[143,298,369],[55,184,332],[57,186,331],[56,189,335],[56,188,334],[57,187,333],[55,185,336],[71,184,204],[74,186,202],
[70,189,199],[78,188,200],[72,187,203],[76,185,201],[134,371,424],[133,374,425],[135,368,426],[136,369,423],[140,375,422],[138,372,421],
[6,274,404],[2,276,396],[1,271,402],[5,272,398],[4,273,394],[3,275,400],[35,297,341],[38,299,340],[36,298,337],[34,300,344],
[37,295,343],[39,296,338],[6,236,419],[2,234,416],[4,232,411],[1,228,411],[5,226,419],[3,230,416],[61,111,373],[62,112,370],
[60,110,373],[58,109,370],[59,113,367],[63,114,367],[208,237,320],[210,235,322],[209,227,323],[205,231,321],[206,233,319],[207,229,324],
[38,57,397],[34,55,399],[39,57,401],[37,56,395],[36,56,403],[35,55,405],[56,335,403],[56,334,395],[57,333,397],[55,332,399],
[57,331,401],[55,336,405],[297,336,341],[299,333,340],[298,335,337],[300,332,344],[296,331,338],[295,334,343],[237,248,320],[235,256,322],
[233,252,319],[227,250,323],[229,258,324],[231,254,321],[6,320,404],[1,324,402],[2,322,396],[5,323,398],[3,321,400],[4,319,394],
[35,69,405],[38,64,397],[34,68,399],[37,65,395],[36,67,403],[39,66,401],[93,225,266],[96,223,268],[93,220,270],[96,225,265],
[98,220,267],[98,223,269],[207,229,392],[208,237,390],[210,235,388],[209,227,384],[205,231,382],[206,233,386],[41,188,268],[40,185,266],
[42,189,270],[40,187,265],[41,184,269],[42,186,267],[244,424,438],[246,426,437],[245,425,436],[244,422,436],[246,421,438],[245,423,437],
[111,116,373],[112,115,370],[110,117,373],[114,119,367],[109,120,370],[113,118,367],[58,163,370],[63,165,367],[59,161,367],[61,162,373],
[60,160,373],[62,164,370],[198,298,305],[197,300,301],[198,296,303],[197,295,302],[196,297,304],[196,299,306],[39,267,333],[34,269,336],
[36,270,334],[37,268,335],[38,265,331],[35,266,332],[121,151,295],[124,153,299],[122,147,300],[125,149,297],[126,143,298],[123,145,296],
[93,102,145],[96,100,149],[98,101,151],[98,100,143],[96,102,147],[93,101,153],[104,267,347],[103,270,348],[107,266,348],[105,268,346],
[108,269,347],[106,265,346],[19,264,347],[17,259,348],[20,263,346],[16,261,348],[18,262,346],[21,260,347],[134,424,432],[133,425,435],
[140,422,432],[135,426,429],[138,421,429],[136,423,435],[19,249,317],[17,257,316],[18,255,315],[21,253,314],[16,247,318],[20,251,313],
[9,198,211],[11,197,212],[7,197,213],[12,196,214],[10,196,216],[8,198,215],[13,199,244],[15,202,244],[13,201,246],[14,203,246],
[15,204,245],[14,200,245],[2,179,416],[4,177,411],[1,183,411],[3,173,416],[6,175,419],[5,181,419],[6,173,390],[2,181,388],
[1,179,392],[5,183,384],[3,177,382],[4,175,386],[35,85,341],[38,86,340],[39,89,338],[36,87,337],[37,90,343],[34,88,344],
[230,237,354],[229,234,355],[233,236,352],[227,228,357],[226,235,356],[231,232,353],[79,219,238],[80,221,242],[81,217,241],[82,224,243],
[84,218,239],[83,222,240],[6,115,326],[2,119,328],[1,120,329],[5,116,325],[4,118,330],[3,117,327],[113,180,326],[114,174,325],
[110,182,330],[109,172,328],[111,176,329],[112,178,327],[78,200,248],[70,199,256],[76,201,254],[72,203,250],[71,204,258],[74,202,252],
[87,143,369],[85,149,374],[88,147,372],[90,151,371],[86,153,375],[89,145,368],[6,83,274],[2,84,276],[1,81,271],[5,82,272],
[4,79,273],[3,80,275],[218,311,341],[222,312,340],[221,310,337],[219,308,344],[217,309,338],[224,307,343],[17,262,320],[19,259,321],
[16,260,324],[20,261,322],[21,263,323],[18,264,319],[19,199,297],[16,202,300],[20,201,298],[17,203,295],[18,204,296],[21,200,299],
[171,185,253],[167,188,247],[166,187,249],[169,186,251],[168,189,255],[170,184,257],[120,185,428],[119,188,434],[118,187,427],[116,186,430],
[115,189,431],[117,184,433],[44,58,185],[48,62,189],[45,60,184],[43,63,188],[46,59,187],[47,61,186],[111,287,411],[110,283,411],
[112,284,416],[109,286,416],[113,285,419],[114,288,419],[161,320,349],[163,322,350],[162,324,351],[164,321,350],[165,323,349],[160,319,351],
[11,210,322],[9,208,320],[8,209,323],[12,207,324],[7,205,321],[10,206,319],[41,171,295],[40,169,297],[42,166,298],[41,168,300],
[42,167,296],[40,170,299],[140,341,375],[133,340,374],[138,343,372],[134,344,371],[135,337,368],[136,338,369],[55,185,387],[55,184,389],
[57,186,391],[56,189,385],[56,188,383],[57,187,393],[36,56,60],[38,57,62],[35,55,63],[39,57,58],[34,55,59],[37,56,61],
[71,180,184],[70,182,189],[78,176,188],[74,172,186],[72,178,187],[76,174,185],[211,374,433],[212,375,430],[213,368,427],[214,369,434],
[216,371,431],[215,372,428],[51,306,326],[50,304,328],[49,305,327],[51,303,329],[50,301,330],[49,302,325],[114,287,384],[113,284,390],
[109,288,388],[112,283,382],[110,285,386],[111,286,392],[22,149,180],[27,151,182],[25,143,176],[23,153,172],[24,145,178],[26,147,174],
[238,304,423],[240,303,421],[239,301,426],[241,306,424],[243,305,425],[242,302,422],[6,236,432],[2,234,435],[4,232,429],[1,228,429],
[3,230,435],[5,226,432],[93,106,264],[93,104,263],[98,105,261],[98,103,262],[96,107,260],[96,108,259],[73,302,379],[77,304,381],
[73,305,377],[75,303,378],[75,306,376],[77,301,380],[239,313,441],[242,317,441],[240,316,439],[241,318,440],[238,315,440],[243,314,439],
[26,100,250],[24,101,254],[25,101,258],[22,102,248],[27,100,252],[23,102,256],[326,337,397],[325,338,395],[328,343,405],[329,341,401],
[327,344,403],[330,340,399],[128,264,336],[127,263,335],[131,261,332],[129,262,331],[130,260,333],[132,259,334],[64,170,387],[67,166,391],
[66,167,385],[68,168,383],[69,169,393],[65,171,389],[206,237,382],[209,229,388],[205,233,390],[207,235,384],[208,231,386],[210,227,392],
[125,211,363],[124,212,362],[121,216,359],[122,215,358],[123,213,361],[126,214,360],[70,326,384],[74,325,390],[71,327,388],[78,328,382],
[76,329,386],[72,330,392],[310,378,438],[307,380,437],[312,381,437],[311,376,438],[309,377,436],[308,379,436],[111,234,311],[110,236,312],
[114,228,309],[109,226,307],[112,232,308],[113,230,310],[189,307,358],[187,309,360],[186,312,363],[185,308,359],[188,310,361],[184,311,362],
[14,49,357],[13,50,356],[13,49,353],[15,51,355],[15,50,352],[14,51,354],[108,153,213],[107,151,214],[106,143,216],[105,145,212],
[103,147,211],[104,149,215],[26,238,292],[27,243,294],[25,242,291],[23,240,289],[24,241,290],[22,239,293],[6,354,378],[2,356,380],
[4,352,381],[5,357,377],[1,355,376],[3,353,379],[80,114,397],[81,113,395],[82,112,405],[83,111,399],[84,110,401],[79,109,403],
[33,85,117],[32,86,116],[29,89,118],[28,87,119],[30,90,115],[31,88,120],[97,214,387],[91,213,389],[99,212,383],[92,216,393],
[95,211,385],[94,215,391],[24,251,427],[23,249,430],[26,257,428],[27,247,431],[22,253,433],[25,255,434],[33,39,292],[28,38,294],
[30,35,291],[29,37,289],[32,34,290],[31,36,293],[138,253,404],[134,255,402],[135,249,396],[140,251,400],[136,247,394],[133,257,398],
[32,341,363],[33,340,362],[31,343,359],[30,344,358],[29,337,360],[28,338,361],[3,146,412],[6,142,417],[1,148,407],[4,152,420],
[2,150,414],[5,144,409],[97,106,217],[92,107,219],[95,104,222],[94,103,224],[99,108,218],[91,105,221],[16,189,417],[20,187,420],
[19,186,409],[17,185,407],[18,188,414],[21,184,412],[58,216,410],[63,213,415],[59,214,408],[61,211,418],[60,212,406],[62,215,413],
[33,71,366],[32,74,365],[31,76,366],[28,78,364],[29,72,365],[30,70,364],[29,189,333],[31,188,336],[28,186,334],[30,184,335],
[32,185,331],[33,187,332],[35,78,367],[36,71,373],[34,72,367],[39,76,370],[37,74,373],[38,70,370],[12,87,183],[9,85,175],
[8,88,181],[11,86,179],[10,90,177],[7,89,173],[21,106,256],[19,107,248],[18,104,254],[20,103,258],[16,108,250],[17,105,252],
[121,155,412],[123,156,417],[125,159,420],[122,158,414],[124,154,407],[126,157,409],[12,96,274],[9,98,271],[10,93,276],[8,93,275],
[7,96,272],[11,98,273],[148,155,330],[146,154,328],[150,156,327],[144,159,326],[152,157,329],[142,158,325],[64,336,433],[69,333,430],
[67,331,427],[66,335,434],[68,334,431],[65,332,428],[219,251,280],[222,247,279],[221,253,277],[218,255,282],[217,257,278],[224,249,281],
[24,349,408],[26,350,410],[23,351,418],[27,350,413],[25,349,415],[22,351,406],[42,67,219],[41,68,222],[40,64,221],[42,66,218],
[41,65,217],[40,69,224],[104,274,296],[103,272,298],[107,273,297],[105,275,295],[108,276,300],[106,271,299],[26,287,418],[25,286,410],
[22,284,413],[23,288,415],[27,285,408],[24,283,406],[99,131,345],[97,130,342],[94,127,339],[92,128,342],[95,129,339],[91,132,345],
[9,206,425],[12,209,423],[10,205,424],[7,208,426],[8,210,421],[11,207,422],[159,254,387],[158,258,389],[157,256,385],[156,252,391],
[154,250,393],[155,248,383],[10,137,243],[9,139,239],[12,141,242],[11,139,240],[7,141,241],[8,137,238],[6,287,381],[5,284,380],
[4,286,379],[3,288,378],[2,283,376],[1,285,377],[213,262,289],[211,264,292],[216,259,291],[212,260,290],[214,263,294],[215,261,293],
[14,314,316],[13,313,317],[15,315,318],[22,26,366],[25,27,364],[23,24,365],[33,92,177],[31,99,179],[30,91,173],[28,94,181],
[32,97,183],[29,95,175],[190,191,436],[193,194,438],[192,195,437],[17,20,102],[16,19,101],[18,21,100],[87,363,441],[88,361,440],
[89,358,440],[90,362,439],[85,360,441],[86,359,439],[5,337,339],[2,344,345],[1,340,342],[4,341,342],[6,338,339],[3,343,345],
[155,335,365],[157,334,366],[159,332,364],[154,331,364],[158,336,365],[156,333,366],[9,170,222],[10,168,219],[11,169,218],[12,167,217],
[8,171,224],[7,166,221],[102,213,224],[102,215,221],[101,212,219],[101,216,218],[100,214,222],[100,211,217],[111,375,415],[113,368,406],
[110,374,413],[112,371,408],[109,372,418],[114,369,410],[60,65,136],[62,66,140],[63,68,133],[58,64,135],[59,69,138],[61,67,134],
[34,81,103],[35,80,104],[36,84,106],[39,79,105],[37,83,107],[38,82,108],[44,125,322],[46,124,320],[43,121,323],[47,123,324],
[48,126,321],[45,122,319],[33,69,111],[32,64,110],[31,68,112],[30,65,109],[28,67,113],[29,66,114],[145,259,267],[151,264,268],
[153,261,265],[147,263,269],[143,260,270],[149,262,266],[73,137,233],[77,139,237],[73,141,229],[75,139,235],[75,141,231],[77,137,227],
[111,155,378],[110,157,380],[112,154,377],[109,156,381],[114,159,379],[113,158,376],[180,237,274],[172,235,276],[174,227,272],[182,233,273],
[176,229,271],[178,231,275],[200,304,353],[199,306,357],[201,303,352],[204,305,356],[203,301,355],[202,302,354],[78,214,336],[72,213,332],
[71,211,335],[74,212,334],[76,215,331],[70,216,333],[92,151,289],[97,143,293],[91,145,292],[99,153,294],[94,147,290],[95,149,291],
[43,127,275],[47,130,274],[46,129,271],[45,128,276],[48,132,272],[44,131,273],[116,364,405],[115,365,399],[117,364,397],[118,366,403],
[119,366,401],[120,365,395],[128,293,363],[130,289,362],[132,294,359],[131,292,358],[127,291,360],[129,290,361],[87,229,375],[85,237,368],
[88,227,369],[86,235,372],[89,231,371],[90,233,374],[81,138,193],[84,136,192],[80,133,191],[79,135,195],[83,134,194],[82,140,190],
[9,397,413],[10,399,408],[8,395,418],[12,401,410],[11,405,415],[7,403,406],[155,264,408],[156,259,406],[158,263,418],[159,262,413],
[154,261,415],[157,260,410],[26,162,209],[25,163,207],[22,164,208],[23,165,210],[27,161,206],[24,160,205],[56,219,264],[57,221,259],
[55,224,263],[57,218,261],[55,222,262],[56,217,260],[26,44,262],[24,46,261],[25,43,264],[23,47,259],[27,48,260],[22,45,263],
[44,267,289],[46,269,293],[43,266,292],[48,265,290],[45,270,294],[47,268,291],[63,146,436],[59,148,438],[62,144,436],[60,150,437],
[61,142,438],[58,152,437],[142,311,441],[148,310,441],[150,312,439],[146,309,440],[144,308,440],[152,307,439],[49,210,439],[51,206,439],
[50,207,441],[49,208,441],[51,209,440],[50,205,440],[266,267,268],[265,269,270],[397,399,403],[395,401,405],[16,44,169],[18,46,170],
[17,48,166],[19,45,168],[20,43,171],[21,47,167],[298,433,441],[297,434,441],[296,428,440],[295,430,439],[300,427,440],[299,431,439],
[311,434,441],[312,431,439],[310,433,441],[309,428,440],[307,430,439],[308,427,440],[16,44,267],[19,45,270],[17,48,265],[21,47,268],
[18,46,269],[20,43,266],[155,219,264],[159,222,262],[156,221,259],[158,224,263],[157,217,260],[154,218,261],[120,395,405],[119,395,401],
[115,399,403],[116,401,405],[117,397,399],[118,397,403],[45,128,293],[47,130,289],[48,132,294],[44,131,292],[46,129,290],[43,127,291],
[92,267,289],[99,270,294],[91,266,292],[97,269,293],[95,268,291],[94,265,290],[262,266,268],[259,266,267],[261,265,270],[263,265,269],
[260,269,270],[264,267,268],[26,44,125],[24,46,124],[25,43,121],[23,47,123],[27,48,126],[22,45,122],[84,106,136],[80,104,133],
[79,105,135],[81,103,138],[82,108,140],[83,107,134],[60,65,437],[61,67,438],[63,68,436],[59,69,438],[58,64,437],[62,66,436],
[12,114,410],[9,110,413],[10,112,408],[11,111,415],[7,113,406],[8,109,418],[229,375,415],[237,368,406],[227,369,410],[235,372,418],
[233,374,413],[231,371,408],[9,18,170],[12,21,167],[11,16,169],[7,17,166],[10,19,168],[8,20,171],[7,221,403],[8,224,395],
[9,222,397],[10,219,399],[12,217,401],[11,218,405],[155,365,378],[157,366,380],[159,364,379],[156,366,381],[158,365,376],[154,364,377],
[297,360,441],[300,361,440],[298,363,441],[299,359,439],[296,358,440],[295,362,439],[85,368,441],[87,375,441],[88,369,440],[90,374,439],
[86,372,439],[89,371,440],[16,101,216],[20,102,213],[18,100,214],[17,102,215],[21,100,211],[19,101,212],[84,192,437],[81,193,438],
[82,190,436],[80,191,436],[79,195,437],[83,194,438],[29,95,149],[33,92,151],[32,97,143],[28,94,147],[31,99,153],[30,91,145],
[111,116,364],[109,120,365],[112,115,365],[110,117,364],[113,118,366],[114,119,366],[1,285,340],[4,286,341],[6,287,338],[5,284,337],
[3,288,343],[2,283,344],[137,233,243],[139,237,239],[141,229,242],[139,235,240],[137,227,238],[141,231,241],[2,131,345],[1,130,342],
[5,127,339],[4,128,342],[3,132,345],[6,129,339],[26,162,287],[22,164,284],[25,163,286],[23,165,288],[24,160,283],[27,161,285],
[111,148,155],[112,146,154],[109,150,156],[114,144,159],[113,142,158],[110,152,157],[12,130,274],[9,129,271],[10,128,276],[8,127,275],
[11,131,273],[7,132,272],[121,155,408],[124,154,415],[123,156,406],[125,159,413],[126,157,410],[122,158,418],[39,76,215],[38,70,216],
[35,78,214],[37,74,212],[34,72,213],[36,71,211],[25,70,364],[26,71,366],[27,78,364],[23,72,365],[24,74,365],[22,76,366],
[4,58,152],[3,63,146],[5,62,144],[2,60,150],[6,61,142],[1,59,148],[24,261,427],[22,263,433],[23,259,430],[26,262,428],
[25,264,434],[27,260,431],[97,214,336],[92,216,333],[94,215,331],[91,213,332],[95,211,335],[99,212,334],[143,216,218],[149,215,221],
[147,211,217],[151,214,222],[145,212,219],[153,213,224],[49,357,439],[50,356,441],[49,353,441],[50,352,440],[51,355,440],[51,354,439],
[125,293,363],[124,289,362],[121,294,359],[122,292,358],[123,290,361],[126,291,360],[27,100,206],[25,101,207],[22,102,208],[26,100,209],
[23,102,210],[24,101,205],[152,243,439],[142,239,441],[148,242,441],[150,240,439],[144,238,440],[146,241,440],[75,231,378],[77,227,380],
[73,233,379],[77,237,381],[75,235,376],[73,229,377],[306,357,424],[304,353,423],[303,352,421],[305,356,425],[302,354,422],[301,355,426],
[51,206,306],[50,207,304],[49,208,305],[51,209,303],[49,210,302],[50,205,301],[56,60,136],[57,62,140],[55,63,133],[57,58,135],
[56,61,134],[55,59,138],[11,125,322],[9,124,320],[8,121,323],[12,123,324],[10,122,319],[7,126,321],[33,111,287],[32,110,283],
[31,112,284],[30,109,286],[29,114,288],[28,113,285],[44,58,169],[48,62,166],[45,60,168],[43,63,171],[47,61,167],[46,59,170],
[200,248,304],[199,256,306],[201,254,303],[202,252,302],[204,258,305],[203,250,301],[180,237,326],[176,229,329],[174,227,325],[182,233,330],
[178,231,327],[172,235,328],[35,80,221],[38,82,224],[39,79,219],[34,81,217],[37,83,222],[36,84,218],[1,32,183],[4,33,177],
[2,31,179],[3,30,173],[5,28,181],[6,29,175],[13,251,313],[15,247,318],[14,253,314],[15,255,315],[13,249,317],[14,257,316],
[19,56,264],[17,57,259],[20,55,263],[16,57,261],[21,56,260],[18,55,262],[121,151,268],[124,153,265],[122,147,269],[125,149,266],
[123,145,267],[126,143,270],[300,301,427],[298,305,433],[296,303,428],[295,302,430],[299,306,431],[297,304,434],[207,392,441],[208,390,441],
[205,382,440],[210,388,439],[206,386,439],[209,384,440],[35,69,111],[38,64,110],[34,68,112],[37,65,109],[39,66,114],[36,67,113],
[237,248,274],[235,256,276],[233,252,273],[227,250,272],[231,254,275],[229,258,271],[155,335,403],[157,334,395],[159,332,399],[154,331,401],
[156,333,397],[158,336,405],[67,219,251],[68,222,247],[64,221,253],[66,218,255],[69,224,249],[65,217,257],[21,97,106],[19,92,107],
[18,95,104],[20,94,103],[17,91,105],[16,99,108],[26,39,292],[27,38,294],[25,35,291],[23,37,289],[22,36,293],[24,34,290],
[16,189,358],[20,187,360],[19,186,363],[17,185,359],[21,184,362],[18,188,361],[6,310,378],[3,308,379],[2,307,380],[4,312,381],
[5,309,377],[1,311,376],[206,237,425],[209,229,423],[205,233,424],[210,227,421],[207,235,422],[208,231,426],[64,170,336],[69,169,333],
[67,166,331],[66,167,335],[65,171,332],[68,168,334],[114,337,397],[109,344,403],[113,338,395],[112,343,405],[111,340,399],[110,341,401],
[106,128,264],[104,127,263],[105,131,261],[103,129,262],[108,132,259],[107,130,260],[70,114,384],[74,113,390],[71,109,388],[78,112,382],
[72,111,392],[76,110,386],[71,149,180],[70,151,182],[78,143,176],[74,153,172],[76,147,174],[72,145,178],[157,189,385],[155,188,383],
[156,186,391],[158,184,389],[154,187,393],[159,185,387],[32,341,375],[33,340,374],[31,343,372],[30,344,371],[28,338,369],[29,337,368],
[24,161,349],[26,163,350],[23,162,351],[27,164,350],[22,160,351],[25,165,349],[120,171,185],[119,167,188],[118,166,187],[116,169,186],
[117,170,184],[115,168,189],[213,262,320],[211,264,319],[216,259,321],[212,260,324],[215,261,322],[214,263,323],[12,87,143],[9,85,149],
[8,88,147],[10,90,151],[7,89,145],[11,86,153],[6,83,326],[2,84,328],[1,81,329],[5,82,325],[3,80,327],[4,79,330],
[229,234,311],[233,236,312],[230,237,310],[227,228,309],[231,232,308],[226,235,307],[35,85,117],[38,86,116],[39,89,118],[36,87,119],
[34,88,120],[37,90,115],[6,390,432],[3,382,435],[5,384,432],[2,388,435],[4,386,429],[1,392,429],[13,199,297],[15,202,300],
[13,201,298],[14,203,295],[14,200,299],[15,204,296],[9,211,433],[11,212,430],[7,213,427],[12,214,434],[8,215,428],[10,216,431],
[104,267,274],[103,270,272],[107,266,273],[105,268,275],[106,265,271],[108,269,276],[39,189,333],[34,188,336],[36,186,334],[37,184,335],
[35,187,332],[38,185,331],[58,163,216],[63,165,213],[59,161,214],[61,162,211],[62,164,215],[60,160,212],[424,432,438],[425,435,436],
[422,432,436],[426,429,437],[423,435,437],[421,429,438],[41,171,268],[40,169,266],[42,167,267],[42,166,270],[40,170,265],[41,168,269],
[93,102,266],[96,100,268],[93,101,270],[96,102,265],[98,100,269],[98,101,267],[136,319,394],[138,320,404],[134,324,402],[135,322,396],
[133,323,398],[140,321,400],[311,336,341],[312,333,340],[310,335,337],[308,332,344],[307,334,343],[309,331,338],[4,76,125],[3,78,121],
[5,70,126],[1,72,124],[6,74,123],[2,71,122],[116,285,438],[117,286,437],[118,287,438],[119,284,436],[120,283,437],[115,288,436],
[91,162,291],[99,161,293],[97,164,290],[92,165,292],[95,163,289],[94,160,294],[159,267,333],[156,268,335],[158,270,334],[157,265,331],
[155,266,332],[154,269,336],[25,92,165],[24,99,161],[26,95,163],[27,97,164],[22,94,160],[23,91,162],[157,166,331],[155,171,332],
[156,167,335],[158,168,334],[154,170,336],[159,169,333],[4,76,128],[5,70,127],[2,71,131],[1,72,130],[6,74,129],[3,78,132],
[285,340,438],[286,341,437],[287,338,438],[284,337,436],[288,343,436],[283,344,437],[67,116,438],[68,119,436],[64,120,437],[66,115,436],
[65,117,437],[69,118,438],[1,24,124],[4,26,125],[2,22,122],[3,25,121],[6,23,123],[5,27,126],[43,162,291],[47,163,289],
[44,165,292],[45,161,293],[48,160,294],[46,164,290],[159,222,267],[154,218,269],[156,221,268],[158,224,270],[157,217,265],[155,219,266],
[392,429,438],[390,432,438],[382,435,436],[384,432,436],[388,435,437],[386,429,437],[135,215,322],[140,216,321],[133,214,323],[134,212,324],
[138,213,320],[136,211,319],[39,157,189],[34,155,188],[36,156,186],[37,158,184],[38,159,185],[35,154,187],[112,343,365],[114,337,366],
[110,341,364],[113,338,366],[111,340,364],[109,344,365],[1,311,336],[4,312,333],[6,310,335],[3,308,332],[2,307,334],[5,309,331],
[100,122,269],[101,123,267],[102,124,265],[101,126,270],[102,125,266],[100,121,268],[13,67,251],[15,68,247],[14,64,253],[15,66,255],
[14,65,257],[13,69,249],[1,32,375],[4,33,374],[2,31,372],[3,30,371],[6,29,368],[5,28,369],[35,117,221],[38,116,224],
[39,118,219],[37,115,222],[36,119,218],[34,120,217],[233,330,424],[237,326,425],[229,329,423],[227,325,421],[235,328,422],[231,327,426],
[250,272,301],[248,274,304],[258,271,305],[256,276,306],[254,275,303],[252,273,302],[19,56,136],[17,57,140],[20,55,133],[16,57,135],
[18,55,138],[21,56,134],[100,206,306],[101,207,304],[102,208,305],[100,209,303],[101,205,301],[102,210,302],[7,126,291],[11,125,293],
[9,124,289],[8,121,294],[10,122,292],[12,123,290],[357,424,439],[353,423,441],[352,421,440],[355,426,440],[354,422,439],[356,425,441],
[10,151,222],[12,143,218],[9,149,221],[8,147,217],[11,153,224],[7,145,219],[21,97,336],[19,92,333],[18,95,335],[17,91,332],
[16,99,334],[20,94,331],[262,303,428],[264,304,434],[261,301,427],[263,305,433],[260,306,431],[259,302,430],[3,63,171],[4,58,169],
[5,62,166],[2,60,168],[1,59,170],[6,61,167],[25,70,114],[24,74,113],[26,71,109],[27,78,112],[22,76,110],[23,72,111],
[26,39,215],[27,38,216],[25,35,214],[23,37,212],[24,34,213],[22,36,211],[38,110,152],[35,111,148],[34,112,146],[37,109,150],
[36,113,142],[39,114,144],[29,165,288],[32,160,283],[33,162,287],[31,164,284],[30,163,286],[28,161,285],[152,233,243],[142,237,239],
[148,229,242],[150,235,240],[146,231,241],[144,227,238],[29,71,149],[33,70,151],[32,78,143],[30,72,145],[31,74,153],[28,76,147],
[83,326,438],[84,328,437],[81,329,438],[82,325,436],[79,330,437],[80,327,436],[21,162,211],[16,163,216],[20,165,213],[18,161,214],
[19,160,212],[17,164,215],[368,392,441],[375,390,441],[369,382,440],[374,388,439],[371,384,440],[372,386,439],[13,297,360],[15,296,358],
[15,300,361],[13,298,363],[14,295,362],[14,299,359],[231,365,378],[227,366,380],[233,364,379],[237,366,381],[229,364,377],[235,365,376],
[155,221,403],[157,224,395],[156,222,397],[159,219,399],[158,218,405],[154,217,401],[10,19,431],[8,20,428],[9,18,433],[11,16,430],
[12,21,434],[7,17,427],[121,231,408],[124,229,415],[123,237,406],[125,233,413],[122,235,418],[126,227,410],[7,113,132],[12,114,130],
[9,110,129],[10,112,128],[8,109,127],[11,111,131],[106,128,136],[104,127,133],[105,131,135],[103,129,138],[107,130,134],[108,132,140],
[171,262,268],[169,259,266],[167,264,267],[166,261,270],[168,260,269],[170,263,265],[92,267,274],[99,270,272],[91,266,273],[94,265,271],
[97,269,276],[95,268,275],[120,171,405],[116,169,401],[118,166,397],[115,168,403],[117,170,399],[119,167,395],[20,266,360],[16,267,358],
[18,269,361],[19,270,363],[21,268,362],[17,265,359],[229,311,434],[233,312,431],[237,310,433],[227,309,428],[235,307,430],[231,308,427],
[132,161,231],[130,165,229],[127,163,227],[128,164,233],[129,160,237],[131,162,235],[134,155,291],[135,156,289],[140,154,290],[133,159,292],
[138,158,293],[136,157,294],[113,132,231],[109,127,227],[112,128,233],[114,130,229],[110,129,237],[111,131,235],[121,161,231],[122,162,235],
[123,160,237],[124,165,229],[125,164,233],[126,163,227],[9,135,289],[12,140,290],[10,133,292],[7,134,291],[8,136,294],[11,138,293],
[21,134,155],[19,136,157],[18,138,158],[17,140,154],[20,133,159],[16,135,156],[21,229,434],[19,233,431],[16,235,430],[17,231,427],
[18,237,433],[20,227,428],[13,266,360],[15,267,358],[15,269,361],[13,270,363],[14,265,359],[14,268,362],[375,390,438],[368,392,438],
[372,386,437],[369,382,436],[371,384,436],[374,388,437],[28,76,161],[33,70,162],[29,71,165],[32,78,160],[31,74,164],[30,72,163],
[39,144,227],[38,152,233],[34,146,231],[36,142,237],[35,148,229],[37,150,235],[3,171,405],[4,169,401],[5,166,397],[2,168,403],
[6,167,395],[1,170,399],[169,259,302],[171,262,303],[167,264,304],[166,261,301],[170,263,305],[168,260,306],[92,274,304],[99,272,301],
[95,275,303],[97,276,306],[91,273,302],[94,271,305],[330,424,439],[326,425,441],[329,423,441],[325,421,440],[327,426,440],[328,422,439],
[117,155,221],[116,157,224],[119,158,218],[120,154,217],[118,159,219],[115,156,222],[100,121,303],[100,122,306],[101,123,304],[102,124,305],
[102,125,302],[101,126,301],[1,21,336],[4,19,333],[6,18,335],[3,17,332],[5,20,331],[2,16,334],[231,343,365],[227,337,366],
[233,341,364],[237,338,366],[235,344,365],[229,340,364],[26,135,215],[27,140,216],[25,133,214],[23,134,212],[22,136,211],[24,138,213],
[7,219,266],[10,222,267],[12,218,269],[9,221,268],[11,224,270],[8,217,265],[21,43,162],[19,48,160],[16,47,163],[20,44,165],
[17,46,164],[18,45,161],[1,24,375],[4,26,374],[2,22,372],[3,25,371],[5,27,369],[6,23,368],[13,67,116],[15,68,119],
[14,64,120],[13,69,118],[14,65,117],[15,66,115],[330,344,437],[326,340,438],[328,341,437],[329,338,438],[327,337,436],[325,343,436],
[76,128,136],[70,127,133],[71,131,135],[78,132,140],[74,129,138],[72,130,134],[39,157,166],[38,159,169],[34,155,171],[36,156,167],
[35,154,170],[37,158,168],[25,92,114],[24,99,113],[26,95,109],[27,97,112],[23,91,111],[22,94,110],[140,302,405],[136,304,401],
[138,303,395],[133,305,397],[135,301,403],[134,306,399],[135,166,301],[140,169,302],[138,171,303],[136,167,304],[134,168,306],[133,170,305],
[3,302,405],[4,304,401],[1,306,399],[5,305,397],[2,301,403],[6,303,395],[21,43,229],[19,48,233],[16,47,235],[18,45,237],
[20,44,227],[17,46,231],[14,117,155],[13,116,157],[15,119,158],[14,120,154],[15,115,156],[13,118,159],[325,343,440],[330,344,439],
[327,337,440],[326,340,441],[328,341,439],[329,338,441],[92,114,304],[99,113,301],[95,109,303],[97,112,306],[94,110,305],[91,111,302],
[39,166,227],[38,169,233],[34,171,231],[36,167,237],[37,168,235],[35,170,229],[76,136,161],[70,133,162],[71,135,165],[78,140,160],
[72,134,163],[74,138,164],[26,374,437],[27,369,436],[25,371,436],[24,375,438],[23,368,438],[22,372,437],[7,13,266],[11,13,270],
[10,15,267],[12,15,269],[9,14,268],[8,14,265],[1,21,155],[4,19,157],[6,18,158],[3,17,154],[2,16,156],[5,20,159],
[9,26,135],[12,27,140],[10,25,133],[7,23,134],[11,24,138],[8,22,136],[121,161,303],[122,162,306],[123,160,304],[124,165,305],
[126,163,301],[125,164,302],[113,231,343],[111,235,344],[109,227,337],[112,233,341],[114,229,340],[110,237,338],[13,48,302],[14,43,305],
[13,44,301],[14,46,303],[15,45,304],[15,47,306],[14,46,231],[13,44,227],[14,43,229],[13,48,233],[15,47,235],[15,45,237],
[7,13,302],[9,14,303],[12,15,306],[10,15,304],[8,14,305],[11,13,301],[7,23,438],[9,26,437],[12,27,436],[10,25,436],
[8,22,437],[11,24,438],[135,165,305],[136,161,303],[133,162,306],[140,160,304],[138,164,302],[134,163,301],[113,343,440],[111,344,439],
[109,337,440],[110,338,441],[114,340,441],[112,341,439],[1,14,155],[4,13,157],[6,15,158],[3,14,154],[5,13,159],[2,15,156],
[2,113,301],[3,111,302],[5,110,305],[4,114,304],[6,109,303],[1,112,306],[135,166,227],[140,169,233],[138,171,231],[136,167,237],
[133,170,229],[134,168,235],[1,112,439],[2,113,440],[3,111,439],[4,114,441],[6,109,440],[5,110,441],[138,231,302],[136,237,303],
[133,229,306],[135,227,305],[134,235,301],[140,233,304],[7,302,438],[9,303,437],[12,306,436],[8,305,437],[11,301,438],[10,304,436],
[1,14,231],[2,15,237],[3,14,229],[4,13,227],[6,15,235],[5,13,233],[1,231,439],[2,237,440],[3,229,439],[4,227,441],
[5,233,441],[6,235,440],[231,302,438],[237,303,437],[229,306,436],[227,305,437],[233,304,436],[235,301,438],[231,438,439],[237,437,440],
[229,436,439],[227,437,441],[235,438,440],[233,436,441]];
###############################################################

