#SurfaceInfo: 192 Vertices, 1152 Edges, 768 Faces, IsOrientable=true
 #Vertices of faces:
vof1:=[[190,191,192],[189,190,191],[188,190,192],[187,191,192],[184,185,186],[181,182,183],[178,179,180],[175,176,177],[172,173,174],[169,170,171],
[176,183,185],[180,182,184],[177,179,186],[166,167,168],[163,164,165],[160,161,162],[157,158,159],[154,155,156],[151,152,153],[148,149,150],
[145,146,147],[142,143,144],[139,140,141],[136,137,138],[133,134,135],[130,131,132],[127,128,129],[124,125,126],[121,122,123],[118,119,120],
[115,116,117],[113,114,162],[111,112,165],[109,110,168],[108,126,165],[107,117,165],[106,132,162],[105,123,168],[104,120,168],[103,129,162],
[100,101,102],[97,98,99],[94,95,96],[91,92,93],[88,89,90],[85,86,87],[84,121,122],[83,130,131],[82,127,128],[81,124,125],
[80,118,119],[79,115,116],[123,139,140],[120,140,141],[129,136,137],[126,133,134],[117,134,135],[132,137,138],[113,132,162],[114,129,162],
[111,117,165],[109,123,168],[110,120,168],[112,126,165],[106,131,132],[103,128,129],[108,125,126],[105,122,123],[107,116,117],[104,119,120],
[98,149,152],[95,146,158],[101,143,151],[89,145,155],[92,142,148],[86,154,157],[76,77,78],[73,74,75],[70,71,72],[74,157,158],
[71,154,155],[78,142,143],[72,151,152],[75,148,149],[77,145,146],[69,157,159],[68,148,150],[67,146,147],[66,155,156],[65,143,144],
[64,152,153],[73,163,164],[76,160,161],[70,166,167],[121,123,170],[127,129,169],[124,126,174],[115,117,171],[130,132,173],[118,120,172],
[63,133,135],[62,139,141],[61,136,138],[64,65,68],[66,67,69],[110,124,155],[113,118,146],[114,115,143],[111,121,148],[109,127,152],
[112,130,157],[82,110,124],[80,114,115],[83,111,121],[81,109,127],[84,112,130],[79,113,118],[60,64,65],[59,66,67],[58,64,68],
[57,67,69],[56,66,69],[55,65,68],[62,141,154],[63,135,149],[63,133,158],[62,139,151],[61,138,145],[61,136,142],[127,152,169],
[118,146,172],[115,143,171],[121,148,170],[130,157,173],[124,155,174],[68,127,150],[69,118,159],[65,121,144],[66,130,156],[64,115,153],
[67,124,147],[54,64,152],[53,65,143],[52,67,146],[51,69,157],[50,66,155],[49,68,148],[54,73,163],[49,76,160],[51,70,166],
[53,70,167],[52,73,164],[50,76,161],[74,86,157],[75,92,148],[77,95,146],[71,89,155],[72,98,152],[78,101,143],[70,71,154],
[70,72,151],[73,74,158],[76,77,145],[73,75,149],[76,78,142],[82,127,167],[80,118,161],[81,124,166],[84,121,163],[79,115,160],
[83,130,164],[123,139,170],[129,136,169],[126,133,174],[132,138,173],[120,141,172],[117,135,171],[113,132,146],[114,129,143],[111,117,148],
[112,126,157],[110,120,155],[109,123,152],[48,106,131],[47,108,125],[46,105,122],[45,104,119],[44,103,128],[43,107,116],[97,98,149],
[94,95,158],[88,89,145],[91,92,142],[85,86,154],[100,101,151],[42,89,104],[41,86,108],[40,101,103],[39,92,107],[38,98,105],
[37,95,106],[175,180,182],[177,179,181],[176,178,183],[55,169,170],[58,169,171],[56,172,173],[60,170,171],[57,172,174],[59,173,174],
[47,177,186],[44,176,185],[48,183,185],[46,182,184],[43,179,186],[45,180,184],[144,149,152],[146,156,158],[143,150,151],[142,148,153],
[147,154,157],[145,155,159],[81,100,125],[79,88,116],[82,85,128],[83,97,131],[84,94,122],[80,91,119],[100,102,175],[97,99,181],
[94,96,181],[88,90,178],[85,87,175],[91,93,178],[42,98,99],[39,86,87],[40,95,96],[38,89,90],[41,92,93],[37,101,102],
[92,163,171],[86,164,174],[98,167,170],[95,161,173],[89,166,172],[101,160,169],[42,98,167],[40,95,161],[38,89,166],[41,92,163],
[37,101,160],[39,86,164],[97,131,181],[100,125,175],[91,119,178],[85,128,175],[94,122,181],[88,116,178],[36,45,180],[35,43,179],
[34,44,176],[33,47,177],[32,48,183],[31,46,182],[57,86,174],[55,101,169],[56,89,172],[58,92,171],[59,95,173],[60,98,170],
[102,175,182],[99,179,181],[96,177,181],[87,175,180],[93,176,178],[90,178,183],[42,99,104],[39,87,107],[37,102,106],[41,93,108],
[40,96,103],[38,90,105],[81,100,127],[79,88,118],[83,97,121],[82,85,124],[80,91,115],[84,94,130],[45,104,184],[48,106,185],
[47,108,186],[46,105,184],[43,107,186],[44,103,185],[55,139,170],[57,141,172],[58,136,169],[60,135,171],[59,133,174],[56,138,173],
[39,75,92],[37,77,95],[38,72,98],[42,71,89],[40,78,101],[41,74,86],[49,160,169],[54,163,171],[51,166,172],[53,167,170],
[52,164,174],[50,161,173],[30,58,64],[29,59,66],[28,60,65],[27,55,68],[26,56,69],[25,57,67],[144,152,169],[146,156,172],
[143,150,171],[148,153,170],[155,159,174],[147,157,173],[138,145,159],[135,144,149],[133,156,158],[139,150,151],[136,142,153],[141,147,154],
[73,94,158],[76,88,145],[73,97,149],[76,91,142],[70,100,151],[70,85,154],[52,132,146],[53,129,143],[49,117,148],[51,126,157],
[54,123,152],[50,120,155],[127,150,167],[121,144,163],[130,156,164],[115,153,160],[118,159,161],[124,147,166],[24,181,182],[23,175,176],
[22,178,179],[21,175,177],[20,181,183],[19,178,180],[18,86,108],[17,101,103],[16,89,104],[15,95,106],[14,92,107],[13,98,105],
[29,158,159],[25,154,156],[28,149,150],[30,142,144],[27,151,153],[26,145,147],[12,167,168],[11,163,165],[10,161,162],[9,164,165],
[8,160,162],[7,166,168],[36,108,165],[34,107,165],[31,103,162],[33,106,162],[35,105,168],[32,104,168],[63,111,112],[62,109,110],
[61,113,114],[75,84,112],[72,82,110],[71,81,109],[78,79,113],[77,80,114],[74,83,111],[17,47,125],[18,44,128],[16,43,116],
[13,48,131],[15,46,122],[14,45,119],[81,139,166],[82,141,167],[80,136,161],[84,133,163],[83,135,164],[79,138,160],[6,54,73],
[5,49,76],[4,52,73],[3,50,76],[2,53,70],[1,51,70],[8,68,127],[7,69,118],[12,65,121],[11,64,115],[9,67,124],
[10,66,130],[54,64,111],[50,66,113],[53,65,109],[49,68,114],[52,67,112],[51,69,110],[57,69,71],[55,65,72],[60,64,75],
[58,68,78],[56,66,77],[59,67,74],[62,125,154],[63,122,149],[63,131,158],[62,128,151],[61,116,142],[61,119,145],[8,68,78],
[10,66,77],[7,69,71],[12,65,72],[9,67,74],[11,64,75],[13,63,131],[17,62,125],[15,63,122],[18,62,128],[14,61,119],
[16,61,116],[60,75,84],[57,71,81],[55,72,82],[56,77,80],[58,78,79],[59,74,83],[54,63,111],[53,62,109],[51,62,110],
[50,61,113],[49,61,114],[52,63,112],[8,33,162],[7,35,168],[12,32,168],[11,36,165],[9,34,165],[10,31,162],[29,131,158],
[25,125,154],[26,119,145],[28,122,149],[27,128,151],[30,116,142],[18,44,108],[17,47,103],[14,45,107],[16,43,104],[15,46,106],
[13,48,105],[8,100,127],[7,88,118],[12,97,121],[11,91,115],[9,85,124],[10,94,130],[12,150,167],[11,144,163],[9,156,164],
[8,153,160],[7,147,166],[10,159,161],[6,54,123],[3,50,120],[2,53,129],[1,51,126],[4,52,132],[5,49,117],[3,76,91],
[2,70,85],[6,73,94],[5,76,88],[1,70,100],[4,73,97],[29,138,159],[26,141,147],[27,136,153],[28,139,150],[30,135,144],
[25,133,156],[30,64,111],[29,66,113],[28,65,109],[27,68,114],[25,67,112],[26,69,110],[41,74,111],[40,78,113],[42,71,109],
[39,75,112],[37,77,114],[38,72,110],[59,84,133],[55,81,139],[57,82,141],[58,80,136],[56,79,138],[60,83,135],[24,102,182],
[22,99,179],[21,96,177],[19,87,180],[20,90,183],[23,93,176],[13,60,98],[18,57,86],[17,55,101],[16,56,89],[14,58,92],
[15,59,95],[36,108,180],[31,103,182],[34,107,176],[33,106,177],[32,104,183],[35,105,179],[24,131,181],[23,125,175],[22,119,178],
[21,128,175],[19,116,178],[20,122,181],[37,138,160],[42,141,167],[40,136,161],[38,139,166],[39,135,164],[41,133,163],[54,150,171],
[49,144,169],[51,156,172],[53,153,170],[50,147,173],[52,159,174],[99,104,184],[90,105,184],[87,107,186],[93,108,186],[96,103,185],
[102,106,185],[184,185,188],[184,186,187],[185,186,189],[77,78,137],[71,72,140],[74,75,134],[99,123,140],[90,120,140],[102,129,137],
[87,126,134],[96,132,137],[93,117,134],[4,29,59],[2,27,55],[3,26,56],[1,25,57],[5,30,58],[6,28,60],[3,35,43],
[2,33,47],[4,31,46],[1,34,44],[6,32,48],[5,36,45],[4,29,31],[3,26,35],[2,27,33],[1,25,34],[5,30,36],
[6,28,32],[99,184,188],[90,184,187],[102,185,189],[87,186,189],[93,186,187],[96,185,188],[21,96,137],[24,102,137],[22,99,140],
[19,87,134],[23,93,134],[20,90,140],[4,59,84],[2,55,81],[1,57,82],[5,58,80],[6,60,83],[3,56,79],[1,44,100],
[5,45,88],[4,46,97],[3,43,91],[6,48,94],[2,47,85],[6,99,123],[3,90,120],[2,102,129],[1,87,126],[5,93,117],
[4,96,132],[8,78,137],[10,77,137],[7,71,140],[12,72,140],[11,75,134],[9,74,134],[30,41,111],[29,40,113],[28,42,109],
[26,38,110],[27,37,114],[25,39,112],[29,37,138],[26,42,141],[27,40,136],[28,38,139],[25,41,133],[30,39,135],[12,54,150],
[11,49,144],[9,51,156],[8,53,153],[10,52,159],[7,50,147],[44,108,180],[47,103,182],[48,105,179],[45,107,176],[43,104,183],
[46,106,177],[19,30,116],[24,29,131],[23,25,125],[22,26,119],[20,28,122],[21,27,128],[8,33,100],[7,35,88],[12,32,97],
[11,36,91],[10,31,94],[9,34,85],[13,60,84],[18,57,81],[17,55,82],[16,56,80],[15,59,83],[14,58,79],[13,54,63],
[17,53,62],[18,51,62],[16,50,61],[15,52,63],[14,49,61],[182,183,191],[179,180,190],[176,177,192],[44,180,190],[45,176,192],
[46,177,192],[47,182,191],[43,183,191],[48,179,190],[21,27,37],[19,30,41],[23,25,39],[24,29,40],[20,28,42],[22,26,38],
[8,17,53],[10,15,52],[12,13,54],[7,16,50],[9,18,51],[11,14,49],[33,44,100],[35,45,88],[32,46,97],[36,43,91],
[34,47,85],[31,48,94],[4,13,84],[2,18,81],[1,17,82],[5,16,80],[3,14,79],[6,15,83],[8,21,137],[10,24,137],
[12,20,140],[7,22,140],[9,23,134],[11,19,134],[6,99,188],[3,90,187],[2,102,189],[1,87,189],[4,96,188],[5,93,187],
[29,31,37],[30,36,39],[26,35,42],[27,33,40],[28,32,38],[25,34,41],[21,31,37],[24,33,40],[20,35,42],[22,32,38],
[19,34,41],[23,36,39],[1,17,189],[6,15,188],[4,13,188],[5,16,187],[3,14,187],[2,18,189],[8,17,21],[10,15,24],
[12,13,20],[7,16,22],[11,14,19],[9,18,23],[31,48,190],[33,44,190],[35,45,192],[32,46,192],[34,47,191],[36,43,191],
[21,31,190],[24,33,190],[20,35,192],[22,32,192],[23,36,191],[19,34,191],[17,21,189],[15,24,188],[13,20,188],[16,22,187],
[18,23,189],[14,19,187],[21,189,190],[24,188,190],[20,188,192],[22,187,192],[19,187,191],[23,189,191]];
###############################################################

#SurfaceInfo: 192 Vertices, 1152 Edges, 768 Faces, IsOrientable=true
 #Vertices of faces:
vof2:=[[190,191,192],[189,190,191],[188,191,192],[187,190,192],[184,185,186],[181,182,183],[178,179,180],[175,176,177],[172,173,174],[169,170,171],
[177,180,185],[176,183,184],[179,182,186],[166,167,168],[163,164,165],[160,161,162],[159,166,167],[158,160,161],[157,163,164],[156,159,166],
[155,159,167],[154,157,163],[153,158,160],[152,157,164],[151,158,161],[150,156,166],[149,155,167],[148,154,163],[147,153,160],[146,151,161],
[145,152,164],[142,143,144],[139,140,141],[137,138,143],[135,136,140],[132,133,134],[130,131,133],[128,129,143],[126,127,140],[124,125,133],
[135,139,140],[137,142,143],[130,132,133],[121,122,123],[118,119,120],[115,116,117],[112,113,114],[109,110,111],[106,107,108],[105,122,149],
[104,116,146],[103,113,150],[102,107,145],[101,110,147],[100,119,148],[106,107,142],[115,116,130],[121,122,139],[112,113,135],[109,110,132],
[118,119,137],[128,129,165],[124,125,162],[126,127,168],[99,135,139],[98,137,142],[97,130,132],[96,124,162],[95,128,165],[94,125,162],
[93,129,165],[92,126,168],[91,127,168],[95,98,137],[94,97,132],[91,99,139],[96,97,130],[93,98,142],[92,99,135],[122,139,149],
[119,137,148],[113,135,150],[116,130,146],[110,132,147],[107,142,145],[90,96,162],[89,95,165],[88,94,162],[87,93,165],[86,91,168],
[85,92,168],[91,139,149],[95,137,148],[94,132,147],[92,135,150],[96,130,146],[93,142,145],[149,155,174],[148,154,173],[147,153,172],
[145,152,170],[150,156,171],[146,151,169],[91,110,111],[96,113,114],[95,122,123],[94,119,120],[92,107,108],[93,116,117],[82,83,84],
[79,80,81],[76,77,78],[73,74,75],[70,71,72],[67,68,69],[68,154,173],[83,151,169],[71,153,172],[80,152,170],[74,155,174],
[77,156,171],[100,149,174],[101,148,173],[105,147,172],[103,145,170],[102,146,169],[104,150,171],[90,96,114],[89,95,123],[88,94,120],
[87,93,117],[85,92,108],[86,91,111],[91,110,149],[95,122,148],[94,119,147],[92,107,150],[93,116,145],[96,113,146],[66,100,148],
[65,104,146],[64,101,147],[63,102,145],[62,105,149],[61,103,150],[60,65,146],[59,63,145],[58,66,148],[57,64,147],[56,61,150],
[55,62,149],[62,105,154],[63,102,156],[61,103,151],[66,100,153],[64,101,155],[65,104,152],[54,88,120],[53,90,114],[52,89,123],
[51,86,111],[50,87,117],[49,85,108],[104,107,150],[100,110,149],[101,122,148],[105,119,147],[102,113,146],[103,116,145],[67,68,154],
[76,77,156],[82,83,151],[73,74,155],[70,71,153],[79,80,152],[48,107,118],[47,106,119],[46,113,121],[45,109,116],[44,112,122],
[43,110,115],[42,71,86],[41,77,90],[40,68,88],[39,83,87],[38,74,89],[37,80,85],[177,180,181],[175,179,182],[176,178,183],
[134,172,173],[138,173,174],[144,169,170],[136,170,171],[131,169,171],[141,172,174],[50,183,184],[53,177,185],[54,180,185],[51,182,186],
[52,176,184],[49,179,186],[74,148,163],[68,147,160],[80,150,166],[83,145,164],[77,146,161],[71,149,167],[128,143,154],[126,140,156],
[124,133,151],[125,133,153],[127,140,155],[129,143,152],[82,109,111],[76,121,123],[73,112,114],[67,106,108],[70,115,117],[79,118,120],
[94,125,173],[96,124,171],[95,128,174],[93,129,169],[91,127,172],[92,126,170],[45,77,171],[43,68,173],[48,83,169],[44,71,172],
[46,80,170],[47,74,174],[57,100,174],[55,101,173],[58,105,172],[60,103,170],[59,104,171],[56,102,169],[42,80,81],[40,77,78],
[39,74,75],[41,68,69],[38,83,84],[37,71,72],[82,84,181],[76,78,175],[73,75,175],[70,72,181],[67,69,178],[79,81,178],
[36,58,105],[35,56,102],[34,57,100],[33,60,103],[32,55,101],[31,59,104],[57,128,174],[56,129,169],[58,127,172],[55,125,173],
[60,126,170],[59,124,171],[70,117,181],[82,111,181],[79,120,178],[76,123,175],[73,114,175],[67,108,178],[39,74,163],[41,68,160],
[37,71,167],[42,80,166],[38,83,164],[40,77,161],[30,51,182],[29,52,176],[28,50,183],[27,49,179],[26,54,180],[25,53,177],
[41,69,90],[42,81,86],[40,78,88],[39,75,87],[37,72,85],[38,84,89],[84,177,181],[78,175,179],[75,175,182],[81,178,183],
[69,176,178],[72,180,181],[38,47,74],[37,46,80],[41,45,77],[40,43,68],[39,48,83],[42,44,71],[46,136,170],[44,141,172],
[43,134,173],[45,131,171],[47,138,174],[48,144,169],[93,131,169],[94,138,173],[95,141,174],[92,144,170],[91,134,172],[96,136,171],
[73,112,122],[82,109,116],[79,107,118],[76,113,121],[67,106,119],[70,110,115],[105,128,154],[102,126,156],[103,124,151],[100,125,153],
[104,129,152],[101,127,155],[58,74,148],[55,71,149],[60,77,146],[57,68,147],[59,83,145],[56,80,150],[67,143,154],[76,140,156],
[82,133,151],[79,143,152],[70,133,153],[73,140,155],[47,105,119],[48,104,107],[45,103,116],[46,102,113],[43,100,110],[44,101,122],
[53,90,185],[52,89,184],[51,86,186],[54,88,185],[49,85,186],[50,87,184],[44,46,159],[43,45,158],[47,48,157],[24,181,182],
[23,181,183],[22,175,176],[21,175,177],[20,178,179],[19,178,180],[48,118,128],[47,106,129],[46,121,127],[45,109,125],[44,112,126],
[43,115,124],[18,80,85],[17,74,89],[16,71,86],[15,77,90],[14,68,88],[13,83,87],[12,166,168],[11,161,162],[10,163,165],
[9,160,162],[8,167,168],[7,164,165],[114,156,159],[123,155,159],[120,154,157],[108,152,157],[117,151,158],[111,153,158],[6,143,144],
[5,131,133],[4,140,141],[3,138,143],[2,136,140],[1,133,134],[66,139,141],[64,137,138],[61,142,144],[65,135,136],[63,130,131],
[62,132,134],[10,105,122],[7,104,116],[11,103,113],[12,102,107],[9,100,119],[8,101,110],[106,142,163],[115,130,160],[121,139,166],
[112,135,167],[118,137,164],[109,132,161],[28,85,168],[27,90,162],[30,89,165],[29,88,162],[25,87,165],[26,86,168],[57,64,163],
[55,62,160],[60,65,166],[58,66,167],[56,61,164],[59,63,161],[33,63,156],[36,64,155],[32,66,153],[35,65,152],[34,62,154],
[31,61,151],[18,54,120],[17,53,114],[15,52,123],[16,50,117],[14,49,108],[13,51,111],[62,64,66],[61,63,65],[57,106,163],
[55,115,160],[60,121,166],[58,112,167],[59,109,161],[56,118,164],[64,66,141],[61,65,144],[62,64,138],[63,65,136],[61,63,131],
[62,66,134],[31,61,142],[33,63,130],[32,66,139],[36,64,137],[34,62,132],[35,65,135],[17,114,159],[15,123,159],[18,120,157],
[14,108,157],[13,111,158],[16,117,158],[33,114,156],[31,117,151],[36,123,155],[32,111,153],[35,108,152],[34,120,154],[12,65,166],
[11,63,161],[10,64,163],[9,62,160],[7,61,164],[8,66,167],[10,25,165],[7,30,165],[11,29,162],[12,26,168],[8,28,168],
[9,27,162],[18,54,85],[15,52,90],[17,53,89],[16,50,86],[14,49,88],[13,51,87],[10,47,105],[7,48,104],[11,45,103],
[12,46,102],[8,44,101],[9,43,100],[5,70,133],[6,67,143],[2,73,140],[4,76,140],[1,82,133],[3,79,143],[14,57,68],
[18,56,80],[17,58,74],[16,55,71],[13,59,83],[15,60,77],[10,73,122],[7,82,116],[11,76,113],[12,79,107],[8,70,110],
[9,67,119],[4,95,141],[3,94,138],[1,91,134],[2,96,136],[6,92,144],[5,93,131],[48,144,157],[46,136,159],[44,141,159],
[43,134,158],[47,138,157],[45,131,158],[39,48,128],[38,47,129],[37,46,127],[42,44,126],[41,45,125],[40,43,124],[24,75,182],
[22,69,176],[19,72,180],[23,81,183],[21,84,177],[20,78,179],[28,85,183],[27,90,179],[30,89,182],[29,88,176],[25,87,177],
[26,86,180],[39,142,163],[41,130,160],[42,139,166],[38,137,164],[40,132,161],[37,135,167],[22,114,175],[24,117,181],[21,123,175],
[23,111,181],[19,108,178],[20,120,178],[57,118,128],[56,106,129],[58,121,127],[55,109,125],[59,115,124],[60,112,126],[75,87,184],
[81,86,186],[69,90,185],[78,88,185],[84,89,184],[72,85,186],[31,104,129],[36,105,128],[32,101,127],[35,102,126],[34,100,125],
[33,103,124],[47,48,98],[43,45,97],[44,46,99],[184,185,189],[185,186,187],[184,186,188],[75,95,98],[69,94,97],[72,91,99],
[78,96,97],[81,92,99],[84,93,98],[5,30,51],[2,29,52],[1,28,50],[6,26,54],[4,25,53],[3,27,49],[5,31,59],
[3,34,57],[2,33,60],[1,32,55],[4,36,58],[6,35,56],[5,30,31],[2,29,33],[1,28,32],[6,26,35],[3,27,34],
[4,25,36],[7,48,98],[10,47,98],[11,45,97],[12,46,99],[9,43,97],[8,44,99],[75,184,189],[69,185,187],[78,185,189],
[81,186,187],[72,186,188],[84,184,188],[24,75,98],[21,84,98],[22,69,97],[19,72,99],[20,78,97],[23,81,99],[4,75,95],
[3,69,94],[1,72,91],[2,78,96],[5,84,93],[6,81,92],[2,52,73],[1,50,82],[4,53,76],[3,49,79],[6,54,67],
[5,51,70],[6,56,118],[3,57,106],[1,55,115],[2,60,121],[4,58,112],[5,59,109],[33,40,124],[31,38,129],[36,39,128],
[32,37,127],[34,41,125],[35,42,126],[14,57,118],[18,56,106],[17,58,121],[16,55,109],[15,60,112],[13,59,115],[51,87,177],
[54,85,183],[52,90,179],[53,89,182],[50,86,180],[49,88,176],[10,25,73],[7,30,82],[11,29,76],[12,26,79],[9,27,67],
[8,28,70],[22,33,114],[24,31,117],[21,36,123],[23,32,111],[20,34,120],[19,35,108],[18,144,157],[15,136,159],[17,141,159],
[16,134,158],[13,131,158],[14,138,157],[31,39,142],[33,41,130],[32,42,139],[36,38,137],[35,37,135],[34,40,132],[12,65,144],
[11,63,136],[10,64,141],[9,62,138],[8,66,134],[7,61,131],[182,183,190],[176,177,192],[179,180,191],[52,179,191],[50,180,191],
[53,182,190],[49,176,192],[54,183,190],[51,177,192],[7,13,131],[10,17,141],[12,18,144],[11,15,136],[9,14,138],[8,16,134],
[22,33,40],[24,31,38],[21,36,39],[23,32,37],[19,35,42],[20,34,41],[4,15,112],[6,14,118],[5,16,109],[3,18,106],
[1,13,115],[2,17,121],[25,52,73],[30,50,82],[29,53,76],[26,49,79],[28,51,70],[27,54,67],[4,75,189],[6,81,187],
[3,69,187],[5,84,188],[1,72,188],[2,78,189],[7,24,98],[10,21,98],[11,22,97],[12,19,99],[8,23,99],[9,20,97],
[27,34,40],[30,31,39],[29,33,41],[28,32,42],[25,36,38],[26,35,37],[11,15,22],[7,13,24],[10,17,21],[9,14,20],
[12,18,19],[8,16,23],[4,15,189],[1,13,188],[2,17,189],[6,14,187],[3,18,187],[5,16,188],[22,27,40],[24,25,38],
[21,30,39],[20,29,41],[19,28,42],[23,26,37],[27,54,190],[25,52,191],[30,50,191],[29,53,190],[28,51,192],[26,49,192],
[22,27,190],[24,25,191],[21,30,191],[20,29,190],[23,26,192],[19,28,192],[15,22,189],[13,24,188],[17,21,189],[14,20,187],
[16,23,188],[18,19,187],[22,189,190],[24,188,191],[21,189,191],[20,187,190],[19,187,192],[23,188,192]];
###############################################################

#SurfaceInfo: 400 Vertices, 1200 Edges, 800 Faces, IsOrientable=true
 #Vertices of faces:
vof3:=[[398,399,400],[397,398,399],[396,398,400],[395,399,400],[392,393,394],[389,390,391],[386,387,388],[383,384,385],[380,381,382],[377,378,379],
[374,375,376],[371,372,373],[368,369,370],[365,366,367],[364,365,366],[363,366,367],[362,365,367],[360,361,365],[358,359,366],[356,357,367],
[360,364,365],[358,364,366],[356,362,367],[357,363,367],[361,362,365],[359,363,366],[355,356,357],[354,358,359],[353,360,361],[351,352,354],
[349,350,355],[347,348,353],[346,354,358],[345,355,357],[344,355,356],[343,353,360],[342,353,361],[341,354,359],[340,360,364],[339,358,364],
[338,359,363],[337,356,362],[336,357,363],[335,361,362],[340,343,360],[337,344,356],[336,345,357],[338,341,359],[335,342,361],[339,346,358],
[339,340,364],[336,338,363],[335,337,362],[346,351,354],[341,352,354],[345,349,355],[344,350,355],[342,347,353],[343,348,353],[334,351,352],
[333,347,348],[332,349,350],[329,330,331],[327,328,330],[325,326,330],[327,329,330],[325,328,330],[326,330,331],[322,323,324],[319,320,321],
[316,317,318],[315,316,317],[314,319,320],[313,322,323],[312,315,316],[311,315,317],[310,313,322],[309,314,319],[308,313,323],[307,314,320],
[313,325,328],[314,326,331],[315,327,329],[309,314,326],[310,313,325],[307,314,331],[308,313,328],[311,315,327],[312,315,329],[306,325,326],
[305,327,328],[304,329,331],[306,310,325],[306,309,326],[304,307,331],[305,308,328],[304,312,329],[305,311,327],[302,303,306],[300,301,304],
[298,299,305],[302,306,309],[303,306,310],[298,305,311],[300,304,312],[299,305,308],[301,304,307],[296,297,318],[294,295,321],[292,293,324],
[291,319,321],[290,322,324],[289,320,321],[288,323,324],[287,317,318],[286,316,318],[285,309,319],[284,310,322],[283,307,320],[282,308,323],
[281,311,317],[280,312,316],[284,290,322],[285,291,319],[282,288,323],[283,289,320],[280,286,316],[281,287,317],[286,296,318],[287,297,318],
[290,292,324],[291,294,321],[288,293,324],[289,295,321],[284,303,310],[285,302,309],[283,301,307],[282,299,308],[280,300,312],[281,298,311],
[278,279,280],[276,277,281],[274,275,282],[272,273,283],[270,271,284],[268,269,285],[266,267,332],[264,265,334],[262,263,333],[261,334,351],
[260,334,352],[259,332,349],[258,333,348],[257,332,350],[256,333,347],[255,335,342],[254,338,341],[253,337,344],[252,336,345],[251,339,346],
[250,340,343],[249,346,351],[248,345,349],[247,344,350],[246,342,347],[245,343,348],[244,341,352],[243,339,340],[242,335,337],[241,336,338],
[243,250,340],[243,251,339],[241,254,338],[242,255,335],[241,252,336],[242,253,337],[244,254,341],[246,255,342],[247,253,344],[248,252,345],
[245,250,343],[249,251,346],[256,262,333],[260,264,334],[257,266,332],[259,267,332],[258,263,333],[261,265,334],[246,256,347],[244,260,352],
[247,257,350],[248,259,349],[245,258,348],[249,261,351],[276,281,287],[278,280,286],[272,283,289],[274,282,288],[268,285,291],[270,284,290],
[277,281,298],[279,280,300],[275,282,299],[273,283,301],[269,285,302],[271,284,303],[240,289,295],[239,288,293],[238,287,297],[237,286,296],
[236,291,294],[235,290,292],[233,234,241],[231,232,242],[229,230,243],[227,228,244],[225,226,246],[223,224,247],[221,222,248],[219,220,245],
[217,218,249],[214,215,216],[211,212,213],[208,209,210],[207,302,303],[206,298,299],[205,300,301],[204,211,212],[203,208,209],[202,208,210],
[201,211,213],[200,214,215],[199,214,216],[231,242,255],[233,241,254],[234,241,252],[232,242,253],[229,243,251],[230,243,250],[205,279,300],
[206,277,298],[205,273,301],[206,275,299],[207,271,303],[207,269,302],[225,246,256],[227,244,260],[221,248,259],[223,247,257],[217,249,261],
[219,245,258],[198,260,264],[197,256,262],[196,259,267],[195,257,266],[194,261,265],[193,258,263],[226,246,255],[228,244,254],[222,248,252],
[224,247,253],[218,249,251],[220,245,250],[237,278,286],[238,276,287],[239,274,288],[240,272,289],[235,270,290],[236,268,291],[207,368,369],
[205,371,372],[206,374,375],[214,229,230],[211,231,232],[208,233,234],[192,238,276],[191,237,278],[190,240,272],[189,239,274],[188,236,268],
[187,235,270],[207,269,368],[207,271,369],[206,277,374],[205,279,371],[206,275,375],[205,273,372],[199,214,230],[200,214,229],[203,208,233],
[204,211,231],[201,211,232],[202,208,234],[228,233,254],[226,231,255],[224,232,253],[222,234,252],[220,230,250],[218,229,251],[197,225,256],
[198,227,260],[195,223,257],[196,221,259],[193,219,258],[194,217,261],[186,276,277],[185,278,279],[184,272,273],[183,274,275],[182,268,269],
[181,270,271],[185,191,278],[186,192,276],[183,189,274],[184,190,272],[181,187,270],[182,188,268],[180,198,227],[179,197,225],[178,196,221],
[177,195,223],[176,194,217],[175,193,219],[185,279,371],[186,277,374],[184,273,372],[183,275,375],[181,271,369],[182,269,368],[204,226,231],
[203,228,233],[202,222,234],[201,224,232],[200,218,229],[199,220,230],[174,371,373],[173,374,376],[172,372,373],[171,375,376],[170,369,370],
[169,368,370],[168,227,228],[167,225,226],[166,221,222],[165,223,224],[164,217,218],[163,219,220],[209,210,373],[212,213,376],[215,216,370],
[173,212,376],[174,209,373],[171,213,376],[172,210,373],[169,216,370],[170,215,370],[162,186,192],[161,185,191],[160,184,190],[159,183,189],
[158,182,188],[157,181,187],[168,203,228],[167,204,226],[165,201,224],[166,202,222],[163,199,220],[164,200,218],[173,186,374],[174,185,371],
[171,183,375],[172,184,372],[169,182,368],[170,181,369],[167,179,225],[168,180,227],[165,177,223],[166,178,221],[163,175,219],[164,176,217],
[156,203,209],[155,204,212],[154,201,213],[153,202,210],[152,199,216],[151,200,215],[150,168,180],[149,167,179],[148,166,178],[147,165,177],
[146,164,176],[145,163,175],[156,168,203],[155,167,204],[153,166,202],[154,165,201],[151,164,200],[152,163,199],[156,174,209],[155,173,212],
[153,172,210],[154,171,213],[151,170,215],[152,169,216],[161,174,185],[162,173,186],[160,172,184],[159,171,183],[157,170,181],[158,169,182],
[155,162,173],[156,161,174],[154,159,171],[153,160,172],[152,158,169],[151,157,170],[149,155,167],[150,156,168],[147,154,165],[148,153,166],
[145,152,163],[146,151,164],[150,156,161],[149,155,162],[148,153,160],[147,154,159],[146,151,157],[145,152,158],[144,296,297],[143,292,293],
[142,294,295],[141,237,296],[140,238,297],[139,239,293],[138,240,295],[137,235,292],[136,236,294],[135,191,237],[134,192,238],[133,189,239],
[132,190,240],[131,187,235],[130,188,236],[129,162,192],[128,161,191],[127,159,189],[126,160,190],[125,157,187],[124,158,188],[129,134,192],
[128,135,191],[126,132,190],[127,133,189],[124,130,188],[125,131,187],[134,140,238],[135,141,237],[132,138,240],[133,139,239],[130,136,236],
[131,137,235],[140,144,297],[141,144,296],[138,142,295],[139,143,293],[136,142,294],[137,143,292],[128,150,161],[129,149,162],[127,147,159],
[126,148,160],[124,145,158],[125,146,157],[122,123,130],[120,121,132],[118,119,134],[116,117,131],[114,115,135],[112,113,133],[143,377,378],
[142,383,384],[144,380,381],[111,266,267],[110,262,263],[109,264,265],[108,197,262],[107,198,264],[106,195,266],[105,196,267],[104,193,263],
[103,194,265],[102,179,197],[101,180,198],[100,177,195],[99,178,196],[98,175,193],[97,176,194],[96,150,180],[95,149,179],[94,147,177],
[93,148,178],[92,145,175],[91,146,176],[96,101,180],[95,102,179],[91,97,176],[92,98,175],[93,99,178],[94,100,177],[101,107,198],
[102,108,197],[97,103,194],[98,104,193],[99,105,196],[100,106,195],[107,109,264],[108,110,262],[103,109,265],[104,110,263],[105,111,267],
[106,111,266],[118,129,134],[114,128,135],[112,127,133],[120,126,132],[122,124,130],[116,125,131],[95,129,149],[96,128,150],[91,125,146],
[92,124,145],[93,126,148],[94,127,147],[141,144,380],[140,144,381],[139,143,377],[138,142,383],[137,143,378],[136,142,384],[115,135,141],
[119,134,140],[113,133,139],[121,132,138],[117,131,137],[123,130,136],[110,389,390],[109,392,393],[111,386,387],[89,90,97],[87,88,100],
[85,86,99],[83,84,102],[81,82,101],[79,80,98],[108,110,389],[106,111,386],[105,111,387],[107,109,392],[103,109,393],[104,110,390],
[83,102,108],[81,101,107],[87,100,106],[85,99,105],[79,98,104],[89,97,103],[84,95,102],[82,96,101],[88,94,100],[86,93,99],
[80,92,98],[90,91,97],[123,136,384],[121,138,383],[115,141,380],[113,139,377],[119,140,381],[117,137,378],[92,122,124],[93,120,126],
[95,118,129],[96,114,128],[94,112,127],[91,116,125],[78,384,385],[77,383,385],[76,380,382],[75,381,382],[74,377,379],[73,378,379],
[71,72,382],[69,70,385],[67,68,379],[67,73,379],[68,74,379],[69,78,385],[70,77,385],[71,76,382],[72,75,382],[78,123,384],
[77,121,383],[75,119,381],[76,115,380],[73,117,378],[74,113,377],[80,92,122],[86,93,120],[84,95,118],[82,96,114],[88,94,112],
[90,91,116],[89,103,393],[81,107,392],[85,105,387],[83,108,389],[79,104,390],[87,106,386],[66,393,394],[65,392,394],[64,390,391],
[63,387,388],[62,386,388],[61,389,391],[59,60,391],[57,58,394],[55,56,388],[54,122,123],[53,120,121],[52,118,119],[51,114,115],
[50,112,113],[49,116,117],[57,66,394],[55,63,388],[56,62,388],[58,65,394],[59,61,391],[60,64,391],[54,80,122],[53,86,120],
[52,84,118],[51,82,114],[49,90,116],[50,88,112],[66,89,393],[62,87,386],[65,81,392],[61,83,389],[64,79,390],[63,85,387],
[54,78,123],[50,74,113],[53,77,121],[52,75,119],[49,73,117],[51,76,115],[48,72,75],[47,69,78],[46,70,77],[45,71,76],
[44,68,74],[43,67,73],[42,79,80],[41,89,90],[40,87,88],[39,85,86],[38,81,82],[37,83,84],[42,54,80],[40,50,88],
[39,53,86],[37,52,84],[38,51,82],[41,49,90],[41,66,89],[40,62,87],[38,65,81],[37,61,83],[39,63,85],[42,64,79],
[36,60,64],[35,57,66],[34,56,62],[33,58,65],[32,55,63],[31,59,61],[47,54,78],[46,53,77],[45,51,76],[48,52,75],
[43,49,73],[44,50,74],[42,47,54],[41,43,49],[40,44,50],[39,46,53],[38,45,51],[37,48,52],[36,42,64],[35,41,66],
[34,40,62],[33,38,65],[31,37,61],[32,39,63],[36,42,47],[31,37,48],[35,41,43],[34,40,44],[32,39,46],[33,38,45],
[30,71,72],[29,67,68],[28,69,70],[27,47,69],[26,48,72],[25,45,71],[24,43,67],[23,46,70],[22,44,68],[26,30,72],
[25,30,71],[23,28,70],[22,29,68],[27,28,69],[24,29,67],[27,36,47],[26,31,48],[24,35,43],[22,34,44],[25,33,45],
[23,32,46],[20,21,29],[18,19,28],[16,17,30],[15,59,60],[14,55,56],[13,57,58],[12,36,60],[11,31,59],[10,35,57],
[9,34,56],[8,32,55],[7,33,58],[12,15,60],[11,15,59],[9,14,56],[10,13,57],[7,13,58],[8,14,55],[18,27,28],
[20,24,29],[21,22,29],[16,26,30],[17,25,30],[19,23,28],[12,27,36],[11,26,31],[8,23,32],[10,24,35],[7,25,33],
[9,22,34],[5,6,15],[3,4,14],[1,2,13],[5,12,15],[6,11,15],[3,8,14],[4,9,14],[1,7,13],[2,10,13],
[12,18,27],[11,16,26],[8,19,23],[10,20,24],[9,21,22],[7,17,25],[5,12,18],[6,11,16],[3,8,19],[1,7,17],
[4,9,21],[2,10,20],[18,19,397],[16,17,396],[20,21,395],[5,18,397],[6,16,396],[2,20,395],[4,21,395],[3,19,397],
[1,17,396],[5,6,398],[1,2,400],[3,4,399],[5,397,398],[6,396,398],[1,396,400],[4,395,399],[3,397,399],[2,395,400]];
###############################################################

#SurfaceInfo: 60 Vertices, 1200 Edges, 800 Faces, IsOrientable=true
 #Vertices of faces:
vof4:=[[58,59,60],[57,58,59],[56,59,60],[55,58,60],[52,53,54],[50,51,53],[49,50,52],[46,47,48],[44,45,47],[43,44,46],
[40,41,42],[38,39,41],[37,38,40],[34,35,36],[34,35,45],[34,36,43],[35,36,48],[33,45,48],[32,43,45],[31,43,48],
[33,34,45],[32,35,45],[31,35,48],[31,34,43],[33,36,48],[32,36,43],[30,43,48],[29,43,45],[28,45,48],[25,26,27],
[23,24,27],[22,24,26],[26,29,43],[27,30,48],[24,30,43],[26,28,48],[24,28,45],[27,29,45],[26,33,34],[26,32,35],
[27,32,36],[24,31,35],[27,31,34],[24,33,36],[26,28,34],[24,30,35],[27,30,34],[27,29,36],[24,28,36],[26,29,35],
[26,32,33],[27,31,32],[24,31,33],[25,26,43],[25,27,45],[23,27,48],[23,24,43],[22,24,45],[22,26,48],[26,27,38],
[24,26,40],[24,27,41],[19,20,21],[17,18,20],[16,18,21],[17,19,20],[16,17,18],[16,19,21],[22,49,54],[25,49,51],
[23,51,54],[41,51,54],[38,49,51],[40,49,54],[17,41,51],[19,41,54],[17,40,49],[19,38,49],[16,40,54],[16,38,51],
[15,16,17],[14,16,19],[13,17,19],[14,19,49],[15,17,49],[14,16,51],[15,16,54],[13,19,54],[13,17,51],[18,21,49],
[18,20,54],[20,21,51],[15,21,49],[14,18,49],[14,20,51],[15,20,54],[13,21,51],[13,18,54],[12,14,15],[11,13,14],
[10,13,15],[12,14,18],[12,15,21],[10,13,18],[11,13,21],[10,15,20],[11,14,20],[10,11,30],[11,12,29],[10,12,28],
[12,25,51],[12,22,54],[11,25,49],[10,22,49],[10,23,51],[11,23,54],[12,19,38],[12,17,40],[11,16,38],[10,16,40],
[10,19,41],[11,17,41],[12,17,22],[12,19,25],[10,16,22],[11,16,25],[11,17,23],[10,19,23],[11,30,54],[10,30,51],
[12,28,54],[12,29,51],[10,28,49],[11,29,49],[12,21,40],[12,18,38],[11,20,38],[10,20,40],[11,21,41],[10,18,41],
[21,23,47],[18,23,44],[20,22,44],[20,25,47],[21,22,46],[18,25,46],[8,9,13],[7,9,14],[7,8,15],[7,27,38],
[9,26,38],[9,24,41],[7,24,40],[8,27,41],[8,26,40],[8,28,36],[9,29,36],[8,30,35],[9,30,34],[7,29,35],
[7,28,34],[7,25,43],[9,23,48],[8,23,43],[8,22,45],[7,22,48],[9,25,45],[7,32,33],[8,31,33],[9,31,32],
[7,28,32],[7,29,33],[9,29,31],[8,28,31],[9,30,32],[8,30,33],[9,25,36],[8,22,36],[8,23,35],[9,23,34],
[7,22,34],[7,25,35],[8,15,26],[9,14,26],[8,13,27],[9,13,24],[7,15,24],[7,14,27],[8,40,45],[9,38,45],
[8,41,43],[9,41,48],[7,40,48],[7,38,43],[19,23,44],[17,23,47],[16,25,47],[16,22,44],[19,25,46],[17,22,46],
[18,41,44],[21,41,47],[20,40,44],[20,38,47],[18,38,46],[21,40,46],[29,47,49],[28,44,49],[30,44,51],[30,47,54],
[29,46,51],[28,46,54],[29,30,52],[28,30,50],[28,29,53],[36,38,52],[36,40,50],[35,41,50],[34,41,52],[34,40,53],
[35,38,53],[22,25,56],[22,23,57],[23,25,55],[14,15,46],[13,15,44],[13,14,47],[22,30,57],[25,30,55],[23,29,55],
[23,28,57],[25,28,56],[22,29,56],[28,31,50],[29,31,52],[30,32,52],[30,33,50],[29,33,53],[28,32,53],[14,41,47],
[15,41,44],[13,38,47],[13,40,44],[14,40,46],[15,38,46],[40,45,50],[38,45,52],[41,48,52],[41,43,50],[38,43,53],
[40,48,53],[14,26,52],[15,26,50],[13,24,52],[13,27,50],[14,27,53],[15,24,53],[22,36,50],[25,36,52],[23,34,52],
[23,35,50],[25,35,53],[22,34,53],[17,30,47],[19,30,44],[16,28,44],[16,29,47],[17,28,46],[19,29,46],[6,38,40],
[5,38,41],[4,40,41],[3,28,29],[2,28,30],[1,29,30],[4,19,30],[5,17,30],[5,16,29],[4,16,28],[6,19,29],
[6,17,28],[6,15,38],[6,14,40],[4,15,41],[5,14,41],[4,13,40],[5,13,38],[3,22,29],[3,25,28],[1,25,30],
[2,22,30],[2,23,28],[1,23,29],[25,31,52],[22,31,50],[23,33,50],[23,32,52],[22,32,53],[25,33,53],[15,45,50],
[14,45,52],[13,43,50],[13,48,52],[15,48,53],[14,43,53],[4,18,23],[5,21,23],[5,20,25],[4,20,22],[6,18,25],
[6,21,22],[5,21,30],[4,18,30],[4,20,28],[5,20,29],[6,21,28],[6,18,29],[1,14,45],[2,15,45],[1,13,48],
[2,13,43],[3,14,43],[3,15,48],[5,14,23],[4,15,23],[5,13,25],[4,13,22],[6,14,22],[6,15,25],[2,22,31],
[1,25,31],[1,23,32],[2,23,33],[3,25,33],[3,22,32],[23,38,39],[23,40,42],[25,39,41],[22,41,42],[22,37,38],
[25,37,40],[1,36,38],[2,36,40],[1,34,41],[2,35,41],[3,35,38],[3,34,40],[23,25,59],[22,23,60],[22,25,58],
[23,40,60],[23,38,59],[22,41,60],[25,41,59],[25,40,58],[22,38,58],[18,30,42],[21,30,39],[20,29,39],[20,28,42],
[18,29,37],[21,28,37],[1,31,38],[2,31,40],[2,33,41],[1,32,41],[3,32,40],[3,33,38],[15,23,42],[14,23,39],
[13,22,42],[13,25,39],[15,25,37],[14,22,37],[2,15,36],[1,14,36],[2,13,35],[1,13,34],[3,15,34],[3,14,35],
[30,38,55],[30,40,57],[28,41,57],[29,41,55],[29,40,56],[28,38,56],[14,36,55],[15,36,57],[13,34,55],[13,35,57],
[14,35,56],[15,34,56],[31,38,55],[31,40,57],[32,41,55],[33,41,57],[33,38,56],[32,40,56],[30,38,59],[30,40,60],
[29,41,59],[28,41,60],[28,38,58],[29,40,58],[14,30,39],[15,30,42],[13,29,39],[13,28,42],[14,28,37],[15,29,37],
[15,30,60],[14,30,59],[13,28,60],[13,29,59],[15,29,58],[14,28,58],[15,31,57],[14,31,55],[13,33,57],[13,32,55],
[15,32,56],[14,33,56],[14,31,59],[15,31,60],[13,32,59],[13,33,60],[14,33,58],[15,32,58],[10,11,31],[10,12,33],
[11,12,32],[31,47,54],[31,44,51],[33,44,49],[32,47,49],[33,46,54],[32,46,51],[5,17,31],[4,19,31],[4,16,33],
[5,16,32],[6,17,33],[6,19,32],[18,31,42],[21,31,39],[20,33,42],[20,32,39],[21,33,37],[18,32,37],[19,31,42],
[17,31,39],[16,32,39],[16,33,42],[19,32,37],[17,33,37],[4,31,51],[5,31,54],[5,32,49],[4,33,49],[6,32,51],
[6,33,54],[11,31,44],[10,31,47],[12,32,47],[12,33,44],[11,32,46],[10,33,46],[21,31,59],[18,31,60],[20,33,60],
[20,32,59],[18,32,58],[21,33,58],[34,37,51],[34,39,49],[36,42,51],[35,37,54],[36,39,54],[35,42,49],[35,44,46],
[34,46,47],[36,44,47],[8,9,20],[7,8,18],[7,9,21],[18,26,50],[21,26,52],[20,27,50],[20,24,52],[18,24,53],
[21,27,53],[2,18,45],[1,21,45],[2,20,43],[1,20,48],[3,18,48],[3,21,43],[21,36,55],[18,36,57],[20,35,57],
[20,34,55],[18,34,56],[21,35,56],[21,45,55],[18,45,57],[21,43,56],[18,48,56],[20,48,55],[20,43,57],[1,21,26],
[2,18,26],[3,21,27],[3,18,24],[1,20,24],[2,20,27],[7,21,52],[7,18,50],[9,21,53],[8,18,53],[8,20,52],
[9,20,50],[19,36,42],[17,36,39],[16,35,42],[16,34,39],[19,34,37],[17,35,37],[18,36,60],[21,36,59],[21,35,58],
[18,34,58],[20,34,59],[20,35,60],[10,36,47],[11,36,44],[12,35,44],[12,34,47],[10,35,46],[11,34,46],[5,36,54],
[4,36,51],[4,35,49],[5,34,49],[6,35,54],[6,34,51],[19,50,53],[17,52,53],[16,50,52],[17,27,56],[16,27,57],
[16,24,55],[19,26,57],[17,26,55],[19,24,56],[7,19,50],[9,16,50],[8,16,52],[7,17,52],[9,17,53],[8,19,53],
[2,19,26],[1,17,26],[2,16,27],[1,16,24],[3,19,24],[3,17,27],[19,45,57],[17,45,55],[16,43,57],[16,48,55],
[19,48,56],[17,43,56],[6,11,34],[5,12,34],[5,10,36],[4,12,35],[4,11,36],[6,10,35],[19,34,58],[16,34,59],
[19,36,60],[17,36,59],[16,35,60],[17,35,58],[6,47,48],[5,46,48],[5,44,45],[4,45,47],[4,43,46],[6,43,44],
[4,5,26],[5,6,24],[4,6,27],[6,27,44],[4,27,46],[6,24,47],[5,24,46],[5,26,44],[4,26,47],[6,11,48],
[5,12,48],[4,11,45],[5,10,45],[6,10,43],[4,12,43],[19,48,58],[16,48,59],[19,45,60],[17,45,59],[16,43,60],
[17,43,58],[3,9,17],[1,7,17],[1,8,16],[2,7,19],[3,8,19],[2,9,16],[3,52,54],[1,53,54],[3,50,51],
[1,49,50],[2,49,52],[2,51,53],[2,3,11],[1,3,10],[1,2,12],[37,48,51],[39,48,49],[42,45,51],[39,45,54],
[42,43,49],[37,43,54],[3,10,52],[1,12,50],[2,12,52],[1,10,53],[2,11,53],[3,11,50],[48,51,58],[48,49,59],
[45,51,60],[45,54,59],[43,54,58],[43,49,60],[3,9,54],[2,9,49],[1,7,54],[2,7,51],[3,8,51],[1,8,49],
[11,37,48],[12,42,43],[12,39,48],[11,42,45],[10,37,43],[10,39,45],[26,42,47],[24,37,47],[24,39,46],[26,39,44],
[27,42,46],[27,37,44],[24,51,56],[27,54,56],[27,49,57],[24,49,55],[26,54,55],[26,51,57],[24,51,58],[27,49,60],
[24,49,59],[26,51,60],[26,54,59],[27,54,58],[9,54,56],[9,49,57],[7,54,55],[7,51,57],[8,49,55],[8,51,56],
[11,50,56],[10,52,56],[12,52,57],[10,53,55],[12,50,55],[11,53,57],[11,24,37],[12,24,39],[10,26,39],[11,26,42],
[10,27,37],[12,27,42],[11,24,58],[10,27,58],[12,27,60],[12,24,59],[10,26,59],[11,26,60],[8,11,56],[9,10,56],
[9,12,57],[7,10,55],[7,11,57],[8,12,55],[8,11,58],[7,11,60],[9,10,58],[9,12,60],[8,12,59],[7,10,59],
[4,5,7],[4,6,9],[5,6,8],[8,37,47],[7,42,47],[7,39,44],[9,37,44],[8,39,46],[9,42,46],[5,7,42],
[4,7,39],[6,8,39],[6,9,42],[5,8,37],[4,9,37],[8,47,58],[7,47,60],[9,44,58],[9,46,60],[7,44,59],
[8,46,59],[37,42,52],[37,39,50],[39,42,53],[2,3,47],[1,2,46],[1,3,44],[47,50,56],[47,53,57],[44,52,56],
[46,52,57],[46,50,55],[44,53,55],[2,47,56],[3,47,57],[1,46,57],[1,44,56],[3,44,55],[2,46,55],[5,37,50],
[4,37,52],[6,42,52],[5,42,53],[4,39,53],[6,39,50],[47,50,58],[47,53,60],[46,50,59],[44,52,58],[44,53,59],
[46,52,60],[5,56,57],[6,55,57],[4,55,56],[2,5,56],[3,5,57],[2,6,55],[1,6,57],[3,4,55],[1,4,56],
[5,50,58],[5,53,60],[6,50,59],[4,52,58],[6,52,60],[4,53,59],[2,5,58],[3,5,60],[2,6,59],[3,4,59],
[1,6,60],[1,4,58],[2,37,39],[3,39,42],[1,37,42],[2,39,58],[3,39,60],[1,42,58],[1,37,60],[2,37,59],
[3,42,59],[39,56,57],[42,55,56],[37,55,57],[39,57,58],[39,56,60],[42,56,59],[37,55,60],[37,57,59],[42,55,58]];
###############################################################

