#SurfaceInfo: 351 Vertices, 1053 Edges, 702 Faces, IsOrientable=true
 #Vertices of faces:
vof1:=[[349,350,351],[348,349,350],[347,349,351],[346,350,351],[343,344,345],[340,341,342],[337,338,339],[334,335,336],[331,332,333],[328,329,330],
[325,326,327],[322,323,324],[319,320,321],[316,317,318],[313,314,315],[310,311,312],[307,308,309],[304,305,306],[302,303,308],[300,301,305],
[298,299,311],[296,297,308],[294,295,305],[292,293,311],[289,290,291],[286,287,288],[283,284,285],[281,282,290],[279,280,287],[277,278,284],
[281,289,290],[277,283,284],[279,286,287],[274,275,276],[271,272,273],[268,269,270],[267,289,291],[266,283,285],[265,286,288],[264,281,282],
[263,277,278],[262,279,280],[296,302,308],[292,298,311],[294,300,305],[301,304,305],[299,310,311],[303,307,308],[297,308,309],[293,311,312],
[295,305,306],[260,261,302],[258,259,298],[256,257,300],[253,254,255],[250,251,252],[247,248,249],[244,245,246],[241,242,243],[238,239,240],
[237,343,344],[236,344,345],[235,343,345],[278,322,323],[282,319,320],[280,316,317],[242,313,314],[239,314,315],[245,313,315],[245,319,321],
[242,322,324],[239,316,318],[269,300,301],[275,302,303],[272,298,299],[254,296,297],[251,292,293],[248,294,295],[234,290,291],[233,284,285],
[232,287,288],[231,282,290],[230,278,284],[229,280,287],[227,228,291],[225,226,285],[223,224,288],[221,222,343],[219,220,345],[217,218,344],
[216,222,254],[215,220,248],[214,218,251],[242,313,324],[245,315,321],[239,314,318],[221,237,343],[217,236,344],[219,235,345],[222,235,343],
[218,237,344],[220,236,345],[213,227,228],[212,223,224],[211,225,226],[216,221,222],[215,219,220],[214,217,218],[231,282,319],[229,280,316],
[230,278,322],[225,233,285],[223,232,288],[227,234,291],[231,234,290],[229,232,287],[230,233,284],[216,254,296],[215,248,294],[214,251,292],
[244,245,313],[238,239,315],[241,242,314],[245,246,319],[239,240,316],[242,243,322],[222,253,254],[218,250,251],[220,247,248],[260,275,302],
[256,269,300],[258,272,298],[254,255,297],[248,249,295],[251,252,293],[210,303,307],[209,301,304],[208,299,310],[207,297,309],[206,295,306],
[205,293,312],[261,296,302],[257,294,300],[259,292,298],[264,282,320],[262,280,317],[263,278,323],[228,267,291],[224,265,288],[226,266,285],
[274,275,303],[271,272,299],[268,269,301],[203,204,221],[201,202,219],[199,200,217],[197,198,234],[195,196,232],[193,194,233],[213,275,276],
[212,269,270],[211,272,273],[203,221,237],[199,217,236],[201,219,235],[192,228,267],[191,226,266],[190,224,265],[189,263,323],[188,262,317],
[187,264,320],[213,260,275],[211,258,272],[212,256,269],[197,231,234],[193,230,233],[195,229,232],[194,225,233],[198,227,234],[196,223,232],
[213,227,276],[211,225,273],[212,223,270],[204,216,221],[200,214,217],[202,215,219],[208,271,299],[209,268,301],[210,274,303],[207,255,297],
[205,252,293],[206,249,295],[222,235,253],[220,236,247],[218,237,250],[216,261,296],[214,259,292],[215,257,294],[231,246,319],[230,243,322],
[229,240,316],[244,313,324],[241,314,318],[238,315,321],[186,323,324],[185,317,318],[184,320,321],[183,213,228],[182,211,226],[181,212,224],
[186,244,324],[184,238,321],[185,241,318],[180,207,255],[179,206,249],[178,205,252],[177,209,268],[176,210,274],[175,208,271],[183,213,260],
[181,212,256],[182,211,258],[186,189,323],[184,187,320],[185,188,317],[183,192,228],[181,190,224],[182,191,226],[201,235,253],[203,237,250],
[199,236,247],[204,216,261],[202,215,257],[200,214,259],[198,227,276],[196,223,270],[194,225,273],[197,231,246],[195,229,240],[193,230,243],
[174,260,261],[173,256,257],[172,258,259],[171,253,255],[170,250,252],[169,247,249],[168,244,246],[167,238,240],[166,241,243],[165,274,276],
[164,268,270],[163,271,273],[168,186,244],[166,185,241],[167,184,238],[168,197,246],[166,193,243],[167,195,240],[165,198,276],[163,194,273],
[164,196,270],[174,204,261],[172,200,259],[173,202,257],[170,203,250],[169,199,247],[171,201,253],[162,183,192],[161,182,191],[160,181,190],
[159,186,189],[158,185,188],[157,184,187],[174,183,260],[172,182,258],[173,181,256],[165,176,274],[163,175,271],[164,177,268],[171,180,255],
[169,179,249],[170,178,252],[156,203,204],[155,199,200],[154,201,202],[153,197,198],[152,193,194],[151,195,196],[150,171,180],[149,169,179],
[148,170,178],[147,165,176],[146,164,177],[145,163,175],[156,170,203],[154,171,201],[155,169,199],[156,174,204],[154,173,202],[155,172,200],
[153,165,198],[151,164,196],[152,163,194],[153,168,197],[151,167,195],[152,166,193],[159,168,186],[157,167,184],[158,166,185],[162,174,183],
[160,173,181],[161,172,182],[153,159,168],[152,158,166],[151,157,167],[156,162,174],[155,161,172],[154,160,173],[148,156,170],[149,155,169],
[150,154,171],[147,153,165],[145,152,163],[146,151,164],[147,153,159],[146,151,157],[145,152,158],[148,156,162],[150,154,160],[149,155,161],
[144,267,289],[143,265,286],[142,266,283],[141,264,281],[140,262,279],[139,263,277],[138,281,289],[137,279,286],[136,277,283],[135,189,263],
[134,187,264],[133,188,262],[132,192,267],[131,190,265],[130,191,266],[129,159,189],[128,157,187],[127,158,188],[126,162,192],[125,160,190],
[124,161,191],[126,132,192],[124,130,191],[125,131,190],[129,135,189],[127,133,188],[128,134,187],[135,139,263],[134,141,264],[133,140,262],
[138,141,281],[137,140,279],[136,139,277],[132,144,267],[130,142,266],[131,143,265],[138,144,289],[136,142,283],[137,143,286],[129,147,159],
[127,145,158],[128,146,157],[125,150,160],[126,148,162],[124,149,161],[122,123,135],[120,121,133],[118,119,134],[116,117,131],[114,115,130],
[112,113,132],[137,328,329],[136,331,332],[138,325,326],[111,307,309],[110,304,306],[109,310,312],[108,205,312],[107,207,309],[106,206,306],
[105,210,307],[104,208,310],[103,209,304],[102,176,210],[101,175,208],[100,177,209],[99,180,207],[98,178,205],[97,179,206],[96,150,180],
[95,148,178],[94,149,179],[93,147,176],[92,145,175],[91,146,177],[96,99,180],[94,97,179],[95,98,178],[93,102,176],[91,100,177],
[92,101,175],[102,105,210],[100,103,209],[101,104,208],[97,106,206],[99,107,207],[98,108,205],[105,111,307],[103,110,304],[104,109,310],
[106,110,306],[108,109,312],[107,111,309],[112,126,132],[116,125,131],[114,124,130],[96,125,150],[94,124,149],[95,126,148],[93,129,147],
[91,128,146],[92,127,145],[138,144,325],[137,143,328],[136,142,331],[113,132,144],[117,131,143],[115,130,142],[136,139,332],[138,141,326],
[137,140,329],[122,135,139],[118,134,141],[120,133,140],[123,129,135],[119,128,134],[121,127,133],[89,90,102],[87,88,100],[85,86,101],
[83,84,99],[81,82,97],[79,80,98],[111,340,341],[110,334,335],[109,337,338],[107,111,340],[106,110,334],[108,109,337],[105,111,341],
[104,109,338],[103,110,335],[81,97,106],[79,98,108],[83,99,107],[89,102,105],[85,101,104],[87,100,103],[90,93,102],[86,92,101],
[88,91,100],[80,95,98],[84,96,99],[82,94,97],[122,139,332],[120,140,329],[118,141,326],[113,144,325],[115,142,331],[117,143,328],
[93,123,129],[92,121,127],[91,119,128],[96,116,125],[95,112,126],[94,114,124],[77,78,333],[75,76,330],[73,74,327],[72,332,333],
[71,329,330],[70,326,327],[69,325,327],[68,331,333],[67,328,330],[72,77,333],[70,73,327],[71,75,330],[69,74,327],[67,76,330],
[68,78,333],[67,117,328],[69,113,325],[68,115,331],[72,122,332],[70,118,326],[71,120,329],[84,96,116],[80,95,112],[82,94,114],
[90,93,123],[88,91,119],[86,92,121],[81,106,334],[83,107,340],[79,108,337],[89,105,341],[87,103,335],[85,104,338],[65,66,336],
[63,64,342],[61,62,339],[60,122,123],[59,118,119],[58,120,121],[57,116,117],[56,112,113],[55,114,115],[54,340,342],[53,334,336],
[52,337,339],[51,341,342],[50,338,339],[49,335,336],[53,65,336],[52,61,339],[54,63,342],[51,64,342],[49,66,336],[50,62,339],
[57,84,116],[55,82,114],[56,80,112],[51,89,341],[50,85,338],[49,87,335],[54,83,340],[52,79,337],[53,81,334],[60,90,123],
[58,86,121],[59,88,119],[60,72,122],[58,71,120],[59,70,118],[57,67,117],[55,68,115],[56,69,113],[48,72,77],[47,71,75],
[46,70,73],[45,69,74],[44,68,78],[43,67,76],[42,89,90],[41,85,86],[40,87,88],[39,83,84],[38,79,80],[37,81,82],
[39,57,84],[38,56,80],[37,55,82],[42,60,90],[40,59,88],[41,58,86],[39,54,83],[38,52,79],[37,53,81],[42,51,89],
[40,49,87],[41,50,85],[36,54,63],[35,52,61],[34,53,65],[33,51,64],[32,50,62],[31,49,66],[45,56,69],[43,57,67],
[44,55,68],[48,60,72],[46,59,70],[47,58,71],[39,43,57],[37,44,55],[38,45,56],[33,42,51],[32,41,50],[31,40,49],
[36,39,54],[34,37,53],[35,38,52],[42,48,60],[41,47,58],[40,46,59],[36,39,43],[35,38,45],[34,37,44],[33,42,48],
[31,40,46],[32,41,47],[30,77,78],[29,73,74],[28,75,76],[27,45,74],[26,43,76],[25,44,78],[24,48,77],[23,46,73],
[22,47,75],[24,30,77],[22,28,75],[23,29,73],[26,28,76],[27,29,74],[25,30,78],[27,35,45],[25,34,44],[26,36,43],
[24,33,48],[22,32,47],[23,31,46],[20,21,29],[18,19,28],[16,17,30],[15,65,66],[14,61,62],[13,63,64],[12,33,64],
[11,32,62],[10,31,66],[9,34,65],[8,35,61],[7,36,63],[9,15,65],[7,13,63],[8,14,61],[10,15,66],[12,13,64],
[11,14,62],[16,24,30],[20,23,29],[18,22,28],[12,24,33],[10,23,31],[11,22,32],[7,26,36],[9,25,34],[8,27,35],
[19,26,28],[17,25,30],[21,27,29],[5,6,13],[3,4,15],[1,2,14],[5,12,13],[1,11,14],[3,10,15],[4,9,15],
[6,7,13],[2,8,14],[7,19,26],[8,21,27],[9,17,25],[12,16,24],[11,18,22],[10,20,23],[5,12,16],[3,10,20],
[1,11,18],[6,7,19],[4,9,17],[2,8,21],[16,17,348],[18,19,347],[20,21,346],[5,16,348],[3,20,346],[1,18,347],
[6,19,347],[2,21,346],[4,17,348],[5,6,349],[1,2,351],[3,4,350],[5,348,349],[3,346,350],[1,347,351],[6,347,349],
[4,348,350],[2,346,351]];
###############################################################

#SurfaceInfo: 216 Vertices, 1080 Edges, 720 Faces, IsOrientable=true
 #Vertices of faces:
vof2:=[[214,215,216],[213,214,215],[212,215,216],[211,214,216],[208,209,210],[205,206,207],[202,203,204],[199,200,201],[196,197,198],[193,194,195],
[190,191,192],[188,189,200],[186,187,203],[184,185,206],[181,182,183],[178,179,180],[175,176,177],[172,173,174],[169,170,171],[166,167,168],
[165,179,197],[164,182,194],[163,176,191],[162,179,206],[161,176,203],[160,182,200],[158,159,197],[156,157,194],[154,155,191],[153,192,197],
[152,194,198],[151,191,195],[148,149,150],[145,146,147],[142,143,144],[140,141,160],[138,139,161],[136,137,162],[135,153,158],[134,151,154],
[133,152,156],[132,162,197],[131,160,194],[130,161,191],[129,145,146],[128,142,143],[127,148,149],[130,138,161],[132,136,162],[131,140,160],
[128,134,151],[127,133,152],[129,135,153],[129,135,145],[127,133,148],[128,134,142],[153,158,197],[151,154,191],[152,156,194],[162,179,197],
[161,176,191],[160,182,194],[124,125,126],[121,122,123],[118,119,120],[117,179,206],[116,182,200],[115,176,203],[114,141,160],[113,137,162],
[112,139,161],[111,172,173],[110,166,167],[109,169,170],[108,166,168],[107,169,171],[106,172,174],[105,186,187],[104,188,189],[103,184,185],
[102,175,176],[101,181,182],[100,178,179],[164,194,198],[165,192,197],[163,191,195],[163,176,177],[165,179,180],[164,182,183],[160,188,200],
[162,184,206],[161,186,203],[155,190,191],[159,196,197],[157,193,194],[132,197,198],[130,191,192],[131,194,195],[185,205,206],[189,199,200],
[187,202,203],[98,99,160],[96,97,162],[94,95,161],[91,92,93],[88,89,90],[85,86,87],[84,119,205],[83,125,199],[82,122,202],
[81,120,150],[80,123,147],[79,126,144],[77,78,147],[75,76,150],[73,74,144],[141,149,196],[139,143,193],[137,146,190],[72,100,193],
[71,101,190],[70,102,196],[69,114,153],[68,112,152],[67,113,151],[66,69,181],[65,68,175],[64,67,178],[63,97,209],[62,99,208],
[61,95,210],[58,59,60],[55,56,57],[52,53,54],[56,67,115],[59,69,117],[53,68,116],[51,61,77],[50,63,75],[49,62,73],
[48,153,192],[47,151,195],[46,152,198],[149,150,186],[143,144,184],[146,147,188],[87,148,150],[93,142,144],[90,145,147],[136,137,168],
[138,139,171],[140,141,174],[87,134,154],[90,133,156],[93,135,158],[135,145,195],[134,142,198],[133,148,192],[59,208,209],[53,208,210],
[56,209,210],[45,206,207],[44,200,201],[43,203,204],[42,190,192],[41,193,195],[40,196,198],[39,170,171],[38,167,168],[37,173,174],
[170,181,183],[167,175,177],[173,178,180],[92,107,175],[86,106,181],[89,108,178],[172,177,205],[166,183,202],[169,180,199],[82,111,201],
[83,110,207],[84,109,204],[36,96,147],[35,98,150],[34,94,144],[32,33,93],[30,31,90],[28,29,87],[56,124,131],[53,118,132],
[59,121,130],[27,33,115],[26,31,117],[25,29,116],[35,61,155],[34,63,159],[36,62,157],[72,143,193],[70,149,196],[71,146,190],
[66,69,153],[64,67,151],[65,68,152],[51,61,95],[50,63,97],[49,62,99],[52,53,116],[58,59,117],[55,56,115],[56,57,124],
[59,60,121],[53,54,118],[27,67,115],[25,68,116],[26,69,117],[61,77,155],[62,73,157],[63,75,159],[91,92,175],[88,89,178],
[85,86,181],[119,177,205],[125,180,199],[122,183,202],[82,201,202],[84,204,205],[83,199,207],[36,80,147],[34,79,144],[35,81,150],
[77,96,147],[73,94,144],[75,98,150],[27,32,33],[25,28,29],[26,30,31],[34,63,94],[36,62,96],[35,61,98],[67,173,178],
[68,167,175],[69,170,181],[39,170,183],[37,173,180],[38,167,177],[40,102,196],[42,101,190],[41,100,193],[43,85,203],[45,91,206],
[44,88,200],[43,109,204],[44,111,201],[45,110,207],[59,63,209],[56,61,210],[53,62,208],[56,131,209],[59,130,208],[53,132,210],
[40,134,198],[41,135,195],[42,133,192],[86,87,154],[92,93,158],[89,90,156],[28,87,134],[32,93,135],[30,90,133],[141,149,174],
[137,146,168],[139,143,171],[39,138,171],[37,140,174],[38,136,168],[120,150,186],[126,144,184],[123,147,188],[78,90,147],[74,93,144],
[76,87,150],[33,93,142],[29,87,148],[31,90,145],[48,114,153],[46,112,152],[47,113,151],[46,142,198],[48,148,192],[47,145,195],
[169,189,199],[166,187,202],[172,185,205],[34,159,196],[35,155,190],[36,157,193],[94,161,186],[96,162,184],[98,160,188],[163,172,177],
[165,169,180],[164,166,183],[131,163,195],[130,165,192],[132,164,198],[92,107,169],[89,108,166],[86,106,172],[82,111,172],[84,109,169],
[83,110,166],[105,149,186],[104,146,188],[103,143,184],[102,107,175],[100,108,178],[101,106,181],[99,114,160],[95,112,161],[97,113,162],
[31,117,206],[33,115,203],[29,116,200],[124,125,131],[118,119,132],[121,122,130],[39,141,196],[37,137,190],[38,139,193],[24,70,102],
[23,71,101],[22,72,100],[39,67,113],[37,68,112],[38,69,114],[23,64,178],[24,66,181],[22,65,175],[43,97,209],[45,99,208],
[44,95,210],[58,60,142],[55,57,148],[52,54,145],[21,56,67],[20,53,68],[19,59,69],[51,77,102],[50,75,100],[49,73,101],
[18,94,95],[17,96,97],[16,98,99],[88,90,138],[91,93,140],[85,87,136],[52,82,122],[55,84,119],[58,83,125],[80,123,134],
[81,120,135],[79,126,133],[77,78,83],[73,74,84],[75,76,82],[80,111,173],[79,110,167],[81,109,170],[57,108,168],[54,107,171],
[60,106,174],[94,104,189],[96,105,187],[98,103,185],[49,102,176],[51,100,179],[50,101,182],[28,117,179],[30,115,176],[32,116,182],
[64,118,120],[66,124,126],[65,121,123],[15,119,120],[14,125,126],[13,122,123],[45,128,151],[44,129,153],[43,127,152],[128,143,201],
[127,149,207],[129,146,204],[12,130,138],[11,131,140],[10,132,136],[86,89,92],[9,52,70],[8,58,71],[7,55,72],[79,80,81],
[54,57,60],[13,14,15],[14,15,120],[13,15,123],[13,14,126],[28,51,179],[30,49,176],[32,50,182],[57,60,108],[54,60,106],
[54,57,107],[80,81,109],[79,80,111],[79,81,110],[9,52,122],[8,58,125],[7,55,119],[58,78,83],[52,76,82],[55,74,84],
[12,88,138],[10,85,136],[11,91,140],[43,97,127],[44,95,129],[45,99,128],[24,66,124],[22,65,121],[23,64,118],[21,39,67],
[19,38,69],[20,37,68],[9,24,70],[7,22,72],[8,23,71],[24,51,102],[22,50,100],[23,49,101],[24,85,181],[22,91,175],
[23,88,178],[77,102,107],[73,101,106],[75,100,108],[94,104,186],[98,103,188],[96,105,184],[34,39,196],[36,38,193],[35,37,190],
[46,60,142],[47,54,145],[48,57,148],[33,58,142],[31,52,145],[29,55,148],[64,120,186],[65,123,188],[66,126,184],[78,90,138],
[76,87,136],[74,93,140],[39,138,141],[38,136,139],[37,137,140],[28,123,134],[30,126,133],[32,120,135],[86,92,154],[86,89,156],
[89,92,158],[40,80,134],[42,79,133],[41,81,135],[11,131,209],[10,132,210],[12,130,208],[19,59,63],[21,56,61],[20,53,62],
[15,119,177],[13,122,183],[14,125,180],[129,204,205],[127,199,207],[128,201,202],[43,109,209],[44,111,210],[45,110,208],[41,51,100],
[42,50,101],[40,49,102],[38,114,177],[39,113,183],[37,112,180],[36,80,173],[35,81,170],[34,79,167],[18,73,94],[16,75,98],
[17,77,96],[63,94,189],[61,98,185],[62,96,187],[27,32,116],[26,30,115],[25,28,117],[57,124,168],[60,121,174],[54,118,171],
[77,83,155],[75,82,159],[73,84,157],[72,143,201],[71,146,204],[70,149,207],[43,65,152],[45,64,151],[44,66,153],[52,70,116],
[55,72,115],[58,71,117],[18,51,95],[16,49,99],[17,50,97],[125,131,163],[119,132,164],[122,130,165],[82,163,172],[83,164,166],
[84,165,169],[92,169,189],[86,172,185],[89,166,187],[48,99,114],[47,97,113],[46,95,112],[105,149,174],[103,143,171],[104,146,168],
[31,91,206],[29,88,200],[33,85,203],[27,67,173],[26,69,170],[25,68,167],[6,205,207],[5,199,201],[4,202,204],[3,43,85],
[2,45,91],[1,44,88],[3,24,85],[1,23,88],[2,22,91],[3,43,65],[1,44,66],[2,45,64],[6,70,207],[4,71,204],
[5,72,201],[6,129,205],[4,128,202],[5,127,199],[82,159,163],[84,157,165],[83,155,164],[104,124,168],[103,118,171],[105,121,174],
[27,70,116],[25,71,117],[26,72,115],[27,36,173],[25,34,167],[26,35,170],[15,114,177],[14,112,180],[13,113,183],[19,63,189],
[20,62,187],[21,61,185],[11,109,209],[12,110,208],[10,111,210],[92,154,189],[89,158,187],[86,156,185],[78,138,141],[74,137,140],
[76,136,139],[64,104,186],[66,105,184],[65,103,188],[17,77,107],[16,75,108],[18,73,106],[24,41,51],[23,40,49],[22,42,50],
[21,34,39],[20,35,37],[19,36,38],[9,24,124],[8,23,118],[7,22,121],[46,95,129],[48,99,128],[47,97,127],[10,33,85],
[12,29,88],[11,31,91],[33,58,78],[29,55,74],[31,52,76],[8,125,163],[9,122,165],[7,119,164],[40,80,109],[41,81,110],
[42,79,111],[46,60,108],[48,57,107],[47,54,106],[18,28,51],[17,32,50],[16,30,49],[15,28,123],[14,32,120],[13,30,126],
[114,141,212],[112,139,211],[113,137,213],[78,141,212],[76,139,211],[74,137,213],[15,114,212],[13,113,213],[14,112,211],[15,18,28],
[13,16,30],[14,17,32],[8,159,163],[7,155,164],[9,157,165],[10,33,78],[11,31,76],[12,29,74],[16,46,108],[18,47,106],
[17,48,107],[11,40,109],[10,42,111],[12,41,110],[19,154,189],[21,156,185],[20,158,187],[19,27,36],[20,26,35],[21,25,34],
[9,104,124],[7,105,121],[8,103,118],[6,46,129],[5,47,127],[4,48,128],[6,27,70],[5,26,72],[4,25,71],[2,64,104],
[3,65,103],[1,66,105],[3,24,41],[2,22,42],[1,23,40],[154,155,214],[158,159,215],[156,157,216],[19,154,214],[21,156,216],
[20,158,215],[9,157,216],[8,159,215],[7,155,214],[2,9,104],[3,8,103],[1,7,105],[6,19,27],[4,21,25],[5,20,26],
[2,10,42],[3,12,41],[1,11,40],[6,16,46],[4,17,48],[5,18,47],[13,16,213],[14,17,211],[15,18,212],[10,78,212],
[12,74,213],[11,76,211],[6,16,213],[5,18,212],[4,17,211],[2,10,212],[1,11,211],[3,12,213],[2,9,216],[1,7,214],
[3,8,215],[6,19,214],[5,20,215],[4,21,216],[6,213,214],[4,211,216],[5,212,215],[2,212,216],[3,213,215],[1,211,214]];
###############################################################

#SurfaceInfo: 270 Vertices, 1080 Edges, 720 Faces, IsOrientable=true
 #Vertices of faces:
vof3:=[[268,269,270],[267,268,269],[266,268,270],[265,269,270],[262,263,264],[259,260,261],[256,257,258],[253,254,255],[250,251,252],[247,248,249],
[244,245,246],[241,242,243],[238,239,240],[235,236,237],[232,233,234],[229,230,231],[227,228,254],[225,226,251],[223,224,248],[220,221,222],
[217,218,219],[214,215,216],[213,217,218],[212,214,215],[211,220,221],[208,209,210],[205,206,207],[202,203,204],[201,208,209],[200,202,203],
[199,205,206],[196,197,198],[193,194,195],[190,191,192],[188,189,191],[186,187,197],[184,185,194],[183,196,236],[182,193,233],[181,190,230],
[180,186,251],[179,184,254],[178,188,248],[175,176,177],[172,173,174],[169,170,171],[168,173,243],[167,176,240],[166,170,246],[197,236,251],
[194,233,254],[191,230,248],[172,173,243],[169,170,246],[175,176,240],[196,197,236],[190,191,230],[193,194,233],[188,191,248],[186,197,251],
[184,194,254],[165,200,202],[164,201,208],[163,199,205],[162,168,173],[161,167,176],[160,166,170],[159,235,236],[158,229,230],[157,232,233],
[156,227,228],[155,223,224],[154,225,226],[153,244,245],[152,241,242],[151,238,239],[183,236,237],[181,230,231],[182,233,234],[179,227,254],
[178,223,248],[180,225,251],[168,242,243],[166,245,246],[167,239,240],[236,250,251],[230,247,248],[233,253,254],[228,254,255],[224,248,249],
[226,251,252],[149,150,171],[147,148,174],[145,146,177],[143,144,217],[141,142,220],[139,140,214],[137,138,227],[135,136,223],[133,134,225],
[131,132,150],[129,130,148],[127,128,146],[168,213,217],[166,211,220],[167,212,214],[213,218,244],[212,215,241],[211,221,238],[126,191,192],
[125,194,195],[124,197,198],[123,190,192],[122,193,195],[121,196,198],[120,188,189],[119,184,185],[118,186,187],[165,189,191],[164,185,194],
[163,187,197],[117,183,196],[116,181,190],[115,182,193],[114,180,186],[113,178,188],[112,179,184],[111,173,174],[110,176,177],[109,170,171],
[169,171,237],[172,174,231],[175,177,234],[108,235,237],[107,232,234],[106,229,231],[105,241,243],[104,238,240],[103,244,246],[224,262,263],
[228,256,257],[226,259,260],[144,263,264],[142,260,261],[140,257,258],[145,262,264],[149,256,258],[147,259,261],[102,253,255],[101,250,252],
[100,247,249],[99,146,225],[98,148,227],[97,150,223],[185,187,189],[115,116,117],[94,95,96],[93,112,244],[92,114,241],[91,113,238],
[112,113,114],[90,117,173],[89,116,176],[88,115,170],[219,237,247],[216,231,253],[222,234,250],[86,87,198],[84,85,192],[82,83,195],
[81,105,198],[80,104,192],[79,103,195],[78,120,256],[77,119,259],[76,118,262],[75,122,262],[74,121,256],[73,123,259],[71,72,127],
[69,70,131],[67,68,129],[68,70,72],[66,94,95],[65,95,96],[64,94,96],[63,71,127],[62,67,129],[61,69,131],[60,68,129],
[59,72,127],[58,70,131],[74,121,196],[75,122,193],[73,123,190],[105,124,198],[103,125,195],[104,126,192],[57,86,87],[56,82,83],
[55,84,85],[85,123,192],[87,121,198],[83,122,195],[67,68,70],[69,70,72],[68,71,72],[119,123,259],[118,122,262],[120,121,256],
[81,86,198],[79,82,195],[80,84,192],[86,102,255],[82,100,249],[84,101,252],[101,222,250],[102,216,253],[100,219,247],[60,145,264],
[59,149,258],[58,147,261],[54,144,264],[53,142,261],[52,140,258],[78,228,256],[77,226,259],[76,224,262],[75,145,262],[73,147,259],
[74,149,256],[81,105,243],[79,103,246],[80,104,240],[51,106,229],[50,108,235],[49,107,232],[169,237,247],[175,234,250],[172,231,253],
[90,111,173],[88,109,170],[89,110,176],[108,171,237],[107,177,234],[106,174,231],[112,114,180],[112,113,179],[113,114,178],[93,112,184],
[91,113,188],[92,114,186],[115,117,182],[115,116,181],[116,117,183],[90,117,196],[88,115,193],[89,116,190],[126,165,191],[124,163,197],
[125,164,194],[118,187,189],[119,185,187],[120,185,189],[78,120,188],[76,118,186],[77,119,184],[93,213,244],[91,211,238],[92,212,241],
[105,215,241],[103,218,244],[104,221,238],[99,127,146],[98,129,148],[97,131,150],[97,135,223],[99,133,225],[98,137,227],[143,144,263],
[139,140,257],[141,142,260],[110,145,177],[109,149,171],[111,147,174],[143,168,217],[139,167,214],[141,166,220],[132,150,171],[128,146,177],
[130,148,174],[228,255,257],[226,252,260],[224,249,263],[168,213,242],[167,212,239],[166,211,245],[183,219,237],[182,222,234],[181,216,231],
[146,180,225],[150,178,223],[148,179,227],[138,156,227],[136,155,223],[134,154,225],[159,236,250],[157,233,253],[158,230,247],[112,153,244],
[113,151,238],[114,152,241],[117,162,173],[115,160,170],[116,161,176],[165,189,200],[163,187,199],[164,185,201],[47,48,49],[45,46,50],
[43,44,51],[93,131,132],[91,127,128],[92,129,130],[42,149,150],[41,145,146],[40,147,148],[126,144,217],[124,142,220],[125,140,214],
[89,135,136],[90,133,134],[88,137,138],[159,235,257],[157,232,263],[158,229,260],[51,156,228],[50,155,224],[49,154,226],[81,153,245],
[79,151,239],[80,152,242],[67,162,168],[69,160,166],[71,161,167],[156,221,222],[155,215,216],[154,218,219],[39,214,216],[38,220,222],
[37,217,219],[105,208,210],[103,202,204],[104,205,207],[65,172,243],[66,175,240],[64,169,246],[36,121,135],[35,123,137],[34,122,133],
[33,54,245],[32,53,239],[31,52,242],[54,81,245],[52,80,242],[53,79,239],[36,89,135],[35,88,137],[34,90,133],[38,124,220],
[37,126,217],[39,125,214],[43,51,156],[47,49,154],[45,50,155],[63,91,127],[61,93,131],[62,92,129],[138,156,221],[134,154,218],
[136,155,215],[41,146,180],[42,150,178],[40,148,179],[38,182,222],[37,183,219],[39,181,216],[31,213,242],[32,212,239],[33,211,245],
[159,255,257],[158,252,260],[157,249,263],[67,143,168],[69,141,166],[71,139,167],[141,229,260],[139,235,257],[143,232,263],[30,97,135],
[29,98,137],[28,99,133],[104,207,221],[103,204,218],[105,210,215],[93,132,213],[92,130,212],[91,128,211],[126,144,165],[125,140,164],
[124,142,163],[87,121,135],[83,122,133],[85,123,137],[105,124,208],[104,126,205],[103,125,202],[66,94,175],[64,96,169],[65,95,172],
[88,109,138],[89,110,136],[90,111,134],[48,49,107],[44,51,106],[46,50,108],[65,81,243],[66,80,240],[64,79,246],[51,78,228],
[49,77,226],[50,76,224],[33,54,144],[31,52,140],[32,53,142],[41,60,145],[40,58,147],[42,59,149],[101,156,222],[100,154,219],
[102,155,216],[34,118,122],[36,120,121],[35,119,123],[81,86,153],[80,84,152],[79,82,151],[67,70,162],[68,71,161],[69,72,160],
[60,98,129],[58,97,131],[59,99,127],[118,189,200],[120,185,201],[119,187,199],[117,162,182],[116,161,183],[115,160,181],[74,90,196],
[73,89,190],[75,88,193],[112,153,180],[114,152,178],[113,151,179],[78,91,188],[77,93,184],[76,92,186],[108,132,171],[106,130,174],
[107,128,177],[159,175,250],[158,169,247],[157,172,253],[75,110,145],[74,109,149],[73,111,147],[57,86,102],[55,84,101],[56,82,100],
[107,201,209],[108,199,206],[106,200,203],[57,61,69],[55,62,67],[56,63,71],[27,59,72],[26,60,68],[25,58,70],[24,51,229],
[23,49,232],[22,50,235],[30,60,264],[29,59,258],[28,58,261],[21,52,258],[20,54,264],[19,53,261],[18,86,255],[17,84,252],
[16,82,249],[15,19,110],[14,21,111],[13,20,109],[13,20,54],[15,19,53],[14,21,52],[20,30,264],[19,28,261],[21,29,258],
[26,30,60],[25,28,58],[27,29,59],[57,61,102],[56,63,100],[55,62,101],[15,75,110],[13,74,109],[14,73,111],[108,132,206],
[107,128,209],[106,130,203],[25,70,162],[27,72,160],[26,68,161],[18,86,153],[16,82,151],[17,84,152],[24,51,78],[22,50,76],
[23,49,77],[44,106,200],[46,108,199],[48,107,201],[20,109,138],[19,110,136],[21,111,134],[23,143,232],[22,139,235],[24,141,229],
[55,67,143],[56,71,139],[57,69,141],[18,159,255],[16,157,249],[17,158,252],[63,78,91],[62,76,92],[61,77,93],[34,118,200],
[35,119,199],[36,120,201],[41,60,98],[42,59,99],[40,58,97],[94,159,175],[95,157,172],[96,158,169],[33,144,165],[32,142,163],
[31,140,164],[30,87,135],[28,83,133],[29,85,137],[31,132,213],[33,128,211],[32,130,212],[38,162,182],[39,160,181],[37,161,183],
[41,153,180],[40,151,179],[42,152,178],[138,207,221],[136,210,215],[134,204,218],[45,102,155],[47,100,154],[43,101,156],[38,124,208],
[39,125,202],[37,126,205],[35,75,88],[34,74,90],[36,73,89],[54,65,81],[53,64,79],[52,66,80],[12,164,208],[11,165,202],
[10,163,205],[9,30,97],[8,28,99],[7,29,98],[12,38,208],[10,37,205],[11,39,202],[12,31,164],[10,32,163],[11,33,165],
[7,41,98],[8,42,99],[9,40,97],[9,20,30],[7,21,29],[8,19,28],[18,94,159],[17,96,158],[16,95,157],[23,55,143],
[24,57,141],[22,56,139],[20,138,207],[21,134,204],[19,136,210],[35,46,199],[36,48,201],[34,44,200],[23,61,77],[22,62,76],
[24,63,78],[18,41,153],[17,42,152],[16,40,151],[25,38,162],[26,37,161],[27,39,160],[31,132,206],[32,130,203],[33,128,209],
[15,35,75],[14,36,73],[13,34,74],[45,61,102],[43,62,101],[47,63,100],[26,30,87],[27,29,85],[25,28,83],[13,54,65],
[14,52,66],[15,53,64],[6,57,87],[5,55,85],[4,56,83],[3,66,95],[2,64,94],[1,65,96],[2,18,94],[3,16,95],
[1,17,96],[2,15,64],[1,13,65],[3,14,66],[6,26,87],[4,25,83],[5,27,85],[6,24,57],[4,22,56],[5,23,55],
[23,45,61],[24,47,63],[22,43,62],[15,35,46],[13,34,44],[14,36,48],[9,20,207],[8,19,210],[7,21,204],[7,18,41],
[9,16,40],[8,17,42],[12,31,206],[11,33,209],[10,32,203],[12,25,38],[11,27,39],[10,26,37],[206,207,266],[209,210,265],
[203,204,267],[12,206,266],[10,203,267],[11,209,265],[7,204,267],[8,210,265],[9,207,266],[4,22,43],[5,23,45],[6,24,47],
[4,12,25],[6,10,26],[5,11,27],[2,15,46],[1,13,44],[3,14,48],[2,7,18],[1,8,17],[3,9,16],[45,46,269],
[43,44,270],[47,48,268],[4,43,270],[6,47,268],[5,45,269],[2,46,269],[3,48,268],[1,44,270],[2,7,267],[3,9,266],
[1,8,265],[4,12,266],[5,11,265],[6,10,267],[4,266,270],[6,267,268],[5,265,269],[2,267,269],[1,265,270],[3,266,268]];
###############################################################

#SurfaceInfo: 361 Vertices, 1083 Edges, 722 Faces, IsOrientable=true
 #Vertices of faces:
vof4:=[[359,360,361],[358,359,360],[357,359,361],[356,360,361],[353,354,355],[350,351,352],[347,348,349],[344,345,346],[341,342,343],[338,339,340],
[335,336,337],[332,333,334],[329,330,331],[326,327,328],[325,326,327],[324,327,328],[323,326,328],[322,335,336],[321,329,330],[320,332,333],
[317,318,319],[314,315,316],[311,312,313],[308,309,310],[305,306,307],[302,303,304],[300,301,303],[298,299,309],[296,297,306],[293,294,295],
[290,291,292],[287,288,289],[286,288,324],[285,291,325],[284,294,323],[281,282,283],[278,279,280],[275,276,277],[274,333,334],[273,330,331],
[272,336,337],[271,289,303],[270,295,306],[269,292,309],[266,267,268],[264,265,267],[262,263,267],[261,274,315],[260,272,318],[259,273,312],
[258,266,318],[257,265,315],[256,263,312],[300,302,303],[298,308,309],[296,305,306],[286,287,288],[284,293,294],[285,290,291],[255,281,282],
[254,278,279],[253,275,276],[252,281,283],[251,275,277],[250,278,280],[271,303,304],[269,309,310],[270,306,307],[289,301,303],[295,297,306],
[292,299,309],[269,290,292],[271,287,289],[270,293,295],[274,314,315],[273,311,312],[272,317,318],[266,318,319],[263,312,313],[265,315,316],
[264,266,267],[262,265,267],[263,267,268],[257,264,265],[256,262,263],[258,266,268],[257,261,315],[256,259,312],[258,260,318],[249,274,334],
[248,272,337],[247,273,331],[261,274,333],[259,273,330],[260,272,336],[285,325,326],[284,323,328],[286,324,327],[246,320,332],[245,321,329],
[244,322,335],[242,243,257],[240,241,256],[238,239,258],[236,237,290],[234,235,293],[232,233,287],[281,300,301],[275,296,297],[278,298,299],
[231,288,289],[230,294,295],[229,291,292],[228,288,324],[227,294,323],[226,291,325],[225,324,328],[224,323,326],[223,325,327],[222,320,333],
[221,321,330],[220,322,336],[218,219,320],[216,217,322],[214,215,321],[213,218,219],[212,214,215],[211,216,217],[218,222,320],[216,220,322],
[214,221,321],[225,228,324],[223,226,325],[224,227,323],[228,231,288],[226,229,291],[227,230,294],[210,269,310],[209,271,304],[208,270,307],
[231,289,301],[229,292,299],[230,295,297],[219,246,320],[217,244,322],[215,245,321],[236,269,290],[234,270,293],[232,271,287],[224,285,326],
[223,286,327],[225,284,328],[222,261,333],[220,260,336],[221,259,330],[242,257,261],[238,258,260],[240,256,259],[243,257,264],[239,258,268],
[241,256,262],[207,296,305],[206,300,302],[205,298,308],[237,285,290],[233,286,287],[235,284,293],[255,281,301],[254,278,299],[253,275,297],
[252,281,300],[250,278,298],[251,275,296],[247,273,311],[248,272,317],[249,274,314],[264,266,319],[263,268,313],[262,265,316],[203,204,218],
[201,202,216],[199,200,214],[197,198,228],[195,196,226],[193,194,227],[192,247,311],[191,249,314],[190,248,317],[189,217,244],[188,215,245],
[187,219,246],[197,228,231],[193,227,230],[195,226,229],[198,225,228],[194,224,227],[196,223,226],[203,218,222],[199,214,221],[201,216,220],
[202,211,216],[200,212,214],[204,213,218],[206,252,300],[207,251,296],[205,250,298],[243,264,319],[241,262,316],[239,268,313],[222,242,261],
[221,240,259],[220,238,260],[224,237,285],[225,235,284],[223,233,286],[210,236,269],[208,234,270],[209,232,271],[231,255,301],[230,253,297],
[229,254,299],[211,279,280],[213,276,277],[212,282,283],[186,314,316],[185,311,313],[184,317,319],[183,212,215],[182,211,217],[181,213,219],
[183,212,282],[181,213,276],[182,211,279],[185,192,311],[184,190,317],[186,191,314],[180,210,236],[179,209,232],[178,208,234],[184,243,319],
[185,239,313],[186,241,316],[177,206,252],[176,205,250],[175,207,251],[204,213,277],[200,212,283],[202,211,280],[181,187,219],[182,189,217],
[183,188,215],[203,222,242],[201,220,238],[199,221,240],[196,223,233],[198,225,235],[194,224,237],[197,231,255],[193,230,253],[195,229,254],
[174,242,243],[173,238,239],[172,240,241],[171,236,237],[170,232,233],[169,234,235],[168,255,282],[167,253,276],[166,254,279],[165,252,283],
[164,251,277],[163,250,280],[162,184,190],[161,186,191],[160,185,192],[168,197,255],[166,195,254],[167,193,253],[169,198,235],[171,194,237],
[170,196,233],[174,203,242],[172,199,240],[173,201,238],[159,182,189],[158,183,188],[157,181,187],[164,204,277],[165,200,283],[163,202,280],
[164,175,251],[165,177,252],[163,176,250],[174,184,243],[172,186,241],[173,185,239],[171,180,236],[169,178,234],[170,179,232],[168,183,282],
[166,182,279],[167,181,276],[156,203,204],[155,199,200],[154,201,202],[153,197,198],[152,195,196],[151,193,194],[150,171,180],[149,170,179],
[148,169,178],[147,164,175],[146,163,176],[145,165,177],[156,164,204],[154,163,202],[155,165,200],[156,174,203],[154,173,201],[155,172,199],
[151,171,194],[152,170,196],[153,169,198],[153,168,197],[151,167,193],[152,166,195],[162,174,184],[160,173,185],[161,172,186],[158,168,183],
[157,167,181],[159,166,182],[153,158,168],[152,159,166],[151,157,167],[150,151,171],[148,153,169],[149,152,170],[156,162,174],[155,161,172],
[154,160,173],[147,156,164],[145,155,165],[146,154,163],[147,156,162],[146,154,160],[145,155,161],[149,152,159],[150,151,157],[148,153,158],
[144,335,337],[143,332,334],[142,329,331],[141,244,335],[140,246,332],[139,245,329],[138,249,334],[137,247,331],[136,248,337],[135,190,248],
[134,192,247],[133,191,249],[132,189,244],[131,187,246],[130,188,245],[129,162,190],[128,160,192],[127,161,191],[126,159,189],[125,157,187],
[124,158,188],[126,132,189],[124,130,188],[125,131,187],[129,135,190],[127,133,191],[128,134,192],[135,136,248],[133,138,249],[134,137,247],
[131,140,246],[130,139,245],[132,141,244],[137,142,331],[136,144,337],[138,143,334],[140,143,332],[139,142,329],[141,144,335],[129,147,162],
[127,145,161],[128,146,160],[126,149,159],[124,148,158],[125,150,157],[122,123,135],[120,121,133],[118,119,134],[116,117,130],[114,115,131],
[112,113,132],[111,305,307],[110,302,304],[109,308,310],[143,338,339],[142,341,342],[144,344,345],[108,210,310],[107,208,307],[106,209,304],
[105,207,305],[104,206,302],[103,205,308],[102,175,207],[101,177,206],[100,176,205],[99,180,210],[98,178,208],[97,179,209],[96,149,179],
[95,148,178],[94,150,180],[93,147,175],[92,145,177],[91,146,176],[96,97,179],[94,99,180],[95,98,178],[93,102,175],[91,100,176],
[92,101,177],[102,105,207],[100,103,205],[101,104,206],[99,108,210],[97,106,209],[98,107,208],[105,111,305],[103,109,308],[104,110,302],
[106,110,304],[108,109,310],[107,111,307],[112,126,132],[114,125,131],[116,124,130],[96,126,149],[94,125,150],[95,124,148],[93,129,147],
[91,128,146],[92,127,145],[140,143,338],[141,144,344],[139,142,341],[136,144,345],[138,143,339],[137,142,342],[115,131,140],[113,132,141],
[117,130,139],[122,135,136],[118,134,137],[120,133,138],[123,129,135],[119,128,134],[121,127,133],[89,90,102],[87,88,100],[85,86,101],
[83,84,99],[81,82,97],[79,80,98],[111,353,354],[109,347,348],[110,350,351],[107,111,353],[106,110,350],[108,109,347],[105,111,354],
[104,110,351],[103,109,348],[79,98,107],[81,97,106],[83,99,108],[89,102,105],[85,101,104],[87,100,103],[90,93,102],[86,92,101],
[88,91,100],[82,96,97],[80,95,98],[84,94,99],[122,136,345],[120,138,339],[118,137,342],[113,141,344],[117,139,341],[115,140,338],
[93,123,129],[92,121,127],[91,119,128],[96,112,126],[95,116,124],[94,114,125],[77,78,346],[75,76,340],[73,74,343],[72,345,346],
[71,339,340],[70,342,343],[69,344,346],[68,338,340],[67,341,343],[72,77,346],[70,73,343],[71,75,340],[68,76,340],[67,74,343],
[69,78,346],[67,117,341],[68,115,338],[69,113,344],[72,122,345],[70,118,342],[71,120,339],[82,96,112],[84,94,114],[80,95,116],
[90,93,123],[88,91,119],[86,92,121],[79,107,353],[83,108,347],[81,106,350],[89,105,354],[87,103,348],[85,104,351],[65,66,349],
[63,64,355],[61,62,352],[60,122,123],[59,118,119],[58,120,121],[57,116,117],[56,112,113],[55,114,115],[54,353,355],[53,347,349],
[52,350,352],[51,354,355],[50,348,349],[49,351,352],[53,65,349],[52,61,352],[54,63,355],[51,64,355],[49,62,352],[50,66,349],
[55,84,114],[57,80,116],[56,82,112],[51,89,354],[49,85,351],[50,87,348],[53,83,347],[52,81,350],[54,79,353],[60,90,123],
[58,86,121],[59,88,119],[60,72,122],[58,71,120],[59,70,118],[55,68,115],[56,69,113],[57,67,117],[48,72,77],[47,71,75],
[46,70,73],[45,68,76],[44,69,78],[43,67,74],[42,89,90],[41,85,86],[40,87,88],[39,83,84],[38,81,82],[37,79,80],
[39,55,84],[38,56,82],[37,57,80],[42,60,90],[40,59,88],[41,58,86],[39,53,83],[37,54,79],[38,52,81],[42,51,89],
[40,50,87],[41,49,85],[36,53,65],[35,54,63],[34,52,61],[33,51,64],[32,50,66],[31,49,62],[45,55,68],[43,57,67],
[44,56,69],[48,60,72],[46,59,70],[47,58,71],[39,45,55],[38,44,56],[37,43,57],[33,42,51],[31,41,49],[32,40,50],
[36,39,53],[34,38,52],[35,37,54],[42,48,60],[41,47,58],[40,46,59],[36,39,45],[35,37,43],[34,38,44],[33,42,48],
[32,40,46],[31,41,47],[30,77,78],[29,73,74],[28,75,76],[27,45,76],[26,43,74],[25,44,78],[24,48,77],[23,46,73],
[22,47,75],[24,30,77],[22,28,75],[23,29,73],[26,29,74],[27,28,76],[25,30,78],[27,36,45],[25,34,44],[26,35,43],
[24,33,48],[22,31,47],[23,32,46],[20,21,28],[18,19,29],[16,17,30],[15,65,66],[14,61,62],[13,63,64],[12,33,64],
[11,31,62],[10,32,66],[9,36,65],[8,34,61],[7,35,63],[9,15,65],[7,13,63],[8,14,61],[10,15,66],[12,13,64],
[11,14,62],[16,24,30],[18,23,29],[20,22,28],[12,24,33],[10,23,32],[11,22,31],[7,26,35],[8,25,34],[9,27,36],
[19,26,29],[17,25,30],[21,27,28],[5,6,13],[3,4,14],[1,2,15],[5,12,13],[3,11,14],[1,10,15],[2,9,15],
[6,7,13],[4,8,14],[7,19,26],[9,21,27],[8,17,25],[12,16,24],[11,20,22],[10,18,23],[5,12,16],[1,10,18],
[3,11,20],[6,7,19],[4,8,17],[2,9,21],[16,17,358],[18,19,357],[20,21,356],[5,16,358],[3,20,356],[1,18,357],
[6,19,357],[2,21,356],[4,17,358],[5,6,359],[1,2,361],[3,4,360],[5,358,359],[3,356,360],[1,357,361],[6,357,359],
[4,358,360],[2,356,361]];
###############################################################

#SurfaceInfo: 364 Vertices, 1092 Edges, 728 Faces, IsOrientable=true
 #Vertices of faces:
vof5:=[[362,363,364],[361,362,363],[360,363,364],[359,362,364],[356,357,358],[353,354,355],[350,351,352],[347,348,349],[344,345,346],[341,342,343],
[338,339,340],[335,336,337],[332,333,334],[331,356,357],[330,350,351],[329,353,354],[326,327,328],[323,324,325],[320,321,322],[319,356,358],
[318,350,352],[317,353,355],[316,357,358],[315,351,352],[314,354,355],[313,320,321],[312,326,327],[311,323,324],[309,310,319],[307,308,318],
[305,306,317],[302,303,304],[301,302,303],[300,303,304],[299,302,304],[305,317,355],[309,319,358],[307,318,352],[298,316,358],[297,314,355],
[296,315,352],[300,313,320],[299,311,323],[301,312,326],[295,309,310],[295,305,306],[295,307,308],[295,305,310],[295,308,309],[295,306,307],
[296,307,352],[297,305,355],[298,309,358],[300,303,313],[301,302,312],[299,304,311],[294,324,325],[293,327,328],[292,321,322],[290,291,322],
[288,289,325],[286,287,328],[285,323,325],[284,320,322],[283,326,328],[282,301,326],[281,300,320],[280,299,323],[279,301,303],[278,299,302],
[277,300,304],[279,282,301],[278,280,299],[277,281,300],[276,293,327],[275,294,324],[274,292,321],[280,285,323],[282,283,326],[281,284,320],
[290,292,322],[286,293,328],[288,294,325],[284,291,322],[283,287,328],[285,289,325],[279,303,313],[277,304,311],[278,302,312],[296,306,307],
[298,308,309],[297,305,310],[272,273,282],[270,271,280],[268,269,281],[267,308,318],[266,306,317],[265,310,319],[264,312,327],[263,311,324],
[262,313,321],[261,318,350],[260,317,353],[259,319,356],[258,331,356],[257,329,353],[256,330,350],[254,255,331],[252,253,329],[250,251,330],
[249,331,357],[248,329,354],[247,330,351],[246,316,357],[245,314,354],[244,315,351],[242,243,245],[240,241,246],[238,239,244],[237,240,246],
[236,238,244],[235,242,245],[234,242,243],[233,240,241],[232,238,239],[241,246,316],[239,244,315],[243,245,314],[261,267,318],[259,265,319],
[260,266,317],[258,259,356],[256,261,350],[257,260,353],[254,258,331],[250,256,330],[252,257,329],[247,251,330],[249,255,331],[248,253,329],
[246,249,357],[244,247,351],[245,248,354],[264,276,327],[262,274,321],[263,275,324],[265,297,310],[266,296,306],[267,298,308],[262,279,313],
[263,277,311],[264,278,312],[231,283,287],[230,285,289],[229,284,291],[228,290,292],[227,288,294],[226,286,293],[270,280,285],[272,282,283],
[268,281,284],[273,279,282],[269,277,281],[271,278,280],[224,225,259],[222,223,261],[220,221,260],[218,219,275],[216,217,276],[214,215,274],
[213,297,314],[212,296,315],[211,298,316],[210,276,293],[209,274,292],[208,275,294],[210,216,276],[208,218,275],[209,214,274],[224,259,265],
[220,260,266],[222,261,267],[210,226,293],[208,227,294],[209,228,292],[213,265,297],[211,267,298],[212,266,296],[215,262,274],[217,264,276],
[219,263,275],[221,257,260],[225,258,259],[223,256,261],[207,254,258],[206,252,257],[205,250,256],[204,249,255],[203,248,253],[202,247,251],
[213,243,314],[211,241,316],[212,239,315],[201,234,243],[200,233,241],[199,232,239],[230,270,285],[229,268,284],[231,272,283],[262,273,279],
[264,271,278],[263,269,277],[237,246,249],[235,245,248],[236,244,247],[198,231,272],[197,230,270],[196,229,268],[195,210,226],[194,209,228],
[193,208,227],[192,210,216],[191,208,218],[190,209,214],[201,213,243],[199,212,239],[200,211,241],[204,237,249],[203,235,248],[202,236,247],
[207,225,258],[205,223,256],[206,221,257],[215,262,273],[219,263,269],[217,264,271],[213,224,265],[212,220,266],[211,222,267],[189,272,273],
[188,270,271],[187,268,269],[189,215,273],[188,217,271],[187,219,269],[186,206,221],[185,205,223],[184,207,225],[183,204,237],[182,202,236],
[181,203,235],[189,198,272],[187,196,268],[188,197,270],[201,213,224],[200,211,222],[199,212,220],[191,193,208],[190,194,209],[192,195,210],
[178,179,180],[175,176,177],[172,173,174],[171,222,223],[170,220,221],[169,224,225],[168,216,217],[167,214,215],[166,218,219],[165,237,240],
[164,236,238],[163,235,242],[180,233,240],[177,232,238],[174,234,242],[176,192,216],[179,190,214],[173,191,218],[165,180,240],[163,174,242],
[164,177,238],[168,176,216],[166,173,218],[167,179,214],[172,173,191],[175,176,192],[178,179,190],[178,180,233],[172,174,234],[175,177,232],
[167,189,215],[166,187,219],[168,188,217],[162,191,193],[161,192,195],[160,190,194],[169,201,224],[170,199,220],[171,200,222],[159,189,198],
[158,188,197],[157,187,196],[165,183,237],[163,181,235],[164,182,236],[170,186,221],[169,184,225],[171,185,223],[156,173,174],[155,179,180],
[154,176,177],[153,201,234],[152,199,232],[151,200,233],[150,170,186],[149,171,185],[148,169,184],[147,165,183],[146,164,182],[145,163,181],
[153,169,201],[151,171,200],[152,170,199],[153,172,234],[151,178,233],[152,175,232],[155,167,179],[154,168,176],[156,166,173],[155,165,180],
[154,164,177],[156,163,174],[159,167,189],[158,168,188],[157,166,187],[162,172,191],[160,178,190],[161,175,192],[155,159,167],[156,157,166],
[154,158,168],[153,162,172],[152,161,175],[151,160,178],[148,153,169],[150,152,170],[149,151,171],[147,155,165],[145,156,163],[146,154,164],
[147,155,159],[146,154,158],[145,156,157],[148,153,162],[149,151,160],[150,152,161],[144,290,291],[143,288,289],[142,286,287],[141,226,286],
[140,227,288],[139,228,290],[138,230,289],[137,229,291],[136,231,287],[135,195,226],[134,194,228],[133,193,227],[132,198,231],[131,197,230],
[130,196,229],[129,159,198],[128,158,197],[127,157,196],[126,161,195],[125,160,194],[124,162,193],[129,132,198],[127,130,196],[128,131,197],
[126,135,195],[124,133,193],[125,134,194],[130,137,229],[132,136,231],[131,138,230],[135,141,226],[134,139,228],[133,140,227],[137,144,291],
[136,142,287],[138,143,289],[139,144,290],[141,142,286],[140,143,288],[129,147,159],[127,145,157],[128,146,158],[126,150,161],[124,148,162],
[125,149,160],[122,123,130],[120,121,131],[118,119,132],[116,117,135],[114,115,134],[112,113,133],[142,338,339],[144,335,336],[143,332,333],
[111,254,255],[110,250,251],[109,252,253],[108,204,255],[107,203,253],[106,202,251],[105,207,254],[104,205,250],[103,206,252],[102,183,204],
[101,181,203],[100,182,202],[99,186,206],[98,184,207],[97,185,205],[96,150,186],[95,148,184],[94,149,185],[93,147,183],[92,145,181],
[91,146,182],[96,99,186],[94,97,185],[95,98,184],[93,102,183],[91,100,182],[92,101,181],[98,105,207],[97,104,205],[99,103,206],
[102,108,204],[100,106,202],[101,107,203],[105,111,254],[103,109,252],[104,110,250],[108,111,255],[107,109,253],[106,110,251],[122,127,130],
[118,129,132],[120,128,131],[96,126,150],[94,125,149],[95,124,148],[93,129,147],[91,128,146],[92,127,145],[141,142,338],[140,143,332],
[139,144,335],[137,144,336],[138,143,333],[136,142,339],[116,135,141],[112,133,140],[114,134,139],[123,130,137],[121,131,138],[119,132,136],
[117,126,135],[115,125,134],[113,124,133],[89,90,99],[87,88,97],[85,86,98],[83,84,102],[81,82,100],[79,80,101],[111,344,345],
[109,341,342],[110,347,348],[108,111,344],[106,110,347],[107,109,341],[105,111,345],[104,110,348],[103,109,342],[83,102,108],[79,101,107],
[81,100,106],[85,98,105],[89,99,103],[87,97,104],[84,93,102],[80,92,101],[82,91,100],[90,96,99],[86,95,98],[88,94,97],
[119,136,339],[121,138,333],[123,137,336],[116,141,338],[114,139,335],[112,140,332],[93,118,129],[92,122,127],[91,120,128],[96,117,126],
[95,113,124],[94,115,125],[78,339,340],[77,333,334],[76,336,337],[75,338,340],[74,335,337],[73,332,334],[71,72,340],[69,70,334],
[67,68,337],[71,78,340],[67,76,337],[69,77,334],[72,75,340],[70,73,334],[68,74,337],[75,116,338],[73,112,332],[74,114,335],
[78,119,339],[76,123,336],[77,121,333],[90,96,117],[86,95,113],[88,94,115],[82,91,120],[80,92,122],[84,93,118],[83,108,344],
[81,106,347],[79,107,341],[85,105,345],[89,103,342],[87,104,348],[66,344,346],[65,341,343],[64,347,349],[63,345,346],[62,342,343],
[61,348,349],[59,60,346],[57,58,343],[55,56,349],[54,118,119],[53,122,123],[52,120,121],[51,116,117],[50,112,113],[49,114,115],
[59,66,346],[55,64,349],[57,65,343],[60,63,346],[56,61,349],[58,62,343],[51,90,117],[49,88,115],[50,86,113],[63,85,345],
[61,87,348],[62,89,342],[66,83,344],[65,79,341],[64,81,347],[52,82,120],[54,84,118],[53,80,122],[54,78,119],[52,77,121],
[53,76,123],[51,75,116],[49,74,114],[50,73,112],[48,71,78],[47,69,77],[46,67,76],[45,72,75],[44,68,74],[43,70,73],
[42,85,86],[41,87,88],[40,89,90],[39,83,84],[38,79,80],[37,81,82],[40,51,90],[42,50,86],[41,49,88],[38,53,80],
[37,52,82],[39,54,84],[39,66,83],[37,64,81],[38,65,79],[42,63,85],[40,62,89],[41,61,87],[36,59,66],[35,57,65],
[34,55,64],[33,60,63],[32,58,62],[31,56,61],[45,51,75],[43,50,73],[44,49,74],[48,54,78],[46,53,76],[47,52,77],
[42,43,50],[41,44,49],[40,45,51],[33,42,63],[31,41,61],[32,40,62],[36,39,66],[34,37,64],[35,38,65],[39,48,54],
[37,47,52],[38,46,53],[36,39,48],[35,38,46],[34,37,47],[33,42,43],[32,40,45],[31,41,44],[30,71,72],[29,67,68],
[28,69,70],[27,43,70],[26,45,72],[25,44,68],[24,48,71],[23,46,67],[22,47,69],[24,30,71],[22,28,69],[23,29,67],
[27,28,70],[25,29,68],[26,30,72],[24,36,48],[22,34,47],[23,35,46],[27,33,43],[25,31,44],[26,32,45],[20,21,29],
[18,19,28],[16,17,30],[15,55,56],[14,59,60],[13,57,58],[12,33,60],[11,31,56],[10,32,58],[9,36,59],[8,34,55],
[7,35,57],[9,14,59],[7,13,57],[8,15,55],[11,15,56],[10,13,58],[12,14,60],[16,24,30],[20,23,29],[18,22,28],
[12,27,33],[10,26,32],[11,25,31],[9,24,36],[7,23,35],[8,22,34],[19,27,28],[17,26,30],[21,25,29],[5,6,14],
[3,4,15],[1,2,13],[3,11,15],[5,12,14],[1,10,13],[6,9,14],[4,8,15],[2,7,13],[9,16,24],[8,18,22],
[7,20,23],[12,19,27],[11,21,25],[10,17,26],[5,12,19],[1,10,17],[3,11,21],[6,9,16],[4,8,18],[2,7,20],
[16,17,361],[18,19,360],[20,21,359],[5,19,360],[3,21,359],[1,17,361],[6,16,361],[2,20,359],[4,18,360],[5,6,363],
[1,2,362],[3,4,364],[5,360,363],[3,359,364],[1,361,362],[6,361,363],[4,360,364],[2,359,362]];
###############################################################

#SurfaceInfo: 364 Vertices, 1092 Edges, 728 Faces, IsOrientable=true
 #Vertices of faces:
vof6:=[[362,363,364],[361,362,363],[360,362,364],[359,363,364],[356,357,358],[353,354,355],[350,351,352],[347,348,349],[344,345,346],[341,342,343],
[338,339,340],[335,336,337],[332,333,334],[329,330,331],[326,327,328],[323,324,325],[320,321,322],[317,318,319],[314,315,316],[311,312,313],
[310,317,318],[309,311,312],[308,314,315],[307,310,317],[306,309,311],[305,308,314],[304,307,310],[303,305,308],[302,306,309],[301,303,305],
[300,302,306],[299,304,307],[298,299,304],[297,300,302],[296,301,303],[295,298,299],[294,296,301],[293,297,300],[291,292,298],[289,290,297],
[287,288,296],[286,310,318],[285,308,315],[284,309,312],[283,304,310],[282,302,309],[281,303,308],[280,298,304],[279,296,303],[278,297,302],
[278,282,302],[279,281,303],[280,283,304],[277,286,318],[276,284,312],[275,285,315],[283,286,310],[281,285,308],[282,284,309],[280,291,298],
[278,289,297],[279,287,296],[292,295,298],[290,293,297],[288,294,296],[273,274,281],[271,272,283],[269,270,282],[267,268,316],[265,266,313],
[263,264,319],[260,261,262],[257,258,259],[254,255,256],[253,315,316],[252,312,313],[251,318,319],[250,317,319],[249,311,313],[248,314,316],
[247,306,311],[246,307,317],[245,305,314],[244,300,306],[243,299,307],[242,301,305],[261,295,299],[255,293,300],[258,294,301],[242,258,301],
[243,261,299],[244,255,300],[244,247,306],[242,245,305],[243,246,307],[246,250,317],[245,248,314],[247,249,311],[241,257,258],[240,254,255],
[239,260,261],[261,262,295],[258,259,294],[255,256,293],[253,267,316],[251,263,319],[252,265,313],[248,268,316],[250,264,319],[249,266,313],
[251,277,318],[253,275,315],[252,276,312],[238,290,293],[237,288,294],[236,292,295],[235,280,291],[234,279,287],[233,278,289],[271,283,286],
[269,282,284],[273,281,285],[274,279,281],[272,280,283],[270,278,282],[231,232,247],[229,230,246],[227,228,245],[225,226,277],[223,224,275],
[221,222,276],[220,276,284],[219,275,285],[218,277,286],[218,225,277],[220,221,276],[219,223,275],[219,273,285],[218,271,286],[220,269,284],
[226,251,277],[222,252,276],[224,253,275],[217,248,268],[216,249,266],[215,250,264],[214,252,265],[213,253,267],[212,251,263],[227,245,248],
[231,247,249],[229,246,250],[228,242,245],[230,243,246],[232,244,247],[235,272,280],[233,270,278],[234,274,279],[236,262,295],[238,256,293],
[237,259,294],[241,242,258],[239,243,261],[240,244,255],[211,320,321],[210,320,322],[209,321,322],[208,323,324],[208,326,327],[208,329,330],
[218,338,339],[219,332,333],[220,335,336],[211,339,340],[210,336,337],[209,333,334],[206,207,210],[204,205,211],[202,203,209],[199,200,201],
[196,197,198],[193,194,195],[194,329,331],[200,326,328],[197,324,325],[200,241,257],[194,240,254],[197,239,260],[199,200,241],[193,194,240],
[196,197,239],[197,260,325],[200,257,328],[194,254,331],[208,323,326],[208,327,329],[208,324,330],[204,211,339],[202,209,333],[206,210,336],
[200,201,326],[194,195,329],[197,198,324],[211,320,340],[209,321,334],[210,322,337],[207,210,320],[203,209,322],[205,211,321],[220,269,335],
[218,271,338],[219,273,332],[192,236,262],[191,237,259],[190,238,256],[189,233,270],[188,234,274],[187,235,272],[220,221,336],[218,225,339],
[219,223,333],[228,241,242],[232,240,244],[230,239,243],[217,227,248],[215,229,250],[216,231,249],[212,226,251],[213,224,253],[214,222,252],
[186,273,274],[185,269,270],[184,271,272],[183,260,262],[182,257,259],[181,254,256],[180,213,224],[179,214,222],[178,212,226],[177,217,227],
[176,215,229],[175,216,231],[186,188,274],[184,187,272],[185,189,270],[183,192,262],[181,190,256],[182,191,259],[184,271,338],[186,273,332],
[185,269,335],[183,260,325],[181,254,331],[182,257,328],[202,223,333],[206,221,336],[204,225,339],[207,320,340],[205,321,334],[203,322,337],
[201,323,326],[198,324,330],[195,327,329],[199,228,241],[196,230,239],[193,232,240],[174,338,340],[173,332,334],[172,335,337],[171,323,325],
[170,330,331],[169,327,328],[168,227,228],[167,229,230],[166,231,232],[165,225,226],[164,223,224],[163,221,222],[163,179,222],[165,178,226],
[164,180,224],[168,199,228],[166,193,232],[167,196,230],[171,201,323],[169,195,327],[170,198,330],[174,207,340],[172,203,337],[173,205,334],
[163,206,221],[165,204,225],[164,202,223],[171,183,325],[169,182,328],[170,181,331],[174,184,338],[172,185,335],[173,186,332],[162,183,192],
[161,182,191],[160,181,190],[159,184,187],[158,185,189],[157,186,188],[168,177,227],[166,175,231],[167,176,229],[156,206,207],[155,202,203],
[154,204,205],[153,199,201],[152,193,195],[151,196,198],[150,163,179],[149,164,180],[148,165,178],[147,168,177],[146,167,176],[145,166,175],
[156,163,206],[155,164,202],[154,165,204],[156,174,207],[154,173,205],[155,172,203],[153,171,201],[151,170,198],[152,169,195],[153,168,199],
[151,167,196],[152,166,193],[159,174,184],[157,173,186],[158,172,185],[162,171,183],[160,170,181],[161,169,182],[153,162,171],[152,161,169],
[151,160,170],[156,159,174],[155,158,172],[154,157,173],[150,156,163],[149,155,164],[148,154,165],[147,153,168],[145,152,166],[146,151,167],
[147,153,162],[146,151,160],[145,152,161],[150,156,159],[148,154,157],[149,155,158],[144,291,292],[143,287,288],[142,289,290],[141,235,291],
[140,234,287],[139,233,289],[138,238,290],[137,236,292],[136,237,288],[135,187,235],[134,188,234],[133,189,233],[132,192,236],[131,190,238],
[130,191,237],[129,159,187],[128,157,188],[127,158,189],[126,162,192],[125,160,190],[124,161,191],[126,132,192],[124,130,191],[125,131,190],
[129,135,187],[127,133,189],[128,134,188],[132,137,236],[130,136,237],[131,138,238],[133,139,233],[135,141,235],[134,140,234],[136,143,288],
[138,142,290],[137,144,292],[141,144,291],[139,142,289],[140,143,287],[126,147,162],[124,145,161],[125,146,160],[129,150,159],[127,149,158],
[128,148,157],[122,123,132],[120,121,130],[118,119,131],[116,117,135],[114,115,133],[112,113,134],[144,344,345],[143,341,342],[142,347,348],
[111,267,268],[110,265,266],[109,263,264],[108,213,267],[107,212,263],[106,214,265],[105,217,268],[104,215,264],[103,216,266],[102,180,213],
[101,178,212],[100,179,214],[99,177,217],[98,176,215],[97,175,216],[96,150,179],[95,149,180],[94,148,178],[93,147,177],[92,145,175],
[91,146,176],[93,99,177],[92,97,175],[91,98,176],[96,100,179],[95,102,180],[94,101,178],[99,105,217],[97,103,216],[98,104,215],
[102,108,213],[100,106,214],[101,107,212],[105,111,268],[104,109,264],[103,110,266],[106,110,265],[107,109,263],[108,111,267],[122,126,132],
[118,125,131],[120,124,130],[96,129,150],[94,128,148],[95,127,149],[93,126,147],[91,125,146],[92,124,145],[139,142,347],[140,143,341],
[141,144,344],[137,144,345],[138,142,348],[136,143,342],[116,135,141],[112,134,140],[114,133,139],[123,132,137],[119,131,138],[121,130,136],
[117,129,135],[113,128,134],[115,127,133],[89,90,99],[87,88,97],[85,86,98],[83,84,100],[81,82,102],[79,80,101],[111,356,357],
[109,353,354],[110,350,351],[108,111,356],[106,110,350],[107,109,353],[105,111,357],[103,110,351],[104,109,354],[83,100,106],[79,101,107],
[81,102,108],[89,99,105],[87,97,103],[85,98,104],[84,96,100],[82,95,102],[80,94,101],[90,93,99],[86,91,98],[88,92,97],
[123,137,345],[121,136,342],[119,138,348],[114,139,347],[116,141,344],[112,140,341],[93,122,126],[92,120,124],[91,118,125],[96,117,129],
[95,115,127],[94,113,128],[78,345,346],[77,342,343],[76,348,349],[75,347,349],[74,341,343],[73,344,346],[71,72,346],[69,70,343],
[67,68,349],[71,78,346],[67,76,349],[69,77,343],[72,73,346],[68,75,349],[70,74,343],[75,114,347],[74,112,341],[73,116,344],
[78,123,345],[76,119,348],[77,121,342],[90,93,122],[86,91,118],[88,92,120],[84,96,117],[80,94,113],[82,95,115],[83,106,350],
[81,108,356],[79,107,353],[89,105,357],[85,104,354],[87,103,351],[66,356,358],[65,350,352],[64,353,355],[63,357,358],[62,354,355],
[61,351,352],[59,60,358],[57,58,355],[55,56,352],[54,122,123],[53,118,119],[52,120,121],[51,116,117],[50,112,113],[49,114,115],
[59,66,358],[57,64,355],[55,65,352],[60,63,358],[56,61,352],[58,62,355],[54,90,122],[52,88,120],[53,86,118],[63,89,357],
[61,87,351],[62,85,354],[65,83,350],[64,79,353],[66,81,356],[51,84,117],[49,82,115],[50,80,113],[54,78,123],[52,77,121],
[53,76,119],[50,74,112],[49,75,114],[51,73,116],[48,71,78],[47,69,77],[46,67,76],[45,68,75],[44,70,74],[43,72,73],
[42,89,90],[41,87,88],[40,85,86],[39,83,84],[38,79,80],[37,81,82],[42,54,90],[40,53,86],[41,52,88],[38,50,80],
[39,51,84],[37,49,82],[39,65,83],[37,66,81],[38,64,79],[42,63,89],[40,62,85],[41,61,87],[36,55,65],[35,57,64],
[34,59,66],[33,60,63],[32,58,62],[31,56,61],[44,50,74],[43,51,73],[45,49,75],[48,54,78],[46,53,76],[47,52,77],
[42,48,54],[41,47,52],[40,46,53],[33,42,63],[31,41,61],[32,40,62],[35,38,64],[34,37,66],[36,39,65],[38,44,50],
[37,45,49],[39,43,51],[35,38,44],[36,39,43],[34,37,45],[33,42,48],[32,40,46],[31,41,47],[30,71,72],[29,69,70],
[28,67,68],[27,43,72],[26,44,70],[25,45,68],[24,48,71],[23,46,67],[22,47,69],[24,30,71],[22,29,69],[23,28,67],
[27,30,72],[25,28,68],[26,29,70],[27,36,43],[25,34,45],[26,35,44],[24,33,48],[22,31,47],[23,32,46],[20,21,29],
[18,19,30],[16,17,28],[15,55,56],[14,57,58],[13,59,60],[12,33,60],[11,31,56],[10,32,58],[9,36,55],[8,34,59],
[7,35,57],[9,15,55],[8,13,59],[7,14,57],[10,14,58],[12,13,60],[11,15,56],[18,24,30],[16,23,28],[20,22,29],
[12,24,33],[10,23,32],[11,22,31],[9,27,36],[7,26,35],[8,25,34],[19,27,30],[21,26,29],[17,25,28],[5,6,13],
[3,4,15],[1,2,14],[5,12,13],[3,11,15],[1,10,14],[4,9,15],[6,8,13],[2,7,14],[9,19,27],[8,17,25],
[7,21,26],[12,18,24],[11,20,22],[10,16,23],[5,12,18],[1,10,16],[3,11,20],[6,8,17],[4,9,19],[2,7,21],
[18,19,361],[16,17,360],[20,21,359],[5,18,361],[3,20,359],[1,16,360],[6,17,360],[2,21,359],[4,19,361],[5,6,362],
[1,2,364],[3,4,363],[5,361,362],[3,359,363],[1,360,364],[6,360,362],[4,361,363],[2,359,364]];
###############################################################

#SurfaceInfo: 367 Vertices, 1101 Edges, 734 Faces, IsOrientable=true
 #Vertices of faces:
vof7:=[[365,366,367],[364,365,366],[363,366,367],[362,365,367],[359,360,361],[356,357,358],[353,354,355],[350,351,352],[347,348,349],[344,345,346],
[343,351,360],[342,348,354],[341,345,357],[350,351,360],[344,345,357],[347,348,354],[339,340,350],[337,338,347],[335,336,344],[334,350,360],
[333,344,357],[332,347,354],[334,339,350],[333,335,344],[332,337,347],[330,331,335],[328,329,337],[326,327,339],[325,334,339],[324,332,337],
[323,333,335],[325,326,339],[323,330,335],[324,328,337],[320,321,322],[317,318,319],[314,315,316],[313,325,326],[312,324,328],[311,323,330],
[310,315,326],[309,321,328],[308,318,330],[309,320,321],[310,314,315],[308,317,318],[308,311,330],[309,312,328],[310,313,326],[307,308,317],
[306,309,320],[305,310,314],[304,309,312],[303,310,313],[302,308,311],[299,300,301],[296,297,298],[293,294,295],[290,291,292],[287,288,289],
[284,285,286],[282,283,351],[280,281,348],[278,279,345],[302,307,308],[303,305,310],[304,306,309],[276,277,322],[274,275,319],[272,273,316],
[270,271,325],[268,269,324],[266,267,323],[343,359,360],[342,353,354],[341,356,357],[282,343,351],[278,341,345],[280,342,348],[338,347,349],
[336,344,346],[340,350,352],[283,351,352],[281,348,349],[279,345,346],[321,328,329],[315,326,327],[318,330,331],[331,335,336],[329,337,338],
[327,339,340],[334,360,361],[332,354,355],[333,357,358],[270,325,334],[268,324,332],[266,323,333],[271,313,325],[267,311,323],[269,312,324],
[265,303,313],[264,302,311],[263,304,312],[276,320,322],[272,314,316],[274,317,319],[262,306,320],[261,305,314],[260,307,317],[257,258,259],
[254,255,256],[251,252,253],[250,277,322],[249,273,316],[248,275,319],[245,246,247],[242,243,244],[239,240,241],[237,238,338],[235,236,340],
[233,234,336],[231,232,359],[229,230,353],[227,228,356],[258,359,361],[255,353,355],[252,356,358],[226,321,322],[225,315,316],[224,318,319],
[221,222,223],[219,220,222],[217,218,222],[240,243,246],[240,245,246],[239,240,243],[242,243,246],[231,258,359],[227,252,356],[229,255,353],
[219,221,222],[217,220,222],[218,222,223],[232,343,359],[228,341,356],[230,342,353],[216,282,343],[215,280,342],[214,278,341],[237,338,349],
[233,336,346],[235,340,352],[213,281,349],[212,279,346],[211,283,352],[238,329,338],[234,331,336],[236,327,340],[226,321,329],[224,318,331],
[225,315,327],[257,258,361],[251,252,358],[254,255,355],[270,334,361],[266,333,358],[268,332,355],[226,250,322],[224,248,319],[225,249,316],
[265,271,313],[263,269,312],[264,267,311],[262,276,320],[260,274,317],[261,272,314],[209,210,221],[207,208,220],[205,206,218],[204,252,253],
[203,258,259],[202,255,256],[200,201,250],[198,199,248],[196,197,249],[195,246,247],[194,243,244],[193,240,241],[203,217,218],[204,219,220],
[202,221,223],[193,250,277],[194,248,275],[195,249,273],[202,209,221],[203,205,218],[204,207,220],[204,219,253],[202,223,256],[203,217,259],
[193,200,250],[195,196,249],[194,198,248],[195,247,273],[194,244,275],[193,241,277],[192,265,271],[191,263,269],[190,264,267],[189,262,276],
[188,260,274],[187,261,272],[204,227,252],[202,229,255],[203,231,258],[208,217,220],[206,218,223],[210,219,221],[201,226,250],[197,225,249],
[199,224,248],[193,240,245],[195,242,246],[194,239,243],[216,232,343],[215,230,342],[214,228,341],[213,237,349],[211,235,352],[212,233,346],
[226,238,329],[225,236,327],[224,234,331],[257,270,361],[254,268,355],[251,266,358],[186,272,273],[185,274,275],[184,276,277],[183,270,271],
[182,266,267],[181,268,269],[180,216,232],[179,214,228],[178,215,230],[177,213,237],[176,211,235],[175,212,233],[183,257,270],[182,251,266],
[181,254,268],[186,187,272],[184,189,276],[185,188,274],[183,192,271],[181,191,269],[182,190,267],[186,247,273],[184,241,277],[185,244,275],
[201,226,238],[199,224,234],[197,225,236],[203,205,231],[204,207,227],[202,209,229],[208,217,259],[210,219,253],[206,223,256],[193,200,245],
[194,198,239],[195,196,242],[174,237,238],[173,233,234],[172,235,236],[171,231,232],[170,227,228],[169,229,230],[168,257,259],[167,251,253],
[166,254,256],[165,245,247],[164,239,241],[163,242,244],[171,180,232],[169,178,230],[170,179,228],[174,177,237],[172,176,235],[173,175,233],
[165,200,245],[163,196,242],[164,198,239],[171,205,231],[170,207,227],[169,209,229],[166,206,256],[168,208,259],[167,210,253],[174,201,238],
[172,197,236],[173,199,234],[165,186,247],[163,185,244],[164,184,241],[162,183,192],[161,182,190],[160,181,191],[159,186,187],[158,185,188],
[157,184,189],[168,183,257],[166,181,254],[167,182,251],[156,205,206],[155,207,208],[154,209,210],[153,200,201],[152,196,197],[151,198,199],
[150,171,180],[149,169,178],[148,170,179],[153,174,201],[151,173,199],[152,172,197],[147,174,177],[146,172,176],[145,173,175],[156,171,205],
[154,169,209],[155,170,207],[155,168,208],[154,167,210],[156,166,206],[153,165,200],[151,164,198],[152,163,196],[162,168,183],[161,167,182],
[160,166,181],[159,165,186],[157,164,184],[158,163,185],[153,159,165],[152,158,163],[151,157,164],[155,162,168],[156,160,166],[154,161,167],
[148,155,170],[150,156,171],[149,154,169],[147,153,174],[146,152,172],[145,151,173],[147,153,159],[145,151,157],[146,152,158],[148,155,162],
[150,156,160],[149,154,161],[144,304,306],[143,302,307],[142,303,305],[141,264,302],[140,263,304],[139,265,303],[138,260,307],[137,262,306],
[136,261,305],[135,190,264],[134,192,265],[133,191,263],[132,187,261],[131,189,262],[130,188,260],[129,159,187],[128,157,189],[127,158,188],
[126,162,192],[125,160,191],[124,161,190],[129,132,187],[127,130,188],[128,131,189],[124,135,190],[125,133,191],[126,134,192],[130,138,260],
[132,136,261],[131,137,262],[134,139,265],[133,140,263],[135,141,264],[141,143,302],[139,142,303],[140,144,304],[138,143,307],[136,142,305],
[137,144,306],[129,147,159],[128,145,157],[127,146,158],[126,148,162],[124,149,161],[125,150,160],[122,123,132],[120,121,130],[118,119,131],
[116,117,134],[114,115,133],[112,113,135],[143,290,291],[142,284,285],[144,287,288],[111,282,283],[110,278,279],[109,280,281],[108,216,282],
[107,215,280],[106,214,278],[105,213,281],[104,212,279],[103,211,283],[102,180,216],[101,178,215],[100,179,214],[99,177,213],[98,175,212],
[97,176,211],[96,148,179],[95,149,178],[94,150,180],[93,147,177],[92,145,175],[91,146,176],[93,99,177],[91,97,176],[92,98,175],
[94,102,180],[96,100,179],[95,101,178],[99,105,213],[97,103,211],[98,104,212],[102,108,216],[100,106,214],[101,107,215],[103,111,283],
[105,109,281],[104,110,279],[108,111,282],[107,109,280],[106,110,278],[122,129,132],[120,127,130],[118,128,131],[96,126,148],[94,125,150],
[95,124,149],[93,129,147],[91,127,146],[92,128,145],[138,143,290],[137,144,287],[136,142,284],[141,143,291],[140,144,288],[139,142,285],
[112,135,141],[114,133,140],[116,134,139],[121,130,138],[119,131,137],[123,132,136],[117,126,134],[113,124,135],[115,125,133],[89,90,99],
[87,88,97],[85,86,98],[83,84,102],[81,82,100],[79,80,101],[110,299,300],[111,293,294],[109,296,297],[108,111,293],[107,109,296],
[106,110,299],[104,110,300],[105,109,297],[103,111,294],[83,102,108],[79,101,107],[81,100,106],[89,99,105],[85,98,104],[87,97,103],
[82,96,100],[80,95,101],[84,94,102],[90,93,99],[86,92,98],[88,91,97],[112,141,291],[116,139,285],[114,140,288],[121,138,290],
[119,137,287],[123,136,284],[93,122,129],[92,118,128],[91,120,127],[96,117,126],[95,113,124],[94,115,125],[78,285,286],[77,291,292],
[76,288,289],[75,287,289],[74,284,286],[73,290,292],[71,72,286],[69,70,292],[67,68,289],[71,78,286],[67,76,289],[69,77,292],
[72,74,286],[70,73,292],[68,75,289],[74,123,284],[73,121,290],[75,119,287],[77,112,291],[76,114,288],[78,116,285],[90,93,122],
[88,91,120],[86,92,118],[82,96,117],[84,94,115],[80,95,113],[83,108,293],[81,106,299],[79,107,296],[85,104,300],[87,103,294],
[89,105,297],[66,293,295],[65,299,301],[64,296,298],[63,300,301],[62,294,295],[61,297,298],[59,60,301],[57,58,295],[55,56,298],
[54,122,123],[53,120,121],[52,118,119],[51,116,117],[50,114,115],[49,112,113],[55,64,298],[59,65,301],[57,66,295],[60,63,301],
[58,62,295],[56,61,298],[54,90,122],[52,86,118],[53,88,120],[63,85,300],[61,89,297],[62,87,294],[66,83,293],[64,79,296],
[65,81,299],[51,82,117],[49,80,113],[50,84,115],[51,78,116],[49,77,112],[50,76,114],[54,74,123],[52,75,119],[53,73,121],
[48,71,78],[47,69,77],[46,67,76],[45,68,75],[44,70,73],[43,72,74],[42,89,90],[41,85,86],[40,87,88],[39,81,82],
[38,83,84],[37,79,80],[42,54,90],[40,53,88],[41,52,86],[39,51,82],[38,50,84],[37,49,80],[38,66,83],[37,64,79],
[39,65,81],[41,63,85],[42,61,89],[40,62,87],[36,55,64],[35,57,66],[34,59,65],[33,60,63],[32,56,61],[31,58,62],
[43,54,74],[44,53,73],[45,52,75],[48,51,78],[46,50,76],[47,49,77],[41,45,52],[40,44,53],[42,43,54],[33,41,63],
[31,40,62],[32,42,61],[34,39,65],[35,38,66],[36,37,64],[39,48,51],[38,46,50],[37,47,49],[34,39,48],[36,37,47],
[35,38,46],[33,41,45],[32,42,43],[31,40,44],[30,67,68],[29,71,72],[28,69,70],[27,45,68],[26,43,72],[25,44,70],
[24,48,71],[23,47,69],[22,46,67],[22,30,67],[23,28,69],[24,29,71],[26,29,72],[25,28,70],[27,30,68],[24,34,48],
[22,35,46],[23,36,47],[27,33,45],[25,31,44],[26,32,43],[20,21,28],[18,19,30],[16,17,29],[15,59,60],[14,57,58],
[13,55,56],[12,33,60],[11,31,58],[10,32,56],[9,34,59],[8,35,57],[7,36,55],[9,15,59],[8,14,57],[7,13,55],
[12,15,60],[10,13,56],[11,14,58],[16,24,29],[20,23,28],[18,22,30],[10,26,32],[12,27,33],[11,25,31],[9,24,34],
[7,23,36],[8,22,35],[17,26,29],[19,27,30],[21,25,28],[5,6,15],[3,4,14],[1,2,13],[3,11,14],[5,12,15],
[1,10,13],[6,9,15],[2,7,13],[4,8,14],[9,16,24],[8,18,22],[7,20,23],[10,17,26],[11,21,25],[12,19,27],
[5,12,19],[1,10,17],[3,11,21],[6,9,16],[4,8,18],[2,7,20],[16,17,364],[18,19,363],[20,21,362],[5,19,363],
[3,21,362],[1,17,364],[6,16,364],[2,20,362],[4,18,363],[5,6,366],[1,2,365],[3,4,367],[5,363,366],[3,362,367],
[1,364,365],[6,364,366],[4,363,367],[2,362,365]];
###############################################################

#SurfaceInfo: 186 Vertices, 1116 Edges, 744 Faces, IsOrientable=true
 #Vertices of faces:
vof8:=[[184,185,186],[183,184,185],[182,185,186],[181,184,186],[178,179,180],[175,176,177],[172,173,174],[171,178,179],[170,172,173],[169,175,176],
[166,167,168],[163,164,165],[160,161,162],[157,158,159],[154,155,156],[151,152,153],[148,149,150],[145,146,147],[142,143,144],[139,140,141],
[136,137,138],[133,134,135],[130,131,132],[127,128,129],[126,136,137],[125,142,143],[124,139,140],[140,141,152],[143,144,149],[137,138,146],
[122,123,155],[120,121,154],[118,119,156],[117,126,136],[116,124,139],[115,125,142],[114,141,152],[113,138,146],[112,144,149],[125,133,134],
[124,127,128],[126,130,131],[118,151,152],[120,145,146],[122,148,149],[110,111,117],[109,111,115],[109,110,116],[109,110,168],[110,111,167],
[109,111,166],[108,110,116],[107,109,115],[106,111,117],[110,117,126],[111,115,125],[109,116,124],[114,118,152],[112,122,149],[113,120,146],
[125,133,168],[124,127,167],[126,130,166],[120,145,154],[122,148,155],[118,151,156],[104,105,148],[102,103,145],[100,101,151],[99,100,151],
[98,102,145],[97,104,148],[103,145,154],[101,151,156],[105,148,155],[96,114,118],[95,112,122],[94,113,120],[108,110,126],[106,111,125],
[107,109,124],[109,133,168],[111,130,166],[110,127,167],[93,154,155],[92,154,156],[91,155,156],[90,94,156],[89,95,154],[88,96,155],
[99,163,164],[98,157,158],[97,160,161],[108,157,159],[107,163,165],[106,160,162],[99,140,152],[98,137,146],[97,143,149],[107,133,135],
[108,127,129],[106,130,132],[111,133,167],[109,127,166],[110,130,168],[87,111,133],[86,110,130],[85,109,127],[107,133,167],[106,130,168],
[108,127,166],[89,98,146],[90,99,152],[88,97,149],[107,135,165],[108,129,159],[106,132,162],[99,140,163],[97,143,160],[98,137,157],
[88,93,155],[90,91,156],[89,92,154],[92,101,156],[91,105,155],[93,103,154],[84,109,133],[83,110,127],[82,111,130],[108,126,157],
[107,124,163],[106,125,160],[96,118,155],[94,120,156],[95,122,154],[99,100,164],[97,104,161],[98,102,158],[81,86,108],[80,85,107],
[79,87,106],[78,81,98],[77,80,99],[76,79,97],[93,119,148],[92,123,145],[91,121,151],[78,126,131],[77,124,128],[76,125,134],
[121,123,155],[119,123,156],[119,121,154],[75,98,145],[74,97,148],[73,99,151],[77,128,141],[76,134,144],[78,131,138],[75,78,98],
[74,76,97],[73,77,99],[73,91,151],[74,93,148],[75,92,145],[91,119,121],[92,121,123],[93,119,123],[78,81,86],[77,80,85],
[76,79,87],[72,104,161],[71,102,158],[70,100,164],[118,121,155],[119,122,154],[120,123,156],[78,126,157],[76,125,160],[77,124,163],
[92,101,113],[91,105,114],[93,103,112],[85,140,163],[86,137,157],[87,143,160],[69,129,159],[68,132,162],[67,135,165],[85,107,167],
[86,108,166],[87,106,168],[84,85,109],[82,87,111],[83,86,110],[89,92,146],[88,93,149],[90,91,152],[116,166,167],[117,166,168],
[115,167,168],[75,89,120],[73,90,118],[74,88,122],[65,66,149],[63,64,146],[61,62,152],[74,143,150],[73,140,153],[75,137,147],
[96,119,148],[94,121,151],[95,123,145],[78,146,147],[76,149,150],[77,152,153],[60,148,150],[59,151,153],[58,145,147],[79,125,143],
[81,126,137],[80,124,140],[82,125,168],[83,126,166],[84,124,167],[86,130,136],[85,127,139],[87,133,142],[57,84,133],[56,83,127],
[55,82,130],[56,83,159],[55,82,162],[57,84,165],[57,133,142],[55,130,136],[56,127,139],[79,82,125],[80,84,124],[81,83,126],
[58,147,158],[60,150,161],[59,153,164],[60,96,148],[58,95,145],[59,94,151],[79,143,150],[81,137,147],[80,140,153],[63,78,146],
[65,76,149],[61,77,152],[82,117,168],[84,115,167],[83,116,166],[73,90,153],[74,88,150],[75,89,147],[54,72,104],[53,71,102],
[52,70,100],[62,91,152],[66,93,149],[64,92,146],[85,116,167],[87,115,168],[86,117,166],[51,69,129],[50,68,132],[49,67,135],
[78,147,157],[77,153,163],[76,150,160],[89,120,123],[88,119,122],[90,118,121],[78,86,136],[76,87,142],[77,85,139],[91,96,119],
[93,95,123],[92,94,121],[84,85,163],[83,86,157],[82,87,160],[74,93,112],[75,92,113],[73,91,114],[75,78,138],[73,77,141],
[74,76,144],[47,48,163],[45,46,160],[43,44,157],[42,169,175],[41,171,178],[40,170,172],[39,169,176],[38,171,179],[37,170,173],
[64,75,120],[62,73,118],[66,74,122],[65,74,143],[63,75,137],[61,73,140],[88,96,104],[89,95,102],[90,94,100],[42,142,144],
[40,136,138],[41,139,141],[117,132,136],[115,135,142],[116,129,139],[101,120,121],[105,118,119],[103,122,123],[38,96,114],[39,95,112],
[37,94,113],[87,134,143],[86,131,137],[85,128,140],[65,134,143],[61,128,140],[63,131,137],[64,101,120],[66,103,122],[62,105,118],
[36,41,178],[35,42,175],[34,40,172],[33,39,176],[32,37,173],[31,38,179],[38,114,171],[39,112,169],[37,113,170],[42,144,169],
[40,138,170],[41,141,171],[64,75,138],[66,74,144],[62,73,141],[65,74,112],[61,73,114],[63,75,113],[45,82,160],[47,84,163],
[43,83,157],[89,103,123],[88,105,119],[90,101,121],[44,147,157],[46,150,160],[48,153,163],[50,132,136],[51,129,139],[49,135,142],
[85,116,128],[86,117,131],[87,115,134],[54,96,104],[52,94,100],[53,95,102],[90,100,153],[88,104,150],[89,102,147],[82,117,132],
[84,115,135],[83,116,129],[38,60,96],[37,59,94],[39,58,95],[42,57,142],[41,56,139],[40,55,136],[62,91,96],[64,92,94],
[66,93,95],[63,78,136],[61,77,139],[65,76,142],[81,147,158],[80,153,164],[79,150,161],[79,82,162],[81,83,159],[80,84,165],
[44,81,98],[46,79,97],[48,80,99],[43,81,108],[45,79,106],[47,80,107],[39,102,103],[37,100,101],[38,104,105],[42,134,135],
[41,128,129],[40,131,132],[56,108,116],[55,106,117],[57,107,115],[58,89,98],[60,88,97],[59,90,99],[43,56,108],[47,57,107],
[45,55,106],[44,58,98],[48,59,99],[46,60,97],[44,81,159],[48,80,165],[46,79,162],[43,81,158],[47,80,164],[45,79,161],
[42,57,67],[40,55,68],[41,56,69],[38,60,72],[37,59,70],[39,58,71],[56,116,128],[57,115,134],[55,117,131],[58,89,103],
[59,90,101],[60,88,105],[34,40,132],[36,41,129],[35,42,135],[33,39,102],[31,38,104],[32,37,100],[37,64,101],[38,62,105],
[39,66,103],[42,65,134],[40,63,131],[41,61,128],[54,62,96],[53,66,95],[52,64,94],[50,63,136],[49,65,142],[51,61,139],
[44,102,147],[48,100,153],[46,104,150],[45,82,132],[43,83,129],[47,84,135],[62,141,171],[66,144,169],[64,138,170],[63,113,170],
[61,114,171],[65,112,169],[28,29,30],[25,26,27],[22,23,24],[21,65,66],[20,63,64],[19,61,62],[19,114,141],[21,112,144],
[20,113,138],[23,72,161],[26,70,164],[29,71,158],[29,69,159],[26,67,165],[23,68,162],[52,101,113],[54,105,114],[53,103,112],
[51,128,141],[50,131,138],[49,134,144],[19,51,141],[21,49,144],[20,50,138],[19,54,114],[20,52,113],[21,53,112],[22,23,68],
[28,29,69],[25,26,67],[23,24,72],[29,30,71],[26,27,70],[29,44,159],[23,46,162],[26,48,165],[21,42,65],[19,41,61],
[20,40,63],[19,38,62],[21,39,66],[20,37,64],[53,58,103],[54,60,105],[52,59,101],[51,56,128],[49,57,134],[50,55,131],
[23,45,161],[29,43,158],[26,47,164],[50,63,170],[49,65,169],[51,61,171],[54,62,171],[52,64,170],[53,66,169],[33,44,102],
[31,46,104],[32,48,100],[34,45,132],[35,47,135],[36,43,129],[48,59,70],[44,58,71],[46,60,72],[47,57,67],[43,56,69],
[45,55,68],[17,18,170],[15,16,169],[13,14,171],[10,11,12],[7,8,9],[4,5,6],[5,11,182],[5,8,183],[8,11,181],
[4,178,180],[7,175,177],[10,172,174],[12,179,180],[9,173,174],[6,176,177],[5,28,30],[11,22,24],[8,25,27],[3,47,48],
[2,43,44],[1,45,46],[2,158,159],[3,164,165],[1,161,162],[36,56,159],[35,57,165],[34,55,162],[51,69,178],[49,67,175],
[50,68,172],[54,72,179],[52,70,173],[53,71,176],[33,58,158],[32,59,164],[31,60,161],[13,38,72],[15,39,71],[17,37,70],
[16,42,67],[14,41,69],[18,40,68],[2,33,158],[1,31,161],[3,32,164],[2,36,159],[1,34,162],[3,35,165],[12,72,179],
[6,71,176],[9,70,173],[10,68,172],[4,69,178],[7,67,175],[5,28,182],[11,22,181],[8,25,183],[5,30,183],[8,27,181],
[11,24,182],[10,11,174],[4,5,180],[7,8,177],[11,12,180],[8,9,174],[5,6,177],[3,47,67],[1,45,68],[2,43,69],
[3,48,70],[1,46,72],[2,44,71],[15,53,169],[13,54,171],[17,52,170],[14,51,171],[18,50,170],[16,49,169],[36,51,56],
[34,50,55],[35,49,57],[33,53,58],[31,54,60],[32,52,59],[13,19,38],[17,20,37],[15,21,39],[14,19,41],[16,21,42],
[18,20,40],[13,24,72],[17,27,70],[15,30,71],[16,25,67],[18,22,68],[14,28,69],[19,54,179],[21,53,176],[20,52,173],
[19,51,178],[20,50,172],[21,49,175],[29,33,44],[26,32,48],[23,31,46],[26,35,47],[29,36,43],[23,34,45],[17,18,174],
[13,14,180],[15,16,177],[7,9,26],[4,6,29],[10,12,23],[8,11,185],[5,8,186],[5,11,184],[28,36,178],[22,34,172],
[25,35,175],[30,33,176],[24,31,179],[27,32,173],[4,29,36],[10,23,34],[7,26,35],[6,29,33],[9,26,32],[12,23,31],
[14,28,180],[16,25,177],[18,22,174],[13,24,180],[15,30,177],[17,27,174],[11,180,185],[5,177,184],[8,174,186],[11,174,184],
[5,180,186],[8,177,185],[24,179,182],[27,173,181],[30,176,183],[28,178,182],[25,175,183],[22,172,181],[2,28,36],[3,25,35],
[1,22,34],[2,30,33],[3,27,32],[1,24,31],[14,19,179],[18,20,173],[16,21,176],[13,19,178],[15,21,175],[17,20,172],
[14,36,51],[16,35,49],[18,34,50],[15,33,53],[17,32,52],[13,31,54],[2,4,69],[3,7,67],[1,10,68],[3,9,70],
[2,6,71],[1,12,72],[4,14,36],[7,16,35],[10,18,34],[2,4,30],[3,7,27],[1,10,24],[2,6,28],[1,12,22],
[3,9,25],[15,175,183],[13,178,182],[17,172,181],[14,179,182],[16,176,183],[18,173,181],[30,177,185],[27,174,184],[24,180,186],
[28,180,185],[22,174,186],[25,177,184],[6,15,33],[12,13,31],[9,17,32],[4,14,182],[10,18,181],[7,16,183],[6,15,183],
[9,17,181],[12,13,182],[6,28,185],[9,25,184],[12,22,186],[4,30,185],[10,24,186],[7,27,184],[4,182,185],[7,183,184],
[10,181,186],[6,183,185],[12,182,186],[9,181,184]];
###############################################################

#SurfaceInfo: 372 Vertices, 1116 Edges, 744 Faces, IsOrientable=true
 #Vertices of faces:
vof9:=[[370,371,372],[369,370,371],[368,370,372],[367,371,372],[364,365,366],[361,362,363],[358,359,360],[355,356,357],[352,353,354],[349,350,351],
[346,347,348],[343,344,345],[340,341,342],[337,338,339],[334,335,336],[331,332,333],[328,329,330],[325,326,327],[323,324,332],[321,322,329],
[319,320,326],[317,318,332],[315,316,326],[313,314,329],[317,323,332],[315,319,326],[313,321,329],[312,317,318],[311,313,314],[310,315,316],
[320,325,326],[322,328,329],[324,331,332],[318,332,333],[316,326,327],[314,329,330],[308,309,341],[306,307,335],[304,305,338],[302,303,340],
[300,301,334],[298,299,337],[295,296,297],[292,293,294],[289,290,291],[287,288,312],[285,286,310],[283,284,311],[282,340,341],[281,334,335],
[280,337,338],[279,341,342],[278,335,336],[277,338,339],[276,340,342],[275,334,336],[274,337,339],[296,319,320],[290,323,324],[293,321,322],
[272,273,342],[270,271,336],[268,269,339],[267,271,290],[266,273,293],[265,269,296],[264,287,312],[263,283,311],[262,285,310],[273,292,293],
[269,295,296],[271,289,290],[266,272,273],[265,268,269],[267,270,271],[296,297,320],[290,291,324],[293,294,322],[266,293,321],[265,296,319],
[267,290,323],[279,308,341],[277,304,338],[278,306,335],[276,302,340],[274,298,337],[275,300,334],[282,309,341],[280,305,338],[281,307,335],
[282,303,340],[280,299,337],[281,301,334],[272,279,342],[268,277,339],[270,278,336],[273,276,342],[269,274,339],[271,275,336],[261,314,330],
[260,318,333],[259,316,327],[258,320,325],[257,324,331],[256,322,328],[288,312,318],[286,310,316],[284,311,314],[254,255,272],[252,253,268],
[250,251,270],[248,249,303],[246,247,299],[244,245,301],[242,243,302],[240,241,298],[238,239,300],[236,237,348],[234,235,347],[232,233,346],
[230,231,345],[228,229,344],[226,227,343],[225,302,303],[224,298,299],[223,300,301],[222,312,317],[221,311,313],[220,310,315],[219,346,347],
[218,346,348],[217,347,348],[216,343,344],[215,344,345],[214,343,345],[213,317,323],[212,313,321],[211,315,319],[213,222,317],[211,220,315],
[212,221,313],[218,236,348],[219,232,346],[217,234,347],[218,233,346],[217,237,348],[219,235,347],[216,226,343],[214,230,345],[215,228,344],
[215,231,345],[214,227,343],[216,229,344],[225,248,303],[223,244,301],[224,246,299],[225,242,302],[223,238,300],[224,240,298],[210,279,308],
[209,278,306],[208,277,304],[243,276,302],[239,275,300],[241,274,298],[207,280,305],[206,282,309],[205,281,307],[249,282,303],[245,281,301],
[247,280,299],[254,272,279],[250,270,278],[252,268,277],[213,267,323],[211,265,319],[212,266,321],[251,267,270],[255,266,272],[253,265,268],
[220,262,310],[222,264,312],[221,263,311],[259,286,316],[260,288,318],[261,284,314],[258,297,320],[256,294,322],[257,291,324],[273,276,292],
[271,275,289],[269,274,295],[203,204,215],[201,202,214],[199,200,216],[197,198,222],[195,196,220],[193,194,221],[225,230,231],[223,226,227],
[224,228,229],[218,264,287],[219,262,285],[217,263,283],[192,258,297],[191,257,291],[190,256,294],[189,260,288],[188,259,286],[187,261,284],
[197,222,264],[193,221,263],[195,220,262],[225,230,248],[224,228,246],[223,226,244],[225,231,242],[224,229,240],[223,227,238],[218,236,264],
[217,234,263],[219,232,262],[218,233,287],[219,235,285],[217,237,283],[203,215,228],[201,214,230],[199,216,226],[204,215,231],[200,216,229],
[202,214,227],[198,213,222],[194,212,221],[196,211,220],[213,251,267],[212,255,266],[211,253,265],[210,254,279],[208,252,277],[209,250,278],
[206,249,282],[207,247,280],[205,245,281],[243,276,292],[241,274,295],[239,275,289],[186,295,297],[185,289,291],[184,292,294],[183,285,286],
[182,283,284],[181,287,288],[186,192,297],[184,190,294],[185,191,291],[184,243,292],[185,239,289],[186,241,295],[180,206,249],[179,205,245],
[178,207,247],[177,210,254],[176,209,250],[175,208,252],[182,237,283],[181,233,287],[183,235,285],[181,189,288],[183,188,286],[182,187,284],
[198,213,251],[196,211,253],[194,212,255],[204,231,242],[202,227,238],[200,229,240],[201,230,248],[199,226,244],[203,228,246],[197,236,264],
[195,232,262],[193,234,263],[174,246,247],[173,248,249],[172,244,245],[171,242,243],[170,238,239],[169,240,241],[168,254,255],[167,252,253],
[166,250,251],[165,236,237],[164,232,233],[163,234,235],[162,184,190],[161,186,192],[160,185,191],[165,197,236],[163,193,234],[164,195,232],
[174,203,246],[172,199,244],[173,201,248],[171,204,242],[169,200,240],[170,202,238],[166,198,251],[168,194,255],[167,196,253],[159,182,187],
[158,183,188],[157,181,189],[165,182,237],[163,183,235],[164,181,233],[168,177,254],[167,175,252],[166,176,250],[174,178,247],[172,179,245],
[173,180,249],[171,184,243],[169,186,241],[170,185,239],[156,203,204],[155,199,200],[154,201,202],[153,197,198],[152,193,194],[151,195,196],
[150,174,178],[149,173,180],[148,172,179],[147,166,176],[146,167,175],[145,168,177],[153,166,198],[151,167,196],[152,168,194],[156,171,204],
[154,170,202],[155,169,200],[156,174,203],[154,173,201],[155,172,199],[153,165,197],[151,164,195],[152,163,193],[162,171,184],[160,170,185],
[161,169,186],[159,165,182],[157,164,181],[158,163,183],[153,159,165],[152,158,163],[151,157,164],[150,156,174],[148,155,172],[149,154,173],
[156,162,171],[155,161,169],[154,160,170],[147,153,166],[145,152,168],[146,151,167],[147,153,159],[146,151,157],[145,152,158],[150,156,162],
[149,154,160],[148,155,161],[144,328,330],[143,325,327],[142,331,333],[141,258,325],[140,256,328],[139,257,331],[138,261,330],[137,259,327],
[136,260,333],[135,190,256],[134,191,257],[133,192,258],[132,187,261],[131,189,260],[130,188,259],[129,162,190],[128,160,191],[127,161,192],
[126,157,189],[125,158,188],[124,159,187],[125,130,188],[124,132,187],[126,131,189],[129,135,190],[127,133,192],[128,134,191],[132,138,261],
[130,137,259],[131,136,260],[135,140,256],[133,141,258],[134,139,257],[138,144,330],[136,142,333],[137,143,327],[140,144,328],[139,142,331],
[141,143,325],[124,147,159],[125,145,158],[126,146,157],[129,150,162],[127,148,161],[128,149,160],[122,123,130],[120,121,132],[118,119,131],
[116,117,135],[114,115,133],[112,113,134],[111,304,305],[110,306,307],[109,308,309],[144,355,356],[143,349,350],[142,352,353],[108,210,308],
[107,208,304],[106,209,306],[105,207,305],[104,205,307],[103,206,309],[102,177,210],[101,175,208],[100,176,209],[99,178,207],[98,179,205],
[97,180,206],[96,150,178],[95,148,179],[94,149,180],[93,147,176],[92,145,177],[91,146,175],[96,99,178],[94,97,180],[95,98,179],
[92,102,177],[91,101,175],[93,100,176],[99,105,207],[97,103,206],[98,104,205],[102,108,210],[100,106,209],[101,107,208],[105,111,305],
[103,109,309],[104,110,307],[106,110,306],[107,111,304],[108,109,308],[118,126,131],[120,124,132],[122,125,130],[96,129,150],[94,128,149],
[95,127,148],[93,124,147],[91,126,146],[92,125,145],[140,144,355],[139,142,352],[141,143,349],[138,144,356],[136,142,353],[137,143,350],
[116,135,140],[112,134,139],[114,133,141],[121,132,138],[119,131,136],[123,130,137],[117,129,135],[113,128,134],[115,127,133],[89,90,99],
[87,88,97],[85,86,98],[83,84,102],[81,82,100],[79,80,101],[111,364,365],[109,358,359],[110,361,362],[107,111,364],[108,109,358],
[106,110,361],[105,111,365],[104,110,362],[103,109,359],[83,102,108],[79,101,107],[81,100,106],[89,99,105],[85,98,104],[87,97,103],
[80,91,101],[84,92,102],[82,93,100],[90,96,99],[86,95,98],[88,94,97],[121,138,356],[123,137,350],[119,136,353],[116,140,355],
[114,141,349],[112,139,352],[91,118,126],[92,122,125],[93,120,124],[96,117,129],[95,115,127],[94,113,128],[77,78,357],[75,76,351],
[73,74,354],[72,356,357],[71,350,351],[70,353,354],[69,355,357],[68,349,351],[67,352,354],[70,73,354],[72,77,357],[71,75,351],
[69,78,357],[67,74,354],[68,76,351],[69,116,355],[67,112,352],[68,114,349],[72,121,356],[70,119,353],[71,123,350],[90,96,117],
[88,94,113],[86,95,115],[80,91,118],[82,93,120],[84,92,122],[83,108,358],[79,107,364],[81,106,361],[89,105,365],[87,103,359],
[85,104,362],[65,66,360],[63,64,366],[61,62,363],[60,118,119],[59,120,121],[58,122,123],[57,116,117],[56,112,113],[55,114,115],
[54,364,366],[53,358,360],[52,361,363],[51,365,366],[50,359,360],[49,362,363],[53,65,360],[52,61,363],[54,63,366],[51,64,366],
[49,62,363],[50,66,360],[57,90,117],[55,86,115],[56,88,113],[51,89,365],[49,85,362],[50,87,359],[53,83,358],[54,79,364],
[52,81,361],[60,80,118],[58,84,122],[59,82,120],[60,70,119],[58,71,123],[59,72,121],[57,69,116],[55,68,114],[56,67,112],
[48,70,73],[47,71,75],[46,72,77],[45,69,78],[44,68,76],[43,67,74],[42,89,90],[41,85,86],[40,87,88],[39,83,84],
[38,79,80],[37,81,82],[42,57,90],[40,56,88],[41,55,86],[37,59,82],[38,60,80],[39,58,84],[39,53,83],[37,52,81],
[38,54,79],[42,51,89],[40,50,87],[41,49,85],[36,53,65],[35,52,61],[34,54,63],[33,51,64],[32,50,66],[31,49,62],
[45,57,69],[43,56,67],[44,55,68],[48,60,70],[46,59,72],[47,58,71],[42,45,57],[41,44,55],[40,43,56],[33,42,51],
[31,41,49],[32,40,50],[36,39,53],[34,38,54],[35,37,52],[39,47,58],[38,48,60],[37,46,59],[36,39,47],[35,37,46],
[34,38,48],[33,42,45],[32,40,43],[31,41,44],[30,75,76],[29,77,78],[28,73,74],[27,45,78],[26,44,76],[25,43,74],
[24,47,75],[23,46,77],[22,48,73],[24,30,75],[22,28,73],[23,29,77],[26,30,76],[25,28,74],[27,29,78],[24,36,47],
[22,34,48],[23,35,46],[27,33,45],[26,31,44],[25,32,43],[20,21,30],[18,19,28],[16,17,29],[15,61,62],[14,63,64],
[13,65,66],[12,33,64],[11,31,62],[10,32,66],[9,36,65],[8,34,63],[7,35,61],[9,13,65],[7,15,61],[8,14,63],
[11,15,62],[10,13,66],[12,14,64],[20,24,30],[16,23,29],[18,22,28],[12,27,33],[11,26,31],[10,25,32],[9,24,36],
[7,23,35],[8,22,34],[17,27,29],[21,26,30],[19,25,28],[5,6,14],[3,4,15],[1,2,13],[5,12,14],[1,10,13],
[3,11,15],[2,9,13],[6,8,14],[4,7,15],[9,20,24],[8,18,22],[7,16,23],[12,17,27],[10,19,25],[11,21,26],
[5,12,17],[3,11,21],[1,10,19],[6,8,18],[4,7,16],[2,9,20],[16,17,369],[18,19,368],[20,21,367],[5,17,369],
[3,21,367],[1,19,368],[6,18,368],[2,20,367],[4,16,369],[5,6,370],[1,2,372],[3,4,371],[5,369,370],[3,367,371],
[1,368,372],[6,368,370],[4,369,371],[2,367,372]];
###############################################################

#SurfaceInfo: 373 Vertices, 1119 Edges, 746 Faces, IsOrientable=true
 #Vertices of faces:
vof10:=[[371,372,373],[370,371,372],[369,371,373],[368,372,373],[365,366,367],[362,363,364],[359,360,361],[356,357,358],[353,354,355],[350,351,352],
[347,348,349],[344,345,346],[341,342,343],[339,340,342],[337,338,348],[335,336,345],[333,334,336],[331,332,338],[329,330,340],[331,337,338],
[329,339,340],[333,335,336],[335,344,345],[337,347,348],[339,341,342],[328,329,330],[327,333,334],[326,331,332],[323,324,325],[320,321,322],
[317,318,319],[316,341,343],[316,344,346],[316,347,349],[313,314,315],[310,311,312],[307,308,309],[306,314,318],[305,311,324],[304,308,321],
[302,303,315],[300,301,312],[298,299,309],[299,301,303],[298,299,303],[301,302,303],[299,300,301],[306,313,314],[304,307,308],[305,310,311],
[302,313,315],[300,310,312],[298,307,309],[316,343,344],[316,341,349],[316,346,347],[297,327,334],[296,328,330],[295,326,332],[304,320,321],
[306,317,318],[305,323,324],[294,329,339],[293,333,335],[292,331,337],[291,328,329],[290,326,331],[289,327,333],[288,335,344],[287,339,341],
[286,337,347],[284,285,328],[282,283,327],[280,281,326],[278,279,310],[276,277,313],[274,275,307],[273,303,315],[272,299,309],[271,301,312],
[270,308,309],[269,314,315],[268,311,312],[267,314,318],[266,308,321],[265,311,324],[264,324,325],[263,321,322],[262,318,319],[259,260,261],
[256,257,258],[253,254,255],[252,264,325],[251,262,319],[250,263,322],[291,294,329],[290,292,331],[289,293,333],[288,293,335],[286,292,337],
[287,294,339],[284,291,328],[282,289,327],[280,290,326],[269,273,315],[268,271,312],[270,272,309],[265,268,311],[267,269,314],[266,270,308],
[262,267,318],[264,265,324],[263,266,321],[249,304,320],[248,305,323],[247,306,317],[274,304,307],[278,305,310],[276,306,313],[275,298,307],
[277,302,313],[279,300,310],[288,343,344],[286,346,347],[287,341,349],[281,295,326],[285,296,328],[283,297,327],[273,298,303],[271,301,302],
[272,299,300],[245,246,268],[243,244,269],[241,242,270],[239,240,294],[237,238,293],[235,236,292],[234,342,343],[233,345,346],[232,348,349],
[231,340,342],[230,336,345],[229,338,348],[228,330,340],[227,334,336],[226,332,338],[257,296,330],[254,297,334],[260,295,332],[224,225,264],
[222,223,262],[220,221,263],[217,218,219],[214,215,216],[211,212,213],[218,224,225],[215,220,221],[212,222,223],[228,257,330],[226,260,332],
[227,254,334],[231,234,342],[229,232,348],[230,233,345],[228,231,340],[226,229,338],[227,230,336],[210,284,291],[209,280,290],[208,282,289],
[239,287,294],[237,288,293],[235,286,292],[240,291,294],[236,290,292],[238,289,293],[207,281,295],[206,283,297],[205,285,296],[234,288,343],
[232,287,349],[233,286,346],[245,268,271],[241,270,272],[243,269,273],[246,265,268],[242,266,270],[244,267,269],[224,264,265],[220,263,266],
[222,262,267],[225,252,264],[221,250,263],[223,251,262],[259,260,295],[253,254,297],[256,257,296],[273,275,298],[272,279,300],[271,277,302],
[248,278,305],[247,276,306],[249,274,304],[203,204,229],[201,202,230],[199,200,231],[198,260,261],[197,254,255],[196,257,258],[195,198,261],
[194,196,258],[193,197,255],[192,247,276],[191,249,274],[190,248,278],[189,225,252],[188,223,251],[187,221,250],[199,228,231],[201,227,230],
[203,226,229],[200,231,234],[202,230,233],[204,229,232],[196,228,257],[197,227,254],[198,226,260],[224,246,265],[222,244,267],[220,242,266],
[243,273,275],[245,271,277],[241,272,279],[207,259,295],[205,256,296],[206,253,297],[210,240,291],[208,238,289],[209,236,290],[234,237,288],
[233,235,286],[232,239,287],[217,218,224],[211,212,222],[214,215,220],[186,276,277],[185,274,275],[184,278,279],[183,218,225],[182,212,223],
[181,215,221],[195,218,219],[194,212,213],[193,215,216],[183,195,218],[181,193,215],[182,194,212],[180,210,240],[179,209,236],[178,208,238],
[177,207,259],[176,205,256],[175,206,253],[186,245,277],[184,241,279],[185,243,275],[183,189,225],[181,187,221],[182,188,223],[186,192,276],
[184,190,278],[185,191,274],[195,219,261],[193,216,255],[194,213,258],[217,224,246],[214,220,242],[211,222,244],[200,234,237],[204,232,239],
[202,233,235],[196,199,228],[198,203,226],[197,201,227],[174,245,246],[173,241,242],[172,243,244],[171,239,240],[170,235,236],[169,237,238],
[168,259,261],[167,253,255],[166,256,258],[165,195,198],[164,193,197],[163,194,196],[171,180,240],[169,178,238],[170,179,236],[165,198,203],
[163,196,199],[164,197,201],[171,204,239],[169,200,237],[170,202,235],[174,217,246],[172,211,244],[173,214,242],[168,219,261],[166,213,258],
[167,216,255],[162,186,192],[161,185,191],[160,184,190],[159,183,189],[158,182,188],[157,181,187],[174,186,245],[172,185,243],[173,184,241],
[168,177,259],[167,175,253],[166,176,256],[165,183,195],[163,182,194],[164,181,193],[156,203,204],[155,199,200],[154,201,202],[153,217,219],
[152,211,213],[151,214,216],[150,171,180],[149,170,179],[148,169,178],[147,168,177],[146,166,176],[145,167,175],[153,168,219],[151,167,216],
[152,166,213],[153,174,217],[151,173,214],[152,172,211],[156,171,204],[154,170,202],[155,169,200],[156,165,203],[154,164,201],[155,163,199],
[159,165,183],[157,164,181],[158,163,182],[162,174,186],[160,173,184],[161,172,185],[156,159,165],[155,158,163],[154,157,164],[150,156,171],
[148,155,169],[149,154,170],[153,162,174],[152,161,172],[151,160,173],[147,153,168],[146,152,166],[145,151,167],[147,153,162],[145,151,160],
[146,152,161],[150,156,159],[149,154,157],[148,155,158],[144,323,325],[143,320,322],[142,317,319],[141,248,323],[140,247,317],[139,249,320],
[138,252,325],[137,250,322],[136,251,319],[135,189,252],[134,187,250],[133,188,251],[132,192,247],[131,190,248],[130,191,249],[129,159,189],
[128,157,187],[127,158,188],[126,162,192],[125,160,190],[124,161,191],[126,132,192],[124,130,191],[125,131,190],[129,135,189],[127,133,188],
[128,134,187],[135,138,252],[133,136,251],[134,137,250],[132,140,247],[130,139,249],[131,141,248],[138,144,325],[136,142,319],[137,143,322],
[141,144,323],[139,143,320],[140,142,317],[126,147,162],[125,145,160],[124,146,161],[129,150,159],[127,148,158],[128,149,157],[122,123,135],
[120,121,133],[118,119,134],[116,117,132],[114,115,131],[112,113,130],[144,356,357],[142,350,351],[143,353,354],[111,280,281],[110,284,285],
[109,282,283],[108,210,284],[107,208,282],[106,209,280],[105,207,281],[104,206,283],[103,205,285],[102,180,210],[101,178,208],[100,179,209],
[99,177,207],[98,175,206],[97,176,205],[96,150,180],[95,148,178],[94,149,179],[93,147,177],[92,145,175],[91,146,176],[93,99,177],
[91,97,176],[92,98,175],[96,102,180],[94,100,179],[95,101,178],[99,105,207],[97,103,205],[98,104,206],[102,108,210],[100,106,209],
[101,107,208],[105,111,281],[104,109,283],[103,110,285],[108,110,284],[106,111,280],[107,109,282],[116,126,132],[112,124,130],[114,125,131],
[96,129,150],[94,128,149],[95,127,148],[93,126,147],[91,124,146],[92,125,145],[140,142,350],[141,144,356],[139,143,353],[138,144,357],
[137,143,354],[136,142,351],[117,132,140],[115,131,141],[113,130,139],[122,135,138],[118,134,137],[120,133,136],[123,129,135],[119,128,134],
[121,127,133],[89,90,99],[87,88,97],[85,86,98],[83,84,102],[81,82,100],[79,80,101],[111,365,366],[110,359,360],[109,362,363],
[106,111,365],[107,109,362],[108,110,359],[105,111,366],[104,109,363],[103,110,360],[83,102,108],[79,101,107],[81,100,106],[89,99,105],
[85,98,104],[87,97,103],[84,96,102],[80,95,101],[82,94,100],[90,93,99],[86,92,98],[88,91,97],[122,138,357],[120,136,351],
[118,137,354],[117,140,350],[115,141,356],[113,139,353],[93,116,126],[92,114,125],[91,112,124],[96,123,129],[95,121,127],[94,119,128],
[78,357,358],[77,351,352],[76,354,355],[75,350,352],[74,356,358],[73,353,355],[71,72,352],[69,70,358],[67,68,355],[71,77,352],
[67,76,355],[69,78,358],[72,75,352],[68,73,355],[70,74,358],[75,117,350],[73,113,353],[74,115,356],[78,122,357],[76,118,354],
[77,120,351],[90,93,116],[88,91,112],[86,92,114],[84,96,123],[82,94,119],[80,95,121],[81,106,365],[83,108,359],[79,107,362],
[89,105,366],[87,103,360],[85,104,363],[66,365,367],[65,359,361],[64,362,364],[63,366,367],[62,360,361],[61,363,364],[59,60,361],
[57,58,364],[55,56,367],[54,122,123],[53,118,119],[52,120,121],[51,116,117],[50,112,113],[49,114,115],[55,66,367],[57,64,364],
[59,65,361],[56,63,367],[58,61,364],[60,62,361],[51,90,116],[49,86,114],[50,88,112],[63,89,366],[61,85,363],[62,87,360],
[66,81,365],[64,79,362],[65,83,359],[54,84,123],[52,80,121],[53,82,119],[53,76,118],[52,77,120],[54,78,122],[51,75,117],
[49,74,115],[50,73,113],[48,67,76],[47,71,77],[46,69,78],[45,72,75],[44,70,74],[43,68,73],[42,89,90],[41,85,86],
[40,87,88],[39,81,82],[38,79,80],[37,83,84],[42,51,90],[40,50,88],[41,49,86],[39,53,82],[37,54,84],[38,52,80],
[39,66,81],[37,65,83],[38,64,79],[42,63,89],[40,62,87],[41,61,85],[36,57,64],[35,55,66],[34,59,65],[33,56,63],
[32,60,62],[31,58,61],[45,51,75],[43,50,73],[44,49,74],[48,53,76],[46,54,78],[47,52,77],[42,45,51],[41,44,49],
[40,43,50],[33,42,63],[31,41,61],[32,40,62],[35,39,66],[36,38,64],[34,37,65],[39,48,53],[38,47,52],[37,46,54],
[35,39,48],[34,37,46],[36,38,47],[33,42,45],[32,40,43],[31,41,44],[30,71,72],[29,69,70],[28,67,68],[27,45,72],
[26,43,68],[25,44,70],[24,48,67],[23,46,69],[22,47,71],[22,30,71],[24,28,67],[23,29,69],[27,30,72],[26,28,68],
[25,29,70],[24,35,48],[23,34,46],[22,36,47],[27,33,45],[25,31,44],[26,32,43],[20,21,29],[18,19,28],[16,17,30],
[15,57,58],[14,55,56],[13,59,60],[12,33,56],[11,31,58],[10,32,60],[9,34,59],[8,35,55],[7,36,57],[9,13,59],
[7,15,57],[8,14,55],[11,15,58],[10,13,60],[12,14,56],[20,23,29],[18,24,28],[16,22,30],[12,27,33],[11,25,31],
[10,26,32],[8,24,35],[7,22,36],[9,23,34],[17,27,30],[21,25,29],[19,26,28],[5,6,14],[3,4,15],[1,2,13],
[5,12,14],[1,10,13],[3,11,15],[2,9,13],[6,8,14],[4,7,15],[8,18,24],[9,20,23],[7,16,22],[12,17,27],
[10,19,26],[11,21,25],[5,12,17],[3,11,21],[1,10,19],[6,8,18],[4,7,16],[2,9,20],[16,17,370],[18,19,369],
[20,21,368],[5,17,370],[3,21,368],[1,19,369],[6,18,369],[2,20,368],[4,16,370],[5,6,371],[1,2,373],[3,4,372],
[5,370,371],[3,368,372],[1,369,373],[6,369,371],[4,370,372],[2,368,373]];
###############################################################

