#SurfaceInfo: 300 Vertices, 6000 Edges, 4000 Faces, IsOrientable=true
 #Vertices of faces:
vof1:=[[298,299,300],[296,297,299],[295,296,298],[293,294,300],[292,293,299],[290,291,300],[289,290,298],[287,288,297],[286,287,296],[284,285,297],
[283,284,299],[281,282,295],[279,280,294],[277,278,295],[276,281,296],[275,279,293],[274,277,298],[272,273,294],[271,272,300],[269,270,292],
[267,268,291],[265,266,289],[263,264,288],[261,262,292],[260,269,293],[259,267,290],[258,265,290],[257,263,287],[256,261,299],[254,255,291],
[252,253,289],[250,251,288],[249,254,300],[248,252,298],[247,250,297],[246,266,286],[244,245,285],[242,243,283],[240,241,282],[238,239,280],
[236,237,278],[235,252,286],[234,246,287],[244,275,284],[233,242,284],[240,257,281],[232,238,279],[236,259,277],[231,252,296],[229,230,285],
[228,262,283],[226,227,282],[224,225,280],[222,223,278],[229,271,297],[221,228,299],[226,247,295],[220,224,294],[222,249,295],[219,270,276],
[218,275,288],[217,243,274],[231,236,273],[215,216,271],[213,214,270],[211,212,268],[209,210,266],[207,208,264],[206,235,262],[235,261,276],
[228,253,274],[205,219,281],[204,218,279],[203,217,277],[236,258,272],[202,215,272],[213,232,269],[201,211,267],[201,209,265],[200,207,263],
[199,261,296],[198,284,293],[197,228,298],[195,196,273],[194,255,271],[192,193,270],[190,191,268],[188,189,266],[186,187,264],[185,208,262],
[195,248,294],[184,194,300],[192,220,292],[183,190,291],[183,188,289],[183,186,288],[208,274,292],[182,260,268],[181,259,282],[180,258,280],
[179,257,278],[216,242,256],[199,244,255],[198,235,253],[197,251,279],[178,215,249],[178,217,248],[177,178,247],[175,176,266],[173,174,245],
[172,214,243],[170,171,241],[168,169,239],[166,167,237],[244,254,260],[194,256,285],[165,182,269],[181,186,267],[164,180,265],[179,190,263],
[163,242,261],[233,250,279],[162,215,254],[161,217,252],[160,177,250],[175,200,246],[159,173,244],[159,172,242],[158,170,240],[157,168,238],
[156,166,236],[237,254,293],[206,277,290],[245,272,290],[155,281,287],[154,194,299],[153,169,255],[152,171,253],[151,157,251],[150,249,273],
[150,248,278],[149,230,247],[147,148,266],[145,146,245],[144,192,243],[143,204,241],[142,205,239],[140,141,237],[167,168,235],[169,256,291],
[171,283,289],[151,221,288],[139,150,300],[138,150,298],[137,149,297],[147,183,286],[136,145,285],[136,192,283],[204,220,282],[205,247,280],
[136,140,278],[167,286,292],[196,234,245],[135,275,291],[134,233,264],[133,257,285],[132,232,262],[131,259,294],[178,219,231],[230,240,248],
[155,253,262],[221,227,267],[154,225,265],[223,256,263],[130,177,271],[130,221,269],[129,216,247],[128,220,243],[129,130,249],[127,176,270],
[125,126,288],[124,210,243],[123,124,231],[167,212,216],[145,214,229],[122,195,212],[140,210,222],[120,121,208],[135,173,206],[229,234,240],
[149,231,282],[119,196,246],[135,140,244],[118,134,242],[133,224,240],[132,226,238],[131,145,236],[117,219,252],[203,226,267],[202,224,265],
[205,222,263],[116,177,229],[115,228,269],[114,129,226],[113,128,224],[112,129,222],[127,158,219],[125,157,218],[124,156,217],[111,123,236],
[111,167,215],[145,149,213],[122,134,211],[110,140,209],[120,182,207],[109,173,235],[229,280,287],[241,250,284],[108,269,279],[107,149,296],
[121,180,230],[106,212,262],[105,134,227],[104,110,225],[103,182,223],[102,251,271],[102,221,294],[110,223,247],[134,196,220],[101,227,249],
[100,147,270],[98,99,288],[97,188,243],[96,122,231],[95,190,216],[94,164,214],[93,212,234],[92,165,210],[91,208,258],[179,206,207],
[122,174,235],[120,239,253],[121,231,285],[212,276,283],[105,197,282],[104,184,280],[103,199,278],[102,184,297],[90,102,299],[110,137,295],
[89,134,294],[101,139,295],[147,220,276],[98,247,275],[136,188,274],[88,122,273],[88,190,271],[164,183,270],[234,247,268],[165,220,266],
[249,258,264],[88,207,262],[174,276,289],[239,274,286],[153,205,237],[152,204,231],[157,203,241],[172,258,295],[158,202,239],[146,232,273],
[96,201,253],[141,201,255],[87,200,235],[199,216,246],[182,198,243],[130,197,265],[196,213,283],[108,255,285],[184,193,281],[138,191,269],
[139,189,287],[107,187,242],[185,238,249],[86,128,248],[86,184,267],[121,178,220],[119,183,243],[103,183,216],[86,121,274],[85,126,268],
[83,84,282],[82,84,280],[80,81,278],[131,216,264],[123,172,199],[131,166,198],[79,197,213],[174,178,239],[135,178,241],[176,204,226],
[151,152,174],[214,224,272],[103,106,171],[78,119,169],[105,167,185],[133,170,198],[195,204,213],[110,199,288],[134,198,270],[101,197,291],
[128,153,219],[129,152,218],[77,157,217],[172,207,236],[76,158,215],[146,188,213],[96,211,250],[141,192,209],[87,207,254],[75,246,261],
[74,182,284],[73,228,265],[163,192,281],[162,190,269],[161,188,287],[160,186,242],[165,208,238],[72,128,195],[71,194,267],[70,121,192],
[69,119,190],[68,103,188],[67,164,186],[85,149,182],[83,134,181],[82,110,180],[80,179,182],[109,131,242],[66,123,244],[65,166,235],
[64,79,279],[66,174,215],[65,135,217],[64,177,239],[101,175,204],[152,153,173],[150,172,224],[106,170,180],[78,168,181],[166,185,196],
[63,170,253],[222,268,281],[195,266,279],[226,264,277],[62,265,267],[62,246,263],[61,110,296],[60,134,293],[59,101,298],[116,241,255],
[58,158,193],[57,149,191],[56,189,200],[55,150,187],[177,181,185],[54,225,248],[54,184,289],[185,200,220],[153,157,183],[152,158,183],
[117,193,274],[53,98,268],[51,52,282],[50,51,280],[48,49,278],[47,216,250],[132,168,199],[46,152,197],[45,178,224],[44,178,226],
[43,145,178],[92,118,176],[42,174,203],[41,119,214],[40,171,260],[39,169,286],[38,167,233],[124,170,244],[78,210,285],[119,198,273],
[241,260,271],[58,154,270],[57,139,268],[56,138,266],[55,137,264],[177,237,262],[54,138,294],[37,54,300],[89,200,292],[36,157,291],
[36,158,289],[68,153,288],[117,197,292],[98,183,260],[51,247,259],[51,220,258],[48,249,257],[88,250,256],[63,168,255],[65,152,251],
[63,224,249],[63,226,248],[65,145,247],[118,136,266],[203,245,249],[233,237,271],[124,260,297],[210,256,275],[165,206,223],[185,186,199],
[164,198,230],[106,190,197],[110,163,214],[127,233,300],[162,200,212],[149,161,210],[160,201,208],[143,200,251],[46,159,262],[159,225,230],
[35,158,235],[81,157,244],[34,156,253],[178,218,237],[180,206,243],[181,216,245],[155,196,270],[86,154,287],[153,209,274],[152,211,271],
[157,175,276],[62,273,278],[62,230,282],[137,148,290],[90,146,246],[144,184,277],[61,143,217],[60,142,215],[59,141,219],[168,207,271],
[33,119,256],[33,103,283],[32,164,221],[33,139,279],[33,138,281],[32,137,244],[105,130,183],[77,136,270],[136,178,195],[32,105,292],
[31,81,245],[30,58,291],[29,30,264],[27,28,285],[25,26,262],[24,56,294],[79,127,248],[155,218,238],[23,209,221],[91,154,211],
[23,175,256],[130,171,208],[130,133,268],[176,186,250],[126,164,192],[190,210,254],[104,124,230],[188,212,252],[77,111,121],[58,135,153],
[155,181,211],[169,186,209],[164,171,211],[151,175,190],[200,237,280],[157,206,266],[158,245,268],[153,155,266],[117,154,295],[106,179,215],
[22,110,242],[127,166,279],[21,200,215],[20,149,217],[19,177,201],[143,175,192],[46,173,222],[147,172,225],[35,170,272],[81,168,277],
[34,166,229],[102,218,254],[54,180,277],[101,181,272],[53,196,281],[18,194,287],[117,147,290],[116,145,246],[115,192,277],[114,204,217],
[113,205,215],[112,140,219],[119,167,207],[17,151,164],[16,150,279],[15,150,281],[14,149,244],[36,105,147],[77,104,145],[13,192,195],
[55,165,204],[43,205,234],[57,118,140],[31,101,196],[29,134,150],[27,133,180],[25,132,181],[56,131,196],[63,218,219],[72,79,240],
[47,238,253],[17,23,267],[41,91,265],[23,78,263],[72,171,177],[47,133,269],[17,129,212],[41,128,210],[78,129,208],[102,127,186],
[117,125,164],[124,190,194],[123,223,230],[167,188,228],[72,122,218],[111,120,135],[44,211,262],[208,269,282],[169,267,270],[171,265,288],
[151,243,263],[192,239,261],[12,242,244],[108,219,240],[12,217,236],[38,200,293],[11,157,290],[42,158,290],[50,153,287],[80,117,299],
[112,264,273],[72,214,278],[114,230,268],[27,148,201],[101,113,146],[125,144,156],[67,143,194],[67,142,228],[69,102,141],[129,135,168],
[74,191,256],[75,189,283],[60,187,221],[74,139,292],[75,138,297],[60,137,283],[156,168,183],[136,180,182],[106,136,201],[73,148,292],
[11,48,245],[18,99,291],[18,54,264],[10,49,285],[13,31,262],[15,52,294],[88,178,222],[87,120,248],[34,185,221],[34,154,230],
[35,106,256],[95,130,186],[109,130,254],[43,140,216],[55,122,243],[45,130,204],[77,94,176],[76,126,187],[107,124,163],[23,229,259],
[9,195,276],[79,222,275],[11,135,202],[211,213,240],[111,214,282],[128,206,255],[129,245,253],[77,155,251],[214,248,259],[27,107,266],
[113,184,245],[90,125,243],[67,137,241],[67,89,239],[69,139,237],[129,235,280],[74,154,291],[75,221,289],[60,90,288],[25,74,300],
[27,75,298],[26,60,297],[68,156,286],[8,182,285],[8,201,283],[70,196,282],[160,223,280],[13,180,278],[73,256,286],[48,136,234],
[18,249,275],[18,183,233],[10,257,271],[13,232,274],[15,259,271],[65,222,231],[44,120,230],[109,185,227],[47,106,223],[44,186,271],
[44,221,254],[109,140,247],[122,159,220],[47,204,249],[76,88,288],[163,231,274],[202,206,248],[213,234,295],[214,231,257],[140,168,248],
[118,155,227],[120,221,224],[116,154,226],[122,145,256],[117,150,176],[175,203,300],[85,202,298],[205,209,297],[116,156,174],[101,115,214],
[114,171,232],[113,169,257],[112,159,167],[158,187,227],[94,157,225],[156,191,223],[34,111,255],[111,189,196],[28,134,236],[26,110,236],
[24,182,240],[19,109,285],[130,179,280],[108,152,268],[32,107,277],[172,180,292],[106,173,247],[127,134,286],[110,125,260],[124,182,289],
[12,251,294],[108,223,288],[12,227,291],[100,137,293],[89,99,296],[97,139,284],[37,96,218],[95,138,261],[38,94,242],[11,93,215],
[42,92,217],[50,91,177],[122,170,249],[120,166,247],[9,77,231],[7,165,197],[30,184,234],[39,118,199],[9,184,263],[9,90,290],
[7,137,236],[30,89,236],[39,139,240],[130,151,220],[58,86,247],[136,169,216],[22,88,268],[88,171,243],[7,151,289],[6,28,237],
[6,26,231],[5,24,241],[29,57,295],[29,32,239],[35,90,273],[14,37,253],[59,87,255],[16,71,235],[85,91,283],[108,180,209],
[40,138,238],[38,107,173],[9,125,249],[86,169,229],[86,146,282],[126,205,224],[84,165,188],[84,190,234],[81,118,147],[57,172,223],
[55,213,227],[174,192,228],[66,103,118],[22,65,119],[64,105,165],[121,140,172],[118,173,212],[105,127,224],[104,125,226],[103,124,145],
[156,264,280],[201,241,245],[73,107,300],[120,133,215],[116,132,217],[122,131,177],[4,150,219],[173,175,267],[85,173,265],[209,238,263],
[76,156,177],[3,101,269],[19,129,232],[46,128,257],[21,129,159],[127,187,188],[94,125,190],[124,147,191],[34,123,208],[98,167,189],
[14,145,252],[28,122,284],[26,140,261],[24,120,293],[19,173,195],[110,179,229],[135,194,250],[52,152,269],[10,149,277],[75,147,293],
[74,98,296],[73,188,284],[71,190,261],[70,164,242],[69,215,234],[68,165,217],[67,177,258],[128,170,174],[77,166,239],[64,104,234],
[37,102,263],[98,102,290],[25,101,240],[89,147,151],[58,98,137],[8,169,188],[22,56,122],[3,171,190],[45,203,258],[76,105,207],
[6,102,153],[6,117,152],[5,157,194],[32,158,228],[71,87,135],[88,181,246],[44,179,265],[91,106,213],[45,209,285],[9,64,281],
[40,41,269],[17,39,287],[9,112,238],[106,128,229],[45,146,267],[64,121,241],[17,103,264],[112,121,169],[54,85,205],[75,83,165],
[74,82,234],[73,80,118],[131,150,226],[79,227,273],[17,152,179],[66,106,131],[65,78,172],[64,133,185],[144,240,255],[167,246,291],
[121,244,266],[212,242,278],[105,240,243],[104,216,238],[103,236,270],[147,208,252],[4,215,236],[62,182,213],[4,235,242],[142,156,287],
[40,201,284],[148,223,279],[56,73,296],[202,237,251],[17,176,294],[162,227,245],[80,100,232],[90,99,257],[83,97,159],[68,96,117],
[82,95,109],[43,94,150],[55,93,228],[43,92,194],[57,91,261],[54,114,179],[53,146,231],[144,161,276],[11,143,197],[42,142,184],
[50,141,199],[53,184,286],[90,161,295],[11,137,274],[42,89,271],[50,139,276],[120,136,232],[88,116,257],[100,115,289],[97,163,286],
[10,60,237],[13,61,231],[15,74,241],[16,50,295],[16,75,239],[2,31,273],[6,8,253],[3,6,255],[5,89,235],[63,216,229],
[63,208,243],[65,130,272],[78,81,283],[19,153,184],[46,138,223],[19,139,196],[107,132,227],[14,116,249],[44,86,205],[66,86,277],
[55,178,207],[67,168,243],[67,170,216],[69,152,270],[86,97,164],[22,93,126],[21,84,143],[20,84,142],[19,81,141],[61,161,172],
[60,131,162],[59,117,213],[123,226,275],[23,257,272],[74,133,160],[66,210,288],[65,212,270],[64,176,291],[215,241,262],[22,108,225],
[176,221,275],[61,80,270],[59,83,243],[68,138,231],[37,82,216],[43,89,214],[36,55,212],[36,43,210],[57,68,208],[114,197,206],
[177,235,268],[215,253,264],[53,107,285],[161,199,283],[11,59,282],[37,42,280],[50,61,278],[53,71,297],[83,161,299],[11,14,295],
[42,87,294],[70,159,276],[109,160,275],[10,181,273],[113,185,266],[3,246,262],[115,248,276],[10,136,205],[13,88,204],[15,203,220],
[16,258,274],[16,202,247],[2,232,248],[3,201,256],[109,199,229],[159,198,208],[47,197,272],[78,144,196],[66,153,193],[45,116,185],
[144,205,248],[66,207,220],[111,170,183],[45,164,274],[21,63,282],[20,63,280],[19,65,278],[162,198,256],[160,198,221],[204,211,292],
[199,210,257],[198,212,232],[176,197,259],[140,207,283],[76,108,193],[78,184,188],[112,138,250],[72,139,192],[107,114,254],[75,176,194],
[74,126,228],[73,102,210],[125,163,298],[82,162,299],[31,160,299],[165,263,294],[72,109,124],[71,117,212],[70,201,229],[69,195,257],
[68,222,232],[67,121,259],[142,149,193],[92,134,191],[93,110,189],[92,182,187],[46,66,273],[64,132,230],[64,144,157],[84,153,279],
[30,180,263],[7,181,213],[126,196,267],[86,132,266],[62,185,280],[62,106,245],[7,61,284],[30,60,261],[39,59,293],[116,123,220],
[85,158,275],[83,149,258],[82,200,259],[80,150,234],[131,181,297],[4,225,289],[4,193,295],[53,89,290],[36,52,296],[36,50,293],
[49,68,298],[26,46,179],[45,154,252],[43,90,252],[92,142,219],[42,74,177],[40,53,129],[39,128,148],[38,54,129],[145,170,274],
[78,173,220],[22,40,198],[5,154,186],[24,139,205],[29,138,204],[28,137,203],[76,79,237],[37,40,296],[24,36,244],[29,36,235],
[28,68,279],[86,104,183],[33,56,247],[33,57,220],[27,32,249],[4,65,245],[5,104,297],[35,49,206],[14,31,199],[49,87,198],
[16,82,197],[7,24,214],[6,113,300],[5,7,212],[30,32,210],[6,39,208],[61,96,251],[15,73,244],[40,82,274],[39,83,271],
[31,38,276],[62,134,172],[90,93,207],[42,61,166],[11,60,123],[59,142,170],[7,80,271],[33,195,222],[32,121,226],[33,141,288],
[33,96,270],[32,143,291],[81,186,258],[30,119,192],[30,145,203],[28,77,147],[26,76,98],[24,128,188],[113,127,273],[67,209,251],
[67,193,211],[69,175,255],[147,171,261],[20,109,128],[4,47,77],[41,58,186],[76,123,241],[58,85,188],[57,83,250],[56,82,192],
[55,80,254],[159,241,268],[109,239,266],[232,237,264],[61,115,300],[18,60,298],[59,163,297],[78,146,217],[96,112,242],[72,141,242],
[87,114,269],[1,194,246],[1,182,228],[2,102,265],[123,125,281],[82,166,269],[83,123,287],[31,170,242],[48,117,267],[46,121,201],
[34,119,257],[34,103,232],[35,164,259],[85,142,250],[83,92,224],[82,93,226],[80,92,145],[98,131,227],[46,123,171],[19,166,169],
[79,132,167],[51,174,193],[51,135,251],[48,144,239],[25,204,228],[84,152,281],[16,224,252],[30,106,290],[7,78,290],[126,185,287],
[21,151,170],[133,149,222],[132,195,200],[99,185,265],[100,230,267],[99,106,246],[48,110,284],[2,134,261],[51,101,293],[51,54,296],
[48,53,298],[18,250,272],[15,226,254],[36,118,219],[104,177,203],[13,119,269],[55,129,260],[43,128,286],[57,129,233],[22,173,210],
[17,57,205],[41,56,204],[55,78,203],[27,54,238],[36,98,104],[51,56,137],[51,57,89],[27,48,139],[10,222,250],[20,58,168],
[4,125,152],[2,208,224],[48,226,229],[1,145,212],[95,233,260],[49,54,223],[31,75,185],[49,74,230],[73,82,106],[24,110,150],
[7,200,228],[30,149,194],[39,201,261],[16,35,131],[15,81,172],[14,34,133],[132,144,287],[40,120,209],[39,116,211],[38,122,175],
[95,213,278],[97,263,273],[95,172,282],[93,94,246],[7,202,207],[119,120,222],[103,116,195],[122,164,226],[95,141,279],[96,97,281],
[95,143,244],[78,105,268],[66,195,237],[105,121,202],[31,60,258],[58,119,161],[29,53,203],[27,77,115],[18,25,76],[56,128,163],
[23,251,255],[91,193,253],[47,111,127],[41,146,153],[174,219,294],[135,218,295],[217,239,285],[119,236,288],[58,213,216],[57,178,211],
[56,178,209],[98,169,284],[1,215,244],[1,217,235],[2,177,279],[12,175,196],[2,219,253],[93,159,281],[92,109,279],[91,232,277],
[58,115,296],[18,151,293],[161,206,225],[64,126,289],[193,203,231],[25,53,201],[52,59,257],[37,50,232],[49,61,259],[70,75,132],
[13,46,73],[45,65,85],[44,66,175],[29,43,63],[45,92,102],[42,69,261],[41,45,149],[40,104,252],[39,105,254],[38,113,252],
[52,96,198],[61,94,154],[38,93,139],[92,107,138],[40,91,137],[148,179,237],[52,138,275],[37,233,292],[61,89,256],[36,38,249],
[36,107,248],[40,68,247],[148,197,260],[78,88,201],[63,112,257],[63,72,232],[65,114,259],[47,162,275],[2,42,206],[8,107,199],
[3,38,198],[89,138,197],[37,161,208],[5,22,251],[70,82,262],[1,82,230],[68,85,253],[44,167,270],[86,159,252],[28,72,274],
[26,112,271],[24,111,276],[21,137,180],[21,157,184],[60,141,193],[25,114,271],[33,47,234],[33,144,165],[32,109,258],[33,111,284],
[33,156,261],[32,72,293],[69,130,166],[57,120,270],[104,106,266],[32,118,193],[4,42,81],[30,76,191],[3,30,91],[19,28,146],
[21,24,225],[115,127,138],[50,116,218],[75,90,209],[74,80,211],[73,154,175],[123,250,259],[166,192,258],[79,254,257],[9,232,252],
[53,112,181],[47,174,266],[41,126,295],[214,217,255],[20,62,191],[21,62,189],[4,62,187],[126,184,258],[25,38,268],[80,127,216],
[70,154,199],[13,90,197],[25,85,178],[27,175,178],[26,29,178],[45,68,176],[8,69,174],[8,45,214],[70,104,171],[105,160,169],
[13,113,167],[128,244,282],[52,60,273],[26,40,264],[38,148,262],[28,61,292],[35,38,291],[81,107,289],[34,40,288],[69,111,260],
[66,113,258],[48,218,255],[71,260,283],[2,88,165],[8,63,186],[3,63,164],[65,89,190],[115,163,183],[71,162,247],[73,161,220],
[37,160,249],[22,200,221],[1,159,231],[156,171,206],[111,169,245],[155,158,167],[72,97,153],[95,112,152],[100,111,157],[72,148,180],
[95,114,168],[97,234,256],[95,165,283],[100,221,258],[72,166,183],[64,136,211],[95,118,292],[44,76,291],[3,44,264],[21,47,294],
[116,155,231],[112,155,199],[186,238,289],[164,240,291],[173,190,286],[201,206,239],[155,174,200],[126,154,276],[166,224,276],[19,62,148],
[111,137,192],[90,202,222],[17,147,184],[61,160,272],[60,70,277],[59,162,229],[102,126,150],[54,84,228],[84,101,194],[53,81,261],
[29,116,296],[6,114,298],[5,112,296],[17,63,213],[14,73,174],[36,159,226],[104,151,259],[13,200,272],[55,103,275],[43,119,276],
[57,105,275],[91,101,148],[42,144,150],[94,143,180],[142,181,187],[41,141,196],[35,72,251],[17,96,223],[78,87,227],[17,97,134],
[41,95,110],[78,100,182],[176,223,265],[29,238,246],[32,209,218],[5,211,219],[33,135,175],[32,87,243],[12,168,264],[108,120,237],
[12,122,241],[5,38,272],[11,24,252],[29,42,254],[28,50,252],[79,80,290],[112,123,183],[79,114,183],[31,201,257],[58,101,233],
[29,156,275],[27,194,205],[56,102,203],[1,191,292],[1,189,297],[2,187,283],[2,148,300],[11,68,284],[8,99,298],[8,54,287],
[49,70,299],[13,52,299],[34,87,132],[95,107,228],[43,59,261],[37,55,284],[45,61,228],[101,107,128],[23,52,121],[9,100,119],
[79,99,103],[11,75,121],[20,91,206],[21,23,245],[4,93,155],[85,107,140],[6,90,190],[81,137,233],[35,89,163],[84,139,260],
[19,23,280],[25,91,296],[23,27,293],[26,93,298],[8,126,240],[70,81,267],[35,160,265],[13,84,263],[32,55,136],[9,113,183],
[30,90,274],[1,109,237],[2,47,241],[55,85,295],[5,25,248],[34,52,155],[71,85,221],[29,37,256],[33,126,176],[31,69,300],
[67,82,297],[33,85,174],[28,39,214],[9,31,171],[49,79,169],[82,86,167],[38,133,225],[18,115,236],[98,163,240],[29,93,292],
[6,42,286],[6,11,260],[5,142,289],[108,124,157],[12,127,153],[37,143,168],[50,74,79],[9,151,272],[7,103,250],[9,225,278],
[9,46,266],[7,187,294],[30,94,295],[39,191,285],[28,204,260],[26,205,286],[24,140,233],[29,129,190],[29,122,163],[22,35,98],
[14,21,51],[20,51,87],[16,19,48],[43,225,263],[55,189,238],[43,191,240],[57,148,173],[114,125,278],[98,229,254],[1,44,118],
[1,22,45],[27,94,140],[21,123,264],[20,166,214],[19,79,268],[27,31,192],[58,113,222],[29,125,147],[27,67,272],[25,67,277],
[56,69,229],[38,71,298],[11,15,299],[16,42,299],[10,50,299],[80,162,294],[111,143,269],[46,202,219],[17,219,225],[34,162,246],
[12,150,218],[4,180,228],[12,181,194],[20,196,261],[58,79,277],[6,207,217],[6,145,215],[10,75,279],[13,74,281],[35,105,159],
[77,132,259],[87,165,275],[14,234,276],[96,118,275],[31,91,222],[25,122,187],[35,79,212],[21,121,238],[23,96,174],[91,135,141],
[23,87,239],[18,148,171],[18,133,223],[10,97,212],[13,95,210],[15,100,208],[37,186,228],[59,164,194],[176,230,269],[76,103,211],
[134,146,208],[96,158,169],[141,157,171],[87,151,156],[49,168,242],[189,227,244],[52,120,219],[49,122,217],[3,157,252],[8,158,254],
[22,153,252],[77,89,246],[76,137,182],[8,128,265],[3,129,267],[4,170,214],[67,72,233],[67,112,163],[60,83,207],[8,48,55],
[18,125,139],[18,68,113],[10,80,184],[15,83,184],[51,222,272],[3,27,120],[1,83,185],[2,80,106],[22,167,186],[4,140,239],
[20,174,204],[44,202,259],[5,161,168],[52,53,227],[85,115,120],[18,116,175],[28,101,149],[18,28,124],[26,115,167],[24,98,127],
[87,100,277],[93,172,185],[86,114,173],[42,127,168],[11,125,170],[124,142,152],[43,175,294],[193,236,251],[45,124,288],[43,127,291],
[93,143,218],[32,162,170],[33,160,166],[77,185,272],[114,151,195],[165,168,250],[170,192,234],[118,152,254],[46,193,290],[45,187,236],
[44,94,236],[72,151,280],[58,112,282],[103,151,162],[5,50,233],[32,52,163],[22,71,90],[15,21,37],[16,20,59],[10,19,71],
[40,189,262],[64,88,209],[133,179,300],[210,242,273],[77,278,279],[113,130,173],[125,130,172],[51,195,277],[48,121,281],[20,177,240],
[20,253,269],[22,129,263],[22,262,265],[65,94,267],[66,187,265],[41,63,263],[57,71,293],[15,105,290],[16,104,290],[10,103,287],
[163,191,198],[189,199,233],[115,187,198],[17,84,292],[41,84,297],[11,71,159],[99,154,259],[26,54,200],[49,107,275],[36,87,161],
[8,34,115],[3,18,34],[31,47,95],[5,43,88],[6,44,45],[94,95,101],[54,97,187],[23,56,284],[99,132,206],[100,133,245],
[46,99,155],[41,59,90],[23,39,89],[97,131,280],[25,203,289],[27,202,291],[8,142,271],[8,59,221],[70,91,247],[23,160,220],
[13,93,249],[65,111,159],[17,44,200],[59,70,248],[1,142,155],[36,154,221],[68,90,256],[25,163,171],[27,169,233],[20,29,227],
[4,85,223],[83,160,285],[135,144,268],[30,66,286],[7,65,260],[76,134,139],[77,110,138],[11,146,189],[42,179,191],[50,148,225],
[9,88,203],[39,63,233],[56,116,288],[7,77,189],[1,28,38],[1,26,107],[2,24,40],[29,39,48],[35,46,96],[53,56,173],
[173,188,260],[147,233,238],[81,94,300],[3,12,146],[12,76,144],[1,108,143],[2,12,141],[84,138,286],[71,142,245],[3,37,154],
[31,71,130],[83,124,130],[5,14,216],[6,16,130],[70,95,176],[97,126,160],[10,114,124],[3,68,135],[11,99,255],[42,100,253],
[50,99,251],[14,91,241],[16,93,237],[97,142,235],[96,142,285],[24,59,283],[46,91,282],[93,132,278],[15,179,230],[44,70,140],
[36,109,224],[47,68,145],[75,117,136],[27,113,274],[20,158,197],[4,156,199],[12,111,198],[108,135,149],[17,180,193],[43,106,202],
[66,134,148],[53,65,110],[64,182,189],[45,122,160],[43,120,162],[17,136,238],[41,88,240],[45,77,289],[20,144,295],[72,108,198],
[118,267,285],[19,100,108],[12,21,97],[66,137,188],[64,139,147],[64,98,138],[80,195,203],[81,102,110],[26,52,254],[89,156,250],
[56,104,276],[58,105,258],[40,100,102],[39,99,117],[38,97,194],[14,106,225],[81,112,193],[47,64,158],[39,172,179],[86,127,131],
[9,124,133],[7,35,243],[30,81,216],[34,39,270],[62,78,206],[6,40,229],[35,148,284],[79,136,202],[23,136,162],[6,232,257],
[5,159,259],[57,117,202],[90,150,165],[54,151,163],[20,146,286],[3,143,274],[22,141,276],[3,100,300],[22,97,297],[44,60,194],
[26,69,281],[61,102,119],[60,103,117],[99,105,123],[23,49,195],[74,105,161],[61,82,145],[31,59,224],[37,49,226],[26,89,202],
[14,36,162],[14,142,299],[87,143,299],[10,84,213],[14,113,287],[3,176,238],[7,67,136],[30,67,88],[39,69,220],[12,66,206],
[67,83,292],[84,86,176],[84,126,130],[9,81,210],[51,161,263],[51,162,213],[24,92,297],[62,110,131],[26,120,191],[23,53,54],
[5,177,224],[28,92,300],[4,48,96],[69,144,207],[100,104,166],[97,113,170],[4,20,95],[6,80,188],[5,83,147],[32,82,98],
[64,191,246],[34,161,182],[19,203,218],[102,108,179],[31,140,215],[82,177,204],[14,58,111],[76,133,258],[71,141,152],[77,119,209],
[40,131,146],[16,99,229],[16,146,185],[53,115,169],[118,149,154],[210,227,246],[143,153,167],[182,212,225],[81,104,109],[21,223,284],
[22,36,218],[20,89,181],[1,207,210],[2,176,211],[55,116,161],[50,58,166],[10,13,67],[15,69,70],[16,68,160],[2,25,138],
[48,78,90],[8,25,116],[21,135,205],[118,124,164],[52,100,193],[71,78,83],[15,112,127],[16,72,125],[35,117,134],[30,51,175],
[7,51,85],[48,126,209],[34,189,293],[33,70,123],[92,131,230],[55,125,289],[191,225,235],[140,186,224],[188,205,207],[145,190,204],
[147,203,211],[76,230,277],[34,191,296],[47,92,244],[93,144,235],[24,148,202],[7,99,161],[30,100,162],[4,14,61],[2,15,46],
[132,146,298],[214,219,251],[68,86,123],[118,128,213],[21,255,287],[117,146,155],[73,143,206],[75,141,155],[16,60,156],[15,61,111],
[14,74,158],[75,87,157],[1,10,132],[24,55,63],[49,97,144],[44,93,117],[74,143,144],[47,75,142],[181,189,241],[34,50,108],
[17,37,80],[9,36,79],[193,218,264],[10,92,248],[66,109,156],[69,80,283],[12,92,108],[137,139,184],[83,121,205],[53,100,191],
[99,148,189],[40,63,163],[11,12,35],[12,60,87],[7,8,23],[5,9,10],[13,32,79],[6,15,86],[52,123,151],[98,202,209],
[12,62,94],[4,8,179],[15,92,231],[24,28,178],[49,73,86],[44,69,126],[84,114,144],[47,84,113],[48,160,172],[2,70,131],
[1,13,133],[92,133,273],[141,143,262],[115,132,196],[74,88,102],[64,108,155],[62,101,133],[99,156,158],[50,109,149],[52,159,200],
[11,47,150],[41,181,251],[17,62,155],[76,273,281],[46,53,62],[41,98,197],[17,51,154],[41,51,221],[56,151,260],[14,99,272],
[57,58,286],[9,52,75],[28,116,189],[88,91,161],[49,201,232],[75,104,162],[73,113,160],[48,94,256],[21,179,260],[50,73,195],
[25,49,250],[35,187,298],[28,57,65],[85,129,186],[2,3,43],[41,218,227],[46,163,180],[19,181,233],[54,62,132],[128,164,175],
[26,56,66],[25,27,64],[77,165,172],[52,71,222],[73,96,153],[174,187,196],[94,135,223],[180,191,239],[69,114,115],[70,71,114],
[13,37,112],[10,59,72],[76,131,234],[18,31,33],[19,251,290],[146,187,253],[19,227,293],[46,225,296],[33,49,115],[96,141,299],
[74,96,108],[18,94,199],[42,73,109],[18,66,107],[38,65,115],[41,62,108],[103,125,234],[119,127,165],[94,179,255],[54,63,101],
[296,298,299],[293,299,300],[290,298,300],[287,296,297],[284,297,299],[281,295,296],[279,293,294],[277,295,298],[272,294,300],[269,292,293],
[267,290,291],[265,289,290],[263,287,288],[261,292,299],[254,291,300],[252,289,298],[250,288,297],[246,286,287],[244,284,285],[242,283,284],
[240,281,282],[238,279,280],[236,277,278],[252,286,296],[229,285,297],[228,283,299],[226,282,295],[224,280,294],[222,278,295],[219,276,281],
[218,275,279],[217,274,277],[236,272,273],[215,271,272],[213,269,270],[211,267,268],[209,265,266],[207,263,264],[235,261,262],[261,276,296],
[275,284,293],[228,274,298],[195,273,294],[194,271,300],[192,270,292],[190,268,291],[188,266,289],[186,264,288],[208,262,292],[182,260,269],
[181,259,267],[180,258,265],[179,257,263],[242,256,261],[244,254,255],[235,252,253],[250,251,279],[215,249,254],[217,248,252],[177,247,250],
[175,246,266],[173,244,245],[172,242,243],[170,240,241],[168,238,239],[166,236,237],[254,260,293],[259,277,290],[258,272,290],[257,281,287],
[194,256,299],[169,255,291],[171,253,289],[151,251,288],[150,249,300],[150,248,298],[149,247,297],[147,266,286],[145,245,285],[192,243,283],
[204,241,282],[205,239,280],[140,237,278],[167,235,286],[196,234,246],[135,244,275],[134,233,242],[133,240,257],[132,232,238],[131,236,259],
[219,231,252],[229,230,240],[228,253,262],[226,227,267],[224,225,265],[222,223,263],[177,229,271],[221,228,269],[129,226,247],[128,220,224],
[129,222,249],[127,219,270],[125,218,288],[124,217,243],[123,231,236],[167,215,216],[145,213,214],[122,211,212],[140,209,210],[120,207,208],
[173,206,235],[229,234,287],[233,250,284],[232,269,279],[149,231,296],[121,230,285],[212,262,283],[105,227,282],[104,225,280],[103,223,278],
[102,271,297],[102,221,299],[110,247,295],[134,220,294],[101,249,295],[147,270,276],[98,275,288],[188,243,274],[122,231,273],[190,216,271],
[164,214,270],[212,234,268],[165,210,266],[208,258,264],[206,207,262],[174,235,276],[239,253,274],[153,205,219],[152,204,218],[157,203,217],
[172,236,258],[158,202,215],[146,213,232],[96,201,211],[141,201,209],[87,200,207],[199,246,261],[182,198,284],[197,228,265],[195,196,213],
[194,255,285],[192,193,281],[190,191,269],[188,189,287],[186,187,242],[185,208,238],[128,195,248],[184,194,267],[121,192,220],[119,183,190],
[103,183,188],[164,183,186],[121,208,274],[85,182,268],[83,181,282],[82,180,280],[80,179,278],[131,216,242],[123,199,244],[166,198,235],
[79,197,279],[174,178,215],[135,178,217],[177,178,239],[175,176,204],[152,173,174],[172,214,224],[106,170,171],[78,168,169],[166,167,185],
[170,198,253],[205,222,281],[195,204,279],[203,226,277],[202,224,272],[201,265,267],[200,246,263],[110,199,296],[134,198,293],[101,197,298],
[119,196,273],[241,255,271],[58,193,270],[57,191,268],[56,189,266],[55,187,264],[177,185,262],[54,248,294],[54,184,300],[200,220,292],
[157,183,291],[158,183,289],[153,183,288],[117,274,292],[98,260,268],[51,259,282],[51,258,280],[48,257,278],[216,250,256],[168,199,255],
[152,197,251],[178,224,249],[178,226,248],[145,178,247],[118,176,266],[174,203,245],[119,214,243],[171,241,260],[169,239,286],[167,233,237],
[124,244,260],[210,256,285],[165,182,223],[181,185,186],[164,180,230],[106,179,190],[110,163,242],[127,233,279],[162,200,215],[149,161,217],
[160,177,201],[143,175,200],[46,159,173],[159,172,225],[35,158,170],[81,157,168],[34,156,166],[218,237,254],[180,206,277],[181,245,272],
[155,196,281],[154,194,287],[153,169,209],[152,171,211],[151,157,175],[150,273,278],[149,230,282],[147,148,290],[145,146,246],[144,192,277],
[143,204,217],[142,205,215],[140,141,219],[167,168,207],[119,169,256],[103,171,283],[151,164,221],[139,150,279],[138,150,281],[137,149,244],
[105,147,183],[77,136,145],[136,192,195],[165,204,220],[205,234,247],[118,136,140],[105,167,292],[31,196,245],[58,135,291],[29,134,264],
[27,133,285],[25,132,262],[56,131,294],[178,218,219],[79,240,248],[155,238,253],[23,221,267],[91,154,265],[23,256,263],[130,171,177],
[130,133,269],[129,212,216],[128,210,243],[129,130,208],[127,176,186],[125,126,164],[124,190,210],[123,124,230],[167,188,212],[116,145,229],
[72,122,195],[112,140,222],[111,120,121],[135,153,173],[155,211,262],[165,208,269],[169,186,267],[164,171,265],[151,190,263],[163,192,261],
[162,190,254],[161,188,252],[160,186,250],[159,242,244],[158,219,240],[157,218,238],[156,217,236],[200,237,293],[157,206,290],[158,245,290],
[153,155,287],[117,154,299],[128,153,255],[129,152,253],[77,157,251],[249,264,273],[214,248,278],[230,247,268],[27,148,266],[113,146,245],
[125,144,243],[67,143,241],[67,142,239],[69,141,237],[129,168,235],[74,256,291],[75,283,289],[60,221,288],[74,139,300],[75,138,298],
[60,137,297],[156,183,286],[136,182,285],[136,201,283],[196,220,282],[223,247,280],[136,180,278],[73,286,292],[48,234,245],[18,275,291],
[18,233,264],[10,257,285],[13,232,262],[15,259,294],[178,222,231],[120,230,248],[185,221,227],[154,225,230],[106,223,256],[130,186,271],
[130,221,254],[140,216,247],[122,220,243],[130,204,249],[77,176,270],[76,126,288],[124,163,231],[214,229,259],[195,212,276],[210,222,275],
[135,202,206],[213,234,240],[214,231,282],[135,140,168],[118,134,227],[120,133,224],[116,132,226],[122,131,145],[117,150,219],[175,203,267],
[85,202,265],[205,209,263],[116,156,177],[101,115,269],[114,129,232],[113,128,257],[112,129,159],[127,158,187],[94,125,157],[124,156,191],
[34,111,123],[111,167,189],[14,145,149],[28,122,134],[26,110,140],[24,120,182],[19,109,173],[179,229,280],[135,241,250],[108,152,269],
[107,149,277],[121,172,180],[106,173,212],[105,127,134],[104,110,125],[103,124,182],[102,251,294],[110,223,288],[134,196,270],[101,227,291],
[100,147,293],[98,99,296],[97,188,284],[96,122,218],[95,190,261],[94,164,242],[93,215,234],[92,165,217],[91,177,258],[179,182,207],
[122,170,174],[120,166,239],[77,121,231],[105,165,197],[104,184,234],[103,118,199],[102,184,263],[90,102,290],[110,137,236],[89,134,236],
[101,139,240],[147,151,220],[58,98,247],[136,169,188],[22,88,122],[88,171,190],[203,249,258],[76,88,207],[151,174,289],[6,153,237],
[6,152,231],[5,157,241],[57,172,295],[32,158,239],[90,146,273],[37,96,253],[59,141,255],[71,87,235],[181,216,246],[180,182,243],
[130,179,265],[91,213,283],[108,209,285],[9,184,281],[40,138,269],[39,139,287],[38,107,242],[9,238,249],[86,128,229],[86,146,267],
[121,178,241],[103,216,264],[86,121,169],[85,126,205],[83,84,165],[82,84,234],[80,81,118],[131,226,264],[123,172,223],[131,166,196],
[79,213,227],[174,192,239],[114,204,226],[17,151,152],[66,103,106],[65,78,119],[64,105,185],[133,170,180],[108,240,255],[119,167,246],
[121,140,244],[118,212,242],[105,224,240],[104,226,238],[103,145,236],[117,147,252],[115,192,228],[113,205,224],[111,215,236],[149,182,213],
[134,181,211],[110,180,209],[109,235,242],[156,280,287],[201,241,284],[108,223,279],[73,107,296],[106,215,262],[22,110,225],[237,251,271],
[176,221,294],[227,245,249],[80,100,270],[90,99,288],[83,97,243],[68,96,231],[82,95,216],[43,94,214],[55,93,212],[43,92,210],
[57,91,208],[114,179,206],[122,177,235],[120,215,253],[53,231,285],[161,276,283],[11,197,282],[42,184,280],[50,199,278],[53,184,297],
[90,161,299],[11,137,295],[42,89,294],[50,139,295],[159,220,276],[109,247,275],[136,232,274],[88,181,273],[88,257,271],[152,183,270],
[185,220,266],[88,246,262],[115,276,289],[163,274,286],[10,205,237],[13,204,231],[15,203,241],[16,258,295],[16,202,239],[2,232,273],
[8,201,253],[3,201,255],[89,200,235],[199,216,229],[198,208,243],[130,197,272],[78,196,283],[153,184,193],[138,191,223],[139,189,196],
[107,187,227],[116,185,249],[86,205,248],[86,184,277],[178,207,220],[168,183,243],[170,183,216],[86,164,274],[22,126,268],[21,84,282],
[20,84,280],[19,81,278],[161,172,199],[131,162,198],[117,197,213],[176,226,275],[214,257,272],[133,160,198],[204,211,213],[199,210,288],
[198,212,270],[176,197,291],[140,172,207],[76,158,193],[78,146,188],[96,112,250],[72,141,192],[87,114,254],[75,194,246],[74,182,228],
[73,102,265],[125,163,281],[82,162,269],[83,161,287],[31,160,242],[165,238,263],[72,109,128],[71,117,267],[70,121,201],[69,119,257],
[68,103,232],[67,164,259],[85,142,149],[83,92,134],[82,93,110],[80,92,182],[109,131,227],[46,66,123],[19,65,166],[64,79,132],
[66,174,193],[65,135,251],[64,144,239],[25,101,204],[84,152,153],[16,150,224],[30,106,180],[7,78,181],[126,185,196],[21,63,170],
[133,222,268],[132,195,266],[62,185,265],[62,230,267],[62,106,246],[61,110,284],[60,134,261],[59,101,293],[116,123,241],[58,85,158],
[57,83,149],[56,82,200],[55,80,150],[131,177,181],[54,225,289],[185,200,280],[153,157,266],[152,158,268],[117,193,295],[53,98,290],
[51,52,296],[50,51,293],[48,49,298],[47,250,272],[132,168,181],[46,152,179],[45,224,252],[44,226,254],[43,145,252],[92,118,219],
[42,177,203],[41,119,269],[40,129,260],[39,128,286],[38,129,233],[124,145,170],[78,173,210],[22,119,198],[58,154,186],[57,139,205],
[56,138,204],[55,137,203],[76,177,237],[54,138,238],[37,54,296],[36,157,244],[36,158,235],[68,153,279],[98,104,183],[51,56,247],
[51,57,220],[27,48,249],[88,222,250],[20,63,168],[4,65,152],[63,208,224],[63,226,229],[65,145,212],[233,260,271],[104,124,297],
[49,206,223],[31,185,199],[49,198,230],[82,106,197],[24,110,214],[113,127,300],[7,200,212],[30,149,210],[39,201,208],[61,143,251],
[26,46,262],[16,35,235],[15,81,244],[14,34,253],[86,132,287],[40,209,274],[39,211,271],[38,175,276],[62,213,278],[62,263,273],
[62,172,282],[7,137,290],[90,93,246],[42,61,217],[11,60,215],[59,142,219],[7,207,271],[33,119,222],[33,103,195],[32,164,226],
[33,141,279],[33,96,281],[32,143,244],[105,130,268],[178,195,237],[32,105,121],[31,81,258],[30,58,119],[29,30,203],[27,28,77],
[25,26,76],[24,56,128],[79,127,273],[23,209,251],[91,193,211],[23,175,255],[147,171,208],[70,164,192],[64,104,230],[47,77,111],
[41,58,153],[128,174,219],[129,135,218],[77,217,239],[119,207,236],[76,215,241],[58,188,213],[57,211,250],[56,192,209],[55,207,254],
[75,147,261],[74,98,284],[73,188,228],[71,190,194],[69,190,234],[68,165,188],[67,186,258],[66,215,244],[65,217,235],[64,177,279],
[101,175,196],[134,150,172],[63,219,253],[159,268,281],[109,266,279],[232,264,277],[61,115,296],[18,60,293],[59,163,298],[116,217,255],
[20,149,191],[21,189,200],[4,150,187],[206,225,248],[126,184,289],[193,231,274],[25,53,268],[52,59,282],[37,50,280],[49,61,278],
[47,127,216],[70,132,199],[13,46,197],[45,85,178],[44,175,178],[29,43,178],[45,92,176],[42,69,174],[41,45,214],[40,104,171],
[39,105,169],[38,113,167],[128,170,244],[78,217,285],[52,198,273],[61,154,270],[38,139,268],[107,138,266],[40,137,264],[148,237,262],
[52,138,294],[37,233,300],[61,89,292],[36,38,291],[36,107,289],[40,68,288],[148,197,292],[111,183,260],[65,247,259],[66,220,258],
[63,249,257],[88,201,256],[63,218,255],[63,232,248],[106,136,266],[71,260,297],[162,256,275],[2,165,206],[8,186,199],[3,164,198],
[89,190,197],[115,163,214],[71,162,212],[73,161,210],[37,160,208],[22,200,251],[70,159,262],[1,159,230],[68,156,253],[171,206,243],
[169,216,245],[155,167,270],[86,154,252],[72,153,274],[112,152,271],[111,157,276],[137,148,180],[144,157,184],[60,142,193],[114,168,271],
[33,234,256],[33,165,283],[32,221,258],[33,139,284],[33,138,261],[32,137,293],[130,166,183],[120,136,270],[136,178,211],[32,118,292],
[4,81,245],[30,76,291],[3,30,264],[19,28,285],[21,24,294],[115,127,248],[116,155,218],[75,209,221],[74,154,211],[73,175,256],
[176,250,259],[126,192,258],[210,254,257],[212,232,252],[112,155,181],[186,209,238],[164,211,240],[173,175,190],[237,264,280],[206,239,266],
[241,245,268],[155,174,266],[126,154,295],[127,166,224],[19,148,201],[111,143,192],[46,202,222],[17,147,225],[35,160,272],[70,81,277],
[34,162,229],[102,150,218],[54,180,228],[101,181,194],[53,196,261],[18,54,287],[80,117,290],[29,116,246],[58,115,277],[6,114,217],
[6,113,215],[5,112,219],[17,63,164],[16,75,279],[15,74,281],[14,73,244],[36,105,159],[77,104,259],[13,195,200],[55,165,275],
[43,234,276],[57,118,275],[31,91,101],[29,42,150],[27,94,180],[25,181,187],[41,56,196],[35,72,79],[21,47,238],[17,23,96],
[41,91,141],[23,78,87],[72,148,171],[47,133,223],[17,97,212],[41,95,210],[78,100,208],[37,102,186],[59,117,164],[176,223,230],
[32,72,218],[33,111,135],[44,76,211],[146,208,282],[96,169,270],[141,171,288],[87,151,243],[12,168,242],[12,227,244],[108,120,219],
[12,122,217],[38,200,272],[11,157,252],[42,158,254],[50,153,252],[112,123,264],[72,166,214],[79,114,268],[27,31,201],[58,101,113],
[29,125,156],[27,67,194],[25,67,228],[56,69,102],[74,191,292],[75,189,297],[60,187,283],[156,168,264],[106,201,245],[73,148,300],
[11,48,284],[18,99,298],[10,49,299],[13,31,299],[15,52,299],[87,120,135],[34,133,185],[34,132,230],[35,106,131],[95,186,228],
[109,229,254],[43,140,261],[55,122,284],[45,204,228],[77,94,246],[76,182,187],[41,128,265],[107,128,163],[17,129,267],[23,121,259],
[9,119,276],[79,103,275],[11,121,202],[111,170,214],[20,128,206],[21,129,245],[4,77,155],[27,107,140],[113,184,258],[90,125,190],
[67,137,233],[67,89,163],[69,139,260],[19,129,280],[60,90,207],[25,74,296],[27,75,293],[26,60,298],[8,182,240],[70,196,267],
[160,223,265],[13,180,263],[48,55,136],[18,125,249],[18,113,183],[10,80,271],[13,90,274],[15,83,271],[65,222,272],[3,44,120],
[1,109,185],[2,47,106],[44,167,186],[109,140,239],[122,159,241],[47,174,204],[202,248,259],[55,213,295],[5,168,248],[52,155,227],
[85,120,221],[116,154,175],[29,122,256],[126,150,176],[69,175,300],[68,85,298],[67,209,297],[33,156,174],[28,101,214],[9,171,232],
[79,169,257],[86,159,167],[38,94,225],[34,87,255],[18,28,236],[26,115,236],[24,98,240],[32,87,277],[93,172,292],[86,173,247],
[42,127,286],[11,125,260],[124,142,289],[12,175,294],[12,236,251],[108,124,288],[12,127,291],[5,89,296],[37,143,218],[50,74,177],
[32,170,249],[33,166,247],[9,77,272],[9,151,195],[7,165,250],[30,192,234],[39,118,254],[9,225,263],[9,46,290],[7,187,236],
[30,94,236],[39,191,240],[130,151,280],[58,86,282],[7,103,151],[6,28,260],[6,26,286],[5,24,233],[29,57,129],[29,32,163],
[22,35,90],[14,21,37],[20,59,87],[16,19,71],[85,91,253],[40,189,238],[38,148,173],[9,125,278],[98,169,229],[36,118,147],
[17,57,223],[55,78,227],[44,66,118],[22,45,65],[64,88,165],[133,179,215],[22,210,242],[77,166,279],[21,215,264],[20,214,217],
[19,177,268],[27,175,192],[113,173,222],[125,147,172],[67,170,272],[67,168,277],[69,166,229],[98,102,254],[51,54,277],[51,101,272],
[48,53,281],[18,194,250],[15,150,226],[104,145,203],[13,119,192],[55,204,260],[43,205,286],[57,140,233],[72,177,240],[47,253,269],
[78,129,263],[102,127,153],[117,125,152],[124,157,194],[158,167,228],[44,262,265],[111,269,282],[65,267,270],[66,265,288],[63,243,263],
[201,239,261],[38,71,293],[11,15,290],[16,42,290],[10,50,287],[80,162,299],[112,242,273],[72,242,278],[114,230,269],[3,101,146],
[76,144,156],[1,143,194],[1,142,228],[2,102,141],[191,198,256],[189,199,283],[187,198,221],[84,139,292],[84,138,297],[81,137,283],
[11,71,245],[99,154,291],[26,54,264],[49,107,285],[31,38,262],[88,178,209],[36,87,248],[8,34,221],[3,34,154],[35,89,256],
[31,95,130],[109,124,130],[5,43,216],[32,55,243],[6,45,130],[94,95,176],[97,126,187],[107,114,124],[23,56,229],[58,79,222],
[11,68,135],[99,206,255],[100,245,253],[99,155,251],[142,184,245],[59,90,243],[91,137,241],[23,89,239],[93,139,237],[97,235,280],
[100,221,289],[25,203,300],[27,202,298],[26,205,297],[68,138,286],[8,142,285],[8,59,283],[70,91,282],[23,160,280],[13,93,278],
[97,256,286],[64,136,234],[47,249,275],[72,183,233],[44,259,271],[65,159,231],[44,179,230],[44,200,221],[88,116,288],[14,234,295],
[116,231,257],[70,140,248],[1,118,155],[36,221,224],[36,154,226],[68,145,256],[75,117,176],[14,116,174],[25,114,171],[27,113,169],
[26,112,167],[20,158,227],[21,157,225],[4,156,223],[69,111,255],[12,111,196],[109,160,285],[108,135,268],[32,107,228],[17,180,292],
[106,202,247],[66,134,286],[65,110,260],[64,182,289],[100,137,182],[89,99,246],[97,134,139],[95,110,138],[11,93,189],[42,92,191],
[50,91,148],[122,160,249],[120,162,247],[9,203,231],[7,197,260],[30,184,286],[39,199,233],[9,90,252],[30,89,290],[130,173,220],
[136,216,238],[78,88,268],[88,240,243],[7,77,289],[1,28,237],[1,26,231],[2,24,241],[20,29,295],[29,48,239],[35,46,273],
[71,85,283],[72,108,180],[53,107,173],[126,224,276],[84,188,260],[84,190,286],[81,147,233],[174,200,228],[118,173,267],[123,125,226],
[81,107,300],[85,173,188],[19,100,232],[46,99,257],[21,97,159],[66,187,188],[65,94,190],[64,147,191],[34,161,208],[64,98,189],
[14,113,252],[28,68,284],[26,69,261],[24,36,293],[19,195,203],[102,110,179],[135,149,194],[52,152,254],[10,60,277],[56,73,284],
[57,71,261],[49,70,242],[31,69,215],[49,68,217],[67,82,177],[37,161,263],[25,163,240],[89,151,156],[58,111,137],[8,158,169],
[22,56,276],[3,157,171],[45,203,289],[76,105,258],[6,40,102],[6,39,117],[5,38,194],[71,135,141],[14,91,106],[45,77,209],
[9,64,133],[40,41,146],[17,39,179],[9,81,112],[99,106,229],[45,146,185],[47,64,241],[17,44,264],[53,112,169],[27,54,205],
[75,90,165],[74,80,234],[73,118,154],[210,227,273],[66,86,131],[65,130,172],[20,144,240],[143,167,291],[46,121,266],[212,225,278],
[35,105,243],[81,104,216],[34,103,270],[4,140,215],[4,193,236],[62,78,182],[4,170,242],[142,156,250],[40,201,229],[148,223,284],
[79,202,237],[17,176,238],[23,162,245],[6,80,232],[6,90,257],[5,83,159],[57,68,117],[32,82,109],[43,90,150],[37,55,228],
[43,59,194],[54,114,151],[53,146,286],[144,161,295],[11,143,274],[42,142,271],[50,141,276],[120,232,237],[100,115,300],[97,163,297],
[13,61,272],[16,50,299],[2,31,300],[6,8,298],[3,6,300],[78,81,172],[19,146,153],[46,96,223],[19,141,196],[87,132,227],
[44,194,205],[66,195,277],[69,152,281],[97,164,194],[22,93,218],[21,143,180],[20,142,181],[17,103,287],[61,119,161],[60,103,162],
[64,121,281],[105,123,275],[23,195,257],[74,105,160],[66,207,210],[64,176,211],[1,22,108],[61,80,145],[59,83,224],[37,82,226],
[43,89,202],[36,55,161],[36,43,162],[114,197,259],[11,59,170],[37,42,168],[50,61,166],[53,71,298],[11,14,299],[42,87,299],
[10,181,213],[113,185,287],[3,238,246],[10,67,136],[13,67,88],[15,69,220],[16,82,274],[16,68,247],[2,25,248],[3,37,256],
[159,208,252],[48,78,144],[12,66,153],[8,45,116],[135,144,205],[45,124,164],[160,221,275],[67,211,292],[24,140,283],[100,108,193],
[78,83,184],[112,127,138],[72,125,139],[84,176,194],[84,126,228],[81,102,210],[114,125,298],[70,82,299],[83,160,299],[43,263,294],
[35,117,212],[91,222,232],[92,142,187],[10,84,279],[30,51,263],[7,51,213],[48,126,267],[7,35,284],[30,81,261],[34,39,293],
[33,123,220],[85,107,275],[60,83,258],[61,82,259],[92,131,297],[4,125,289],[4,225,235],[62,131,280],[4,85,295],[29,36,296],
[26,179,191],[53,54,129],[101,128,148],[30,145,274],[22,40,252],[5,186,224],[24,188,205],[29,190,204],[28,147,203],[76,79,277],
[34,40,296],[5,142,235],[24,92,244],[29,93,235],[28,92,279],[86,104,266],[33,56,288],[33,57,270],[27,32,291],[5,104,177],
[35,49,259],[14,31,276],[49,87,275],[7,24,202],[5,7,161],[30,32,162],[4,61,96],[15,46,73],[40,82,262],[39,83,285],
[93,144,207],[42,100,166],[11,99,123],[97,142,170],[7,80,294],[51,195,222],[48,121,226],[77,89,147],[76,98,137],[8,128,188],
[66,113,273],[67,72,251],[67,112,193],[20,95,109],[4,47,95],[41,63,186],[132,146,217],[4,214,219],[22,173,265],[3,176,269],
[46,128,282],[80,127,188],[83,124,147],[68,123,208],[82,98,167],[57,120,293],[114,173,195],[48,110,229],[13,52,269],[10,149,222],
[56,122,163],[3,129,190],[45,258,274],[105,202,207],[106,128,213],[45,267,285],[112,121,238],[54,85,223],[75,83,185],[74,82,230],
[73,80,106],[110,131,150],[144,255,287],[64,246,291],[47,244,266],[44,236,270],[14,142,287],[37,40,284],[2,148,279],[56,116,296],
[202,219,251],[17,219,294],[162,227,246],[48,96,117],[12,94,150],[4,93,228],[12,92,194],[20,91,261],[8,54,179],[146,155,231],
[144,248,276],[143,197,206],[141,155,199],[30,90,295],[28,137,274],[26,89,271],[24,139,276],[16,60,237],[15,61,231],[14,74,241],
[75,87,239],[31,60,273],[6,42,253],[6,11,255],[63,213,216],[10,19,184],[2,46,138],[19,48,139],[1,107,132],[14,36,249],
[6,44,86],[24,55,178],[7,67,243],[30,67,216],[39,69,270],[49,86,97],[44,93,126],[84,143,144],[47,84,142],[81,141,193],
[61,160,172],[60,70,131],[59,162,213],[23,27,272],[13,74,133],[189,241,262],[50,108,225],[92,138,231],[37,80,216],[39,89,214],
[36,79,212],[9,36,210],[144,235,268],[193,253,264],[87,165,294],[70,154,276],[10,92,273],[9,113,266],[3,143,262],[17,136,205],
[41,88,204],[78,203,220],[109,156,199],[111,159,198],[47,158,197],[132,144,196],[63,112,282],[63,72,280],[65,114,278],[28,204,292],
[112,199,257],[72,198,232],[69,207,283],[12,76,108],[137,184,188],[89,138,250],[137,139,192],[8,107,254],[74,102,126],[28,72,124],
[59,70,229],[69,80,195],[68,90,222],[67,83,121],[118,149,193],[76,134,191],[77,110,189],[64,108,157],[62,133,245],[7,61,228],
[30,60,194],[39,59,261],[116,161,220],[156,158,275],[109,149,258],[159,200,259],[47,150,234],[41,181,297],[53,89,181],[36,52,219],
[36,50,218],[45,149,154],[42,74,144],[40,53,100],[39,99,148],[38,54,97],[113,170,274],[40,163,198],[5,154,259],[29,138,275],
[86,123,183],[65,111,245],[5,22,297],[12,35,206],[4,14,199],[12,87,198],[16,20,197],[7,8,214],[5,10,212],[13,32,210],
[6,15,208],[35,96,251],[17,62,134],[52,60,123],[81,186,289],[26,98,202],[156,171,261],[76,123,281],[83,123,250],[82,166,192],
[79,80,254],[28,61,300],[24,59,297],[31,170,192],[46,53,201],[34,52,257],[34,50,232],[92,109,224],[93,159,226],[47,92,145],
[41,98,227],[46,163,171],[19,169,233],[115,132,167],[17,51,193],[41,51,251],[13,84,281],[16,104,252],[8,126,287],[21,151,260],
[101,133,149],[54,132,200],[99,185,272],[100,230,277],[2,42,261],[18,151,272],[15,105,254],[55,85,129],[43,128,175],[27,233,238],
[36,104,109],[56,66,137],[57,65,89],[27,64,139],[20,58,286],[2,134,208],[1,182,212],[95,233,292],[95,260,283],[23,49,54],
[9,31,75],[49,74,79],[73,82,86],[11,24,150],[16,131,146],[15,172,179],[14,133,225],[26,40,120],[28,39,116],[25,38,122],
[95,118,213],[22,97,263],[95,165,172],[93,94,143],[52,120,222],[50,116,195],[49,122,226],[95,141,152],[96,97,153],[95,143,168],
[66,109,237],[53,56,203],[77,115,138],[18,76,139],[214,251,255],[3,100,267],[174,187,294],[94,135,295],[191,239,285],[34,119,288],
[14,58,216],[28,57,178],[26,56,178],[1,145,215],[1,207,217],[2,177,224],[1,189,244],[1,191,235],[2,211,219],[97,273,281],
[91,161,206],[64,126,209],[25,49,201],[31,59,257],[37,49,232],[24,111,127],[70,75,104],[13,73,113],[7,65,85],[30,66,175],
[29,39,63],[45,61,102],[52,96,275],[61,94,256],[38,93,249],[92,107,248],[40,91,247],[148,179,260],[78,201,206],[47,162,294],
[3,38,252],[1,82,297],[144,150,165],[111,169,284],[72,151,293],[104,106,290],[4,42,179],[3,91,135],[78,105,290],[123,151,259],
[58,166,258],[41,126,240],[4,20,62],[12,21,62],[25,85,250],[26,29,254],[45,68,160],[8,69,115],[35,38,298],[48,209,218],
[51,135,175],[2,43,88],[8,55,63],[3,43,63],[114,115,183],[29,37,292],[70,71,247],[73,160,220],[13,37,249],[22,71,221],
[10,72,97],[13,95,112],[15,100,111],[70,95,114],[97,131,234],[100,133,258],[55,238,289],[43,240,291],[57,173,286],[62,148,189],
[53,62,191],[90,202,209],[17,80,184],[58,112,296],[45,236,288],[73,96,174],[2,176,265],[29,147,238],[32,98,209],[5,147,211],
[18,33,175],[5,14,272],[24,28,252],[19,79,290],[9,79,183],[50,58,233],[41,218,295],[1,83,292],[2,80,283],[2,187,253],
[12,218,264],[52,75,121],[100,102,119],[99,103,117],[21,23,284],[85,140,186],[6,145,190],[35,98,163],[19,23,293],[46,91,296],
[93,132,298],[81,94,267],[35,187,265],[41,84,263],[5,25,289],[33,126,160],[33,85,115],[1,38,133],[18,34,115],[10,103,250],
[22,36,98],[21,51,137],[20,51,89],[43,106,225],[55,116,189],[43,120,191],[57,148,202],[1,44,45],[44,94,140],[96,141,242],
[87,143,269],[1,210,246],[20,166,269],[21,123,287],[35,164,291],[98,127,131],[70,123,171],[160,166,169],[13,79,167],[51,85,174],
[151,162,170],[8,99,265],[58,161,168],[119,120,209],[103,116,211],[122,164,175],[95,278,279],[95,244,282],[29,53,227],[27,115,120],
[18,25,116],[26,93,281],[25,91,277],[161,182,225],[193,203,218],[10,75,132],[92,102,108],[41,108,149],[96,108,198],[94,154,199],
[108,179,237],[42,73,206],[18,107,199],[38,115,198],[98,138,197],[5,50,251],[15,21,184],[12,60,141],[8,25,271],[31,33,47],
[33,49,144],[69,126,130],[32,52,193],[42,81,109],[30,100,191],[30,88,91],[28,146,189],[24,148,225],[80,203,211],[54,62,187],
[41,90,197],[25,27,178],[68,86,176],[8,23,174],[48,94,255],[112,163,183],[66,156,206],[64,155,158],[87,100,157],[44,202,291],
[17,155,200],[104,166,276],[19,62,108],[139,147,184],[54,84,101],[53,81,110],[17,84,213],[56,104,151],[55,103,125],[43,119,127],
[57,58,105],[41,62,110],[12,181,241],[28,50,149],[201,232,257],[63,101,233],[88,102,203],[95,101,107],[23,52,53],[9,52,100],
[50,79,99],[11,47,75],[93,117,155],[32,79,136],[34,108,155],[33,70,176],[18,31,171],[49,115,169],[14,51,162],[51,87,161],
[16,48,160],[6,188,207],[11,35,159],[99,132,259],[45,122,187],[21,121,205],[18,66,148],[18,94,223],[76,103,234],[117,134,146],
[74,96,158],[75,141,157],[60,87,156],[49,168,250],[189,227,293],[83,205,207],[47,68,113],[3,27,274],[22,153,167],[4,180,239],
[20,174,196],[18,124,133],[16,93,185],[84,86,114],[71,142,152],[46,180,193],[52,151,163],[92,133,300],[77,132,278],[84,113,130],
[16,125,130],[20,177,204],[22,129,186],[20,146,253],[193,251,290],[52,71,159],[26,52,200],[3,18,68],[5,9,88],[41,59,221],
[23,39,220],[2,40,131],[39,48,172],[56,173,260],[2,3,12],[31,71,222],[6,16,229],[97,113,160],[10,71,114],[96,142,299],
[44,69,70],[75,136,162],[53,65,115],[181,189,233],[12,97,144],[11,12,146],[25,64,138],[15,86,127],[9,10,124],[7,23,136],
[94,179,300],[22,141,262],[99,105,161],[49,73,195],[82,145,204],[31,140,224],[141,143,299],[71,83,130],[4,8,48],[69,114,144],
[100,104,162],[46,219,225],[34,191,246],[96,118,285],[77,172,185],[127,165,168],[125,170,234],[118,124,152],[71,78,90],[15,37,112],
[16,59,72],[163,180,191],[115,187,196],[62,94,101],[62,132,206],[46,62,155],[10,59,248],[75,142,155],[51,154,221],[48,90,256],
[7,99,189],[28,38,65],[26,66,107],[24,40,63],[74,108,143],[17,37,154],[15,92,230],[117,136,202],[35,134,148],[34,182,189],
[54,63,163],[44,60,117],[74,88,161],[14,61,111],[77,119,165],[16,99,156],[73,143,153],[21,135,223],[146,187,298],[118,128,164],
[191,225,296],[14,99,158],[2,15,70],[1,10,13],[50,73,109],[21,179,255],[19,218,227],[76,133,273],[76,131,230],[19,181,251]];
###############################################################

