#SurfaceInfo: 136 Vertices, 612 Edges, 408 Faces, IsOrientable=false
 #Vertices of faces:
vof1:=[[134,135,136],[133,134,135],[132,135,136],[131,134,136],[128,129,130],[127,128,129],[124,125,126],[121,122,123],[120,124,125],[119,121,122],
[119,121,130],[119,128,130],[123,124,126],[121,123,126],[120,124,127],[120,127,128],[118,121,130],[117,119,128],[116,123,124],[115,120,128],
[114,121,126],[113,124,127],[112,118,121],[111,117,128],[110,115,128],[109,116,124],[108,114,121],[107,113,124],[110,111,128],[107,109,124],
[108,112,121],[106,110,111],[106,108,112],[106,107,109],[105,106,110],[104,106,111],[103,106,107],[103,106,112],[104,106,109],[105,106,108],
[102,103,112],[101,103,107],[100,105,108],[99,104,109],[98,105,110],[97,104,111],[94,95,96],[91,92,93],[88,89,90],[87,88,89],
[86,91,92],[85,94,95],[83,84,129],[81,82,125],[79,80,122],[83,84,103],[79,80,104],[81,82,105],[78,82,125],[77,83,129],
[76,84,129],[75,79,122],[74,80,122],[73,81,125],[72,92,93],[71,89,90],[70,87,88],[69,95,96],[68,86,91],[67,85,94],
[71,81,105],[68,83,103],[69,84,103],[70,79,104],[67,82,105],[72,80,104],[69,101,103],[68,102,103],[72,97,104],[67,98,105],
[70,99,104],[71,100,105],[66,129,130],[65,125,126],[64,127,129],[63,122,123],[62,119,122],[61,120,125],[58,59,60],[55,56,57],
[52,53,54],[51,66,92],[50,65,88],[49,63,89],[48,61,95],[47,64,94],[46,62,91],[51,54,92],[50,53,88],[49,57,89],
[48,60,95],[46,59,91],[47,56,94],[49,63,123],[46,62,119],[51,66,130],[50,65,126],[48,61,120],[47,64,127],[55,56,94],
[52,53,88],[52,54,92],[55,57,89],[58,59,91],[58,60,95],[66,77,129],[63,75,122],[61,78,125],[65,73,125],[64,76,129],
[62,74,122],[45,68,102],[44,71,100],[43,70,99],[42,72,97],[41,67,98],[40,69,101],[39,70,79],[38,69,84],[37,68,83],
[36,72,80],[35,71,81],[34,67,82],[66,72,92],[63,71,89],[65,70,88],[61,69,95],[62,68,91],[64,67,94],[46,57,59],
[48,53,60],[49,57,59],[51,54,56],[47,54,56],[50,53,60],[33,56,57],[32,53,54],[31,59,60],[90,118,130],[96,116,123],
[85,117,119],[93,115,120],[87,113,127],[86,114,126],[30,94,96],[29,88,90],[28,91,93],[27,86,92],[26,87,89],[25,85,95],
[30,72,93],[28,71,90],[29,69,96],[26,68,86],[25,70,87],[27,67,85],[38,57,84],[37,53,83],[39,56,79],[36,60,80],
[34,59,82],[35,54,81],[75,77,78],[73,74,76],[28,90,118],[30,93,115],[29,96,116],[27,85,117],[26,86,114],[25,87,113],
[31,59,82],[33,57,84],[32,54,81],[32,53,83],[31,60,80],[33,56,79],[66,77,78],[63,75,77],[65,73,76],[61,75,78],
[62,73,74],[64,74,76],[36,50,60],[39,51,56],[35,47,54],[38,46,57],[34,49,59],[37,48,53],[28,44,71],[30,42,72],
[29,40,69],[26,45,68],[27,41,67],[25,43,70],[30,55,94],[29,52,88],[27,52,92],[28,58,91],[25,58,95],[26,55,89],
[36,66,72],[35,63,71],[39,65,70],[38,61,69],[34,64,67],[37,62,68],[24,29,90],[23,30,96],[22,25,85],[21,28,93],
[20,27,86],[19,26,87],[18,90,130],[17,96,123],[16,85,119],[15,93,120],[14,86,126],[13,87,127],[18,51,130],[17,49,123],
[16,46,119],[15,48,120],[13,47,127],[14,50,126],[12,19,21],[11,22,24],[10,19,21],[9,20,23],[8,20,23],[7,22,24],
[9,23,30],[12,21,28],[10,19,26],[11,24,29],[8,20,27],[7,22,25],[49,97,111],[51,101,107],[47,102,112],[50,98,110],
[46,99,109],[48,100,108],[19,78,82],[22,77,83],[21,76,84],[20,75,79],[23,73,81],[24,74,80],[12,19,78],[11,22,77],
[10,21,76],[9,20,75],[7,24,74],[8,23,73],[17,49,111],[14,50,110],[16,46,109],[13,47,112],[15,48,108],[18,51,107],
[36,50,98],[39,51,101],[35,47,102],[38,46,99],[37,48,100],[34,49,97],[24,31,80],[19,31,82],[22,32,83],[21,33,84],
[20,33,79],[23,32,81],[18,24,90],[17,23,96],[16,22,85],[15,21,93],[13,19,87],[14,20,86],[9,30,42],[12,28,44],
[11,29,40],[10,26,45],[7,25,43],[8,27,41],[29,52,116],[27,52,117],[28,58,118],[25,58,113],[26,55,114],[30,55,115],
[6,66,78],[5,63,77],[4,65,76],[3,61,75],[2,64,74],[1,62,73],[6,36,66],[5,35,63],[4,39,65],[3,38,61],
[1,37,62],[2,34,64],[12,111,117],[10,109,116],[9,107,113],[7,110,115],[8,112,118],[11,108,114],[36,45,102],[39,44,100],
[35,43,99],[38,41,98],[37,42,97],[34,40,101],[6,36,102],[4,39,100],[5,35,99],[3,38,98],[2,34,101],[1,37,97],
[10,45,116],[12,44,117],[8,41,118],[9,42,113],[7,43,115],[11,40,114],[36,45,98],[39,44,101],[35,43,102],[38,41,99],
[34,40,97],[37,42,100],[12,17,111],[10,16,109],[9,18,107],[7,14,110],[11,15,108],[8,13,112],[6,12,78],[5,11,77],
[4,10,76],[3,9,75],[1,8,73],[2,7,74],[18,24,31],[14,20,33],[15,21,33],[17,23,32],[13,19,31],[16,22,32],
[52,116,133],[52,117,133],[58,118,132],[58,113,132],[55,115,131],[55,114,131],[3,9,18],[2,7,14],[5,11,15],[4,10,16],
[1,8,13],[6,12,17],[3,45,98],[2,44,101],[5,41,99],[4,42,100],[1,40,97],[6,43,102],[45,116,133],[44,117,133],
[41,118,132],[42,113,132],[40,114,131],[43,115,131],[18,31,134],[13,31,134],[14,33,135],[15,33,135],[16,32,136],[17,32,136],
[3,18,134],[2,14,135],[5,15,135],[4,16,136],[6,17,136],[1,13,134],[3,45,133],[2,44,133],[5,41,132],[4,42,132],
[6,43,131],[1,40,131],[3,133,134],[2,133,135],[5,132,135],[4,132,136],[1,131,134],[6,131,136]];
###############################################################

#SurfaceInfo: 72 Vertices, 612 Edges, 408 Faces, IsOrientable=false
 #Vertices of faces:
vof2:=[[70,71,72],[69,70,71],[68,70,72],[67,71,72],[64,65,66],[63,64,65],[61,62,64],[60,61,65],[59,61,64],[58,61,65],
[58,65,67],[65,66,67],[61,62,68],[60,61,68],[59,64,69],[63,64,69],[57,58,67],[56,66,67],[55,62,68],[54,63,69],
[53,60,68],[52,59,69],[51,57,67],[50,56,67],[50,54,69],[49,55,68],[51,53,68],[49,52,69],[50,54,56],[49,52,55],
[51,53,57],[48,54,56],[47,53,57],[46,52,55],[48,56,57],[48,52,54],[46,53,55],[47,53,55],[46,52,54],[47,56,57],
[45,47,55],[44,46,53],[43,47,56],[42,46,54],[41,48,57],[40,48,52],[38,39,51],[36,37,49],[34,35,50],[33,34,50],
[32,36,49],[31,38,51],[29,30,34],[27,28,36],[25,26,38],[24,29,30],[23,25,26],[22,27,28],[21,27,36],[20,30,34],
[19,29,34],[18,26,38],[17,25,38],[16,28,36],[15,37,49],[14,35,50],[13,33,50],[12,39,51],[11,32,49],[10,31,51],
[22,27,43],[24,29,45],[24,30,44],[23,25,42],[22,28,41],[23,26,40],[30,44,46],[29,45,47],[26,40,48],[28,41,48],
[25,42,46],[27,43,47],[20,64,66],[16,62,64],[19,63,65],[18,60,65],[17,58,61],[21,59,61],[8,9,61],[6,7,65],
[4,5,64],[3,15,64],[2,13,64],[1,14,65],[2,12,61],[3,10,65],[1,11,61],[3,42,64],[2,40,64],[1,41,65],
[2,45,61],[1,44,61],[3,43,65],[14,18,65],[11,17,61],[15,20,64],[13,16,64],[12,21,61],[10,19,65],[6,43,65],
[4,40,64],[5,42,64],[7,41,65],[8,44,61],[9,45,61],[20,30,66],[18,26,60],[21,27,59],[16,28,62],[19,29,63],
[17,25,58],[29,47,60],[27,47,58],[25,46,59],[26,48,63],[28,48,66],[30,46,62],[2,23,42],[2,24,44],[1,24,45],
[3,23,40],[1,22,43],[3,22,41],[3,15,37],[1,14,35],[2,13,33],[2,12,39],[1,11,32],[3,10,31],[1,44,72],
[2,45,70],[1,41,72],[3,42,71],[3,43,71],[2,40,70],[2,6,7],[1,4,5],[3,8,9],[44,57,58],[40,55,62],
[42,56,66],[43,54,63],[45,52,59],[41,53,60],[6,38,39],[4,34,35],[8,36,37],[5,32,36],[7,33,34],[9,31,38],
[15,49,63],[14,50,58],[12,51,62],[11,49,60],[13,50,59],[10,51,66],[2,44,54],[1,45,56],[2,42,53],[3,40,57],
[3,41,52],[1,43,55],[59,60,66],[58,62,63],[14,44,58],[15,43,63],[12,40,62],[10,42,66],[11,41,60],[13,45,59],
[3,9,52],[2,6,54],[1,4,55],[1,5,56],[3,8,57],[2,7,53],[30,60,66],[26,59,60],[28,58,62],[27,59,66],
[25,58,63],[29,62,63],[40,57,70],[42,53,71],[43,55,71],[44,54,72],[41,52,72],[45,56,70],[47,50,58],[48,49,63],
[46,51,62],[47,49,60],[48,51,66],[46,50,59],[6,39,43],[4,35,40],[5,32,42],[8,37,44],[9,31,45],[7,33,41],
[3,23,37],[1,22,35],[2,23,33],[2,24,39],[3,22,31],[1,24,32],[4,15,34],[6,14,38],[9,11,38],[8,12,36],
[5,13,36],[7,10,34],[15,44,57],[14,40,55],[11,42,56],[12,43,54],[13,41,53],[10,45,52],[15,20,44],[14,18,40],
[11,17,42],[12,21,43],[10,19,45],[13,16,41],[23,36,47],[22,34,46],[23,34,47],[24,38,48],[24,36,48],[22,38,46],
[14,38,48],[12,36,47],[10,34,47],[15,34,46],[13,36,48],[11,38,46],[30,40,52],[27,44,53],[25,45,55],[29,41,57],
[28,42,54],[26,43,56],[9,21,36],[5,20,34],[6,19,34],[7,18,38],[4,16,36],[8,17,38],[9,23,36],[5,22,34],
[6,23,34],[7,24,38],[8,22,38],[4,24,36],[18,30,40],[16,29,41],[17,28,42],[19,25,45],[21,26,43],[20,27,44],
[29,57,70],[27,53,71],[25,55,71],[28,54,72],[26,56,70],[30,52,72],[8,17,57],[9,21,52],[5,20,56],[6,19,54],
[7,18,53],[4,16,55],[4,15,57],[6,14,55],[9,11,56],[8,12,54],[7,10,52],[5,13,53],[14,48,49],[12,47,50],
[15,46,51],[10,47,49],[11,46,50],[13,48,51],[12,35,40],[10,32,42],[14,37,44],[13,31,45],[11,33,41],[15,39,43],
[23,30,60],[22,26,59],[23,28,58],[24,27,66],[22,29,62],[24,25,63],[23,37,60],[22,35,59],[23,33,58],[24,39,66],
[24,32,63],[22,31,62],[18,50,67],[17,49,68],[20,49,69],[16,50,69],[19,51,67],[21,51,68],[29,39,60],[27,31,58],
[25,37,59],[28,35,66],[26,33,63],[30,32,62],[37,39,60],[31,33,58],[35,37,59],[35,39,66],[31,32,62],[32,33,63],
[10,17,49],[12,18,50],[13,19,51],[14,20,49],[11,16,50],[15,21,51],[29,39,70],[27,31,71],[25,37,71],[28,35,72],
[30,32,72],[26,33,70],[18,30,67],[17,28,68],[20,27,69],[16,29,69],[21,26,68],[19,25,67],[9,23,30],[5,22,26],
[6,23,28],[7,24,27],[4,24,25],[8,22,29],[4,17,57],[5,18,53],[8,19,54],[6,16,55],[7,21,52],[9,20,56],
[10,12,35],[10,12,32],[13,14,37],[13,14,31],[11,15,39],[11,15,33],[7,27,69],[8,29,69],[5,26,68],[6,28,68],
[4,25,67],[9,30,67],[35,39,70],[31,32,71],[35,37,72],[31,33,70],[32,33,72],[37,39,71],[10,17,35],[12,18,32],
[13,19,37],[14,20,31],[15,21,33],[11,16,39],[4,7,17],[4,7,21],[5,8,18],[5,8,19],[6,9,20],[6,9,16],
[7,17,69],[8,18,69],[5,19,68],[6,20,68],[9,16,67],[4,21,67],[17,35,70],[18,32,71],[19,37,72],[20,31,70],
[16,39,71],[21,33,72],[17,69,70],[18,69,71],[19,68,72],[20,68,70],[21,67,72],[16,67,71]];
###############################################################

#SurfaceInfo: 110 Vertices, 660 Edges, 440 Faces, IsOrientable=true
 #Vertices of faces:
vof3:=[[108,109,110],[107,108,109],[106,109,110],[105,108,110],[102,103,104],[99,100,101],[96,97,98],[93,94,95],[90,91,92],[87,88,89],
[85,86,88],[84,85,87],[82,83,100],[80,81,101],[78,79,99],[77,80,81],[76,78,79],[75,82,83],[85,87,88],[74,76,97],
[73,77,95],[72,75,98],[71,76,92],[70,75,94],[69,77,91],[66,67,68],[64,65,67],[62,63,67],[60,61,67],[58,59,67],
[56,57,67],[55,85,86],[54,88,89],[53,86,88],[52,87,89],[51,84,85],[50,84,87],[55,77,80],[53,76,78],[51,75,82],
[54,75,83],[52,77,81],[50,76,79],[53,63,88],[54,64,88],[51,65,85],[50,62,87],[52,66,87],[55,68,85],[55,80,86],
[53,78,86],[50,79,84],[52,81,89],[54,83,89],[51,82,84],[56,64,67],[60,65,67],[61,62,67],[58,63,67],[57,66,67],
[59,67,68],[53,76,97],[52,77,91],[55,77,95],[50,76,92],[54,75,98],[51,75,94],[47,48,49],[44,45,46],[41,42,43],
[39,40,76],[37,38,77],[35,36,75],[34,48,61],[33,45,59],[32,42,56],[31,43,60],[30,49,58],[29,46,57],[56,57,93],
[58,59,90],[60,61,96],[74,81,97],[70,78,94],[69,82,91],[72,80,98],[71,83,92],[73,79,95],[30,74,76],[32,72,75],
[34,71,76],[33,73,77],[29,69,77],[31,70,75],[48,83,100],[46,82,100],[45,79,99],[42,80,101],[49,81,101],[43,78,99],
[26,27,28],[23,24,25],[24,74,93],[25,70,90],[23,69,96],[27,73,96],[26,71,93],[28,72,90],[29,30,31],[32,33,34],
[23,24,74],[24,25,70],[23,25,69],[26,27,73],[27,28,72],[26,28,71],[24,45,79],[25,48,83],[23,42,80],[27,49,81],
[28,46,82],[26,43,78],[74,81,93],[70,78,90],[69,82,96],[73,79,96],[72,80,90],[71,83,93],[29,30,74],[33,34,73],
[32,33,72],[32,34,71],[30,31,70],[29,31,69],[24,56,93],[25,59,90],[23,61,96],[27,60,96],[28,58,90],[26,57,93],
[42,56,101],[48,61,100],[45,59,99],[43,60,99],[49,58,101],[46,57,100],[30,39,76],[31,35,75],[34,40,76],[32,36,75],
[33,37,77],[29,38,77],[34,47,48],[33,44,45],[32,41,42],[31,41,43],[29,44,46],[30,47,49],[80,86,98],[78,86,94],
[81,89,97],[82,84,91],[79,84,95],[83,89,92],[22,52,91],[21,55,95],[20,54,98],[19,50,92],[18,51,94],[17,53,97],
[54,56,64],[51,60,65],[50,61,62],[53,58,63],[55,59,68],[52,57,66],[19,22,103],[18,21,104],[17,20,102],[15,16,88],
[13,14,85],[11,12,87],[22,32,56],[18,34,61],[17,33,59],[20,29,57],[19,31,60],[21,30,58],[10,93,94],[9,90,91],
[8,96,97],[7,96,98],[6,93,95],[5,90,92],[39,66,87],[35,63,88],[40,64,88],[36,68,85],[37,62,87],[38,65,85],
[15,40,88],[16,35,88],[13,36,85],[14,38,85],[11,39,87],[12,37,87],[22,56,103],[17,59,102],[18,61,104],[19,60,103],
[20,57,102],[21,58,104],[4,24,70],[3,28,71],[4,26,73],[2,27,72],[2,23,74],[3,25,69],[21,30,95],[22,32,91],
[19,31,92],[18,34,94],[17,33,97],[20,29,98],[7,86,98],[5,89,92],[10,86,94],[8,89,97],[9,84,91],[6,84,95],
[30,39,66],[32,36,68],[31,35,63],[34,40,64],[33,37,62],[29,38,65],[10,81,93],[9,78,90],[8,82,96],[7,79,96],
[6,83,93],[5,80,90],[55,59,99],[52,57,100],[54,56,101],[51,60,99],[50,61,100],[53,58,101],[30,47,70],[32,41,71],
[34,47,73],[33,44,72],[31,41,69],[29,44,74],[24,45,56],[25,48,59],[23,42,61],[27,49,60],[26,43,57],[28,46,58],
[13,14,47],[11,12,41],[15,16,44],[2,66,68],[4,62,63],[3,64,65],[89,102,103],[86,102,104],[84,103,104],[99,100,107],
[99,101,105],[100,101,106],[22,47,52],[21,41,55],[20,47,54],[19,44,50],[17,41,53],[18,44,51],[16,27,81],[14,26,78],
[11,28,82],[13,24,79],[12,25,83],[15,23,80],[12,41,55],[14,47,52],[13,47,54],[15,44,50],[16,44,51],[11,41,53],
[4,26,63],[2,23,68],[2,27,66],[4,24,62],[3,25,64],[3,28,65],[22,47,70],[21,41,71],[20,47,73],[19,44,72],
[18,44,74],[17,41,69],[55,99,107],[52,100,107],[54,101,105],[51,99,105],[53,101,106],[50,100,106],[10,16,81],[9,14,78],
[8,11,82],[7,13,79],[5,15,80],[6,12,83],[8,89,103],[10,86,102],[9,84,104],[6,84,103],[7,86,104],[5,89,102],
[15,23,40],[16,27,35],[13,24,36],[14,26,38],[12,25,37],[11,28,39],[30,66,95],[32,68,91],[31,63,92],[34,64,94],
[29,65,98],[33,62,97],[45,56,103],[48,59,102],[42,61,104],[49,60,103],[46,58,104],[43,57,102],[1,45,46],[1,48,49],
[1,42,43],[1,39,40],[1,35,36],[1,37,38],[94,95,108],[91,92,109],[97,98,110],[3,16,69],[2,14,74],[4,11,70],
[3,13,71],[4,15,73],[2,12,72],[1,40,45],[1,36,48],[1,37,42],[1,38,49],[1,39,43],[1,35,46],[66,95,108],
[68,91,109],[62,97,110],[65,98,110],[63,92,109],[64,94,108],[3,10,16],[2,9,14],[4,8,11],[3,7,13],[2,6,12],
[4,5,15],[12,19,72],[14,18,74],[11,22,70],[13,21,71],[15,20,73],[16,17,69],[27,35,66],[23,40,68],[24,36,62],
[26,38,63],[28,39,65],[25,37,64],[8,45,103],[10,48,102],[9,42,104],[6,49,103],[5,43,102],[7,46,104],[12,55,107],
[14,52,107],[15,50,106],[13,54,105],[11,53,106],[16,51,105],[3,19,22],[2,17,20],[4,18,21],[3,7,19],[4,8,18],
[3,10,22],[2,9,17],[4,5,21],[2,6,20],[35,66,108],[40,68,109],[36,62,110],[37,64,108],[39,65,110],[38,63,109],
[12,19,107],[14,18,107],[11,22,106],[16,17,105],[13,21,105],[15,20,106],[7,35,46],[8,40,45],[10,36,48],[9,37,42],
[5,39,43],[6,38,49],[7,35,108],[8,40,109],[10,36,110],[9,37,108],[6,38,109],[5,39,110],[7,19,107],[8,18,107],
[10,22,106],[9,17,105],[6,20,106],[5,21,105],[7,107,108],[8,107,109],[10,106,110],[9,105,108],[5,105,110],[6,106,109]];
###############################################################

#SurfaceInfo: 132 Vertices, 660 Edges, 440 Faces, IsOrientable=true
 #Vertices of faces:
vof4:=[[130,131,132],[129,130,131],[128,130,132],[127,131,132],[124,125,126],[121,122,123],[119,120,125],[117,118,126],[115,116,124],[112,113,114],
[110,111,113],[109,110,112],[106,107,108],[103,104,105],[100,101,102],[103,104,113],[100,101,110],[106,107,112],[110,112,113],[97,98,99],
[94,95,96],[91,92,93],[88,89,90],[85,86,87],[82,83,84],[79,80,81],[76,77,78],[73,74,75],[74,78,109],[75,81,111],
[77,80,114],[93,111,113],[90,112,114],[87,110,111],[99,113,114],[84,109,112],[96,109,110],[95,103,113],[98,100,110],[86,106,112],
[92,107,112],[83,104,113],[89,101,110],[72,87,111],[71,90,114],[70,84,109],[69,96,109],[68,99,114],[67,93,111],[93,95,113],
[87,98,110],[89,96,110],[83,99,113],[90,92,112],[84,86,112],[76,77,114],[76,78,109],[73,74,109],[73,75,111],[79,80,114],
[79,81,111],[97,98,100],[82,83,104],[94,95,103],[88,89,101],[91,92,107],[85,86,106],[64,65,66],[61,62,63],[58,59,60],
[57,59,63],[56,60,65],[55,62,66],[54,64,106],[53,61,100],[52,58,104],[51,58,101],[50,64,103],[49,61,107],[77,80,102],
[75,81,108],[74,78,105],[48,98,99],[47,86,87],[46,83,84],[45,92,93],[44,89,90],[43,95,96],[63,97,99],[62,91,93],
[59,88,90],[65,94,96],[60,82,84],[66,85,87],[69,106,108],[68,107,108],[67,100,102],[71,104,105],[72,103,105],[70,101,102],
[40,41,42],[37,38,39],[38,48,80],[37,47,75],[39,46,78],[41,43,74],[42,44,77],[40,45,81],[82,85,97],[88,91,94],
[37,38,80],[37,39,75],[38,39,78],[40,41,74],[40,42,81],[41,42,77],[36,67,102],[35,69,108],[34,71,105],[33,72,105],
[32,68,108],[31,70,102],[38,48,98],[37,47,86],[39,46,83],[41,43,95],[40,45,92],[42,44,89],[63,85,97],[65,91,94],
[62,88,91],[59,88,94],[66,82,85],[60,82,97],[48,80,102],[47,75,108],[46,78,105],[43,74,105],[45,81,108],[44,77,102],
[52,71,104],[54,69,106],[53,67,100],[51,70,101],[50,72,103],[49,68,107],[57,63,99],[55,66,87],[57,59,90],[55,62,93],
[56,65,96],[56,60,84],[54,64,65],[53,61,62],[52,58,59],[51,58,60],[49,61,63],[50,64,66],[45,93,95],[47,87,98],
[48,83,99],[46,84,86],[43,89,96],[44,90,92],[30,82,104],[29,94,103],[28,91,107],[27,88,101],[26,85,106],[25,97,100],
[71,76,114],[70,76,109],[69,73,109],[72,73,111],[67,79,111],[68,79,114],[33,36,58],[32,34,64],[31,35,61],[24,26,27],
[23,28,30],[22,25,29],[21,58,104],[20,64,106],[19,61,100],[18,61,107],[17,58,101],[16,64,103],[98,117,126],[86,115,124],
[83,119,125],[95,120,125],[89,118,126],[92,116,124],[29,68,99],[27,72,87],[26,71,90],[30,67,93],[25,69,96],[28,70,84],
[24,26,71],[24,27,72],[23,30,67],[23,28,70],[22,29,68],[22,25,69],[21,36,58],[19,35,61],[20,34,64],[17,33,58],
[18,31,61],[16,32,64],[15,39,75],[14,41,77],[13,40,74],[12,42,81],[11,37,80],[10,38,78],[16,29,103],[21,30,104],
[17,27,101],[20,26,106],[19,25,100],[18,28,107],[45,95,125],[44,92,124],[47,98,126],[48,83,125],[46,86,124],[43,89,126],
[29,57,99],[30,55,93],[27,55,87],[26,57,90],[25,56,96],[28,56,84],[38,98,117],[37,86,115],[39,83,119],[41,95,120],
[42,89,118],[40,92,116],[53,67,79],[49,68,79],[52,71,76],[51,70,76],[54,69,73],[50,72,73],[50,66,82],[52,59,94],
[54,65,91],[53,62,88],[51,60,97],[49,63,85],[36,48,102],[35,47,108],[34,46,105],[33,43,105],[31,44,102],[32,45,108],
[28,30,122],[25,29,121],[26,27,123],[24,80,81],[23,74,75],[22,77,78],[9,124,125],[8,125,126],[7,124,126],[79,121,122],
[76,122,123],[73,121,123],[6,30,82],[5,29,94],[4,28,91],[3,27,88],[2,25,97],[1,26,85],[33,72,117],[31,70,115],
[32,68,119],[36,67,120],[35,69,118],[34,71,116],[5,29,121],[6,30,122],[4,28,122],[3,27,123],[1,26,123],[2,25,121],
[13,23,74],[11,24,80],[12,24,81],[15,23,75],[10,22,78],[14,22,77],[6,50,82],[5,52,94],[4,54,91],[3,53,88],
[1,49,85],[2,51,97],[53,79,121],[49,79,122],[52,76,122],[51,76,123],[50,73,121],[54,73,123],[33,38,117],[31,37,115],
[32,39,119],[36,41,120],[34,40,116],[35,42,118],[9,48,125],[8,47,126],[7,46,124],[7,43,126],[8,45,125],[9,44,124],
[24,71,116],[24,72,117],[23,67,120],[23,70,115],[22,69,118],[22,68,119],[16,29,57],[21,30,55],[17,27,55],[20,26,57],
[18,28,56],[19,25,56],[21,36,48],[19,35,47],[20,34,46],[17,33,43],[16,32,45],[18,31,44],[62,63,129],[65,66,128],
[59,60,127],[9,59,63],[8,62,66],[7,60,65],[57,117,118],[55,115,116],[56,119,120],[2,10,38],[1,11,37],[6,15,39],
[5,14,41],[4,13,40],[3,12,42],[9,63,129],[8,66,128],[7,60,127],[7,65,128],[9,59,127],[8,62,129],[16,57,117],
[21,55,116],[19,56,120],[18,56,119],[17,55,115],[20,57,118],[2,33,38],[1,31,37],[6,32,39],[5,36,41],[3,35,42],
[4,34,40],[3,12,53],[1,11,49],[6,15,50],[5,14,52],[4,13,54],[2,10,51],[12,24,117],[11,24,116],[15,23,120],
[13,23,115],[14,22,119],[10,22,118],[9,21,48],[8,19,47],[7,20,46],[7,17,43],[9,18,44],[8,16,45],[5,53,121],
[6,49,122],[3,54,123],[4,52,122],[2,50,121],[1,51,123],[33,36,130],[31,35,132],[32,34,131],[5,36,130],[6,32,131],
[2,33,130],[1,31,132],[4,34,131],[3,35,132],[12,16,117],[11,21,116],[15,19,120],[10,20,118],[14,18,119],[13,17,115],
[5,12,53],[6,11,49],[2,15,50],[1,10,51],[4,14,52],[3,13,54],[8,16,129],[9,21,129],[8,19,128],[7,20,127],
[9,18,127],[7,17,128],[12,16,129],[11,21,129],[15,19,128],[10,20,127],[13,17,128],[14,18,127],[5,12,130],[6,11,131],
[2,15,130],[1,10,132],[3,13,132],[4,14,131],[12,129,130],[11,129,131],[15,128,130],[10,127,132],[14,127,131],[13,128,132]];
###############################################################

#SurfaceInfo: 132 Vertices, 660 Edges, 440 Faces, IsOrientable=true
 #Vertices of faces:
vof5:=[[130,131,132],[129,130,131],[128,130,132],[127,131,132],[124,125,126],[121,122,123],[119,120,125],[117,118,122],[114,115,116],[112,113,115],
[119,124,125],[112,114,115],[117,121,122],[111,125,126],[110,115,116],[109,113,115],[108,120,125],[107,118,122],[106,122,123],[103,104,105],
[100,101,102],[97,98,99],[94,95,96],[91,92,93],[90,91,92],[89,91,93],[88,92,93],[87,89,91],[86,88,93],[85,89,93],
[84,90,91],[83,88,92],[82,90,92],[84,91,119],[87,91,112],[86,93,124],[83,92,114],[85,93,117],[82,92,121],[81,94,95],
[80,94,96],[79,95,96],[77,78,94],[75,76,96],[73,74,95],[75,77,92],[74,78,91],[73,76,93],[71,72,95],[69,70,96],
[67,68,95],[65,66,96],[63,64,94],[61,62,94],[61,77,94],[63,78,94],[65,75,96],[71,73,95],[69,76,96],[67,74,95],
[64,81,94],[62,80,94],[72,79,95],[70,79,96],[66,80,96],[68,81,95],[78,91,119],[75,92,114],[76,93,124],[73,93,117],
[77,92,121],[74,91,112],[60,112,114],[59,119,124],[58,117,121],[103,104,125],[103,105,122],[104,105,115],[81,110,116],[80,109,113],
[79,108,120],[80,107,118],[81,111,126],[79,106,123],[56,57,81],[54,55,80],[52,53,79],[51,100,101],[50,100,102],[49,101,102],
[48,97,98],[47,97,99],[46,98,99],[45,65,67],[44,63,69],[43,61,71],[42,108,125],[41,111,125],[40,107,122],[39,106,122],
[38,110,115],[37,109,115],[65,66,100],[71,72,102],[69,70,98],[67,68,99],[61,62,97],[63,64,101],[85,100,117],[84,102,119],
[87,97,112],[86,99,124],[82,98,121],[83,101,114],[40,64,107],[41,62,111],[38,72,110],[42,66,108],[37,70,109],[39,68,106],
[59,102,119],[58,100,117],[60,97,112],[59,99,124],[60,101,114],[58,98,121],[51,85,100],[50,84,102],[49,83,101],[48,87,97],
[46,82,98],[47,86,99],[44,63,101],[43,71,102],[43,61,97],[45,65,100],[45,67,99],[44,69,98],[51,64,101],[50,66,100],
[49,72,102],[48,70,98],[46,68,99],[47,62,97],[56,81,110],[54,80,109],[52,79,108],[53,79,106],[55,80,107],[57,81,111],
[38,104,115],[42,103,125],[41,104,125],[40,105,122],[37,105,115],[39,103,122],[64,81,116],[62,80,113],[72,79,120],[70,79,123],
[68,81,126],[66,80,118],[69,76,124],[65,75,114],[67,74,112],[71,73,117],[61,77,121],[63,78,119],[36,50,110],[35,46,109],
[34,51,108],[33,49,107],[32,47,106],[31,48,111],[30,124,126],[29,121,123],[28,119,120],[27,112,113],[26,117,118],[25,114,116],
[24,51,126],[23,48,120],[22,49,123],[21,47,118],[20,46,116],[19,50,113],[17,18,42],[15,16,38],[13,14,41],[11,12,40],
[9,10,39],[7,8,37],[12,14,45],[10,16,44],[8,18,43],[24,30,126],[20,25,116],[22,29,123],[23,28,120],[19,27,113],
[21,26,118],[15,16,44],[13,14,45],[11,12,45],[7,8,43],[17,18,43],[9,10,44],[30,69,124],[29,61,121],[26,71,117],
[28,63,119],[25,65,114],[27,67,112],[10,39,103],[12,40,105],[8,37,105],[16,38,104],[18,42,103],[14,41,104],[50,56,110],
[46,54,109],[51,52,108],[48,57,111],[49,55,107],[47,53,106],[46,82,116],[50,84,113],[51,85,126],[48,87,120],[47,86,118],
[49,83,123],[34,51,64],[36,50,66],[33,49,72],[32,47,62],[31,48,70],[35,46,68],[44,58,98],[45,58,100],[43,60,97],
[45,59,99],[43,59,102],[44,60,101],[40,64,116],[41,62,113],[39,68,126],[38,72,120],[42,66,118],[37,70,123],[18,19,50],
[10,20,46],[12,24,51],[8,23,48],[16,22,49],[14,21,47],[9,27,39],[13,29,41],[17,25,42],[15,26,38],[11,28,40],
[7,30,37],[8,18,88],[10,16,89],[12,14,90],[30,36,110],[27,33,107],[29,34,108],[28,32,106],[25,31,111],[26,35,109],
[77,78,103],[73,74,105],[75,76,104],[6,64,107],[5,66,108],[4,72,110],[3,68,106],[2,62,111],[1,70,109],[7,9,13],
[11,15,17],[6,27,107],[4,30,110],[5,29,108],[2,25,111],[1,26,109],[3,28,106],[9,13,27],[11,17,25],[15,17,26],
[11,15,28],[7,9,30],[7,13,29],[10,20,89],[8,23,88],[16,22,89],[12,24,90],[14,21,90],[18,19,88],[30,36,69],
[29,34,61],[26,35,71],[28,32,63],[27,33,67],[25,31,65],[6,34,64],[1,31,70],[5,36,66],[4,33,72],[3,35,68],
[2,32,62],[18,50,56],[10,46,54],[12,51,52],[8,48,57],[14,47,53],[16,49,55],[18,77,103],[10,78,103],[12,74,105],
[14,75,104],[16,76,104],[8,73,105],[23,28,40],[22,29,41],[19,27,39],[20,25,42],[21,26,38],[24,30,37],[40,82,116],
[41,84,113],[39,85,126],[38,87,120],[37,83,123],[42,86,118],[15,44,58],[17,43,60],[13,45,58],[11,45,59],[9,44,60],
[7,43,59],[52,53,60],[56,57,58],[54,55,59],[63,69,129],[61,71,128],[65,67,127],[34,87,89],[33,86,88],[31,85,89],
[35,84,90],[36,82,90],[32,83,88],[36,69,129],[34,61,128],[35,71,128],[31,65,127],[33,67,127],[32,63,129],[13,57,58],
[9,53,60],[7,54,59],[11,55,59],[15,56,58],[17,52,60],[6,34,87],[5,36,82],[3,35,84],[2,32,83],[4,33,86],
[1,31,85],[21,36,90],[20,34,89],[23,33,88],[22,31,89],[19,32,88],[24,35,90],[23,40,82],[22,41,84],[19,39,85],
[24,37,83],[20,42,86],[21,38,87],[18,56,77],[10,54,78],[12,52,74],[8,57,73],[16,55,76],[14,53,75],[6,13,27],
[4,9,30],[5,7,29],[2,11,25],[3,15,28],[1,17,26],[75,77,132],[73,76,130],[74,78,131],[57,73,130],[53,75,132],
[54,78,131],[56,77,132],[52,74,131],[55,76,130],[21,36,129],[20,34,128],[23,33,127],[22,31,127],[19,32,129],[24,35,128],
[6,21,87],[4,20,86],[5,23,82],[3,22,84],[1,19,85],[2,24,83],[6,13,57],[4,9,53],[5,7,54],[3,15,56],
[1,17,52],[2,11,55],[6,21,129],[4,20,128],[5,23,127],[3,22,127],[2,24,128],[1,19,129],[6,57,130],[4,53,132],
[5,54,131],[3,56,132],[2,55,130],[1,52,131],[6,129,130],[4,128,132],[5,127,131],[3,127,132],[1,129,131],[2,128,130]];
###############################################################

#SurfaceInfo: 110 Vertices, 660 Edges, 440 Faces, IsOrientable=true
 #Vertices of faces:
vof6:=[[108,109,110],[107,108,109],[106,108,110],[105,109,110],[102,103,104],[99,100,101],[96,97,98],[93,94,95],[91,92,94],[89,90,94],
[88,100,103],[86,87,94],[85,97,101],[84,98,104],[82,83,94],[80,81,94],[77,78,79],[75,76,78],[74,75,77],[72,73,85],
[71,73,84],[71,72,88],[69,70,96],[68,70,99],[68,69,102],[65,66,67],[63,64,69],[61,62,69],[58,59,60],[56,57,66],
[53,54,55],[51,52,59],[49,50,54],[47,48,68],[45,46,70],[43,44,70],[41,42,68],[56,65,66],[61,63,69],[49,53,54],
[51,58,59],[41,47,68],[43,45,70],[75,77,78],[71,72,73],[68,69,70],[40,66,67],[39,57,66],[38,50,54],[37,59,60],
[36,41,42],[35,47,48],[34,45,46],[33,52,59],[35,63,64],[34,61,62],[36,43,44],[32,54,55],[88,102,103],[88,99,100],
[85,99,101],[85,96,97],[84,96,98],[86,93,94],[82,94,95],[87,91,94],[80,89,94],[83,90,94],[84,102,104],[81,92,94],
[52,57,72],[34,49,56],[35,51,53],[36,58,65],[50,60,71],[55,67,73],[30,31,92],[29,61,85],[27,28,93],[26,47,84],
[24,25,89],[23,41,85],[21,22,95],[20,43,88],[18,19,91],[17,63,88],[16,45,84],[14,15,90],[13,65,67],[31,64,69],
[12,56,57],[11,49,50],[19,44,70],[25,48,68],[22,62,69],[10,53,55],[28,42,68],[9,58,60],[8,51,52],[15,46,70],
[62,76,78],[48,74,75],[44,77,79],[46,78,79],[42,74,77],[64,75,76],[30,72,85],[27,73,84],[24,73,85],[21,72,88],
[14,71,88],[18,71,84],[12,69,96],[11,70,96],[13,68,99],[8,69,102],[9,70,99],[10,68,102],[59,100,103],[78,82,83],
[54,98,104],[77,86,87],[75,80,81],[66,97,101],[7,13,77],[64,95,100],[6,12,78],[5,11,78],[44,90,103],[48,93,98],
[4,9,77],[62,92,101],[3,8,75],[2,10,75],[42,89,97],[46,91,104],[2,64,75],[64,76,95],[6,46,78],[48,74,93],
[5,62,78],[42,74,89],[44,79,90],[46,79,91],[62,76,92],[3,48,75],[4,42,77],[7,44,77],[66,92,101],[59,95,100],
[12,78,83],[11,78,82],[59,90,103],[54,93,98],[13,77,87],[9,77,86],[8,75,80],[10,75,81],[54,91,104],[66,89,97],
[13,67,99],[12,31,69],[12,57,96],[11,50,96],[11,19,70],[10,55,102],[13,25,68],[8,22,69],[10,28,68],[9,60,99],
[9,15,70],[8,52,102],[7,13,65],[31,64,100],[6,12,56],[5,11,49],[3,8,51],[19,44,103],[25,48,98],[22,62,101],
[2,10,53],[28,42,97],[15,46,104],[4,9,58],[21,22,72],[30,31,72],[30,61,85],[27,28,73],[27,47,84],[14,15,71],
[24,25,73],[24,41,85],[18,19,71],[18,45,84],[21,63,88],[14,43,88],[23,85,96],[31,81,92],[26,84,96],[19,87,91],
[20,88,102],[17,88,99],[25,80,89],[22,82,95],[29,85,99],[16,84,102],[15,83,90],[28,86,93],[39,57,72],[33,52,72],
[40,67,73],[34,56,61],[35,47,53],[38,50,71],[32,55,73],[37,60,71],[34,45,49],[35,51,63],[36,41,65],[36,43,58],
[23,41,64],[16,42,45],[23,27,93],[29,48,61],[24,26,89],[18,20,91],[17,30,92],[20,43,62],[26,44,47],[17,46,63],
[21,29,95],[14,16,90],[1,52,57],[49,56,74],[58,65,76],[51,53,79],[1,55,67],[1,50,60],[14,40,66],[24,37,59],
[12,36,42],[27,33,59],[11,35,48],[18,39,66],[30,38,54],[13,34,62],[9,35,64],[8,36,44],[21,32,54],[10,34,46],
[49,53,107],[51,58,106],[56,65,105],[1,61,63],[1,43,45],[1,41,47],[3,5,7],[19,22,25],[15,28,31],[2,4,6],
[1,43,57],[1,41,52],[56,74,105],[49,74,107],[53,79,107],[51,79,106],[65,76,105],[58,76,106],[1,50,63],[1,55,61],
[1,47,60],[1,45,67],[14,16,40],[9,23,64],[24,26,37],[12,16,42],[23,27,33],[11,29,48],[18,20,39],[17,30,38],
[13,20,62],[8,26,44],[10,17,46],[21,29,32],[7,44,47],[2,41,64],[5,43,62],[23,74,93],[26,74,89],[20,79,91],
[17,76,92],[3,48,61],[6,46,63],[4,42,45],[16,79,90],[29,76,95],[3,7,65],[22,25,98],[5,7,49],[3,5,51],
[15,31,104],[2,6,56],[28,31,100],[2,4,53],[15,28,97],[19,25,103],[19,22,101],[4,6,58],[14,66,92],[24,59,95],
[12,36,83],[11,35,82],[27,59,90],[30,54,93],[13,34,87],[9,35,86],[8,36,80],[10,34,81],[21,54,91],[18,66,89],
[24,41,65],[22,39,72],[31,33,72],[30,56,61],[28,40,73],[27,47,53],[15,38,71],[25,32,73],[19,37,71],[18,45,49],
[14,43,58],[21,51,63],[12,31,81],[26,57,96],[23,50,96],[11,19,87],[20,55,102],[17,67,99],[13,25,80],[8,22,82],
[29,60,99],[16,52,102],[10,28,86],[9,15,83],[91,92,109],[34,97,98],[93,95,108],[89,90,110],[35,103,104],[36,100,101],
[24,95,108],[34,81,98],[14,92,109],[35,82,104],[30,93,108],[36,80,100],[27,90,110],[34,87,97],[35,86,103],[36,83,101],
[18,89,110],[21,91,109],[3,24,65],[22,39,98],[6,14,58],[31,33,104],[2,30,56],[28,40,100],[4,27,53],[15,38,97],
[25,32,103],[19,37,101],[5,21,51],[7,18,49],[29,32,60],[9,23,83],[12,16,81],[26,37,57],[23,33,50],[11,29,87],
[20,39,55],[17,38,67],[13,20,80],[8,26,82],[16,40,52],[10,17,86],[23,74,105],[26,74,107],[20,79,106],[17,76,106],
[29,76,105],[16,79,107],[3,55,61],[6,50,63],[4,45,67],[7,47,60],[2,41,52],[5,43,57],[3,39,55],[16,81,107],
[6,33,50],[26,82,107],[2,40,52],[20,80,106],[4,38,67],[29,87,105],[7,32,60],[17,86,106],[5,37,57],[23,83,105],
[3,24,108],[39,81,98],[6,14,109],[33,82,104],[2,30,108],[40,80,100],[4,27,110],[38,87,97],[7,18,110],[32,86,103],
[5,21,109],[37,83,101],[3,39,108],[39,81,107],[6,33,109],[33,82,107],[2,40,108],[40,80,106],[4,38,110],[38,87,105],
[7,32,110],[37,83,105],[5,37,109],[32,86,106],[39,107,108],[33,107,109],[40,106,108],[38,105,110],[32,106,110],[37,105,109]];
###############################################################

#SurfaceInfo: 225 Vertices, 675 Edges, 450 Faces, IsOrientable=true
 #Vertices of faces:
vof7:=[[223,224,225],[222,223,224],[221,223,225],[220,224,225],[217,218,219],[214,215,216],[211,212,213],[209,210,218],[207,208,218],[205,206,215],
[203,204,212],[201,202,215],[199,200,212],[207,209,218],[201,205,215],[199,203,212],[196,197,198],[195,196,197],[194,197,198],[193,196,198],
[198,207,209],[197,199,203],[196,201,205],[193,198,209],[194,198,207],[195,196,205],[195,197,203],[193,196,201],[194,197,199],[192,195,203],
[191,195,205],[190,194,199],[189,193,201],[188,194,207],[187,193,209],[184,185,186],[181,182,183],[178,179,180],[191,192,195],[187,189,193],
[188,190,194],[175,176,177],[172,173,174],[169,170,171],[187,209,210],[191,205,206],[192,203,204],[189,201,202],[190,199,200],[188,207,208],
[210,217,218],[208,218,219],[206,214,215],[202,215,216],[200,211,212],[204,212,213],[168,217,219],[167,211,213],[166,214,216],[163,164,165],
[162,163,164],[161,164,165],[160,163,165],[158,159,160],[156,157,161],[154,155,162],[153,160,165],[152,161,165],[151,161,164],[150,162,163],
[149,160,163],[148,162,164],[152,153,165],[148,151,164],[149,150,163],[152,156,161],[150,154,162],[148,155,162],[149,158,160],[151,157,161],
[153,159,160],[147,154,155],[146,158,159],[145,156,157],[143,144,145],[141,142,147],[139,140,146],[138,145,156],[137,147,154],[136,146,159],
[135,145,157],[134,146,158],[133,147,155],[132,152,156],[131,150,154],[130,149,158],[129,153,159],[128,151,157],[127,148,155],[126,152,153],
[125,149,150],[124,148,151],[132,138,156],[131,137,154],[129,136,159],[128,135,157],[127,133,155],[130,134,158],[126,129,153],[126,132,152],
[124,128,151],[124,127,148],[125,131,150],[125,130,149],[136,139,146],[138,143,145],[135,144,145],[134,140,146],[133,141,147],[137,142,147],
[123,188,190],[122,187,189],[121,191,192],[126,172,173],[124,175,176],[125,169,170],[119,120,135],[117,118,136],[115,116,138],[113,114,134],
[111,112,133],[109,110,137],[108,187,210],[107,188,208],[106,190,200],[105,191,206],[104,192,204],[103,189,202],[102,210,217],[101,208,219],
[100,206,214],[99,202,216],[98,204,213],[97,200,211],[96,168,217],[95,168,219],[94,167,213],[93,166,214],[92,166,216],[91,167,211],
[143,144,168],[139,140,166],[141,142,167],[95,143,168],[93,139,166],[96,144,168],[92,140,166],[91,142,167],[94,141,167],[107,123,188],
[108,122,187],[103,122,189],[106,123,190],[105,121,191],[104,121,192],[102,108,210],[101,107,208],[100,105,206],[99,103,202],[97,106,200],
[98,104,204],[96,102,217],[95,101,219],[93,100,214],[92,99,216],[91,97,211],[94,98,213],[117,129,136],[115,132,138],[119,128,135],
[111,127,133],[113,130,134],[109,131,137],[118,136,139],[116,138,143],[120,135,144],[114,134,140],[110,137,142],[112,133,141],[126,129,172],
[126,132,173],[124,128,175],[125,130,169],[125,131,170],[124,127,176],[122,184,185],[123,181,182],[121,178,179],[89,90,102],[87,88,101],
[85,86,99],[83,84,100],[81,82,98],[79,80,97],[108,122,184],[103,122,185],[106,123,181],[104,121,178],[105,121,179],[107,123,182],
[83,100,105],[89,102,108],[87,101,107],[85,99,103],[79,97,106],[81,98,104],[90,96,102],[88,95,101],[84,93,100],[86,92,99],
[82,94,98],[80,91,97],[119,128,175],[115,132,173],[117,129,172],[111,127,176],[109,131,170],[113,130,169],[96,120,144],[95,116,143],
[93,118,139],[92,114,140],[94,112,141],[91,110,142],[78,175,177],[77,176,177],[76,170,171],[75,169,171],[74,172,174],[73,173,174],
[71,72,171],[69,70,177],[67,68,174],[67,73,174],[68,74,174],[69,78,177],[71,75,171],[70,77,177],[72,76,171],[78,119,175],
[73,115,173],[74,117,172],[77,111,176],[76,109,170],[75,113,169],[90,96,120],[88,95,116],[84,93,118],[86,92,114],[80,91,110],
[82,94,112],[89,108,184],[79,106,181],[87,107,182],[85,103,185],[83,105,179],[81,104,178],[66,184,186],[65,181,183],[64,182,183],
[63,178,180],[62,179,180],[61,185,186],[59,60,186],[57,58,183],[55,56,180],[54,119,120],[53,115,116],[52,117,118],[51,109,110],
[50,113,114],[49,111,112],[59,61,186],[60,66,186],[55,62,180],[57,65,183],[58,64,183],[56,63,180],[54,90,120],[53,88,116],
[50,86,114],[52,84,118],[49,82,112],[51,80,110],[61,85,185],[66,89,184],[65,79,181],[64,87,182],[63,81,178],[62,83,179],
[54,78,119],[53,73,115],[50,75,113],[52,74,117],[49,77,111],[51,76,109],[48,71,75],[47,69,78],[46,70,77],[45,72,76],
[44,68,74],[43,67,73],[42,89,90],[41,87,88],[40,85,86],[39,83,84],[38,79,80],[37,81,82],[42,54,90],[41,53,88],
[40,50,86],[39,52,84],[38,51,80],[37,49,82],[40,61,85],[42,66,89],[39,62,83],[38,65,79],[37,63,81],[41,64,87],
[36,60,66],[35,55,62],[34,59,61],[33,57,65],[32,56,63],[31,58,64],[47,54,78],[43,53,73],[48,50,75],[45,51,76],
[46,49,77],[44,52,74],[42,47,54],[41,43,53],[40,48,50],[39,44,52],[37,46,49],[38,45,51],[36,42,66],[31,41,64],
[34,40,61],[35,39,62],[32,37,63],[33,38,65],[36,42,47],[34,40,48],[31,41,43],[35,39,44],[33,38,45],[32,37,46],
[30,71,72],[29,67,68],[28,69,70],[27,47,69],[26,48,71],[25,45,72],[24,43,67],[23,46,70],[22,44,68],[26,30,71],
[25,30,72],[23,28,70],[22,29,68],[27,28,69],[24,29,67],[27,36,47],[26,34,48],[24,31,43],[22,35,44],[23,32,46],
[25,33,45],[20,21,29],[18,19,28],[16,17,30],[15,59,60],[14,55,56],[13,57,58],[12,36,60],[11,34,59],[10,31,58],
[9,35,55],[8,32,56],[7,33,57],[12,15,60],[11,15,59],[9,14,55],[10,13,58],[7,13,57],[8,14,56],[18,27,28],
[20,24,29],[21,22,29],[16,26,30],[17,25,30],[19,23,28],[12,27,36],[11,26,34],[8,23,32],[10,24,31],[7,25,33],
[9,22,35],[5,6,15],[3,4,14],[1,2,13],[5,12,15],[6,11,15],[3,8,14],[4,9,14],[1,7,13],[2,10,13],
[12,18,27],[11,16,26],[8,19,23],[10,20,24],[9,21,22],[7,17,25],[5,12,18],[6,11,16],[3,8,19],[1,7,17],
[4,9,21],[2,10,20],[18,19,222],[16,17,221],[20,21,220],[5,18,222],[6,16,221],[2,20,220],[4,21,220],[3,19,222],
[1,17,221],[5,6,223],[1,2,225],[3,4,224],[5,222,223],[6,221,223],[1,221,225],[4,220,224],[3,222,224],[2,220,225]];
###############################################################

#SurfaceInfo: 45 Vertices, 675 Edges, 450 Faces, IsOrientable=true
 #Vertices of faces:
vof8:=[[43,44,45],[42,43,44],[41,44,45],[40,43,45],[37,38,39],[35,36,38],[34,36,39],[32,33,38],[31,33,39],[30,31,36],
[29,32,36],[28,30,38],[28,29,39],[31,32,33],[28,30,31],[28,29,32],[25,26,27],[25,26,28],[25,27,32],[26,27,31],
[24,31,32],[23,28,32],[22,28,31],[24,26,31],[24,25,32],[22,25,28],[23,26,28],[22,27,31],[23,27,32],[23,26,36],
[22,25,36],[23,27,39],[22,27,38],[24,25,39],[24,26,38],[21,30,33],[20,29,33],[19,29,30],[22,23,36],[22,24,38],
[23,24,39],[17,18,32],[16,18,31],[16,17,28],[26,33,38],[25,30,36],[26,29,36],[27,30,38],[27,29,39],[25,33,39],
[32,37,38],[31,37,39],[31,35,36],[28,35,38],[28,34,39],[32,34,36],[38,39,41],[36,39,40],[36,38,42],[19,20,21],
[15,19,20],[14,20,21],[13,19,21],[11,12,16],[10,12,18],[10,11,17],[12,13,19],[12,14,20],[10,14,21],[11,15,20],
[11,13,21],[10,15,19],[12,13,14],[10,14,15],[11,13,15],[12,18,20],[11,17,20],[10,17,19],[11,16,21],[10,18,21],
[12,16,19],[9,10,11],[8,11,12],[7,10,12],[4,5,6],[2,3,6],[1,3,5],[5,7,10],[3,9,10],[5,8,11],
[6,7,12],[3,8,12],[6,9,11],[5,18,20],[3,17,20],[3,16,21],[5,16,19],[6,18,21],[6,17,19],[5,13,14],
[3,13,15],[6,14,15],[5,7,20],[3,9,20],[5,8,19],[6,7,21],[6,9,19],[3,8,21],[5,14,16],[5,13,18],
[6,15,18],[6,14,17],[3,13,17],[3,15,16],[1,5,11],[4,5,10],[4,6,12],[1,3,12],[2,6,11],[2,3,10],
[6,23,24],[5,22,24],[3,22,23],[16,18,38],[17,18,39],[16,17,36],[4,21,39],[1,19,38],[4,20,38],[1,21,36],
[2,19,39],[2,20,36],[5,26,33],[6,25,33],[6,27,29],[3,25,30],[3,26,29],[5,27,30],[5,32,37],[6,31,37],
[3,31,35],[5,28,35],[3,32,34],[6,28,34],[5,39,41],[6,38,41],[3,39,40],[3,38,42],[5,36,42],[6,36,40],
[5,6,43],[3,5,45],[3,6,44],[6,38,43],[3,38,45],[5,39,43],[5,36,45],[6,36,44],[3,39,44],[6,23,33],
[5,22,33],[5,24,30],[6,24,29],[3,23,30],[3,22,29],[5,26,37],[6,25,37],[3,25,35],[5,27,35],[6,27,34],
[3,26,34],[5,32,41],[6,31,41],[3,31,42],[5,28,42],[6,28,40],[3,32,40],[8,19,38],[7,20,38],[7,21,39],
[9,19,39],[8,21,36],[9,20,36],[1,11,38],[4,10,38],[4,12,39],[1,12,36],[2,10,36],[2,11,39],[14,16,38],
[13,18,38],[15,18,39],[15,16,36],[13,17,36],[14,17,39],[12,30,33],[10,29,33],[11,29,30],[12,26,41],[10,25,41],
[12,27,42],[11,25,42],[11,26,40],[10,27,40],[12,22,33],[12,24,30],[10,24,29],[11,22,29],[11,23,30],[10,23,33],
[11,25,35],[12,26,37],[10,25,37],[12,27,35],[10,27,34],[11,26,34],[12,32,41],[10,31,41],[11,31,42],[12,28,42],
[11,32,40],[10,28,40],[7,15,39],[7,13,38],[8,14,38],[9,14,39],[9,13,36],[8,15,36],[12,39,43],[10,38,43],
[11,38,45],[12,36,45],[11,39,44],[10,36,44],[7,17,32],[9,18,32],[9,16,28],[8,17,28],[8,18,31],[7,16,31],
[8,9,27],[7,9,26],[7,8,25],[7,16,25],[8,18,25],[7,17,26],[8,17,27],[9,18,26],[9,16,27],[7,15,32],
[7,13,31],[8,14,31],[9,14,32],[9,13,28],[8,15,28],[12,32,43],[10,31,43],[11,31,45],[12,28,45],[10,28,44],
[11,32,44],[12,22,37],[10,24,34],[10,23,37],[12,24,35],[11,23,35],[11,22,34],[21,30,37],[20,33,34],[20,29,37],
[19,30,34],[19,29,35],[21,33,35],[15,35,37],[13,34,37],[14,34,35],[4,21,32],[4,20,31],[1,19,31],[2,20,28],
[1,21,28],[2,19,32],[15,33,35],[15,30,37],[14,29,35],[13,33,34],[13,29,37],[14,30,34],[21,32,43],[20,31,43],
[21,28,45],[19,31,45],[19,32,44],[20,28,44],[21,24,35],[21,22,37],[20,24,34],[20,23,37],[19,22,34],[19,23,35],
[4,15,32],[4,13,31],[1,15,28],[1,14,31],[2,14,32],[2,13,28],[1,17,27],[4,17,26],[2,18,26],[2,16,27],
[1,18,25],[4,16,25],[21,26,41],[20,25,41],[21,27,42],[19,25,42],[20,27,40],[19,26,40],[21,26,43],[20,25,43],
[21,27,45],[19,25,45],[20,27,44],[19,26,44],[21,24,42],[21,22,41],[19,23,42],[20,24,40],[19,22,40],[20,23,41],
[15,30,41],[14,29,42],[15,33,42],[13,33,40],[14,30,40],[13,29,41],[4,15,26],[4,13,25],[1,15,27],[2,13,27],
[2,14,26],[1,14,25],[15,26,43],[13,25,43],[15,27,45],[14,25,45],[14,26,44],[13,27,44],[15,22,41],[13,23,41],
[15,24,42],[14,23,42],[14,22,40],[13,24,40],[15,22,43],[15,24,45],[13,23,43],[14,23,45],[13,24,44],[14,22,44],
[8,9,24],[7,8,23],[7,9,22],[4,17,22],[1,17,24],[2,16,24],[4,16,23],[2,18,22],[1,18,23],[1,9,24],
[2,8,24],[2,7,22],[1,7,23],[4,9,22],[4,8,23],[17,22,43],[17,24,45],[16,23,43],[18,23,45],[18,22,44],
[16,24,44],[1,4,29],[2,4,30],[1,2,33],[17,35,37],[18,34,35],[16,34,37],[17,30,41],[17,33,42],[16,29,41],
[18,29,42],[18,30,40],[16,33,40],[17,35,41],[17,37,42],[18,34,42],[16,34,41],[16,37,40],[18,35,40],[4,9,30],
[4,8,29],[1,7,29],[1,9,33],[2,8,33],[2,7,30],[17,30,43],[17,33,45],[18,30,44],[16,29,43],[16,33,44],
[18,29,45],[9,41,42],[7,40,42],[8,40,41],[9,35,41],[9,37,42],[7,35,40],[7,34,42],[8,37,40],[8,34,41],
[9,30,43],[9,33,45],[7,30,44],[8,29,43],[7,29,45],[8,33,44],[9,35,43],[9,37,45],[7,35,44],[8,37,44],
[7,34,45],[8,34,43],[2,4,35],[1,2,37],[1,4,34],[2,35,43],[2,37,45],[1,34,43],[4,34,45],[4,35,44],
[1,37,44],[2,41,42],[1,40,41],[4,40,42],[2,42,43],[2,41,45],[1,41,44],[4,40,45],[4,42,44],[1,40,43]];
###############################################################

#SurfaceInfo: 72 Vertices, 720 Edges, 480 Faces, IsOrientable=true
 #Vertices of faces:
vof9:=[[70,71,72],[69,70,71],[68,70,72],[67,71,72],[64,65,66],[61,62,63],[58,59,60],[55,56,57],[53,54,65],[52,54,64],
[52,53,66],[50,51,67],[49,51,69],[49,50,68],[48,50,62],[47,51,62],[46,50,59],[45,49,59],[44,49,56],[43,51,56],
[50,62,71],[51,56,70],[50,59,70],[51,62,72],[49,59,72],[49,56,71],[50,51,70],[49,50,71],[49,51,72],[42,47,54],
[41,48,54],[40,46,53],[39,45,53],[38,44,52],[37,43,52],[35,36,54],[33,34,53],[31,32,53],[29,30,54],[27,28,52],
[25,26,52],[23,24,54],[21,22,53],[19,20,52],[17,18,54],[15,16,53],[13,14,52],[12,53,54],[11,52,53],[10,52,54],
[9,54,64],[9,53,66],[8,52,64],[8,53,65],[7,52,66],[7,54,65],[23,47,54],[21,46,53],[24,48,54],[19,43,52],
[20,44,52],[22,45,53],[13,27,52],[15,31,53],[17,35,54],[18,29,54],[14,25,52],[16,33,53],[9,39,64],[9,42,66],
[8,40,64],[8,37,65],[7,38,65],[7,41,66],[12,42,54],[11,37,52],[11,40,53],[10,41,54],[10,38,52],[12,39,53],
[8,34,53],[7,28,52],[8,26,52],[9,32,53],[7,30,54],[9,36,54],[5,6,50],[3,4,49],[1,2,51],[5,8,69],
[4,7,67],[2,8,68],[6,7,69],[3,9,67],[1,9,68],[6,35,36],[3,33,34],[5,31,32],[1,29,30],[4,25,26],
[2,27,28],[9,19,20],[8,23,24],[7,21,22],[7,15,16],[9,13,14],[8,17,18],[39,48,50],[38,47,51],[42,46,50],
[37,45,49],[40,44,49],[41,43,51],[7,61,62],[9,62,63],[9,58,59],[8,55,56],[8,59,60],[7,56,57],[51,58,60],
[50,55,57],[49,61,63],[1,4,42],[2,6,37],[1,5,40],[3,6,41],[4,5,38],[2,3,39],[4,5,58],[1,4,55],
[2,6,63],[2,3,57],[3,6,60],[1,5,61],[38,51,60],[42,50,57],[37,49,61],[40,49,63],[41,51,58],[39,50,55],
[7,16,62],[9,14,62],[9,13,59],[8,17,56],[7,15,56],[8,18,59],[8,23,69],[7,21,67],[8,24,68],[9,20,68],
[7,22,69],[9,19,67],[5,31,38],[4,25,42],[6,35,37],[3,33,41],[2,27,39],[1,29,40],[5,32,50],[3,34,49],
[6,36,50],[1,30,51],[2,28,51],[4,26,49],[9,39,63],[9,42,58],[8,40,55],[8,37,60],[7,41,57],[7,38,61],
[1,12,42],[2,11,37],[5,11,40],[6,10,41],[3,12,39],[4,10,38],[5,8,34],[4,7,28],[2,8,26],[3,9,32],
[1,9,36],[6,7,30],[23,38,47],[21,42,46],[24,39,48],[22,37,45],[20,40,44],[19,41,43],[14,25,41],[16,33,42],
[13,27,40],[17,35,38],[18,29,39],[15,31,37],[1,2,59],[5,6,56],[3,4,62],[29,50,67],[27,49,69],[35,51,67],
[33,50,68],[25,51,69],[31,49,68],[27,56,70],[31,59,70],[29,62,72],[25,56,71],[33,59,72],[35,62,71],[11,64,65],
[12,64,66],[10,65,66],[27,38,65],[25,37,65],[31,39,64],[35,42,66],[29,41,66],[33,40,64],[57,60,63],[55,58,61],
[23,35,66],[22,31,64],[24,29,66],[20,27,65],[21,33,64],[19,25,65],[11,34,64],[12,32,64],[11,26,65],[10,30,66],
[12,36,66],[10,28,65],[33,42,72],[25,41,71],[27,40,70],[31,37,70],[35,38,71],[29,39,72],[4,10,62],[1,12,59],
[2,11,59],[5,11,56],[3,12,62],[6,10,56],[41,57,63],[42,58,61],[40,55,58],[38,55,61],[37,57,60],[39,60,63],
[29,32,50],[27,34,49],[33,36,50],[25,30,51],[26,31,49],[28,35,51],[21,29,67],[20,31,68],[22,27,69],[19,35,67],
[23,25,69],[24,33,68],[17,25,56],[16,29,62],[13,31,59],[18,33,59],[14,35,62],[15,27,56],[29,41,58],[31,39,55],
[35,42,57],[27,38,60],[33,40,63],[25,37,61],[5,34,58],[4,28,55],[2,26,57],[3,32,60],[6,30,63],[1,36,61],
[20,29,40],[23,31,38],[22,35,37],[21,25,42],[19,33,41],[24,27,39],[2,38,44],[6,42,47],[1,41,48],[3,40,46],
[4,37,43],[5,39,45],[21,48,62],[24,46,59],[23,43,56],[20,45,59],[22,44,56],[19,47,62],[2,32,63],[6,26,60],
[1,34,55],[5,28,61],[4,36,58],[3,30,57],[14,41,46],[16,42,43],[13,40,48],[17,38,45],[15,37,47],[18,39,44],
[13,16,17],[14,15,18],[13,21,48],[14,24,46],[17,20,45],[16,23,43],[15,19,47],[18,22,44],[2,32,44],[6,26,47],
[1,34,48],[3,30,46],[5,28,45],[4,36,43],[5,39,72],[6,42,72],[1,41,71],[3,40,70],[4,37,70],[2,38,71],
[13,16,29],[13,17,31],[14,15,35],[16,17,25],[15,18,27],[14,18,33],[41,46,63],[42,43,61],[40,48,58],[38,45,55],
[39,44,60],[37,47,57],[10,21,62],[11,23,56],[10,22,56],[12,20,59],[12,19,62],[11,24,59],[12,32,63],[11,34,55],
[11,26,60],[10,28,61],[10,30,57],[12,36,58],[29,34,58],[28,31,55],[26,35,57],[27,32,60],[25,36,61],[30,33,63],
[22,24,27],[20,21,29],[20,23,31],[19,22,35],[19,24,33],[21,23,25],[24,29,32],[20,27,34],[21,33,36],[19,25,30],
[23,28,35],[22,26,31],[5,57,69],[4,63,67],[2,58,68],[6,55,69],[1,60,68],[3,61,67],[30,48,66],[34,46,64],
[26,43,65],[28,44,65],[32,45,64],[36,47,66],[15,21,64],[18,23,66],[16,22,64],[14,20,65],[13,19,65],[17,24,66],
[13,44,65],[18,48,66],[16,46,64],[17,47,66],[15,45,64],[14,43,65],[5,57,72],[4,63,70],[2,58,71],[6,55,72],
[3,61,70],[1,60,71],[10,57,69],[11,60,68],[10,61,67],[12,63,67],[12,58,68],[11,55,69],[10,15,21],[11,18,23],
[10,16,22],[12,14,20],[11,17,24],[12,13,19],[36,47,57],[34,46,63],[26,43,61],[30,48,58],[32,45,55],[28,44,60],
[13,29,34],[18,27,32],[17,28,31],[15,26,35],[14,30,33],[16,25,36],[22,26,47],[24,32,44],[23,28,45],[20,34,48],
[21,36,43],[19,30,46],[14,22,24],[17,20,21],[13,21,23],[16,20,23],[18,19,22],[15,19,24],[15,24,44],[18,19,46],
[16,20,48],[14,22,47],[17,21,43],[13,23,45],[34,63,70],[36,57,72],[32,55,72],[28,60,71],[30,58,71],[26,61,70],
[10,15,69],[11,18,68],[10,16,67],[12,14,67],[11,17,69],[12,13,68],[13,34,44],[16,36,46],[18,32,48],[17,28,47],
[14,30,43],[15,26,45],[15,44,69],[18,46,68],[16,48,67],[14,47,67],[13,45,68],[17,43,69],[34,44,70],[36,46,72],
[32,48,72],[28,47,71],[26,45,70],[30,43,71],[44,69,70],[46,68,72],[48,67,72],[47,67,71],[43,69,71],[45,68,70]];
###############################################################

#SurfaceInfo: 96 Vertices, 720 Edges, 480 Faces, IsOrientable=true
 #Vertices of faces:
vof10:=[[94,95,96],[93,94,95],[92,95,96],[91,94,96],[88,89,90],[85,86,87],[82,83,84],[79,80,81],[77,78,80],[75,76,83],
[74,78,84],[73,76,86],[71,72,87],[70,72,81],[68,69,90],[67,68,90],[65,66,89],[64,65,89],[62,63,88],[61,62,88],
[59,60,71],[57,58,77],[55,56,75],[53,54,73],[51,52,74],[49,50,70],[47,48,54],[45,46,58],[43,44,60],[41,42,52],
[39,40,50],[37,38,56],[35,36,61],[34,36,69],[32,33,66],[30,31,67],[29,33,63],[28,31,64],[45,57,61],[43,59,67],
[39,49,69],[41,51,63],[37,55,66],[47,53,64],[35,45,61],[34,39,69],[32,37,66],[30,43,67],[29,41,63],[28,47,64],
[43,59,60],[41,51,52],[45,57,58],[37,55,56],[47,53,54],[39,49,50],[26,27,82],[25,26,82],[23,24,85],[21,22,79],
[20,21,79],[19,23,85],[27,36,82],[25,31,82],[19,36,85],[24,33,85],[22,31,79],[20,33,79],[18,36,82],[17,31,82],
[16,36,85],[15,33,85],[14,33,79],[13,31,79],[27,48,54],[25,46,58],[20,44,60],[22,42,52],[19,38,56],[24,40,50],
[12,43,44],[11,39,40],[10,45,46],[9,37,38],[8,47,48],[7,41,42],[13,30,31],[18,35,36],[16,34,36],[15,32,33],
[17,28,31],[14,29,33],[36,68,69],[33,65,66],[31,67,68],[31,64,65],[36,61,62],[33,62,63],[57,77,78],[51,74,78],
[55,75,76],[53,73,76],[49,70,72],[59,71,72],[78,79,80],[76,85,86],[76,82,83],[78,82,84],[72,79,81],[72,85,87],
[6,12,46],[5,11,48],[4,10,38],[3,9,44],[2,8,42],[1,7,40],[1,4,31],[5,6,33],[2,3,36],[1,4,62],
[2,3,65],[5,6,68],[12,44,82],[10,46,85],[7,42,85],[11,40,82],[8,48,79],[9,38,79],[57,69,90],[51,66,89],
[55,63,88],[53,67,90],[49,61,88],[59,64,89],[45,51,89],[37,53,90],[43,49,88],[39,59,89],[41,57,90],[47,55,88],
[1,40,62],[2,42,65],[6,46,68],[5,48,68],[3,44,65],[4,38,62],[46,76,85],[42,72,85],[40,76,82],[48,78,79],
[38,72,79],[44,78,82],[57,69,78],[51,66,78],[55,63,76],[53,67,76],[59,64,72],[49,61,72],[5,33,62],[1,31,65],
[2,36,68],[3,36,62],[6,33,65],[4,31,68],[12,18,82],[10,15,85],[8,14,79],[7,16,85],[9,13,79],[11,17,82],
[15,32,69],[13,30,63],[18,35,64],[17,28,61],[14,29,67],[16,34,66],[25,26,58],[26,27,54],[20,21,60],[21,22,52],
[23,24,50],[19,23,56],[12,43,46],[11,39,48],[10,38,45],[9,37,44],[7,40,41],[8,42,47],[20,33,91],[25,31,92],
[22,31,92],[19,36,93],[24,33,91],[27,36,93],[18,22,42],[15,27,48],[14,25,46],[16,20,44],[17,19,38],[13,24,40],
[60,62,71],[58,65,77],[56,68,75],[54,62,73],[50,65,70],[52,68,74],[27,51,63],[20,57,61],[25,55,66],[19,59,67],
[24,53,64],[22,49,69],[26,88,89],[23,89,90],[21,88,90],[78,86,87],[76,80,81],[72,83,84],[56,58,60],[50,52,54],
[8,23,90],[11,21,88],[7,26,89],[10,21,90],[9,26,88],[12,23,89],[2,13,24],[4,16,20],[5,18,22],[3,14,25],
[6,17,19],[1,15,27],[27,51,93],[20,57,91],[25,55,92],[19,59,93],[22,49,92],[24,53,91],[26,58,60],[26,50,54],
[21,52,54],[23,50,52],[23,56,58],[21,56,60],[18,24,64],[13,27,63],[17,20,61],[14,19,67],[15,22,69],[16,25,66],
[8,14,46],[12,18,42],[10,15,48],[11,17,38],[9,13,40],[7,16,44],[5,62,71],[1,65,77],[2,68,75],[3,62,73],
[4,68,74],[6,65,70],[69,78,87],[66,78,86],[63,76,80],[61,72,84],[64,72,83],[67,76,81],[40,60,62],[42,58,65],
[48,56,68],[46,52,68],[38,54,62],[44,50,65],[43,46,49],[42,47,55],[39,48,59],[38,45,51],[40,41,57],[37,44,53],
[40,76,96],[42,72,95],[48,78,94],[46,76,96],[38,72,95],[44,78,94],[28,47,69],[34,39,63],[29,41,64],[32,37,61],
[30,43,66],[35,45,67],[24,77,80],[22,75,83],[27,71,87],[20,73,86],[25,70,81],[19,74,84],[45,75,89],[37,71,90],
[43,77,88],[41,70,90],[39,73,89],[47,74,88],[32,60,69],[30,58,63],[35,56,64],[29,50,67],[34,54,66],[28,52,61],
[49,51,53],[55,57,59],[24,43,77],[22,45,75],[27,37,71],[25,41,70],[19,47,74],[20,39,73],[47,60,69],[39,58,63],
[41,56,64],[37,52,61],[45,50,67],[43,54,66],[49,51,93],[55,57,91],[55,59,92],[57,59,93],[49,53,92],[51,53,91],
[32,61,84],[29,64,83],[30,66,86],[28,69,87],[35,67,81],[34,63,80],[18,24,80],[13,27,87],[17,20,86],[16,25,81],
[14,19,84],[15,22,83],[23,30,58],[21,35,56],[26,32,60],[26,29,50],[23,28,52],[21,34,54],[7,75,89],[8,71,90],
[10,70,90],[9,74,88],[12,73,89],[11,77,88],[40,60,96],[42,58,95],[48,56,94],[46,52,96],[44,50,94],[38,54,95],
[8,46,49],[12,42,55],[10,48,59],[11,38,51],[7,44,53],[9,40,57],[5,22,71],[1,27,77],[2,24,75],[3,25,73],
[6,19,70],[4,20,74],[4,10,18],[6,12,13],[5,11,16],[3,9,15],[1,7,14],[2,8,17],[2,13,84],[4,16,83],
[5,18,86],[3,14,87],[1,15,81],[6,17,80],[10,21,84],[8,23,83],[9,26,86],[11,21,87],[12,23,81],[7,26,80],
[2,10,84],[4,8,83],[5,9,86],[3,11,87],[6,7,80],[1,12,81],[12,13,73],[11,16,77],[10,18,70],[7,14,75],
[8,17,71],[9,15,74],[26,32,80],[23,30,83],[21,35,87],[21,34,84],[26,29,86],[23,28,81],[4,18,80],[3,15,83],
[1,14,84],[6,13,87],[2,17,86],[5,16,81],[13,32,84],[16,29,83],[18,30,86],[14,28,87],[17,34,80],[15,35,81],
[10,59,92],[9,57,93],[8,49,93],[12,55,91],[11,51,91],[7,53,92],[47,60,96],[39,58,95],[41,56,94],[37,52,96],
[43,54,95],[45,50,94],[22,45,71],[27,37,77],[24,43,75],[25,41,73],[20,39,74],[19,47,70],[41,73,94],[37,77,96],
[47,70,96],[43,75,95],[39,74,95],[45,71,94],[13,32,73],[16,29,77],[18,30,70],[14,28,75],[15,35,74],[17,34,71],
[4,32,80],[2,29,86],[3,30,83],[5,28,81],[6,35,87],[1,34,84],[4,8,93],[2,10,92],[3,11,91],[5,9,93],
[6,7,92],[1,12,91],[4,32,93],[2,29,92],[3,30,91],[5,28,93],[1,34,91],[6,35,92],[32,73,94],[29,77,96],
[30,70,96],[28,75,95],[34,71,94],[35,74,95],[32,93,94],[29,92,96],[30,91,96],[28,93,95],[35,92,95],[34,91,94]];
###############################################################

