#SurfaceInfo: 144 Vertices, 864 Edges, 576 Faces, IsOrientable=true
 #Vertices of faces:
vof1:=[[142,143,144],[141,142,143],[140,142,144],[139,143,144],[136,137,138],[133,134,135],[131,132,134],[129,130,133],[127,128,135],[126,130,132],
[125,128,131],[124,127,129],[121,122,123],[118,119,120],[115,116,117],[112,113,114],[109,110,111],[106,107,108],[103,104,105],[100,101,102],
[97,98,99],[95,96,98],[93,94,104],[91,92,107],[89,90,113],[87,88,101],[85,86,110],[84,87,91],[83,85,93],[82,89,95],
[81,87,91],[80,89,95],[79,85,93],[77,78,125],[75,76,126],[73,74,124],[72,75,124],[71,73,125],[70,77,126],[68,69,120],
[66,67,120],[65,68,123],[63,64,117],[62,63,123],[61,66,117],[80,84,94],[81,82,86],[79,82,92],[80,83,88],[81,83,90],
[79,84,96],[77,125,126],[75,124,126],[73,124,125],[66,117,120],[68,120,123],[63,117,123],[79,81,82],[79,80,84],[80,81,83],
[124,125,126],[117,120,123],[79,80,81],[78,83,88],[76,82,86],[70,82,92],[74,84,96],[72,84,94],[71,83,90],[79,93,104],
[80,89,113],[81,87,101],[80,95,98],[79,85,110],[81,91,107],[90,112,113],[94,103,104],[86,109,110],[88,100,101],[92,106,107],
[96,97,98],[60,65,119],[59,69,122],[58,67,116],[57,62,115],[56,64,121],[55,61,118],[53,54,60],[51,52,57],[49,50,59],
[47,48,58],[45,46,56],[43,44,55],[70,108,126],[78,102,125],[76,111,126],[74,99,124],[72,105,124],[71,114,125],[68,69,94],
[66,67,86],[65,68,88],[63,64,96],[61,66,90],[62,63,92],[57,77,78],[60,70,77],[59,75,76],[58,72,75],[55,73,74],
[56,71,73],[42,62,123],[41,69,120],[40,61,117],[39,65,123],[38,64,117],[37,67,120],[51,80,94],[45,81,86],[43,79,92],
[47,80,88],[53,79,96],[49,81,90],[68,115,116],[66,121,122],[63,118,119],[36,126,130],[35,124,129],[34,125,128],[33,124,127],
[32,126,132],[31,125,131],[30,131,132],[29,127,128],[28,129,130],[112,114,132],[109,111,131],[103,105,128],[100,102,127],[106,108,129],
[97,99,130],[75,128,131],[77,127,129],[73,130,132],[52,122,123],[50,118,120],[44,115,117],[46,116,117],[54,121,123],[48,119,120],
[27,58,75],[26,60,77],[25,59,75],[24,57,77],[23,56,73],[22,55,73],[30,39,65],[29,38,64],[28,37,67],[29,40,61],
[30,42,62],[28,41,69],[36,72,130],[35,76,129],[33,71,127],[32,78,132],[31,70,131],[34,74,128],[26,68,115],[23,63,118],
[27,66,122],[25,68,116],[24,63,119],[22,66,121],[32,111,126],[36,108,126],[34,102,125],[35,99,124],[31,114,125],[33,105,124],
[42,52,123],[41,50,120],[39,54,123],[40,44,117],[37,48,120],[38,46,117],[30,111,131],[29,105,128],[28,99,130],[29,102,127],
[30,114,132],[28,108,129],[75,109,131],[75,103,128],[77,100,127],[73,97,130],[73,112,132],[77,106,129],[51,68,94],[45,66,86],
[43,63,92],[47,68,88],[49,66,90],[53,63,96],[51,57,78],[53,60,70],[49,59,76],[47,58,72],[45,56,71],[43,55,74],
[52,69,122],[44,62,115],[50,61,118],[46,67,116],[48,65,119],[54,64,121],[48,58,116],[44,55,118],[54,60,119],[50,59,122],
[52,57,115],[46,56,121],[65,88,100],[69,94,103],[67,86,109],[62,92,106],[64,96,97],[61,90,112],[51,80,113],[45,81,101],
[43,79,104],[47,80,98],[49,81,107],[53,79,110],[74,84,99],[78,83,102],[76,82,111],[70,82,108],[71,83,114],[72,84,105],
[116,118,137],[115,121,138],[119,122,136],[32,60,65],[36,59,69],[31,57,62],[33,55,61],[34,56,64],[35,58,67],[21,53,54],
[20,49,50],[19,47,48],[18,43,44],[17,51,52],[16,45,46],[41,76,86],[42,78,88],[39,70,92],[38,71,90],[37,72,94],
[40,74,96],[21,84,91],[17,84,87],[20,83,85],[19,83,93],[16,82,89],[18,82,95],[19,47,93],[21,53,91],[17,51,87],
[20,49,85],[16,45,89],[18,43,95],[31,39,70],[33,38,71],[36,37,72],[35,41,76],[34,40,74],[32,42,78],[31,57,114],
[32,60,111],[36,59,108],[33,55,105],[35,58,99],[34,56,102],[18,82,111],[21,84,105],[17,84,99],[20,83,102],[19,83,114],
[16,82,108],[36,69,103],[34,64,97],[33,61,112],[32,65,100],[35,67,109],[31,62,106],[48,116,137],[44,118,137],[54,119,136],
[50,122,136],[46,121,138],[52,115,138],[21,54,64],[16,46,67],[20,50,61],[18,44,62],[17,52,69],[19,48,65],[40,44,96],
[37,48,94],[42,52,88],[41,50,86],[38,46,90],[39,54,92],[47,72,98],[51,78,113],[49,76,107],[43,74,104],[53,70,110],
[45,71,101],[27,49,66],[25,47,68],[26,51,68],[24,53,63],[22,45,66],[23,43,63],[27,75,109],[25,75,103],[26,77,100],
[24,77,106],[22,73,112],[23,73,97],[30,39,111],[29,40,105],[28,37,99],[29,38,102],[30,42,114],[28,41,108],[87,89,141],
[93,95,140],[85,91,139],[15,115,121],[14,116,118],[13,119,122],[15,136,137],[14,136,138],[13,137,138],[12,95,96],[11,89,90],
[10,93,94],[9,91,92],[8,87,88],[7,85,86],[10,113,114],[12,110,111],[11,107,108],[9,104,105],[8,98,99],[7,101,102],
[36,131,134],[34,132,134],[33,130,133],[31,127,135],[35,128,135],[32,129,133],[29,133,134],[28,134,135],[30,133,135],[6,72,130],
[5,78,132],[4,76,129],[3,71,127],[2,74,128],[1,70,131],[26,39,115],[23,38,118],[27,37,122],[22,40,121],[25,41,116],
[24,42,119],[26,60,137],[24,57,137],[23,56,136],[22,55,136],[27,58,138],[25,59,138],[6,29,64],[1,28,67],[5,29,61],
[4,30,62],[2,28,69],[3,30,65],[6,29,134],[2,28,134],[1,28,135],[3,30,133],[5,29,133],[4,30,135],[13,57,137],
[15,60,137],[15,55,136],[14,56,136],[14,59,138],[13,58,138],[3,31,127],[6,33,130],[1,36,131],[5,34,132],[4,32,129],
[2,35,128],[10,93,113],[12,95,110],[11,89,107],[9,91,104],[7,85,101],[8,87,98],[15,39,115],[14,38,118],[13,37,122],
[15,40,121],[14,41,116],[13,42,119],[26,31,39],[23,33,38],[27,36,37],[25,35,41],[24,32,42],[22,34,40],[6,72,98],
[1,70,110],[5,78,113],[4,76,107],[3,71,101],[2,74,104],[12,44,96],[10,48,94],[8,52,88],[7,50,86],[9,54,92],
[11,46,90],[6,21,64],[1,16,67],[5,20,61],[4,18,62],[3,19,65],[2,17,69],[26,48,137],[24,44,137],[23,54,136],
[22,50,136],[25,52,138],[27,46,138],[36,103,134],[34,97,134],[33,112,133],[32,100,133],[31,106,135],[35,109,135],[10,57,114],
[12,60,111],[11,59,108],[9,55,105],[7,56,102],[8,58,99],[49,85,139],[51,87,141],[45,89,141],[47,93,140],[53,91,139],
[43,95,140],[27,49,109],[25,47,103],[26,51,100],[24,53,106],[23,43,97],[22,45,112],[18,39,111],[20,38,102],[21,40,105],
[17,37,99],[16,41,108],[19,42,114],[87,89,144],[85,91,142],[93,95,143],[87,98,144],[95,110,143],[89,107,144],[93,113,143],
[91,104,142],[85,101,142],[49,109,139],[51,100,141],[47,103,140],[53,106,139],[45,112,141],[43,97,140],[10,26,48],[9,23,54],
[11,27,46],[12,24,44],[7,22,50],[8,25,52],[6,21,98],[1,16,110],[5,20,113],[4,18,107],[2,17,104],[3,19,101],
[13,17,37],[15,18,39],[14,20,38],[15,21,40],[13,19,42],[14,16,41],[3,26,31],[6,23,33],[1,27,36],[2,25,35],
[5,22,34],[4,24,32],[10,13,57],[9,15,55],[11,14,59],[12,15,60],[8,13,58],[7,14,56],[4,109,135],[6,103,134],
[2,97,134],[5,100,133],[1,106,135],[3,112,133],[3,112,141],[6,103,140],[1,106,139],[4,109,139],[2,97,140],[5,100,141],
[10,13,17],[9,15,18],[11,14,20],[12,15,21],[8,13,19],[7,14,16],[3,10,26],[6,9,23],[1,11,27],[4,12,24],
[2,8,25],[5,7,22],[17,104,142],[18,107,144],[20,113,143],[21,98,144],[19,101,142],[16,110,143],[3,10,141],[6,9,140],
[1,11,139],[4,12,139],[5,7,141],[2,8,140],[10,17,142],[9,18,144],[11,20,143],[12,21,144],[7,16,143],[8,19,142],
[10,141,142],[9,140,144],[11,139,143],[12,139,144],[8,140,142],[7,141,143]];
###############################################################

#SurfaceInfo: 289 Vertices, 867 Edges, 578 Faces, IsOrientable=true
 #Vertices of faces:
vof2:=[[287,288,289],[286,287,288],[285,287,289],[284,288,289],[281,282,283],[279,280,282],[276,277,278],[273,274,275],[271,272,277],[269,270,274],
[266,267,268],[264,265,267],[262,263,267],[279,281,282],[271,276,277],[269,273,274],[264,266,267],[262,267,268],[263,265,267],[261,266,268],
[260,264,265],[259,262,263],[258,260,264],[257,261,266],[256,261,268],[255,260,265],[254,259,263],[253,259,262],[259,279,281],[260,269,273],
[261,271,276],[252,264,266],[251,263,265],[250,262,268],[252,258,264],[250,256,268],[252,257,266],[251,255,265],[250,253,262],[251,254,263],
[253,259,281],[254,259,279],[257,261,276],[258,260,273],[256,261,271],[255,260,269],[249,250,253],[248,252,257],[247,252,258],[246,250,256],
[245,251,255],[244,251,254],[243,257,276],[242,258,273],[241,255,269],[240,256,271],[239,254,279],[238,253,281],[235,236,237],[232,233,234],
[229,230,231],[226,227,228],[223,224,225],[220,221,222],[243,248,257],[242,247,258],[240,246,256],[241,245,255],[239,244,254],[238,249,253],
[247,248,252],[244,245,251],[246,249,250],[238,281,283],[243,276,278],[242,273,275],[240,271,272],[241,269,270],[239,279,280],[219,282,283],
[218,280,282],[217,277,278],[216,272,277],[215,270,274],[214,274,275],[218,219,282],[214,215,274],[216,217,277],[211,212,213],[210,211,212],
[209,211,213],[208,212,213],[206,207,213],[204,205,212],[202,203,211],[206,208,213],[207,209,213],[204,208,212],[202,210,211],[203,209,211],
[205,210,212],[200,201,210],[198,199,208],[196,197,209],[200,202,210],[201,205,210],[196,203,209],[198,204,208],[197,207,209],[199,206,208],
[195,197,207],[194,196,203],[193,199,206],[192,201,205],[191,198,204],[190,200,202],[189,206,207],[188,202,203],[187,204,205],[189,195,207],
[189,193,206],[187,191,204],[187,192,205],[188,190,202],[188,194,203],[185,186,189],[183,184,187],[181,182,188],[185,189,193],[186,189,195],
[181,188,194],[182,188,190],[183,187,192],[184,187,191],[180,185,193],[179,186,195],[178,181,194],[177,182,190],[176,184,191],[175,183,192],
[174,196,197],[173,200,201],[172,198,199],[171,193,199],[170,195,197],[169,194,196],[168,190,200],[167,191,198],[166,192,201],[171,172,199],
[167,172,198],[170,174,197],[169,174,196],[168,173,200],[166,173,201],[171,180,193],[170,179,195],[169,178,194],[168,177,190],[166,175,192],
[167,176,191],[164,165,173],[162,163,172],[160,161,174],[162,171,172],[164,166,173],[165,168,173],[160,170,174],[161,169,174],[163,167,172],
[159,170,179],[158,171,180],[157,167,176],[156,169,178],[155,168,177],[154,166,175],[156,161,169],[158,162,171],[157,163,167],[155,165,168],
[154,164,166],[159,160,170],[153,156,161],[152,154,164],[151,158,162],[150,157,163],[149,159,160],[148,155,165],[147,160,161],[146,162,163],
[145,164,165],[147,153,161],[147,149,160],[146,150,163],[146,151,162],[145,148,165],[145,152,164],[147,214,215],[146,218,219],[145,216,217],
[146,151,219],[147,153,215],[147,149,214],[145,152,217],[145,148,216],[146,150,218],[144,244,245],[143,246,249],[142,247,248],[141,239,244],
[140,238,249],[139,243,248],[138,240,246],[137,242,247],[136,241,245],[135,239,280],[134,238,283],[133,243,278],[132,242,275],[131,241,270],
[130,240,272],[129,219,283],[128,218,280],[127,214,275],[126,217,278],[125,216,272],[124,215,270],[136,144,245],[141,144,244],[140,143,249],
[139,142,248],[137,142,247],[138,143,246],[135,141,239],[134,140,238],[133,139,243],[130,138,240],[131,136,241],[132,137,242],[129,134,283],
[128,135,280],[124,131,270],[127,132,275],[125,130,272],[126,133,278],[129,151,219],[124,153,215],[127,149,214],[128,150,218],[125,148,216],
[126,152,217],[144,223,224],[142,220,221],[143,226,227],[122,123,135],[120,121,134],[118,119,131],[116,117,132],[114,115,130],[112,113,133],
[111,185,186],[110,181,182],[109,183,184],[108,179,186],[107,180,185],[106,178,181],[105,177,182],[104,175,183],[103,176,184],[102,159,179],
[101,158,180],[100,154,175],[99,156,178],[98,155,177],[97,157,176],[96,151,158],[95,153,156],[94,149,159],[93,152,154],[92,148,155],
[91,150,157],[95,99,156],[94,102,159],[93,100,154],[96,101,158],[91,97,157],[92,98,155],[102,108,179],[101,107,180],[99,106,178],
[100,104,175],[97,103,176],[98,105,177],[108,111,186],[107,111,185],[105,110,182],[106,110,181],[103,109,184],[104,109,183],[136,144,223],
[141,144,224],[139,142,220],[138,143,226],[140,143,227],[137,142,221],[122,135,141],[118,131,136],[120,134,140],[116,132,137],[112,133,139],
[114,130,138],[121,129,134],[123,128,135],[119,124,131],[117,127,132],[113,126,133],[115,125,130],[96,129,151],[91,128,150],[95,124,153],
[94,127,149],[93,126,152],[92,125,148],[111,235,236],[109,229,230],[110,232,233],[89,90,102],[87,88,99],[85,86,101],[83,84,97],
[81,82,100],[79,80,98],[108,111,235],[107,111,236],[106,110,232],[105,110,233],[104,109,229],[103,109,230],[87,99,106],[89,102,108],
[85,101,107],[79,98,105],[83,97,103],[81,100,104],[86,96,101],[84,91,97],[88,95,99],[90,94,102],[80,92,98],[82,93,100],
[96,121,129],[91,123,128],[95,119,124],[94,117,127],[92,115,125],[93,113,126],[120,140,227],[122,141,224],[118,136,223],[116,137,221],
[114,138,226],[112,139,220],[78,227,228],[77,221,222],[76,226,228],[75,220,222],[74,223,225],[73,224,225],[71,72,222],[69,70,228],
[67,68,225],[67,73,225],[68,74,225],[69,78,228],[71,77,222],[72,75,222],[70,76,228],[78,120,227],[73,122,224],[74,118,223],
[77,116,221],[75,112,220],[76,114,226],[86,96,121],[84,91,123],[88,95,119],[90,94,117],[82,93,113],[80,92,115],[85,107,236],
[89,108,235],[87,106,232],[79,105,233],[81,104,229],[83,103,230],[66,236,237],[65,232,234],[64,229,231],[63,230,231],[62,233,234],
[61,235,237],[59,60,237],[57,58,231],[55,56,234],[54,120,121],[53,122,123],[52,118,119],[51,116,117],[50,112,113],[49,114,115],
[59,61,237],[60,66,237],[55,65,234],[57,63,231],[56,62,234],[58,64,231],[54,86,121],[53,84,123],[51,90,117],[52,88,119],
[49,80,115],[50,82,113],[61,89,235],[66,85,236],[65,87,232],[62,79,233],[63,83,230],[64,81,229],[54,78,120],[53,73,122],
[51,77,116],[52,74,118],[49,76,114],[50,75,112],[48,71,77],[47,69,78],[46,70,76],[45,72,75],[44,68,74],[43,67,73],
[42,85,86],[41,83,84],[40,89,90],[39,87,88],[38,79,80],[37,81,82],[42,54,86],[41,53,84],[40,51,90],[39,52,88],
[37,50,82],[38,49,80],[40,61,89],[42,66,85],[39,65,87],[38,62,79],[37,64,81],[41,63,83],[36,60,66],[35,55,65],
[34,59,61],[33,58,64],[32,57,63],[31,56,62],[47,54,78],[43,53,73],[48,51,77],[45,50,75],[46,49,76],[44,52,74],
[42,47,54],[41,43,53],[40,48,51],[39,44,52],[38,46,49],[37,45,50],[36,42,66],[32,41,63],[34,40,61],[35,39,65],
[31,38,62],[33,37,64],[36,42,47],[34,40,48],[32,41,43],[35,39,44],[33,37,45],[31,38,46],[30,71,72],[29,67,68],
[28,69,70],[27,47,69],[26,48,71],[25,45,72],[24,43,67],[23,46,70],[22,44,68],[26,30,71],[25,30,72],[23,28,70],
[22,29,68],[27,28,69],[24,29,67],[27,36,47],[26,34,48],[24,32,43],[22,35,44],[23,31,46],[25,33,45],[20,21,29],
[18,19,28],[16,17,30],[15,59,60],[14,55,56],[13,57,58],[12,36,60],[11,34,59],[10,32,57],[9,35,55],[8,31,56],
[7,33,58],[12,15,60],[11,15,59],[9,14,55],[10,13,57],[7,13,58],[8,14,56],[18,27,28],[20,24,29],[21,22,29],
[16,26,30],[17,25,30],[19,23,28],[12,27,36],[11,26,34],[8,23,31],[10,24,32],[7,25,33],[9,22,35],[5,6,15],
[3,4,14],[1,2,13],[5,12,15],[6,11,15],[3,8,14],[4,9,14],[1,7,13],[2,10,13],[12,18,27],[11,16,26],
[8,19,23],[10,20,24],[9,21,22],[7,17,25],[5,12,18],[6,11,16],[3,8,19],[1,7,17],[4,9,21],[2,10,20],
[18,19,286],[16,17,285],[20,21,284],[5,18,286],[6,16,285],[2,20,284],[4,21,284],[3,19,286],[1,17,285],[5,6,287],
[1,2,289],[3,4,288],[5,286,287],[6,285,287],[1,285,289],[4,284,288],[3,286,288],[2,284,289]];
###############################################################

#SurfaceInfo: 51 Vertices, 867 Edges, 578 Faces, IsOrientable=true
 #Vertices of faces:
vof3:=[[49,50,51],[48,49,50],[47,50,51],[46,49,51],[43,44,45],[41,42,44],[39,40,41],[38,40,43],[37,39,45],[37,38,42],
[34,35,36],[32,33,35],[31,33,36],[41,43,44],[37,39,41],[37,38,43],[32,34,35],[31,34,36],[31,32,33],[30,35,36],
[29,33,35],[28,33,36],[29,33,37],[30,36,37],[30,35,41],[29,35,43],[28,36,43],[28,33,41],[27,41,43],[26,37,43],
[25,37,41],[32,34,37],[31,32,43],[31,34,41],[29,34,37],[30,31,41],[30,32,37],[29,31,43],[28,34,41],[28,32,43],
[27,33,41],[27,36,43],[25,36,37],[26,33,37],[25,35,41],[26,35,43],[28,34,45],[30,32,40],[29,34,40],[30,31,45],
[29,31,42],[28,32,42],[25,36,40],[26,33,40],[26,35,42],[25,35,45],[27,36,42],[27,33,45],[23,24,34],[22,24,31],
[22,23,32],[21,25,27],[20,26,27],[19,25,26],[25,32,40],[26,34,40],[25,31,45],[26,31,42],[27,32,42],[27,34,45],
[29,30,40],[28,29,42],[28,30,45],[33,44,45],[36,39,40],[33,38,40],[35,39,45],[35,38,42],[36,42,44],[18,43,45],
[18,41,42],[17,40,41],[17,37,45],[16,37,42],[16,40,43],[18,42,45],[16,40,42],[17,40,45],[19,20,21],[15,19,21],
[14,19,20],[13,20,21],[12,13,14],[11,13,15],[10,14,15],[12,13,21],[12,14,19],[11,13,20],[10,15,21],[10,14,20],
[11,15,19],[9,10,11],[8,11,12],[7,10,12],[9,10,21],[9,11,19],[7,10,20],[8,11,20],[7,12,19],[8,12,21],
[6,7,19],[5,7,20],[6,8,21],[4,9,19],[4,8,20],[5,9,21],[6,13,14],[5,14,15],[4,13,15],[6,7,13],
[6,8,14],[4,8,15],[4,9,13],[5,9,14],[5,7,15],[7,8,42],[8,9,45],[7,9,40],[8,14,42],[7,13,42],
[7,15,40],[9,14,40],[9,13,45],[8,15,45],[14,23,42],[13,24,42],[15,24,40],[14,22,40],[15,23,45],[13,22,45],
[10,12,24],[10,11,22],[11,12,23],[6,21,23],[6,19,24],[5,20,24],[5,21,22],[4,20,23],[4,19,22],[6,11,23],
[4,12,23],[6,10,24],[5,12,24],[5,11,22],[4,10,22],[21,23,42],[19,24,42],[20,24,40],[21,22,40],[19,22,45],
[20,23,45],[3,4,5],[2,4,6],[1,5,6],[2,6,11],[3,4,10],[3,5,11],[1,6,10],[1,5,12],[2,4,12],
[1,19,42],[2,21,42],[2,20,45],[1,20,40],[3,21,40],[3,19,45],[1,12,40],[2,11,42],[2,12,45],[3,11,40],
[3,10,45],[1,10,42],[12,40,48],[10,45,46],[11,42,47],[12,45,47],[10,42,48],[11,40,46],[5,6,48],[4,6,47],
[4,5,46],[6,40,48],[5,42,48],[6,45,47],[4,42,47],[4,40,46],[5,45,46],[40,42,51],[42,45,49],[40,45,50],
[4,42,49],[6,40,51],[5,42,51],[5,45,50],[4,40,50],[6,45,49],[6,28,29],[4,28,30],[5,29,30],[6,27,32],
[4,27,34],[5,25,32],[4,25,31],[5,26,34],[6,26,31],[6,36,44],[4,33,44],[5,36,39],[5,33,38],[6,35,38],
[4,35,39],[4,18,43],[6,18,41],[5,16,43],[5,17,41],[4,17,37],[6,16,37],[6,26,28],[6,27,29],[4,27,30],
[5,25,29],[5,26,30],[4,25,28],[6,32,44],[4,34,44],[5,32,39],[4,31,39],[6,31,38],[5,34,38],[4,18,33],
[6,18,36],[6,16,35],[5,16,33],[4,17,35],[5,17,36],[4,43,49],[6,37,51],[5,43,51],[6,41,49],[4,37,50],
[5,41,50],[12,26,27],[10,25,26],[11,25,27],[12,18,32],[11,18,34],[12,16,31],[10,16,34],[11,17,31],[10,17,32],
[7,8,43],[7,9,37],[8,9,41],[13,24,43],[14,23,43],[15,24,37],[14,22,37],[13,22,41],[15,23,41],[1,19,43],
[2,21,43],[3,19,41],[1,20,37],[3,21,37],[2,20,41],[11,43,47],[12,37,48],[10,43,48],[10,41,46],[11,37,46],
[12,41,47],[20,37,48],[19,43,48],[19,41,46],[21,43,47],[20,41,47],[21,37,46],[1,13,43],[2,14,43],[1,15,37],
[3,13,41],[2,15,41],[3,14,37],[8,24,43],[7,23,43],[7,22,37],[9,24,37],[9,23,41],[8,22,41],[12,26,28],
[12,27,29],[10,25,29],[11,25,28],[11,27,30],[10,26,30],[12,32,44],[12,31,38],[11,34,44],[10,34,38],[10,32,39],
[11,31,39],[11,18,33],[12,18,36],[12,16,35],[10,16,33],[10,17,36],[11,17,35],[11,43,49],[12,41,49],[12,37,51],
[10,43,51],[10,41,50],[11,37,50],[23,24,33],[22,23,36],[22,24,35],[13,33,48],[15,35,48],[14,33,47],[15,36,47],
[13,36,46],[14,35,46],[8,24,33],[7,23,33],[9,24,35],[7,22,35],[8,22,36],[9,23,36],[1,15,35],[1,13,33],
[2,14,33],[3,14,35],[2,15,36],[3,13,36],[21,33,47],[20,36,47],[20,35,48],[19,33,48],[21,35,46],[19,36,46],
[11,33,49],[12,36,49],[12,35,51],[10,33,51],[11,35,50],[10,36,50],[11,30,44],[12,29,44],[12,28,38],[10,30,38],
[11,28,39],[10,29,39],[21,25,44],[19,25,38],[21,27,39],[19,26,39],[20,27,38],[20,26,44],[13,38,39],[14,39,44],
[15,38,44],[15,26,44],[15,27,38],[14,25,44],[13,25,38],[13,26,39],[14,27,39],[21,30,44],[20,29,44],[20,28,38],
[19,30,38],[19,29,39],[21,28,39],[21,33,49],[20,36,49],[20,35,51],[19,33,51],[19,36,50],[21,35,50],[2,7,33],
[1,8,33],[1,9,35],[3,7,35],[3,8,36],[2,9,36],[2,24,34],[1,22,31],[3,23,32],[2,22,32],[3,24,31],
[1,23,34],[1,2,30],[2,3,29],[1,3,28],[18,21,34],[18,20,32],[16,20,31],[16,19,34],[17,19,32],[17,21,31],
[1,23,30],[2,24,30],[1,22,28],[2,22,29],[3,24,28],[3,23,29],[21,34,49],[20,32,49],[19,34,51],[20,31,51],
[21,31,50],[19,32,50],[1,8,34],[2,7,34],[1,9,31],[3,7,31],[2,9,32],[3,8,32],[18,21,30],[18,20,29],
[16,19,30],[16,20,28],[17,21,28],[17,19,29],[13,16,25],[14,18,25],[14,17,27],[13,17,26],[15,16,27],[15,18,26],
[14,34,47],[15,32,47],[13,34,48],[15,31,48],[14,31,46],[13,32,46],[14,34,49],[15,32,49],[13,34,51],[15,31,51],
[13,32,50],[14,31,50],[8,34,48],[7,34,47],[9,31,48],[7,31,46],[8,32,46],[9,32,47],[24,30,47],[22,28,48],
[23,30,48],[23,29,46],[22,29,47],[24,28,46],[14,18,30],[15,18,29],[13,16,30],[13,17,29],[14,17,28],[15,16,28],
[14,30,49],[15,29,49],[13,30,51],[15,28,51],[14,28,50],[13,29,50],[7,30,47],[9,29,47],[8,30,48],[9,28,48],
[7,28,46],[8,29,46],[7,30,49],[8,30,51],[9,29,49],[9,28,51],[8,29,50],[7,28,50],[8,38,39],[9,38,44],
[7,39,44],[7,18,25],[8,16,25],[8,17,26],[9,18,26],[7,17,27],[9,16,27],[8,16,39],[8,17,38],[7,17,44],
[9,16,44],[7,18,39],[9,18,38],[7,25,49],[8,25,51],[9,26,49],[9,27,51],[7,27,50],[8,26,50],[16,18,22],
[17,18,24],[16,17,23],[1,2,25],[1,3,27],[2,3,26],[24,25,47],[23,25,48],[22,26,47],[22,27,48],[24,27,46],
[23,26,46],[1,25,47],[2,25,48],[3,27,48],[3,26,47],[2,26,46],[1,27,46],[18,24,39],[18,22,38],[16,22,44],
[16,23,39],[17,23,38],[17,24,44],[24,25,49],[23,25,51],[24,27,50],[22,26,49],[23,26,50],[22,27,51],[39,47,48],
[44,46,48],[38,46,47],[1,39,47],[2,39,48],[1,44,46],[3,44,48],[2,38,46],[3,38,47],[24,39,49],[23,39,51],
[24,44,50],[22,38,49],[22,44,51],[23,38,50],[1,39,49],[2,39,51],[1,44,50],[2,38,50],[3,44,51],[3,38,49],
[1,17,18],[2,16,17],[3,16,18],[1,17,49],[2,17,51],[3,16,49],[3,18,51],[1,18,50],[2,16,50],[17,47,48],
[16,46,47],[18,46,48],[17,48,49],[17,47,51],[16,47,50],[18,46,51],[18,48,50],[16,46,49]];
###############################################################

#SurfaceInfo: 150 Vertices, 900 Edges, 600 Faces, IsOrientable=true
 #Vertices of faces:
vof4:=[[148,149,150],[147,148,149],[146,148,150],[145,149,150],[142,143,144],[139,140,141],[136,137,138],[133,134,135],[130,131,132],[127,128,129],
[126,142,143],[125,136,137],[124,139,140],[121,122,123],[118,119,120],[115,116,117],[112,113,114],[109,110,111],[106,107,108],[105,121,122],
[104,118,119],[103,115,116],[102,112,113],[101,106,107],[100,109,110],[102,104,105],[100,101,103],[102,105,112],[100,101,109],[100,103,115],
[101,103,106],[104,105,121],[102,104,118],[99,101,109],[98,100,115],[97,105,112],[96,103,106],[95,102,118],[94,104,121],[117,123,128],
[108,120,134],[111,114,131],[93,117,128],[92,123,128],[91,114,131],[90,111,131],[89,120,134],[88,108,134],[85,86,87],[82,83,84],
[79,80,81],[85,86,92],[79,80,88],[86,87,93],[82,83,91],[83,84,90],[80,81,89],[78,88,108],[77,90,111],[76,92,123],
[75,91,114],[74,89,120],[73,93,117],[92,97,105],[88,99,101],[93,96,103],[91,95,102],[90,98,100],[89,94,104],[85,92,97],
[79,88,99],[87,93,96],[82,91,95],[81,89,94],[84,90,98],[76,92,105],[73,93,103],[78,88,101],[75,91,102],[74,89,104],
[77,90,100],[72,81,94],[71,85,97],[70,87,96],[69,79,99],[68,82,95],[67,84,98],[66,76,105],[65,75,102],[64,78,101],
[63,73,103],[62,77,100],[61,74,104],[61,75,105],[65,76,104],[66,74,102],[62,78,103],[63,77,101],[64,73,100],[60,104,119],
[59,105,122],[58,103,116],[57,100,110],[56,102,113],[55,101,107],[58,87,116],[57,84,110],[60,81,119],[59,85,122],[55,79,107],
[56,82,113],[58,78,103],[55,77,101],[60,76,104],[56,74,102],[57,73,100],[59,75,105],[54,71,97],[53,69,99],[52,72,94],
[51,68,95],[50,70,96],[49,67,98],[61,66,105],[65,66,102],[61,65,104],[63,64,101],[62,63,103],[62,64,100],[66,89,118],
[65,92,121],[61,91,112],[63,90,109],[64,93,115],[62,88,106],[119,133,134],[110,130,131],[122,127,128],[116,128,129],[107,134,135],
[113,131,132],[47,48,80],[45,46,86],[43,44,83],[42,126,142],[41,125,136],[40,126,143],[39,124,139],[38,125,137],[37,124,140],
[66,74,119],[63,77,110],[65,76,122],[62,78,107],[64,73,116],[61,75,113],[86,122,123],[80,119,120],[86,116,117],[83,113,114],
[80,107,108],[83,110,111],[80,88,135],[86,92,127],[86,93,129],[83,91,132],[80,89,133],[83,90,130],[41,78,108],[40,77,111],
[39,76,123],[37,73,117],[38,74,120],[42,75,114],[66,76,94],[64,78,96],[63,73,98],[61,74,95],[62,77,99],[65,75,97],
[80,120,135],[86,117,127],[80,108,133],[83,111,132],[83,114,130],[86,123,129],[66,94,119],[64,96,116],[61,95,113],[63,98,110],
[62,99,107],[65,97,122],[92,121,127],[91,112,132],[90,109,130],[93,115,129],[88,106,135],[89,118,133],[47,80,119],[45,86,116],
[43,83,113],[48,80,107],[44,83,110],[46,86,122],[76,122,127],[74,119,133],[77,110,130],[73,116,129],[75,113,132],[78,107,135],
[36,42,142],[35,37,140],[34,41,136],[33,39,139],[32,38,137],[31,40,143],[38,120,125],[37,117,124],[41,108,125],[40,111,126],
[42,114,126],[39,123,124],[81,119,134],[84,110,131],[85,122,128],[87,116,128],[82,113,131],[79,107,134],[61,66,118],[65,66,121],
[61,65,112],[63,64,115],[62,64,106],[62,63,109],[52,76,94],[50,78,96],[49,73,98],[51,74,95],[54,75,97],[53,77,99],
[41,58,78],[40,55,77],[39,60,76],[37,57,73],[42,59,75],[38,56,74],[56,61,91],[59,65,92],[58,64,93],[57,63,90],
[55,62,88],[60,66,89],[42,97,112],[40,99,109],[37,98,115],[38,95,118],[39,94,121],[41,96,106],[43,91,131],[44,90,131],
[48,88,134],[47,89,134],[45,93,128],[46,92,128],[46,59,92],[43,56,91],[44,57,90],[47,60,89],[48,55,88],[45,58,93],
[42,112,132],[40,109,130],[37,115,129],[38,118,133],[41,106,135],[39,121,127],[39,60,72],[41,58,70],[40,55,69],[37,57,67],
[38,56,68],[42,59,71],[60,66,121],[56,61,118],[59,65,112],[57,63,115],[58,64,106],[55,62,109],[48,81,134],[43,84,131],
[47,79,134],[44,82,131],[46,87,128],[45,85,128],[33,39,94],[36,42,97],[34,41,96],[32,38,95],[31,40,99],[35,37,98],
[50,78,135],[52,76,127],[51,74,133],[54,75,132],[53,77,130],[49,73,129],[47,94,119],[46,97,122],[45,96,116],[43,95,113],
[44,98,110],[48,99,107],[120,125,135],[117,124,127],[108,125,133],[111,126,132],[123,124,129],[114,126,130],[30,130,132],[29,127,129],
[28,133,135],[25,26,27],[22,23,24],[19,20,21],[52,121,123],[51,118,120],[49,115,117],[54,112,114],[53,109,111],[50,106,108],
[29,117,123],[30,111,114],[28,108,120],[26,72,81],[23,71,85],[23,70,87],[26,69,79],[20,67,84],[20,68,82],[29,52,123],
[30,54,114],[30,53,111],[28,51,120],[29,49,117],[28,50,108],[25,26,72],[22,23,70],[26,27,69],[23,24,71],[19,20,68],
[20,21,67],[29,39,127],[30,42,132],[30,40,130],[29,37,129],[28,38,133],[28,41,135],[26,48,81],[26,47,79],[23,46,87],
[23,45,85],[20,44,82],[20,43,84],[52,60,121],[50,58,106],[51,56,118],[53,55,109],[54,59,112],[49,57,115],[50,125,135],
[52,124,127],[51,125,133],[54,126,132],[53,126,130],[49,124,129],[31,48,99],[33,47,94],[36,46,97],[34,45,96],[35,44,98],
[32,43,95],[48,55,69],[47,60,72],[43,56,68],[44,57,67],[45,58,70],[46,59,71],[17,18,125],[15,16,124],[13,14,126],
[11,12,145],[10,12,147],[10,11,146],[8,9,10],[6,7,12],[4,5,11],[10,25,27],[11,22,24],[12,19,21],[4,142,144],
[9,143,144],[8,139,141],[7,137,138],[6,140,141],[5,136,138],[3,47,48],[2,43,44],[1,45,46],[1,85,87],[2,82,84],
[3,79,81],[33,60,81],[34,58,87],[36,59,85],[32,56,82],[31,55,79],[35,57,84],[54,71,142],[53,69,143],[52,72,139],
[51,68,137],[49,67,140],[50,70,136],[15,39,72],[17,41,70],[14,40,69],[16,37,67],[13,42,71],[18,38,68],[1,34,87],
[1,36,85],[2,35,84],[3,33,81],[3,31,79],[2,32,82],[4,71,142],[9,69,143],[8,72,139],[7,68,137],[5,70,136],
[6,67,140],[4,11,144],[6,12,141],[5,11,138],[8,10,141],[9,10,144],[7,12,138],[10,27,146],[10,25,147],[11,22,145],
[12,19,145],[12,21,147],[11,24,146],[14,30,40],[13,30,42],[16,29,37],[17,28,41],[18,28,38],[15,29,39],[1,46,71],
[3,48,69],[3,47,72],[2,43,68],[1,45,70],[2,44,67],[15,52,124],[17,50,125],[18,51,125],[13,54,126],[14,53,126],
[16,49,124],[33,52,60],[34,50,58],[32,51,56],[31,53,55],[35,49,57],[36,54,59],[15,25,72],[17,22,70],[16,21,67],
[14,27,69],[18,19,68],[13,24,71],[30,54,142],[30,53,143],[29,52,139],[28,51,137],[28,50,136],[29,49,140],[26,31,48],
[26,33,47],[23,36,46],[23,34,45],[20,32,43],[20,35,44],[15,16,141],[13,14,144],[17,18,138],[11,12,148],[10,11,149],
[10,12,150],[8,9,26],[4,5,23],[6,7,20],[24,36,142],[21,35,140],[22,34,136],[25,33,139],[27,31,143],[19,32,137],
[8,26,33],[9,26,31],[6,20,35],[7,20,32],[4,23,36],[5,23,34],[14,27,144],[15,25,141],[18,19,138],[13,24,144],
[17,22,138],[16,21,141],[24,142,146],[27,143,146],[25,139,147],[19,137,145],[21,140,147],[22,136,145],[11,144,148],[12,141,148],
[11,138,149],[10,144,150],[12,138,150],[10,141,149],[1,22,34],[1,24,36],[2,21,35],[3,25,33],[2,19,32],[3,27,31],
[14,30,142],[13,30,143],[16,29,139],[17,28,137],[15,29,140],[18,28,136],[15,33,52],[17,34,50],[18,32,51],[14,31,53],
[13,36,54],[16,35,49],[1,4,71],[3,9,69],[3,8,72],[2,7,68],[2,6,67],[1,5,70],[8,15,33],[9,14,31],
[4,13,36],[6,16,35],[7,18,32],[5,17,34],[3,8,27],[3,9,25],[1,4,22],[2,6,19],[2,7,21],[1,5,24],
[15,140,147],[14,142,146],[13,143,146],[16,139,147],[18,136,145],[17,137,145],[27,144,148],[25,141,148],[22,138,150],[19,138,149],
[21,141,149],[24,144,150],[8,15,147],[9,14,146],[4,13,146],[6,16,147],[5,17,145],[7,18,145],[8,27,148],[9,25,148],
[4,22,150],[6,19,149],[5,24,150],[7,21,149],[8,147,148],[9,146,148],[4,146,150],[6,147,149],[7,145,149],[5,145,150]];
###############################################################

#SurfaceInfo: 60 Vertices, 900 Edges, 600 Faces, IsOrientable=true
 #Vertices of faces:
vof5:=[[58,59,60],[57,58,59],[56,59,60],[55,58,60],[52,53,54],[50,51,53],[49,50,52],[46,47,48],[44,45,47],[43,45,48],
[42,52,53],[41,50,52],[40,50,53],[38,39,49],[36,37,54],[34,35,54],[32,33,51],[30,31,49],[28,29,51],[38,39,55],
[36,37,56],[34,35,56],[32,33,57],[28,29,57],[30,31,55],[32,36,38],[28,30,34],[32,36,57],[30,34,55],[28,34,56],
[28,30,57],[32,38,55],[36,38,56],[34,50,55],[28,52,56],[36,50,57],[30,53,57],[38,53,56],[32,52,55],[26,27,60],
[24,25,59],[22,23,58],[21,26,60],[20,27,60],[19,22,58],[20,23,58],[21,24,59],[19,25,59],[17,18,57],[15,16,56],
[13,14,55],[17,25,57],[13,27,55],[18,22,57],[15,26,56],[16,24,56],[14,23,55],[19,50,59],[20,52,58],[20,50,60],
[19,53,58],[21,52,59],[21,53,60],[12,50,57],[11,50,55],[10,53,57],[11,53,56],[12,52,56],[10,52,55],[12,25,57],
[11,27,55],[10,22,57],[11,26,56],[10,23,55],[12,24,56],[12,50,60],[10,53,60],[11,50,59],[11,53,58],[10,52,59],
[12,52,58],[10,16,23],[12,13,25],[10,15,22],[11,17,27],[11,18,26],[12,14,24],[12,44,60],[11,46,58],[11,44,59],
[10,46,60],[12,43,58],[10,43,59],[9,28,44],[8,30,43],[7,34,46],[6,32,46],[5,38,44],[4,36,43],[8,37,56],
[9,39,55],[6,35,56],[4,31,55],[7,33,57],[5,29,57],[6,45,56],[4,47,55],[8,47,56],[9,48,55],[5,48,57],
[7,45,57],[6,32,35],[5,29,38],[8,30,37],[7,33,34],[4,31,36],[9,28,39],[13,25,46],[17,27,43],[16,23,44],
[18,26,43],[15,22,44],[14,24,46],[28,44,60],[34,46,58],[30,43,59],[38,44,59],[32,46,60],[36,43,58],[3,4,28],
[2,5,34],[1,6,30],[3,8,32],[1,7,38],[2,9,36],[18,46,47],[17,44,47],[16,43,48],[14,43,45],[15,46,48],
[13,44,45],[12,51,54],[11,49,54],[10,49,51],[24,42,53],[23,41,50],[26,42,52],[22,40,50],[27,41,52],[25,40,53],
[7,31,46],[5,37,44],[8,29,43],[6,39,46],[4,33,43],[9,35,44],[38,42,49],[36,40,54],[34,41,54],[32,41,51],
[28,42,51],[30,40,49],[13,27,36],[17,25,34],[18,22,38],[15,26,30],[14,23,28],[16,24,32],[19,35,50],[20,29,52],
[20,37,50],[21,31,53],[21,33,52],[19,39,53],[12,31,44],[11,33,44],[10,37,46],[10,35,43],[12,39,43],[11,29,46],
[27,36,40],[25,34,41],[23,28,42],[26,30,40],[24,32,41],[22,38,42],[7,12,31],[4,11,33],[9,10,35],[5,10,37],
[6,12,39],[8,11,29],[2,17,34],[1,15,30],[3,16,32],[1,18,38],[2,13,36],[3,14,28],[12,40,54],[11,41,54],
[10,41,51],[12,42,51],[10,40,49],[11,42,49],[16,29,43],[18,31,46],[17,37,44],[14,33,43],[13,35,44],[15,39,46],
[24,36,42],[25,28,40],[23,30,41],[22,32,40],[27,38,41],[26,34,42],[27,33,52],[25,31,53],[23,35,50],[26,29,52],
[24,39,53],[22,37,50],[8,18,47],[4,17,47],[9,16,48],[6,14,45],[7,13,45],[5,15,48],[4,28,60],[5,34,58],
[6,30,59],[7,38,59],[9,36,58],[8,32,60],[16,31,44],[15,33,44],[14,37,46],[18,35,43],[13,29,46],[17,39,43],
[19,32,35],[20,29,38],[20,30,37],[21,31,36],[19,28,39],[21,33,34],[1,4,6],[2,5,6],[1,7,9],[3,7,8],
[2,8,9],[3,4,5],[15,36,50],[16,34,50],[18,28,52],[14,38,53],[17,32,52],[13,30,53],[4,19,22],[7,20,23],
[8,19,25],[5,21,24],[9,21,26],[6,20,27],[5,6,27],[4,6,22],[7,8,23],[4,5,24],[8,9,25],[7,9,26],
[1,15,50],[3,16,50],[1,18,52],[3,14,53],[2,13,53],[2,17,52],[20,24,30],[19,26,32],[20,25,38],[21,23,36],
[21,22,34],[19,27,28],[3,5,58],[1,4,60],[2,6,59],[3,7,59],[1,9,58],[2,8,60],[8,18,19],[4,17,19],
[5,15,21],[7,13,20],[6,14,20],[9,16,21],[17,32,40],[15,36,42],[13,30,41],[14,38,41],[16,34,42],[18,28,40],
[15,33,39],[16,29,31],[18,31,35],[13,29,35],[17,37,39],[14,33,37],[7,12,40],[8,11,42],[4,11,41],[9,10,41],
[5,10,40],[6,12,42],[27,33,40],[25,31,41],[23,35,42],[26,29,40],[22,37,42],[24,39,41],[45,47,50],[45,48,52],
[47,48,53],[10,11,45],[10,12,47],[11,12,48],[3,39,49],[1,37,54],[3,35,54],[2,33,51],[2,31,49],[1,29,51],
[3,26,27],[2,22,23],[1,24,25],[10,16,19],[12,13,21],[10,15,20],[11,17,21],[12,14,19],[11,18,20],[3,26,39],
[2,23,33],[2,22,31],[1,25,37],[3,27,35],[1,24,29],[10,19,45],[10,20,47],[11,21,45],[12,21,47],[11,20,48],
[12,19,48],[2,45,52],[1,47,50],[3,45,50],[1,48,52],[3,48,53],[2,47,53],[16,18,19],[15,17,21],[14,15,20],
[13,16,21],[13,18,20],[14,17,19],[3,49,58],[1,51,58],[1,54,60],[2,49,60],[2,51,59],[3,54,59],[33,39,40],
[29,31,41],[31,35,42],[29,35,40],[37,39,41],[33,37,42],[6,16,42],[7,17,40],[8,15,42],[4,13,41],[5,18,40],
[9,14,41],[9,20,25],[4,20,24],[6,21,22],[8,21,23],[7,19,26],[5,19,27],[31,39,45],[29,33,47],[35,37,48],
[12,30,38],[11,28,32],[10,34,36],[6,7,53],[5,9,50],[4,8,52],[1,10,11],[3,10,12],[2,11,12],[46,52,54],
[43,53,54],[44,51,53],[43,49,50],[46,50,51],[44,49,52],[20,51,54],[21,49,51],[19,49,54],[17,18,51],[15,16,54],
[13,14,49],[47,49,56],[45,51,56],[48,51,55],[45,54,57],[48,49,57],[47,54,55],[23,25,46],[22,27,43],[23,26,44],
[25,26,43],[24,27,46],[22,24,44],[24,30,45],[26,32,47],[25,38,45],[23,36,48],[27,28,47],[22,34,48],[17,51,56],
[18,51,55],[15,54,55],[13,49,56],[14,49,57],[16,54,57],[23,46,54],[22,43,54],[26,44,51],[25,43,49],[24,44,49],
[27,46,51],[4,46,52],[9,46,50],[8,44,52],[6,44,53],[7,43,53],[5,43,50],[1,10,34],[1,11,32],[3,12,30],
[2,12,38],[2,11,28],[3,10,36],[3,25,45],[1,27,47],[1,23,48],[2,26,47],[3,22,48],[2,24,45],[5,19,54],
[9,20,54],[4,20,51],[6,21,49],[7,19,49],[8,21,51],[29,41,47],[39,40,45],[31,42,45],[35,40,48],[37,41,48],
[33,42,47],[47,49,58],[45,51,58],[45,54,60],[48,49,60],[47,54,59],[48,51,59],[19,30,45],[20,32,47],[19,36,48],
[21,38,45],[20,34,48],[21,28,47],[23,25,33],[22,27,31],[23,26,39],[25,26,37],[22,24,29],[24,27,35],[6,16,18],
[7,15,17],[8,14,15],[4,13,16],[9,14,17],[5,13,18],[19,29,33],[21,35,37],[20,31,39],[30,38,46],[34,36,44],
[28,32,43],[6,7,41],[4,8,40],[5,9,42],[18,24,36],[15,25,28],[17,23,30],[13,22,32],[14,26,34],[16,27,38],
[7,15,41],[6,18,41],[5,13,42],[9,17,42],[8,14,40],[4,16,40],[21,35,38],[19,30,33],[20,34,39],[21,28,37],
[20,31,32],[19,29,36],[3,18,36],[1,14,34],[1,13,32],[2,16,38],[2,15,28],[3,17,30],[4,38,46],[9,30,46],
[8,34,44],[7,28,43],[5,32,43],[6,36,44],[17,23,56],[18,24,55],[15,25,55],[13,22,56],[16,27,57],[14,26,57],
[3,25,33],[1,27,31],[1,23,39],[2,26,37],[2,24,35],[3,22,29],[41,47,58],[40,45,58],[42,45,60],[41,48,60],
[40,48,59],[42,47,59],[5,23,54],[9,22,54],[4,26,51],[6,25,49],[8,27,51],[7,24,49],[15,41,58],[18,41,60],
[14,40,59],[13,42,59],[17,42,60],[16,40,58],[4,26,57],[9,22,56],[5,23,56],[8,27,57],[6,25,55],[7,24,55],
[2,15,35],[3,18,33],[1,14,31],[1,13,39],[3,17,29],[2,16,37],[4,35,38],[9,30,33],[5,31,32],[8,34,39],
[6,29,36],[7,28,37],[15,35,58],[18,33,60],[14,31,59],[13,39,59],[16,37,58],[17,29,60],[4,35,57],[9,33,56],
[5,31,56],[8,39,57],[7,37,55],[6,29,55],[35,57,58],[33,56,60],[31,56,59],[39,57,59],[29,55,60],[37,55,58]];
###############################################################

#SurfaceInfo: 300 Vertices, 900 Edges, 600 Faces, IsOrientable=true
 #Vertices of faces:
vof6:=[[298,299,300],[297,298,299],[296,298,300],[295,299,300],[292,293,294],[289,290,291],[286,287,288],[283,284,285],[280,281,282],[277,278,279],
[274,275,276],[271,272,273],[268,269,270],[267,274,275],[266,268,269],[265,271,272],[263,264,267],[261,262,265],[259,260,266],[258,267,274],
[257,267,275],[256,265,271],[255,266,268],[254,265,272],[253,266,269],[252,258,274],[251,257,275],[250,256,271],[249,255,268],[248,253,269],
[247,254,272],[258,263,267],[257,264,267],[254,261,265],[253,259,266],[255,260,266],[256,262,265],[245,246,273],[243,244,276],[241,242,270],
[240,271,273],[239,275,276],[238,274,276],[237,269,270],[236,268,270],[235,272,273],[240,245,273],[235,246,273],[239,243,276],[238,244,276],
[236,241,270],[237,242,270],[240,250,271],[235,247,272],[239,251,275],[238,252,274],[236,249,268],[237,248,269],[234,258,263],[233,257,264],
[232,256,262],[231,253,259],[230,255,260],[229,254,261],[227,228,250],[225,226,249],[223,224,248],[221,222,247],[219,220,252],[217,218,251],
[216,250,256],[215,252,258],[214,249,255],[213,248,253],[212,251,257],[211,247,254],[216,227,250],[212,217,251],[214,225,249],[213,223,248],
[211,221,247],[215,219,252],[228,240,250],[224,237,248],[222,235,247],[218,239,251],[220,238,252],[226,236,249],[215,234,258],[212,233,257],
[216,232,256],[211,229,254],[214,230,255],[213,231,253],[210,237,242],[209,238,244],[208,240,245],[207,239,243],[206,236,241],[205,235,246],
[204,213,231],[203,216,232],[202,215,234],[201,212,233],[200,214,230],[199,211,229],[198,215,219],[197,216,227],[196,212,217],[195,213,223],
[194,211,221],[193,214,225],[208,228,240],[205,222,235],[207,218,239],[206,226,236],[210,224,237],[209,220,238],[192,207,218],[191,206,226],
[190,208,228],[189,205,222],[188,209,220],[187,210,224],[195,204,213],[198,202,215],[197,203,216],[196,201,212],[194,199,211],[193,200,214],
[184,185,186],[181,182,183],[178,179,180],[175,176,177],[172,173,174],[169,170,171],[168,219,220],[167,227,228],[166,225,226],[165,223,224],
[164,217,218],[163,221,222],[186,198,219],[183,197,227],[180,196,217],[171,195,223],[174,193,225],[177,194,221],[173,176,179],[170,182,185],
[168,186,219],[167,183,227],[164,180,217],[163,177,221],[165,171,223],[166,174,225],[176,178,179],[172,173,179],[170,184,185],[169,170,182],
[181,182,185],[173,175,176],[169,171,195],[184,186,198],[181,183,197],[178,180,196],[172,174,193],[175,177,194],[167,190,228],[165,187,224],
[163,189,222],[164,192,218],[166,191,226],[168,188,220],[162,195,204],[161,198,202],[160,197,203],[159,196,201],[158,193,200],[157,194,199],
[156,185,186],[155,176,177],[154,179,180],[153,170,171],[152,182,183],[151,173,174],[152,169,182],[155,176,178],[151,173,175],[154,172,179],
[156,181,185],[153,170,184],[150,164,192],[149,166,191],[148,167,190],[147,165,187],[146,168,188],[145,163,189],[152,167,183],[153,165,171],
[156,168,186],[155,163,177],[151,166,174],[154,164,180],[162,169,195],[161,184,198],[160,181,197],[159,178,196],[157,175,194],[158,172,193],
[152,162,169],[153,161,184],[156,160,181],[155,159,178],[154,158,172],[151,157,175],[148,152,167],[147,153,165],[146,156,168],[145,155,163],
[150,154,164],[149,151,166],[148,152,162],[147,153,161],[146,156,160],[145,155,159],[149,151,157],[150,154,158],[144,263,264],[143,259,260],
[142,261,262],[141,234,263],[140,233,264],[139,231,259],[138,230,260],[137,229,261],[136,232,262],[135,204,231],[134,203,232],[133,202,234],
[132,201,233],[131,199,229],[130,200,230],[129,162,204],[128,161,202],[127,159,201],[126,160,203],[125,157,199],[124,158,200],[129,135,204],
[128,133,202],[126,134,203],[127,132,201],[124,130,200],[125,131,199],[133,141,234],[132,140,233],[131,137,229],[135,139,231],[130,138,230],
[134,136,232],[141,144,263],[140,144,264],[137,142,261],[136,142,262],[139,143,259],[138,143,260],[124,150,158],[125,149,157],[129,148,162],
[128,147,161],[126,146,160],[127,145,159],[122,123,131],[120,121,130],[118,119,133],[116,117,135],[114,115,132],[112,113,134],[144,280,281],
[142,277,278],[143,283,284],[111,241,242],[110,243,244],[109,245,246],[108,207,243],[107,206,241],[106,210,242],[105,209,244],[104,208,245],
[103,205,246],[102,192,207],[101,191,206],[100,187,210],[99,190,208],[98,189,205],[97,188,209],[96,150,192],[95,149,191],[94,148,190],
[93,147,187],[92,146,188],[91,145,189],[94,99,190],[96,102,192],[95,101,191],[93,100,187],[92,97,188],[91,98,189],[102,108,207],
[101,107,206],[100,106,210],[98,103,205],[97,105,209],[99,104,208],[107,111,241],[106,111,242],[108,110,243],[103,109,246],[104,109,245],
[105,110,244],[122,125,131],[120,124,130],[116,129,135],[118,128,133],[114,127,132],[112,126,134],[96,124,150],[95,125,149],[94,129,148],
[93,128,147],[91,127,145],[92,126,146],[141,144,280],[140,144,281],[137,142,277],[139,143,283],[138,143,284],[136,142,278],[119,133,141],
[115,132,140],[123,131,137],[113,134,136],[117,135,139],[121,130,138],[111,292,293],[109,286,287],[110,289,290],[89,90,101],[87,88,99],
[85,86,102],[83,84,100],[81,82,98],[79,80,97],[108,110,289],[107,111,292],[106,111,293],[105,110,290],[104,109,286],[103,109,287],
[87,99,104],[85,102,108],[89,101,107],[83,100,106],[79,97,105],[81,98,103],[88,94,99],[86,96,102],[90,95,101],[84,93,100],
[80,92,97],[82,91,98],[119,141,280],[115,140,281],[123,137,277],[113,136,278],[121,138,284],[117,139,283],[94,116,129],[96,120,124],
[95,122,125],[93,118,128],[92,112,126],[91,114,127],[77,78,279],[75,76,285],[73,74,282],[72,280,282],[71,281,282],[70,278,279],
[69,284,285],[68,277,279],[67,283,285],[67,75,285],[69,76,285],[70,77,279],[68,78,279],[72,73,282],[71,74,282],[72,119,280],
[71,115,281],[68,123,277],[70,113,278],[67,117,283],[69,121,284],[88,94,116],[86,96,120],[90,95,122],[84,93,118],[82,91,114],
[80,92,112],[85,108,289],[83,106,293],[89,107,292],[81,103,287],[87,104,286],[79,105,290],[66,289,291],[65,293,294],[64,290,291],
[63,287,288],[62,286,288],[61,292,294],[59,60,294],[57,58,288],[55,56,291],[54,118,119],[53,114,115],[52,122,123],[51,112,113],
[50,116,117],[49,120,121],[59,61,294],[60,65,294],[55,66,291],[56,64,291],[57,63,288],[58,62,288],[52,90,122],[50,88,116],
[49,86,120],[54,84,118],[51,80,112],[53,82,114],[61,89,292],[62,87,286],[66,85,289],[65,83,293],[64,79,290],[63,81,287],
[54,72,119],[53,71,115],[52,68,123],[51,70,113],[49,69,121],[50,67,117],[48,72,73],[47,68,78],[46,71,74],[45,70,77],
[44,69,76],[43,67,75],[42,89,90],[41,87,88],[40,85,86],[39,83,84],[38,79,80],[37,81,82],[39,54,84],[37,53,82],
[42,52,90],[38,51,80],[41,50,88],[40,49,86],[42,61,89],[41,62,87],[40,66,85],[39,65,83],[37,63,81],[38,64,79],
[36,60,65],[35,59,61],[34,58,62],[33,55,66],[32,57,63],[31,56,64],[48,54,72],[46,53,71],[47,52,68],[45,51,70],
[43,50,67],[44,49,69],[39,48,54],[37,46,53],[42,47,52],[38,45,51],[40,44,49],[41,43,50],[36,39,65],[32,37,63],
[35,42,61],[31,38,64],[33,40,66],[34,41,62],[36,39,48],[35,42,47],[32,37,46],[31,38,45],[34,41,43],[33,40,44],
[30,77,78],[29,73,74],[28,75,76],[27,48,73],[26,47,78],[25,45,77],[24,46,74],[23,43,75],[22,44,76],[26,30,78],
[25,30,77],[24,29,74],[22,28,76],[23,28,75],[27,29,73],[27,36,48],[26,35,47],[24,32,46],[25,31,45],[22,33,44],
[23,34,43],[20,21,28],[18,19,29],[16,17,30],[15,59,60],[14,55,56],[13,57,58],[12,36,60],[11,35,59],[10,31,56],
[9,33,55],[8,32,57],[7,34,58],[12,15,60],[11,15,59],[10,14,56],[7,13,58],[8,13,57],[9,14,55],[18,27,29],
[20,23,28],[21,22,28],[16,26,30],[17,25,30],[19,24,29],[12,27,36],[11,26,35],[8,24,32],[10,25,31],[7,23,34],
[9,22,33],[5,6,15],[3,4,13],[1,2,14],[5,12,15],[6,11,15],[3,8,13],[1,10,14],[2,9,14],[4,7,13],
[12,18,27],[11,16,26],[8,19,24],[10,17,25],[9,21,22],[7,20,23],[5,12,18],[6,11,16],[3,8,19],[1,10,17],
[4,7,20],[2,9,21],[18,19,297],[16,17,296],[20,21,295],[5,18,297],[6,16,296],[2,21,295],[4,20,295],[3,19,297],
[1,17,296],[5,6,298],[1,2,300],[3,4,299],[5,297,298],[6,296,298],[1,296,300],[4,295,299],[3,297,299],[2,295,300]];
###############################################################

