#SurfaceInfo: 144 Vertices, 720 Edges, 480 Faces, IsOrientable=true
 #Vertices of faces:
vof1:=[[142,143,144],[141,142,143],[140,142,144],[139,143,144],[136,137,138],[133,134,135],[130,131,132],[127,128,129],[125,126,128],[123,124,131],
[121,122,134],[118,119,120],[115,116,117],[112,113,114],[109,110,111],[106,107,108],[103,104,105],[100,101,102],[97,98,99],[94,95,96],
[92,93,101],[90,91,95],[88,89,98],[86,87,104],[84,85,107],[82,83,110],[81,111,116],[80,102,119],[79,96,116],[78,108,119],
[77,105,113],[76,99,113],[73,74,75],[70,71,72],[67,68,69],[65,66,137],[63,64,138],[61,62,136],[68,71,131],[71,74,134],
[68,74,128],[60,116,119],[59,113,119],[58,113,116],[56,57,118],[54,55,115],[53,57,117],[52,55,120],[52,54,112],[53,56,114],
[53,92,134],[54,84,134],[52,90,131],[56,82,131],[57,86,128],[55,88,128],[84,92,134],[86,88,128],[82,90,131],[68,71,74],
[113,116,119],[53,56,57],[52,54,55],[65,89,137],[63,87,138],[61,93,136],[62,91,136],[66,83,137],[64,85,138],[51,73,74],
[50,74,75],[49,70,71],[48,71,72],[47,67,68],[46,68,69],[45,81,111],[44,79,96],[43,78,108],[42,77,105],[41,80,102],
[40,76,99],[39,53,114],[38,52,112],[37,54,115],[36,55,120],[35,56,118],[34,57,117],[90,94,95],[84,106,107],[88,97,98],
[92,100,101],[86,103,104],[82,109,110],[102,118,119],[96,115,116],[111,116,117],[99,112,113],[105,113,114],[108,119,120],[74,133,134],
[74,125,128],[68,127,128],[71,130,131],[68,123,131],[71,121,134],[59,78,119],[60,79,116],[58,81,116],[60,80,119],[58,76,113],
[59,77,113],[53,92,93],[52,90,91],[56,82,83],[55,88,89],[54,84,85],[57,86,87],[53,134,135],[56,131,132],[57,128,129],
[55,126,128],[54,122,134],[52,124,131],[89,98,130],[87,104,121],[93,101,123],[85,107,127],[91,95,133],[83,110,125],[48,110,111],
[49,107,108],[46,104,105],[50,101,102],[51,98,99],[47,95,96],[70,100,102],[72,94,96],[67,109,111],[69,97,99],[73,103,105],
[75,106,108],[78,133,135],[79,130,132],[80,121,122],[81,123,124],[76,127,129],[77,125,126],[33,70,72],[32,67,69],[31,73,75],
[58,65,66],[60,61,62],[59,63,64],[30,56,114],[29,57,118],[28,55,115],[27,53,117],[26,54,112],[25,52,120],[22,23,24],
[19,20,21],[94,97,106],[100,103,109],[16,17,18],[13,14,15],[21,62,110],[24,61,107],[20,65,104],[19,64,101],[23,63,98],
[22,66,95],[17,37,70],[18,38,67],[16,36,73],[14,39,75],[13,34,69],[15,35,72],[12,17,66],[11,16,61],[10,14,65],
[9,15,64],[8,13,62],[7,18,63],[22,23,63],[22,24,66],[19,20,65],[20,21,62],[19,21,64],[23,24,61],[16,17,73],
[17,18,70],[16,18,67],[13,14,75],[14,15,72],[13,15,69],[10,65,104],[9,64,101],[12,66,95],[11,61,107],[8,62,110],
[7,63,98],[10,14,39],[7,18,38],[12,17,37],[11,16,36],[9,15,35],[8,13,34],[15,59,64],[13,60,62],[17,58,66],
[16,60,61],[18,59,63],[14,58,65],[21,48,110],[24,49,107],[20,46,104],[19,50,101],[22,47,95],[23,51,98],[37,70,102],
[35,72,96],[38,67,111],[34,69,99],[39,75,108],[36,73,105],[31,75,106],[31,73,103],[32,69,97],[32,67,109],[33,70,100],
[33,72,94],[78,95,133],[79,98,130],[80,104,121],[81,101,123],[77,110,125],[76,107,127],[30,56,132],[29,57,129],[28,55,126],
[27,53,135],[25,52,124],[26,54,122],[59,78,135],[60,79,132],[58,81,124],[60,80,122],[59,77,126],[58,76,129],[29,102,118],
[28,96,115],[27,111,117],[26,99,112],[25,108,120],[30,105,114],[92,100,103],[90,94,97],[86,103,109],[84,94,106],[82,100,109],
[88,97,106],[39,53,93],[38,52,91],[36,55,89],[35,56,83],[34,57,87],[37,54,85],[48,71,121],[49,71,130],[46,68,123],
[50,74,125],[51,74,133],[47,68,127],[65,89,130],[63,87,121],[61,93,123],[62,91,133],[64,85,127],[66,83,125],[45,48,111],
[43,49,108],[42,46,105],[41,50,102],[40,51,99],[44,47,96],[36,48,120],[34,49,117],[37,46,115],[35,51,118],[38,50,112],
[39,47,114],[29,91,136],[26,83,137],[30,85,138],[27,89,137],[28,93,136],[25,87,138],[6,46,69],[5,51,73],[4,50,75],
[3,49,70],[2,47,67],[1,48,72],[45,81,106],[44,79,103],[41,80,97],[43,78,109],[40,76,100],[42,77,94],[31,136,137],
[32,136,138],[33,137,138],[29,31,136],[26,31,137],[27,33,137],[30,32,138],[25,33,138],[28,32,136],[6,37,46],[5,35,51],
[4,38,50],[3,34,49],[1,36,48],[2,39,47],[81,88,106],[79,92,103],[80,90,97],[78,86,109],[76,82,100],[77,84,94],
[28,93,126],[29,91,129],[30,85,132],[27,89,135],[26,83,122],[25,87,124],[6,15,69],[5,17,73],[4,13,75],[3,18,70],
[1,14,72],[2,16,67],[31,45,106],[31,44,103],[32,41,97],[32,43,109],[33,42,94],[33,40,100],[21,48,120],[24,49,117],
[20,46,115],[19,50,112],[23,51,118],[22,47,114],[22,63,121],[19,65,130],[23,61,123],[20,62,133],[24,66,125],[21,64,127],
[45,48,121],[43,49,130],[42,46,123],[41,50,125],[44,47,127],[40,51,133],[29,37,102],[28,35,96],[27,38,111],[26,34,99],
[30,36,105],[25,39,108],[7,79,98],[10,80,104],[9,81,101],[11,76,107],[12,78,95],[8,77,110],[10,39,93],[7,38,91],
[12,37,85],[11,36,89],[8,34,87],[9,35,83],[15,59,135],[13,60,132],[17,58,124],[16,60,122],[14,58,129],[18,59,126],
[118,120,140],[115,117,139],[112,114,141],[22,114,141],[21,120,140],[19,112,141],[24,117,139],[20,115,139],[23,118,140],[22,45,121],
[21,44,127],[19,43,130],[24,41,125],[20,40,133],[23,42,123],[6,15,135],[3,18,126],[1,14,129],[2,16,122],[5,17,124],
[4,13,132],[11,89,135],[10,93,126],[7,91,129],[12,85,132],[9,83,122],[8,87,124],[11,76,82],[7,79,92],[8,77,84],
[10,80,90],[12,78,86],[9,81,88],[6,29,37],[5,28,35],[4,27,38],[3,26,34],[2,25,39],[1,30,36],[29,31,45],
[26,31,44],[30,32,41],[28,32,43],[25,33,40],[27,33,42],[84,92,143],[82,90,142],[86,88,144],[11,82,142],[10,90,142],
[7,92,143],[8,84,143],[12,86,144],[9,88,144],[6,29,45],[3,26,44],[5,28,43],[1,30,41],[4,27,42],[2,25,40],
[6,11,135],[3,10,126],[5,8,124],[1,7,129],[4,12,132],[2,9,122],[22,45,141],[21,44,140],[19,43,141],[24,41,139],
[23,42,140],[20,40,139],[6,45,141],[3,44,140],[5,43,141],[1,41,139],[2,40,139],[4,42,140],[6,11,142],[3,10,142],
[5,8,143],[1,7,143],[2,9,144],[4,12,144],[6,141,142],[3,140,142],[5,141,143],[1,139,143],[4,140,144],[2,139,144]];
###############################################################

#SurfaceInfo: 243 Vertices, 729 Edges, 486 Faces, IsOrientable=true
 #Vertices of faces:
vof2:=[[241,242,243],[240,241,242],[239,241,243],[238,242,243],[235,236,237],[232,233,234],[229,230,231],[226,227,228],[223,224,225],[220,221,222],
[217,218,219],[214,215,216],[211,212,213],[208,209,210],[205,206,207],[202,203,204],[201,206,218],[200,203,212],[199,209,215],[201,217,218],
[199,214,215],[200,211,212],[199,208,209],[200,202,203],[201,205,206],[197,198,201],[195,196,199],[193,194,200],[197,201,217],[198,201,205],
[193,200,202],[194,200,211],[195,199,208],[196,199,214],[192,197,217],[191,198,205],[190,196,214],[189,193,202],[188,195,208],[187,194,211],
[186,217,219],[185,205,207],[184,208,210],[183,214,216],[182,202,204],[181,211,213],[178,179,180],[175,176,177],[172,173,174],[169,170,171],
[166,167,168],[163,164,165],[179,184,210],[173,181,213],[170,185,207],[167,183,216],[164,182,204],[176,186,219],[186,192,217],[185,191,205],
[183,190,214],[182,189,202],[181,187,211],[184,188,208],[162,183,190],[161,182,189],[160,185,191],[159,184,188],[158,186,192],[157,181,187],
[178,179,184],[172,173,181],[169,170,185],[166,167,183],[163,164,182],[175,176,186],[160,169,185],[159,178,184],[157,172,181],[162,166,183],
[161,163,182],[158,175,186],[156,162,166],[155,161,163],[154,160,169],[153,159,178],[152,158,175],[151,157,172],[150,172,174],[149,166,168],
[148,163,165],[147,169,171],[146,178,180],[145,175,177],[145,149,150],[146,147,148],[149,150,168],[146,147,180],[146,148,165],[147,148,171],
[145,149,177],[145,150,174],[146,153,178],[150,151,172],[145,152,175],[149,156,166],[147,154,169],[148,155,163],[147,154,180],[150,151,168],
[148,155,171],[146,153,165],[145,152,174],[149,156,177],[144,206,218],[143,209,215],[142,203,212],[141,218,219],[140,206,207],[139,212,213],
[138,215,216],[137,203,204],[136,209,210],[135,179,180],[134,173,174],[133,164,165],[132,176,177],[131,170,171],[130,167,168],[129,179,210],
[128,173,213],[127,170,207],[126,164,204],[125,176,219],[124,167,216],[129,135,179],[128,134,173],[127,131,170],[126,133,164],[124,130,167],
[125,132,176],[125,141,219],[129,136,210],[128,139,213],[127,140,207],[124,138,216],[126,137,204],[141,144,218],[140,144,206],[138,143,215],
[136,143,209],[139,142,212],[137,142,203],[132,156,177],[131,155,171],[135,154,180],[133,153,165],[130,151,168],[134,152,174],[122,123,129],
[120,121,128],[118,119,127],[116,117,124],[114,115,126],[112,113,125],[144,223,224],[143,226,227],[142,220,221],[111,197,198],[110,193,194],
[109,195,196],[108,192,197],[107,190,196],[106,189,193],[105,191,198],[104,188,195],[103,187,194],[102,162,190],[101,161,189],[100,160,191],
[99,157,187],[98,158,192],[97,159,188],[96,156,162],[95,155,161],[94,154,160],[93,153,159],[92,151,157],[91,152,158],[96,102,162],
[94,100,160],[92,99,157],[95,101,161],[93,97,159],[91,98,158],[98,108,192],[100,105,191],[102,107,190],[101,106,189],[97,104,188],
[99,103,187],[108,111,197],[103,110,194],[106,110,193],[107,109,196],[104,109,195],[105,111,198],[112,125,132],[122,129,135],[118,127,131],
[120,128,134],[116,124,130],[114,126,133],[96,132,156],[95,131,155],[94,135,154],[93,133,153],[91,134,152],[92,130,151],[141,144,223],
[136,143,226],[140,144,224],[139,142,220],[137,142,221],[138,143,227],[113,125,141],[123,129,136],[121,128,139],[119,127,140],[115,126,137],
[117,124,138],[111,235,236],[110,229,230],[109,232,233],[89,90,100],[87,88,102],[85,86,101],[83,84,99],[81,82,97],[79,80,98],
[108,111,235],[105,111,236],[103,110,229],[104,109,232],[107,109,233],[106,110,230],[79,98,108],[89,100,105],[87,102,107],[83,99,103],
[85,101,106],[81,97,104],[90,94,100],[88,96,102],[84,92,99],[86,95,101],[80,91,98],[82,93,97],[113,141,223],[123,136,226],
[117,138,227],[115,137,221],[119,140,224],[121,139,220],[96,112,132],[94,122,135],[92,116,130],[95,118,131],[93,114,133],[91,120,134],
[77,78,222],[75,76,225],[73,74,228],[72,223,225],[71,226,228],[70,227,228],[69,221,222],[68,220,222],[67,224,225],[71,73,228],
[70,74,228],[68,77,222],[72,75,225],[67,76,225],[69,78,222],[72,113,223],[71,123,226],[70,117,227],[68,121,220],[67,119,224],
[69,115,221],[88,96,112],[90,94,122],[80,91,120],[84,92,116],[82,93,114],[86,95,118],[79,108,235],[89,105,236],[87,107,233],
[85,106,230],[81,104,232],[83,103,229],[66,235,237],[65,236,237],[64,233,234],[63,230,231],[62,229,231],[61,232,234],[59,60,234],
[57,58,231],[55,56,237],[54,112,113],[53,122,123],[52,116,117],[51,120,121],[50,118,119],[49,114,115],[55,65,237],[59,64,234],
[56,66,237],[57,63,231],[60,61,234],[58,62,231],[54,88,112],[53,90,122],[51,80,120],[50,86,118],[52,84,116],[49,82,114],
[66,79,235],[65,89,236],[64,87,233],[63,85,230],[61,81,232],[62,83,229],[54,72,113],[53,71,123],[52,70,117],[51,68,121],
[49,69,115],[50,67,119],[48,72,75],[47,69,78],[46,71,73],[45,70,74],[44,67,76],[43,68,77],[42,79,80],[41,89,90],
[40,87,88],[39,85,86],[38,81,82],[37,83,84],[40,54,88],[41,53,90],[37,52,84],[42,51,80],[38,49,82],[39,50,86],
[42,66,79],[41,65,89],[40,64,87],[39,63,85],[37,62,83],[38,61,81],[36,59,64],[35,56,66],[34,58,62],[33,55,65],
[32,57,63],[31,60,61],[48,54,72],[46,53,71],[45,52,70],[43,51,68],[44,50,67],[47,49,69],[40,48,54],[42,43,51],
[41,46,53],[37,45,52],[39,44,50],[38,47,49],[36,40,64],[35,42,66],[33,41,65],[32,39,63],[31,38,61],[34,37,62],
[36,40,48],[31,38,47],[35,42,43],[33,41,46],[34,37,45],[32,39,44],[30,77,78],[29,73,74],[28,75,76],[27,48,75],
[26,47,78],[25,43,77],[24,46,73],[23,45,74],[22,44,76],[26,30,78],[25,30,77],[22,28,76],[24,29,73],[27,28,75],
[23,29,74],[27,36,48],[26,31,47],[25,35,43],[24,33,46],[22,32,44],[23,34,45],[20,21,29],[18,19,28],[16,17,30],
[15,59,60],[14,55,56],[13,57,58],[12,36,59],[11,31,60],[10,35,56],[9,33,55],[8,32,57],[7,34,58],[12,15,59],
[11,15,60],[10,14,56],[7,13,58],[8,13,57],[9,14,55],[18,27,28],[20,23,29],[21,24,29],[16,26,30],[17,25,30],
[19,22,28],[12,27,36],[11,26,31],[8,22,32],[10,25,35],[7,23,34],[9,24,33],[5,6,15],[3,4,13],[1,2,14],
[5,12,15],[6,11,15],[3,8,13],[1,10,14],[2,9,14],[4,7,13],[12,18,27],[11,16,26],[8,19,22],[10,17,25],
[9,21,24],[7,20,23],[5,12,18],[6,11,16],[3,8,19],[1,10,17],[4,7,20],[2,9,21],[18,19,240],[16,17,239],
[20,21,238],[5,18,240],[6,16,239],[2,21,238],[4,20,238],[3,19,240],[1,17,239],[5,6,241],[1,2,243],[3,4,242],
[5,240,241],[6,239,241],[1,239,243],[4,238,242],[3,240,242],[2,238,243]];
###############################################################

#SurfaceInfo: 81 Vertices, 729 Edges, 486 Faces, IsOrientable=true
 #Vertices of faces:
vof3:=[[79,80,81],[78,79,80],[77,80,81],[76,79,81],[73,74,75],[70,71,72],[67,68,69],[64,65,66],[61,62,63],[58,59,60],
[55,56,57],[52,53,54],[51,73,74],[50,73,75],[49,74,75],[46,47,48],[45,46,47],[44,46,48],[43,47,48],[42,45,46],
[41,45,47],[40,44,46],[39,43,48],[38,43,47],[37,44,48],[36,51,73],[35,50,75],[34,51,74],[33,50,73],[32,49,75],
[31,49,74],[34,48,76],[33,47,78],[36,47,76],[32,46,77],[31,48,77],[35,46,78],[29,30,77],[27,28,78],[25,26,76],
[24,35,50],[23,33,50],[22,32,49],[21,36,51],[20,34,51],[19,31,49],[18,34,74],[17,36,73],[16,31,74],[15,35,75],
[14,32,75],[13,33,73],[25,36,76],[29,32,77],[26,34,76],[27,33,78],[28,35,78],[30,31,77],[32,42,46],[36,41,47],
[33,38,47],[34,37,48],[35,40,46],[31,39,48],[11,12,36],[9,10,32],[7,8,31],[6,9,35],[5,7,34],[4,11,33],
[22,61,62],[19,58,59],[20,62,63],[21,58,60],[24,59,60],[23,61,63],[11,19,22],[7,23,24],[9,20,21],[28,55,56],
[27,52,53],[25,55,57],[30,56,57],[29,52,54],[26,53,54],[3,27,28],[2,25,26],[1,29,30],[28,42,45],[27,41,45],
[29,40,44],[30,37,44],[26,39,43],[25,38,43],[28,45,71],[30,44,68],[26,43,65],[27,45,70],[29,44,67],[25,43,64],
[28,42,55],[30,37,56],[25,38,57],[27,41,52],[26,39,53],[29,40,54],[1,30,57],[2,26,54],[1,29,52],[3,27,53],
[3,28,56],[2,25,55],[11,22,61],[11,19,58],[9,20,62],[7,23,63],[7,24,59],[9,21,60],[11,17,36],[11,13,33],
[9,14,32],[9,15,35],[7,16,31],[7,18,34],[22,32,62],[24,35,60],[20,34,63],[19,31,59],[23,33,61],[21,36,58],
[3,34,37],[3,31,39],[2,35,40],[1,36,41],[2,32,42],[1,33,38],[10,29,32],[5,26,34],[4,27,33],[12,25,36],
[8,30,31],[6,28,35],[9,40,42],[7,37,39],[11,38,41],[32,35,66],[31,34,72],[33,36,69],[11,12,30],[9,10,26],
[7,8,28],[5,7,27],[4,11,29],[6,9,25],[12,30,59],[6,25,58],[10,26,63],[8,28,60],[5,27,61],[4,29,62],
[9,42,55],[11,41,52],[7,37,56],[11,38,57],[9,40,54],[7,39,53],[10,29,61],[5,26,62],[4,27,63],[12,25,60],
[6,28,59],[8,30,58],[32,62,66],[35,60,66],[33,61,69],[34,63,72],[36,58,69],[31,59,72],[9,26,65],[11,30,68],
[7,28,71],[7,27,70],[9,25,64],[11,29,67],[11,17,61],[11,13,58],[9,15,62],[9,14,60],[7,18,59],[7,16,63],
[2,32,54],[1,36,57],[1,33,52],[3,34,53],[2,35,55],[3,31,56],[32,35,80],[33,36,79],[31,34,81],[32,44,68],
[36,43,65],[33,45,71],[35,45,70],[31,44,67],[34,43,64],[32,44,80],[35,45,80],[36,43,79],[33,45,79],[34,43,81],
[31,44,81],[32,54,68],[36,57,65],[34,53,64],[33,52,71],[31,56,67],[35,55,70],[9,55,65],[7,53,71],[11,52,68],
[7,56,70],[11,57,67],[9,54,64],[27,63,72],[28,59,72],[30,58,69],[26,62,66],[25,60,66],[29,61,69],[17,27,61],
[14,28,60],[18,30,59],[13,25,58],[15,29,62],[16,26,63],[19,22,44],[20,21,43],[23,24,45],[24,27,50],[23,28,50],
[22,30,49],[20,25,51],[19,29,49],[21,26,51],[18,44,74],[17,45,73],[16,43,74],[14,45,75],[13,43,73],[15,44,75],
[8,55,58],[5,52,62],[10,53,61],[6,57,59],[4,54,63],[12,56,60],[5,54,61],[12,55,59],[10,52,63],[6,56,58],
[4,53,62],[8,57,60],[6,24,56],[4,23,53],[10,22,52],[12,21,55],[8,19,57],[5,20,54],[4,22,54],[5,23,52],
[12,19,56],[8,24,55],[10,20,53],[6,21,57],[17,23,45],[18,19,44],[16,20,43],[14,24,45],[15,22,44],[13,21,43],
[55,58,65],[57,59,67],[54,63,64],[53,61,71],[56,60,70],[52,62,68],[17,27,50],[14,28,50],[18,30,49],[13,25,51],
[16,26,51],[15,29,49],[24,27,72],[23,28,72],[22,30,69],[21,26,66],[19,29,69],[20,25,66],[55,59,70],[54,61,68],
[52,63,71],[57,60,65],[56,58,67],[53,62,64],[44,74,80],[45,73,80],[44,75,81],[43,74,79],[45,75,79],[43,73,81],
[13,17,47],[14,15,46],[16,18,48],[38,41,73],[40,42,75],[37,39,74],[48,73,76],[47,75,78],[47,74,76],[46,74,77],
[46,73,78],[48,75,77],[1,38,58],[3,37,59],[1,41,61],[3,39,63],[2,42,60],[2,40,62],[38,73,76],[42,75,78],
[39,74,76],[41,73,78],[40,75,77],[37,74,77],[38,58,65],[37,59,67],[39,63,64],[41,61,71],[40,62,68],[42,60,70],
[47,74,80],[46,74,79],[48,73,80],[46,73,81],[48,75,79],[47,75,81],[1,58,67],[3,59,70],[1,61,68],[3,63,71],
[2,62,64],[2,60,65],[17,47,50],[14,46,50],[18,48,49],[13,47,51],[15,46,49],[16,48,51],[18,19,56],[16,20,53],
[17,23,52],[13,21,57],[14,24,55],[15,22,54],[24,56,72],[23,53,72],[22,52,69],[21,55,66],[20,54,66],[19,57,69],
[51,64,65],[50,70,71],[49,67,68],[5,71,72],[10,64,66],[8,70,72],[6,65,66],[12,67,69],[4,68,69],[1,13,17],
[3,16,18],[2,14,15],[1,4,22],[3,5,23],[1,12,19],[3,8,24],[2,6,21],[2,10,20],[12,21,38],[6,24,42],
[10,22,40],[5,20,39],[4,23,41],[8,19,37],[4,5,10],[6,8,12],[1,4,17],[2,10,15],[3,5,16],[2,6,14],
[1,12,13],[3,8,18],[4,5,71],[6,8,70],[6,12,65],[8,12,67],[4,10,68],[5,10,64],[5,39,72],[8,37,72],
[12,38,69],[6,42,66],[4,41,69],[10,40,66],[38,51,65],[42,50,70],[40,49,68],[37,49,67],[39,51,64],[41,50,71],
[1,22,67],[3,23,70],[1,19,68],[3,24,71],[2,20,65],[2,21,64],[22,40,77],[21,38,76],[24,42,78],[20,39,76],
[19,37,77],[23,41,78],[18,56,72],[16,53,72],[17,52,69],[13,57,69],[15,54,66],[14,55,66],[48,51,79],[47,50,80],
[46,50,79],[48,49,80],[47,51,81],[46,49,81],[24,71,78],[22,67,77],[19,68,77],[21,64,76],[20,65,76],[23,70,78],
[38,51,79],[39,51,81],[42,50,80],[37,49,81],[41,50,79],[40,49,80],[17,38,69],[18,39,72],[15,42,66],[16,37,72],
[13,41,69],[14,40,66],[4,17,71],[8,18,67],[10,15,68],[5,16,64],[12,13,65],[6,14,70],[17,71,78],[18,67,77],
[15,68,77],[16,64,76],[14,70,78],[13,65,76],[17,38,79],[18,39,81],[15,42,80],[16,37,81],[14,40,80],[13,41,79],
[17,78,79],[18,77,81],[15,77,80],[16,76,81],[13,76,79],[14,78,80]];
###############################################################

#SurfaceInfo: 81 Vertices, 729 Edges, 486 Faces, IsOrientable=true
 #Vertices of faces:
vof4:=[[79,80,81],[78,79,80],[77,80,81],[76,79,81],[73,74,75],[70,71,72],[67,68,69],[64,65,66],[61,62,63],[58,59,60],
[55,56,57],[52,53,54],[49,50,51],[46,47,48],[44,45,77],[41,42,43],[38,39,40],[36,37,76],[33,34,35],[31,32,78],
[41,42,65],[35,44,77],[42,43,59],[41,45,77],[36,40,76],[38,39,53],[39,40,68],[34,37,76],[31,43,78],[33,34,56],
[32,38,78],[33,35,62],[41,54,65],[35,50,77],[43,59,63],[41,51,77],[40,49,76],[38,53,57],[40,60,68],[34,50,76],
[34,56,66],[43,51,78],[35,62,69],[38,49,78],[30,35,50],[29,41,54],[28,41,51],[27,43,63],[26,40,49],[27,38,57],
[25,34,50],[24,40,60],[24,34,66],[23,43,51],[22,38,49],[29,35,69],[29,46,47],[21,49,50],[20,49,51],[27,46,48],
[24,47,48],[19,50,51],[21,30,50],[29,41,46],[27,43,46],[20,28,51],[27,38,48],[20,26,49],[19,25,50],[24,40,48],
[19,23,51],[24,34,47],[21,22,49],[29,35,47],[18,41,46],[21,30,37],[21,22,36],[17,35,47],[20,28,31],[16,43,46],
[20,26,32],[15,38,48],[14,40,48],[19,25,44],[13,34,47],[19,23,45],[12,20,43],[11,15,68],[10,19,41],[11,14,53],
[9,18,59],[8,21,40],[7,20,38],[9,16,65],[6,17,56],[5,21,34],[6,13,62],[4,19,35],[41,43,80],[11,44,45],
[9,36,37],[38,40,79],[6,31,32],[34,35,81],[11,44,68],[20,43,80],[11,45,53],[19,41,80],[21,34,81],[6,32,56],
[19,35,81],[6,31,62],[21,40,79],[9,36,59],[9,37,65],[20,38,79],[9,18,41],[8,21,37],[6,13,34],[4,19,45],
[10,19,44],[11,14,40],[12,20,32],[11,15,38],[9,16,43],[7,20,31],[6,17,35],[5,21,36],[6,25,30],[20,57,63],
[19,54,69],[9,23,28],[21,60,66],[11,22,26],[67,68,74],[64,65,71],[58,59,75],[61,62,73],[52,53,72],[55,56,70],
[3,68,69],[2,62,63],[1,59,60],[2,56,57],[3,53,54],[1,65,66],[12,43,74],[15,36,68],[14,32,53],[10,41,70],
[18,31,59],[8,40,73],[16,45,65],[7,38,71],[17,37,56],[5,34,72],[13,44,62],[4,35,75],[35,44,67],[5,42,65],
[41,45,52],[8,42,59],[10,39,53],[36,40,58],[34,37,64],[4,39,68],[7,33,56],[31,43,61],[12,33,62],[32,38,55],
[29,44,54],[2,30,35],[27,32,63],[1,28,41],[27,31,57],[3,26,40],[24,37,60],[2,25,34],[1,23,43],[24,36,66],
[29,45,69],[3,22,38],[30,37,72],[18,20,46],[23,45,70],[13,19,47],[25,44,75],[14,20,48],[15,21,48],[26,32,71],
[16,19,46],[28,31,74],[17,21,47],[22,36,73],[58,61,67],[53,56,65],[52,55,64],[59,62,68],[5,56,65],[44,58,67],
[12,59,62],[32,55,64],[7,53,56],[31,61,67],[4,62,68],[37,52,64],[36,58,61],[10,53,65],[8,59,68],[45,52,55],
[15,24,36],[1,43,74],[2,35,75],[13,29,44],[2,34,72],[17,24,37],[3,40,73],[18,27,31],[1,41,70],[14,27,32],
[3,38,71],[16,29,45],[18,20,63],[6,30,72],[11,22,73],[17,21,66],[9,28,74],[16,19,54],[11,26,71],[15,21,60],
[14,20,57],[6,25,75],[13,19,69],[9,23,70],[3,22,68],[3,45,69],[2,30,56],[3,44,54],[1,36,66],[1,23,65],
[2,25,62],[1,37,60],[3,26,53],[2,31,57],[1,28,59],[2,32,63],[36,68,74],[12,67,74],[4,58,75],[44,62,73],
[37,56,70],[5,52,72],[45,65,71],[7,64,71],[8,61,73],[31,59,75],[10,55,70],[32,53,72],[20,48,80],[44,68,75],
[45,53,70],[19,47,80],[36,59,73],[21,47,79],[20,46,79],[37,65,72],[32,56,71],[21,48,81],[31,62,74],[19,46,81],
[8,37,42],[9,41,52],[5,36,42],[6,35,67],[9,43,61],[7,31,33],[11,38,55],[12,32,33],[11,40,58],[10,39,44],
[4,39,45],[6,34,64],[2,7,12],[13,17,50],[1,5,8],[14,15,49],[3,4,10],[16,18,51],[60,73,74],[54,70,71],
[63,74,75],[57,71,72],[69,73,75],[66,70,72],[33,57,63],[25,30,47],[23,28,46],[39,54,69],[42,60,66],[22,26,48],
[46,50,77],[54,55,65],[59,63,67],[47,51,77],[53,57,64],[47,49,76],[48,50,76],[60,61,68],[52,56,66],[48,51,78],
[46,49,78],[58,62,69],[22,48,76],[42,60,61],[39,58,69],[28,46,78],[39,54,55],[23,46,77],[26,48,78],[42,52,66],
[30,47,76],[33,57,64],[33,63,67],[25,47,77],[6,57,72],[18,63,74],[9,66,70],[13,69,75],[6,63,75],[14,57,71],
[15,60,73],[11,54,71],[9,60,74],[16,54,70],[17,66,72],[11,69,73],[47,51,79],[59,67,73],[47,49,80],[53,64,70],
[58,62,74],[46,49,81],[55,65,72],[46,50,79],[61,68,75],[48,50,80],[48,51,81],[52,56,71],[1,8,74],[15,24,49],
[14,27,49],[1,5,70],[18,27,51],[3,4,73],[17,24,50],[2,7,72],[13,29,50],[2,12,75],[16,29,51],[3,10,71],
[5,9,52],[37,42,70],[6,7,64],[39,45,71],[39,44,73],[4,11,58],[6,12,67],[36,42,74],[31,33,75],[8,9,61],
[32,33,72],[10,11,55],[3,44,58],[5,30,56],[2,31,67],[7,26,53],[2,32,64],[12,28,59],[3,45,55],[8,22,68],
[1,36,61],[10,23,65],[1,37,52],[4,25,62],[25,67,69],[30,64,66],[22,58,60],[28,61,63],[23,52,54],[26,55,57],
[2,13,17],[7,12,27],[3,14,15],[5,8,24],[1,16,18],[4,10,29],[7,26,27],[2,13,67],[12,27,28],[2,17,64],
[5,24,30],[3,15,58],[8,22,24],[3,14,55],[10,23,29],[1,18,61],[4,25,29],[1,16,52],[25,69,77],[25,33,67],
[30,33,64],[30,66,76],[28,42,61],[22,60,76],[22,39,58],[28,63,78],[23,54,77],[26,39,55],[23,42,52],[26,57,78],
[16,42,70],[5,9,60],[14,39,71],[6,7,63],[4,11,54],[15,39,73],[18,42,74],[6,12,57],[8,9,66],[13,33,75],
[10,11,69],[17,33,72],[4,67,73],[27,51,79],[5,64,70],[27,49,80],[24,49,81],[8,58,74],[24,50,79],[7,55,72],
[29,50,80],[12,61,75],[10,52,71],[29,51,81],[26,27,79],[4,13,67],[5,17,64],[27,28,80],[8,15,58],[24,30,81],
[7,14,55],[22,24,79],[12,18,61],[23,29,80],[25,29,81],[10,16,52],[5,60,76],[16,28,42],[7,63,78],[14,22,39],
[15,26,39],[4,54,77],[8,66,76],[13,30,33],[12,57,78],[18,23,42],[17,25,33],[10,69,77],[14,22,79],[7,14,78],
[4,13,77],[15,26,79],[13,30,81],[8,15,76],[16,28,80],[5,17,76],[18,23,80],[12,18,78],[10,16,77],[17,25,81],
[14,78,79],[15,76,79],[13,77,81],[18,78,80],[17,76,81],[16,77,80]];
###############################################################

#SurfaceInfo: 81 Vertices, 729 Edges, 486 Faces, IsOrientable=true
 #Vertices of faces:
vof5:=[[79,80,81],[78,79,80],[77,79,81],[76,80,81],[73,74,75],[70,71,72],[67,68,69],[64,65,66],[63,73,74],[62,70,71],
[61,71,72],[60,70,72],[59,73,75],[58,74,75],[57,67,68],[56,64,65],[55,65,66],[54,64,66],[53,67,69],[52,68,69],
[51,63,73],[50,61,71],[49,60,72],[48,58,74],[47,59,75],[46,62,70],[43,44,45],[40,41,42],[37,38,39],[34,35,36],
[33,37,38],[32,34,35],[31,35,36],[30,34,36],[29,37,39],[28,38,39],[27,43,44],[26,43,45],[25,44,45],[24,40,41],
[23,41,42],[22,40,42],[34,68,75],[37,65,72],[38,66,71],[35,69,74],[36,67,73],[39,64,70],[54,57,77],[19,20,21],
[52,55,78],[16,17,18],[13,14,15],[53,56,76],[19,20,75],[50,54,77],[20,21,71],[51,57,77],[16,17,70],[47,52,78],
[17,18,73],[49,55,78],[46,56,76],[13,14,74],[48,53,76],[14,15,72],[34,53,75],[37,54,72],[35,57,74],[38,56,71],
[39,55,70],[36,52,73],[43,50,77],[19,52,75],[16,56,70],[43,47,78],[15,55,72],[44,48,76],[44,49,78],[18,57,73],
[45,51,77],[21,54,71],[13,53,74],[45,46,76],[20,56,71],[35,51,57],[36,47,52],[17,55,70],[17,52,73],[39,49,55],
[38,46,56],[14,57,74],[14,54,72],[34,48,53],[37,50,54],[20,53,75],[19,27,43],[15,27,44],[16,25,45],[21,26,43],
[13,25,44],[18,26,45],[24,40,47],[24,41,49],[22,42,51],[23,41,48],[22,40,50],[23,42,46],[20,33,37],[14,32,34],
[20,30,36],[17,31,35],[17,28,38],[14,29,39],[24,31,47],[12,40,47],[11,41,49],[24,28,49],[10,42,46],[22,29,50],
[9,42,51],[23,30,48],[8,41,48],[22,32,51],[23,33,46],[7,40,50],[19,27,52],[19,43,50],[21,43,47],[16,25,56],
[15,27,55],[15,44,48],[18,26,57],[13,44,49],[21,26,54],[16,45,51],[18,45,46],[13,25,53],[20,33,53],[20,37,50],
[14,34,48],[14,32,54],[17,35,51],[20,30,56],[14,29,57],[17,38,46],[14,39,49],[17,28,52],[17,31,55],[20,36,47],
[6,30,33],[48,49,80],[47,50,79],[5,29,32],[46,51,81],[4,28,31],[6,50,71],[27,49,60],[6,47,75],[25,48,58],
[26,50,61],[5,49,72],[27,47,59],[5,48,74],[25,46,62],[4,46,70],[26,51,63],[4,51,73],[27,49,80],[6,33,71],
[25,48,80],[6,30,75],[5,29,72],[26,50,79],[5,32,74],[27,47,79],[4,28,70],[25,46,81],[4,31,73],[26,51,81],
[27,52,60],[6,19,50],[25,56,58],[6,21,47],[5,13,49],[26,57,61],[5,15,48],[27,55,59],[4,18,46],[25,53,62],
[26,54,63],[4,16,51],[12,20,47],[24,31,55],[24,28,52],[11,14,49],[23,30,56],[9,17,51],[10,17,46],[22,29,57],
[22,32,54],[8,14,48],[7,20,50],[23,33,53],[5,57,67],[6,56,64],[4,52,68],[6,53,69],[5,54,66],[4,55,65],
[12,54,64],[8,55,66],[7,52,69],[11,53,67],[9,56,65],[10,57,68],[3,48,49],[25,30,33],[2,47,50],[26,29,32],
[27,28,31],[1,46,51],[31,47,69],[12,26,40],[28,49,66],[11,25,41],[30,48,67],[9,25,42],[29,50,64],[10,26,42],
[32,51,68],[8,27,41],[7,27,40],[33,46,65],[9,25,33],[3,48,67],[3,49,66],[11,25,30],[12,26,29],[2,47,69],
[10,26,32],[2,50,64],[8,27,28],[1,51,68],[1,46,65],[7,27,31],[30,67,75],[25,42,80],[26,42,79],[29,64,72],
[27,41,79],[32,68,74],[25,41,81],[28,66,70],[26,40,81],[31,69,73],[33,65,71],[27,40,80],[8,24,55],[12,20,64],
[10,22,57],[10,17,68],[9,17,65],[9,23,56],[11,14,67],[7,24,52],[8,14,66],[12,22,54],[11,23,53],[7,20,69],
[6,19,69],[4,52,60],[6,21,64],[6,56,58],[4,55,59],[5,15,66],[5,57,61],[5,13,67],[4,16,65],[5,54,63],
[6,53,62],[4,18,68],[9,10,45],[17,59,60],[14,61,63],[7,12,43],[8,11,44],[20,58,62],[19,21,40],[3,54,57],
[16,18,42],[1,52,55],[2,53,56],[13,15,41],[28,65,72],[31,68,75],[29,66,71],[30,69,74],[32,67,73],[33,64,70],
[37,62,65],[34,63,68],[35,59,69],[38,60,66],[39,61,64],[36,58,67],[35,52,75],[42,43,77],[41,45,76],[36,53,74],
[39,54,71],[40,45,77],[41,43,78],[37,56,70],[40,44,78],[34,57,73],[42,44,76],[38,55,72],[3,34,57],[19,40,78],
[18,42,77],[1,35,52],[13,41,76],[2,36,53],[1,38,55],[16,42,76],[15,41,78],[2,37,56],[3,39,54],[21,40,77],
[42,43,80],[35,67,75],[40,45,80],[39,65,71],[34,69,73],[40,44,81],[41,43,81],[37,66,70],[38,64,72],[42,44,79],
[36,68,74],[41,45,79],[4,38,60],[19,59,69],[18,63,68],[6,37,62],[5,34,63],[16,62,65],[13,58,67],[5,39,61],
[15,60,66],[4,35,59],[6,36,58],[21,61,64],[20,62,64],[8,24,44],[20,58,69],[11,23,44],[12,22,43],[14,61,66],
[7,24,43],[14,63,67],[17,60,65],[9,23,45],[17,59,68],[10,22,45],[9,33,70],[3,32,67],[1,31,68],[8,28,72],
[2,30,69],[12,29,71],[2,33,64],[10,32,73],[7,31,75],[1,28,65],[11,30,74],[3,29,66],[3,63,74],[2,62,71],
[1,60,70],[3,61,72],[2,58,75],[1,59,73],[24,59,60],[4,9,10],[6,7,12],[22,61,63],[23,58,62],[5,8,11],
[18,32,35],[13,30,34],[19,31,36],[16,33,38],[15,28,39],[21,29,37],[3,29,63],[3,11,74],[2,12,71],[2,30,62],
[3,32,61],[1,9,70],[1,31,60],[3,8,72],[1,10,73],[2,33,58],[2,7,75],[1,28,59],[4,9,38],[19,24,59],
[21,22,61],[6,7,36],[4,10,35],[15,24,60],[5,8,39],[13,23,58],[16,23,62],[5,11,34],[6,12,37],[18,22,63],
[1,18,35],[18,32,77],[19,31,78],[3,13,34],[2,19,36],[13,30,76],[16,33,76],[1,16,38],[2,21,37],[15,28,78],
[21,29,77],[3,15,39],[35,63,67],[24,43,80],[22,45,79],[36,59,68],[24,44,79],[38,62,64],[37,61,66],[22,43,81],
[23,44,81],[34,58,69],[39,60,65],[23,45,80],[1,9,18],[32,61,77],[3,8,13],[31,60,78],[30,62,76],[2,12,19],
[33,58,76],[1,10,16],[28,59,78],[2,7,21],[3,11,15],[29,63,77],[9,38,62],[19,24,79],[18,22,81],[12,37,61],
[11,34,58],[16,23,81],[13,23,80],[8,39,60],[15,24,80],[10,35,63],[7,36,59],[21,22,79],[12,61,77],[9,18,81],
[8,60,78],[8,13,80],[12,19,79],[9,62,76],[10,16,81],[11,58,76],[7,21,79],[7,59,78],[10,63,77],[11,15,80],
[7,78,79],[11,76,80],[10,77,81],[9,76,81],[12,77,79],[8,78,80]];
###############################################################

#SurfaceInfo: 75 Vertices, 750 Edges, 500 Faces, IsOrientable=false
 #Vertices of faces:
vof6:=[[73,74,75],[72,73,74],[71,74,75],[70,73,75],[67,68,69],[64,65,66],[61,62,63],[59,60,68],[57,58,69],[55,56,65],
[53,54,63],[51,52,62],[49,50,66],[47,48,68],[45,46,65],[43,44,69],[41,42,62],[39,40,66],[37,38,63],[34,35,36],
[31,32,33],[28,29,30],[25,26,27],[22,23,24],[19,20,21],[18,23,56],[17,29,54],[16,32,50],[15,26,52],[14,20,60],
[13,35,58],[20,52,69],[32,60,65],[35,56,68],[29,58,62],[26,50,63],[23,54,66],[18,56,68],[15,52,69],[14,60,65],
[13,58,62],[17,54,66],[16,50,63],[22,45,68],[19,47,65],[25,41,69],[34,43,62],[28,37,66],[31,39,63],[22,23,45],
[19,20,47],[25,26,41],[34,35,43],[31,32,39],[28,29,37],[45,47,68],[45,47,65],[41,43,69],[41,43,62],[37,39,63],
[37,39,66],[12,16,41],[11,17,45],[10,18,43],[9,15,47],[8,13,37],[7,14,39],[19,40,61],[22,44,61],[25,48,64],
[31,42,67],[34,38,64],[28,46,67],[16,17,29],[16,17,32],[13,15,35],[14,18,23],[14,18,20],[13,15,26],[27,35,68],
[29,33,62],[30,32,65],[21,23,66],[20,24,69],[26,36,63],[25,27,35],[19,21,23],[28,30,32],[29,31,33],[20,22,24],
[26,34,36],[19,39,40],[34,37,38],[25,47,48],[22,43,44],[31,41,42],[28,45,46],[11,23,45],[10,35,43],[9,20,47],
[7,32,39],[8,29,37],[12,26,41],[25,59,60],[28,55,56],[34,53,54],[31,51,52],[22,57,58],[19,49,50],[32,60,68],
[26,50,66],[29,58,69],[35,56,65],[23,54,63],[20,52,62],[34,61,62],[22,67,68],[19,64,65],[25,67,69],[31,61,63],
[28,64,66],[18,59,68],[15,57,69],[14,55,65],[16,53,63],[13,51,62],[17,49,66],[6,39,45],[5,37,41],[4,43,47],
[16,24,38],[17,27,40],[18,33,48],[15,30,44],[14,36,46],[13,21,42],[26,29,71],[20,35,70],[23,32,72],[3,26,29],
[2,23,32],[1,20,35],[26,38,52],[35,48,58],[23,40,56],[32,46,50],[20,44,60],[29,42,54],[27,42,62],[33,40,66],
[30,38,63],[21,48,68],[24,46,65],[36,44,69],[23,40,70],[35,48,71],[32,46,71],[29,42,72],[26,38,70],[20,44,72],
[24,38,46],[21,42,48],[27,40,42],[33,40,48],[30,38,44],[36,44,46],[16,38,52],[13,42,54],[18,48,58],[17,40,56],
[14,46,50],[15,44,60],[1,18,20],[3,16,29],[2,17,32],[1,15,35],[2,14,23],[3,13,26],[26,66,71],[29,69,71],
[32,68,72],[35,65,70],[20,62,70],[23,63,72],[5,34,37],[4,22,43],[6,19,39],[4,25,47],[6,28,45],[5,31,41],
[27,62,68],[33,62,66],[30,63,65],[21,66,68],[36,63,69],[24,65,69],[10,25,35],[7,28,32],[8,29,31],[9,20,22],
[11,19,23],[12,26,34],[34,40,61],[22,42,67],[19,38,64],[25,46,67],[28,48,64],[31,44,61],[18,42,59],[17,48,49],
[13,40,51],[15,46,57],[14,38,55],[16,44,53],[25,55,59],[28,55,59],[31,51,57],[22,51,57],[19,49,53],[34,49,53],
[10,18,42],[11,17,48],[12,16,44],[9,15,46],[7,14,38],[8,13,40],[5,52,54],[4,58,60],[6,50,56],[68,69,74],
[62,63,73],[65,66,75],[62,68,74],[62,66,73],[63,65,75],[66,68,75],[65,69,74],[63,69,73],[5,16,52],[5,13,54],
[4,18,58],[6,17,56],[4,15,60],[6,14,50],[10,40,42],[11,42,48],[12,44,46],[9,38,46],[8,40,48],[7,38,44],
[10,25,55],[7,28,59],[8,31,57],[9,22,51],[12,34,49],[11,19,53],[5,34,40],[4,22,42],[6,19,38],[4,25,46],
[5,31,44],[6,28,48],[23,62,70],[35,66,71],[32,69,71],[29,68,72],[20,63,72],[26,65,70],[2,42,59],[1,40,51],
[3,46,57],[2,44,53],[3,48,49],[1,38,55],[2,17,59],[3,13,49],[1,18,51],[3,16,57],[1,15,55],[2,14,53],
[42,57,72],[40,53,70],[46,59,71],[48,55,71],[44,51,72],[38,49,70],[45,55,71],[37,53,70],[43,57,72],[41,51,72],
[39,49,70],[47,59,71],[2,42,57],[1,38,49],[1,40,53],[3,46,59],[3,48,55],[2,44,51],[5,10,40],[6,8,48],
[5,7,44],[4,11,42],[6,9,38],[4,12,46],[5,16,57],[5,13,49],[4,18,51],[6,17,59],[6,14,53],[4,15,55],
[35,66,73],[32,69,73],[29,68,75],[23,62,74],[26,65,74],[20,63,75],[10,12,55],[7,8,59],[7,8,57],[9,11,51],
[9,11,53],[10,12,49],[25,57,60],[19,50,55],[22,58,59],[28,49,56],[31,52,53],[34,51,54],[19,35,36],[22,32,33],
[26,27,28],[25,29,30],[23,24,31],[20,21,34],[7,9,12],[8,10,11],[19,36,55],[22,33,59],[27,28,49],[25,30,57],
[21,34,51],[24,31,53],[9,12,55],[8,11,59],[8,10,49],[10,11,51],[7,12,57],[7,9,53],[19,35,73],[22,32,73],
[25,29,75],[23,31,74],[20,34,75],[26,28,74],[43,57,60],[39,49,56],[41,51,54],[37,52,53],[47,58,59],[45,50,55],
[2,5,57],[3,6,59],[1,5,49],[2,4,51],[1,6,53],[3,4,55],[5,6,9],[5,6,10],[4,5,11],[4,6,8],
[4,6,12],[4,5,7],[9,18,43],[11,14,39],[8,16,41],[12,13,37],[10,15,47],[7,17,45],[18,19,61],[14,22,61],
[16,28,67],[13,25,64],[15,34,64],[17,31,67],[9,18,61],[10,15,64],[11,14,61],[8,16,67],[7,17,67],[12,13,64],
[9,43,60],[11,39,56],[8,41,54],[12,37,52],[7,45,50],[10,47,58],[18,19,73],[16,28,74],[14,22,73],[13,25,75],
[17,31,74],[15,34,75],[2,5,9],[3,6,10],[1,5,11],[2,4,8],[3,4,7],[1,6,12],[9,36,55],[11,33,59],
[8,27,49],[12,30,57],[7,24,53],[10,21,51],[16,24,39],[18,33,45],[15,30,41],[17,27,37],[13,21,43],[14,36,47],
[2,39,45],[1,43,47],[3,37,41],[2,24,39],[3,27,37],[2,33,45],[3,30,41],[1,36,47],[1,21,43],[18,45,73],
[17,37,74],[13,43,75],[15,41,75],[14,47,73],[16,39,74],[9,36,60],[11,33,56],[8,27,54],[12,30,52],[10,21,58],
[7,24,50],[2,9,61],[3,10,64],[1,11,61],[2,8,67],[1,12,64],[3,7,67],[58,60,67],[50,56,64],[52,54,61],
[45,60,71],[37,50,70],[43,52,72],[41,58,72],[39,54,70],[47,56,71],[24,30,36],[21,27,33],[52,61,72],[60,67,71],
[50,64,70],[56,64,71],[58,67,72],[54,61,70],[24,36,60],[24,30,50],[30,36,52],[21,27,58],[27,33,54],[21,33,56],
[45,60,73],[37,50,74],[43,52,75],[41,58,75],[39,54,74],[47,56,73],[2,24,61],[3,30,67],[1,36,64],[3,27,64],
[2,33,67],[1,21,61],[24,60,73],[30,50,74],[36,52,75],[27,58,75],[21,56,73],[33,54,74],[24,61,72],[30,67,71],
[36,64,70],[27,64,71],[21,61,70],[33,67,72],[24,72,73],[30,71,74],[36,70,75],[27,71,75],[33,72,74],[21,70,73]];
###############################################################

#SurfaceInfo: 100 Vertices, 750 Edges, 500 Faces, IsOrientable=true
 #Vertices of faces:
vof7:=[[98,99,100],[97,98,99],[96,98,100],[95,99,100],[92,93,94],[89,90,91],[86,87,88],[83,84,85],[80,81,82],[77,78,79],
[75,76,84],[73,74,78],[71,72,81],[69,70,76],[68,70,74],[66,67,72],[65,67,79],[63,64,82],[62,64,85],[60,61,65],
[58,59,62],[56,57,63],[54,55,66],[52,53,69],[50,51,68],[49,54,83],[48,50,71],[48,60,75],[47,52,80],[49,56,77],
[47,58,73],[46,52,74],[45,56,85],[44,54,79],[43,58,82],[42,60,72],[41,50,76],[44,54,83],[46,52,80],[45,56,77],
[43,58,73],[41,50,71],[42,60,75],[40,69,93],[40,68,90],[39,66,93],[39,65,87],[38,63,90],[38,62,87],[52,69,93],
[50,68,90],[54,66,93],[60,65,87],[58,62,87],[56,63,90],[40,69,70],[40,68,70],[39,66,67],[39,65,67],[38,62,64],
[38,63,64],[37,54,61],[36,51,52],[35,55,60],[34,50,53],[33,56,59],[32,57,58],[31,39,63],[30,38,66],[29,38,69],
[28,40,65],[27,40,62],[26,39,68],[25,48,50],[25,48,60],[25,47,58],[25,49,54],[25,49,56],[25,47,52],[24,54,79],
[23,58,82],[22,56,85],[21,50,76],[20,52,74],[19,60,72],[24,54,55],[21,50,51],[22,56,57],[23,58,59],[20,52,53],
[19,60,61],[39,63,82],[40,62,85],[38,69,76],[38,66,72],[40,65,79],[39,68,74],[51,52,93],[55,60,87],[50,53,90],
[57,58,87],[56,59,90],[54,61,93],[18,83,84],[18,77,78],[17,75,84],[16,73,78],[16,80,81],[17,71,81],[45,84,85],
[42,72,81],[43,81,82],[44,78,79],[41,76,84],[46,74,78],[39,86,87],[40,92,93],[40,89,90],[39,93,94],[38,87,88],
[38,90,91],[44,83,85],[46,80,82],[45,77,79],[42,75,76],[43,73,74],[41,71,72],[27,29,39],[30,31,40],[26,28,38],
[34,47,70],[35,49,67],[33,47,64],[32,49,64],[37,48,67],[36,48,70],[14,15,81],[12,13,78],[10,11,84],[14,15,25],
[10,11,25],[12,13,25],[44,47,80],[42,47,73],[46,49,83],[43,48,75],[41,49,77],[45,48,71],[9,67,79],[8,64,82],
[7,64,85],[7,70,76],[9,70,74],[8,67,72],[46,83,94],[42,73,88],[43,75,86],[45,71,89],[44,80,92],[41,77,91],
[9,34,70],[7,36,70],[9,35,67],[8,33,64],[7,32,64],[8,37,67],[44,47,70],[45,48,70],[42,47,64],[46,49,67],
[43,48,67],[41,49,64],[12,25,56],[14,25,50],[10,25,60],[13,25,58],[11,25,54],[15,25,52],[14,42,81],[15,43,81],
[11,45,84],[12,44,78],[13,46,78],[10,41,84],[31,40,85],[28,38,72],[27,39,82],[26,38,76],[29,39,74],[30,40,79],
[9,24,79],[8,23,82],[7,22,85],[7,21,76],[8,19,72],[9,20,74],[24,55,87],[22,57,87],[23,59,90],[20,53,90],
[21,51,93],[19,61,93],[31,39,86],[28,40,92],[27,40,89],[26,39,94],[29,38,91],[30,38,88],[44,60,85],[41,52,72],
[43,56,74],[46,50,82],[45,58,79],[42,54,76],[18,84,87],[18,78,87],[16,78,90],[16,81,90],[17,81,93],[17,84,93],
[35,60,85],[36,52,72],[37,54,76],[34,50,82],[32,58,79],[33,56,74],[5,6,70],[3,4,64],[1,2,67],[9,92,94],
[8,86,88],[7,89,91],[9,24,94],[8,23,88],[7,22,91],[7,21,89],[9,20,92],[8,19,86],[5,44,70],[6,45,70],
[3,42,64],[1,46,67],[4,41,64],[2,43,67],[9,35,85],[7,36,72],[8,37,76],[9,34,82],[8,33,74],[7,32,79],
[24,84,87],[22,78,87],[23,78,90],[20,81,90],[19,84,93],[21,81,93],[31,85,86],[28,72,92],[27,82,89],[26,76,94],
[30,79,88],[29,74,91],[13,46,94],[14,42,88],[15,43,86],[11,45,89],[10,41,91],[12,44,92],[1,44,60],[3,43,56],
[5,46,50],[2,42,54],[6,41,52],[4,45,58],[1,10,60],[6,15,52],[3,12,56],[5,14,50],[4,13,58],[2,11,54],
[1,71,89],[3,83,94],[5,75,86],[6,73,88],[2,77,91],[4,80,92],[6,17,73],[3,16,83],[1,18,71],[2,17,77],
[4,18,80],[5,16,75],[1,44,89],[4,45,92],[3,43,94],[5,46,86],[6,41,88],[2,42,91],[9,85,86],[8,74,91],
[7,79,88],[7,72,92],[9,82,89],[8,76,94],[5,14,44],[6,15,45],[3,12,42],[1,10,46],[2,11,43],[4,13,41],
[14,23,88],[15,19,86],[11,21,89],[13,24,94],[12,20,92],[10,22,91],[24,84,97],[22,78,95],[23,78,95],[20,81,96],
[21,81,96],[19,84,97],[18,63,83],[17,65,71],[16,62,80],[18,66,77],[16,69,73],[17,68,75],[23,61,65],[19,59,62],
[20,55,66],[21,57,63],[24,53,69],[22,51,68],[21,23,24],[19,20,22],[23,65,71],[19,62,80],[20,66,77],[21,63,83],
[22,68,75],[24,69,73],[23,24,97],[19,22,95],[19,20,97],[20,22,96],[21,23,95],[21,24,96],[14,23,61],[15,19,59],
[11,21,57],[13,24,53],[10,22,51],[12,20,55],[18,63,71],[18,66,80],[17,68,77],[16,69,83],[16,62,75],[17,65,73],
[14,44,89],[10,46,86],[15,45,92],[12,42,91],[11,43,94],[13,41,88],[9,89,98],[9,86,98],[7,92,100],[8,91,99],
[8,94,99],[7,88,100],[35,55,63],[32,57,66],[37,61,68],[33,59,69],[34,53,62],[36,51,65],[14,31,63],[15,30,66],
[12,26,68],[11,29,69],[10,27,62],[13,28,65],[14,55,63],[10,53,62],[15,57,66],[12,61,68],[13,51,65],[11,59,69],
[35,63,71],[32,66,80],[37,68,77],[33,69,83],[36,65,73],[34,62,75],[14,31,61],[12,26,55],[15,30,59],[11,29,57],
[13,28,53],[10,27,51],[14,89,98],[10,86,98],[15,92,100],[12,91,99],[13,88,100],[11,94,99],[23,71,97],[19,80,95],
[20,77,97],[21,83,95],[24,73,96],[22,75,96],[34,47,55],[33,47,61],[32,49,51],[35,49,53],[36,48,57],[37,48,59],
[27,29,47],[26,28,48],[30,31,49],[29,47,55],[30,49,53],[27,47,61],[31,49,51],[28,48,59],[26,48,57],[31,33,61],
[28,35,53],[29,36,57],[27,32,51],[30,37,59],[26,34,55],[35,71,97],[32,80,95],[37,77,97],[33,83,95],[34,75,96],
[36,73,96],[14,55,98],[10,53,98],[15,57,100],[12,61,99],[11,59,99],[13,51,100],[3,4,17],[1,2,16],[5,6,18],
[6,17,31],[3,16,28],[1,18,29],[2,17,27],[4,18,26],[5,16,30],[33,35,36],[32,34,37],[6,18,29],[3,17,31],
[1,16,28],[2,16,30],[4,17,27],[5,18,26],[33,35,97],[35,36,96],[33,36,95],[32,34,96],[34,37,97],[32,37,95],
[6,31,33],[3,28,35],[1,29,36],[2,27,32],[4,26,34],[5,30,37],[29,55,98],[31,51,100],[28,59,99],[30,53,98],
[27,61,99],[26,57,100],[6,33,97],[3,35,96],[1,36,95],[2,32,96],[5,37,95],[4,34,97],[6,29,98],[3,31,100],
[1,28,99],[2,30,98],[5,26,100],[4,27,99],[6,97,98],[3,96,100],[1,95,99],[2,96,98],[4,97,99],[5,95,100]];
###############################################################

#SurfaceInfo: 84 Vertices, 756 Edges, 504 Faces, IsOrientable=false
 #Vertices of faces:
vof8:=[[82,83,84],[81,82,83],[80,82,84],[79,83,84],[76,77,78],[73,74,75],[70,71,72],[67,68,69],[64,65,66],[61,62,63],
[58,59,60],[55,56,57],[53,54,80],[51,52,81],[49,50,79],[47,48,54],[45,46,50],[43,44,51],[41,42,53],[39,40,52],
[37,38,49],[35,36,42],[33,34,40],[31,32,44],[29,30,48],[27,28,38],[25,26,46],[24,54,68],[23,51,56],[22,49,71],
[21,50,65],[20,53,59],[19,52,62],[18,35,42],[17,29,48],[16,31,44],[15,33,40],[14,27,38],[13,25,46],[18,22,49],
[16,21,50],[17,23,51],[15,20,53],[14,19,52],[13,24,54],[18,35,49],[17,29,51],[16,31,50],[15,33,53],[13,25,54],
[14,27,52],[23,45,46],[19,41,42],[22,39,40],[20,37,38],[21,47,48],[24,43,44],[42,53,80],[38,49,79],[48,54,80],
[44,51,81],[46,50,79],[40,52,81],[12,70,71],[11,64,65],[10,61,62],[9,58,59],[8,55,56],[7,67,68],[49,50,82],
[53,54,83],[51,52,84],[6,35,36],[5,29,30],[4,27,28],[5,33,34],[6,25,26],[4,31,32],[29,51,84],[35,49,82],
[33,53,83],[31,50,82],[27,52,84],[25,54,83],[9,20,59],[11,21,65],[7,24,68],[12,22,71],[8,23,56],[10,19,62],
[18,42,80],[17,48,80],[16,44,81],[15,40,81],[13,46,79],[14,38,79],[16,21,47],[18,22,39],[17,23,45],[15,20,37],
[13,24,43],[14,19,41],[27,42,44],[25,42,44],[35,40,46],[29,40,46],[33,38,48],[31,38,48],[9,29,58],[7,35,67],
[10,31,61],[8,33,55],[12,25,70],[11,27,64],[29,58,67],[35,58,67],[27,64,70],[25,64,70],[33,55,61],[31,55,61],
[3,63,69],[2,60,66],[1,57,72],[3,11,12],[1,7,9],[2,8,10],[3,28,38],[2,34,40],[1,36,42],[1,30,48],
[3,26,46],[2,32,44],[22,28,40],[21,26,48],[24,30,44],[23,32,46],[20,36,38],[19,34,42],[19,70,72],[24,64,66],
[20,61,63],[21,55,57],[22,58,60],[23,67,69],[11,73,74],[10,76,77],[12,76,78],[7,74,75],[9,77,78],[8,73,75],
[3,47,54],[2,45,50],[1,43,51],[2,41,53],[1,37,49],[3,39,52],[6,9,26],[6,11,36],[5,10,30],[4,8,28],
[4,12,32],[5,7,34],[19,20,22],[21,23,24],[19,22,28],[23,24,30],[21,23,32],[21,24,26],[19,20,34],[20,22,36],
[3,28,47],[1,30,37],[2,32,41],[2,34,45],[3,26,39],[1,36,43],[1,9,42],[3,11,46],[1,7,48],[3,12,38],
[2,10,40],[2,8,44],[6,11,27],[5,7,35],[5,10,31],[6,9,29],[4,12,25],[4,8,33],[18,69,80],[13,72,79],
[15,57,81],[17,60,80],[14,66,79],[16,63,81],[31,55,82],[27,70,84],[29,67,84],[35,58,82],[25,64,83],[33,61,83],
[9,26,56],[11,36,62],[10,30,65],[8,28,59],[7,34,71],[12,32,68],[3,54,75],[2,50,74],[3,52,77],[1,49,76],
[1,51,73],[2,53,78],[7,55,74],[9,70,77],[11,67,73],[10,58,76],[8,64,75],[12,61,78],[3,7,75],[2,11,74],
[1,12,76],[3,10,77],[1,8,73],[2,9,78],[20,63,76],[19,72,78],[21,57,75],[22,60,77],[24,66,73],[23,69,74],
[19,21,70],[19,21,55],[22,24,64],[22,24,58],[20,23,67],[20,23,61],[30,44,65],[26,48,56],[32,46,68],[36,38,62],
[28,40,59],[34,42,71],[3,17,63],[3,15,69],[2,18,66],[1,16,72],[1,14,57],[2,13,60],[5,29,72],[4,27,69],
[6,35,57],[5,33,66],[4,31,60],[6,25,63],[27,44,69],[33,48,66],[35,46,57],[29,40,72],[31,38,60],[25,42,63],
[18,39,66],[14,41,57],[16,47,72],[13,43,60],[17,45,63],[15,37,69],[9,20,47],[11,21,37],[7,24,41],[12,22,45],
[10,19,43],[8,23,39],[20,47,76],[21,37,75],[24,41,73],[22,45,77],[23,39,74],[19,43,78],[55,74,77],[70,74,77],
[67,73,78],[61,73,78],[58,75,76],[64,75,76],[5,63,69],[4,57,72],[6,60,66],[5,11,12],[6,8,10],[4,7,9],
[21,53,59],[19,54,68],[22,51,56],[20,50,65],[24,52,62],[23,49,71],[26,71,72],[36,68,69],[34,56,57],[28,65,66],
[30,59,60],[32,62,63],[27,42,50],[35,40,54],[31,48,52],[25,44,49],[33,38,51],[29,46,53],[17,60,68],[15,57,62],
[16,56,63],[14,66,71],[18,59,69],[13,65,72],[37,39,41],[43,45,47],[50,51,54],[49,52,53],[31,52,53],[27,50,54],
[35,51,54],[25,49,52],[29,49,53],[33,50,51],[14,26,71],[13,28,65],[18,30,59],[17,36,68],[15,32,62],[16,34,56],
[37,41,69],[37,39,66],[45,47,72],[43,45,63],[43,47,60],[39,41,57],[5,26,72],[5,28,66],[4,30,60],[4,36,69],
[6,34,57],[6,32,63],[60,68,77],[59,69,74],[57,62,75],[66,71,73],[65,72,78],[56,63,76],[21,53,70],[19,54,55],
[22,51,64],[24,52,58],[23,49,61],[20,50,67],[42,50,74],[46,53,78],[40,54,75],[38,51,73],[48,52,77],[44,49,76],
[5,63,81],[5,69,80],[4,72,79],[6,66,79],[6,60,80],[4,57,81],[5,12,35],[5,11,31],[6,10,27],[4,9,33],
[4,7,25],[6,8,29],[19,28,68],[23,30,71],[24,26,62],[21,32,59],[22,36,56],[20,34,65],[44,65,69],[48,56,66],
[46,57,68],[40,59,72],[42,63,71],[38,60,62],[2,11,18],[1,12,16],[3,10,17],[1,8,14],[2,9,13],[3,7,15],
[9,56,70],[11,62,67],[10,58,65],[8,59,64],[12,61,68],[7,55,71],[55,77,82],[70,74,84],[67,78,84],[58,75,82],
[61,73,83],[64,76,83],[9,42,47],[11,37,46],[7,41,48],[12,38,45],[8,39,44],[10,40,43],[28,47,76],[30,37,75],
[32,41,73],[34,45,77],[36,43,78],[26,39,74],[41,65,69],[37,56,66],[39,57,68],[45,59,72],[47,60,62],[43,63,71],
[26,62,67],[28,61,68],[30,55,71],[32,59,64],[34,58,65],[36,56,70],[11,18,31],[12,16,35],[10,17,27],[8,14,29],
[7,15,25],[9,13,33],[39,44,76],[42,47,74],[40,43,75],[37,46,78],[41,48,77],[38,45,73],[68,77,82],[59,74,84],
[65,78,84],[62,75,82],[56,76,83],[71,73,83],[5,26,81],[5,28,80],[4,30,79],[4,36,81],[6,32,80],[6,34,79],
[13,28,76],[14,26,74],[18,30,75],[17,36,78],[16,34,77],[15,32,73],[31,53,70],[27,54,55],[35,51,64],[25,52,58],
[33,50,67],[29,49,61],[39,68,82],[47,62,82],[43,71,83],[37,56,83],[45,59,84],[41,65,84],[13,39,76],[14,47,74],
[18,43,75],[17,37,78],[15,45,73],[16,41,77],[13,33,67],[14,29,61],[18,31,70],[17,27,55],[15,25,58],[16,35,64],
[26,67,81],[28,61,80],[36,70,81],[30,55,79],[34,58,79],[32,64,80],[13,67,81],[14,61,80],[18,70,81],[17,55,79],
[16,64,80],[15,58,79],[13,39,82],[14,47,82],[18,43,83],[17,37,83],[16,41,84],[15,45,84],[13,81,82],[14,80,82],
[18,81,83],[17,79,83],[15,79,84],[16,80,84]];
###############################################################

#SurfaceInfo: 168 Vertices, 756 Edges, 504 Faces, IsOrientable=true
 #Vertices of faces:
vof9:=[[166,167,168],[165,166,167],[164,166,168],[163,167,168],[160,161,162],[157,158,159],[154,155,156],[151,152,153],[149,150,155],[148,149,154],
[146,147,152],[145,146,151],[149,154,155],[146,151,152],[144,154,156],[143,150,155],[142,152,153],[141,148,149],[140,145,151],[139,146,147],
[138,155,156],[137,148,154],[136,151,153],[135,149,150],[134,147,152],[133,145,146],[130,131,132],[127,128,129],[124,125,126],[121,122,123],
[118,119,120],[115,116,117],[119,143,150],[125,141,148],[128,144,156],[122,139,147],[131,142,153],[116,140,145],[123,138,155],[126,136,151],
[117,135,149],[120,133,146],[132,137,154],[129,134,152],[114,121,122],[113,127,128],[112,124,125],[111,130,131],[110,118,119],[109,115,116],
[108,119,120],[107,122,123],[106,125,126],[105,128,129],[104,116,117],[103,131,132],[103,132,137],[107,123,138],[106,126,136],[104,117,135],
[108,120,133],[105,129,134],[101,102,138],[99,100,134],[97,98,137],[95,96,135],[93,94,136],[91,92,133],[90,97,137],[89,101,138],
[88,93,136],[87,95,135],[86,91,133],[85,99,134],[84,122,147],[83,128,156],[82,131,153],[81,119,150],[80,116,145],[79,125,148],
[84,114,122],[81,110,119],[79,112,125],[82,111,131],[80,109,116],[83,113,128],[78,83,84],[77,79,82],[76,80,81],[75,139,146],
[74,142,152],[73,141,149],[72,144,154],[71,143,155],[70,140,151],[69,138,156],[68,137,148],[67,136,153],[66,135,150],[65,133,145],
[64,134,147],[84,160,161],[79,157,158],[81,158,159],[83,157,159],[82,160,162],[80,161,162],[95,126,151],[93,117,149],[91,123,155],
[101,120,146],[97,129,152],[99,132,154],[63,89,138],[62,88,136],[62,90,137],[61,87,135],[61,86,133],[63,85,134],[60,69,156],
[59,65,145],[58,64,147],[57,67,153],[56,66,150],[55,68,148],[63,69,138],[62,68,137],[62,67,136],[61,66,135],[63,64,134],
[61,65,133],[75,101,146],[73,93,149],[70,95,151],[71,91,155],[72,99,154],[74,97,152],[85,99,132],[87,95,126],[88,93,117],
[86,91,123],[89,101,120],[90,97,129],[81,110,158],[84,114,160],[79,112,157],[80,109,161],[83,113,159],[82,111,162],[78,84,147],
[78,83,156],[77,82,153],[76,81,150],[76,80,145],[77,79,148],[98,103,137],[102,107,138],[96,104,135],[92,108,133],[100,105,134],
[94,106,136],[54,62,90],[53,61,86],[52,63,85],[53,61,87],[52,63,89],[54,62,88],[84,141,161],[82,143,160],[79,139,158],
[81,142,159],[80,144,162],[83,140,157],[73,141,161],[75,139,158],[74,142,159],[72,144,162],[70,140,157],[71,143,160],[50,51,54],
[48,49,52],[46,47,53],[44,45,63],[42,43,62],[40,41,61],[39,83,84],[38,80,81],[37,79,82],[75,130,132],[73,127,129],
[71,124,126],[72,118,120],[74,115,117],[70,121,123],[36,131,142],[35,122,139],[34,116,140],[33,119,143],[32,125,141],[31,128,144],
[90,114,121],[86,113,127],[85,112,124],[87,111,130],[89,109,115],[88,110,118],[30,108,119],[30,107,122],[29,103,131],[29,105,128],
[28,104,116],[28,106,125],[59,65,114],[55,68,113],[57,67,109],[56,66,112],[60,69,110],[58,64,111],[103,104,107],[105,106,108],
[66,85,112],[65,90,114],[68,86,113],[64,87,111],[69,88,110],[67,89,109],[30,35,122],[30,33,119],[28,32,125],[29,31,128],
[29,36,131],[28,34,116],[27,75,158],[26,71,160],[25,70,157],[24,73,161],[23,74,159],[22,72,162],[39,84,141],[38,81,142],
[37,79,139],[37,82,143],[38,80,144],[39,83,140],[54,90,121],[53,86,127],[52,85,124],[53,87,130],[54,88,118],[52,89,115],
[98,103,107],[94,106,108],[92,105,108],[100,105,106],[102,104,107],[96,103,104],[75,101,130],[72,99,118],[74,97,115],[73,93,127],
[70,95,121],[71,91,124],[44,63,69],[40,61,65],[42,62,67],[41,61,66],[45,63,64],[43,62,68],[55,77,148],[59,76,145],
[58,78,147],[60,78,156],[56,76,150],[57,77,153],[21,60,110],[20,56,112],[19,57,109],[18,59,114],[17,58,111],[16,55,113],
[15,30,107],[15,30,108],[14,29,103],[14,29,105],[13,28,106],[13,28,104],[32,51,141],[36,50,142],[35,48,139],[33,47,143],
[31,49,144],[34,46,140],[12,75,132],[11,73,129],[10,74,117],[9,70,123],[8,71,126],[7,72,120],[36,50,54],[35,48,52],
[34,46,53],[33,47,53],[31,49,52],[32,51,54],[40,110,158],[44,114,160],[42,112,157],[41,109,161],[43,111,162],[45,113,159],
[12,85,132],[11,90,129],[8,87,126],[10,88,117],[7,89,120],[9,86,123],[18,44,114],[21,40,110],[20,42,112],[19,41,109],
[16,45,113],[17,43,111],[14,46,47],[15,50,51],[13,48,49],[30,42,43],[29,40,41],[28,44,45],[55,101,102],[59,99,100],
[56,97,98],[58,93,94],[57,91,92],[60,95,96],[24,48,73],[23,47,74],[22,46,72],[25,49,70],[26,50,71],[27,51,75],
[17,18,19],[16,20,21],[14,23,47],[14,22,46],[15,26,50],[15,27,51],[13,24,48],[13,25,49],[12,51,75],[8,50,71],
[11,48,73],[10,47,74],[7,46,72],[9,49,70],[17,18,59],[17,19,58],[20,21,60],[18,19,57],[16,21,55],[16,20,56],
[55,77,102],[57,77,92],[59,76,100],[58,78,94],[60,78,96],[56,76,98],[29,31,40],[28,34,44],[30,33,42],[29,36,41],
[28,32,45],[30,35,43],[27,40,158],[26,44,160],[25,42,157],[24,41,161],[23,45,159],[22,43,162],[18,44,69],[21,40,65],
[20,42,67],[19,41,66],[17,43,68],[16,45,64],[15,98,107],[15,94,108],[14,96,103],[14,92,105],[13,102,104],[13,100,106],
[36,54,121],[35,52,115],[33,53,127],[31,52,124],[32,54,118],[34,53,130],[39,51,141],[38,50,142],[37,48,139],[37,47,143],
[39,46,140],[38,49,144],[10,69,88],[11,65,90],[7,67,89],[12,66,85],[9,68,86],[8,64,87],[6,55,101],[5,59,99],
[4,56,97],[3,58,93],[2,60,95],[1,57,91],[6,101,130],[5,99,118],[4,97,115],[3,93,127],[1,91,124],[2,95,121],
[1,31,124],[6,34,130],[3,33,127],[2,36,121],[5,32,118],[4,35,115],[10,18,69],[11,21,65],[7,20,67],[12,19,66],
[8,16,64],[9,17,68],[27,31,40],[26,34,44],[25,33,42],[24,36,41],[22,35,43],[23,32,45],[1,18,57],[6,21,55],
[2,20,60],[5,17,59],[4,16,56],[3,19,58],[12,39,51],[8,38,50],[11,37,48],[10,37,47],[9,38,49],[7,39,46],
[14,22,96],[15,26,98],[15,27,94],[14,23,92],[13,25,100],[13,24,102],[77,102,163],[77,92,163],[78,96,165],[76,100,164],
[76,98,164],[78,94,165],[27,94,165],[26,98,164],[25,100,164],[24,102,163],[23,92,163],[22,96,165],[1,27,31],[6,26,34],
[3,25,33],[2,24,36],[5,23,32],[4,22,35],[1,10,18],[6,11,21],[3,12,19],[2,7,20],[5,9,17],[4,8,16],
[10,37,166],[11,37,166],[12,39,168],[7,39,168],[9,38,167],[8,38,167],[1,10,166],[6,11,166],[3,12,168],[2,7,168],
[4,8,167],[5,9,167],[1,27,165],[6,26,164],[3,25,164],[2,24,163],[4,22,165],[5,23,163],[1,165,166],[6,164,166],
[3,164,168],[2,163,168],[5,163,167],[4,165,167]];
###############################################################

#SurfaceInfo: 108 Vertices, 756 Edges, 504 Faces, IsOrientable=false
 #Vertices of faces:
vof10:=[[106,107,108],[105,106,107],[104,107,108],[103,106,108],[100,101,102],[97,98,99],[94,95,96],[91,92,93],[89,90,95],[88,89,94],
[86,87,92],[85,86,91],[89,94,95],[86,91,92],[84,95,96],[83,89,90],[82,91,93],[81,88,94],[80,85,86],[79,87,92],
[78,94,96],[77,88,89],[76,92,93],[75,90,95],[74,86,87],[73,85,91],[71,72,101],[69,70,98],[67,68,97],[65,66,100],
[63,64,99],[61,62,102],[60,83,89],[59,81,94],[58,84,95],[58,79,92],[59,82,91],[60,80,86],[68,78,96],[66,76,93],
[70,75,90],[72,73,85],[64,77,88],[62,74,87],[57,65,100],[56,69,98],[55,67,97],[54,71,101],[53,63,99],[52,61,102],
[63,64,85],[65,66,96],[67,68,93],[69,70,87],[61,62,90],[71,72,88],[64,71,88],[65,68,96],[66,67,93],[61,70,90],
[63,72,85],[62,69,87],[51,55,65],[50,52,69],[49,53,71],[48,56,61],[47,57,67],[46,54,63],[49,53,74],[51,55,73],
[47,57,75],[48,56,76],[46,54,78],[50,52,77],[57,58,79],[56,58,84],[54,59,82],[53,60,83],[52,60,80],[55,59,81],
[57,79,100],[53,83,99],[55,81,97],[54,82,101],[52,80,102],[56,84,98],[44,45,58],[42,43,59],[40,41,60],[39,79,87],
[38,82,93],[37,81,88],[36,84,96],[35,83,90],[34,80,85],[33,78,94],[32,77,89],[31,76,92],[30,75,95],[29,73,91],
[28,74,86],[37,100,101],[39,97,98],[38,97,99],[34,98,99],[35,101,102],[36,100,102],[34,66,76],[37,70,75],[35,68,78],
[39,72,73],[38,62,74],[36,64,77],[33,55,73],[31,57,75],[32,53,74],[30,56,76],[29,54,78],[28,52,77],[33,45,78],
[29,41,73],[28,44,74],[31,42,76],[30,40,75],[32,43,77],[33,73,94],[32,74,89],[31,75,92],[30,76,95],[28,77,86],
[29,78,91],[39,72,79],[37,70,81],[34,66,80],[35,68,83],[36,64,84],[38,62,82],[36,50,77],[34,48,76],[37,47,75],
[35,46,78],[39,51,73],[38,49,74],[38,83,99],[37,79,100],[39,81,97],[36,80,102],[34,84,98],[35,82,101],[44,57,58],
[45,56,58],[42,54,59],[40,53,60],[41,52,60],[43,55,59],[49,64,71],[51,65,68],[48,61,70],[46,63,72],[50,62,69],
[47,66,67],[32,53,57],[29,54,56],[28,52,55],[30,54,56],[33,52,55],[31,53,57],[27,37,101],[26,35,102],[26,39,98],
[25,38,97],[25,36,100],[27,34,99],[27,37,88],[26,39,87],[25,38,93],[25,36,96],[27,34,85],[26,35,90],[23,24,59],
[21,22,58],[19,20,60],[86,94,105],[89,92,103],[91,95,104],[27,44,45],[25,40,41],[26,42,43],[18,72,101],[17,70,98],
[16,68,97],[15,64,99],[14,62,102],[13,66,100],[12,59,91],[11,58,92],[10,60,86],[9,60,89],[8,59,94],[7,58,95],
[41,57,65],[43,56,69],[40,55,67],[44,54,71],[42,52,61],[45,53,63],[9,64,85],[11,66,96],[12,72,88],[7,70,87],
[10,62,90],[8,68,93],[17,41,73],[13,43,77],[15,42,76],[18,40,75],[14,45,78],[16,44,74],[48,49,51],[46,47,50],
[18,40,67],[17,41,65],[13,43,69],[16,44,71],[14,45,63],[15,42,61],[11,92,96],[9,85,89],[8,93,94],[7,87,95],
[12,88,91],[10,86,90],[6,26,87],[5,26,90],[4,27,85],[3,27,88],[2,25,93],[1,25,96],[27,45,101],[25,41,97],
[26,42,98],[26,43,102],[25,40,100],[27,44,99],[32,41,57],[29,43,56],[28,40,55],[30,44,54],[31,45,53],[33,42,52],
[48,49,64],[47,50,66],[46,47,72],[46,50,62],[49,51,68],[48,51,70],[18,72,79],[15,64,84],[14,62,82],[17,70,81],
[13,66,80],[16,68,83],[73,94,105],[78,91,104],[75,92,103],[76,95,104],[77,86,105],[74,89,103],[32,43,55],[29,41,52],
[28,44,57],[33,45,56],[30,40,53],[31,42,54],[6,14,78],[4,18,75],[3,15,76],[5,17,73],[1,16,74],[2,13,77],
[11,64,66],[9,64,66],[12,70,72],[7,70,72],[8,62,68],[10,62,68],[8,45,59],[12,41,59],[11,42,58],[9,43,60],
[7,40,58],[10,44,60],[18,50,101],[17,49,98],[14,47,102],[13,46,100],[16,48,97],[15,51,99],[23,41,59],[21,42,58],
[19,44,60],[20,43,60],[22,40,58],[24,45,59],[6,38,83],[5,37,79],[4,39,81],[3,36,80],[1,35,82],[2,34,84],
[18,36,50],[17,38,49],[16,34,48],[14,37,47],[15,39,51],[13,35,46],[5,37,73],[6,38,78],[4,39,75],[3,36,76],
[2,34,77],[1,35,74],[19,20,25],[23,24,26],[21,22,27],[89,92,107],[91,95,106],[86,94,108],[19,55,65],[24,52,69],
[21,53,71],[20,57,67],[22,54,63],[23,56,61],[3,27,49],[2,25,47],[1,25,51],[4,27,46],[5,26,48],[6,26,50],
[15,16,17],[13,14,18],[19,25,47],[20,25,51],[24,26,48],[23,26,50],[22,27,49],[21,27,46],[6,50,101],[5,48,97],
[3,49,98],[2,47,102],[1,51,99],[4,46,100],[5,15,17],[1,16,17],[6,13,14],[3,15,16],[2,13,18],[4,14,18],
[19,32,55],[22,31,54],[24,29,52],[20,28,57],[23,33,56],[21,30,53],[87,95,106],[86,90,108],[85,89,107],[88,91,106],
[93,94,108],[92,96,107],[6,83,87],[5,79,90],[4,81,85],[3,80,88],[2,84,93],[1,82,96],[37,73,105],[38,78,104],
[39,75,103],[36,76,104],[35,74,103],[34,77,105],[11,48,64],[9,50,66],[12,51,70],[7,47,72],[10,49,68],[8,46,62],
[23,32,41],[21,33,42],[20,29,43],[22,28,40],[24,31,45],[19,30,44],[8,45,101],[12,41,97],[11,42,98],[9,43,102],
[10,44,99],[7,40,100],[14,37,63],[17,38,65],[15,39,61],[18,36,67],[13,35,69],[16,34,71],[18,19,65],[15,24,69],
[14,21,71],[17,20,67],[13,23,61],[16,22,63],[18,19,79],[15,24,84],[14,21,82],[17,20,81],[16,22,83],[13,23,80],
[22,28,83],[19,30,79],[20,29,81],[23,32,80],[24,31,84],[21,33,82],[37,63,105],[38,65,104],[39,61,103],[36,67,104],
[34,71,105],[35,69,103],[83,87,106],[79,90,108],[81,85,107],[80,88,106],[82,96,107],[84,93,108],[3,16,63],[2,18,65],
[6,13,61],[5,15,69],[4,14,71],[1,17,67],[6,8,101],[5,12,97],[3,11,98],[2,9,102],[4,7,100],[1,10,99],
[12,20,51],[11,24,48],[9,23,50],[7,19,47],[8,21,46],[10,22,49],[19,22,32],[19,22,31],[20,23,33],[21,24,29],
[21,24,30],[20,23,28],[9,23,28],[11,24,30],[8,21,29],[10,22,32],[7,19,31],[12,20,33],[28,83,106],[30,79,108],
[29,81,107],[32,80,106],[31,84,108],[33,82,107],[3,63,105],[2,65,104],[1,67,104],[6,61,103],[5,69,103],[4,71,105],
[2,3,9],[2,3,11],[1,6,8],[1,6,10],[4,5,7],[4,5,12],[3,9,105],[2,11,104],[1,8,104],[6,10,103],
[4,12,105],[5,7,103],[9,28,106],[11,30,108],[8,29,107],[10,32,106],[12,33,107],[7,31,108],[9,105,106],[11,104,108],
[8,104,107],[10,103,106],[7,103,108],[12,105,107]];
###############################################################

