#SurfaceInfo: 112 Vertices, 672 Edges, 448 Faces, IsOrientable=true
 #Vertices of faces:
vof1:=[[110,111,112],[108,109,111],[106,107,110],[105,108,110],[103,104,112],[101,102,111],[100,106,112],[98,99,109],[96,97,110],[94,95,108],
[93,103,111],[92,101,109],[90,91,107],[88,89,105],[86,87,112],[84,85,111],[82,83,106],[81,98,108],[80,96,107],[79,94,105],
[77,78,104],[75,76,102],[73,74,100],[72,93,109],[70,71,110],[69,70,108],[67,68,103],[65,66,101],[64,90,106],[87,88,110],
[63,86,104],[62,84,102],[61,82,100],[63,78,99],[59,60,97],[58,61,95],[56,57,93],[54,55,92],[53,105,107],[52,81,105],
[50,51,112],[56,97,111],[49,50,106],[48,74,98],[46,47,96],[44,45,94],[43,77,103],[42,75,101],[73,102,112],[41,72,99],
[40,70,97],[39,69,95],[38,67,93],[65,90,92],[91,92,99],[41,78,89],[36,37,87],[35,49,85],[38,72,83],[33,34,81],
[31,32,80],[53,68,79],[58,100,104],[48,64,100],[29,30,109],[33,85,108],[28,84,103],[27,29,101],[26,57,90],[37,55,88],
[24,25,86],[22,23,84],[21,42,82],[24,63,98],[34,59,96],[20,61,94],[54,95,109],[19,53,91],[52,77,89],[18,50,87],
[17,85,97],[41,49,83],[16,48,81],[46,77,80],[44,75,79],[78,80,91],[76,79,89],[19,74,99],[27,28,71],[15,27,70],
[16,52,66],[22,45,64],[14,71,87],[12,13,63],[11,12,62],[26,43,93],[37,42,92],[10,35,107],[9,10,105],[22,71,106],
[13,69,98],[10,30,96],[9,60,94],[21,34,75],[32,73,76],[8,26,72],[6,7,70],[5,6,69],[16,34,67],[20,25,65],
[8,41,88],[36,45,86],[14,35,84],[20,38,82],[31,83,107],[39,58,78],[7,29,93],[4,70,85],[19,28,68],[27,66,77],
[26,44,64],[22,62,63],[21,59,61],[62,76,78],[60,61,74],[39,57,91],[32,55,89],[30,51,69],[13,56,60],[17,30,50],
[44,47,48],[6,42,43],[5,42,83],[15,51,102],[3,19,41],[2,40,54],[1,19,39],[21,24,81],[34,76,80],[20,67,79],
[4,27,104],[4,23,100],[6,51,103],[5,56,101],[49,55,90],[3,88,96],[4,35,86],[10,51,84],[23,37,82],[16,45,59],
[14,25,61],[12,54,58],[11,52,53],[21,43,52],[9,33,50],[2,47,97],[3,33,49],[14,36,48],[20,46,66],[11,19,73],
[15,57,69],[16,64,65],[12,68,104],[11,66,102],[2,9,81],[29,50,71],[13,32,74],[30,47,98],[45,60,63],[6,40,92],
[5,39,41],[16,36,38],[25,35,90],[40,60,99],[37,38,57],[4,10,29],[21,25,26],[20,24,47],[3,34,68],[30,59,95],
[28,32,77],[8,18,31],[17,18,53],[8,25,87],[14,58,62],[33,46,94],[27,68,75],[1,73,86],[15,40,72],[7,67,76],
[6,65,67],[36,42,44],[35,36,83],[15,38,66],[31,54,72],[2,48,58],[18,23,85],[1,22,28],[15,26,75],[2,39,56],
[1,32,54],[17,49,89],[43,44,46],[1,45,95],[8,23,64],[9,29,56],[13,55,57],[3,12,55],[10,23,88],[18,33,80],
[17,47,79],[18,37,91],[9,40,51],[14,28,74],[7,11,43],[4,7,73],[22,24,82],[17,52,59],[12,31,53],[7,62,71],
[5,13,31],[1,2,24],[5,8,65],[3,11,46],[108,110,111],[106,110,112],[103,111,112],[101,109,111],[98,108,109],[96,107,110],
[94,105,108],[90,106,107],[88,105,110],[86,104,112],[84,102,111],[82,100,106],[77,103,104],[75,101,102],[73,100,112],[72,99,109],
[70,97,110],[69,95,108],[67,93,103],[65,92,101],[63,98,99],[59,96,97],[61,94,95],[56,93,111],[54,92,109],[53,91,107],
[52,89,105],[50,87,112],[85,97,111],[49,83,106],[48,81,98],[46,80,96],[44,79,94],[90,91,92],[41,88,89],[36,86,87],
[35,84,85],[38,82,83],[33,81,108],[31,80,107],[53,79,105],[58,78,104],[73,76,102],[48,74,100],[29,93,109],[71,87,110],
[70,85,108],[28,68,103],[27,66,101],[26,64,90],[37,87,88],[24,63,86],[22,62,84],[21,61,82],[77,78,80],[75,76,79],
[19,73,74],[38,72,93],[27,70,71],[15,69,70],[67,68,79],[16,65,66],[22,64,106],[12,63,104],[11,62,102],[58,61,100],
[78,91,99],[56,60,97],[54,58,95],[26,57,93],[37,55,92],[10,105,107],[9,81,105],[51,102,112],[50,71,106],[13,74,98],
[30,47,96],[45,60,94],[43,52,77],[21,42,75],[8,41,72],[6,40,70],[5,39,69],[16,38,67],[25,65,90],[62,63,78],
[59,60,61],[39,56,57],[32,54,55],[16,52,81],[30,50,51],[17,49,50],[44,46,47],[36,44,45],[6,43,103],[5,42,101],
[19,41,99],[2,40,97],[1,39,95],[76,78,89],[33,49,85],[31,72,83],[21,34,81],[32,76,80],[4,100,104],[23,64,100],
[30,95,109],[51,84,103],[29,56,101],[55,57,90],[3,55,88],[25,35,86],[10,23,84],[37,42,82],[16,34,59],[20,25,61],
[11,19,53],[18,33,50],[17,47,97],[3,41,49],[16,36,48],[46,66,77],[26,44,75],[40,92,99],[39,41,78],[36,37,38],
[35,49,90],[33,34,80],[13,31,32],[12,53,68],[44,48,64],[10,29,30],[14,28,84],[4,27,29],[21,24,25],[22,23,82],
[24,47,98],[3,34,96],[20,46,94],[19,39,91],[32,77,89],[8,18,87],[17,18,85],[5,41,83],[60,74,99],[22,28,71],
[11,52,66],[16,45,64],[14,25,87],[13,60,63],[12,58,62],[7,43,93],[6,42,92],[35,83,107],[30,69,98],[10,88,96],
[9,33,94],[34,68,75],[1,32,73],[15,26,72],[4,7,70],[6,51,69],[34,67,76],[20,65,67],[14,35,36],[20,38,66],
[2,39,58],[7,29,71],[4,23,85],[1,19,28],[27,28,77],[22,45,63],[21,52,59],[18,80,91],[17,79,89],[15,27,75],
[14,62,71],[12,13,55],[3,11,12],[21,26,43],[4,10,35],[9,10,51],[13,57,69],[9,40,60],[8,25,26],[6,7,67],
[5,6,65],[8,23,88],[1,45,86],[20,24,82],[3,19,68],[37,57,91],[49,55,89],[5,13,56],[2,47,48],[42,43,44],
[36,42,83],[15,66,102],[40,54,72],[2,24,81],[20,47,79],[27,68,104],[4,73,86],[45,59,95],[14,61,74],[12,31,54],
[17,52,53],[9,29,50],[14,48,58],[15,38,57],[2,9,56],[7,62,76],[17,30,59],[15,40,51],[1,2,54],[18,23,37],
[3,33,46],[7,11,73],[8,64,65],[28,32,74],[18,31,53],[5,8,31],[1,22,24],[11,43,46]];
###############################################################

#SurfaceInfo: 48 Vertices, 672 Edges, 448 Faces, IsOrientable=true
 #Vertices of faces:
vof2:=[[46,47,48],[44,45,47],[42,43,48],[41,44,46],[39,40,46],[37,38,45],[36,42,47],[34,35,47],[33,35,43],[31,32,41],
[30,39,48],[29,37,44],[27,28,48],[25,26,44],[24,28,40],[23,26,38],[22,29,36],[21,34,45],[20,33,42],[28,31,46],
[19,38,46],[18,36,45],[17,21,42],[16,35,36],[17,18,35],[20,32,40],[15,20,30],[14,28,29],[13,27,43],[17,25,41],
[24,31,39],[23,33,37],[29,38,47],[15,32,47],[12,30,43],[13,29,41],[11,13,39],[17,30,37],[10,28,30],[9,26,29],
[11,12,28],[13,26,30],[22,31,45],[8,21,33],[7,20,38],[6,28,36],[19,25,40],[18,27,38],[11,21,36],[16,34,42],
[18,24,33],[20,23,31],[20,35,48],[28,32,44],[22,32,48],[8,43,44],[23,40,41],[5,21,38],[20,25,36],[4,27,34],
[11,33,41],[21,30,31],[6,38,41],[8,17,20],[4,5,36],[21,27,40],[15,29,43],[14,41,42],[3,13,24],[17,19,23],
[4,31,35],[3,32,33],[16,30,38],[15,35,39],[12,19,35],[13,18,32],[4,17,29],[10,27,39],[9,25,37],[12,24,37],
[13,16,23],[18,29,31],[26,33,45],[22,38,42],[36,43,46],[15,22,46],[14,43,45],[3,40,42],[2,13,35],[2,17,32],
[29,33,39],[14,19,27],[10,18,25],[24,26,36],[4,23,48],[3,11,31],[19,30,33],[2,14,30],[2,10,29],[13,19,45],
[8,28,38],[7,36,39],[6,37,48],[1,16,27],[11,18,34],[10,26,42],[9,22,24],[1,23,43],[10,35,41],[9,21,32],
[8,26,34],[23,28,34],[5,15,26],[12,22,25],[11,14,20],[6,19,44],[5,16,31],[9,20,27],[12,20,29],[13,28,42],
[17,24,43],[14,32,37],[30,40,47],[8,14,47],[7,40,43],[9,39,45],[1,35,37],[1,25,28],[12,26,27],[1,11,22],
[20,24,44],[7,19,34],[6,15,18],[6,12,21],[16,29,40],[14,18,46],[10,20,45],[1,4,42],[24,34,41],[15,21,23],
[1,7,41],[1,6,20],[25,34,43],[15,27,41],[3,35,38],[19,32,36],[4,30,44],[3,29,34],[16,33,46],[5,10,19],
[7,9,18],[4,13,25],[6,17,39],[11,37,40],[8,15,37],[14,16,24],[5,18,40],[11,26,48],[8,13,22],[3,17,27],
[2,8,40],[5,14,39],[7,26,31],[4,6,33],[2,9,42],[8,19,31],[5,28,33],[25,38,39],[27,36,37],[7,22,33],
[6,31,43],[41,45,48],[21,35,44],[3,7,48],[4,40,45],[4,7,14],[31,37,42],[3,15,25],[12,16,32],[5,17,22],
[9,28,35],[7,12,47],[6,13,47],[7,10,37],[16,25,48],[8,18,48],[1,26,32],[22,30,34],[10,21,46],[10,24,47],
[9,23,47],[2,6,34],[2,11,15],[4,8,12],[14,21,25],[11,16,44],[6,9,16],[2,12,45],[17,26,46],[9,11,19],
[1,18,30],[1,3,45],[2,7,44],[10,22,23],[1,8,39],[15,19,42],[2,24,38],[2,23,36],[32,34,39],[4,15,24],
[3,14,23],[4,9,46],[3,6,10],[5,9,43],[3,5,44],[22,27,44],[3,12,46],[11,17,47],[7,13,21],[8,10,16],
[5,12,41],[1,2,46],[1,5,47],[2,5,48],[44,46,47],[42,47,48],[39,46,48],[37,44,45],[34,45,47],[33,42,43],
[31,41,46],[27,43,48],[25,41,44],[24,39,40],[23,37,38],[29,36,47],[19,40,46],[18,38,45],[21,36,42],[16,34,35],
[18,33,35],[20,31,32],[20,30,48],[28,29,44],[15,35,47],[12,35,43],[13,32,41],[13,30,39],[17,29,37],[10,27,28],
[9,25,26],[12,24,28],[13,23,26],[22,29,31],[21,33,45],[20,38,42],[28,36,46],[28,32,48],[8,26,44],[23,28,40],
[5,26,38],[22,25,36],[21,27,34],[11,20,33],[28,30,31],[6,19,38],[11,18,36],[8,17,21],[5,16,36],[17,18,25],
[20,27,40],[15,20,29],[14,28,42],[13,24,43],[17,23,41],[31,35,39],[32,33,37],[30,38,47],[22,38,46],[36,43,45],
[3,17,42],[20,35,36],[2,17,35],[2,32,40],[15,21,30],[14,29,39],[13,19,27],[24,26,31],[4,23,33],[29,38,41],
[15,22,32],[12,26,30],[4,13,29],[3,11,13],[17,19,30],[2,10,30],[2,9,29],[11,12,21],[19,31,45],[8,28,33],
[7,38,39],[6,36,37],[25,37,40],[16,27,38],[26,34,42],[22,24,33],[23,31,43],[35,41,48],[21,32,44],[14,32,47],
[30,40,43],[9,11,39],[1,30,37],[26,29,33],[1,11,28],[1,22,45],[7,20,44],[6,28,34],[19,25,34],[15,18,27],
[16,40,42],[14,18,24],[10,20,23],[8,14,43],[5,21,40],[14,20,25],[1,4,27],[11,34,41],[1,6,41],[1,8,20],
[4,5,17],[29,34,43],[15,41,42],[3,24,38],[19,23,36],[4,35,44],[3,32,34],[16,30,33],[10,19,35],[9,18,32],
[17,27,39],[15,24,37],[14,16,23],[18,29,40],[26,45,48],[13,22,42],[17,43,46],[7,22,48],[6,43,44],[40,41,45],
[21,35,38],[4,24,34],[5,33,41],[7,21,31],[17,20,24],[4,7,36],[5,15,43],[7,14,41],[4,31,42],[3,33,46],
[15,25,39],[12,19,32],[8,13,18],[10,39,45],[9,35,37],[7,12,37],[6,13,16],[6,18,31],[3,7,40],[2,13,45],
[6,33,39],[5,14,19],[7,10,18],[26,27,36],[4,25,48],[3,5,31],[7,19,33],[2,11,14],[25,28,38],[32,36,39],
[8,37,48],[1,16,32],[18,30,34],[10,26,46],[9,22,27],[1,25,43],[10,24,41],[9,21,23],[11,15,26],[8,12,22],
[11,19,44],[8,16,31],[6,9,20],[12,20,45],[13,28,35],[14,27,37],[11,40,47],[4,15,46],[3,14,45],[17,26,32],
[10,16,25],[2,24,36],[2,23,48],[11,31,37],[4,14,30],[3,10,29],[2,8,38],[3,6,48],[10,37,42],[9,24,47],
[1,23,47],[8,34,39],[22,23,34],[3,12,25],[12,16,29],[4,9,45],[1,3,35],[12,27,41],[16,24,44],[2,7,34],
[2,6,15],[4,6,12],[14,21,46],[1,2,42],[3,15,23],[1,7,26],[22,30,44],[5,10,22],[7,9,43],[13,21,25],
[6,17,47],[8,15,19],[11,16,48],[4,8,40],[9,19,42],[8,10,47],[11,17,22],[6,10,21],[1,18,46],[9,16,46],
[5,18,48],[3,27,44],[1,5,39],[5,9,28],[7,13,47],[5,12,47],[2,12,46],[2,5,44]];
###############################################################

