#SurfaceInfo: 259 Vertices, 777 Edges, 518 Faces, IsOrientable=true
 #Vertices of faces:
vof1:=[[257,258,259],[256,257,258],[255,257,259],[254,258,259],[251,252,253],[248,249,250],[245,246,247],[242,243,244],[239,240,241],[236,237,238],
[233,234,235],[230,231,232],[227,228,229],[224,225,226],[221,222,223],[218,219,220],[215,216,217],[212,213,214],[209,210,211],[208,233,234],
[207,227,228],[206,230,231],[205,234,235],[204,231,232],[203,228,229],[206,207,208],[201,202,210],[199,200,213],[197,198,216],[195,196,225],
[194,195,219],[193,195,222],[192,201,210],[191,197,216],[190,199,213],[189,201,202],[188,199,200],[187,197,198],[194,195,225],[193,195,219],
[195,196,222],[186,205,235],[185,203,229],[184,204,232],[183,204,231],[182,203,228],[181,205,234],[200,212,213],[198,215,216],[202,209,210],
[193,221,222],[194,218,219],[196,224,225],[207,208,227],[206,208,233],[206,207,230],[180,185,187],[179,184,188],[178,186,189],[177,225,226],
[176,219,220],[175,222,223],[174,216,217],[173,210,211],[172,213,214],[171,208,234],[170,206,231],[169,207,228],[168,173,211],[167,174,217],
[166,172,214],[165,177,226],[164,176,220],[163,175,223],[172,190,213],[174,191,216],[173,192,210],[178,189,202],[180,187,198],[179,188,200],
[171,208,227],[169,207,230],[170,206,233],[162,193,221],[161,194,218],[160,196,224],[159,198,215],[158,202,209],[157,200,212],[169,182,228],
[171,181,234],[170,183,231],[178,186,235],[180,185,229],[179,184,232],[177,194,225],[175,196,222],[176,193,219],[156,163,166],[155,164,168],
[154,165,167],[153,233,235],[152,227,229],[151,230,232],[150,174,191],[149,173,192],[148,172,190],[153,178,235],[151,179,232],[152,180,229],
[147,170,183],[146,171,181],[145,169,182],[151,169,230],[153,170,233],[152,171,227],[154,165,177],[155,164,176],[156,163,175],[156,166,172],
[154,167,174],[155,168,173],[161,177,194],[162,176,193],[160,175,196],[158,178,202],[157,179,200],[159,180,198],[148,156,172],[150,154,174],
[149,155,173],[154,161,177],[156,160,175],[155,162,176],[145,151,169],[147,153,170],[146,152,171],[153,158,178],[152,159,180],[151,157,179],
[146,152,159],[145,151,157],[147,153,158],[149,155,162],[148,156,160],[150,154,161],[144,163,166],[143,165,167],[142,164,168],[141,221,223],
[140,218,220],[139,224,226],[138,215,217],[137,209,211],[136,212,214],[135,159,215],[134,157,212],[133,158,209],[132,162,221],[131,160,224],
[130,161,218],[129,165,226],[128,163,223],[127,164,220],[126,168,211],[125,166,214],[124,167,217],[126,137,211],[124,138,217],[125,136,214],
[134,136,212],[133,137,209],[135,138,215],[127,140,220],[129,139,226],[128,141,223],[131,139,224],[130,140,218],[132,141,221],[124,143,167],
[126,142,168],[125,144,166],[129,143,165],[127,142,164],[128,144,163],[135,146,159],[133,147,158],[134,145,157],[132,149,162],[130,150,161],
[131,148,160],[122,123,136],[120,121,137],[118,119,138],[116,117,140],[114,115,139],[112,113,141],[143,242,243],[142,236,237],[144,239,240],
[111,186,189],[110,184,188],[109,185,187],[108,190,199],[107,192,201],[106,191,197],[105,187,197],[104,188,199],[103,189,201],[102,186,205],
[101,184,204],[100,185,203],[99,181,205],[98,182,203],[97,183,204],[96,150,191],[95,148,190],[94,149,192],[93,147,183],[92,145,182],
[91,146,181],[91,99,181],[93,97,183],[92,98,182],[99,102,205],[98,100,203],[97,101,204],[94,107,192],[96,106,191],[95,108,190],
[105,106,197],[104,108,199],[103,107,201],[102,111,186],[100,109,185],[101,110,184],[105,109,187],[103,111,189],[104,110,188],[118,124,138],
[122,125,136],[120,126,137],[95,131,148],[94,132,149],[96,130,150],[92,134,145],[91,135,146],[93,133,147],[129,143,242],[128,144,239],
[127,142,236],[124,143,243],[125,144,240],[126,142,237],[114,131,139],[112,132,141],[116,130,140],[115,129,139],[113,128,141],[117,127,140],
[123,134,136],[119,135,138],[121,133,137],[89,90,99],[87,88,98],[85,86,97],[83,84,107],[81,82,108],[79,80,106],[111,251,252],
[109,245,246],[110,248,249],[103,111,251],[104,110,248],[105,109,245],[102,111,252],[101,110,249],[100,109,246],[83,103,107],[79,105,106],
[81,104,108],[84,94,107],[80,96,106],[82,95,108],[89,99,102],[85,97,101],[87,98,100],[90,91,99],[86,93,97],[88,92,98],
[118,124,243],[120,126,237],[122,125,240],[115,129,242],[117,127,236],[113,128,239],[91,119,135],[93,121,133],[92,123,134],[94,112,132],
[96,116,130],[95,114,131],[77,78,244],[75,76,238],[73,74,241],[72,243,244],[71,237,238],[70,240,241],[69,242,244],[68,236,238],
[67,239,241],[72,77,244],[70,73,241],[71,75,238],[67,74,241],[69,78,244],[68,76,238],[69,115,242],[67,113,239],[68,117,236],
[72,118,243],[70,122,240],[71,120,237],[90,91,119],[88,92,123],[86,93,121],[84,94,112],[82,95,114],[80,96,116],[81,104,248],
[79,105,245],[83,103,251],[89,102,252],[87,100,246],[85,101,249],[66,251,253],[65,245,247],[64,248,250],[63,252,253],[62,246,247],
[61,249,250],[59,60,250],[57,58,247],[55,56,253],[54,118,119],[53,122,123],[52,120,121],[51,114,115],[50,112,113],[49,116,117],
[55,66,253],[57,65,247],[59,64,250],[56,63,253],[60,61,250],[58,62,247],[54,90,119],[52,86,121],[53,88,123],[63,89,252],
[61,85,249],[62,87,246],[66,83,251],[64,81,248],[65,79,245],[50,84,112],[49,80,116],[51,82,114],[54,72,118],[52,71,120],
[53,70,122],[51,69,115],[49,68,117],[50,67,113],[48,72,77],[47,71,75],[46,70,73],[45,69,78],[44,68,76],[43,67,74],
[42,89,90],[41,85,86],[40,87,88],[39,83,84],[38,81,82],[37,79,80],[42,54,90],[40,53,88],[41,52,86],[38,51,82],
[39,50,84],[37,49,80],[39,66,83],[37,65,79],[38,64,81],[42,63,89],[40,62,87],[41,61,85],[36,55,66],[35,59,64],
[34,57,65],[33,56,63],[32,58,62],[31,60,61],[45,51,69],[43,50,67],[44,49,68],[48,54,72],[46,53,70],[47,52,71],
[42,48,54],[41,47,52],[40,46,53],[33,42,63],[31,41,61],[32,40,62],[35,38,64],[34,37,65],[36,39,66],[38,45,51],
[37,44,49],[39,43,50],[35,38,45],[36,39,43],[34,37,44],[33,42,48],[32,40,46],[31,41,47],[30,75,76],[29,73,74],
[28,77,78],[27,45,78],[26,43,74],[25,44,76],[24,48,77],[23,46,73],[22,47,75],[22,30,75],[24,28,77],[23,29,73],
[27,28,78],[25,30,76],[26,29,74],[27,35,45],[25,34,44],[26,36,43],[24,33,48],[22,31,47],[23,32,46],[20,21,30],
[18,19,28],[16,17,29],[15,55,56],[14,57,58],[13,59,60],[12,33,56],[11,31,60],[10,32,58],[9,35,59],[8,34,57],
[7,36,55],[7,15,55],[9,13,59],[8,14,57],[11,13,60],[10,14,58],[12,15,56],[18,24,28],[16,23,29],[20,22,30],
[12,24,33],[10,23,32],[11,22,31],[9,27,35],[7,26,36],[8,25,34],[19,27,28],[17,26,29],[21,25,30],[5,6,15],
[3,4,13],[1,2,14],[5,12,15],[3,11,13],[1,10,14],[6,7,15],[2,8,14],[4,9,13],[9,19,27],[8,21,25],
[7,17,26],[12,18,24],[11,20,22],[10,16,23],[5,12,18],[1,10,16],[3,11,20],[6,7,17],[4,9,19],[2,8,21],
[18,19,256],[16,17,255],[20,21,254],[5,18,256],[3,20,254],[1,16,255],[6,17,255],[2,21,254],[4,19,256],[5,6,257],
[1,2,259],[3,4,258],[5,256,257],[3,254,258],[1,255,259],[6,255,257],[4,256,258],[2,254,259]];
###############################################################

#SurfaceInfo: 259 Vertices, 777 Edges, 518 Faces, IsOrientable=true
 #Vertices of faces:
vof2:=[[257,258,259],[256,257,258],[255,257,259],[254,258,259],[251,252,253],[248,249,250],[245,246,247],[242,243,244],[239,240,241],[236,237,238],
[233,234,235],[231,232,234],[229,230,235],[227,228,233],[224,225,226],[222,223,225],[220,221,225],[219,233,234],[218,234,235],[217,233,235],
[222,224,225],[220,223,225],[221,225,226],[218,231,234],[217,229,235],[219,227,233],[219,232,234],[217,228,233],[218,230,235],[215,216,219],
[213,214,217],[211,212,218],[209,210,224],[207,208,223],[205,206,221],[204,220,221],[203,222,223],[202,224,226],[200,201,202],[198,199,204],
[196,197,203],[193,194,195],[190,191,192],[187,188,189],[186,200,202],[185,198,204],[184,196,203],[194,196,197],[188,200,201],[191,198,199],
[197,203,222],[201,202,226],[199,204,220],[202,209,224],[204,205,221],[203,207,223],[215,219,227],[211,218,231],[213,217,229],[216,219,232],
[212,218,230],[214,217,228],[210,222,224],[206,221,226],[208,220,223],[183,213,229],[182,215,227],[181,211,231],[180,216,232],[179,214,228],
[178,212,230],[186,202,209],[184,203,207],[185,204,205],[197,210,222],[199,208,220],[201,206,226],[193,194,197],[190,191,199],[187,188,201],
[177,231,232],[176,227,228],[175,229,230],[174,186,209],[173,185,205],[172,184,207],[177,181,231],[175,183,229],[176,182,227],[177,180,232],
[175,178,230],[176,179,228],[193,197,210],[187,201,206],[190,199,208],[171,209,210],[170,205,206],[169,207,208],[168,177,181],[167,176,182],
[166,175,183],[165,177,180],[164,176,179],[163,175,178],[171,193,210],[169,190,208],[170,187,206],[171,174,209],[169,172,207],[170,173,205],
[162,193,195],[161,190,192],[160,187,189],[159,161,192],[158,160,189],[157,162,195],[156,171,174],[155,170,173],[154,169,172],[162,171,193],
[160,170,187],[161,169,190],[165,168,177],[163,166,175],[164,167,176],[152,153,159],[150,151,158],[148,149,157],[147,148,149],[146,152,153],
[145,150,151],[146,164,167],[147,165,168],[145,163,166],[149,157,162],[153,159,161],[151,158,160],[156,162,171],[154,161,169],[155,160,170],
[149,156,162],[151,155,160],[153,154,161],[145,150,166],[147,148,168],[146,152,167],[144,215,216],[143,213,214],[142,211,212],[141,183,213],
[140,181,211],[139,182,215],[138,179,214],[137,180,216],[136,178,212],[135,168,181],[134,166,183],[133,167,182],[132,164,179],[131,163,178],
[130,165,180],[129,146,164],[128,145,163],[127,147,165],[126,146,153],[125,145,151],[124,147,149],[126,129,146],[124,127,147],[125,128,145],
[129,132,164],[127,130,165],[128,131,163],[134,141,183],[133,139,182],[135,140,181],[131,136,178],[132,138,179],[130,137,180],[139,144,215],
[141,143,213],[140,142,211],[136,142,212],[137,144,216],[138,143,214],[124,149,156],[126,153,154],[125,151,155],[133,152,167],[134,150,166],
[135,148,168],[122,123,128],[120,121,127],[118,119,129],[116,117,139],[114,115,141],[112,113,140],[111,152,159],[110,148,157],[109,150,158],
[137,242,243],[136,236,237],[138,239,240],[108,186,200],[107,184,196],[106,185,198],[105,194,196],[104,191,198],[103,188,200],[102,194,195],
[101,188,189],[100,191,192],[99,172,184],[98,174,186],[97,173,185],[96,156,174],[95,154,172],[94,155,173],[93,159,192],[92,157,195],
[91,158,189],[94,97,173],[96,98,174],[95,99,172],[91,101,189],[93,100,192],[92,102,195],[100,104,191],[101,103,188],[102,105,194],
[99,107,184],[97,106,185],[98,108,186],[103,108,200],[104,106,198],[105,107,196],[93,111,159],[91,109,158],[92,110,157],[118,126,129],
[120,124,127],[122,125,128],[109,134,150],[110,135,148],[111,133,152],[96,124,156],[94,125,155],[95,126,154],[137,144,242],[138,143,239],
[136,142,236],[112,140,142],[116,139,144],[114,141,143],[132,138,240],[130,137,243],[131,136,237],[115,134,141],[113,135,140],[117,133,139],
[119,129,132],[123,128,131],[121,127,130],[89,90,92],[87,88,91],[85,86,93],[83,84,98],[81,82,99],[79,80,97],[104,251,252],
[103,245,246],[105,248,249],[89,92,110],[87,91,109],[85,93,111],[104,106,251],[105,107,248],[103,108,245],[81,99,107],[79,97,106],
[83,98,108],[100,104,252],[102,105,249],[101,103,246],[86,93,100],[90,92,102],[88,91,101],[80,94,97],[84,96,98],[82,95,99],
[119,132,240],[121,130,243],[123,131,237],[112,142,236],[114,143,239],[116,144,242],[96,120,124],[95,118,126],[94,122,125],[109,115,134],
[111,117,133],[110,113,135],[77,78,244],[75,76,241],[73,74,238],[72,243,244],[71,240,241],[70,237,238],[69,242,244],[68,239,241],
[67,236,238],[72,77,244],[70,73,238],[71,75,241],[69,78,244],[67,74,238],[68,76,241],[69,116,242],[67,112,236],[68,114,239],
[70,123,237],[71,119,240],[72,121,243],[85,111,117],[89,110,113],[87,109,115],[82,95,118],[80,94,122],[84,96,120],[86,100,252],
[88,101,246],[90,102,249],[79,106,251],[83,108,245],[81,107,248],[65,66,247],[63,64,253],[61,62,250],[60,122,123],[59,118,119],
[58,120,121],[57,116,117],[56,112,113],[55,114,115],[54,252,253],[53,246,247],[52,249,250],[51,251,253],[50,245,247],[49,248,250],
[54,63,253],[52,61,250],[53,65,247],[51,64,253],[49,62,250],[50,66,247],[57,85,117],[55,87,115],[56,89,113],[51,79,251],
[49,81,248],[50,83,245],[54,86,252],[53,88,246],[52,90,249],[58,84,120],[60,80,122],[59,82,118],[59,71,119],[58,72,121],
[60,70,123],[57,69,116],[55,68,114],[56,67,112],[48,72,77],[47,71,75],[46,70,73],[45,69,78],[44,68,76],[43,67,74],
[42,85,86],[41,87,88],[40,89,90],[39,79,80],[38,81,82],[37,83,84],[42,57,85],[40,56,89],[41,55,87],[37,58,84],
[38,59,82],[39,60,80],[42,54,86],[40,52,90],[41,53,88],[39,51,79],[37,50,83],[38,49,81],[36,54,63],[35,52,61],
[34,53,65],[33,51,64],[32,50,66],[31,49,62],[45,57,69],[43,56,67],[44,55,68],[47,59,71],[46,60,70],[48,58,72],
[42,45,57],[41,44,55],[40,43,56],[33,39,51],[31,38,49],[32,37,50],[36,42,54],[34,41,53],[35,40,52],[39,46,60],
[37,48,58],[38,47,59],[36,42,45],[35,40,43],[34,41,44],[33,39,46],[31,38,47],[32,37,48],[30,77,78],[29,73,74],
[28,75,76],[27,45,78],[26,43,74],[25,44,76],[24,46,73],[23,47,75],[22,48,77],[22,30,77],[23,28,75],[24,29,73],
[27,30,78],[25,28,76],[26,29,74],[27,36,45],[25,34,44],[26,35,43],[24,33,46],[22,32,48],[23,31,47],[20,21,28],
[18,19,30],[16,17,29],[15,61,62],[14,63,64],[13,65,66],[12,33,64],[11,32,66],[10,31,62],[9,36,63],[8,34,65],
[7,35,61],[7,15,61],[8,13,65],[9,14,63],[11,13,66],[10,15,62],[12,14,64],[16,24,29],[20,23,28],[18,22,30],
[12,24,33],[10,23,31],[11,22,32],[9,27,36],[7,26,35],[8,25,34],[19,27,30],[17,26,29],[21,25,28],[5,6,14],
[3,4,15],[1,2,13],[5,12,14],[1,11,13],[3,10,15],[4,7,15],[6,9,14],[2,8,13],[9,19,27],[8,21,25],
[7,17,26],[12,16,24],[11,18,22],[10,20,23],[5,12,16],[3,10,20],[1,11,18],[6,9,19],[4,7,17],[2,8,21],
[16,17,256],[18,19,255],[20,21,254],[5,16,256],[3,20,254],[1,18,255],[6,19,255],[2,21,254],[4,17,256],[5,6,257],
[1,2,259],[3,4,258],[5,256,257],[3,254,258],[1,255,259],[6,255,257],[4,256,258],[2,254,259]];
###############################################################

#SurfaceInfo: 268 Vertices, 804 Edges, 536 Faces, IsOrientable=true
 #Vertices of faces:
vof3:=[[266,267,268],[265,266,267],[264,266,268],[263,267,268],[260,261,262],[257,258,259],[254,255,256],[251,252,253],[248,249,250],[245,246,247],
[242,243,244],[239,240,241],[236,237,238],[233,234,235],[230,231,232],[227,228,229],[224,225,226],[223,224,225],[222,224,226],[221,225,226],
[218,219,220],[215,216,217],[212,213,214],[210,211,219],[208,209,213],[206,207,216],[205,233,234],[205,230,231],[205,227,228],[222,236,237],
[221,242,243],[223,239,240],[216,230,232],[219,227,229],[213,234,235],[205,230,233],[205,227,231],[205,228,234],[204,222,236],[203,223,239],
[202,221,242],[215,216,230],[212,213,234],[218,219,227],[210,219,229],[206,216,232],[208,213,235],[211,219,220],[209,213,214],[207,216,217],
[221,225,243],[223,224,240],[222,226,237],[201,223,225],[200,221,226],[199,222,224],[200,202,221],[199,204,222],[201,203,223],[201,225,243],
[199,224,240],[200,226,237],[198,211,220],[197,207,217],[196,209,214],[195,210,229],[194,208,235],[193,206,232],[215,230,233],[212,228,234],
[218,227,231],[191,192,197],[189,190,198],[187,188,196],[185,186,190],[183,184,192],[181,182,188],[180,233,235],[179,228,229],[178,231,232],
[177,240,241],[176,237,238],[175,243,244],[173,174,184],[171,172,186],[169,170,182],[168,171,172],[167,169,170],[166,173,174],[165,172,186],
[164,170,182],[163,174,184],[162,176,238],[161,177,241],[160,175,244],[171,185,186],[169,181,182],[173,183,184],[186,189,190],[184,191,192],
[182,187,188],[159,201,203],[158,199,204],[157,200,202],[180,215,233],[178,218,231],[179,212,228],[180,194,235],[178,193,232],[179,195,229],
[189,198,220],[187,196,214],[191,197,217],[176,200,237],[175,201,243],[177,199,240],[156,162,168],[155,161,167],[154,160,166],[153,215,217],
[152,218,220],[151,212,214],[156,168,171],[154,166,173],[155,167,169],[153,191,217],[151,187,214],[152,189,220],[150,178,193],[149,179,195],
[148,180,194],[153,180,215],[151,179,212],[152,178,218],[147,169,181],[146,173,183],[145,171,185],[156,162,176],[154,160,175],[155,161,177],
[157,176,200],[158,177,199],[159,175,201],[163,184,191],[164,182,187],[165,186,189],[156,157,176],[154,159,175],[155,158,177],[146,154,173],
[145,156,171],[147,155,169],[148,153,180],[150,152,178],[149,151,179],[153,163,191],[152,165,189],[151,164,187],[148,153,163],[149,151,164],
[150,152,165],[145,156,157],[147,155,158],[146,154,159],[144,162,168],[143,160,166],[142,161,167],[141,239,241],[140,242,244],[139,236,238],
[138,203,239],[137,202,242],[136,204,236],[135,168,172],[134,167,170],[133,166,174],[132,164,170],[131,163,174],[130,165,172],[129,159,203],
[128,157,202],[127,158,204],[126,161,241],[125,160,244],[124,162,238],[132,134,170],[130,135,172],[131,133,174],[127,136,204],[128,137,202],
[129,138,203],[126,141,241],[124,139,238],[125,140,244],[138,141,239],[136,139,236],[137,140,242],[124,144,162],[126,142,161],[125,143,160],
[135,144,168],[133,143,166],[134,142,167],[130,150,165],[131,148,163],[132,149,164],[127,147,158],[129,146,159],[128,145,157],[122,123,137],
[120,121,138],[118,119,136],[116,117,134],[114,115,135],[112,113,133],[111,188,196],[110,192,197],[109,190,198],[108,181,188],[107,185,190],
[106,183,192],[105,210,211],[104,206,207],[103,208,209],[126,251,252],[124,245,246],[125,248,249],[102,193,206],[101,194,208],[100,195,210],
[99,198,211],[98,196,209],[97,197,207],[96,147,181],[95,145,185],[94,146,183],[93,150,193],[92,148,194],[91,149,195],[93,102,193],
[91,100,195],[92,101,194],[99,105,211],[97,104,207],[98,103,209],[100,105,210],[101,103,208],[102,104,206],[96,108,181],[94,106,183],
[95,107,185],[97,110,197],[99,109,198],[98,111,196],[106,110,192],[107,109,190],[108,111,188],[116,132,134],[112,131,133],[114,130,135],
[96,127,147],[94,129,146],[95,128,145],[93,130,150],[91,132,149],[92,131,148],[115,135,144],[117,134,142],[113,133,143],[124,144,245],
[126,142,251],[125,143,248],[118,136,139],[122,137,140],[120,138,141],[126,141,252],[125,140,249],[124,139,246],[119,127,136],[121,129,138],
[123,128,137],[89,90,102],[87,88,100],[85,86,101],[83,84,106],[81,82,108],[79,80,107],[99,260,261],[97,254,255],[98,257,258],
[79,107,109],[81,108,111],[83,106,110],[99,109,260],[98,111,257],[97,110,254],[82,96,108],[80,95,107],[84,94,106],[87,100,105],
[89,102,104],[85,101,103],[99,105,261],[98,103,258],[97,104,255],[90,93,102],[86,92,101],[88,91,100],[120,141,252],[118,139,246],
[122,140,249],[115,144,245],[113,143,248],[117,142,251],[92,112,131],[93,114,130],[91,116,132],[96,119,127],[95,123,128],[94,121,129],
[77,78,253],[75,76,250],[73,74,247],[72,252,253],[71,246,247],[70,249,250],[69,251,253],[68,248,250],[67,245,247],[72,77,253],
[70,75,250],[71,73,247],[69,78,253],[67,74,247],[68,76,250],[69,117,251],[67,115,245],[68,113,248],[70,122,249],[71,118,246],
[72,120,252],[88,91,116],[90,93,114],[86,92,112],[87,105,261],[89,104,255],[85,103,258],[82,96,119],[84,94,121],[80,95,123],
[79,109,260],[83,110,254],[81,111,257],[65,66,256],[63,64,262],[61,62,259],[60,122,123],[59,118,119],[58,120,121],[57,116,117],
[56,114,115],[55,112,113],[54,261,262],[53,255,256],[52,258,259],[51,260,262],[50,254,256],[49,257,259],[54,63,262],[52,61,259],
[53,65,256],[51,64,262],[49,62,259],[50,66,256],[57,88,116],[55,86,112],[56,90,114],[51,79,260],[49,81,257],[50,83,254],
[58,84,121],[60,80,123],[59,82,119],[54,87,261],[52,85,258],[53,89,255],[59,71,118],[58,72,120],[60,70,122],[57,69,117],
[55,68,113],[56,67,115],[48,72,77],[47,71,73],[46,70,75],[45,69,78],[44,68,76],[43,67,74],[42,87,88],[41,85,86],
[40,89,90],[39,79,80],[38,81,82],[37,83,84],[42,57,88],[40,56,90],[41,55,86],[42,54,87],[40,53,89],[41,52,85],
[37,58,84],[38,59,82],[39,60,80],[39,51,79],[37,50,83],[38,49,81],[36,54,63],[35,52,61],[34,53,65],[33,51,64],
[32,50,66],[31,49,62],[45,57,69],[43,56,67],[44,55,68],[47,59,71],[46,60,70],[48,58,72],[42,45,57],[41,44,55],
[40,43,56],[33,39,51],[31,38,49],[32,37,50],[39,46,60],[37,48,58],[38,47,59],[36,42,54],[35,41,52],[34,40,53],
[36,42,45],[34,40,43],[35,41,44],[33,39,46],[31,38,47],[32,37,48],[30,77,78],[29,73,74],[28,75,76],[27,45,78],
[26,44,76],[25,43,74],[24,46,75],[23,47,73],[22,48,77],[22,30,77],[24,28,75],[23,29,73],[27,30,78],[25,29,74],
[26,28,76],[27,36,45],[25,34,43],[26,35,44],[24,33,46],[22,32,48],[23,31,47],[20,21,29],[18,19,30],[16,17,28],
[15,61,62],[14,63,64],[13,65,66],[12,33,64],[11,32,66],[10,31,62],[9,36,63],[8,34,65],[7,35,61],[7,15,61],
[8,13,65],[9,14,63],[11,13,66],[10,15,62],[12,14,64],[16,24,28],[20,23,29],[18,22,30],[12,24,33],[10,23,31],
[11,22,32],[9,27,36],[7,26,35],[8,25,34],[19,27,30],[17,26,28],[21,25,29],[5,6,14],[3,4,15],[1,2,13],
[5,12,14],[1,11,13],[3,10,15],[4,7,15],[6,9,14],[2,8,13],[9,19,27],[8,21,25],[7,17,26],[12,16,24],
[11,18,22],[10,20,23],[5,12,16],[3,10,20],[1,11,18],[6,9,19],[4,7,17],[2,8,21],[16,17,265],[18,19,264],
[20,21,263],[5,16,265],[3,20,263],[1,18,264],[6,19,264],[2,21,263],[4,17,265],[5,6,266],[1,2,268],[3,4,267],
[5,265,266],[3,263,267],[1,264,268],[6,264,266],[4,265,267],[2,263,268]];
###############################################################

#SurfaceInfo: 271 Vertices, 813 Edges, 542 Faces, IsOrientable=true
 #Vertices of faces:
vof4:=[[269,270,271],[268,269,270],[267,269,271],[266,270,271],[263,264,265],[260,261,262],[257,258,259],[254,255,256],[251,252,253],[248,249,250],
[245,246,247],[242,243,244],[239,240,241],[236,237,238],[233,234,235],[230,231,232],[228,229,238],[226,227,235],[224,225,232],[223,229,246],
[222,227,243],[221,225,240],[220,236,237],[219,233,234],[218,230,231],[228,237,238],[224,231,232],[226,234,235],[223,229,238],[221,225,232],
[222,227,235],[223,245,246],[221,239,240],[222,242,243],[216,217,233],[214,215,230],[212,213,236],[211,236,238],[210,230,232],[209,233,235],
[211,212,236],[209,216,233],[210,214,230],[213,220,236],[215,218,230],[217,219,233],[208,228,237],[207,226,234],[206,224,231],[211,223,238],
[209,222,235],[210,221,232],[205,223,245],[204,222,242],[203,221,239],[202,219,234],[201,218,231],[200,220,237],[199,200,220],[198,202,219],
[197,201,218],[196,217,219],[195,215,218],[194,213,220],[200,208,237],[201,206,231],[202,207,234],[193,209,216],[192,211,212],[191,210,214],
[205,211,223],[203,210,221],[204,209,222],[190,200,208],[189,202,207],[188,201,206],[192,205,211],[193,204,209],[191,203,210],[196,198,219],
[194,199,220],[195,197,218],[187,199,200],[186,197,201],[185,198,202],[184,187,199],[183,186,197],[182,185,198],[181,191,203],[180,192,205],
[179,193,204],[178,196,198],[177,195,197],[176,194,199],[187,190,200],[186,188,201],[185,189,202],[175,245,247],[174,239,241],[173,242,244],
[172,205,245],[171,203,239],[170,204,242],[169,175,247],[168,173,244],[167,174,241],[170,173,242],[171,174,239],[172,175,245],[170,179,204],
[172,180,205],[171,181,203],[166,187,190],[165,185,189],[164,186,188],[176,184,199],[178,182,198],[177,183,197],[163,184,187],[162,183,186],
[161,182,185],[159,160,173],[157,158,174],[155,156,175],[153,154,162],[152,154,163],[151,154,161],[156,158,160],[156,159,160],[157,158,160],
[155,156,158],[153,154,163],[151,154,162],[152,154,161],[152,163,184],[151,161,182],[153,162,183],[160,168,173],[156,169,175],[158,167,174],
[150,176,184],[149,177,183],[148,178,182],[163,166,187],[162,164,186],[161,165,185],[147,170,179],[146,171,181],[145,172,180],[159,170,173],
[155,172,175],[157,171,174],[147,159,170],[145,155,172],[146,157,171],[149,153,183],[150,152,184],[148,151,182],[157,160,168],[155,158,167],
[156,159,169],[153,163,166],[152,161,165],[151,162,164],[147,159,169],[146,157,168],[145,155,167],[149,153,166],[148,151,164],[150,152,165],
[144,228,229],[143,224,225],[142,226,227],[141,229,246],[140,225,240],[139,227,243],[138,246,247],[137,243,244],[136,240,241],[135,208,228],
[134,206,224],[133,207,226],[132,190,208],[131,188,206],[130,189,207],[129,169,247],[128,168,244],[127,167,241],[126,166,190],[125,164,188],
[124,165,189],[126,132,190],[124,130,189],[125,131,188],[132,135,208],[131,134,206],[130,133,207],[129,138,247],[127,136,241],[128,137,244],
[138,141,246],[136,140,240],[137,139,243],[135,144,228],[133,142,226],[134,143,224],[141,144,229],[139,142,227],[140,143,225],[129,147,169],
[127,145,167],[128,146,168],[124,150,165],[125,148,164],[126,149,166],[122,123,132],[120,121,131],[118,119,130],[116,117,138],[114,115,136],
[112,113,137],[111,216,217],[110,212,213],[109,214,215],[144,254,255],[143,248,249],[142,251,252],[108,196,217],[107,194,213],[106,195,215],
[105,193,216],[104,192,212],[103,191,214],[102,179,193],[101,180,192],[100,181,191],[99,178,196],[98,176,194],[97,177,195],[96,147,179],
[95,145,180],[94,146,181],[93,150,176],[92,148,178],[91,149,177],[91,97,177],[93,98,176],[92,99,178],[96,102,179],[94,100,181],
[95,101,180],[102,105,193],[100,103,191],[101,104,192],[99,108,196],[97,106,195],[98,107,194],[105,111,216],[103,109,214],[104,110,212],
[108,111,217],[106,109,215],[107,110,213],[122,126,132],[118,124,130],[120,125,131],[93,124,150],[91,126,149],[92,125,148],[96,129,147],
[94,128,146],[95,127,145],[141,144,254],[139,142,251],[140,143,248],[135,144,255],[133,142,252],[134,143,249],[116,138,141],[112,137,139],
[114,136,140],[117,129,138],[113,128,137],[115,127,136],[123,132,135],[119,130,133],[121,131,134],[89,90,102],[87,88,100],[85,86,101],
[83,84,99],[81,82,98],[79,80,97],[111,263,264],[109,260,261],[110,257,258],[108,111,263],[107,110,257],[106,109,260],[105,111,264],
[104,110,258],[103,109,261],[83,99,108],[79,97,106],[81,98,107],[89,102,105],[85,101,104],[87,100,103],[90,96,102],[86,95,101],
[88,94,100],[80,91,97],[84,92,99],[82,93,98],[123,135,255],[121,134,249],[119,133,252],[116,141,254],[114,140,248],[112,139,251],
[96,117,129],[95,115,127],[94,113,128],[91,122,126],[92,120,125],[93,118,124],[77,78,256],[75,76,250],[73,74,253],[72,255,256],
[71,249,250],[70,252,253],[69,254,256],[68,248,250],[67,251,253],[71,75,250],[70,73,253],[72,77,256],[69,78,256],[67,74,253],
[68,76,250],[69,116,254],[67,112,251],[68,114,248],[72,123,255],[70,119,252],[71,121,249],[80,91,122],[82,93,118],[84,92,120],
[90,96,117],[88,94,113],[86,95,115],[83,108,263],[79,106,260],[81,107,257],[89,105,264],[87,103,261],[85,104,258],[65,66,262],
[63,64,265],[61,62,259],[60,122,123],[59,118,119],[58,120,121],[57,116,117],[56,112,113],[55,114,115],[54,263,265],[53,257,259],
[52,260,262],[51,264,265],[50,261,262],[49,258,259],[53,61,259],[52,65,262],[54,63,265],[51,64,265],[49,62,259],[50,66,262],
[60,80,122],[58,84,120],[59,82,118],[51,89,264],[49,85,258],[50,87,261],[54,83,263],[52,79,260],[53,81,257],[57,90,117],
[55,86,115],[56,88,113],[58,71,121],[60,72,123],[59,70,119],[57,69,116],[55,68,114],[56,67,112],[48,71,75],[47,72,77],
[46,70,73],[45,69,78],[44,68,76],[43,67,74],[42,89,90],[41,85,86],[40,87,88],[39,83,84],[38,79,80],[37,81,82],
[39,58,84],[37,59,82],[38,60,80],[42,57,90],[40,56,88],[41,55,86],[39,54,83],[37,53,81],[38,52,79],[42,51,89],
[40,50,87],[41,49,85],[36,53,61],[35,54,63],[34,52,65],[33,51,64],[32,50,66],[31,49,62],[45,57,69],[43,56,67],
[44,55,68],[48,58,71],[46,59,70],[47,60,72],[39,48,58],[38,47,60],[37,46,59],[33,42,51],[31,41,49],[32,40,50],
[35,39,54],[34,38,52],[36,37,53],[42,45,57],[41,44,55],[40,43,56],[35,39,48],[36,37,46],[34,38,47],[33,42,45],
[32,40,43],[31,41,44],[30,73,74],[29,75,76],[28,77,78],[27,45,78],[26,43,74],[25,44,76],[24,48,75],[23,46,73],
[22,47,77],[22,28,77],[24,29,75],[23,30,73],[26,30,74],[27,28,78],[25,29,76],[24,35,48],[22,34,47],[23,36,46],
[27,33,45],[25,31,44],[26,32,43],[20,21,30],[18,19,28],[16,17,29],[15,65,66],[14,61,62],[13,63,64],[12,33,64],
[11,31,62],[10,32,66],[9,34,65],[8,35,63],[7,36,61],[9,15,65],[7,14,61],[8,13,63],[10,15,66],[12,13,64],
[11,14,62],[16,24,29],[20,23,30],[18,22,28],[12,27,33],[10,26,32],[11,25,31],[8,24,35],[7,23,36],[9,22,34],
[19,27,28],[21,26,30],[17,25,29],[5,6,13],[3,4,15],[1,2,14],[5,12,13],[1,11,14],[3,10,15],[4,9,15],
[6,8,13],[2,7,14],[8,16,24],[9,18,22],[7,20,23],[12,19,27],[11,17,25],[10,21,26],[5,12,19],[3,10,21],
[1,11,17],[6,8,16],[4,9,18],[2,7,20],[18,19,268],[16,17,267],[20,21,266],[5,19,268],[3,21,266],[1,17,267],
[6,16,267],[2,20,266],[4,18,268],[5,6,269],[1,2,271],[3,4,270],[5,268,269],[3,266,270],[1,267,271],[6,267,269],
[4,268,270],[2,266,271]];
###############################################################

#SurfaceInfo: 273 Vertices, 819 Edges, 546 Faces, IsOrientable=true
 #Vertices of faces:
vof5:=[[271,272,273],[270,271,272],[269,271,273],[268,272,273],[265,266,267],[262,263,264],[259,260,261],[256,257,258],[253,254,255],[250,251,252],
[247,248,249],[246,265,266],[245,266,267],[244,265,267],[241,242,243],[240,241,242],[239,241,243],[238,242,243],[236,237,242],[234,235,243],
[232,233,241],[229,230,231],[226,227,228],[223,224,225],[236,238,242],[232,240,241],[234,239,243],[235,238,243],[233,239,241],[237,240,242],
[221,222,239],[219,220,238],[217,218,240],[215,216,230],[213,214,227],[211,212,224],[210,246,265],[209,244,267],[208,245,266],[207,244,265],
[206,246,266],[205,245,267],[204,232,233],[203,236,237],[202,234,235],[201,216,246],[200,214,244],[199,212,245],[198,202,234],[197,204,232],
[196,203,236],[195,202,235],[194,203,237],[193,204,233],[201,215,216],[199,211,212],[200,213,214],[201,210,246],[199,208,245],[200,209,244],
[206,216,246],[205,212,245],[207,214,244],[207,210,265],[205,209,267],[206,208,266],[217,232,240],[221,234,239],[219,236,238],[220,235,238],
[218,237,240],[222,233,239],[216,229,230],[212,223,224],[214,226,227],[191,192,209],[189,190,210],[187,188,208],[189,201,210],[187,199,208],
[191,200,209],[186,199,211],[185,200,213],[184,201,215],[188,206,208],[190,207,210],[192,205,209],[206,216,229],[207,214,226],[205,212,223],
[198,221,234],[196,219,236],[197,217,232],[194,218,237],[193,222,233],[195,220,235],[183,196,219],[182,197,217],[181,198,221],[180,194,218],
[179,193,222],[178,195,220],[188,206,229],[192,205,223],[190,207,226],[184,189,201],[185,191,200],[186,187,199],[177,221,222],[176,217,218],
[175,219,220],[174,229,231],[173,223,225],[172,226,228],[169,170,171],[166,167,168],[163,164,165],[164,174,231],[167,172,228],[170,173,225],
[175,183,219],[177,181,221],[176,182,217],[175,178,220],[176,180,218],[177,179,222],[162,184,189],[161,186,187],[160,185,191],[174,188,229],
[172,190,226],[173,192,223],[159,189,190],[158,187,188],[157,191,192],[156,175,183],[155,176,182],[154,177,181],[153,175,178],[152,177,179],
[151,176,180],[158,174,188],[157,173,192],[159,172,190],[158,161,187],[159,162,189],[157,160,191],[163,164,174],[169,170,173],[166,167,172],
[150,158,161],[149,157,160],[148,159,162],[153,156,175],[151,155,176],[152,154,177],[158,163,174],[157,169,173],[159,166,172],[147,153,156],
[146,152,154],[145,151,155],[150,158,163],[148,159,166],[149,157,169],[146,166,168],[147,163,165],[145,169,171],[147,156,165],[145,155,171],
[146,154,168],[147,150,163],[145,149,169],[146,148,166],[144,196,203],[143,197,204],[142,198,202],[141,195,202],[140,193,204],[139,194,203],
[138,183,196],[137,181,198],[136,182,197],[135,180,194],[134,178,195],[133,179,193],[132,156,183],[131,154,181],[130,155,182],[129,153,178],
[128,151,180],[127,152,179],[126,147,153],[125,145,151],[124,146,152],[126,129,153],[124,127,152],[125,128,151],[132,138,183],[130,136,182],
[131,137,181],[129,134,178],[127,133,179],[128,135,180],[138,144,196],[136,143,197],[137,142,198],[135,139,194],[133,140,193],[134,141,195],
[139,144,203],[141,142,202],[140,143,204],[130,155,171],[132,156,165],[131,154,168],[126,147,150],[124,146,148],[125,145,149],[122,123,127],
[120,121,129],[118,119,128],[116,117,138],[114,115,136],[112,113,137],[139,253,254],[141,247,248],[140,250,251],[111,211,224],[110,215,230],
[109,213,227],[108,227,228],[107,224,225],[106,230,231],[105,186,211],[104,184,215],[103,185,213],[102,161,186],[101,162,184],[100,160,185],
[99,164,231],[98,170,225],[97,167,228],[96,170,171],[95,164,165],[94,167,168],[93,150,161],[92,148,162],[91,149,160],[94,97,167],
[96,98,170],[95,99,164],[93,102,161],[91,100,160],[92,101,162],[102,105,186],[100,103,185],[101,104,184],[97,108,228],[99,106,231],
[98,107,225],[105,111,211],[103,109,213],[104,110,215],[108,109,227],[106,110,230],[107,111,224],[114,130,136],[112,131,137],[116,132,138],
[93,126,150],[91,125,149],[92,124,148],[96,130,171],[94,131,168],[95,132,165],[139,144,253],[141,142,247],[140,143,250],[135,139,254],
[133,140,251],[134,141,248],[117,138,144],[113,137,142],[115,136,143],[122,127,133],[118,128,135],[120,129,134],[123,124,127],[119,125,128],
[121,126,129],[89,90,102],[87,88,100],[85,86,101],[83,84,98],[81,82,99],[79,80,97],[111,262,263],[110,259,260],[109,256,257],
[107,111,262],[108,109,256],[106,110,259],[105,111,263],[104,110,260],[103,109,257],[79,97,108],[81,99,106],[83,98,107],[89,102,105],
[85,101,104],[87,100,103],[90,93,102],[86,92,101],[88,91,100],[80,94,97],[84,96,98],[82,95,99],[118,135,254],[120,134,248],
[122,133,251],[117,144,253],[115,143,250],[113,142,247],[96,114,130],[95,116,132],[94,112,131],[93,121,126],[92,123,124],[91,119,125],
[78,248,249],[77,251,252],[76,254,255],[75,250,252],[74,247,249],[73,253,255],[71,72,249],[69,70,252],[67,68,255],[71,78,249],
[67,76,255],[69,77,252],[72,74,249],[68,73,255],[70,75,252],[73,117,253],[74,113,247],[75,115,250],[76,118,254],[77,122,251],
[78,120,248],[82,95,116],[80,94,112],[84,96,114],[90,93,121],[88,91,119],[86,92,123],[81,106,259],[83,107,262],[79,108,256],
[89,105,263],[87,103,257],[85,104,260],[66,262,264],[65,256,258],[64,259,261],[63,263,264],[62,257,258],[61,260,261],[59,60,261],
[57,58,258],[55,56,264],[54,120,121],[53,118,119],[52,122,123],[51,116,117],[50,112,113],[49,114,115],[55,66,264],[59,64,261],
[57,65,258],[56,63,264],[60,61,261],[58,62,258],[51,82,116],[49,84,114],[50,80,112],[63,89,263],[61,85,260],[62,87,257],
[65,79,256],[64,81,259],[66,83,262],[54,90,121],[52,86,123],[53,88,119],[54,78,120],[52,77,122],[53,76,118],[50,74,113],
[49,75,115],[51,73,117],[48,71,78],[47,69,77],[46,67,76],[45,70,75],[44,72,74],[43,68,73],[42,89,90],[41,85,86],
[40,87,88],[39,83,84],[38,79,80],[37,81,82],[38,50,80],[37,51,82],[39,49,84],[42,54,90],[40,53,88],[41,52,86],
[37,64,81],[39,66,83],[38,65,79],[42,63,89],[40,62,87],[41,61,85],[36,57,65],[35,59,64],[34,55,66],[33,56,63],
[32,58,62],[31,60,61],[44,50,74],[43,51,73],[45,49,75],[48,54,78],[46,53,76],[47,52,77],[37,43,51],[39,45,49],
[38,44,50],[33,42,63],[31,41,61],[32,40,62],[35,37,64],[34,39,66],[36,38,65],[42,48,54],[41,47,52],[40,46,53],
[35,37,43],[36,38,44],[34,39,45],[33,42,48],[32,40,46],[31,41,47],[30,71,72],[29,67,68],[28,69,70],[27,44,72],
[26,43,68],[25,45,70],[24,48,71],[23,46,67],[22,47,69],[24,30,71],[22,28,69],[23,29,67],[27,30,72],[25,28,70],
[26,29,68],[27,36,44],[25,34,45],[26,35,43],[24,33,48],[22,31,47],[23,32,46],[20,21,29],[18,19,30],[16,17,28],
[15,57,58],[14,55,56],[13,59,60],[12,33,56],[11,31,60],[10,32,58],[9,36,57],[8,34,55],[7,35,59],[9,15,57],
[7,13,59],[8,14,55],[11,13,60],[10,15,58],[12,14,56],[18,24,30],[20,23,29],[16,22,28],[12,24,33],[10,23,32],
[11,22,31],[9,27,36],[7,26,35],[8,25,34],[19,27,30],[21,26,29],[17,25,28],[5,6,14],[3,4,15],[1,2,13],
[5,12,14],[1,11,13],[3,10,15],[4,9,15],[6,8,14],[2,7,13],[9,19,27],[8,17,25],[7,21,26],[12,18,24],
[11,16,22],[10,20,23],[5,12,18],[3,10,20],[1,11,16],[6,8,17],[4,9,19],[2,7,21],[18,19,270],[16,17,269],
[20,21,268],[5,18,270],[3,20,268],[1,16,269],[6,17,269],[2,21,268],[4,19,270],[5,6,271],[1,2,273],[3,4,272],
[5,270,271],[3,268,272],[1,269,273],[6,269,271],[4,270,272],[2,268,273]];
###############################################################

#SurfaceInfo: 273 Vertices, 819 Edges, 546 Faces, IsOrientable=true
 #Vertices of faces:
vof6:=[[271,272,273],[270,271,272],[269,271,273],[268,272,273],[265,266,267],[262,263,264],[259,260,261],[256,257,258],[253,254,255],[250,251,252],
[247,248,249],[244,245,246],[241,242,243],[238,239,240],[235,236,237],[234,238,239],[233,235,236],[232,241,242],[231,233,235],[230,232,241],
[229,234,238],[228,234,239],[227,232,242],[226,233,236],[223,224,225],[220,221,222],[217,218,219],[216,222,234],[215,225,233],[214,219,232],
[213,223,224],[212,220,221],[211,217,218],[210,221,222],[209,218,219],[208,224,225],[216,220,222],[214,217,219],[215,223,225],[222,229,234],
[219,230,232],[225,231,233],[216,228,234],[215,226,233],[214,227,232],[206,207,223],[204,205,220],[202,203,217],[206,213,223],[202,211,217],
[204,212,220],[201,214,227],[200,216,228],[199,215,226],[207,215,223],[203,214,217],[205,216,220],[210,222,229],[208,225,231],[209,219,230],
[198,206,213],[197,204,212],[196,202,211],[195,209,230],[194,210,229],[193,208,231],[199,207,215],[200,205,216],[201,203,214],[191,192,198],
[189,190,197],[187,188,196],[186,235,237],[185,241,243],[184,238,240],[183,231,235],[182,230,241],[181,229,238],[180,185,243],[179,184,240],
[178,186,237],[183,186,235],[181,184,238],[182,185,241],[177,191,192],[176,187,188],[175,189,190],[192,198,206],[188,196,202],[190,197,204],
[174,201,203],[173,200,205],[172,199,207],[181,194,229],[183,193,231],[182,195,230],[170,171,186],[168,169,184],[166,167,185],[165,206,207],
[164,202,203],[163,204,205],[168,179,184],[166,180,185],[170,178,186],[162,181,194],[161,182,195],[160,183,193],[165,172,207],[163,173,205],
[164,174,203],[165,192,206],[163,190,204],[164,188,202],[159,177,191],[158,175,189],[157,176,187],[169,181,184],[167,182,185],[171,183,186],
[156,247,248],[155,248,249],[154,247,249],[175,244,245],[177,244,246],[176,245,246],[170,171,247],[166,167,249],[168,169,248],[153,177,192],
[152,175,190],[151,176,188],[151,176,245],[152,175,244],[153,177,246],[156,170,247],[154,166,249],[155,168,248],[156,169,248],[154,171,247],
[155,167,249],[150,168,179],[149,166,180],[148,170,178],[158,175,245],[157,176,246],[159,177,244],[153,165,192],[151,164,188],[152,163,190],
[147,165,172],[146,164,174],[145,163,173],[162,169,181],[160,171,183],[161,167,182],[147,153,165],[145,152,163],[146,151,164],[148,156,170],
[150,155,168],[149,154,166],[156,162,169],[155,161,167],[154,160,171],[153,157,246],[152,159,244],[151,158,245],[148,156,162],[149,154,160],
[150,155,161],[147,153,157],[146,151,158],[145,152,159],[144,191,198],[143,189,197],[142,187,196],[141,213,224],[140,211,218],[139,212,221],
[138,208,224],[137,210,221],[136,209,218],[135,198,213],[134,196,211],[133,197,212],[132,194,210],[131,193,208],[130,195,209],[129,157,187],
[128,158,189],[127,159,191],[126,162,194],[125,160,193],[124,161,195],[126,132,194],[124,130,195],[125,131,193],[132,137,210],[130,136,209],
[131,138,208],[135,141,213],[133,139,212],[134,140,211],[138,141,224],[137,139,221],[136,140,218],[128,143,189],[127,144,191],[129,142,187],
[135,144,198],[133,143,197],[134,142,196],[124,150,161],[126,148,162],[125,149,160],[129,147,157],[127,145,159],[128,146,158],[122,123,130],
[120,121,131],[118,119,132],[141,256,257],[139,250,251],[140,253,254],[116,117,144],[114,115,143],[112,113,142],[111,239,240],[110,236,237],
[109,242,243],[108,227,242],[107,226,236],[106,228,239],[105,201,227],[104,199,226],[103,200,228],[102,178,237],[101,179,240],[100,180,243],
[99,174,201],[98,172,199],[97,173,200],[96,150,179],[95,148,178],[94,149,180],[93,147,172],[92,145,173],[91,146,174],[92,97,173],
[91,99,174],[93,98,172],[94,100,180],[96,101,179],[95,102,178],[99,105,201],[98,104,199],[97,103,200],[103,106,228],[104,107,226],
[105,108,227],[101,111,240],[100,109,243],[102,110,237],[108,109,242],[106,111,239],[107,110,236],[118,126,132],[122,124,130],[120,125,131],
[93,129,147],[92,127,145],[91,128,146],[96,124,150],[94,125,149],[95,126,148],[116,135,144],[112,134,142],[114,133,143],[113,129,142],
[117,127,144],[115,128,143],[137,139,250],[138,141,256],[136,140,253],[135,141,257],[134,140,254],[133,139,251],[119,132,137],[121,131,138],
[123,130,136],[89,90,98],[87,88,97],[85,86,99],[106,265,266],[107,259,260],[108,262,263],[83,84,100],[81,82,101],[79,80,102],
[106,111,265],[108,109,262],[107,110,259],[83,100,109],[79,102,110],[81,101,111],[103,106,266],[105,108,263],[104,107,260],[87,97,103],
[85,99,105],[89,98,104],[84,94,100],[82,96,101],[80,95,102],[86,91,99],[90,93,98],[88,92,97],[119,137,250],[121,138,256],
[123,136,253],[116,135,257],[114,133,251],[112,134,254],[96,122,124],[95,118,126],[94,120,125],[93,113,129],[91,115,128],[92,117,127],
[78,256,258],[77,250,252],[76,253,255],[75,257,258],[74,251,252],[73,254,255],[71,72,258],[69,70,252],[67,68,255],[71,78,258],
[67,76,255],[69,77,252],[72,75,258],[68,73,255],[70,74,252],[75,116,257],[73,112,254],[74,114,251],[76,123,253],[77,119,250],
[78,121,256],[88,92,117],[90,93,113],[86,91,115],[80,95,118],[84,94,120],[82,96,122],[87,103,266],[89,104,260],[85,105,263],
[81,111,265],[79,110,259],[83,109,262],[66,266,267],[65,260,261],[64,263,264],[63,265,267],[62,262,264],[61,259,261],[59,60,264],
[57,58,267],[55,56,261],[54,122,123],[53,118,119],[52,120,121],[51,116,117],[50,112,113],[49,114,115],[57,66,267],[55,65,261],
[59,64,264],[58,63,267],[56,61,261],[60,62,264],[51,88,117],[49,86,115],[50,90,113],[63,81,265],[61,79,259],[62,83,262],
[66,87,266],[64,85,263],[65,89,260],[52,84,120],[54,82,122],[53,80,118],[53,77,119],[52,78,121],[54,76,123],[51,75,116],
[49,74,114],[50,73,112],[48,71,78],[47,69,77],[46,67,76],[45,72,75],[44,70,74],[43,68,73],[42,87,88],[41,85,86],
[40,89,90],[39,81,82],[38,79,80],[37,83,84],[42,51,88],[40,50,90],[41,49,86],[37,52,84],[38,53,80],[39,54,82],
[42,66,87],[40,65,89],[41,64,85],[39,63,81],[37,62,83],[38,61,79],[36,57,66],[35,55,65],[34,59,64],[33,58,63],
[32,60,62],[31,56,61],[45,51,75],[43,50,73],[44,49,74],[47,53,77],[46,54,76],[48,52,78],[42,45,51],[41,44,49],
[40,43,50],[33,39,63],[31,38,61],[32,37,62],[36,42,66],[34,41,64],[35,40,65],[39,46,54],[37,48,52],[38,47,53],
[36,42,45],[35,40,43],[34,41,44],[33,39,46],[31,38,47],[32,37,48],[30,71,72],[29,69,70],[28,67,68],[27,45,72],
[26,43,68],[25,44,70],[24,46,67],[23,47,69],[22,48,71],[22,30,71],[24,28,67],[23,29,69],[27,30,72],[25,29,70],
[26,28,68],[27,36,45],[25,34,44],[26,35,43],[24,33,46],[22,32,48],[23,31,47],[20,21,29],[18,19,30],[16,17,28],
[15,55,56],[14,57,58],[13,59,60],[12,33,58],[11,32,60],[10,31,56],[9,36,57],[8,34,59],[7,35,55],[7,15,55],
[8,13,59],[9,14,57],[11,13,60],[10,15,56],[12,14,58],[16,24,28],[20,23,29],[18,22,30],[12,24,33],[10,23,31],
[11,22,32],[9,27,36],[7,26,35],[8,25,34],[19,27,30],[17,26,28],[21,25,29],[5,6,14],[3,4,15],[1,2,13],
[5,12,14],[1,11,13],[3,10,15],[4,7,15],[6,9,14],[2,8,13],[9,19,27],[8,21,25],[7,17,26],[12,16,24],
[11,18,22],[10,20,23],[5,12,16],[3,10,20],[1,11,18],[6,9,19],[4,7,17],[2,8,21],[16,17,270],[18,19,269],
[20,21,268],[5,16,270],[3,20,268],[1,18,269],[6,19,269],[2,21,268],[4,17,270],[5,6,271],[1,2,273],[3,4,272],
[5,270,271],[3,268,272],[1,269,273],[6,269,271],[4,270,272],[2,268,273]];
###############################################################

#SurfaceInfo: 277 Vertices, 831 Edges, 554 Faces, IsOrientable=true
 #Vertices of faces:
vof7:=[[275,276,277],[274,275,276],[273,276,277],[272,275,277],[269,270,271],[266,267,268],[263,264,265],[261,262,264],[259,260,267],[257,258,270],
[255,256,270],[253,254,267],[251,252,264],[255,257,270],[251,261,264],[253,259,267],[250,251,261],[249,253,259],[248,255,257],[247,250,261],
[246,248,257],[245,249,259],[242,243,244],[239,240,241],[236,237,238],[233,234,235],[230,231,232],[227,228,229],[226,247,250],[225,245,249],
[224,246,248],[223,247,261],[222,245,259],[221,246,257],[219,220,226],[217,218,225],[215,216,224],[256,269,270],[252,263,264],[254,266,267],
[212,213,214],[209,210,211],[206,207,208],[258,270,271],[262,264,265],[260,267,268],[205,209,210],[204,206,207],[203,212,213],[223,261,262],
[221,257,258],[222,259,260],[202,207,208],[201,213,214],[200,210,211],[200,269,271],[202,263,265],[201,266,268],[219,226,250],[215,224,248],
[217,225,249],[199,255,256],[198,251,252],[197,253,254],[196,219,220],[195,215,216],[194,217,218],[193,250,251],[192,248,255],[191,249,253],
[188,189,190],[187,188,189],[186,188,190],[185,189,190],[184,223,262],[183,221,258],[182,222,260],[200,211,271],[201,214,268],[202,208,265],
[193,219,250],[191,217,249],[192,215,248],[181,196,220],[180,194,218],[179,195,216],[192,199,255],[191,197,253],[193,198,251],[178,262,265],
[177,258,271],[176,260,268],[175,196,219],[174,194,217],[173,195,215],[172,203,212],[171,205,209],[170,204,206],[169,185,196],[168,187,194],
[167,186,195],[165,166,172],[164,166,171],[163,166,170],[165,166,170],[164,166,172],[163,166,171],[162,170,204],[161,171,205],[160,172,203],
[175,185,196],[173,186,195],[174,187,194],[165,172,212],[163,170,206],[164,171,209],[159,191,197],[158,193,198],[157,192,199],[169,181,196],
[167,179,195],[168,180,194],[178,184,262],[176,182,260],[177,183,258],[176,214,268],[178,208,265],[177,211,271],[175,193,219],[173,192,215],
[174,191,217],[168,187,188],[167,186,190],[169,185,189],[156,212,214],[155,206,208],[154,209,211],[153,187,189],[152,185,190],[151,186,188],
[150,176,182],[149,178,184],[148,177,183],[156,176,214],[154,177,211],[155,178,208],[153,169,189],[151,168,188],[152,167,190],[147,169,181],
[146,168,180],[145,167,179],[156,165,212],[154,164,209],[155,163,206],[151,173,186],[152,175,185],[153,174,187],[158,175,193],[157,173,192],
[159,174,191],[161,163,171],[160,164,172],[162,165,170],[153,159,174],[152,158,175],[151,157,173],[156,162,165],[155,161,163],[154,160,164],
[147,153,169],[145,152,167],[146,151,168],[150,156,176],[149,155,178],[148,154,177],[147,153,159],[146,151,157],[145,152,158],[150,156,162],
[148,154,160],[149,155,161],[144,202,207],[143,201,213],[142,200,210],[141,200,269],[140,201,266],[139,202,263],[138,256,269],[137,254,266],
[136,252,263],[135,199,256],[134,197,254],[133,198,252],[132,204,207],[131,203,213],[130,205,210],[129,159,197],[128,157,199],[127,158,198],
[126,162,204],[125,160,203],[124,161,205],[126,132,204],[124,130,205],[125,131,203],[128,135,199],[127,133,198],[129,134,197],[141,142,200],
[139,144,202],[140,143,201],[138,141,269],[136,139,263],[137,140,266],[135,138,256],[134,137,254],[133,136,252],[132,144,207],[130,142,210],
[131,143,213],[129,147,159],[127,145,158],[128,146,157],[126,150,162],[124,149,161],[125,148,160],[122,123,134],[120,121,133],[118,119,135],
[141,233,234],[140,227,228],[139,230,231],[116,117,132],[114,115,130],[112,113,131],[111,226,247],[110,224,246],[109,225,245],[108,223,247],
[107,222,245],[106,221,246],[105,220,226],[104,216,224],[103,218,225],[102,184,223],[101,182,222],[100,183,221],[99,181,220],[98,179,216],
[97,180,218],[96,149,184],[95,150,182],[94,148,183],[93,147,181],[92,145,179],[91,146,180],[93,99,181],[91,97,180],[92,98,179],
[96,102,184],[94,100,183],[95,101,182],[99,105,220],[97,103,218],[98,104,216],[102,108,223],[100,106,221],[101,107,222],[108,111,247],
[107,109,245],[106,110,246],[105,111,226],[103,109,225],[104,110,224],[141,142,233],[140,143,227],[139,144,230],[95,126,150],[94,125,148],
[96,124,149],[92,127,145],[93,129,147],[91,128,146],[114,130,142],[112,131,143],[116,132,144],[138,141,234],[136,139,231],[137,140,228],
[118,135,138],[120,133,136],[122,134,137],[123,129,134],[121,127,133],[119,128,135],[117,126,132],[113,125,131],[115,124,130],[89,90,98],
[87,88,97],[85,86,99],[83,84,102],[81,82,100],[79,80,101],[111,242,243],[109,236,237],[110,239,240],[105,111,242],[104,110,239],
[103,109,236],[108,111,243],[107,109,237],[106,110,240],[83,102,108],[79,101,107],[81,100,106],[85,99,105],[89,98,104],[87,97,103],
[80,95,101],[84,96,102],[82,94,100],[90,92,98],[88,91,97],[86,93,99],[118,138,234],[122,137,228],[120,136,231],[114,142,233],
[116,144,230],[112,143,227],[92,121,127],[91,119,128],[93,123,129],[95,117,126],[96,115,124],[94,113,125],[78,234,235],[77,228,229],
[76,231,232],[75,233,235],[74,230,232],[73,227,229],[71,72,235],[69,70,232],[67,68,229],[71,78,235],[69,76,232],[67,77,229],
[72,75,235],[68,73,229],[70,74,232],[75,114,233],[73,112,227],[74,116,230],[78,118,234],[76,120,231],[77,122,228],[90,92,121],
[86,93,123],[88,91,119],[80,95,117],[82,94,113],[84,96,115],[85,105,242],[87,103,236],[89,104,239],[83,108,243],[81,106,240],
[79,107,237],[66,242,244],[65,236,238],[64,239,241],[63,237,238],[62,243,244],[61,240,241],[59,60,244],[57,58,238],[55,56,241],
[54,118,119],[53,122,123],[52,120,121],[51,114,115],[50,112,113],[49,116,117],[55,64,241],[59,66,244],[57,65,238],[58,63,238],
[56,61,241],[60,62,244],[52,90,121],[54,88,119],[53,86,123],[62,83,243],[63,79,237],[61,81,240],[66,85,242],[64,89,239],
[65,87,236],[49,80,117],[51,84,115],[50,82,113],[54,78,118],[53,77,122],[52,76,120],[51,75,114],[49,74,116],[50,73,112],
[48,71,78],[47,67,77],[46,69,76],[45,72,75],[44,70,74],[43,68,73],[42,85,86],[41,87,88],[40,89,90],[39,83,84],
[38,79,80],[37,81,82],[41,54,88],[40,52,90],[42,53,86],[39,51,84],[37,50,82],[38,49,80],[42,66,85],[40,64,89],
[41,65,87],[39,62,83],[37,61,81],[38,63,79],[36,55,64],[35,57,65],[34,59,66],[33,58,63],[32,60,62],[31,56,61],
[45,51,75],[43,50,73],[44,49,74],[48,54,78],[46,52,76],[47,53,77],[41,48,54],[42,47,53],[40,46,52],[32,39,62],
[33,38,63],[31,37,61],[35,41,65],[34,42,66],[36,40,64],[39,45,51],[38,44,49],[37,43,50],[35,41,48],[36,40,46],
[34,42,47],[32,39,45],[31,37,43],[33,38,44],[30,67,68],[29,71,72],[28,69,70],[27,45,72],[26,43,68],[25,44,70],
[24,48,71],[23,46,69],[22,47,67],[23,28,69],[22,30,67],[24,29,71],[26,30,68],[25,28,70],[27,29,72],[24,35,48],
[22,34,47],[23,36,46],[27,32,45],[25,33,44],[26,31,43],[20,21,30],[18,19,29],[16,17,28],[15,55,56],[14,57,58],
[13,59,60],[12,32,60],[11,31,56],[10,33,58],[9,35,57],[8,34,59],[7,36,55],[7,15,55],[8,13,59],[9,14,57],
[12,13,60],[10,14,58],[11,15,56],[18,24,29],[16,23,28],[20,22,30],[12,27,32],[10,25,33],[11,26,31],[9,24,35],
[7,23,36],[8,22,34],[19,27,29],[17,25,28],[21,26,30],[5,6,14],[3,4,15],[1,2,13],[3,11,15],[1,12,13],
[5,10,14],[6,9,14],[4,7,15],[2,8,13],[9,18,24],[8,20,22],[7,16,23],[12,19,27],[11,21,26],[10,17,25],
[5,10,17],[1,12,19],[3,11,21],[6,9,18],[4,7,16],[2,8,20],[18,19,274],[16,17,273],[20,21,272],[5,17,273],
[3,21,272],[1,19,274],[6,18,274],[2,20,272],[4,16,273],[5,6,276],[1,2,275],[3,4,277],[5,273,276],[3,272,277],
[1,274,275],[6,274,276],[4,273,277],[2,272,275]];
###############################################################

#SurfaceInfo: 279 Vertices, 837 Edges, 558 Faces, IsOrientable=true
 #Vertices of faces:
vof8:=[[277,278,279],[276,277,278],[275,277,279],[274,278,279],[271,272,273],[268,269,270],[265,266,267],[262,263,264],[259,260,261],[256,257,258],
[253,254,255],[250,251,252],[247,248,249],[244,245,246],[245,248,251],[241,242,243],[238,239,240],[235,236,237],[244,245,251],[245,247,248],
[248,250,251],[233,234,242],[231,232,239],[229,230,236],[226,227,228],[223,224,225],[220,221,222],[227,253,254],[224,254,255],[221,253,255],
[234,251,252],[232,245,246],[230,248,249],[217,218,219],[214,215,216],[211,212,213],[210,219,221],[209,213,224],[208,216,227],[207,211,212],
[206,217,218],[205,214,215],[204,218,219],[203,212,213],[202,215,216],[216,226,227],[219,220,221],[213,223,224],[210,217,219],[209,211,213],
[208,214,216],[227,228,253],[224,225,254],[221,222,255],[210,221,253],[208,227,254],[209,224,255],[233,234,252],[229,230,249],[231,232,246],
[234,244,251],[230,248,250],[232,245,247],[234,241,242],[230,235,236],[232,238,239],[200,201,217],[198,199,214],[196,197,211],[198,205,214],
[196,207,211],[200,206,217],[195,233,252],[194,231,246],[193,229,249],[201,210,217],[197,209,211],[199,208,214],[234,241,244],[232,238,247],
[230,235,250],[203,213,223],[204,219,220],[202,216,226],[210,228,253],[209,222,255],[208,225,254],[192,250,252],[191,247,249],[190,244,246],
[187,188,189],[184,185,186],[181,182,183],[182,200,206],[185,196,207],[188,198,205],[180,202,226],[179,203,223],[178,204,220],[190,241,244],
[192,235,250],[191,238,247],[192,195,252],[191,193,249],[190,194,246],[201,210,228],[199,208,225],[197,209,222],[177,226,228],[176,223,225],
[175,220,222],[174,241,243],[173,235,237],[172,238,240],[171,172,240],[170,174,243],[169,173,237],[177,201,228],[175,197,222],[176,199,225],
[168,192,195],[167,190,194],[166,191,193],[174,190,241],[172,191,238],[173,192,235],[177,180,226],[175,178,220],[176,179,223],[187,188,198],
[184,185,196],[181,182,200],[164,165,169],[162,163,171],[160,161,170],[158,159,165],[156,157,163],[154,155,161],[153,198,199],[152,196,197],
[151,200,201],[159,181,183],[155,187,189],[157,184,186],[150,159,183],[149,155,189],[148,157,186],[158,159,181],[154,155,187],[156,157,184],
[159,164,165],[155,160,161],[157,162,163],[151,177,201],[153,176,199],[152,175,197],[153,187,198],[151,181,200],[152,184,196],[147,175,178],
[146,176,179],[145,177,180],[160,170,174],[164,169,173],[162,171,172],[167,174,190],[168,173,192],[166,172,191],[160,167,174],[162,166,172],
[164,168,173],[147,152,175],[145,151,177],[146,153,176],[153,154,187],[152,156,184],[151,158,181],[150,159,164],[148,157,162],[149,155,160],
[150,164,168],[149,160,167],[148,162,166],[145,151,158],[146,153,154],[147,152,156],[144,229,236],[143,231,239],[142,233,242],[141,163,171],
[140,161,170],[139,165,169],[138,158,165],[137,154,161],[136,156,163],[135,239,240],[134,236,237],[133,242,243],[132,195,233],[131,193,229],
[130,194,231],[129,168,195],[128,167,194],[127,166,193],[126,171,240],[125,170,243],[124,169,237],[129,132,195],[128,130,194],[127,131,193],
[126,135,240],[124,134,237],[125,133,243],[125,140,170],[124,139,169],[126,141,171],[138,139,165],[136,141,163],[137,140,161],[132,142,233],
[130,143,231],[131,144,229],[135,143,239],[133,142,242],[134,144,236],[129,150,168],[127,148,166],[128,149,167],[138,145,158],[137,146,154],
[136,147,156],[122,123,140],[120,121,139],[118,119,141],[116,117,132],[114,115,131],[112,113,130],[134,256,257],[135,259,260],[133,262,263],
[111,206,218],[110,205,215],[109,207,212],[108,204,218],[107,203,212],[106,202,215],[105,182,206],[104,188,205],[103,185,207],[102,179,203],
[101,178,204],[100,180,202],[99,182,183],[98,188,189],[97,185,186],[96,145,180],[95,146,179],[94,147,178],[93,150,183],[92,148,186],
[91,149,189],[93,99,183],[92,97,186],[91,98,189],[94,101,178],[96,100,180],[95,102,179],[99,105,182],[98,104,188],[97,103,185],
[100,106,202],[101,108,204],[102,107,203],[105,111,206],[103,109,207],[104,110,205],[108,111,218],[107,109,212],[106,110,215],[116,129,132],
[112,128,130],[114,127,131],[96,138,145],[94,136,147],[95,137,146],[93,129,150],[91,128,149],[92,127,148],[133,142,262],[134,144,256],
[135,143,259],[117,132,142],[115,131,144],[113,130,143],[120,138,139],[122,137,140],[118,136,141],[123,125,140],[119,126,141],[121,124,139],
[125,133,263],[126,135,260],[124,134,257],[89,90,99],[87,88,98],[85,86,97],[83,84,100],[81,82,101],[79,80,102],[111,271,272],
[110,265,266],[109,268,269],[108,111,271],[106,110,265],[107,109,268],[105,111,272],[103,109,269],[104,110,266],[83,100,106],[79,102,107],
[81,101,108],[89,99,105],[85,97,103],[87,98,104],[84,96,100],[80,95,102],[82,94,101],[90,93,99],[86,92,97],[88,91,98],
[123,125,263],[121,124,257],[119,126,260],[117,142,262],[113,143,259],[115,144,256],[93,116,129],[92,114,127],[91,112,128],[96,120,138],
[95,122,137],[94,118,136],[77,78,264],[75,76,258],[73,74,261],[72,263,264],[71,257,258],[70,260,261],[69,262,264],[68,259,261],
[67,256,258],[70,73,261],[72,77,264],[71,75,258],[69,78,264],[67,76,258],[68,74,261],[69,117,262],[67,115,256],[68,113,259],
[72,123,263],[70,119,260],[71,121,257],[90,93,116],[88,91,112],[86,92,114],[84,96,120],[82,94,118],[80,95,122],[79,107,268],
[81,108,271],[83,106,265],[89,105,272],[87,104,266],[85,103,269],[65,66,267],[63,64,270],[61,62,273],[60,120,121],[59,118,119],
[58,122,123],[57,116,117],[56,114,115],[55,112,113],[54,271,273],[53,265,267],[52,268,270],[51,272,273],[50,266,267],[49,269,270],
[53,65,267],[52,63,270],[54,61,273],[51,62,273],[49,64,270],[50,66,267],[57,90,116],[56,86,114],[55,88,112],[51,89,272],
[49,85,269],[50,87,266],[52,79,268],[53,83,265],[54,81,271],[60,84,120],[58,80,122],[59,82,118],[58,72,123],[60,71,121],
[59,70,119],[57,69,117],[55,68,113],[56,67,115],[48,70,73],[47,72,77],[46,71,75],[45,69,78],[44,68,74],[43,67,76],
[42,89,90],[41,85,86],[40,87,88],[39,83,84],[38,79,80],[37,81,82],[42,57,90],[40,55,88],[41,56,86],[39,60,84],
[37,59,82],[38,58,80],[37,54,81],[38,52,79],[39,53,83],[42,51,89],[40,50,87],[41,49,85],[36,52,63],[35,54,61],
[34,53,65],[33,51,62],[32,50,66],[31,49,64],[45,57,69],[43,56,67],[44,55,68],[46,60,71],[48,59,70],[47,58,72],
[42,45,57],[41,43,56],[40,44,55],[33,42,51],[31,41,49],[32,40,50],[34,39,53],[36,38,52],[35,37,54],[39,46,60],
[38,47,58],[37,48,59],[34,39,46],[35,37,48],[36,38,47],[33,42,45],[32,40,44],[31,41,43],[30,75,76],[29,77,78],
[28,73,74],[27,45,78],[26,43,76],[25,44,74],[24,46,75],[23,47,77],[22,48,73],[24,30,75],[22,28,73],[23,29,77],
[26,30,76],[25,28,74],[27,29,78],[24,34,46],[22,35,48],[23,36,47],[27,33,45],[26,31,43],[25,32,44],[20,21,30],
[18,19,28],[16,17,29],[15,63,64],[14,61,62],[13,65,66],[12,33,62],[11,31,64],[10,32,66],[9,34,65],[8,35,61],
[7,36,63],[9,13,65],[7,15,63],[8,14,61],[11,15,64],[10,13,66],[12,14,62],[20,24,30],[16,23,29],[18,22,28],
[12,27,33],[11,26,31],[10,25,32],[9,24,34],[7,23,36],[8,22,35],[17,27,29],[21,26,30],[19,25,28],[5,6,14],
[3,4,15],[1,2,13],[5,12,14],[1,10,13],[3,11,15],[2,9,13],[6,8,14],[4,7,15],[9,20,24],[8,18,22],
[7,16,23],[12,17,27],[10,19,25],[11,21,26],[5,12,17],[3,11,21],[1,10,19],[6,8,18],[4,7,16],[2,9,20],
[16,17,276],[18,19,275],[20,21,274],[5,17,276],[3,21,274],[1,19,275],[6,18,275],[2,20,274],[4,16,276],[5,6,277],
[1,2,279],[3,4,278],[5,276,277],[3,274,278],[1,275,279],[6,275,277],[4,276,278],[2,274,279]];
###############################################################

#SurfaceInfo: 283 Vertices, 849 Edges, 566 Faces, IsOrientable=true
 #Vertices of faces:
vof9:=[[281,282,283],[280,281,282],[279,282,283],[278,281,283],[275,276,277],[272,273,274],[269,270,271],[267,268,276],[265,266,273],[263,264,270],
[260,261,262],[257,258,259],[254,255,256],[251,252,253],[248,249,250],[245,246,247],[242,243,244],[239,240,241],[236,237,238],[235,244,277],
[234,241,274],[233,238,271],[231,232,243],[229,230,240],[227,228,237],[224,225,226],[221,222,223],[218,219,220],[215,216,217],[212,213,214],
[209,210,211],[267,275,276],[263,269,270],[265,272,273],[231,242,243],[227,236,237],[229,239,240],[208,267,268],[207,263,264],[206,265,266],
[208,224,225],[207,221,222],[206,218,219],[242,244,277],[236,238,271],[239,241,274],[235,275,277],[233,269,271],[234,272,274],[205,225,226],
[204,219,220],[203,222,223],[202,268,276],[201,264,270],[200,266,273],[199,215,216],[198,209,210],[197,212,213],[196,216,217],[196,210,211],
[196,213,214],[198,227,228],[199,231,232],[197,229,230],[195,276,277],[194,270,271],[193,273,274],[191,192,205],[189,190,204],[187,188,203],
[185,186,191],[183,184,189],[181,182,187],[182,184,186],[181,182,186],[184,185,186],[182,183,184],[208,224,267],[206,218,265],[207,221,263],
[196,214,216],[196,210,217],[196,211,213],[195,242,277],[193,239,274],[194,236,271],[199,215,231],[197,212,229],[198,209,227],[180,235,275],
[179,234,272],[178,233,269],[177,199,232],[176,197,230],[175,198,228],[191,205,226],[187,203,223],[189,204,220],[185,191,192],[181,187,188],
[183,189,190],[195,202,276],[193,200,273],[194,201,270],[174,231,242],[173,229,239],[172,227,236],[171,267,275],[170,265,272],[169,263,269],
[168,198,210],[167,199,216],[166,197,213],[165,186,191],[164,184,189],[163,182,187],[162,181,188],[161,183,190],[160,185,192],[159,195,202],
[158,194,201],[157,193,200],[171,224,267],[169,221,263],[170,218,265],[168,210,217],[166,211,213],[167,214,216],[174,195,242],[172,194,236],
[173,193,239],[174,215,231],[172,209,227],[173,212,229],[171,180,275],[169,178,269],[170,179,272],[168,175,198],[166,176,197],[167,177,199],
[165,191,226],[163,187,223],[164,189,220],[165,181,186],[163,182,183],[164,184,185],[156,221,223],[155,218,220],[154,224,226],[153,215,217],
[152,209,211],[151,212,214],[150,171,180],[149,170,179],[148,169,178],[147,168,175],[146,167,177],[145,166,176],[154,171,224],[155,170,218],
[156,169,221],[153,168,217],[151,167,214],[152,166,211],[153,174,215],[151,173,212],[152,172,209],[154,165,226],[155,164,220],[156,163,223],
[159,174,195],[157,173,193],[158,172,194],[162,165,181],[160,164,185],[161,163,183],[154,162,165],[156,161,163],[155,160,164],[153,159,174],
[152,158,172],[151,157,173],[150,154,171],[148,156,169],[149,155,170],[147,153,168],[145,152,166],[146,151,167],[150,154,162],[149,155,160],
[148,156,161],[147,153,159],[146,151,157],[145,152,158],[144,208,268],[143,206,266],[142,207,264],[141,208,225],[140,206,219],[139,207,222],
[138,205,225],[137,204,219],[136,203,222],[135,192,205],[134,188,203],[133,190,204],[132,202,268],[131,200,266],[130,201,264],[129,160,192],
[128,162,188],[127,161,190],[126,159,202],[125,157,200],[124,158,201],[126,132,202],[124,130,201],[125,131,200],[129,135,192],[127,133,190],
[128,134,188],[141,144,208],[139,142,207],[140,143,206],[138,141,225],[136,139,222],[137,140,219],[135,138,205],[133,137,204],[134,136,203],
[131,143,266],[130,142,264],[132,144,268],[128,150,162],[127,148,161],[129,149,160],[126,147,159],[124,145,158],[125,146,157],[122,123,135],
[120,121,133],[118,119,134],[139,248,249],[141,251,252],[140,245,246],[116,117,130],[114,115,131],[112,113,132],[111,243,244],[110,237,238],
[109,240,241],[108,235,244],[107,233,238],[106,234,241],[105,232,243],[104,228,237],[103,230,240],[102,178,233],[101,180,235],[100,179,234],
[99,177,232],[98,175,228],[97,176,230],[96,150,180],[95,148,178],[94,149,179],[93,147,175],[92,146,177],[91,145,176],[92,99,177],
[91,97,176],[93,98,175],[96,101,180],[94,100,179],[95,102,178],[99,105,232],[97,103,230],[98,104,228],[101,108,235],[100,106,234],
[102,107,233],[108,111,244],[106,109,241],[107,110,238],[105,111,243],[103,109,240],[104,110,237],[140,143,245],[139,142,248],[141,144,251],
[93,126,147],[92,125,146],[91,124,145],[96,128,150],[94,129,149],[95,127,148],[114,131,143],[112,132,144],[116,130,142],[138,141,252],
[137,140,246],[136,139,249],[122,135,138],[118,134,136],[120,133,137],[119,128,134],[123,129,135],[121,127,133],[113,126,132],[115,125,131],
[117,124,130],[89,90,99],[87,88,97],[85,86,98],[83,84,101],[81,82,100],[79,80,102],[111,257,258],[109,254,255],[110,260,261],
[105,111,257],[104,110,260],[103,109,254],[108,111,258],[107,110,261],[106,109,255],[83,101,108],[79,102,107],[81,100,106],[89,99,105],
[85,98,104],[87,97,103],[84,96,101],[80,95,102],[82,94,100],[86,93,98],[90,92,99],[88,91,97],[122,138,252],[120,137,246],
[118,136,249],[112,144,251],[116,142,248],[114,143,245],[96,119,128],[95,121,127],[94,123,129],[93,113,126],[91,117,124],[92,115,125],
[78,252,253],[77,246,247],[76,249,250],[75,245,247],[74,248,250],[73,251,253],[71,72,250],[69,70,253],[67,68,247],[67,77,247],
[71,76,250],[69,78,253],[68,75,247],[70,73,253],[72,74,250],[73,112,251],[75,114,245],[74,116,248],[78,122,252],[76,118,249],
[77,120,246],[86,93,113],[90,92,115],[88,91,117],[84,96,119],[82,94,123],[80,95,121],[85,104,260],[87,103,254],[89,105,257],
[79,107,261],[81,106,255],[83,108,258],[66,254,256],[65,260,262],[64,257,259],[63,261,262],[62,255,256],[61,258,259],[59,60,259],
[57,58,256],[55,56,262],[54,118,119],[53,122,123],[52,120,121],[51,112,113],[50,114,115],[49,116,117],[57,66,256],[55,65,262],
[59,64,259],[56,63,262],[60,61,259],[58,62,256],[51,86,113],[49,88,117],[50,90,115],[63,79,261],[61,83,258],[62,81,255],
[65,85,260],[64,89,257],[66,87,254],[54,84,119],[52,80,121],[53,82,123],[52,77,120],[53,78,122],[54,76,118],[49,74,116],
[51,73,112],[50,75,114],[48,67,77],[47,69,78],[46,71,76],[45,68,75],[44,72,74],[43,70,73],[42,85,86],[41,87,88],
[40,89,90],[39,83,84],[38,79,80],[37,81,82],[42,51,86],[40,50,90],[41,49,88],[39,54,84],[37,53,82],[38,52,80],
[41,66,87],[40,64,89],[42,65,85],[38,63,79],[37,62,81],[39,61,83],[36,57,66],[35,59,64],[34,55,65],[33,56,63],
[32,58,62],[31,60,61],[43,51,73],[45,50,75],[44,49,74],[46,54,76],[47,53,78],[48,52,77],[42,43,51],[40,45,50],
[41,44,49],[31,39,61],[33,38,63],[32,37,62],[34,42,65],[35,40,64],[36,41,66],[39,46,54],[38,48,52],[37,47,53],
[34,42,43],[36,41,44],[35,40,45],[31,39,46],[32,37,47],[33,38,48],[30,71,72],[29,67,68],[28,69,70],[27,43,70],
[26,44,72],[25,45,68],[24,46,71],[23,48,67],[22,47,69],[24,30,71],[22,28,69],[23,29,67],[26,30,72],[25,29,68],
[27,28,70],[27,34,43],[25,35,45],[26,36,44],[24,31,46],[22,32,47],[23,33,48],[20,21,30],[18,19,29],[16,17,28],
[15,55,56],[14,57,58],[13,59,60],[12,31,60],[11,32,58],[10,33,56],[9,34,55],[8,35,59],[7,36,57],[8,13,59],
[7,14,57],[9,15,55],[10,15,56],[12,13,60],[11,14,58],[20,24,30],[18,23,29],[16,22,28],[12,24,31],[10,23,33],
[11,22,32],[9,27,34],[7,26,36],[8,25,35],[17,27,28],[21,26,30],[19,25,29],[5,6,15],[3,4,13],[1,2,14],
[1,11,14],[5,10,15],[3,12,13],[6,9,15],[4,8,13],[2,7,14],[9,17,27],[8,19,25],[7,21,26],[12,20,24],
[11,16,22],[10,18,23],[5,10,18],[3,12,20],[1,11,16],[6,9,17],[4,8,19],[2,7,21],[16,17,280],[18,19,279],
[20,21,278],[5,18,279],[3,20,278],[1,16,280],[6,17,280],[2,21,278],[4,19,279],[5,6,282],[1,2,281],[3,4,283],
[5,279,282],[3,278,283],[1,280,281],[6,280,282],[4,279,283],[2,278,281]];
###############################################################

#SurfaceInfo: 216 Vertices, 864 Edges, 576 Faces, IsOrientable=true
 #Vertices of faces:
vof10:=[[214,215,216],[213,214,215],[212,215,216],[211,214,216],[208,209,210],[205,206,207],[202,203,204],[199,200,201],[197,198,207],[195,196,204],
[193,194,210],[190,191,192],[187,188,189],[184,185,186],[183,197,207],[182,193,210],[181,195,204],[180,199,200],[179,199,201],[178,200,201],
[177,208,209],[176,202,203],[175,205,206],[194,209,210],[196,203,204],[198,206,207],[174,208,210],[173,205,207],[172,202,204],[171,177,208],
[170,175,205],[169,176,202],[168,183,197],[167,181,195],[166,182,193],[163,164,165],[162,163,164],[161,164,165],[160,163,165],[159,171,208],
[158,169,202],[157,170,205],[156,168,183],[155,166,182],[154,167,181],[153,159,171],[152,157,170],[151,158,169],[150,156,183],[149,154,181],
[148,155,182],[147,160,165],[146,162,163],[145,161,164],[142,143,144],[139,140,141],[136,137,138],[135,140,157],[134,137,159],[133,143,158],
[132,135,140],[131,133,143],[130,134,137],[129,142,143],[128,136,137],[127,139,140],[140,141,157],[143,144,158],[137,138,159],[126,149,154],
[125,150,156],[124,148,155],[134,153,159],[133,151,158],[135,152,157],[123,145,164],[122,146,163],[121,147,165],[120,149,181],[119,148,182],
[118,150,183],[117,120,181],[116,119,182],[115,118,183],[114,118,150],[113,120,149],[112,119,148],[111,127,140],[110,129,143],[109,128,137],
[108,121,165],[107,122,163],[106,123,164],[105,135,152],[104,133,151],[103,134,153],[102,125,150],[101,124,148],[100,126,149],[99,144,158],
[98,138,159],[97,141,157],[96,131,133],[95,130,134],[94,132,135],[92,93,149],[90,91,148],[88,89,150],[86,87,133],[84,85,135],
[82,83,134],[81,182,210],[80,181,204],[79,183,207],[77,78,203],[75,76,209],[73,74,206],[72,179,201],[71,178,200],[70,180,199],
[174,180,208],[172,178,202],[173,179,205],[69,177,209],[68,175,206],[67,176,203],[66,198,206],[65,194,209],[64,196,203],[132,174,210],
[130,172,204],[131,173,207],[63,157,205],[62,158,202],[61,159,208],[160,163,175],[161,165,177],[162,164,176],[125,156,194],[124,155,196],
[126,154,198],[60,132,140],[59,130,137],[58,131,143],[57,154,198],[56,156,194],[55,155,196],[54,70,199],[53,71,200],[52,72,201],
[60,132,174],[58,131,173],[59,130,172],[65,125,194],[66,126,198],[64,124,196],[69,161,177],[67,162,176],[68,160,175],[61,180,208],
[63,179,205],[62,178,202],[72,173,179],[70,174,180],[71,172,178],[68,73,206],[67,77,203],[69,75,209],[66,74,206],[64,78,203],
[65,76,209],[81,132,210],[79,131,207],[80,130,204],[60,111,140],[59,109,137],[58,110,143],[86,96,133],[82,95,134],[84,94,135],
[63,97,157],[61,98,159],[62,99,158],[92,100,149],[88,102,150],[90,101,148],[87,104,133],[83,103,134],[85,105,135],[108,165,177],
[106,164,176],[107,163,175],[91,112,148],[93,113,149],[89,114,150],[80,117,181],[79,115,183],[81,116,182],[173,184,185],[174,187,188],
[172,190,191],[100,171,177],[102,169,176],[101,170,175],[112,197,198],[113,193,194],[114,195,196],[50,51,66],[48,49,64],[46,47,65],
[43,44,45],[40,41,42],[37,38,39],[36,62,108],[35,61,107],[34,63,106],[41,168,197],[38,166,193],[44,167,195],[33,184,186],
[32,190,192],[31,187,189],[29,30,120],[27,28,119],[25,26,118],[88,89,153],[92,93,152],[90,91,151],[24,77,78],[23,73,74],
[22,75,76],[64,139,141],[65,142,144],[66,136,138],[32,153,171],[33,151,169],[31,152,170],[23,145,161],[24,147,160],[22,146,162],
[111,127,161],[109,128,162],[110,129,160],[44,94,132],[38,96,131],[41,95,130],[67,105,152],[68,103,153],[69,104,151],[108,121,168],
[106,123,166],[107,122,167],[23,117,120],[24,116,119],[22,115,118],[31,114,118],[33,113,120],[32,112,119],[58,59,60],[97,98,99],
[103,104,105],[70,96,117],[71,94,115],[72,95,116],[23,111,161],[22,109,162],[24,110,160],[23,73,117],[22,75,115],[24,77,116],
[22,76,146],[24,78,147],[23,74,145],[69,91,151],[68,89,153],[67,93,152],[31,92,152],[33,90,151],[32,88,153],[32,112,190],
[31,114,187],[33,113,184],[25,31,118],[29,33,120],[27,32,119],[23,30,120],[22,26,118],[24,28,119],[35,107,167],[36,108,168],
[34,106,166],[44,122,167],[41,121,168],[38,123,166],[37,38,96],[40,41,95],[43,44,94],[32,171,192],[31,170,189],[33,169,186],
[48,64,141],[46,65,144],[50,66,138],[41,42,197],[44,45,195],[38,39,193],[54,70,117],[53,71,115],[52,72,116],[80,96,117],
[81,95,116],[79,94,115],[91,112,197],[89,114,195],[93,113,193],[100,108,177],[101,107,175],[102,106,176],[85,103,105],[83,103,104],
[87,104,105],[92,100,171],[90,101,170],[88,102,169],[63,97,98],[62,97,99],[61,98,99],[70,86,96],[72,82,95],[71,84,94],
[59,60,111],[58,60,110],[58,59,109],[44,81,132],[41,80,130],[38,79,131],[65,76,142],[66,74,136],[64,78,139],[67,77,105],
[69,75,104],[68,73,103],[72,173,184],[71,172,190],[70,174,187],[35,61,180],[36,62,178],[34,63,179],[69,127,161],[68,129,160],
[67,128,162],[47,65,125],[49,64,124],[51,66,126],[58,173,185],[59,172,191],[60,174,188],[57,112,198],[55,114,196],[56,113,194],
[21,178,201],[20,180,200],[19,179,199],[50,51,76],[48,49,74],[46,47,78],[18,62,108],[17,61,107],[16,63,106],[15,156,168],
[14,154,167],[13,155,166],[47,54,199],[51,52,201],[49,53,200],[50,55,155],[48,56,156],[46,57,154],[15,48,156],[13,50,155],
[14,46,154],[19,47,199],[20,49,200],[21,51,201],[47,54,125],[51,52,126],[49,53,124],[19,34,179],[20,35,180],[21,36,178],
[50,76,142],[46,78,139],[48,74,136],[17,61,99],[16,63,98],[18,62,97],[18,100,108],[16,102,106],[17,101,107],[46,57,144],
[48,56,141],[50,55,138],[13,34,166],[15,36,168],[14,35,167],[47,78,147],[49,74,145],[51,76,146],[59,111,191],[60,110,188],
[58,109,185],[71,84,190],[72,82,184],[70,86,187],[73,85,103],[77,87,105],[75,83,104],[42,91,197],[39,93,193],[45,89,195],
[92,171,192],[88,169,186],[90,170,189],[40,81,95],[43,79,94],[37,80,96],[44,81,122],[38,79,123],[41,80,121],[57,112,190],
[56,113,184],[55,114,187],[25,31,92],[27,32,88],[29,33,90],[69,91,127],[67,93,128],[68,89,129],[54,73,117],[52,77,116],
[53,75,115],[23,30,111],[24,28,110],[22,26,109],[34,191,192],[35,185,186],[36,188,189],[12,99,144],[11,97,141],[10,98,138],
[9,102,125],[8,100,126],[7,101,124],[13,34,191],[14,35,185],[15,36,188],[12,57,144],[10,55,138],[11,56,141],[7,17,101],
[8,18,100],[9,16,102],[11,18,97],[10,16,98],[12,17,99],[19,34,192],[21,36,189],[20,35,186],[9,54,125],[7,53,124],
[8,52,126],[30,111,191],[26,109,185],[28,110,188],[40,81,122],[37,80,121],[43,79,123],[25,92,192],[29,90,189],[27,88,186],
[42,91,127],[45,89,129],[39,93,128],[54,73,85],[53,75,83],[52,77,87],[57,84,190],[55,86,187],[56,82,184],[19,47,147],
[21,51,146],[20,49,145],[13,50,142],[15,48,136],[14,46,139],[18,43,45],[17,37,39],[16,40,42],[6,129,142],[5,128,136],
[4,127,139],[3,122,146],[2,121,147],[1,123,145],[6,13,142],[4,14,139],[5,15,136],[2,19,147],[1,20,145],[3,21,146],
[6,45,129],[5,39,128],[4,42,127],[3,40,122],[1,43,123],[2,37,121],[11,18,45],[12,17,39],[10,16,42],[9,16,40],
[8,18,43],[7,17,37],[9,54,85],[8,52,87],[7,53,83],[19,25,192],[20,27,186],[21,29,189],[12,57,84],[11,56,82],
[10,55,86],[13,30,191],[15,28,188],[14,26,185],[86,87,211],[82,83,212],[84,85,213],[11,82,212],[10,86,211],[12,84,213],
[9,85,213],[7,83,212],[8,87,211],[6,13,30],[4,14,26],[5,15,28],[3,9,40],[2,7,37],[1,8,43],[6,11,45],
[4,10,42],[5,12,39],[3,21,29],[2,19,25],[1,20,27],[29,30,215],[25,26,216],[27,28,214],[6,30,215],[5,28,214],
[4,26,216],[3,29,215],[1,27,214],[2,25,216],[3,9,213],[1,8,211],[2,7,212],[6,11,212],[5,12,213],[4,10,211],
[6,212,215],[4,211,216],[5,213,214],[3,213,215],[2,212,216],[1,211,214]];
###############################################################

