#SurfaceInfo: 2587 Vertices, 7761 Edges, 5174 Faces, IsOrientable=true
 #Vertices of faces:
vof1:=[[2585,2586,2587],[2584,2585,2586],[2583,2585,2587],[2582,2586,2587],[2579,2580,2581],[2576,2577,2578],[2573,2574,2575],[2570,2571,2572],[2567,2568,2569],[2564,2565,2566\
],
[2561,2562,2563],[2558,2559,2560],[2555,2556,2557],[2552,2553,2554],[2549,2550,2551],[2546,2547,2548],[2543,2544,2545],[2540,2541,2542],[2537,2538,2539],[2534,2535,2536],
[2531,2532,2533],[2528,2529,2530],[2525,2526,2527],[2522,2523,2524],[2519,2520,2521],[2516,2517,2518],[2513,2514,2515],[2510,2511,2512],[2507,2508,2509],[2504,2505,2506],
[2501,2502,2503],[2498,2499,2500],[2495,2496,2497],[2492,2493,2494],[2489,2490,2491],[2486,2487,2488],[2483,2484,2485],[2480,2481,2482],[2477,2478,2479],[2474,2475,2476],
[2471,2472,2473],[2468,2469,2470],[2465,2466,2467],[2462,2463,2464],[2459,2460,2461],[2456,2457,2458],[2453,2454,2455],[2450,2451,2452],[2447,2448,2449],[2444,2445,2446],
[2441,2442,2443],[2438,2439,2440],[2435,2436,2437],[2432,2433,2434],[2429,2430,2431],[2426,2427,2428],[2423,2424,2425],[2420,2421,2422],[2417,2418,2419],[2414,2415,2416],
[2411,2412,2413],[2408,2409,2410],[2405,2406,2407],[2402,2403,2404],[2399,2400,2401],[2396,2397,2398],[2393,2394,2395],[2392,2564,2565],[2391,2570,2571],[2390,2567,2568],
[2389,2579,2580],[2388,2573,2574],[2387,2576,2577],[2386,2564,2566],[2385,2567,2569],[2384,2570,2572],[2383,2579,2581],[2382,2576,2578],[2381,2573,2575],[2378,2379,2380],
[2375,2376,2377],[2372,2373,2374],[2371,2571,2572],[2370,2565,2566],[2369,2568,2569],[2368,2580,2581],[2367,2574,2575],[2366,2577,2578],[2364,2365,2379],[2362,2363,2373],
[2360,2361,2376],[2358,2359,2567],[2356,2357,2564],[2354,2355,2570],[2352,2353,2579],[2350,2351,2573],[2348,2349,2576],[2345,2346,2347],[2342,2343,2344],[2339,2340,2341],
[2336,2337,2338],[2333,2334,2335],[2330,2331,2332],[2327,2328,2329],[2324,2325,2326],[2321,2322,2323],[2318,2319,2320],[2315,2316,2317],[2312,2313,2314],[2309,2310,2311],
[2306,2307,2308],[2303,2304,2305],[2300,2301,2302],[2297,2298,2299],[2294,2295,2296],[2364,2378,2379],[2362,2372,2373],[2360,2375,2376],[2291,2292,2293],[2288,2289,2290],
[2285,2286,2287],[2358,2390,2567],[2356,2392,2564],[2354,2391,2570],[2352,2389,2579],[2348,2387,2576],[2350,2388,2573],[2359,2385,2567],[2355,2384,2570],[2357,2386,2564],
[2353,2383,2579],[2349,2382,2576],[2351,2381,2573],[2282,2283,2284],[2279,2280,2281],[2276,2277,2278],[2275,2399,2400],[2274,2393,2394],[2273,2396,2397],[2272,2378,2380],
[2271,2372,2374],[2270,2375,2377],[2267,2268,2269],[2265,2266,2268],[2263,2264,2268],[2277,2280,2283],[2276,2277,2283],[2277,2279,2280],[2280,2282,2283],[2262,2362,2372],
[2261,2360,2375],[2260,2364,2378],[2259,2271,2372],[2258,2270,2375],[2257,2272,2378],[2263,2267,2268],[2265,2268,2269],[2264,2266,2268],[2256,2285,2286],[2255,2291,2292],
[2254,2288,2289],[2253,2275,2399],[2252,2273,2396],[2251,2274,2393],[2250,2273,2397],[2249,2274,2394],[2248,2275,2400],[2245,2246,2247],[2242,2243,2244],[2239,2240,2241],
[2238,2354,2391],[2237,2356,2392],[2236,2358,2390],[2235,2352,2389],[2234,2350,2388],[2233,2348,2387],[2232,2359,2385],[2231,2357,2386],[2230,2355,2384],[2229,2353,2383],
[2228,2351,2381],[2227,2349,2382],[2226,2271,2374],[2225,2270,2377],[2224,2272,2380],[2223,2336,2337],[2222,2330,2331],[2221,2333,2334],[2220,2327,2328],[2219,2321,2322],
[2218,2324,2325],[2217,2312,2313],[2216,2318,2319],[2215,2315,2316],[2214,2309,2310],[2213,2303,2304],[2212,2306,2307],[2211,2300,2301],[2210,2294,2295],[2209,2297,2298],
[2246,2283,2284],[2243,2277,2278],[2240,2280,2281],[2207,2208,2273],[2205,2206,2274],[2203,2204,2275],[2201,2202,2264],[2199,2200,2267],[2197,2198,2265],[2256,2267,2269],
[2255,2263,2264],[2254,2265,2266],[2194,2195,2196],[2191,2192,2193],[2188,2189,2190],[2185,2186,2187],[2182,2183,2184],[2179,2180,2181],[2176,2177,2178],[2173,2174,2175],
[2170,2171,2172],[2167,2168,2169],[2164,2165,2166],[2161,2162,2163],[2158,2159,2160],[2155,2156,2157],[2152,2153,2154],[2149,2150,2151],[2146,2147,2148],[2143,2144,2145],
[2140,2141,2142],[2137,2138,2139],[2134,2135,2136],[2133,2223,2336],[2132,2221,2333],[2131,2222,2330],[2130,2219,2321],[2129,2218,2324],[2128,2220,2327],[2127,2221,2334],
[2126,2223,2337],[2125,2222,2331],[2124,2220,2328],[2123,2219,2322],[2122,2218,2325],[2121,2217,2312],[2120,2215,2315],[2119,2216,2318],[2118,2217,2313],[2117,2215,2316],
[2116,2216,2319],[2115,2213,2303],[2114,2214,2309],[2113,2212,2306],[2112,2212,2307],[2111,2214,2310],[2110,2213,2304],[2109,2211,2300],[2108,2210,2294],[2107,2209,2297],
[2106,2211,2301],[2105,2209,2298],[2104,2210,2295],[2199,2256,2267],[2197,2254,2265],[2201,2255,2264],[2103,2236,2358],[2102,2238,2354],[2101,2237,2356],[2100,2235,2352],
[2099,2233,2348],[2098,2234,2350],[2097,2231,2357],[2096,2232,2359],[2095,2230,2355],[2094,2227,2349],[2093,2228,2351],[2092,2229,2353],[2091,2224,2272],[2090,2226,2271],
[2089,2225,2270],[2207,2252,2273],[2203,2253,2275],[2205,2251,2274],[2208,2250,2273],[2204,2248,2275],[2206,2249,2274],[2245,2246,2284],[2239,2240,2281],[2242,2243,2278],
[2202,2264,2266],[2200,2263,2267],[2198,2265,2269],[2256,2269,2285],[2255,2263,2291],[2254,2266,2288],[2246,2276,2283],[2240,2280,2282],[2243,2277,2279],[2257,2260,2378],
[2259,2262,2372],[2258,2261,2375],[2087,2088,2222],[2085,2086,2221],[2083,2084,2223],[2081,2082,2220],[2079,2080,2219],[2077,2078,2218],[2075,2076,2215],[2073,2074,2217],
[2071,2072,2216],[2069,2070,2213],[2067,2068,2212],[2065,2066,2214],[2064,2183,2195],[2063,2186,2192],[2062,2180,2189],[2061,2168,2171],[2060,2165,2177],[2059,2162,2174],
[2058,2150,2159],[2057,2144,2156],[2056,2147,2153],[2055,2354,2355],[2054,2356,2357],[2053,2358,2359],[2052,2352,2353],[2051,2348,2349],[2050,2350,2351],[2048,2049,2241],
[2046,2047,2244],[2044,2045,2247],[2043,2345,2346],[2042,2342,2343],[2041,2339,2340],[2207,2208,2211],[2203,2204,2209],[2205,2206,2210],[2040,2259,2271],[2039,2257,2272],
[2038,2258,2270],[2141,2256,2286],[2138,2254,2289],[2135,2255,2292],[2037,2246,2247],[2036,2243,2244],[2035,2240,2241],[2034,2239,2241],[2033,2242,2244],[2032,2245,2247],
[2031,2040,2242],[2030,2039,2239],[2029,2038,2245],[2033,2040,2242],[2032,2038,2245],[2034,2039,2239],[2031,2040,2259],[2029,2038,2258],[2030,2039,2257],[2028,2043,2345],
[2027,2042,2342],[2026,2041,2339],[2025,2043,2346],[2024,2041,2340],[2023,2042,2343],[2035,2048,2241],[2037,2044,2247],[2036,2046,2244],[2032,2045,2247],[2034,2049,2241],
[2033,2047,2244],[2109,2207,2211],[2107,2203,2209],[2108,2205,2210],[2106,2208,2211],[2104,2206,2210],[2105,2204,2209],[2083,2133,2223],[2087,2131,2222],[2085,2132,2221],
[2077,2129,2218],[2081,2128,2220],[2079,2130,2219],[2086,2127,2221],[2088,2125,2222],[2084,2126,2223],[2078,2122,2218],[2082,2124,2220],[2080,2123,2219],[2073,2121,2217],
[2071,2119,2216],[2075,2120,2215],[2072,2116,2216],[2074,2118,2217],[2076,2117,2215],[2067,2113,2212],[2065,2114,2214],[2069,2115,2213],[2066,2111,2214],[2070,2110,2213],
[2068,2112,2212],[2022,2259,2262],[2021,2258,2261],[2020,2257,2260],[2037,2246,2276],[2035,2240,2282],[2036,2243,2279],[2019,2205,2251],[2018,2203,2253],[2017,2207,2252],
[2016,2208,2250],[2015,2204,2248],[2014,2206,2249],[2029,2245,2284],[2031,2242,2278],[2030,2239,2281],[2040,2090,2271],[2038,2089,2270],[2039,2091,2272],[2054,2101,2356],
[2053,2103,2358],[2055,2102,2354],[2052,2100,2352],[2050,2098,2350],[2051,2099,2348],[2054,2097,2357],[2053,2096,2359],[2055,2095,2355],[2050,2093,2351],[2052,2092,2353],
[2051,2094,2349],[2141,2199,2256],[2135,2201,2255],[2138,2197,2254],[2134,2135,2292],[2140,2141,2286],[2137,2138,2289],[2064,2194,2195],[2062,2188,2189],[2063,2191,2192],
[2064,2182,2183],[2062,2179,2180],[2063,2185,2186],[2060,2176,2177],[2061,2170,2171],[2059,2173,2174],[2061,2167,2168],[2059,2161,2162],[2060,2164,2165],[2058,2158,2159],
[2056,2152,2153],[2057,2155,2156],[2058,2149,2150],[2057,2143,2144],[2056,2146,2147],[2198,2269,2285],[2202,2266,2288],[2200,2263,2291],[2013,2282,2284],[2012,2276,2278],
[2011,2279,2281],[2009,2010,2064],[2007,2008,2063],[2005,2006,2062],[2003,2004,2061],[2001,2002,2060],[1999,2000,2059],[1997,1998,2056],[1995,1996,2058],[1993,1994,2057],
[1992,2292,2293],[1991,2286,2287],[1990,2289,2290],[1989,2285,2287],[1988,2291,2293],[1987,2288,2290],[1985,1986,2293],[1983,1984,2290],[1981,1982,2287],[2042,2075,2076],
[2041,2073,2074],[2043,2071,2072],[2054,2087,2088],[2053,2083,2084],[2055,2085,2086],[2052,2077,2078],[2050,2079,2080],[2051,2081,2082],[2065,2066,2142],[2067,2068,2136],
[2069,2070,2139],[1980,2141,2142],[1979,2135,2136],[1978,2138,2139],[1977,2140,2142],[1976,2137,2139],[1975,2134,2136],[1974,1975,2134],[1973,1977,2140],[1972,1976,2137],
[1980,2065,2142],[1978,2069,2139],[1979,2067,2136],[1977,2066,2142],[1976,2070,2139],[1975,2068,2136],[1985,1992,2293],[1983,1990,2290],[1981,1991,2287],[1986,1988,2293],
[1982,1989,2287],[1984,1987,2290],[1971,2087,2131],[1970,2085,2132],[1969,2083,2133],[1968,2081,2128],[1967,2079,2130],[1966,2077,2129],[1965,2088,2125],[1964,2084,2126],
[1963,2086,2127],[1962,2078,2122],[1961,2080,2123],[1960,2082,2124],[1959,2075,2120],[1958,2071,2119],[1957,2073,2121],[1956,2072,2116],[1955,2076,2117],[1954,2074,2118],
[1953,2065,2114],[1952,2069,2115],[1951,2067,2113],[1950,2066,2111],[1949,2068,2112],[1948,2070,2110],[1989,2198,2285],[1988,2200,2291],[1987,2202,2288],[2009,2064,2194],
[2005,2062,2188],[2007,2063,2191],[2010,2064,2182],[2006,2062,2179],[2008,2063,2185],[2001,2060,2176],[1999,2059,2173],[2003,2061,2170],[2002,2060,2164],[2000,2059,2161],
[2004,2061,2167],[1995,2058,2158],[1993,2057,2155],[1997,2056,2152],[1994,2057,2143],[1996,2058,2149],[1998,2056,2146],[1992,2134,2292],[1990,2137,2289],[1991,2140,2286],
[1980,2141,2199],[1978,2138,2197],[1979,2135,2201],[2054,2087,2101],[2055,2085,2102],[2053,2083,2103],[2052,2077,2100],[2050,2079,2098],[2051,2081,2099],[2054,2088,2097],
[2055,2086,2095],[2053,2084,2096],[2050,2080,2093],[2051,2082,2094],[2052,2078,2092],[2012,2031,2278],[2011,2030,2281],[2013,2029,2284],[2011,2036,2279],[2012,2037,2276],
[2013,2035,2282],[1947,2034,2049],[1946,2033,2047],[1945,2032,2045],[1944,2035,2048],[1943,2036,2046],[1942,2037,2044],[2028,2043,2071],[2026,2041,2073],[2027,2042,2075],
[2025,2043,2072],[2023,2042,2076],[2024,2041,2074],[2019,2108,2205],[2017,2109,2207],[2018,2107,2203],[2014,2104,2206],[2016,2106,2208],[2015,2105,2204],[2022,2031,2259],
[2020,2030,2257],[2021,2029,2258],[2033,2040,2090],[2034,2039,2091],[2032,2038,2089],[1941,2197,2198],[1940,2199,2200],[1939,2201,2202],[1938,2019,2108],[1937,2018,2107],
[1936,2017,2109],[1935,2016,2106],[1934,2015,2105],[1933,2014,2104],[1940,1980,2199],[1939,1979,2201],[1941,1978,2197],[1932,2009,2194],[1931,2007,2191],[1930,2005,2188],
[1929,2010,2182],[1928,2008,2185],[1927,2006,2179],[1926,2002,2164],[1925,2004,2167],[1924,2000,2161],[1923,2001,2176],[1922,2003,2170],[1921,1999,2173],[1920,1994,2143],
[1919,1998,2146],[1918,1996,2149],[1917,1995,2158],[1916,1997,2152],[1915,1993,2155],[1941,1989,2198],[1939,1987,2202],[1940,1988,2200],[1914,1985,1992],[1913,1981,1991],
[1912,1983,1990],[1911,1984,1987],[1910,1986,1988],[1909,1982,1989],[1947,2034,2091],[1945,2032,2089],[1946,2033,2090],[1942,2012,2037],[1944,2013,2035],[1943,2011,2036],
[2012,2022,2031],[2013,2021,2029],[2011,2020,2030],[1957,2026,2073],[1959,2027,2075],[1958,2028,2071],[1956,2025,2072],[1954,2024,2074],[1955,2023,2076],[1971,2087,2101],
[1969,2083,2103],[1970,2085,2102],[1968,2081,2099],[1966,2077,2100],[1967,2079,2098],[1965,2088,2097],[1963,2086,2095],[1964,2084,2096],[1960,2082,2094],[1962,2078,2092],
[1961,2080,2093],[1950,1977,2066],[1949,1975,2068],[1948,1976,2070],[1953,1980,2065],[1951,1979,2067],[1952,1978,2069],[1974,1992,2134],[1972,1990,2137],[1973,1991,2140],
[1907,1908,2302],[1905,1906,2296],[1903,1904,2299],[1902,2294,2296],[1901,2300,2302],[1900,2297,2299],[1899,2301,2302],[1898,2295,2296],[1897,2298,2299],[1896,2108,2294],
[1895,2107,2297],[1894,2109,2300],[1893,2104,2295],[1892,2105,2298],[1891,2106,2301],[1890,2101,2237],[1889,2102,2238],[1888,2103,2236],[1887,2099,2233],[1886,2098,2234],
[1885,2100,2235],[1884,2097,2231],[1883,2095,2230],[1882,2096,2232],[1881,2094,2227],[1880,2092,2229],[1879,2093,2228],[1878,2091,2224],[1877,2090,2226],[1876,2089,2225],
[1884,2194,2196],[1883,2191,2193],[1882,2188,2190],[1881,2182,2184],[1880,2185,2187],[1879,2179,2181],[1886,2170,2172],[1885,2176,2178],[1887,2173,2175],[1878,2161,2163],
[1876,2167,2169],[1877,2164,2166],[1890,2158,2160],[1889,2152,2154],[1888,2155,2157],[1875,2143,2145],[1874,2149,2151],[1873,2146,2148],[1873,1972,1976],[1874,1974,1975],
[1875,1973,1977],[1874,1974,2151],[1873,1972,2148],[1875,1973,2145],[1878,2163,2224],[1876,2169,2225],[1877,2166,2226],[1884,2196,2231],[1882,2190,2232],[1883,2193,2230],
[1881,2184,2227],[1879,2181,2228],[1880,2187,2229],[1885,2178,2235],[1887,2175,2233],[1886,2172,2234],[1890,2160,2237],[1888,2157,2236],[1889,2154,2238],[1894,1901,2300],
[1896,1902,2294],[1895,1900,2297],[1892,1897,2298],[1891,1899,2301],[1893,1898,2295],[1900,1903,2299],[1902,1905,2296],[1901,1907,2302],[1898,1906,2296],[1897,1904,2299],
[1899,1908,2302],[1884,1932,2194],[1882,1930,2188],[1883,1931,2191],[1881,1929,2182],[1879,1927,2179],[1880,1928,2185],[1887,1921,2173],[1886,1922,2170],[1885,1923,2176],
[1878,1924,2161],[1877,1926,2164],[1876,1925,2167],[1890,1917,2158],[1888,1915,2155],[1889,1916,2152],[1875,1920,2143],[1873,1919,2146],[1874,1918,2149],[1875,1950,1977],
[1873,1948,1976],[1874,1949,1975],[1890,1971,2101],[1888,1969,2103],[1889,1970,2102],[1887,1968,2099],[1886,1967,2098],[1885,1966,2100],[1884,1965,2097],[1882,1964,2096],
[1883,1963,2095],[1881,1960,2094],[1879,1961,2093],[1880,1962,2092],[1872,1958,2028],[1871,1957,2026],[1870,1959,2027],[1869,1956,2025],[1868,1955,2023],[1867,1954,2024],
[1878,1947,2091],[1877,1946,2090],[1876,1945,2089],[1896,1938,2108],[1894,1936,2109],[1895,1937,2107],[1893,1933,2104],[1891,1935,2106],[1892,1934,2105],[1942,2012,2022],
[1943,2011,2020],[1944,2013,2021],[1914,1974,1992],[1912,1972,1990],[1913,1973,1991],[1910,1940,1988],[1909,1941,1989],[1911,1939,1987],[1940,1953,1980],[1941,1952,1978],
[1939,1951,1979],[1865,1866,1900],[1863,1864,1901],[1861,1862,1902],[1859,1860,1899],[1857,1858,1897],[1855,1856,1898],[1853,1854,2347],[1851,1852,2344],[1849,1850,2341],
[1848,2370,2566],[1847,2369,2569],[1846,2371,2572],[1844,1845,2370],[1842,1843,2369],[1840,1841,2371],[1839,2370,2565],[1838,2369,2568],[1837,2371,2571],[1836,2365,2379],
[1835,2361,2376],[1834,2363,2373],[1832,1833,2363],[1830,1831,2361],[1828,1829,2365],[1827,2368,2581],[1826,2366,2578],[1825,2367,2575],[1824,2368,2580],[1823,2366,2577],
[1822,2367,2574],[1821,2362,2363],[1820,2364,2365],[1819,2360,2361],[1818,2392,2565],[1817,2390,2568],[1816,2391,2571],[1815,2389,2580],[1814,2387,2577],[1813,2388,2574],
[1812,2386,2566],[1811,2385,2569],[1810,2384,2572],[1809,2382,2578],[1808,2381,2575],[1807,2383,2581],[1806,2379,2380],[1805,2376,2377],[1804,2373,2374],[1803,2339,2341],
[1802,2345,2347],[1801,2342,2344],[1800,2346,2347],[1799,2340,2341],[1798,2343,2344],[1905,1906,2368],[1903,1904,2367],[1907,1908,2366],[1797,2262,2362],[1796,2260,2364],
[1795,2261,2360],[1794,2237,2392],[1793,2236,2390],[1792,2238,2391],[1791,2235,2389],[1790,2233,2387],[1789,2234,2388],[1788,2231,2386],[1787,2230,2384],[1786,2232,2385],
[1785,2227,2382],[1784,2228,2381],[1783,2229,2383],[1782,2224,2380],[1781,2225,2377],[1780,2226,2374],[1779,2022,2262],[1778,2020,2260],[1777,2021,2261],[1776,2028,2345],
[1775,2026,2339],[1774,2027,2342],[1773,2025,2346],[1772,2023,2343],[1771,2024,2340],[1778,1796,2260],[1777,1795,2261],[1779,1797,2262],[1776,1802,2345],[1774,1801,2342],
[1775,1803,2339],[1773,1800,2346],[1772,1798,2343],[1771,1799,2340],[1781,1805,2377],[1780,1804,2374],[1782,1806,2380],[1785,1809,2382],[1783,1807,2383],[1784,1808,2381],
[1788,1812,2386],[1786,1811,2385],[1787,1810,2384],[1791,1815,2389],[1789,1813,2388],[1790,1814,2387],[1792,1816,2391],[1794,1818,2392],[1793,1817,2390],[1797,1821,2362],
[1795,1819,2360],[1796,1820,2364],[1827,1906,2368],[1826,1908,2366],[1825,1904,2367],[1824,1905,2368],[1822,1903,2367],[1823,1907,2366],[1844,1848,2370],[1840,1846,2371],
[1842,1847,2369],[1839,1845,2370],[1837,1841,2371],[1838,1843,2369],[1828,1836,2365],[1832,1834,2363],[1830,1835,2361],[1820,1829,2365],[1821,1833,2363],[1819,1831,2361],
[1818,1839,2565],[1816,1837,2571],[1817,1838,2568],[1815,1824,2580],[1813,1822,2574],[1814,1823,2577],[1812,1848,2566],[1810,1846,2572],[1811,1847,2569],[1809,1826,2578],
[1807,1827,2581],[1808,1825,2575],[1806,1836,2379],[1804,1834,2373],[1805,1835,2376],[1802,1853,2347],[1803,1849,2341],[1801,1851,2344],[1800,1854,2347],[1799,1850,2341],
[1798,1852,2344],[1779,1942,2022],[1778,1943,2020],[1777,1944,2021],[1770,1895,1937],[1769,1896,1938],[1768,1894,1936],[1767,1892,1934],[1766,1893,1933],[1765,1891,1935],
[1776,1872,2028],[1774,1870,2027],[1775,1871,2026],[1773,1869,2025],[1771,1867,2024],[1772,1868,2023],[1865,1900,1903],[1861,1902,1905],[1863,1901,1907],[1855,1898,1906],
[1859,1899,1908],[1857,1897,1904],[1866,1895,1900],[1862,1896,1902],[1864,1894,1901],[1860,1891,1899],[1856,1893,1898],[1858,1892,1897],[1794,2160,2237],[1792,2154,2238],
[1793,2157,2236],[1791,2178,2235],[1789,2172,2234],[1790,2175,2233],[1788,2196,2231],[1786,2190,2232],[1787,2193,2230],[1785,2184,2227],[1783,2187,2229],[1784,2181,2228],
[1782,2163,2224],[1780,2166,2226],[1781,2169,2225],[1910,1940,1953],[1911,1939,1951],[1909,1941,1952],[1884,1932,1965],[1883,1931,1963],[1882,1930,1964],[1875,1920,1950],
[1874,1918,1949],[1873,1919,1948],[1890,1917,1971],[1889,1916,1970],[1888,1915,1969],[1878,1924,1947],[1876,1925,1945],[1877,1926,1946],[1887,1921,1968],[1885,1923,1966],
[1886,1922,1967],[1881,1929,1960],[1880,1928,1962],[1879,1927,1961],[1914,1974,2151],[1913,1973,2145],[1912,1972,2148],[1763,1764,1796],[1761,1762,1795],[1759,1760,1797],
[1757,1758,1816],[1755,1756,1818],[1753,1754,1817],[1751,1752,1815],[1749,1750,1814],[1747,1748,1813],[1745,1746,1812],[1743,1744,1810],[1741,1742,1811],[1739,1740,1809],
[1737,1738,1808],[1735,1736,1807],[1733,1734,1806],[1731,1732,1805],[1729,1730,1804],[1727,1728,1803],[1725,1726,1802],[1723,1724,1801],[1721,1722,1800],[1719,1720,1798],
[1717,1718,1799],[1715,1716,2311],[1713,1714,2305],[1711,1712,2308],[1709,1710,2329],[1707,1708,2326],[1705,1706,2323],[1704,2336,2338],[1703,2330,2332],[1702,2333,2335],
[1701,2321,2323],[1700,2324,2326],[1699,2327,2329],[1698,2337,2338],[1697,2334,2335],[1696,2331,2332],[1695,2328,2329],[1694,2322,2323],[1693,2325,2326],[1692,2309,2311],
[1691,2303,2305],[1690,2306,2308],[1689,2310,2311],[1688,2304,2305],[1687,2307,2308],[1851,1852,2335],[1849,1850,2338],[1853,1854,2332],[1686,2183,2195],[1685,2180,2189],
[1684,2186,2192],[1683,2168,2171],[1682,2162,2174],[1681,2165,2177],[1680,2150,2159],[1679,2147,2153],[1678,2144,2156],[1677,2048,2049],[1676,2046,2047],[1675,2044,2045],
[1674,2133,2336],[1673,2131,2330],[1672,2132,2333],[1671,2128,2327],[1670,2129,2324],[1669,2130,2321],[1668,2127,2334],[1667,2125,2331],[1666,2126,2337],[1665,2124,2328],
[1664,2123,2322],[1663,2122,2325],[1662,2114,2309],[1661,2115,2303],[1660,2113,2306],[1659,2110,2304],[1658,2111,2310],[1657,2112,2307],[1656,2195,2196],[1655,2189,2190],
[1654,2192,2193],[1653,2183,2184],[1652,2186,2187],[1651,2180,2181],[1650,2177,2178],[1649,2171,2172],[1648,2174,2175],[1647,2162,2163],[1646,2168,2169],[1645,2165,2166],
[1644,2159,2160],[1643,2153,2154],[1642,2156,2157],[1641,2150,2151],[1640,2144,2145],[1639,2147,2148],[1638,1970,2132],[1637,1969,2133],[1636,1971,2131],[1635,1968,2128],
[1634,1966,2129],[1633,1967,2130],[1632,1965,2125],[1631,1963,2127],[1630,1964,2126],[1629,1962,2122],[1628,1960,2124],[1627,1961,2123],[1626,1942,2044],[1625,1943,2046],
[1624,1944,2048],[1623,1947,2049],[1622,1945,2045],[1621,1946,2047],[1620,1953,2114],[1619,1951,2113],[1618,1952,2115],[1617,1950,2111],[1616,1949,2112],[1615,1948,2110],
[1617,1658,2111],[1615,1659,2110],[1616,1657,2112],[1620,1662,2114],[1618,1661,2115],[1619,1660,2113],[1628,1665,2124],[1627,1664,2123],[1629,1663,2122],[1631,1668,2127],
[1630,1666,2126],[1632,1667,2125],[1635,1671,2128],[1633,1669,2130],[1634,1670,2129],[1636,1673,2131],[1638,1672,2132],[1637,1674,2133],[1623,1677,2049],[1622,1675,2045],
[1621,1676,2047],[1624,1677,2048],[1626,1675,2044],[1625,1676,2046],[1641,1680,2150],[1640,1678,2144],[1639,1679,2147],[1642,1678,2156],[1644,1680,2159],[1643,1679,2153],
[1646,1683,2168],[1645,1681,2165],[1647,1682,2162],[1649,1683,2171],[1648,1682,2174],[1650,1681,2177],[1653,1686,2183],[1652,1684,2186],[1651,1685,2180],[1656,1686,2195],
[1654,1684,2192],[1655,1685,2189],[1659,1688,2304],[1657,1687,2307],[1658,1689,2310],[1662,1692,2309],[1660,1690,2306],[1661,1691,2303],[1665,1695,2328],[1663,1693,2325],
[1664,1694,2322],[1666,1698,2337],[1668,1697,2334],[1667,1696,2331],[1669,1701,2321],[1671,1699,2327],[1670,1700,2324],[1674,1704,2336],[1672,1702,2333],[1673,1703,2330],
[1704,1849,2338],[1702,1851,2335],[1703,1853,2332],[1696,1854,2332],[1698,1850,2338],[1697,1852,2335],[1699,1709,2329],[1701,1705,2323],[1700,1707,2326],[1693,1708,2326],
[1694,1706,2323],[1695,1710,2329],[1692,1715,2311],[1690,1711,2308],[1691,1713,2305],[1689,1716,2311],[1687,1712,2308],[1688,1714,2305],[1614,1844,1848],[1613,1842,1847],
[1612,1840,1846],[1641,1914,2151],[1639,1912,2148],[1640,1913,2145],[1628,1929,1960],[1627,1927,1961],[1629,1928,1962],[1635,1921,1968],[1633,1922,1967],[1634,1923,1966],
[1623,1924,1947],[1621,1926,1946],[1622,1925,1945],[1636,1917,1971],[1637,1915,1969],[1638,1916,1970],[1617,1920,1950],[1615,1919,1948],[1616,1918,1949],[1632,1932,1965],
[1630,1930,1964],[1631,1931,1963],[1620,1910,1953],[1618,1909,1952],[1619,1911,1951],[1647,1782,2163],[1645,1780,2166],[1646,1781,2169],[1653,1785,2184],[1651,1784,2181],
[1652,1783,2187],[1656,1788,2196],[1654,1787,2193],[1655,1786,2190],[1650,1791,2178],[1648,1790,2175],[1649,1789,2172],[1644,1794,2160],[1642,1793,2157],[1643,1792,2154],
[1611,1776,1872],[1610,1775,1871],[1609,1774,1870],[1608,1773,1869],[1607,1771,1867],[1606,1772,1868],[1626,1779,1942],[1624,1777,1944],[1625,1778,1943],[1723,1801,1851],
[1727,1803,1849],[1725,1802,1853],[1721,1800,1854],[1717,1799,1850],[1719,1798,1852],[1733,1806,1836],[1731,1805,1835],[1729,1804,1834],[1739,1809,1826],[1737,1808,1825],
[1735,1807,1827],[1745,1812,1848],[1741,1811,1847],[1743,1810,1846],[1751,1815,1824],[1749,1814,1823],[1747,1813,1822],[1605,1838,1843],[1604,1837,1841],[1603,1839,1845],
[1757,1816,1837],[1753,1817,1838],[1755,1818,1839],[1602,1832,1834],[1601,1828,1836],[1600,1830,1835],[1599,1820,1829],[1598,1821,1833],[1597,1819,1831],[1763,1796,1820],
[1759,1797,1821],[1761,1795,1819],[1756,1794,1818],[1754,1793,1817],[1758,1792,1816],[1752,1791,1815],[1750,1790,1814],[1748,1789,1813],[1746,1788,1812],[1744,1787,1810],
[1742,1786,1811],[1740,1785,1809],[1738,1784,1808],[1736,1783,1807],[1734,1782,1806],[1730,1780,1804],[1732,1781,1805],[1724,1774,1801],[1728,1775,1803],[1726,1776,1802],
[1722,1773,1800],[1718,1771,1799],[1720,1772,1798],[1760,1779,1797],[1762,1777,1795],[1764,1778,1796],[1769,1862,1896],[1768,1864,1894],[1770,1866,1895],[1765,1860,1891],
[1767,1858,1892],[1766,1856,1893],[1827,1855,1906],[1825,1857,1904],[1826,1859,1908],[1824,1861,1905],[1823,1863,1907],[1822,1865,1903],[1595,1596,1677],[1593,1594,1675],
[1591,1592,1676],[1589,1590,1680],[1587,1588,1678],[1585,1586,1679],[1583,1584,1682],[1581,1582,1681],[1579,1580,1683],[1577,1578,1684],[1575,1576,1686],[1573,1574,1685],
[1571,1572,1658],[1569,1570,1657],[1567,1568,1659],[1565,1566,1662],[1563,1564,1661],[1561,1562,1660],[1559,1560,1665],[1557,1558,1664],[1555,1556,1663],[1553,1554,1667],
[1551,1552,1666],[1549,1550,1668],[1547,1548,1671],[1545,1546,1669],[1543,1544,1670],[1541,1542,1672],[1539,1540,1674],[1537,1538,1673],[1536,2009,2010],[1535,2005,2006],
[1534,2007,2008],[1533,2001,2002],[1532,1999,2000],[1531,2003,2004],[1530,1993,1994],[1529,1995,1996],[1528,1997,1998],[1527,1985,1986],[1526,1981,1982],[1525,1983,1984],
[1524,1932,2009],[1523,1930,2005],[1522,1931,2007],[1521,1929,2010],[1520,1927,2006],[1519,1928,2008],[1518,1922,2003],[1517,1921,1999],[1516,1923,2001],[1515,1926,2002],
[1514,1924,2000],[1513,1925,2004],[1512,1917,1995],[1511,1915,1993],[1510,1916,1997],[1509,1920,1994],[1508,1919,1998],[1507,1918,1996],[1506,1910,1986],[1505,1909,1982],
[1504,1911,1984],[1503,1913,1981],[1502,1912,1983],[1501,1914,1985],[1501,1527,1985],[1502,1525,1983],[1503,1526,1981],[1506,1527,1986],[1504,1525,1984],[1505,1526,1982],
[1509,1530,1994],[1507,1529,1996],[1508,1528,1998],[1512,1529,1995],[1510,1528,1997],[1511,1530,1993],[1515,1533,2002],[1513,1531,2004],[1514,1532,2000],[1518,1531,2003],
[1516,1533,2001],[1517,1532,1999],[1521,1536,2010],[1519,1534,2008],[1520,1535,2006],[1524,1536,2009],[1522,1534,2007],[1523,1535,2005],[1500,1769,1862],[1499,1770,1866],
[1498,1768,1864],[1497,1766,1856],[1496,1765,1860],[1495,1767,1858],[1506,1620,1910],[1504,1619,1911],[1505,1618,1909],[1524,1632,1932],[1522,1631,1931],[1523,1630,1930],
[1509,1617,1920],[1507,1616,1918],[1508,1615,1919],[1512,1636,1917],[1510,1638,1916],[1511,1637,1915],[1514,1623,1924],[1515,1621,1926],[1513,1622,1925],[1517,1635,1921],
[1516,1634,1923],[1518,1633,1922],[1521,1628,1929],[1519,1629,1928],[1520,1627,1927],[1501,1641,1914],[1502,1639,1912],[1503,1640,1913],[1494,1689,1716],[1493,1688,1714],
[1492,1687,1712],[1491,1691,1713],[1490,1692,1715],[1489,1690,1711],[1488,1693,1708],[1487,1695,1710],[1486,1694,1706],[1485,1700,1707],[1484,1699,1709],[1483,1701,1705],
[1537,1673,1703],[1539,1674,1704],[1541,1672,1702],[1545,1669,1701],[1543,1670,1700],[1547,1671,1699],[1553,1667,1696],[1549,1668,1697],[1551,1666,1698],[1559,1665,1695],
[1555,1663,1693],[1557,1664,1694],[1565,1662,1692],[1561,1660,1690],[1563,1661,1691],[1571,1658,1689],[1567,1659,1688],[1569,1657,1687],[1575,1656,1686],[1573,1655,1685],
[1577,1654,1684],[1576,1653,1686],[1574,1651,1685],[1578,1652,1684],[1581,1650,1681],[1579,1649,1683],[1583,1648,1682],[1584,1647,1682],[1580,1646,1683],[1582,1645,1681],
[1585,1643,1679],[1589,1644,1680],[1587,1642,1678],[1590,1641,1680],[1586,1639,1679],[1588,1640,1678],[1591,1625,1676],[1593,1626,1675],[1595,1624,1677],[1596,1623,1677],
[1592,1621,1676],[1594,1622,1675],[1538,1636,1673],[1542,1638,1672],[1540,1637,1674],[1548,1635,1671],[1544,1634,1670],[1546,1633,1669],[1554,1632,1667],[1550,1631,1668],
[1552,1630,1666],[1560,1628,1665],[1556,1629,1663],[1558,1627,1664],[1566,1620,1662],[1562,1619,1660],[1564,1618,1661],[1572,1617,1658],[1570,1616,1657],[1568,1615,1659],
[1599,1763,1820],[1597,1761,1819],[1598,1759,1821],[1603,1755,1839],[1605,1753,1838],[1604,1757,1837],[1751,1824,1861],[1747,1822,1865],[1749,1823,1863],[1614,1745,1848],
[1612,1743,1846],[1613,1741,1847],[1739,1826,1859],[1735,1827,1855],[1737,1825,1857],[1601,1733,1836],[1602,1729,1834],[1600,1731,1835],[1626,1760,1779],[1625,1764,1778],
[1624,1762,1777],[1611,1726,1776],[1610,1728,1775],[1609,1724,1774],[1608,1722,1773],[1606,1720,1772],[1607,1718,1771],[1644,1756,1794],[1643,1758,1792],[1642,1754,1793],
[1650,1752,1791],[1649,1748,1789],[1648,1750,1790],[1656,1746,1788],[1655,1742,1786],[1654,1744,1787],[1653,1740,1785],[1652,1736,1783],[1651,1738,1784],[1647,1734,1782],
[1646,1732,1781],[1645,1730,1780],[1696,1721,1854],[1697,1719,1852],[1698,1717,1850],[1704,1727,1849],[1703,1725,1853],[1702,1723,1851],[1481,1482,1527],[1479,1480,1525],
[1477,1478,1526],[1475,1476,1530],[1473,1474,1529],[1471,1472,1528],[1469,1470,1532],[1467,1468,1533],[1465,1466,1531],[1463,1464,1536],[1461,1462,1534],[1459,1460,1535],
[1458,1861,1862],[1457,1865,1866],[1456,1863,1864],[1455,1857,1858],[1454,1855,1856],[1453,1859,1860],[1458,1500,1862],[1457,1499,1866],[1456,1498,1864],[1452,1610,1728],
[1451,1609,1724],[1450,1611,1726],[1449,1608,1722],[1448,1607,1718],[1447,1606,1720],[1446,1600,1731],[1445,1601,1733],[1444,1602,1729],[1453,1739,1859],[1454,1735,1855],
[1455,1737,1857],[1443,1614,1745],[1442,1613,1741],[1441,1612,1743],[1458,1751,1861],[1457,1747,1865],[1456,1749,1863],[1440,1605,1753],[1439,1604,1757],[1438,1603,1755],
[1437,1599,1763],[1436,1598,1759],[1435,1597,1761],[1455,1495,1858],[1453,1496,1860],[1454,1497,1856],[1463,1524,1536],[1459,1523,1535],[1461,1522,1534],[1464,1521,1536],
[1460,1520,1535],[1462,1519,1534],[1469,1517,1532],[1465,1518,1531],[1467,1516,1533],[1470,1514,1532],[1466,1513,1531],[1468,1515,1533],[1473,1512,1529],[1475,1511,1530],
[1471,1510,1528],[1476,1509,1530],[1472,1508,1528],[1474,1507,1529],[1481,1506,1527],[1477,1505,1526],[1479,1504,1525],[1482,1501,1527],[1478,1503,1526],[1480,1502,1525],
[1593,1626,1760],[1595,1624,1762],[1591,1625,1764],[1589,1644,1756],[1587,1642,1754],[1585,1643,1758],[1584,1647,1734],[1582,1645,1730],[1580,1646,1732],[1581,1650,1752],
[1579,1649,1748],[1583,1648,1750],[1576,1653,1740],[1578,1652,1736],[1574,1651,1738],[1575,1656,1746],[1577,1654,1744],[1573,1655,1742],[1553,1696,1721],[1551,1698,1717],
[1549,1697,1719],[1539,1704,1727],[1541,1702,1723],[1537,1703,1725],[1484,1547,1699],[1483,1545,1701],[1485,1543,1700],[1488,1555,1693],[1486,1557,1694],[1487,1559,1695],
[1490,1565,1692],[1489,1561,1690],[1491,1563,1691],[1494,1571,1689],[1492,1569,1687],[1493,1567,1688],[1501,1590,1641],[1503,1588,1640],[1502,1586,1639],[1521,1560,1628],
[1520,1558,1627],[1519,1556,1629],[1517,1548,1635],[1518,1546,1633],[1516,1544,1634],[1514,1596,1623],[1513,1594,1622],[1515,1592,1621],[1512,1538,1636],[1511,1540,1637],
[1510,1542,1638],[1509,1572,1617],[1508,1568,1615],[1507,1570,1616],[1524,1554,1632],[1523,1552,1630],[1522,1550,1631],[1506,1566,1620],[1505,1564,1618],[1504,1562,1619],
[1434,1763,1764],[1433,1759,1760],[1432,1761,1762],[1431,1757,1758],[1430,1753,1754],[1429,1755,1756],[1428,1751,1752],[1427,1747,1748],[1426,1749,1750],[1425,1745,1746],
[1424,1741,1742],[1423,1743,1744],[1422,1739,1740],[1421,1735,1736],[1420,1737,1738],[1419,1733,1734],[1418,1729,1730],[1417,1731,1732],[1416,1727,1728],[1415,1723,1724],
[1414,1725,1726],[1413,1721,1722],[1412,1717,1718],[1411,1719,1720],[1432,1595,1762],[1434,1591,1764],[1433,1593,1760],[1410,1494,1571],[1409,1493,1567],[1408,1492,1569],
[1407,1490,1565],[1406,1491,1563],[1405,1489,1561],[1404,1487,1559],[1403,1488,1555],[1402,1486,1557],[1401,1484,1547],[1400,1485,1543],[1399,1483,1545],[1416,1539,1727],
[1414,1537,1725],[1415,1541,1723],[1413,1553,1721],[1411,1549,1719],[1412,1551,1717],[1425,1575,1746],[1424,1573,1742],[1423,1577,1744],[1422,1576,1740],[1420,1574,1738],
[1421,1578,1736],[1428,1581,1752],[1426,1583,1750],[1427,1579,1748],[1419,1584,1734],[1417,1580,1732],[1418,1582,1730],[1429,1589,1756],[1431,1585,1758],[1430,1587,1754],
[1398,1454,1497],[1397,1455,1495],[1396,1453,1496],[1434,1437,1763],[1432,1435,1761],[1433,1436,1759],[1431,1439,1757],[1429,1438,1755],[1430,1440,1753],[1428,1458,1751],
[1426,1456,1749],[1427,1457,1747],[1425,1443,1745],[1423,1441,1743],[1424,1442,1741],[1422,1453,1739],[1420,1455,1737],[1421,1454,1735],[1418,1444,1729],[1419,1445,1733],
[1417,1446,1731],[1413,1449,1722],[1411,1447,1720],[1412,1448,1718],[1416,1452,1728],[1414,1450,1726],[1415,1451,1724],[1395,1458,1500],[1394,1456,1498],[1393,1457,1499],
[1482,1501,1590],[1480,1502,1586],[1478,1503,1588],[1481,1506,1566],[1479,1504,1562],[1477,1505,1564],[1476,1509,1572],[1474,1507,1570],[1472,1508,1568],[1473,1512,1538],
[1471,1510,1542],[1475,1511,1540],[1470,1514,1596],[1468,1515,1592],[1466,1513,1594],[1469,1517,1548],[1467,1516,1544],[1465,1518,1546],[1464,1521,1560],[1462,1519,1556],
[1460,1520,1558],[1463,1524,1554],[1461,1522,1550],[1459,1523,1552],[1392,1595,1596],[1391,1591,1592],[1390,1593,1594],[1389,1589,1590],[1388,1585,1586],[1387,1587,1588],
[1386,1583,1584],[1385,1579,1580],[1384,1581,1582],[1383,1575,1576],[1382,1573,1574],[1381,1577,1578],[1380,1571,1572],[1379,1569,1570],[1378,1567,1568],[1377,1565,1566],
[1376,1561,1562],[1375,1563,1564],[1374,1559,1560],[1373,1555,1556],[1372,1557,1558],[1371,1553,1554],[1370,1549,1550],[1369,1551,1552],[1368,1547,1548],[1367,1543,1544],
[1366,1545,1546],[1365,1539,1540],[1364,1537,1538],[1363,1541,1542],[1392,1432,1595],[1390,1433,1593],[1391,1434,1591],[1371,1463,1554],[1369,1459,1552],[1370,1461,1550],
[1374,1464,1560],[1372,1460,1558],[1373,1462,1556],[1368,1469,1548],[1366,1465,1546],[1367,1467,1544],[1392,1470,1596],[1390,1466,1594],[1391,1468,1592],[1365,1475,1540],
[1363,1471,1542],[1364,1473,1538],[1380,1476,1572],[1378,1472,1568],[1379,1474,1570],[1377,1481,1566],[1376,1479,1562],[1375,1477,1564],[1389,1482,1590],[1387,1478,1588],
[1388,1480,1586],[1362,1416,1452],[1361,1415,1451],[1360,1414,1450],[1359,1413,1449],[1358,1412,1448],[1357,1411,1447],[1356,1417,1446],[1355,1418,1444],[1354,1419,1445],
[1353,1425,1443],[1352,1423,1441],[1351,1424,1442],[1350,1429,1438],[1349,1431,1439],[1348,1430,1440],[1347,1432,1435],[1346,1434,1437],[1345,1433,1436],[1389,1429,1589],
[1387,1430,1587],[1388,1431,1585],[1386,1419,1584],[1385,1417,1580],[1384,1418,1582],[1384,1428,1581],[1385,1427,1579],[1386,1426,1583],[1383,1422,1576],[1381,1421,1578],
[1382,1420,1574],[1383,1425,1575],[1381,1423,1577],[1382,1424,1573],[1371,1413,1553],[1369,1412,1551],[1370,1411,1549],[1365,1416,1539],[1363,1415,1541],[1364,1414,1537],
[1368,1401,1547],[1366,1399,1545],[1367,1400,1543],[1374,1404,1559],[1372,1402,1557],[1373,1403,1555],[1377,1407,1565],[1376,1405,1561],[1375,1406,1563],[1380,1410,1571],
[1379,1408,1569],[1378,1409,1567],[1395,1428,1458],[1393,1427,1457],[1394,1426,1456],[1396,1422,1453],[1398,1421,1454],[1397,1420,1455],[1344,1479,1480],[1343,1477,1478],
[1342,1481,1482],[1341,1475,1476],[1340,1471,1472],[1339,1473,1474],[1338,1469,1470],[1337,1465,1466],[1336,1467,1468],[1335,1463,1464],[1334,1459,1460],[1333,1461,1462],
[1332,1380,1410],[1331,1379,1408],[1330,1378,1409],[1329,1377,1407],[1328,1375,1406],[1327,1376,1405],[1326,1374,1404],[1325,1373,1403],[1324,1372,1402],[1323,1368,1401],
[1322,1367,1400],[1321,1366,1399],[1342,1389,1482],[1344,1388,1480],[1343,1387,1478],[1342,1377,1481],[1343,1375,1477],[1344,1376,1479],[1341,1380,1476],[1339,1379,1474],
[1340,1378,1472],[1341,1365,1475],[1339,1364,1473],[1340,1363,1471],[1338,1392,1470],[1336,1391,1468],[1337,1390,1466],[1338,1368,1469],[1336,1367,1467],[1337,1366,1465],
[1335,1374,1464],[1333,1373,1462],[1334,1372,1460],[1335,1371,1463],[1333,1370,1461],[1334,1369,1459],[1383,1396,1422],[1382,1397,1420],[1381,1398,1421],[1384,1395,1428],
[1386,1394,1426],[1385,1393,1427],[1347,1392,1432],[1346,1391,1434],[1345,1390,1433],[1350,1389,1429],[1349,1388,1431],[1348,1387,1430],[1353,1383,1425],[1351,1382,1424],
[1352,1381,1423],[1355,1384,1418],[1354,1386,1419],[1356,1385,1417],[1359,1371,1413],[1357,1370,1411],[1358,1369,1412],[1362,1365,1416],[1360,1364,1414],[1361,1363,1415],
[1355,1384,1395],[1356,1385,1393],[1354,1386,1394],[1353,1383,1396],[1352,1381,1398],[1351,1382,1397],[1335,1359,1371],[1334,1358,1369],[1333,1357,1370],[1338,1347,1392],
[1337,1345,1390],[1336,1346,1391],[1341,1362,1365],[1340,1361,1363],[1339,1360,1364],[1332,1341,1380],[1330,1340,1378],[1331,1339,1379],[1342,1350,1389],[1343,1348,1387],
[1344,1349,1388],[1323,1338,1368],[1321,1337,1366],[1322,1336,1367],[1326,1335,1374],[1324,1334,1372],[1325,1333,1373],[1329,1342,1377],[1327,1344,1376],[1328,1343,1375],
[1319,1320,2398],[1317,1318,2395],[1315,1316,2401],[1314,2399,2401],[1313,2393,2395],[1312,2396,2398],[1311,2397,2398],[1310,2394,2395],[1309,2400,2401],[1308,2253,2399],
[1307,2252,2396],[1306,2251,2393],[1305,2249,2394],[1304,2250,2397],[1303,2248,2400],[1302,2018,2253],[1301,2017,2252],[1300,2019,2251],[1299,2014,2249],[1298,2016,2250],
[1297,2015,2248],[1296,1937,2018],[1295,1936,2017],[1294,1938,2019],[1293,1935,2016],[1292,1933,2014],[1291,1934,2015],[1290,1769,1938],[1289,1768,1936],[1288,1770,1937],
[1287,1766,1933],[1286,1765,1935],[1285,1767,1934],[1284,1500,1769],[1283,1498,1768],[1282,1499,1770],[1281,1495,1767],[1280,1496,1765],[1279,1497,1766],[1278,1395,1500],
[1277,1393,1499],[1276,1394,1498],[1275,1396,1496],[1274,1397,1495],[1273,1398,1497],[1274,1281,1495],[1273,1279,1497],[1275,1280,1496],[1278,1284,1500],[1277,1282,1499],
[1276,1283,1498],[1279,1287,1766],[1281,1285,1767],[1280,1286,1765],[1284,1290,1769],[1282,1288,1770],[1283,1289,1768],[1287,1292,1933],[1285,1291,1934],[1286,1293,1935],
[1288,1296,1937],[1289,1295,1936],[1290,1294,1938],[1291,1297,2015],[1293,1298,2016],[1292,1299,2014],[1296,1302,2018],[1294,1300,2019],[1295,1301,2017],[1298,1304,2250],
[1297,1303,2248],[1299,1305,2249],[1302,1308,2253],[1300,1306,2251],[1301,1307,2252],[1305,1310,2394],[1303,1309,2400],[1304,1311,2397],[1307,1312,2396],[1306,1313,2393],
[1308,1314,2399],[1312,1319,2398],[1314,1315,2401],[1313,1317,2395],[1311,1320,2398],[1309,1316,2401],[1310,1318,2395],[1278,1355,1395],[1276,1354,1394],[1277,1356,1393],
[1275,1353,1396],[1274,1351,1397],[1273,1352,1398],[1329,1342,1350],[1328,1343,1348],[1327,1344,1349],[1332,1341,1362],[1331,1339,1360],[1330,1340,1361],[1323,1338,1347],
[1321,1337,1345],[1322,1336,1346],[1326,1335,1359],[1325,1333,1357],[1324,1334,1358],[1271,1272,1284],[1269,1270,1282],[1267,1268,1283],[1292,2417,2418],[1291,2411,2412],
[1293,2414,2415],[1294,2408,2409],[1295,2405,2406],[1296,2402,2403],[1265,1266,1304],[1263,1264,1303],[1261,1262,1305],[1259,1260,1308],[1257,1258,1306],[1255,1256,1307],
[1253,1254,1281],[1251,1252,1279],[1249,1250,1280],[1247,1248,2320],[1245,1246,2317],[1243,1244,2314],[1242,2315,2317],[1241,2312,2314],[1240,2318,2320],[1239,2319,2320],
[1238,2313,2314],[1237,2316,2317],[1236,1844,1845],[1235,1840,1841],[1234,1842,1843],[1233,1832,1833],[1232,1828,1829],[1231,1830,1831],[1230,2121,2312],[1229,2119,2318],
[1228,2120,2315],[1227,2116,2319],[1226,2118,2313],[1225,2117,2316],[1224,1959,2120],[1223,1957,2121],[1222,1958,2119],[1221,1956,2116],[1220,1954,2118],[1219,1955,2117],
[1218,1870,1959],[1217,1871,1957],[1216,1872,1958],[1215,1869,1956],[1214,1867,1954],[1213,1868,1955],[1212,1614,1844],[1211,1612,1840],[1210,1613,1842],[1209,1599,1829],
[1208,1598,1833],[1207,1597,1831],[1206,1600,1830],[1205,1601,1828],[1204,1602,1832],[1203,1603,1845],[1202,1604,1841],[1201,1605,1843],[1200,1611,1872],[1199,1609,1870],
[1198,1610,1871],[1197,1608,1869],[1196,1607,1867],[1195,1606,1868],[1194,1435,1597],[1193,1436,1598],[1192,1437,1599],[1191,1439,1604],[1190,1438,1603],[1189,1440,1605],
[1188,1443,1614],[1187,1442,1613],[1186,1441,1612],[1185,1445,1601],[1184,1444,1602],[1183,1446,1600],[1182,1449,1608],[1181,1447,1606],[1180,1448,1607],[1179,1452,1610],
[1178,1451,1609],[1177,1450,1611],[1176,1347,1435],[1175,1345,1436],[1174,1346,1437],[1173,1349,1439],[1172,1348,1440],[1171,1350,1438],[1170,1353,1443],[1169,1351,1442],
[1168,1352,1441],[1167,1355,1444],[1166,1354,1445],[1165,1356,1446],[1164,1359,1449],[1163,1357,1447],[1162,1358,1448],[1161,1362,1452],[1160,1360,1450],[1159,1361,1451],
[1161,1179,1452],[1160,1177,1450],[1159,1178,1451],[1164,1182,1449],[1162,1180,1448],[1163,1181,1447],[1166,1185,1445],[1165,1183,1446],[1167,1184,1444],[1170,1188,1443],
[1168,1186,1441],[1169,1187,1442],[1173,1191,1439],[1172,1189,1440],[1171,1190,1438],[1176,1194,1435],[1174,1192,1437],[1175,1193,1436],[1182,1197,1608],[1181,1195,1606],
[1180,1196,1607],[1179,1198,1610],[1177,1200,1611],[1178,1199,1609],[1190,1203,1603],[1189,1201,1605],[1191,1202,1604],[1183,1206,1600],[1184,1204,1602],[1185,1205,1601],
[1192,1209,1599],[1194,1207,1597],[1193,1208,1598],[1188,1212,1614],[1187,1210,1613],[1186,1211,1612],[1197,1215,1869],[1195,1213,1868],[1196,1214,1867],[1198,1217,1871],
[1200,1216,1872],[1199,1218,1870],[1215,1221,1956],[1213,1219,1955],[1214,1220,1954],[1217,1223,1957],[1216,1222,1958],[1218,1224,1959],[1221,1227,2116],[1219,1225,2117],
[1220,1226,2118],[1222,1229,2119],[1224,1228,2120],[1223,1230,2121],[1204,1233,1832],[1206,1231,1830],[1205,1232,1828],[1207,1231,1831],[1209,1232,1829],[1208,1233,1833],
[1203,1236,1845],[1201,1234,1843],[1202,1235,1841],[1212,1236,1844],[1210,1234,1842],[1211,1235,1840],[1227,1239,2319],[1225,1237,2316],[1226,1238,2313],[1229,1240,2318],
[1228,1242,2315],[1230,1241,2312],[1240,1247,2320],[1241,1243,2314],[1242,1245,2317],[1239,1248,2320],[1237,1246,2317],[1238,1244,2314],[1249,1275,1280],[1251,1273,1279],
[1253,1274,1281],[1164,1326,1359],[1162,1324,1358],[1163,1325,1357],[1176,1323,1347],[1174,1322,1346],[1175,1321,1345],[1161,1332,1362],[1159,1330,1361],[1160,1331,1360],
[1171,1329,1350],[1173,1327,1349],[1172,1328,1348],[1170,1275,1353],[1168,1273,1352],[1169,1274,1351],[1167,1278,1355],[1166,1276,1354],[1165,1277,1356],[1158,1311,1320],
[1157,1310,1318],[1156,1309,1316],[1155,1313,1317],[1154,1314,1315],[1153,1312,1319],[1255,1307,1312],[1259,1308,1314],[1257,1306,1313],[1265,1304,1311],[1261,1305,1310],
[1263,1303,1309],[1256,1301,1307],[1260,1302,1308],[1258,1300,1306],[1266,1298,1304],[1262,1299,1305],[1264,1297,1303],[1296,1302,2402],[1295,1301,2405],[1294,1300,2408],
[1293,1298,2414],[1292,1299,2417],[1291,1297,2411],[1290,1294,2409],[1288,1296,2403],[1289,1295,2406],[1287,1292,2418],[1286,1293,2415],[1285,1291,2412],[1271,1284,1290],
[1267,1283,1289],[1269,1282,1288],[1252,1279,1287],[1250,1280,1286],[1254,1281,1285],[1272,1278,1284],[1268,1276,1283],[1270,1277,1282],[1151,1152,1182],[1149,1150,1181],
[1147,1148,1180],[1145,1146,1179],[1143,1144,1177],[1141,1142,1178],[1139,1140,1190],[1137,1138,1191],[1135,1136,1189],[1133,1134,1184],[1131,1132,1185],[1129,1130,1183],
[1127,1128,1194],[1125,1126,1192],[1123,1124,1193],[1121,1122,1188],[1119,1120,1186],[1117,1118,1187],[1215,2453,2454],[1213,2447,2448],[1214,2450,2451],[1217,2444,2445],
[1216,2441,2442],[1218,2438,2439],[1231,2432,2433],[1232,2429,2430],[1233,2435,2436],[1236,2426,2427],[1234,2420,2421],[1235,2423,2424],[1115,1116,1227],[1113,1114,1225],
[1111,1112,1226],[1109,1110,1228],[1107,1108,1229],[1105,1106,1230],[1104,1713,1714],[1103,1711,1712],[1102,1715,1716],[1101,1709,1710],[1100,1705,1706],[1099,1707,1708],
[1098,1484,1709],[1097,1483,1705],[1096,1485,1707],[1095,1487,1710],[1094,1486,1706],[1093,1488,1708],[1092,1490,1715],[1091,1489,1711],[1090,1491,1713],[1089,1494,1716],
[1088,1492,1712],[1087,1493,1714],[1086,1401,1484],[1085,1399,1483],[1084,1400,1485],[1083,1404,1487],[1082,1402,1486],[1081,1403,1488],[1080,1407,1490],[1079,1405,1489],
[1078,1406,1491],[1077,1410,1494],[1076,1408,1492],[1075,1409,1493],[1074,1332,1410],[1073,1330,1409],[1072,1331,1408],[1071,1322,1400],[1070,1321,1399],[1069,1323,1401],
[1068,1326,1404],[1067,1324,1402],[1066,1325,1403],[1065,1329,1407],[1064,1327,1405],[1063,1328,1406],[1074,1077,1410],[1073,1075,1409],[1072,1076,1408],[1065,1080,1407],
[1063,1078,1406],[1064,1079,1405],[1068,1083,1404],[1066,1081,1403],[1067,1082,1402],[1069,1086,1401],[1070,1085,1399],[1071,1084,1400],[1077,1089,1494],[1075,1087,1493],
[1076,1088,1492],[1080,1092,1490],[1078,1090,1491],[1079,1091,1489],[1083,1095,1487],[1081,1093,1488],[1082,1094,1486],[1086,1098,1484],[1084,1096,1485],[1085,1097,1483],
[1095,1101,1710],[1093,1099,1708],[1094,1100,1706],[1097,1100,1705],[1096,1099,1707],[1098,1101,1709],[1089,1102,1716],[1087,1104,1714],[1088,1103,1712],[1090,1104,1713],
[1092,1102,1715],[1091,1103,1711],[1145,1161,1179],[1143,1160,1177],[1141,1159,1178],[1065,1171,1329],[1063,1172,1328],[1064,1173,1327],[1074,1161,1332],[1072,1160,1331],
[1073,1159,1330],[1069,1176,1323],[1070,1175,1321],[1071,1174,1322],[1068,1164,1326],[1066,1163,1325],[1067,1162,1324],[1062,1239,1248],[1061,1238,1244],[1060,1237,1246],
[1059,1240,1247],[1058,1242,1245],[1057,1241,1243],[1109,1228,1242],[1105,1230,1241],[1107,1229,1240],[1115,1227,1239],[1111,1226,1238],[1113,1225,1237],[1212,1236,2426],
[1211,1235,2423],[1210,1234,2420],[1203,1236,2427],[1202,1235,2424],[1201,1234,2421],[1207,1231,2432],[1208,1233,2435],[1209,1232,2429],[1205,1232,2430],[1204,1233,2436],
[1206,1231,2433],[1106,1223,1230],[1110,1224,1228],[1108,1222,1229],[1116,1221,1227],[1112,1220,1226],[1114,1219,1225],[1217,1223,2444],[1218,1224,2438],[1216,1222,2441],
[1215,1221,2453],[1214,1220,2450],[1213,1219,2447],[1198,1217,2445],[1199,1218,2439],[1200,1216,2442],[1197,1215,2454],[1196,1214,2451],[1195,1213,2448],[1121,1188,1212],
[1117,1187,1210],[1119,1186,1211],[1127,1194,1207],[1123,1193,1208],[1125,1192,1209],[1129,1183,1206],[1131,1185,1205],[1133,1184,1204],[1139,1190,1203],[1135,1189,1201],
[1137,1191,1202],[1146,1179,1198],[1142,1178,1199],[1144,1177,1200],[1151,1182,1197],[1147,1180,1196],[1149,1181,1195],[1128,1176,1194],[1124,1175,1193],[1126,1174,1192],
[1140,1171,1190],[1136,1172,1189],[1138,1173,1191],[1122,1170,1188],[1118,1169,1187],[1120,1168,1186],[1134,1167,1184],[1130,1165,1183],[1132,1166,1185],[1152,1164,1182],
[1150,1163,1181],[1148,1162,1180],[1252,1287,2418],[1254,1285,2412],[1250,1286,2415],[1271,1290,2409],[1269,1288,2403],[1267,1289,2406],[1266,1298,2414],[1264,1297,2411],
[1262,1299,2417],[1258,1300,2408],[1260,1302,2402],[1256,1301,2405],[1155,1257,1313],[1153,1255,1312],[1154,1259,1314],[1158,1265,1311],[1156,1263,1309],[1157,1261,1310],
[1167,1272,1278],[1165,1270,1277],[1166,1268,1276],[1170,1249,1275],[1169,1253,1274],[1168,1251,1273],[1055,1056,1077],[1053,1054,1075],[1051,1052,1076],[1049,1050,1080],
[1047,1048,1078],[1045,1046,1079],[1043,1044,1083],[1041,1042,1081],[1039,1040,1082],[1037,1038,1086],[1035,1036,1085],[1033,1034,1084],[1101,2471,2472],[1099,2465,2466],
[1100,2468,2469],[1102,2462,2463],[1104,2456,2457],[1103,2459,2460],[1032,2418,2419],[1031,2412,2413],[1030,2415,2416],[1029,2414,2416],[1028,2417,2419],[1027,2411,2413],
[1026,2409,2410],[1025,2403,2404],[1024,2406,2407],[1023,2408,2410],[1022,2402,2404],[1021,2405,2407],[1019,1020,2416],[1017,1018,2419],[1015,1016,2413],[1013,1014,2410],
[1011,1012,2404],[1009,1010,2407],[1019,1030,2416],[1015,1031,2413],[1017,1032,2419],[1020,1029,2416],[1016,1027,2413],[1018,1028,2419],[1013,1026,2410],[1009,1024,2407],
[1011,1025,2404],[1014,1023,2410],[1010,1021,2407],[1012,1022,2404],[1008,1158,1265],[1007,1157,1261],[1006,1156,1263],[1005,1155,1257],[1004,1154,1259],[1003,1153,1255],
[1023,1258,2408],[1021,1256,2405],[1022,1260,2402],[1029,1266,2414],[1028,1262,2417],[1027,1264,2411],[1026,1271,2409],[1024,1267,2406],[1025,1269,2403],[1032,1252,2418],
[1030,1250,2415],[1031,1254,2412],[1090,1104,2456],[1091,1103,2459],[1092,1102,2462],[1089,1102,2463],[1088,1103,2460],[1087,1104,2457],[1097,1100,2468],[1096,1099,2465],
[1098,1101,2471],[1095,1101,2472],[1094,1100,2469],[1093,1099,2466],[1037,1086,1098],[1033,1084,1096],[1035,1085,1097],[1043,1083,1095],[1039,1082,1094],[1041,1081,1093],
[1049,1080,1092],[1045,1079,1091],[1047,1078,1090],[1055,1077,1089],[1051,1076,1088],[1053,1075,1087],[1038,1069,1086],[1034,1071,1084],[1036,1070,1085],[1044,1068,1083],
[1040,1067,1082],[1042,1066,1081],[1050,1065,1080],[1046,1064,1079],[1048,1063,1078],[1056,1074,1077],[1054,1073,1075],[1052,1072,1076],[1134,1167,1272],[1132,1166,1268],
[1130,1165,1270],[1122,1170,1249],[1120,1168,1251],[1118,1169,1253],[1151,1197,2454],[1149,1195,2448],[1147,1196,2451],[1146,1198,2445],[1144,1200,2442],[1142,1199,2439],
[1116,1221,2453],[1114,1219,2447],[1112,1220,2450],[1106,1223,2444],[1108,1222,2441],[1110,1224,2438],[1133,1204,2436],[1129,1206,2433],[1131,1205,2430],[1127,1207,2432],
[1123,1208,2435],[1125,1209,2429],[1139,1203,2427],[1135,1201,2421],[1137,1202,2424],[1121,1212,2426],[1117,1210,2420],[1119,1211,2423],[1057,1105,1241],[1059,1107,1240],
[1058,1109,1242],[1061,1111,1238],[1060,1113,1237],[1062,1115,1239],[1068,1152,1164],[1067,1148,1162],[1066,1150,1163],[1069,1128,1176],[1071,1126,1174],[1070,1124,1175],
[1074,1145,1161],[1073,1141,1159],[1072,1143,1160],[1065,1140,1171],[1064,1138,1173],[1063,1136,1172],[1002,2454,2455],[1001,2448,2449],[1000,2451,2452],[999,2453,2455],
[998,2447,2449],[997,2450,2452],[996,2442,2443],[995,2445,2446],[994,2439,2440],[993,2444,2446],[992,2438,2440],[991,2441,2443],[990,2436,2437],[989,2430,2431],
[988,2433,2434],[987,2432,2434],[986,2435,2437],[985,2429,2431],[984,2427,2428],[983,2421,2422],[982,2424,2425],[981,2426,2428],[980,2420,2422],[979,2423,2425],
[977,978,2449],[975,976,2452],[973,974,2455],[971,972,2443],[969,970,2440],[967,968,2446],[965,966,2437],[963,964,2434],[961,962,2431],[959,960,2428],
[957,958,2425],[955,956,2422],[954,1271,1272],[953,1267,1268],[952,1269,1270],[951,1265,1266],[950,1261,1262],[949,1263,1264],[948,1257,1258],[947,1255,1256],
[946,1259,1260],[945,1249,1250],[944,1251,1252],[943,1253,1254],[973,1002,2455],[975,1000,2452],[977,1001,2449],[974,999,2455],[976,997,2452],[978,998,2449],
[971,996,2443],[967,995,2446],[969,994,2440],[972,991,2443],[968,993,2446],[970,992,2440],[965,990,2437],[963,988,2434],[961,989,2431],[964,987,2434],
[962,985,2431],[966,986,2437],[959,984,2428],[955,983,2422],[957,982,2425],[960,981,2428],[956,980,2422],[958,979,2425],[951,1008,1265],[949,1006,1263],
[950,1007,1261],[942,1060,1113],[941,1062,1115],[940,1061,1111],[939,1058,1109],[938,1059,1107],[937,1057,1105],[981,1121,2426],[979,1119,2423],[980,1117,2420],
[984,1139,2427],[982,1137,2424],[983,1135,2421],[987,1127,2432],[985,1125,2429],[986,1123,2435],[990,1133,2436],[988,1129,2433],[989,1131,2430],[993,1106,2444],
[991,1108,2441],[992,1110,2438],[998,1114,2447],[997,1112,2450],[999,1116,2453],[995,1146,2445],[994,1142,2439],[996,1144,2442],[1002,1151,2454],[1000,1147,2451],
[1001,1149,2448],[945,1122,1249],[943,1118,1253],[944,1120,1251],[954,1134,1272],[952,1130,1270],[953,1132,1268],[945,1030,1250],[943,1031,1254],[944,1032,1252],
[954,1026,1271],[952,1025,1269],[953,1024,1267],[951,1029,1266],[950,1028,1262],[949,1027,1264],[948,1023,1258],[946,1022,1260],[947,1021,1256],[948,1005,1257],
[946,1004,1259],[947,1003,1255],[936,1019,1030],[935,1015,1031],[934,1017,1032],[933,1020,1029],[932,1018,1028],[931,1016,1027],[930,1013,1026],[929,1011,1025],
[928,1009,1024],[927,1014,1023],[926,1012,1022],[925,1010,1021],[1056,1074,1145],[1052,1072,1143],[1054,1073,1141],[1050,1065,1140],[1048,1063,1136],[1046,1064,1138],
[1044,1068,1152],[1040,1067,1148],[1042,1066,1150],[1038,1069,1128],[1036,1070,1124],[1034,1071,1126],[1043,1095,2472],[1041,1093,2466],[1039,1094,2469],[1037,1098,2471],
[1035,1097,2468],[1033,1096,2465],[1055,1089,2463],[1053,1087,2457],[1051,1088,2460],[1049,1092,2462],[1047,1090,2456],[1045,1091,2459],[924,2472,2473],[923,2466,2467],
[922,2469,2470],[921,2471,2473],[920,2465,2467],[919,2468,2470],[918,2463,2464],[917,2457,2458],[916,2460,2461],[915,2462,2464],[914,2456,2458],[913,2459,2461],
[911,912,2470],[909,910,2467],[907,908,2473],[905,906,2464],[903,904,2458],[901,902,2461],[900,1151,1152],[899,1147,1148],[898,1149,1150],[897,1145,1146],
[896,1141,1142],[895,1143,1144],[894,1139,1140],[893,1135,1136],[892,1137,1138],[891,1133,1134],[890,1129,1130],[889,1131,1132],[888,1127,1128],[887,1123,1124],
[886,1125,1126],[885,1121,1122],[884,1117,1118],[883,1119,1120],[882,1111,1112],[881,1113,1114],[880,1115,1116],[879,1105,1106],[878,1107,1108],[877,1109,1110],
[907,924,2473],[909,923,2467],[911,922,2470],[908,921,2473],[912,919,2470],[910,920,2467],[905,918,2464],[901,916,2461],[903,917,2458],[906,915,2464],
[902,913,2461],[904,914,2458],[876,951,1008],[875,949,1006],[874,950,1007],[915,1049,2462],[913,1045,2459],[914,1047,2456],[918,1055,2463],[916,1051,2460],
[917,1053,2457],[921,1037,2471],[920,1033,2465],[919,1035,2468],[924,1043,2472],[922,1039,2469],[923,1041,2466],[888,1038,1128],[886,1034,1126],[887,1036,1124],
[900,1044,1152],[898,1042,1150],[899,1040,1148],[894,1050,1140],[892,1046,1138],[893,1048,1136],[897,1056,1145],[896,1054,1141],[895,1052,1143],[873,948,1005],
[872,947,1003],[871,946,1004],[891,954,1134],[889,953,1132],[890,952,1130],[885,945,1122],[883,944,1120],[884,943,1118],[900,1002,1151],[898,1001,1149],
[899,1000,1147],[897,995,1146],[895,996,1144],[896,994,1142],[881,998,1114],[880,999,1116],[882,997,1112],[879,993,1106],[877,992,1110],[878,991,1108],
[891,990,1133],[889,989,1131],[890,988,1129],[888,987,1127],[887,986,1123],[886,985,1125],[894,984,1139],[892,982,1137],[893,983,1135],[885,981,1121],
[883,979,1119],[884,980,1117],[879,937,1105],[877,939,1109],[878,938,1107],[882,940,1111],[881,942,1113],[880,941,1115],[870,973,1002],[869,977,1001],
[868,975,1000],[867,976,997],[866,978,998],[865,974,999],[864,967,995],[863,971,996],[862,969,994],[861,968,993],[860,970,992],[859,972,991],
[858,965,990],[857,961,989],[856,963,988],[855,964,987],[854,966,986],[853,962,985],[852,959,984],[851,957,982],[850,955,983],[849,960,981],
[848,958,979],[847,956,980],[927,948,1023],[925,947,1021],[926,946,1022],[933,951,1029],[931,949,1027],[932,950,1028],[930,954,1026],[928,953,1024],
[929,952,1025],[936,945,1030],[934,944,1032],[935,943,1031],[846,1055,1056],[845,1051,1052],[844,1053,1054],[843,1049,1050],[842,1045,1046],[841,1047,1048],
[840,1041,1042],[839,1039,1040],[838,1043,1044],[837,1037,1038],[836,1033,1034],[835,1035,1036],[834,880,941],[833,882,940],[832,881,942],[831,879,937],
[830,878,938],[829,877,939],[846,897,1056],[844,896,1054],[845,895,1052],[843,894,1050],[841,893,1048],[842,892,1046],[838,900,1044],[839,899,1040],
[840,898,1042],[837,888,1038],[836,886,1034],[835,887,1036],[838,924,1043],[839,922,1039],[840,923,1041],[837,921,1037],[835,919,1035],[836,920,1033],
[846,918,1055],[844,917,1053],[845,916,1051],[843,915,1049],[841,914,1047],[842,913,1045],[828,907,924],[827,911,922],[826,909,923],[825,908,921],
[824,910,920],[823,912,919],[822,905,918],[821,903,917],[820,901,916],[819,906,915],[818,904,914],[817,902,913],[874,932,950],[876,933,951],
[875,931,949],[849,885,981],[847,884,980],[848,883,979],[852,894,984],[850,893,983],[851,892,982],[855,888,987],[853,886,985],[854,887,986],
[858,891,990],[856,890,988],[857,889,989],[861,879,993],[859,878,991],[860,877,992],[866,881,998],[867,882,997],[865,880,999],[864,897,995],
[862,896,994],[863,895,996],[870,900,1002],[868,899,1000],[869,898,1001],[885,936,945],[884,935,943],[883,934,944],[891,930,954],[890,929,952],
[889,928,953],[873,927,948],[871,926,946],[872,925,947],[816,873,927],[815,871,926],[814,872,925],[813,875,931],[812,876,933],[811,874,932],
[832,866,881],[834,865,880],[833,867,882],[858,891,930],[857,889,928],[856,890,929],[849,885,936],[848,883,934],[847,884,935],[819,843,915],
[817,842,913],[818,841,914],[822,846,918],[820,845,916],[821,844,917],[825,837,921],[823,835,919],[824,836,920],[828,838,924],[826,840,923],
[827,839,922],[837,855,888],[835,854,887],[836,853,886],[838,870,900],[840,869,898],[839,868,899],[843,852,894],[842,851,892],[841,850,893],
[846,864,897],[845,863,895],[844,862,896],[831,861,879],[829,860,877],[830,859,878],[810,1019,1020],[809,1015,1016],[808,1017,1018],[807,1013,1014],
[806,1009,1010],[805,1011,1012],[804,927,1014],[803,925,1010],[802,926,1012],[801,930,1013],[800,928,1009],[799,929,1011],[798,933,1020],[797,931,1016],
[796,932,1018],[795,936,1019],[794,934,1017],[793,935,1015],[801,807,1013],[799,805,1011],[800,806,1009],[804,807,1014],[802,805,1012],[803,806,1010],
[795,810,1019],[794,808,1017],[793,809,1015],[798,810,1020],[796,808,1018],[797,809,1016],[792,833,867],[791,834,865],[790,832,866],[789,831,861],
[788,830,859],[787,829,860],[795,849,936],[793,847,935],[794,848,934],[801,858,930],[799,856,929],[800,857,928],[798,812,933],[796,811,932],
[797,813,931],[804,816,927],[802,815,926],[803,814,925],[828,838,870],[827,839,868],[826,840,869],[825,837,855],[824,836,853],[823,835,854],
[822,846,864],[821,844,862],[820,845,863],[819,843,852],[818,841,850],[817,842,851],[785,786,807],[783,784,805],[781,782,806],[779,780,810],
[777,778,809],[775,776,808],[774,975,976],[773,973,974],[772,977,978],[771,967,968],[770,971,972],[769,969,970],[768,961,962],[767,963,964],
[766,965,966],[765,959,960],[764,955,956],[763,957,958],[762,849,960],[761,847,956],[760,848,958],[759,852,959],[758,850,955],[757,851,957],
[756,855,964],[755,853,962],[754,854,966],[753,858,965],[752,856,963],[751,857,961],[750,860,970],[749,859,972],[748,861,968],[747,864,967],
[746,862,969],[745,863,971],[744,867,976],[743,865,974],[742,866,978],[741,870,973],[740,868,975],[739,869,977],[759,765,959],[757,763,957],
[758,764,955],[762,765,960],[760,763,958],[761,764,956],[751,768,961],[753,766,965],[752,767,963],[755,768,962],[754,766,966],[756,767,964],
[747,771,967],[746,769,969],[745,770,971],[750,769,970],[749,770,972],[748,771,968],[741,773,973],[740,774,975],[739,772,977],[744,774,976],
[742,772,978],[743,773,974],[744,792,867],[742,790,866],[743,791,865],[759,819,852],[757,817,851],[758,818,850],[747,822,864],[745,820,863],
[746,821,862],[756,825,855],[754,823,854],[755,824,853],[741,828,870],[739,826,869],[740,827,868],[738,804,816],[737,802,815],[736,803,814],
[735,798,812],[734,797,813],[733,796,811],[753,801,858],[751,800,857],[752,799,856],[762,795,849],[760,794,848],[761,793,847],[748,789,861],
[750,787,860],[749,788,859],[779,798,810],[777,797,809],[775,796,808],[780,795,810],[776,794,808],[778,793,809],[785,804,807],[781,803,806],
[783,802,805],[786,801,807],[782,800,806],[784,799,805],[731,732,765],[729,730,763],[727,728,764],[725,726,767],[723,724,768],[721,722,766],
[719,720,771],[717,718,770],[715,716,769],[713,714,773],[711,712,774],[709,710,772],[708,909,910],[707,907,908],[706,911,912],[705,905,906],
[704,901,902],[703,903,904],[702,819,906],[701,817,902],[700,818,904],[699,822,905],[698,820,901],[697,821,903],[696,825,908],[695,823,912],
[694,824,910],[693,828,907],[692,826,909],[691,827,911],[699,705,905],[697,703,903],[698,704,901],[702,705,906],[700,703,904],[701,704,902],
[693,707,907],[691,706,911],[692,708,909],[694,708,910],[695,706,912],[696,707,908],[690,744,792],[689,743,791],[688,742,790],[687,748,789],
[686,750,787],[685,749,788],[693,741,828],[692,739,826],[691,740,827],[696,756,825],[694,755,824],[695,754,823],[699,747,822],[697,746,821],
[698,745,820],[702,759,819],[700,758,818],[701,757,817],[713,743,773],[709,742,772],[711,744,774],[714,741,773],[710,739,772],[712,740,774],
[719,748,771],[715,750,769],[717,749,770],[720,747,771],[716,746,769],[718,745,770],[725,756,767],[723,755,768],[721,754,766],[722,753,766],
[726,752,767],[724,751,768],[731,762,765],[727,761,764],[729,760,763],[732,759,765],[728,758,764],[730,757,763],[762,780,795],[761,778,793],
[760,776,794],[753,786,801],[752,784,799],[751,782,800],[735,779,798],[733,775,796],[734,777,797],[738,785,804],[737,783,802],[736,781,803],
[683,684,705],[681,682,703],[679,680,704],[677,678,707],[675,676,708],[673,674,706],[672,738,785],[671,736,781],[670,737,783],[669,735,779],
[668,734,777],[667,733,775],[677,696,707],[675,694,708],[673,695,706],[678,693,707],[674,691,706],[676,692,708],[683,702,705],[679,701,704],
[681,700,703],[684,699,705],[680,698,704],[682,697,703],[731,762,780],[729,760,776],[727,761,778],[722,753,786],[724,751,782],[726,752,784],
[689,713,743],[688,709,742],[690,711,744],[702,732,759],[701,730,757],[700,728,758],[699,720,747],[698,718,745],[697,716,746],[696,725,756],
[695,721,754],[694,723,755],[693,714,741],[691,712,740],[692,710,739],[687,719,748],[685,717,749],[686,715,750],[666,785,786],[665,781,782],
[664,783,784],[663,779,780],[662,775,776],[661,777,778],[663,731,780],[661,727,778],[662,729,776],[660,687,719],[659,686,715],[658,685,717],
[657,689,713],[656,690,711],[655,688,709],[666,722,786],[664,726,784],[665,724,782],[663,669,779],[661,668,777],[662,667,775],[666,672,785],
[664,670,783],[665,671,781],[684,699,720],[682,697,716],[680,698,718],[683,702,732],[681,700,728],[679,701,730],[678,693,714],[676,692,710],
[674,691,712],[677,696,725],[675,694,723],[673,695,721],[654,731,732],[653,727,728],[652,729,730],[651,721,722],[650,723,724],[649,725,726],
[648,719,720],[647,715,716],[646,717,718],[645,713,714],[644,711,712],[643,709,710],[654,663,731],[652,662,729],[653,661,727],[651,673,721],
[649,677,725],[650,675,723],[645,678,714],[644,674,712],[643,676,710],[654,683,732],[652,679,730],[653,681,728],[648,684,720],[646,680,718],
[647,682,716],[642,666,672],[641,665,671],[640,664,670],[639,663,669],[638,662,667],[637,661,668],[651,666,722],[650,665,724],[649,664,726],
[645,657,713],[643,655,709],[644,656,711],[648,660,719],[646,658,717],[647,659,715],[636,683,684],[635,679,680],[634,681,682],[633,677,678],
[632,673,674],[631,675,676],[630,648,660],[629,647,659],[628,646,658],[627,645,657],[626,644,656],[625,643,655],[636,648,684],[634,647,682],
[635,646,680],[636,654,683],[634,653,681],[635,652,679],[633,645,678],[631,643,676],[632,644,674],[632,651,673],[633,649,677],[631,650,675],
[639,654,663],[637,653,661],[638,652,662],[642,651,666],[640,649,664],[641,650,665],[632,642,651],[631,641,650],[633,640,649],[636,639,654],
[635,638,652],[634,637,653],[630,636,648],[628,635,646],[629,634,647],[626,632,644],[625,631,643],[627,633,645],[626,632,642],[627,633,640],
[625,631,641],[630,636,639],[629,634,637],[628,635,638],[624,1319,1320],[623,1315,1316],[622,1317,1318],[621,1155,1317],[620,1153,1319],[619,1154,1315],
[618,1158,1320],[617,1156,1316],[616,1157,1318],[615,1008,1158],[614,1006,1156],[613,1007,1157],[612,1005,1155],[611,1003,1153],[610,1004,1154],[609,876,1008],
[608,874,1007],[607,875,1006],[606,873,1005],[605,872,1003],[604,871,1004],[603,812,876],[602,811,874],[601,813,875],[600,816,873],[599,814,872],
[598,815,871],[597,735,812],[596,733,811],[595,734,813],[594,738,816],[593,736,814],[592,737,815],[591,669,735],[590,667,733],[589,668,734],
[588,672,738],[587,670,737],[586,671,736],[585,639,669],[584,637,668],[583,638,667],[582,642,672],[581,640,670],[580,641,671],[582,588,672],
[580,586,671],[581,587,670],[585,591,669],[584,589,668],[583,590,667],[588,594,738],[587,592,737],[586,593,736],[591,597,735],[589,595,734],
[590,596,733],[594,600,816],[592,598,815],[593,599,814],[597,603,812],[595,601,813],[596,602,811],[600,606,873],[598,604,871],[599,605,872],
[601,607,875],[603,609,876],[602,608,874],[606,612,1005],[604,610,1004],[605,611,1003],[608,613,1007],[607,614,1006],[609,615,1008],[615,618,1158],
[613,616,1157],[614,617,1156],[612,621,1155],[610,619,1154],[611,620,1153],[618,624,1320],[616,622,1318],[617,623,1316],[619,623,1315],[621,622,1317],
[620,624,1319],[582,626,642],[580,625,641],[581,627,640],[585,630,639],[583,628,638],[584,629,637],[578,579,591],[576,577,589],[574,575,590],
[600,2507,2508],[599,2501,2502],[598,2504,2505],[603,2498,2499],[601,2492,2493],[602,2495,2496],[572,573,615],[570,571,614],[568,569,613],[566,567,612],
[564,565,610],[562,563,611],[624,2489,2490],[623,2483,2484],[622,2486,2487],[560,561,588],[558,559,587],[556,557,586],[555,2474,2475],[554,2480,2481],
[553,2477,2478],[552,1247,1248],[551,1243,1244],[550,1245,1246],[549,1059,1247],[548,1058,1245],[547,1057,1243],[546,1061,1244],[545,1060,1246],[544,1062,1248],
[543,939,1058],[542,937,1057],[541,938,1059],[540,942,1060],[539,940,1061],[538,941,1062],[537,834,941],[536,833,940],[535,832,942],[534,831,937],
[533,829,939],[532,830,938],[531,791,834],[530,792,833],[529,790,832],[528,789,831],[527,787,829],[526,788,830],[525,690,792],[524,688,790],
[523,689,791],[522,687,789],[521,686,787],[520,685,788],[519,655,688],[518,657,689],[517,656,690],[516,660,687],[515,658,685],[514,659,686],
[513,630,660],[512,628,658],[511,629,659],[510,626,656],[509,625,655],[508,627,657],[513,516,660],[511,514,659],[512,515,658],[509,519,655],
[508,518,657],[510,517,656],[516,522,687],[515,520,685],[514,521,686],[517,525,690],[519,524,688],[518,523,689],[522,528,789],[520,526,788],
[521,527,787],[523,531,791],[524,529,790],[525,530,792],[528,534,831],[526,532,830],[527,533,829],[531,537,834],[529,535,832],[530,536,833],
[536,539,940],[537,538,941],[535,540,942],[533,543,939],[532,541,938],[534,542,937],[538,544,1062],[540,545,1060],[539,546,1061],[542,547,1057],
[541,549,1059],[543,548,1058],[546,551,1244],[544,552,1248],[545,550,1246],[549,552,1247],[548,550,1245],[547,551,1243],[507,554,2480],[506,555,2474],
[505,553,2477],[504,554,2481],[503,553,2478],[502,555,2475],[560,582,588],[558,581,587],[556,580,586],[513,585,630],[512,583,628],[511,584,629],
[510,582,626],[508,581,627],[509,580,625],[621,622,2486],[620,624,2489],[619,623,2483],[617,623,2484],[616,622,2487],[618,624,2490],[566,612,621],
[562,611,620],[564,610,619],[568,613,616],[570,614,617],[572,615,618],[569,608,613],[573,609,615],[571,607,614],[567,606,612],[563,605,611],
[565,604,610],[603,609,2498],[602,608,2495],[601,607,2492],[600,606,2507],[599,605,2501],[598,604,2504],[597,603,2499],[596,602,2496],[595,601,2493],
[594,600,2508],[593,599,2502],[592,598,2505],[578,591,597],[574,590,596],[576,589,595],[561,588,594],[557,586,593],[559,587,592],[579,585,591],
[575,583,590],[577,584,589],[500,501,553],[498,499,555],[496,497,554],[494,495,517],[492,493,519],[490,491,518],[528,2543,2544],[526,2537,2538],
[527,2540,2541],[529,2528,2529],[530,2534,2535],[531,2531,2532],[488,489,539],[486,487,538],[484,485,540],[482,483,542],[480,481,541],[478,479,543],
[551,2525,2526],[550,2519,2520],[552,2522,2523],[476,477,516],[474,475,515],[472,473,514],[471,2516,2517],[470,2510,2511],[469,2513,2514],[468,470,2510],
[467,471,2516],[466,469,2513],[465,471,2517],[464,469,2514],[463,470,2511],[476,513,516],[472,511,514],[474,512,515],[498,506,555],[496,507,554],
[500,505,553],[499,502,555],[497,504,554],[501,503,553],[547,551,2525],[549,552,2522],[548,550,2519],[546,551,2526],[545,550,2520],[544,552,2523],
[482,542,547],[480,541,549],[478,543,548],[488,539,546],[484,540,545],[486,538,544],[483,534,542],[479,533,543],[481,532,541],[489,536,539],
[485,535,540],[487,537,538],[530,536,2534],[531,537,2531],[529,535,2528],[528,534,2543],[527,533,2540],[526,532,2537],[523,531,2532],[525,530,2535],
[524,529,2529],[522,528,2544],[521,527,2541],[520,526,2538],[490,518,523],[494,517,525],[492,519,524],[477,516,522],[473,514,521],[475,515,520],
[495,510,517],[491,508,518],[493,509,519],[561,594,2508],[559,592,2505],[557,593,2502],[578,597,2499],[576,595,2493],[574,596,2496],[567,606,2507],
[563,605,2501],[565,604,2504],[569,608,2495],[571,607,2492],[573,609,2498],[570,617,2484],[572,618,2490],[568,616,2487],[566,621,2486],[564,619,2483],
[562,620,2489],[513,579,585],[511,577,584],[512,575,583],[510,560,582],[509,556,580],[508,558,581],[461,462,470],[459,460,471],[457,458,469],
[456,2508,2509],[455,2502,2503],[454,2505,2506],[453,2507,2509],[452,2501,2503],[451,2504,2506],[450,2499,2500],[449,2493,2494],[448,2496,2497],[447,2498,2500],
[446,2492,2494],[445,2495,2497],[443,444,2509],[441,442,2503],[439,440,2506],[437,438,2500],[435,436,2494],[433,434,2497],[432,2484,2485],[431,2490,2491],
[430,2487,2488],[429,2486,2488],[428,2483,2485],[427,2489,2491],[500,501,2488],[496,497,2485],[498,499,2491],[431,499,2491],[430,501,2488],[432,497,2485],
[429,500,2488],[428,496,2485],[427,498,2491],[443,456,2509],[441,455,2503],[439,454,2506],[444,453,2509],[440,451,2506],[442,452,2503],[437,450,2500],
[433,448,2497],[435,449,2494],[438,447,2500],[434,445,2497],[436,446,2494],[426,500,505],[425,496,507],[424,498,506],[423,499,502],[422,501,503],
[421,497,504],[429,566,2486],[427,562,2489],[428,564,2483],[431,572,2490],[430,568,2487],[432,570,2484],[447,573,2498],[445,569,2495],[446,571,2492],
[453,567,2507],[451,565,2504],[452,563,2501],[450,578,2499],[448,574,2496],[449,576,2493],[456,561,2508],[455,557,2502],[454,559,2505],[461,468,470],
[457,466,469],[459,467,471],[462,463,470],[460,465,471],[458,464,469],[495,510,560],[493,509,556],[491,508,558],[477,522,2544],[475,520,2538],
[473,521,2541],[494,525,2535],[492,524,2529],[490,523,2532],[489,536,2534],[485,535,2528],[487,537,2531],[483,534,2543],[481,532,2537],[479,533,2540],
[488,546,2526],[486,544,2523],[484,545,2520],[482,547,2525],[478,548,2519],[480,549,2522],[476,513,579],[474,512,575],[472,511,577],[420,2535,2536],
[419,2529,2530],[418,2532,2533],[417,2534,2536],[416,2528,2530],[415,2531,2533],[414,2544,2545],[413,2538,2539],[412,2541,2542],[411,2543,2545],[410,2537,2539],
[409,2540,2542],[407,408,2536],[405,406,2530],[403,404,2533],[401,402,2545],[399,400,2539],[397,398,2542],[396,2526,2527],[395,2523,2524],[394,2520,2521],
[393,2525,2527],[392,2522,2524],[391,2519,2521],[461,462,2527],[457,458,2524],[459,460,2521],[390,578,579],[389,574,575],[388,576,577],[387,572,573],
[386,568,569],[385,570,571],[384,566,567],[383,564,565],[382,562,563],[381,560,561],[380,556,557],[379,558,559],[396,462,2527],[394,460,2521],
[395,458,2524],[393,461,2527],[391,459,2521],[392,457,2524],[407,420,2536],[403,418,2533],[405,419,2530],[408,417,2536],[404,415,2533],[406,416,2530],
[401,414,2545],[397,412,2542],[399,413,2539],[402,411,2545],[398,409,2542],[400,410,2539],[390,476,579],[388,472,577],[389,474,575],[393,482,2525],
[392,480,2522],[391,478,2519],[396,488,2526],[394,484,2520],[395,486,2523],[411,483,2543],[409,479,2540],[410,481,2537],[417,489,2534],[415,487,2531],
[416,485,2528],[420,494,2535],[418,490,2532],[419,492,2529],[414,477,2544],[412,473,2541],[413,475,2538],[381,495,560],[379,491,558],[380,493,556],
[378,461,468],[377,459,467],[376,457,466],[375,462,463],[374,460,465],[373,458,464],[381,456,561],[379,454,559],[380,455,557],[390,450,578],
[388,449,576],[389,448,574],[384,453,567],[382,452,563],[383,451,565],[387,447,573],[385,446,571],[386,445,569],[387,431,572],[385,432,570],
[386,430,568],[384,429,566],[382,427,562],[383,428,564],[372,443,456],[371,439,454],[370,441,455],[369,444,453],[368,442,452],[367,440,451],
[366,437,450],[365,435,449],[364,433,448],[363,436,446],[362,438,447],[361,434,445],[423,431,499],[421,432,497],[422,430,501],[426,429,500],
[424,427,498],[425,428,496],[360,494,495],[359,490,491],[358,492,493],[357,488,489],[356,486,487],[355,484,485],[354,482,483],[353,478,479],
[352,480,481],[351,476,477],[350,472,473],[349,474,475],[351,390,476],[349,389,474],[350,388,472],[360,381,495],[358,380,493],[359,379,491],
[351,414,477],[349,413,475],[350,412,473],[360,420,494],[358,419,492],[359,418,490],[357,417,489],[355,416,485],[356,415,487],[354,411,483],
[352,410,481],[353,409,479],[357,396,488],[356,395,486],[355,394,484],[354,393,482],[353,391,478],[352,392,480],[348,407,420],[347,405,419],
[346,403,418],[345,408,417],[344,406,416],[343,404,415],[342,401,414],[341,399,413],[340,397,412],[339,402,411],[338,400,410],[337,398,409],
[384,426,429],[383,425,428],[382,424,427],[387,423,431],[386,422,430],[385,421,432],[362,387,447],[361,386,445],[363,385,446],[369,384,453],
[367,383,451],[368,382,452],[366,390,450],[364,389,448],[365,388,449],[372,381,456],[370,380,455],[371,379,454],[375,396,462],[373,395,458],
[374,394,460],[378,393,461],[376,392,457],[377,391,459],[351,366,390],[350,365,388],[349,364,389],[362,387,423],[363,385,421],[361,386,422],
[369,384,426],[368,382,424],[367,383,425],[354,378,393],[353,377,391],[352,376,392],[357,375,396],[356,373,395],[355,374,394],[339,354,411],
[337,353,409],[338,352,410],[345,357,417],[343,356,415],[344,355,416],[348,360,420],[346,359,418],[347,358,419],[342,351,414],[340,350,412],
[341,349,413],[360,372,381],[359,371,379],[358,370,380],[335,336,2479],[333,334,2476],[331,332,2482],[330,2474,2476],[329,2477,2479],[328,2480,2482],
[327,2478,2479],[326,2475,2476],[325,2481,2482],[324,505,2477],[323,506,2474],[322,507,2480],[321,503,2478],[320,502,2475],[319,504,2481],[318,426,505],
[317,424,506],[316,425,507],[315,423,502],[314,422,503],[313,421,504],[315,320,502],[313,319,504],[314,321,503],[318,324,505],[316,322,507],
[317,323,506],[321,327,2478],[319,325,2481],[320,326,2475],[323,330,2474],[322,328,2480],[324,329,2477],[328,331,2482],[329,335,2479],[330,333,2476],
[327,336,2479],[325,332,2482],[326,334,2476],[318,369,426],[316,367,425],[317,368,424],[313,363,421],[314,361,422],[315,362,423],[342,351,366],
[341,349,364],[340,350,365],[348,360,372],[347,358,370],[346,359,371],[345,357,375],[344,355,374],[343,356,373],[339,354,378],[338,352,376],
[337,353,377],[311,312,319],[309,310,321],[307,308,320],[305,306,324],[303,304,323],[301,302,322],[299,300,2512],[297,298,2515],[295,296,2518],
[294,2510,2512],[293,2513,2515],[292,2516,2518],[291,2517,2518],[290,2511,2512],[289,2514,2515],[288,443,444],[287,439,440],[286,441,442],[285,437,438],
[284,433,434],[283,435,436],[282,468,2510],[281,466,2513],[280,467,2516],[279,463,2511],[278,465,2517],[277,464,2514],[276,363,436],[275,361,434],
[274,362,438],[273,366,437],[272,364,433],[271,365,435],[270,369,444],[269,367,440],[268,368,442],[267,372,443],[266,370,441],[265,371,439],
[264,378,468],[263,376,466],[262,377,467],[261,375,463],[260,374,465],[259,373,464],[261,279,463],[259,277,464],[260,278,465],[264,282,468],
[262,280,467],[263,281,466],[273,285,437],[271,283,435],[272,284,433],[274,285,438],[276,283,436],[275,284,434],[267,288,443],[265,287,439],
[266,286,441],[270,288,444],[268,286,442],[269,287,440],[278,291,2517],[277,289,2514],[279,290,2511],[282,294,2510],[280,292,2516],[281,293,2513],
[294,299,2512],[292,295,2518],[293,297,2515],[291,296,2518],[290,300,2512],[289,298,2515],[307,315,320],[311,313,319],[309,314,321],[264,339,378],
[262,337,377],[263,338,376],[261,345,375],[259,343,373],[260,344,374],[267,348,372],[265,346,371],[266,347,370],[273,342,366],[271,340,365],
[272,341,364],[276,313,363],[274,315,362],[275,314,361],[270,318,369],[268,317,368],[269,316,367],[258,327,336],[257,326,334],[256,325,332],
[255,329,335],[254,328,331],[253,330,333],[305,324,329],[301,322,328],[303,323,330],[308,320,326],[310,321,327],[312,319,325],[306,318,324],
[304,317,323],[302,316,322],[251,252,285],[249,250,283],[247,248,284],[245,246,288],[243,244,287],[241,242,286],[239,240,279],[237,238,277],
[235,236,278],[233,234,282],[231,232,280],[229,230,281],[228,407,408],[227,403,404],[226,405,406],[225,401,402],[224,397,398],[223,399,400],
[222,339,402],[221,337,398],[220,338,400],[219,342,401],[218,340,397],[217,341,399],[216,345,408],[215,343,404],[214,344,406],[213,348,407],
[212,346,403],[211,347,405],[219,225,401],[217,223,399],[218,224,397],[222,225,402],[220,223,400],[221,224,398],[213,228,407],[211,226,405],
[212,227,403],[216,228,408],[214,226,406],[215,227,404],[219,273,342],[217,272,341],[218,271,340],[213,267,348],[211,266,347],[212,265,346],
[216,261,345],[214,260,344],[215,259,343],[222,264,339],[220,263,338],[221,262,337],[210,291,296],[209,289,298],[208,290,300],[207,294,299],
[206,293,297],[205,292,295],[233,282,294],[229,281,293],[231,280,292],[235,278,291],[239,279,290],[237,277,289],[245,270,288],[241,268,286],
[243,269,287],[246,267,288],[242,266,286],[244,265,287],[251,274,285],[247,275,284],[249,276,283],[252,273,285],[248,272,284],[250,271,283],
[234,264,282],[230,263,281],[232,262,280],[240,261,279],[236,260,278],[238,259,277],[255,305,329],[253,303,330],[254,301,328],[256,312,325],
[258,310,327],[257,308,326],[270,306,318],[269,302,316],[268,304,317],[275,309,314],[274,307,315],[276,311,313],[203,204,224],[201,202,223],
[199,200,225],[197,198,228],[195,196,226],[193,194,227],[192,256,312],[191,257,308],[190,258,310],[189,255,305],[188,254,301],[187,253,303],
[197,216,228],[193,215,227],[195,214,226],[198,213,228],[194,212,227],[196,211,226],[199,222,225],[203,221,224],[201,220,223],[200,219,225],
[204,218,224],[202,217,223],[219,252,273],[218,250,271],[217,248,272],[249,276,311],[251,274,307],[247,275,309],[245,270,306],[243,269,302],
[241,268,304],[207,233,294],[205,231,292],[206,229,293],[210,235,291],[209,237,289],[208,239,290],[222,234,264],[221,232,262],[220,230,263],
[216,240,261],[215,238,259],[214,236,260],[213,246,267],[212,244,265],[211,242,266],[186,311,312],[185,307,308],[184,309,310],[183,305,306],
[182,301,302],[181,303,304],[180,208,239],[179,210,235],[178,209,237],[177,207,233],[176,206,229],[175,205,231],[183,245,306],[181,241,304],
[182,243,302],[186,249,311],[184,247,309],[185,251,307],[183,189,305],[181,187,303],[182,188,301],[186,192,312],[184,190,310],[185,191,308],
[200,219,252],[202,217,248],[204,218,250],[199,222,234],[201,220,230],[203,221,232],[198,213,246],[196,211,242],[194,212,244],[197,216,240],
[195,214,236],[193,215,238],[174,249,250],[173,247,248],[172,251,252],[171,245,246],[170,241,242],[169,243,244],[168,239,240],[167,235,236],
[166,237,238],[165,233,234],[164,229,230],[163,231,232],[168,180,239],[166,178,237],[167,179,235],[168,197,240],[166,193,238],[167,195,236],
[171,198,246],[169,194,244],[170,196,242],[163,203,232],[165,199,234],[164,201,230],[174,204,250],[172,200,252],[173,202,248],[162,186,192],
[161,185,191],[160,184,190],[159,183,189],[158,182,188],[157,181,187],[174,186,249],[172,185,251],[173,184,247],[171,183,245],[169,182,243],
[170,181,241],[165,177,233],[163,175,231],[164,176,229],[156,203,204],[155,199,200],[154,201,202],[153,197,198],[152,193,194],[151,195,196],
[150,168,180],[149,167,179],[148,166,178],[147,165,177],[146,163,175],[145,164,176],[156,174,204],[154,173,202],[155,172,200],[156,163,203],
[154,164,201],[155,165,199],[153,171,198],[151,170,196],[152,169,194],[153,168,197],[151,167,195],[152,166,193],[159,171,183],[157,170,181],
[158,169,182],[162,174,186],[160,173,184],[161,172,185],[150,153,168],[148,152,166],[149,151,167],[153,159,171],[152,158,169],[151,157,170],
[156,162,174],[155,161,172],[154,160,173],[146,156,163],[147,155,165],[145,154,164],[146,156,162],[145,154,160],[147,155,161],[150,153,159],
[149,151,157],[148,152,158],[144,335,336],[143,331,332],[142,333,334],[141,255,335],[140,254,331],[139,253,333],[138,258,336],[137,256,332],
[136,257,334],[135,189,255],[134,187,253],[133,188,254],[132,192,256],[131,190,258],[130,191,257],[129,159,189],[128,157,187],[127,158,188],
[126,162,192],[125,160,190],[124,161,191],[126,132,192],[124,130,191],[125,131,190],[129,135,189],[127,133,188],[128,134,187],[132,137,256],
[131,138,258],[130,136,257],[135,141,255],[134,139,253],[133,140,254],[138,144,336],[136,142,334],[137,143,332],[141,144,335],[139,142,333],
[140,143,331],[124,147,161],[125,145,160],[126,146,162],[129,150,159],[127,148,158],[128,149,157],[122,123,132],[120,121,131],[118,119,130],
[116,117,135],[114,115,133],[112,113,134],[143,2552,2553],[144,2546,2547],[142,2549,2550],[111,299,300],[110,295,296],[109,297,298],[108,207,299],
[107,205,295],[106,206,297],[105,208,300],[104,210,296],[103,209,298],[102,180,208],[101,179,210],[100,178,209],[99,176,206],[98,177,207],
[97,175,205],[96,150,180],[95,148,178],[94,149,179],[93,147,177],[92,145,176],[91,146,175],[91,97,175],[93,98,177],[92,99,176],
[96,102,180],[95,100,178],[94,101,179],[102,105,208],[100,103,209],[101,104,210],[98,108,207],[99,106,206],[97,107,205],[105,111,300],
[103,109,298],[104,110,296],[108,111,299],[106,109,297],[107,110,295],[122,126,132],[118,124,130],[120,125,131],[96,129,150],[94,128,149],
[95,127,148],[93,124,147],[91,126,146],[92,125,145],[141,144,2546],[140,143,2552],[139,142,2549],[137,143,2553],[136,142,2550],[138,144,2547],
[116,135,141],[112,134,139],[114,133,140],[123,132,137],[119,130,136],[121,131,138],[117,129,135],[113,128,134],[115,127,133],[89,90,102],
[87,88,100],[85,86,101],[83,84,97],[81,82,99],[79,80,98],[111,2561,2562],[109,2555,2556],[110,2558,2559],[108,111,2561],[107,110,2558],
[106,109,2555],[105,111,2562],[104,110,2559],[103,109,2556],[83,97,107],[79,98,108],[81,99,106],[89,102,105],[85,101,104],[87,100,103],
[90,96,102],[86,94,101],[88,95,100],[84,91,97],[82,92,99],[80,93,98],[123,137,2553],[121,138,2547],[119,136,2550],[116,141,2546],
[114,140,2552],[112,139,2549],[91,122,126],[92,120,125],[93,118,124],[96,117,129],[94,113,128],[95,115,127],[78,2553,2554],[77,2547,2548],
[76,2550,2551],[75,2546,2548],[74,2552,2554],[73,2549,2551],[71,72,2548],[69,70,2551],[67,68,2554],[71,77,2548],[69,76,2551],[67,78,2554],
[72,75,2548],[70,73,2551],[68,74,2554],[75,116,2546],[73,112,2549],[74,114,2552],[78,123,2553],[76,119,2550],[77,121,2547],[84,91,122],
[80,93,118],[82,92,120],[90,96,117],[88,95,115],[86,94,113],[79,108,2561],[81,106,2555],[83,107,2558],[89,105,2562],[87,103,2556],
[85,104,2559],[66,2561,2563],[65,2558,2560],[64,2555,2557],[63,2562,2563],[62,2556,2557],[61,2559,2560],[59,60,2563],[57,58,2560],[55,56,2557],
[54,122,123],[53,118,119],[52,120,121],[51,116,117],[50,112,113],[49,114,115],[59,66,2563],[55,64,2557],[57,65,2560],[60,63,2563],
[58,61,2560],[56,62,2557],[54,84,122],[52,82,120],[53,80,118],[63,89,2562],[61,85,2559],[62,87,2556],[66,79,2561],[64,81,2555],
[65,83,2558],[51,90,117],[50,86,113],[49,88,115],[53,76,119],[52,77,121],[54,78,123],[51,75,116],[49,74,114],[50,73,112],
[48,69,76],[47,71,77],[46,67,78],[45,72,75],[44,68,74],[43,70,73],[42,89,90],[41,85,86],[40,87,88],[39,79,80],
[38,81,82],[37,83,84],[39,53,80],[37,54,84],[38,52,82],[42,51,90],[41,50,86],[40,49,88],[39,66,79],[37,65,83],
[38,64,81],[42,63,89],[40,62,87],[41,61,85],[36,55,64],[35,59,66],[34,57,65],[33,60,63],[32,58,61],[31,56,62],
[45,51,75],[43,50,73],[44,49,74],[48,53,76],[46,54,78],[47,52,77],[39,48,53],[38,47,52],[37,46,54],[33,42,63],
[31,40,62],[32,41,61],[35,39,66],[36,38,64],[34,37,65],[42,45,51],[40,44,49],[41,43,50],[35,39,48],[34,37,46],
[36,38,47],[33,42,45],[32,41,43],[31,40,44],[30,71,72],[29,67,68],[28,69,70],[27,45,72],[26,43,70],[25,44,68],
[24,48,69],[23,46,67],[22,47,71],[22,30,71],[24,28,69],[23,29,67],[27,30,72],[26,28,70],[25,29,68],[24,35,48],
[23,34,46],[22,36,47],[27,33,45],[25,31,44],[26,32,43],[20,21,29],[18,19,28],[16,17,30],[15,55,56],[14,59,60],
[13,57,58],[12,33,60],[11,31,56],[10,32,58],[9,34,57],[8,35,59],[7,36,55],[9,13,57],[7,15,55],[8,14,59],
[11,15,56],[10,13,58],[12,14,60],[20,23,29],[18,24,28],[16,22,30],[12,27,33],[11,25,31],[10,26,32],[8,24,35],
[7,22,36],[9,23,34],[17,27,30],[21,25,29],[19,26,28],[5,6,14],[3,4,15],[1,2,13],[5,12,14],[1,10,13],
[3,11,15],[2,9,13],[6,8,14],[4,7,15],[8,18,24],[9,20,23],[7,16,22],[12,17,27],[10,19,26],[11,21,25],
[5,12,17],[3,11,21],[1,10,19],[6,8,18],[4,7,16],[2,9,20],[16,17,2584],[18,19,2583],[20,21,2582],[5,17,2584],
[3,21,2582],[1,19,2583],[6,18,2583],[2,20,2582],[4,16,2584],[5,6,2585],[1,2,2587],[3,4,2586],[5,2584,2585],[3,2582,2586],
[1,2583,2587],[6,2583,2585],[4,2584,2586],[2,2582,2587]];
###############################################################

