#SurfaceInfo: 336 Vertices, 5376 Edges, 3584 Faces, IsOrientable=false
Vertices of faces:
 vof1:=[[334,335,336],[333,334,335],[332,334,336],[331,335,336],[328,329,330],[325,326,327],[322,323,324],[319,320,32\
1],[316,317,318],[313,314,315],
[310,311,312],[307,308,309],[304,305,306],[301,302,303],[298,299,300],[295,296,297],[292,293,294],[300,328,329],[297,\
316,317],[306,313,314],
[303,322,323],[309,319,320],[294,325,326],[310,311,333],[310,312,331],[311,312,332],[289,290,291],[286,287,288],[283,\
284,285],[280,281,282],
[277,278,279],[274,275,276],[272,273,278],[270,271,275],[268,269,284],[266,267,287],[264,265,290],[262,263,281],[264,\
289,290],[268,283,284],
[270,274,275],[266,286,287],[262,280,281],[272,277,278],[259,260,261],[256,257,258],[253,254,255],[250,251,252],[247,\
248,249],[244,245,246],
[243,259,260],[242,253,254],[241,244,245],[240,250,251],[239,256,257],[238,247,248],[237,244,246],[236,253,255],[235,\
259,261],[234,256,258],
[233,247,249],[232,250,252],[231,270,274],[230,262,280],[229,268,283],[228,264,289],[227,272,277],[226,266,286],[228,\
230,231],[226,227,229],
[224,225,285],[222,223,288],[220,221,291],[218,219,279],[216,217,276],[214,215,282],[243,259,315],[241,244,318],[239,\
256,327],[238,247,321],
[240,250,330],[242,253,324],[213,237,244],[212,232,250],[212,236,253],[213,235,259],[211,234,256],[211,233,247],[230,\
231,274],[226,227,277],
[226,229,286],[227,229,283],[228,231,289],[228,230,280],[210,214,230],[209,224,229],[208,218,227],[207,216,231],[206,\
222,226],[205,220,228],
[204,236,255],[203,232,252],[202,235,261],[201,234,258],[200,237,246],[199,233,249],[198,227,272],[197,230,262],[196,\
226,266],[195,231,270],
[194,229,268],[193,228,264],[190,191,192],[188,189,191],[187,188,190],[188,190,334],[190,191,336],[188,191,335],[190,\
238,334],[191,243,336],
[188,240,334],[188,242,335],[191,241,335],[190,239,336],[186,239,312],[185,241,310],[184,240,311],[186,238,311],[184,\
242,310],[185,243,312],
[185,186,312],[184,185,310],[184,186,311],[316,325,328],[313,319,322],[183,316,325],[182,319,322],[181,313,319],[180,\
325,328],[179,316,328],
[178,313,322],[177,197,316],[176,194,313],[175,198,322],[174,196,319],[173,195,328],[172,193,325],[169,170,171],[166,\
167,168],[164,165,167],
[161,162,163],[159,160,170],[157,158,162],[156,183,316],[155,180,325],[154,178,313],[153,181,319],[152,179,328],[151,\
182,322],[150,166,297],
[149,159,303],[148,157,300],[147,161,306],[146,169,294],[145,164,309],[185,186,192],[184,185,189],[184,186,187],[201,\
221,289],[204,219,277],
[199,223,286],[203,217,274],[200,215,280],[202,225,283],[144,242,277],[143,241,280],[142,243,283],[141,239,289],[140,\
240,274],[139,238,286],
[148,193,300],[147,196,306],[149,194,303],[145,198,309],[146,197,294],[150,195,297],[157,206,300],[161,205,306],[159,\
210,303],[169,209,294],
[164,207,309],[166,208,297],[185,192,204],[184,189,199],[185,189,201],[186,192,203],[184,187,200],[186,187,202],[169,\
170,229],[164,167,231],
[161,162,228],[166,167,227],[157,162,226],[159,170,230],[156,177,316],[153,174,319],[154,176,313],[151,175,322],[155,\
172,325],[152,173,328],
[137,138,249],[135,136,246],[133,134,258],[131,132,261],[129,130,255],[127,128,252],[126,130,261],[125,132,249],[124,\
128,258],[123,138,255],
[122,136,252],[121,134,246],[120,156,289],[119,155,274],[118,152,280],[117,154,277],[116,153,283],[115,151,286],[191,\
204,241],[191,201,243],
[190,203,238],[190,202,239],[188,200,242],[188,199,240],[175,190,198],[174,191,196],[177,190,197],[176,188,194],[172,\
188,193],[173,191,195],
[114,156,183],[113,155,180],[112,154,178],[111,153,181],[110,151,182],[109,152,179],[114,144,183],[113,142,180],[111,\
140,181],[112,141,178],
[109,139,179],[110,143,182],[120,190,198],[115,190,197],[119,188,194],[118,191,196],[117,188,193],[116,191,195],[108,\
137,138],[107,127,128],
[107,131,132],[106,129,130],[108,135,136],[106,133,134],[126,130,141],[122,136,139],[125,132,140],[124,128,142],[123,\
138,143],[121,134,144],
[114,120,156],[113,119,155],[112,117,154],[111,116,153],[109,118,152],[110,115,151],[105,204,241],[104,202,239],[103,\
201,243],[102,203,238],
[101,200,242],[100,199,240],[174,191,201],[175,190,203],[177,190,202],[176,188,200],[173,191,204],[172,188,199],[121,\
136,246],[126,132,261],
[125,138,249],[124,134,258],[122,128,252],[123,130,255],[196,293,306],[194,296,303],[197,294,305],[198,299,309],[193,\
300,308],[195,297,302],
[99,210,303],[98,206,300],[98,207,309],[99,208,297],[97,205,306],[97,209,294],[96,152,173],[95,156,177],[94,151,175],\
[93,153,174],
[92,155,172],[91,154,176],[90,170,229],[89,167,231],[90,162,228],[88,170,230],[88,167,227],[89,162,226],[117,242,277]\
,[118,241,280],
[116,243,283],[120,239,289],[115,238,286],[119,240,274],[189,199,286],[192,204,277],[192,203,274],[189,201,289],[187,\
202,283],[187,200,280],
[86,87,155],[84,85,156],[82,83,152],[81,85,154],[80,87,153],[79,83,151],[76,77,78],[74,75,78],[73,75,77],[82,95,154],
[81,94,152],[79,93,155],[84,92,153],[86,96,151],[80,91,156],[72,222,229],[71,220,231],[70,214,228],[69,216,230],[68,2\
24,227],
[67,218,226],[106,211,212],[108,211,213],[107,212,213],[66,163,301],[65,171,298],[64,160,307],[63,168,292],[62,158,29\
5],[61,165,304],
[60,197,198],[59,195,196],[58,193,194],[57,104,151],[56,105,153],[55,102,156],[54,101,155],[53,103,152],[52,100,154],\
[63,136,293],
[64,130,308],[62,128,296],[66,132,302],[65,134,299],[61,138,305],[90,296,308],[88,299,305],[89,293,302],[55,167,297],\
[54,170,294],
[56,167,309],[57,170,303],[52,162,306],[53,162,300],[129,292,312],[137,295,310],[135,307,311],[131,298,311],[127,304,\
312],[133,301,310],
[51,113,136],[50,109,134],[49,114,128],[48,110,132],[47,111,130],[46,112,138],[54,210,316],[57,209,313],[52,206,319],\
[55,207,328],
[53,205,325],[56,208,322],[196,213,266],[194,212,268],[195,213,270],[198,211,272],[193,212,264],[197,211,262],[45,198\
,227],[44,194,229],
[43,195,231],[42,193,228],[41,197,230],[40,196,226],[204,255,313],[201,258,316],[203,252,325],[202,261,319],[199,249,\
322],[200,246,328],
[168,199,233],[163,203,232],[165,200,237],[171,204,236],[158,202,235],[160,201,234],[163,224,229],[160,218,227],[168,\
214,230],[171,220,228],
[165,222,226],[158,216,231],[57,208,227],[52,209,229],[56,206,226],[53,207,231],[54,205,228],[55,210,230],[60,244,318\
],[59,250,330],
[58,259,315],[60,253,324],[59,247,321],[58,256,327],[39,213,244],[38,212,250],[37,211,256],[36,213,259],[35,211,247],\
[34,212,253],
[226,254,277],[231,257,289],[230,251,274],[228,245,280],[227,260,283],[229,248,286],[106,214,282],[107,222,288],[106,\
224,285],[107,220,291],
[108,216,276],[108,218,279],[109,129,255],[114,131,261],[113,137,249],[112,135,246],[110,127,252],[111,133,258],[56,1\
32,249],[54,128,258],
[55,134,246],[57,138,255],[52,130,261],[53,136,252],[135,157,206],[129,161,205],[127,169,209],[131,164,207],[133,166,\
208],[137,159,210],
[110,221,289],[112,217,274],[113,219,277],[109,225,283],[111,215,280],[114,223,286],[144,208,277],[143,210,280],[142,\
209,283],[140,207,274],
[139,206,286],[141,205,289],[44,64,136],[42,62,138],[45,61,128],[43,63,130],[40,66,134],[41,65,132],[92,144,194],[93,\
143,195],
[94,141,197],[95,139,198],[91,140,193],[96,142,196],[50,54,69],[48,52,67],[47,57,72],[51,55,71],[46,56,68],[49,53,70]\
,
[96,217,301],[94,219,298],[92,221,307],[95,215,304],[91,225,295],[93,223,292],[33,278,321],[32,281,327],[31,275,318],\
[30,284,324],
[29,290,330],[28,287,315],[55,71,299],[57,72,305],[54,69,296],[56,68,302],[53,70,293],[52,67,308],[206,217,301],[210,\
219,298],
[208,215,304],[209,221,307],[207,223,292],[205,225,295],[92,194,307],[94,197,298],[95,198,304],[96,196,301],[93,195,2\
92],[91,193,295],
[142,196,209],[144,194,208],[143,195,210],[141,197,205],[139,198,206],[140,193,207],[94,113,219],[93,114,223],[92,110\
,221],[96,112,217],
[91,109,225],[95,111,215],[123,135,157],[124,131,164],[126,133,166],[122,137,159],[121,129,161],[125,127,169],[44,53,\
136],[41,56,132],
[45,54,128],[42,57,138],[40,55,134],[43,52,130],[41,84,85],[45,79,83],[44,81,85],[42,86,87],[43,82,83],[40,80,87],
[87,114,155],[85,109,156],[83,113,152],[85,111,154],[83,112,151],[87,110,153],[76,77,142],[74,75,140],[73,77,141],[74\
,78,144],
[76,78,143],[73,75,139],[92,153,232],[95,154,234],[94,152,233],[91,156,236],[93,155,235],[96,151,237],[64,172,307],[6\
6,173,301],
[61,177,304],[63,174,292],[65,175,298],[62,176,295],[51,71,113],[50,69,109],[49,70,114],[48,67,110],[46,68,112],[47,7\
2,111],
[48,52,319],[51,55,328],[49,53,325],[46,56,322],[47,57,313],[50,54,316],[52,206,286],[54,210,280],[57,209,283],[53,20\
5,289],
[56,208,277],[55,207,274],[129,205,292],[135,206,307],[131,207,298],[133,208,301],[137,210,295],[127,209,304],[109,12\
9,312],[113,137,310],
[114,131,311],[112,135,311],[111,133,310],[110,127,312],[54,258,294],[55,246,297],[56,249,309],[57,255,303],[53,252,3\
00],[52,261,306],
[27,106,282],[26,108,276],[25,107,288],[24,106,285],[23,108,279],[22,107,291],[40,231,257],[42,229,248],[43,226,254],\
[45,230,251],
[41,227,260],[44,228,245],[111,245,280],[110,257,289],[112,251,274],[113,254,277],[114,248,286],[109,260,283],[39,244\
,309],[34,253,294],
[38,250,306],[37,256,303],[36,259,300],[35,247,297],[56,60,324],[54,60,318],[55,59,330],[53,58,327],[57,58,315],[52,5\
9,321],
[56,182,206],[55,179,210],[52,181,209],[53,180,207],[57,178,208],[54,183,205],[57,169,227],[52,157,229],[55,164,230],\
[53,161,231],
[56,166,226],[54,159,228],[99,246,328],[97,258,316],[97,261,319],[98,252,325],[99,255,313],[98,249,322],[158,169,202]\
,[160,161,201],
[157,168,199],[163,164,203],[166,171,204],[159,165,200],[41,65,197],[44,64,194],[45,61,198],[43,63,195],[40,66,196],[\
42,62,193],
[90,128,296],[89,132,302],[90,130,308],[88,138,305],[89,136,293],[88,134,299],[56,105,167],[57,104,170],[55,102,167],\
[54,101,170],
[53,103,162],[52,100,162],[63,113,136],[65,109,134],[62,114,128],[66,110,132],[61,112,138],[64,111,130],[60,198,244],\
[58,193,259],
[58,194,256],[60,197,253],[59,196,250],[59,195,247],[163,229,301],[165,226,304],[160,227,307],[168,230,292],[158,231,\
295],[171,228,298],
[163,224,232],[160,218,234],[168,214,233],[171,220,236],[158,216,235],[165,222,237],[106,211,272],[106,212,264],[108,\
211,262],[107,212,268],
[108,213,266],[107,213,270],[44,72,229],[43,71,231],[42,70,228],[41,69,230],[40,67,226],[45,68,227],[39,196,213],[38,\
194,212],
[36,195,213],[37,198,211],[35,197,211],[34,193,212],[125,140,318],[122,139,315],[121,144,321],[126,141,330],[123,143,\
327],[124,142,324],
[107,131,222],[106,129,224],[106,133,214],[108,135,216],[108,137,218],[107,127,220],[189,279,286],[189,282,289],[187,\
276,280],[192,277,285],
[192,274,291],[187,283,288],[21,120,239],[20,115,238],[19,117,242],[18,118,241],[17,119,240],[16,116,243],[90,222,229\
],[89,220,231],
[90,214,228],[88,216,230],[89,218,226],[88,224,227],[82,95,177],[86,96,173],[79,93,174],[84,92,172],[81,94,175],[80,9\
1,176],
[194,296,336],[198,299,335],[195,302,334],[193,308,336],[196,293,334],[197,305,335],[97,209,321],[99,208,315],[98,206\
,324],[99,210,330],
[98,207,327],[97,205,318],[66,124,134],[63,123,130],[61,122,128],[64,121,136],[65,126,132],[62,125,138],[173,204,313]\
,[174,201,316],
[175,203,325],[177,202,319],[172,199,322],[176,200,328],[105,153,241],[100,154,240],[103,152,243],[101,155,242],[104,\
151,239],[102,156,238],
[114,120,261],[113,119,249],[112,117,246],[111,116,258],[110,115,252],[109,118,255],[15,116,191],[14,120,190],[13,119\
,188],[12,118,191],
[11,115,190],[10,117,188],[96,113,142],[92,114,144],[93,110,143],[94,112,141],[91,111,140],[95,109,139],[297,316,330]\
,[306,313,321],
[303,315,322],[294,318,325],[309,319,324],[300,327,328],[35,37,78],[34,38,77],[36,39,75],[175,177,211],[173,174,213],\
[172,176,212],
[283,294,326],[274,309,320],[280,303,323],[289,306,314],[286,300,329],[277,297,317],[9,41,311],[8,45,312],[7,43,312],\
[6,40,310],
[5,42,310],[4,44,311],[130,310,333],[136,310,331],[132,312,331],[138,311,332],[134,312,332],[128,311,333],[138,182,24\
7],[136,179,244],
[128,180,250],[134,183,256],[130,178,253],[132,181,259],[12,93,144],[13,91,139],[14,94,142],[15,96,141],[11,95,140],[\
10,92,143],
[19,119,189],[16,118,192],[18,116,189],[17,117,187],[21,115,192],[20,120,187],[48,108,271],[51,107,267],[47,107,265],\
[49,106,269],
[46,106,263],[50,108,273],[2,3,184],[1,3,185],[1,2,186],[85,87,184],[83,87,185],[83,85,186],[16,304,305],[18,295,296]\
,
[19,301,302],[17,298,299],[21,292,293],[20,307,308],[67,299,300],[72,293,294],[71,308,309],[68,296,297],[70,305,306],\
[69,302,303],
[213,290,291],[212,287,288],[212,281,282],[213,278,279],[211,275,276],[211,284,285],[252,271,275],[246,263,281],[249,\
267,287],[261,269,284],
[258,265,290],[255,273,278],[262,263,286],[272,273,289],[270,271,283],[268,269,274],[266,267,280],[264,265,277],[239,\
257,330],[240,251,318],
[243,260,324],[241,245,327],[238,248,315],[242,254,321],[82,98,152],[86,97,155],[79,99,151],[84,99,156],[81,97,154],[\
80,98,153],
[75,77,190],[75,78,188],[77,78,191],[81,152,326],[82,154,320],[84,153,323],[86,151,314],[79,155,317],[80,156,329],[19\
1,211,212],
[190,212,213],[188,211,213],[65,171,239],[66,163,243],[63,168,241],[61,165,238],[62,158,240],[64,160,242],[167,218,29\
7],[170,214,303],
[170,224,294],[162,220,306],[162,222,300],[167,216,309],[81,307,311],[82,292,312],[84,298,311],[80,301,310],[86,295,3\
10],[79,304,312],
[209,261,313],[210,246,316],[206,249,319],[208,255,322],[207,252,328],[205,258,325],[67,190,192],[68,187,188],[72,189\
,191],[69,191,192],
[70,187,190],[71,188,189],[136,242,335],[128,238,334],[134,243,336],[132,239,336],[130,241,335],[138,240,334],[70,186\
,239],[69,185,241],
[71,184,240],[67,186,238],[72,185,243],[68,184,242],[240,273,311],[242,271,310],[243,263,312],[239,267,312],[241,269,\
310],[238,265,311],
[129,197,316],[133,194,313],[135,198,322],[127,196,319],[131,193,325],[137,195,328],[4,165,167],[8,162,163],[5,167,16\
8],[7,170,171],
[6,160,170],[9,158,162],[107,132,169],[108,138,157],[107,128,164],[106,130,166],[106,134,161],[108,136,159],[128,142,\
327],[130,141,315],
[136,139,330],[132,140,321],[138,143,324],[134,144,318],[115,167,197],[120,170,198],[118,167,196],[119,162,194],[116,\
162,195],[117,170,193],
[67,141,178],[69,142,180],[68,140,181],[72,143,182],[70,139,179],[71,144,183],[23,124,244],[22,123,259],[25,121,250],\
[24,122,256],
[27,125,253],[26,126,247],[19,23,92],[20,25,95],[18,27,93],[21,22,94],[17,26,91],[16,24,96],[16,19,20],[17,18,21],
[100,241,270],[105,239,262],[104,240,264],[102,243,266],[103,242,268],[101,238,272],[22,94,237],[26,91,234],[24,96,23\
3],[23,92,235],
[25,95,236],[27,93,232],[18,27,287],[20,25,281],[16,24,275],[21,22,278],[17,26,284],[19,23,290],[7,170,198],[6,170,19\
3],
[9,162,194],[4,167,197],[8,162,195],[5,167,196],[67,178,192],[69,180,192],[68,181,187],[72,182,189],[71,183,189],[70,\
179,187],
[129,246,316],[131,258,325],[133,261,313],[137,252,328],[127,249,319],[135,255,322],[80,271,310],[82,267,312],[86,269\
,310],[79,263,312],
[81,265,311],[84,273,311],[117,170,224],[115,167,218],[120,170,214],[119,162,220],[118,167,216],[116,162,222],[102,16\
3,243],[103,160,242],
[105,171,239],[104,158,240],[101,165,238],[100,168,241],[79,304,317],[81,307,326],[82,292,320],[84,298,323],[80,301,3\
29],[86,295,314],
[70,239,330],[72,243,324],[69,241,327],[71,240,318],[68,242,321],[67,238,315],[69,252,275],[67,255,278],[70,246,281],\
[72,249,287],
[71,258,290],[68,261,284],[124,270,283],[125,268,274],[123,266,280],[126,272,289],[121,264,277],[122,262,286],[242,27\
1,283],[243,263,286],
[240,273,289],[239,267,280],[238,265,277],[241,269,274],[191,211,275],[188,213,290],[191,212,287],[190,212,281],[188,\
211,284],[190,213,278],
[3,185,275],[2,184,290],[1,185,287],[1,186,281],[2,186,278],[3,184,284],[13,85,184],[10,87,184],[15,83,185],[14,83,18\
6],
[11,85,186],[12,87,185],[48,108,259],[51,107,244],[49,106,250],[50,108,256],[47,107,253],[46,106,247],[124,179,244],[\
123,181,259],
[121,180,250],[122,183,256],[126,182,247],[125,178,253],[15,16,96],[12,18,93],[14,21,94],[10,19,92],[13,17,91],[11,20\
,95],
[16,20,192],[17,21,187],[17,18,189],[18,21,192],[16,19,189],[19,20,187],[132,321,331],[130,315,333],[136,330,331],[13\
8,324,332],
[134,318,332],[128,327,333],[14,142,327],[15,141,315],[10,143,324],[13,139,330],[12,144,318],[11,140,321],[5,168,310]\
,[8,163,312],
[7,171,312],[4,165,311],[6,160,310],[9,158,311],[136,179,242],[128,180,238],[134,183,243],[132,181,239],[138,182,240]\
,[130,178,241],
[152,283,326],[154,274,320],[153,280,323],[151,289,314],[155,277,317],[156,286,329],[177,211,285],[173,213,279],[174,\
213,291],[172,212,288],
[176,212,282],[175,211,276],[72,191,293],[68,188,296],[67,190,299],[69,191,302],[71,188,308],[70,190,305],[43,134,312\
],[44,138,311],
[45,132,312],[40,130,310],[41,128,311],[42,136,310],[16,118,304],[20,120,307],[19,119,301],[17,117,298],[18,116,295],\
[21,115,292],
[37,78,144],[38,77,142],[36,75,140],[34,77,141],[39,75,139],[35,78,143],[63,91,111],[64,96,113],[62,94,112],[61,92,11\
4],
[66,95,109],[65,93,110],[14,77,190],[13,75,188],[15,77,191],[12,78,191],[10,78,188],[11,75,190],[119,206,249],[120,20\
9,261],
[116,205,258],[117,210,246],[118,208,255],[115,207,252],[153,241,270],[151,239,262],[154,240,264],[152,243,266],[156,\
238,272],[155,242,268],
[23,66,124],[22,63,123],[24,61,122],[25,64,121],[27,62,125],[26,65,126],[97,155,321],[99,156,315],[98,152,324],[98,15\
3,327],
[97,154,318],[99,151,330],[132,296,336],[138,293,334],[128,302,334],[134,308,336],[136,305,335],[130,299,335],[82,98,\
177],[86,97,173],
[79,99,174],[84,99,172],[80,98,176],[81,97,175],[16,66,243],[17,62,240],[19,64,242],[21,65,239],[18,63,241],[20,61,23\
8],
[137,218,297],[133,214,303],[131,222,300],[129,224,294],[127,220,306],[135,216,309],[141,316,330],[144,313,321],[139,\
315,322],[140,318,325],
[143,327,328],[142,319,324],[42,70,186],[43,71,184],[41,69,185],[40,67,186],[45,68,184],[44,72,185],[106,166,264],[10\
8,159,266],
[108,157,262],[107,164,268],[107,169,270],[106,161,272],[23,198,244],[22,193,259],[24,194,256],[27,197,253],[26,195,2\
47],[25,196,250],
[105,167,262],[104,170,264],[102,167,266],[101,170,272],[100,162,270],[103,162,268],[65,129,197],[64,133,194],[62,131\
,193],[61,135,198],
[63,137,195],[66,127,196],[98,252,271],[98,249,267],[97,261,269],[97,258,265],[99,255,273],[99,246,263],[132,169,227]\
,[138,157,229],
[128,164,230],[130,166,226],[136,159,228],[134,161,231],[54,251,318],[55,257,330],[56,260,324],[53,245,327],[52,254,3\
21],[57,248,315],
[250,289,306],[256,280,303],[259,286,300],[244,274,309],[247,277,297],[253,283,294],[114,150,248],[109,148,260],[111,\
145,245],[112,147,251],
[113,146,254],[110,149,257],[24,25,106],[23,24,108],[22,27,107],[26,27,106],[23,25,107],[22,26,108],[72,258,294],[71,\
249,309],
[70,261,306],[68,246,297],[69,255,303],[67,252,300],[70,114,139],[71,113,144],[69,109,142],[67,110,141],[72,111,143],\
[68,112,140],
[48,271,319],[51,267,328],[49,269,325],[46,263,322],[50,273,316],[47,265,313],[16,72,305],[18,69,296],[19,68,302],[17\
,71,299],
[20,67,308],[21,70,293],[29,297,330],[33,306,321],[28,303,315],[31,294,318],[32,300,327],[30,309,324],[153,224,232],[\
154,218,234],
[152,214,233],[156,220,236],[151,222,237],[155,216,235],[173,301,313],[175,298,325],[174,292,316],[172,307,322],[176,\
295,328],[177,304,319],
[90,128,222],[89,132,220],[90,130,214],[88,138,216],[88,134,224],[89,136,218],[42,229,301],[43,226,304],[41,227,307],\
[45,230,292],
[44,228,298],[40,231,295],[85,109,312],[83,113,310],[87,114,311],[83,112,311],[87,110,312],[85,111,310],[52,279,286],\
[54,276,280],
[56,277,285],[55,274,291],[57,283,288],[53,282,289],[42,57,86],[44,53,81],[45,54,79],[40,55,80],[41,56,84],[43,52,82]\
,
[123,157,168],[124,163,164],[126,166,171],[122,159,165],[125,158,169],[121,160,161],[63,94,113],[62,93,114],[66,92,11\
0],[64,95,111],
[61,96,112],[65,91,109],[39,196,209],[38,194,208],[36,195,210],[35,197,205],[34,193,207],[37,198,206],[194,206,307],[\
198,209,304],
[197,207,298],[196,208,301],[193,210,295],[195,205,292],[182,206,217],[179,210,219],[180,207,223],[183,205,225],[178,\
208,215],[181,209,221],
[167,292,304],[162,295,301],[170,298,307],[80,86,99],[81,84,98],[79,82,97],[282,328,330],[276,325,327],[279,313,315],\
[288,322,324],
[291,316,318],[285,319,321],[217,329,330],[223,320,321],[221,326,327],[219,323,324],[225,314,315],[215,317,318],[9,41\
,297],[8,45,303],
[7,43,300],[6,40,309],[5,42,294],[4,44,306],[128,250,290],[132,259,287],[130,253,284],[138,247,278],[134,256,281],[13\
6,244,275],
[2,3,108],[1,2,107],[1,3,106],[73,83,85],[76,83,87],[74,85,87],[150,210,214],[145,206,222],[147,209,224],[149,208,218\
],
[146,205,220],[148,207,216],[237,257,258],[235,254,255],[234,251,252],[232,245,246],[233,260,261],[236,248,249],[129,\
243,315],[133,241,318],
[127,239,327],[131,238,321],[137,242,324],[135,240,330],[217,239,276],[219,243,279],[223,242,288],[225,238,285],[215,\
240,282],[221,241,291],
[76,220,221],[74,222,223],[73,224,225],[76,218,219],[74,214,215],[73,216,217],[14,152,280],[13,156,289],[12,155,274],\
[10,153,283],
[15,151,286],[11,154,277],[180,247,328],[181,256,313],[183,259,325],[179,253,316],[178,244,322],[182,250,319],[16,145\
,198],[20,149,194],
[19,147,196],[21,150,195],[17,146,197],[18,148,193],[119,169,229],[118,157,226],[116,164,231],[120,166,227],[115,159,\
230],[117,161,228],
[81,185,204],[80,186,202],[79,184,199],[84,185,201],[86,186,203],[82,184,200],[110,203,217],[112,200,215],[113,199,22\
3],[114,202,225],
[111,201,221],[109,204,219],[30,144,242],[28,142,243],[29,140,240],[32,141,239],[33,139,238],[31,143,241],[44,85,248]\
,[42,87,245],
[40,87,254],[41,85,251],[43,83,257],[45,83,260],[102,114,155],[103,109,156],[101,113,152],[104,110,153],[105,111,154]\
,[100,112,151],
[74,144,258],[76,142,252],[74,140,261],[73,141,255],[73,139,246],[76,143,249],[11,115,222],[14,120,220],[12,118,214],\
[15,116,224],
[10,117,218],[13,119,216],[209,272,321],[208,266,315],[206,268,324],[210,264,330],[205,270,318],[207,262,327],[163,19\
4,336],[171,193,336],
[160,198,335],[168,197,335],[165,196,334],[158,195,334],[21,39,120],[20,34,115],[18,38,118],[17,37,119],[16,35,116],[\
19,36,117],
[189,264,279],[189,266,282],[187,262,288],[187,268,276],[192,270,285],[192,272,291],[31,57,178],[32,52,181],[29,56,18\
2],[30,55,179],
[28,54,183],[33,53,180],[57,169,199],[53,161,200],[54,159,203],[55,164,201],[56,166,202],[52,157,204],[39,43,309],[34\
,44,294],
[38,42,306],[35,45,297],[37,41,303],[36,40,300],[27,81,282],[26,79,276],[25,86,288],[23,82,279],[22,80,291],[24,84,28\
5],
[124,131,260],[126,133,257],[125,127,251],[122,137,248],[123,135,245],[121,129,254],[244,290,330],[247,284,324],[259,\
278,321],[250,281,327],
[256,275,318],[253,287,315],[36,148,191],[34,146,188],[35,150,190],[39,145,191],[38,147,188],[37,149,190],[8,119,184]\
,[6,120,186],
[9,116,185],[7,117,184],[5,115,186],[4,118,185],[81,197,320],[82,198,326],[80,193,323],[79,195,314],[84,194,329],[86,\
196,317],
[76,115,199],[74,120,201],[73,118,200],[74,116,202],[76,119,203],[73,117,204],[52,81,299],[54,86,302],[56,80,296],[55\
,84,308],
[57,79,293],[53,82,305],[22,244,290],[24,247,284],[23,259,278],[27,250,281],[25,253,287],[26,256,275],[27,81,299],[25\
,86,302],
[23,82,305],[22,80,296],[24,84,308],[26,79,293],[32,52,299],[28,54,302],[29,56,296],[30,55,308],[33,53,305],[31,57,29\
3],
[21,39,43],[16,35,45],[20,34,44],[18,38,42],[19,36,40],[17,37,41],[109,163,336],[114,165,334],[110,171,336],[113,160,\
335],
[112,158,334],[111,168,335],[189,264,330],[189,266,315],[187,268,324],[192,272,321],[187,262,327],[192,270,318],[115,\
199,222],[120,201,220],
[118,200,214],[116,202,224],[117,204,218],[119,203,216],[30,144,258],[29,140,261],[28,142,252],[32,141,255],[31,143,2\
49],[33,139,246],
[113,169,199],[111,164,201],[114,166,202],[109,157,204],[110,159,203],[112,161,200],[9,81,185],[8,82,184],[7,79,184],\
[6,86,186],
[4,84,185],[5,80,186],[79,199,314],[84,201,329],[81,204,320],[82,200,326],[86,203,317],[80,202,323],[76,115,159],[73,\
117,161],
[73,118,157],[74,120,166],[74,116,164],[76,119,169],[36,117,228],[34,115,230],[35,116,231],[39,120,227],[37,119,229],\
[38,118,226],
[17,81,197],[16,82,198],[19,86,196],[18,80,193],[21,79,195],[20,84,194],[76,199,220],[74,201,222],[73,200,224],[76,20\
3,218],
[73,204,216],[74,202,214],[135,245,330],[129,254,315],[133,257,318],[127,251,327],[131,260,321],[137,248,324],[36,148\
,207],[34,146,205],
[35,150,210],[39,145,206],[38,147,209],[37,149,208],[73,85,225],[74,87,223],[76,87,221],[74,85,215],[73,83,217],[76,8\
3,219],
[178,244,275],[180,247,278],[183,259,287],[182,250,290],[179,253,284],[181,256,281],[194,217,329],[197,223,320],[198,\
221,326],[193,219,323],
[196,215,317],[195,225,314],[81,282,328],[79,276,325],[86,288,322],[82,279,313],[84,285,319],[80,291,316],[110,217,33\
0],[112,215,318],
[113,223,321],[114,225,315],[109,219,324],[111,221,327],[93,232,245],[91,234,251],[94,237,257],[95,236,248],[96,233,2\
60],[92,235,254],
[182,217,239],[179,219,243],[181,221,241],[180,223,242],[178,215,240],[183,225,238],[163,194,206],[165,196,208],[171,\
193,210],[160,198,209],
[168,197,207],[158,195,205],[39,209,272],[37,206,268],[36,210,264],[38,208,266],[34,207,262],[35,205,270],[57,86,199]\
,[53,81,200],
[54,79,203],[55,80,201],[52,82,204],[56,84,202],[52,81,279],[54,86,276],[56,80,285],[55,84,291],[53,82,282],[57,79,28\
8],
[1,87,311],[1,85,310],[2,83,310],[2,87,312],[3,85,312],[3,83,311],[128,222,290],[132,220,287],[130,214,284],[138,216,\
278],
[136,218,275],[134,224,281],[256,301,313],[259,298,325],[253,292,316],[244,307,322],[250,304,319],[247,295,328],[31,4\
2,294],[32,43,300],
[29,41,297],[30,40,309],[33,44,306],[28,45,303],[102,114,139],[103,109,142],[101,113,144],[104,110,141],[105,111,143]\
,[100,112,140],
[69,73,255],[67,76,252],[68,73,246],[72,74,258],[71,76,249],[70,74,261],[114,150,214],[110,149,218],[111,145,222],[11\
2,147,224],
[109,148,216],[113,146,220],[12,244,274],[11,247,277],[14,256,280],[13,250,289],[10,253,283],[15,259,286],[44,57,248]\
,[41,54,251],
[43,55,257],[45,56,260],[42,53,245],[40,52,254],[84,98,271],[86,99,263],[80,99,273],[81,98,267],[79,97,269],[82,97,26\
5],
[64,133,241],[65,129,243],[63,137,242],[61,135,240],[66,127,239],[62,131,238],[167,262,292],[167,266,304],[170,264,29\
8],[170,272,307],
[162,268,301],[162,270,295],[166,264,279],[159,266,282],[157,262,288],[164,268,276],[161,272,291],[169,270,285],[9,13\
7,297],[8,133,303],
[4,127,306],[7,131,300],[6,135,309],[5,129,294],[16,64,66],[17,62,63],[19,61,64],[21,62,65],[20,61,66],[18,63,65],
[7,117,210],[8,119,206],[6,120,209],[9,116,205],[4,118,208],[5,115,207],[15,77,151],[14,77,152],[13,75,156],[12,78,15\
5],
[11,75,154],[10,78,153],[41,128,303],[40,130,300],[43,134,309],[44,138,294],[42,136,306],[45,132,297],[36,191,293],[3\
4,188,296],
[35,190,299],[39,191,302],[37,190,305],[38,188,308],[180,238,285],[183,243,279],[179,242,288],[181,239,276],[178,241,\
291],[182,240,282],
[14,276,327],[15,279,315],[13,282,330],[12,291,318],[11,285,321],[10,288,324],[123,181,245],[125,178,251],[122,183,24\
8],[126,182,257],
[121,180,254],[124,179,260],[20,149,192],[16,145,189],[19,147,187],[21,150,187],[18,148,192],[17,146,189],[116,185,28\
7],[119,184,290],
[117,184,284],[120,186,281],[118,185,275],[115,186,278],[13,85,248],[10,87,245],[12,87,254],[11,85,251],[15,83,257],[\
14,83,260],
[3,108,256],[2,108,259],[1,107,253],[1,106,250],[3,106,247],[2,107,244],[148,191,275],[146,188,290],[145,191,287],[15\
0,190,281],
[149,190,278],[147,188,284],[30,242,283],[28,243,286],[29,240,289],[33,238,277],[31,241,274],[32,239,280],[70,244,330\
],[72,247,324],
[69,250,327],[71,256,318],[67,253,315],[68,259,321],[102,155,163],[101,152,165],[105,154,171],[103,156,160],[100,151,\
168],[104,153,158],
[15,117,224],[10,115,218],[12,120,214],[14,119,220],[11,116,222],[13,118,216],[137,234,252],[133,233,261],[135,235,25\
5],[127,236,249],
[129,232,246],[131,237,258],[31,178,192],[28,183,189],[33,180,192],[32,181,187],[30,179,187],[29,182,189],[42,186,301\
],[43,184,304],
[40,186,295],[41,185,307],[44,185,298],[45,184,292],[134,231,308],[132,227,296],[138,229,293],[128,230,302],[130,226,\
299],[136,228,305],
[23,24,66],[22,27,63],[22,26,65],[26,27,62],[24,25,61],[23,25,64],[153,224,270],[154,218,264],[152,214,266],[156,220,\
272],
[155,216,268],[151,222,262],[61,92,96],[63,91,94],[62,93,94],[66,92,95],[65,91,93],[64,95,96],[38,142,319],[35,143,32\
8],
[36,140,325],[39,139,322],[34,141,316],[37,144,313],[98,177,285],[97,173,279],[99,174,291],[99,172,288],[97,175,276],\
[98,176,282],
[123,168,310],[124,163,312],[126,171,312],[122,165,311],[125,158,311],[121,160,310],[154,318,332],[155,321,331],[153,\
327,333],[156,315,333],
[151,330,331],[152,324,332],[15,16,72],[13,17,71],[14,21,70],[12,18,69],[11,20,67],[10,19,68],[21,67,278],[16,69,275]\
,
[20,70,281],[17,68,284],[19,71,290],[18,72,287],[121,155,277],[124,152,283],[125,154,274],[122,156,286],[126,151,289]\
,[123,153,280],
[118,304,317],[116,295,314],[120,307,326],[115,292,320],[119,301,329],[117,298,323],[80,271,319],[82,267,328],[86,269\
,325],[79,263,322],
[84,273,316],[81,265,313],[6,22,193],[7,23,198],[9,24,194],[4,27,197],[5,25,196],[8,26,195],[4,9,85],[5,6,87],
[7,8,83],[46,206,323],[50,205,317],[47,208,314],[49,207,326],[48,209,320],[51,210,329],[3,40,42],[2,41,44],[1,43,45],
[85,298,307],[83,292,304],[87,295,301],[3,80,86],[1,79,82],[2,81,84],[139,307,309],[144,301,303],[141,292,294],[143,2\
95,297],
[142,304,306],[140,298,300],[171,277,279],[160,289,291],[168,286,288],[158,283,285],[163,274,276],[165,280,282],[72,2\
22,234],[71,220,233],
[70,214,235],[69,216,236],[67,218,232],[68,224,237],[78,197,198],[77,193,194],[75,195,196],[57,151,172],[55,156,174],\
[56,153,177],
[53,152,176],[52,154,173],[54,155,175],[212,296,308],[213,293,302],[211,299,305],[9,64,308],[8,63,293],[4,65,299],[7,\
61,305],
[6,62,296],[5,66,302],[48,132,148],[47,130,146],[51,136,145],[46,138,150],[50,134,149],[49,128,147],[150,166,235],[14\
9,159,232],
[148,157,236],[147,161,237],[145,164,234],[146,169,233],[169,171,287],[164,165,290],[166,168,284],[161,163,281],[157,\
158,278],[159,160,275],
[88,170,283],[90,162,286],[88,167,274],[89,162,289],[89,167,277],[90,170,280],[76,96,152],[73,95,156],[73,94,151],[76\
,93,153],
[74,92,155],[74,91,154],[245,293,306],[251,296,303],[257,299,309],[248,294,305],[254,300,308],[260,297,302],[47,99,30\
3],[49,98,300],
[50,97,294],[46,98,309],[48,97,306],[51,99,297],[102,203,268],[105,204,264],[101,200,266],[104,202,270],[100,199,262]\
,[103,201,272],
[22,31,237],[26,32,234],[23,28,235],[27,29,232],[25,30,236],[24,33,233],[26,272,284],[27,268,287],[25,264,281],[22,26\
6,278],
[23,270,290],[24,262,275],[27,30,107],[25,29,106],[26,33,106],[23,31,107],[22,28,108],[24,32,108],[150,182,248],[145,\
179,245],
[146,178,254],[147,180,251],[149,183,257],[148,181,260],[64,113,271],[63,111,269],[61,114,265],[66,109,263],[65,110,2\
67],[62,112,273],
[3,32,275],[2,28,278],[1,30,287],[3,33,284],[2,31,290],[1,29,281],[13,146,184],[10,147,184],[15,145,185],[14,150,186]\
,
[12,148,185],[11,149,186],[31,46,247],[32,47,253],[28,49,250],[29,48,259],[30,50,256],[33,51,244],[69,147,252],[67,14\
6,255],
[70,145,246],[72,150,249],[68,148,261],[71,149,258],[24,126,272],[27,121,264],[22,124,270],[25,125,268],[26,122,262],\
[23,123,266],
[219,283,332],[225,286,333],[217,289,331],[223,277,331],[215,274,332],[221,280,333],[11,47,201],[12,49,202],[15,46,20\
0],[13,50,204],
[10,48,203],[14,51,199],[10,147,252],[13,146,255],[15,145,246],[14,150,249],[11,149,258],[12,148,261],[31,46,237],[30\
,50,236],
[32,47,234],[28,49,235],[33,51,233],[29,48,232],[13,204,264],[10,203,268],[14,199,262],[12,202,270],[11,201,272],[15,\
200,266],
[102,268,287],[105,264,281],[101,266,278],[104,270,290],[100,262,275],[103,272,284],[47,99,201],[49,98,202],[51,99,19\
9],[50,97,204],
[48,97,203],[46,98,200],[162,225,286],[162,217,289],[170,221,280],[170,219,283],[167,223,277],[167,215,274],[128,147,\
237],[130,146,233],
[136,145,234],[138,150,235],[132,148,236],[134,149,232],[158,283,332],[163,274,332],[160,289,331],[168,286,333],[165,\
280,333],[171,277,331],
[171,279,287],[158,278,285],[160,275,291],[168,284,288],[165,282,290],[163,276,281],[87,143,295],[85,139,307],[85,140\
,298],[87,144,301],
[83,141,292],[83,142,304],[3,32,40],[3,33,42],[1,30,43],[2,28,41],[1,29,45],[2,31,44],[96,260,302],[93,245,293],
[91,251,296],[94,257,299],[92,254,308],[95,248,305],[46,117,323],[50,118,317],[47,116,314],[49,120,326],[51,119,329],\
[48,115,320],
[15,46,72],[13,50,71],[14,51,70],[12,49,69],[10,48,68],[11,47,67],[152,215,332],[156,221,333],[154,219,332],[151,223,\
331],
[155,217,331],[153,225,333],[73,95,96],[76,92,96],[73,91,94],[76,93,94],[74,91,93],[74,92,95],[218,232,264],[216,236,\
268],
[214,235,266],[222,234,262],[220,233,272],[224,237,270],[23,64,123],[24,66,126],[27,63,121],[22,65,124],[26,62,122],[\
25,61,125],
[9,231,308],[5,230,302],[4,226,299],[7,228,305],[6,227,296],[8,229,293],[146,184,292],[148,185,298],[149,186,301],[14\
7,184,304],
[145,185,307],[150,186,295],[29,189,259],[31,192,247],[28,189,250],[33,192,244],[32,187,253],[30,187,256],[72,137,234\
],[71,133,233],
[70,135,235],[69,127,236],[68,131,237],[67,129,232],[30,88,283],[28,90,286],[29,89,289],[33,89,277],[32,90,280],[31,8\
8,274],
[48,148,275],[47,146,290],[50,149,278],[51,145,287],[46,150,281],[49,147,284],[13,182,248],[10,179,245],[12,178,254],\
[11,180,251],
[14,181,260],[15,183,257],[116,169,287],[119,164,290],[117,166,284],[120,161,281],[115,157,278],[118,159,275],[181,24\
5,306],[178,251,303],
[183,248,294],[182,257,309],[179,260,297],[180,254,300],[47,128,303],[49,130,300],[46,134,309],[50,138,294],[51,132,2\
97],[48,136,306],
[78,153,177],[77,151,172],[77,152,176],[75,156,174],[78,155,175],[75,154,173],[9,64,137],[8,63,133],[4,65,127],[7,61,\
131],
[5,66,129],[6,62,135],[166,235,279],[159,232,282],[157,236,288],[164,234,276],[169,233,285],[161,237,291],[26,262,292\
],[27,264,298],
[25,268,301],[22,270,295],[23,266,304],[24,272,307],[62,80,273],[61,82,265],[66,86,263],[64,84,271],[65,81,267],[63,7\
9,269],
[44,57,172],[42,53,176],[43,55,174],[41,54,175],[45,56,177],[40,52,173],[71,76,149],[70,74,145],[69,73,147],[67,76,14\
6],
[72,74,150],[68,73,148],[102,139,309],[101,144,303],[104,141,294],[105,143,297],[100,140,300],[103,142,306],[24,33,44\
],[22,31,42],
[26,32,43],[27,29,41],[23,28,45],[25,30,40],[2,81,279],[2,84,291],[3,80,285],[3,86,276],[1,82,282],[1,79,288],
[26,39,272],[27,37,268],[25,36,264],[22,38,266],[23,35,270],[24,34,262],[46,163,206],[47,165,208],[51,171,210],[48,16\
0,209],
[50,158,205],[49,168,207],[150,182,239],[145,179,243],[148,181,241],[149,183,238],[147,180,242],[146,178,240],[77,194\
,217],[78,197,223],
[78,198,221],[77,193,219],[75,195,225],[75,196,215],[33,179,284],[32,178,275],[31,182,290],[28,180,278],[29,181,281],\
[30,183,287],
[9,85,225],[5,87,223],[7,83,219],[8,83,217],[6,87,221],[4,85,215],[76,152,159],[73,156,161],[74,154,166],[73,151,157]\
,
[74,155,164],[76,153,169],[113,169,271],[111,164,269],[114,166,265],[109,157,263],[112,161,273],[110,159,267],[32,108\
,255],[31,107,249],
[33,106,246],[28,108,252],[30,107,258],[29,106,261],[30,212,308],[32,211,299],[29,212,296],[33,211,305],[31,213,293],\
[28,213,302],
[26,33,293],[22,28,296],[27,30,299],[25,29,302],[24,32,308],[23,31,305],[38,80,319],[35,82,328],[36,86,325],[34,84,31\
6],
[37,81,313],[39,79,322],[121,155,163],[124,152,165],[125,154,171],[122,156,160],[123,153,158],[126,151,168],[14,119,2\
76],[11,116,285],
[13,118,282],[15,117,279],[10,115,288],[12,120,291],[99,178,291],[97,181,276],[98,180,285],[98,182,282],[99,179,288],\
[97,183,279],
[20,66,239],[18,65,243],[16,64,241],[17,63,242],[21,62,238],[19,61,240],[14,71,256],[15,68,259],[13,69,250],[12,70,24\
4],
[10,67,253],[11,72,247],[3,256,301],[2,259,298],[1,253,292],[2,244,307],[3,247,295],[1,250,304],[2,123,310],[2,124,31\
2],
[3,126,312],[3,122,311],[1,121,310],[1,125,311],[7,35,210],[8,39,206],[6,38,209],[9,34,205],[5,36,207],[4,37,208],
[110,245,330],[109,248,324],[112,257,318],[111,251,327],[114,254,315],[113,260,321],[20,84,202],[18,80,201],[21,79,20\
3],[17,81,200],
[16,82,204],[19,86,199],[36,228,293],[34,230,296],[35,231,299],[39,227,302],[38,226,308],[37,229,305],[9,81,328],[7,7\
9,325],
[4,84,319],[6,86,322],[5,80,316],[8,82,313],[203,218,317],[199,220,314],[201,222,329],[200,224,326],[202,214,323],[20\
4,216,320],
[199,222,290],[201,220,287],[203,216,278],[200,214,284],[202,224,281],[204,218,275],[149,192,318],[146,189,315],[148,\
192,321],[145,189,330],
[150,187,324],[147,187,327],[109,163,216],[114,165,214],[110,171,218],[113,160,220],[111,168,222],[112,158,224],[21,4\
3,67],[16,45,69],
[20,44,70],[17,41,68],[18,42,72],[19,40,71],[6,22,244],[9,24,247],[7,23,259],[4,27,250],[8,26,256],[5,25,253],
[227,294,317],[231,306,320],[228,303,314],[230,309,323],[226,297,329],[229,300,326],[7,8,58],[4,9,59],[5,6,60],[40,42\
,88],
[43,45,90],[41,44,89],[35,37,162],[36,39,170],[34,38,167],[99,175,177],[98,173,174],[97,172,176],[7,95,140],[8,93,144\
],
[6,91,139],[4,94,142],[9,92,143],[5,96,141],[102,119,189],[101,118,192],[104,116,189],[100,115,192],[103,120,187],[10\
5,117,187],
[108,158,271],[107,165,267],[107,171,265],[106,163,269],[108,160,273],[106,168,263],[77,213,237],[78,213,235],[77,211\
,233],[78,212,232],
[75,212,236],[75,211,234],[22,93,235],[24,95,234],[23,96,237],[26,94,233],[27,91,236],[25,92,232],[30,125,318],[32,12\
2,315],
[29,121,321],[33,126,330],[31,124,324],[28,123,327],[61,177,273],[64,172,269],[65,175,263],[66,173,267],[63,174,271],\
[62,176,265],
[59,99,313],[58,99,328],[58,98,322],[59,97,316],[60,98,325],[60,97,319],[14,169,202],[15,161,201],[13,157,199],[11,16\
4,203],
[10,159,200],[12,166,204],[56,60,317],[53,58,314],[57,58,326],[54,60,323],[52,59,329],[55,59,320],[40,96,257],[44,92,\
245],
[43,93,254],[42,91,248],[41,94,260],[45,95,251],[55,177,299],[54,172,296],[57,175,305],[56,174,302],[52,176,308],[53,\
173,293],
[6,206,301],[9,210,298],[8,208,304],[7,207,292],[5,205,295],[4,209,307],[31,137,275],[29,131,290],[33,135,278],[32,12\
9,281],
[28,127,287],[30,133,284],[64,66,331],[62,63,333],[61,64,333],[62,65,332],[63,65,331],[61,66,332],[1,87,232],[1,85,23\
6],
[2,87,235],[3,85,234],[3,83,233],[2,83,237],[78,110,336],[75,109,336],[77,113,335],[75,111,335],[78,114,334],[77,112,\
334],
[17,22,290],[19,24,284],[20,23,278],[21,27,281],[18,26,275],[16,25,287],[48,149,313],[49,150,328],[47,145,322],[51,14\
6,316],
[46,147,319],[50,148,325],[60,145,258],[60,146,249],[58,148,255],[58,149,252],[59,147,246],[59,150,261],[60,258,317],\
[58,255,314],
[60,249,323],[59,246,329],[59,261,320],[58,252,326],[48,59,313],[49,58,328],[47,58,322],[51,59,316],[50,60,325],[46,6\
0,319],
[55,177,273],[54,172,269],[56,174,271],[53,173,267],[52,176,265],[57,175,263],[20,23,96],[18,26,94],[21,27,91],[16,25\
,92],
[19,24,95],[17,22,93],[78,212,334],[77,211,334],[75,212,335],[75,211,336],[77,213,335],[78,213,336],[7,58,140],[9,59,\
143],
[8,58,144],[5,60,141],[6,60,139],[4,59,142],[40,96,302],[43,93,293],[42,91,296],[41,94,299],[45,95,305],[44,92,308],
[7,207,259],[6,206,244],[9,210,247],[8,208,256],[4,209,250],[5,205,253],[40,71,88],[41,68,89],[42,72,88],[43,67,90],
[44,70,89],[45,69,90],[163,216,269],[158,224,271],[165,214,267],[171,218,265],[168,222,263],[160,220,273],[30,149,318\
],[32,146,315],
[29,148,321],[33,145,330],[28,147,327],[31,150,324],[16,201,287],[21,202,281],[17,199,290],[18,204,275],[19,200,284],\
[20,203,278],
[55,216,320],[54,214,323],[56,218,317],[53,220,314],[52,222,329],[57,224,326],[8,149,313],[6,145,322],[9,150,328],[5,\
146,316],
[7,148,325],[4,147,319],[14,20,202],[15,18,201],[13,19,199],[11,21,203],[12,16,204],[10,17,200],[78,110,245],[78,114,\
254],
[75,109,248],[77,113,260],[77,112,257],[75,111,251],[7,35,95],[4,37,94],[8,39,93],[6,38,91],[5,36,96],[9,34,92],
[1,7,292],[1,8,304],[2,4,307],[3,5,295],[2,9,298],[3,6,301],[14,71,169],[15,68,161],[13,69,157],[11,72,164],
[12,70,166],[10,67,159],[58,99,178],[59,97,181],[58,98,180],[60,98,182],[60,97,183],[59,99,179],[102,119,276],[105,11\
7,279],
[103,120,291],[104,116,285],[100,115,288],[101,118,282],[30,125,212],[32,122,211],[29,121,212],[33,126,211],[28,123,2\
13],[31,124,213],
[107,165,258],[108,158,255],[107,171,249],[106,163,246],[106,168,261],[108,160,252],[33,135,179],[32,129,178],[31,137\
,182],[28,127,180],
[30,133,183],[29,131,181],[75,215,234],[78,221,232],[77,219,233],[78,223,235],[75,225,236],[77,217,237],[101,228,303]\
,[102,230,309],
[103,231,306],[104,227,294],[100,229,300],[105,226,297],[48,76,149],[47,74,145],[50,73,148],[49,74,150],[46,73,147],[\
51,76,146],
[24,234,276],[22,235,279],[26,233,285],[27,236,288],[25,232,282],[23,237,291],[62,135,332],[64,137,331],[63,133,333],\
[61,131,333],
[66,129,332],[65,127,331],[78,175,305],[78,177,299],[75,173,293],[77,172,296],[75,174,302],[77,176,308],[181,306,320]\
,[178,303,314],
[183,294,317],[182,309,323],[180,300,326],[179,297,329],[48,137,275],[49,133,284],[47,131,290],[50,135,278],[51,127,2\
87],[46,129,281],
[102,189,259],[101,192,247],[104,189,250],[100,192,244],[105,187,256],[103,187,253],[60,146,292],[58,148,298],[58,149\
,301],[59,147,304],
[59,150,295],[60,145,307],[64,123,269],[66,126,267],[63,121,271],[65,124,263],[61,125,273],[62,122,265],[1,232,264],[\
1,236,268],
[2,235,266],[3,234,262],[2,237,270],[3,233,272],[76,94,260],[74,93,254],[73,96,257],[76,92,245],[74,95,251],[73,91,24\
8],
[83,141,237],[87,143,232],[83,142,233],[85,139,236],[87,144,235],[85,140,234],[62,165,333],[61,158,332],[66,171,331],\
[63,160,331],
[64,168,333],[65,163,332],[35,162,225],[37,162,217],[39,170,221],[38,167,215],[34,167,223],[36,170,219],[99,177,201],\
[98,174,202],
[99,175,199],[97,176,204],[98,173,200],[97,172,203],[10,149,252],[14,146,249],[13,148,255],[11,145,258],[15,147,246],\
[12,150,261],
[33,228,293],[28,230,296],[30,231,299],[29,227,302],[31,229,305],[32,226,308],[20,150,239],[18,145,243],[19,146,240],\
[16,148,241],
[17,147,242],[21,149,238],[46,121,163],[47,124,165],[51,125,171],[48,122,160],[49,126,168],[50,123,158],[3,122,276],[\
2,123,279],
[2,124,291],[3,126,285],[1,125,288],[1,121,282],[24,44,172],[22,42,176],[26,43,174],[27,41,175],[25,40,173],[23,45,17\
7],
[38,62,80],[35,61,82],[36,66,86],[34,64,84],[39,63,79],[37,65,81],[26,39,292],[27,37,298],[25,36,301],[22,38,295],
[24,34,307],[23,35,304],[118,159,267],[116,169,271],[119,164,269],[117,166,265],[120,161,273],[115,157,263],[6,221,22\
7],[9,225,231],
[5,223,230],[4,215,226],[8,217,229],[7,219,228],[152,159,215],[156,161,221],[154,166,219],[151,157,223],[153,169,225]\
,[155,164,217],
[46,72,137],[50,71,133],[51,70,135],[49,69,127],[47,67,129],[48,68,131],[32,40,90],[30,43,88],[28,41,90],[29,45,89],
[31,44,88],[33,42,89],[47,128,237],[46,134,232],[49,130,233],[50,138,235],[48,136,234],[51,132,236],[105,276,281],[10\
2,279,287],
[101,278,285],[103,284,288],[104,282,290],[100,275,291],[13,182,264],[10,179,268],[12,178,270],[11,180,272],[15,183,2\
66],[14,181,262],
[46,117,237],[50,118,236],[47,116,234],[49,120,235],[48,115,232],[51,119,233],[105,227,317],[102,231,320],[101,230,32\
3],[103,228,314],
[104,229,326],[100,226,329],[105,276,317],[102,279,320],[101,285,323],[103,288,314],[100,291,329],[104,282,326],[102,\
225,231],[105,221,227],
[103,219,228],[101,223,230],[100,215,226],[104,217,229],[45,89,305],[41,90,299],[40,90,302],[43,88,293],[44,88,308],[\
42,89,296],
[116,234,271],[115,232,263],[119,233,269],[120,235,273],[117,237,265],[118,236,267],[51,125,135],[48,122,131],[46,121\
,137],[49,126,127],
[47,124,129],[50,123,133],[38,62,165],[35,61,158],[36,66,171],[37,65,163],[34,64,168],[39,63,160],[48,140,234],[47,14\
1,237],
[46,143,232],[50,144,235],[51,139,236],[49,142,233],[34,60,307],[39,60,292],[37,58,298],[36,58,301],[35,59,304],[38,5\
9,295],
[182,264,323],[179,268,329],[183,266,317],[181,262,320],[180,272,326],[178,270,314],[24,172,276],[22,176,279],[26,174\
,285],[27,175,288],
[23,177,291],[25,173,282],[48,76,260],[47,74,254],[46,73,248],[50,73,257],[51,76,245],[49,74,251],[30,103,231],[32,10\
5,226],
[29,104,227],[33,101,228],[31,100,229],[28,102,230],[159,215,234],[161,221,232],[166,219,233],[157,223,235],[164,217,\
237],[169,225,236],
[129,178,332],[131,181,333],[135,179,332],[137,182,331],[133,183,333],[127,180,331],[102,122,276],[105,123,279],[103,\
124,291],[104,126,285],
[101,121,282],[100,125,288],[1,7,264],[1,8,268],[2,4,266],[3,5,262],[3,6,272],[2,9,270],[36,96,219],[35,95,225],
[37,94,217],[39,93,221],[34,92,223],[38,91,215],[78,245,305],[78,254,299],[75,251,302],[75,248,293],[77,257,308],[77,\
260,296],
[7,16,148],[8,21,149],[4,17,147],[9,20,150],[6,18,145],[5,19,146],[16,177,201],[21,174,202],[17,175,199],[18,176,204]\
,
[20,172,203],[19,173,200],[10,30,149],[14,32,146],[13,29,148],[11,33,145],[12,31,150],[15,28,147],[123,216,269],[126,\
214,267],
[122,218,265],[125,220,273],[121,224,271],[124,222,263],[71,88,169],[67,90,159],[68,89,161],[70,89,166],[69,90,157],[\
72,88,164],
[100,206,244],[102,207,259],[104,209,250],[101,210,247],[103,205,253],[105,208,256],[58,140,178],[59,143,181],[59,142\
,179],[58,144,180],
[60,139,183],[60,141,182],[125,212,334],[122,211,334],[121,212,335],[126,211,336],[124,213,336],[123,213,335],[14,20,\
96],[15,18,94],
[11,21,91],[12,16,92],[10,17,93],[13,19,95],[55,216,273],[54,214,269],[56,218,271],[53,220,267],[57,224,263],[52,222,\
265],
[48,59,137],[49,58,133],[46,60,129],[47,58,131],[51,59,127],[50,60,135],[165,258,317],[158,255,314],[171,249,323],[16\
3,246,329],
[160,252,326],[168,261,320],[88,207,326],[90,206,323],[89,208,314],[89,205,317],[88,209,320],[90,210,329],[89,105,208\
],[90,101,210],
[90,100,206],[88,102,207],[89,103,205],[88,104,209],[88,169,326],[90,159,323],[89,161,314],[89,166,317],[88,164,320],\
[90,157,329],
[123,216,273],[126,214,269],[122,218,271],[125,220,267],[124,222,265],[121,224,263],[7,16,177],[8,21,174],[4,17,175],\
[9,20,172],
[5,19,173],[6,18,176],[89,245,305],[90,254,299],[90,251,302],[88,248,293],[89,260,296],[88,257,308],[10,93,221],[14,9\
6,219],
[13,95,225],[15,94,217],[11,91,215],[12,92,223],[140,178,332],[143,181,333],[142,179,332],[144,180,331],[141,182,331]\
,[139,183,333],
[10,30,103],[14,32,105],[13,29,104],[11,33,101],[15,28,102],[12,31,100],[7,264,323],[8,268,329],[4,266,317],[5,262,32\
0],
[9,270,314],[6,272,326],[39,60,135],[36,58,131],[35,59,137],[38,59,127],[37,58,133],[34,60,129],[48,140,260],[47,141,\
254],
[46,143,248],[50,144,257],[49,142,251],[51,139,245],[38,165,317],[35,158,314],[36,171,323],[37,163,329],[34,168,320],\
[39,160,326],
[125,135,334],[122,131,334],[121,137,335],[126,127,336],[123,133,335],[124,129,336],[169,236,267],[159,234,271],[161,\
232,263],[166,233,269],
[164,237,265],[157,235,273],[104,126,217],[102,122,225],[105,123,221],[103,124,219],[100,125,215],[101,121,223],[172,\
276,317],[176,279,320],
[174,285,323],[175,288,314],[173,282,326],[177,291,329],[123,221,273],[126,217,269],[121,223,263],[122,225,271],[125,\
215,267],[124,219,265],
[39,173,326],[36,174,323],[35,175,314],[38,172,317],[37,177,329],[34,176,320],[39,135,334],[36,131,334],[35,137,335],\
[38,127,336],
[34,129,336],[37,133,335],[139,245,333],[141,254,331],[140,260,332],[143,248,333],[142,251,332],[144,257,331],[10,103\
,221],[14,105,219],
[15,102,217],[13,104,225],[12,100,223],[11,101,215],[6,176,326],[7,177,323],[8,174,329],[4,175,317],[5,173,320],[9,17\
2,314],
[169,267,326],[159,271,323],[161,263,314],[166,269,317],[157,273,329],[164,265,320],[89,105,245],[90,101,254],[90,100\
,251],[88,102,248],
[88,104,257],[89,103,260],[173,265,320],[174,273,329],[176,267,326],[175,269,317],[177,271,323],[172,263,314],[105,21\
9,265],[103,221,273],
[101,215,267],[102,217,269],[104,225,271],[100,223,263],[105,245,333],[103,260,332],[101,254,331],[102,248,333],[104,\
257,331],[100,251,332],
[39,173,334],[36,174,334],[34,176,336],[35,175,335],[37,177,335],[38,172,336],[173,265,334],[174,273,334],[176,267,33\
6],[175,269,335],
[172,263,336],[177,271,335],[105,265,333],[103,273,332],[101,267,331],[102,269,333],[100,263,332],[104,271,331],[265,\
333,334],[273,332,334],
[267,331,336],[269,333,335],[271,331,335],[263,332,336]];
 #---------------------------------------------------

