#SurfaceInfo: 300 Vertices, 4500 Edges, 3000 Faces, IsOrientable=true
 #Vertices of faces:
vof1:=[[298,299,300],[297,298,299],[296,298,300],[295,299,300],[292,293,294],[289,290,291],[286,287,288],[283,284,285],[280,281,282],[277,278,279],
[274,275,276],[271,272,273],[268,269,270],[265,266,267],[262,263,264],[259,260,261],[256,257,258],[253,254,255],[250,251,252],[247,248,249],
[244,245,246],[241,242,243],[239,240,297],[237,238,296],[235,236,295],[234,239,297],[233,240,297],[232,237,296],[231,238,296],[230,235,295],
[229,236,295],[231,253,254],[232,250,251],[229,247,248],[230,244,245],[234,241,242],[233,256,257],[226,227,228],[223,224,225],[220,221,222],
[217,218,219],[214,215,216],[211,212,213],[229,247,295],[231,253,296],[232,250,296],[230,244,295],[234,241,297],[233,256,297],[208,209,210],
[205,206,207],[202,203,204],[200,201,219],[198,199,225],[196,197,228],[194,195,216],[192,193,222],[190,191,213],[189,226,227],[188,223,224],
[187,220,221],[186,217,218],[185,211,212],[184,214,215],[183,244,295],[182,247,295],[181,250,296],[180,253,296],[179,256,297],[178,241,297],
[176,177,229],[174,175,231],[172,173,234],[170,171,230],[168,169,233],[166,167,232],[165,278,284],[164,281,290],[163,287,293],[160,161,162],
[157,158,159],[154,155,156],[153,172,234],[152,176,229],[151,170,230],[150,166,232],[149,168,233],[148,174,231],[169,171,175],[167,173,177],
[147,159,292],[146,156,286],[145,159,289],[144,156,277],[143,162,283],[142,162,280],[140,141,242],[138,139,245],[136,137,251],[134,135,248],
[132,133,254],[130,131,257],[145,147,159],[142,143,162],[144,146,156],[129,171,175],[128,173,177],[127,169,171],[126,167,177],[125,167,173],
[124,169,175],[122,123,263],[120,121,260],[118,119,261],[116,117,264],[114,115,262],[112,113,259],[110,111,117],[108,109,123],[106,107,115],
[105,106,121],[104,108,119],[103,110,113],[108,123,277],[110,113,289],[106,115,280],[108,119,286],[110,117,292],[106,121,283],[105,120,121],
[104,118,119],[111,116,117],[107,114,115],[103,112,113],[109,122,123],[101,102,108],[100,101,110],[100,102,106],[98,99,186],[96,97,188],
[94,95,187],[92,93,185],[90,91,184],[88,89,189],[87,118,275],[86,122,272],[85,116,271],[84,120,276],[83,114,273],[82,112,274],
[81,132,171],[80,136,173],[79,140,177],[78,130,175],[77,138,169],[76,134,167],[101,108,277],[101,110,289],[100,106,283],[102,106,280],
[102,108,286],[100,110,292],[107,114,141],[109,122,135],[105,120,131],[111,116,137],[103,112,133],[104,118,139],[75,173,204],[74,171,210],
[73,167,207],[72,175,207],[71,169,204],[70,177,210],[68,69,300],[66,67,298],[64,65,299],[63,104,254],[63,109,242],[62,107,251],
[61,103,257],[62,105,245],[61,111,248],[60,73,207],[59,72,207],[58,71,204],[57,74,210],[56,70,210],[55,75,204],[68,215,300],
[66,224,298],[67,212,298],[69,227,300],[64,218,299],[65,221,299],[79,94,187],[78,92,185],[80,96,188],[81,90,184],[77,98,186],
[76,88,189],[85,116,147],[84,120,143],[87,118,146],[82,112,145],[86,122,144],[83,114,142],[74,132,171],[75,136,173],[71,138,169],
[70,140,177],[73,134,167],[72,130,175],[54,109,135],[53,107,141],[52,111,137],[51,104,139],[50,103,133],[49,105,131],[101,269,289],
[101,266,277],[100,270,283],[102,267,280],[100,265,292],[102,268,286],[47,48,210],[45,46,207],[43,44,204],[42,71,104],[41,72,105],
[40,73,109],[39,70,107],[38,74,103],[37,75,111],[45,129,184],[48,127,186],[43,124,185],[47,126,189],[44,128,187],[46,125,188],
[127,145,169],[124,146,175],[129,143,171],[126,142,167],[125,144,173],[128,147,177],[104,129,175],[107,125,167],[105,127,171],[103,124,169],
[111,126,177],[109,128,173],[129,140,242],[128,132,254],[127,136,251],[125,138,245],[124,134,248],[126,130,257],[36,145,147],[35,144,146],
[34,142,143],[171,199,210],[167,201,207],[173,195,204],[177,191,210],[169,197,204],[175,193,207],[54,80,136],[49,81,132],[51,78,130],
[52,79,140],[50,77,138],[53,76,134],[33,41,69],[32,39,68],[31,40,67],[30,37,64],[29,38,65],[28,42,66],[27,54,136],
[26,49,132],[25,51,130],[24,52,140],[23,53,134],[22,50,138],[47,199,210],[43,195,204],[48,191,210],[45,201,207],[46,193,207],
[44,197,204],[22,36,145],[25,35,146],[26,34,143],[24,36,147],[23,34,142],[27,35,144],[21,107,125],[20,111,126],[19,104,129],
[18,109,128],[17,103,124],[16,105,127],[143,171,199],[142,167,201],[144,173,195],[147,177,191],[146,175,193],[145,169,197],[127,186,251],
[124,185,248],[129,184,242],[128,187,254],[126,189,257],[125,188,245],[48,127,145],[43,124,146],[45,129,143],[44,128,147],[47,126,142],
[46,125,144],[116,147,194],[112,145,198],[118,146,196],[120,143,192],[114,142,190],[122,144,200],[54,80,188],[49,81,184],[51,78,185],
[52,79,187],[53,76,189],[50,77,186],[64,266,277],[66,269,289],[68,265,292],[69,268,286],[65,270,283],[67,267,280],[40,54,109],
[39,53,107],[41,49,105],[37,52,111],[42,51,104],[38,50,103],[75,127,136],[70,129,140],[74,128,132],[71,125,138],[72,126,130],
[73,124,134],[60,73,109],[56,70,107],[55,75,111],[58,71,104],[59,72,105],[57,74,103],[180,224,298],[183,227,300],[181,215,300],
[178,212,298],[179,221,299],[182,218,299],[104,175,254],[107,167,251],[103,169,257],[105,171,245],[109,173,242],[111,177,248],[33,39,184],
[32,41,189],[29,37,186],[30,38,187],[31,42,188],[28,40,185],[15,220,267],[14,217,268],[13,211,270],[12,226,266],[11,214,269],
[10,223,265],[46,91,267],[43,95,269],[45,97,268],[47,99,265],[44,93,266],[48,89,270],[34,236,239],[36,237,239],[36,235,238],
[34,238,240],[35,235,240],[35,236,237],[17,72,239],[21,75,238],[20,73,235],[18,70,240],[16,71,236],[19,74,237],[197,199,221],
[191,195,218],[195,201,212],[191,201,215],[193,199,227],[193,197,224],[193,220,284],[201,217,278],[195,214,293],[197,226,287],[199,223,290],
[191,211,281],[153,171,228],[152,175,225],[151,173,213],[148,177,219],[149,167,216],[150,169,222],[18,101,230],[16,100,234],[21,102,233],
[17,101,232],[20,100,231],[19,102,229],[9,278,284],[8,287,293],[7,281,290],[62,160,161],[63,154,155],[61,157,158],[104,149,233],
[111,153,234],[107,152,229],[103,151,230],[105,148,231],[109,150,232],[105,147,292],[107,146,286],[104,142,280],[109,145,289],[103,144,277],
[111,143,283],[159,175,292],[159,167,289],[156,171,277],[162,173,283],[162,169,280],[156,177,286],[43,44,163],[47,48,164],[45,46,165],
[34,100,102],[35,101,102],[36,100,101],[27,63,242],[25,63,254],[23,62,251],[22,61,257],[24,61,248],[26,62,245],[63,104,185],
[62,107,189],[61,103,186],[61,111,187],[63,109,188],[62,105,184],[63,185,290],[61,187,278],[63,188,281],[62,184,287],[62,189,293],
[61,186,284],[15,44,163],[14,48,164],[13,43,163],[10,46,165],[11,45,165],[12,47,164],[55,214,269],[58,226,266],[57,223,265],
[60,217,268],[59,220,267],[56,211,270],[43,62,269],[46,61,267],[48,63,270],[45,61,268],[44,62,266],[47,63,265],[19,235,240],
[16,238,240],[21,236,239],[20,237,239],[18,236,237],[17,235,238],[28,40,228],[29,37,225],[32,41,213],[31,42,219],[33,39,222],
[30,38,216],[21,35,102],[19,34,102],[20,34,100],[18,36,101],[16,36,100],[17,35,101],[156,177,219],[162,169,222],[159,167,216],
[159,175,225],[162,173,213],[156,171,228],[104,185,233],[111,187,234],[107,189,229],[103,186,230],[109,188,232],[105,184,231],[23,62,160],
[27,63,154],[25,63,155],[22,61,157],[26,62,161],[24,61,158],[15,91,267],[14,97,268],[12,93,266],[13,89,270],[10,99,265],
[11,95,269],[18,34,240],[17,34,239],[21,36,238],[19,36,237],[16,35,236],[20,35,235],[201,212,217],[199,221,223],[195,214,218],
[191,211,215],[197,224,226],[193,220,227],[111,153,228],[107,152,225],[103,151,213],[105,148,219],[109,150,222],[104,149,216],[9,201,278],
[9,193,284],[8,197,287],[7,191,281],[7,199,290],[8,195,293],[47,197,199],[43,191,195],[45,195,201],[48,191,201],[44,193,197],
[46,193,199],[177,248,286],[175,254,292],[167,251,289],[171,245,277],[169,257,280],[173,242,283],[110,181,300],[108,183,300],[108,182,299],
[106,178,298],[106,179,299],[110,180,298],[60,109,227],[56,107,221],[55,111,224],[58,104,218],[59,105,212],[57,103,215],[17,72,126],
[21,75,127],[18,70,129],[20,73,124],[19,74,128],[16,71,125],[39,53,184],[41,49,189],[37,52,186],[38,50,187],[40,54,185],
[42,51,188],[68,105,292],[69,107,286],[67,104,280],[66,109,289],[64,103,277],[65,111,283],[49,69,184],[50,65,186],[51,66,185],
[54,67,188],[53,68,189],[52,64,187],[111,143,192],[105,147,194],[107,146,196],[109,145,198],[103,144,200],[104,142,190],[27,184,242],
[25,187,254],[23,186,251],[22,189,257],[26,188,245],[24,185,248],[80,145,197],[81,147,191],[79,143,199],[76,146,193],[77,144,195],
[78,142,201],[17,124,232],[18,128,230],[20,126,231],[19,129,229],[21,125,233],[16,127,234],[6,27,54],[5,25,51],[4,26,49],
[3,24,52],[2,22,50],[1,23,53],[39,68,163],[42,66,164],[41,69,163],[40,67,164],[37,64,165],[38,65,165],[24,44,147],
[22,48,145],[25,43,146],[26,45,143],[27,46,144],[23,47,142],[179,189,286],[180,187,283],[183,188,289],[181,186,277],[178,184,292],
[182,185,280],[172,197,275],[170,191,273],[176,199,274],[174,201,272],[166,193,276],[168,195,271],[11,25,97],[15,27,93],[14,26,89],
[12,24,99],[10,23,91],[13,22,95],[10,44,59],[11,48,60],[15,47,58],[13,45,55],[12,46,57],[14,43,56],[92,257,260],
[98,245,261],[96,251,264],[88,248,263],[94,242,262],[90,254,259],[99,154,203],[97,157,202],[95,161,209],[89,155,206],[93,160,205],
[91,158,208],[91,154,164],[97,161,163],[93,158,165],[95,155,164],[99,160,163],[89,157,165],[177,205,244],[171,202,247],[175,209,250],
[169,206,241],[167,203,253],[173,208,256],[8,29,31],[7,30,33],[9,28,32],[9,19,282],[8,18,291],[8,17,279],[7,20,285],
[7,16,294],[9,21,288],[85,187,220],[82,186,217],[87,185,211],[83,189,226],[86,188,223],[84,184,214],[30,186,218],[31,185,212],
[29,187,221],[32,184,215],[28,188,224],[33,189,227],[175,182,247],[173,183,244],[167,179,256],[171,178,241],[177,180,253],[169,181,250],
[32,183,295],[29,182,295],[33,181,296],[28,178,297],[30,179,297],[31,180,296],[6,198,199],[1,196,197],[2,200,201],[5,190,191],
[4,194,195],[3,192,193],[6,197,228],[2,195,216],[5,201,219],[4,191,213],[3,199,225],[1,193,222],[101,202,203],[100,208,209],
[102,205,206],[176,177,212],[172,173,215],[168,169,227],[170,171,224],[166,167,218],[174,175,221],[175,231,246],[173,234,249],[177,229,252],
[167,232,243],[171,230,258],[169,233,255],[12,72,239],[14,75,238],[13,73,235],[11,70,240],[15,74,237],[10,71,236],[124,211,281],
[128,220,284],[129,214,293],[125,223,290],[127,217,278],[126,226,287],[29,186,190],[28,185,194],[31,188,192],[33,184,200],[30,187,196],
[32,189,198],[85,148,177],[82,150,169],[86,151,173],[84,153,171],[87,152,175],[83,149,167],[10,102,233],[15,101,230],[14,100,234],
[13,101,232],[11,102,229],[12,100,231],[124,140,141],[128,130,131],[129,136,137],[127,134,135],[126,138,139],[125,132,133],[128,139,245],
[124,137,251],[129,135,248],[125,131,257],[127,141,242],[126,133,254],[7,110,111],[8,108,109],[9,106,107],[7,105,106],[8,103,110],
[9,104,108],[120,175,260],[118,169,261],[122,167,263],[116,173,264],[112,171,259],[114,177,262],[34,98,99],[34,96,97],[35,94,95],
[36,92,93],[36,88,89],[35,90,91],[95,187,246],[93,185,252],[97,188,258],[99,186,243],[89,189,255],[91,184,249],[118,171,275],
[122,177,272],[116,167,271],[120,169,276],[112,175,274],[114,173,273],[81,121,171],[79,117,177],[80,123,173],[76,115,167],[78,119,175],
[77,113,169],[68,135,265],[65,139,270],[67,137,267],[66,131,269],[64,141,266],[69,133,268],[21,30,107],[20,31,111],[19,29,104],
[18,32,109],[16,28,105],[17,33,103],[32,39,197],[29,38,201],[33,41,195],[31,40,199],[28,42,191],[30,37,193],[33,69,197],
[32,68,195],[31,67,191],[30,64,201],[28,66,199],[29,65,193],[22,25,26],[23,24,27],[30,31,32],[28,29,33],[18,30,282],
[21,31,294],[16,29,288],[20,32,279],[17,28,285],[19,33,291],[21,121,234],[17,117,231],[16,115,233],[20,113,232],[18,119,229],
[19,123,230],[21,82,283],[20,87,289],[18,84,286],[19,85,277],[16,86,280],[17,83,292],[89,95,97],[91,93,99],[4,95,97],
[6,91,99],[3,91,93],[1,93,99],[2,89,97],[5,89,95],[21,82,178],[20,87,181],[18,84,182],[19,85,183],[17,83,180],
[16,86,179],[18,78,119],[21,81,121],[17,79,117],[20,77,113],[19,80,123],[16,76,115],[121,171,275],[123,173,273],[117,177,272],
[113,169,276],[119,175,274],[115,167,271],[69,126,133],[65,128,139],[67,124,137],[64,127,141],[68,129,135],[66,125,131],[87,175,260],
[82,169,261],[83,167,263],[86,173,264],[85,177,262],[84,171,259],[29,78,190],[28,81,194],[31,79,192],[33,77,200],[32,80,198],
[30,76,196],[126,138,287],[124,140,281],[128,130,284],[129,136,293],[125,132,290],[127,134,278],[12,72,293],[15,74,278],[10,71,281],
[14,75,284],[13,73,290],[11,70,287],[115,233,255],[123,230,258],[121,234,249],[117,231,246],[119,229,252],[113,232,243],[166,276,292],
[172,275,280],[176,274,277],[170,273,286],[168,271,283],[174,272,289],[90,207,259],[96,207,264],[94,204,262],[88,210,263],[92,204,260],
[98,210,261],[7,16,29],[7,20,32],[8,17,28],[9,19,33],[8,18,30],[9,21,31],[7,21,30],[8,20,31],[8,19,29],
[9,16,28],[7,17,33],[9,18,32],[118,171,247],[122,177,244],[116,167,253],[120,169,241],[114,173,256],[112,175,250],[34,99,203],
[34,97,202],[35,95,209],[36,93,205],[35,91,208],[36,89,206],[97,163,258],[95,164,246],[93,165,252],[99,163,243],[91,164,249],
[89,165,255],[98,128,245],[96,124,251],[88,129,248],[94,127,242],[90,126,254],[92,125,257],[11,60,240],[10,59,236],[15,58,237],
[12,57,239],[14,56,238],[13,55,235],[167,203,218],[177,205,212],[175,209,221],[171,202,224],[169,206,227],[173,208,215],[15,101,203],
[14,100,209],[13,101,202],[10,102,205],[12,100,208],[11,102,206],[6,69,197],[3,66,199],[2,68,195],[1,65,193],[5,64,201],
[4,67,191],[2,184,200],[4,185,194],[5,186,190],[1,187,196],[3,188,192],[6,189,198],[30,32,295],[29,33,295],[28,33,296],
[28,29,297],[31,32,296],[30,31,297],[32,183,197],[29,182,201],[28,178,191],[33,181,195],[31,180,199],[30,179,193],[116,173,244],
[112,171,241],[114,177,253],[120,175,247],[118,169,250],[122,167,256],[175,182,246],[173,183,249],[171,178,258],[167,179,243],[169,181,255],
[177,180,252],[30,218,282],[31,212,294],[29,221,288],[32,215,279],[33,227,291],[28,224,285],[85,187,246],[87,185,252],[83,189,255],
[84,184,249],[86,188,258],[82,186,243],[85,148,220],[87,152,211],[82,150,217],[84,153,214],[83,149,226],[86,151,223],[11,25,48],
[15,27,47],[14,26,43],[12,24,46],[13,22,45],[10,23,44],[11,97,157],[15,93,160],[12,99,154],[13,95,161],[14,89,155],
[10,91,158],[1,172,197],[6,176,199],[3,166,193],[4,168,195],[2,174,201],[5,170,191],[63,135,265],[61,133,268],[63,139,270],
[62,131,269],[61,137,267],[62,141,266],[56,124,211],[59,128,220],[55,129,214],[57,125,223],[58,126,226],[60,127,217],[4,25,26],
[5,22,25],[1,23,24],[3,24,27],[6,23,27],[2,22,26],[124,141,232],[125,133,233],[129,137,229],[128,131,230],[127,135,234],
[126,139,231],[29,76,193],[31,81,191],[32,77,195],[28,79,199],[30,78,201],[33,80,197],[25,187,283],[22,189,286],[24,185,280],
[27,184,292],[26,188,289],[23,186,277],[7,111,192],[8,109,198],[9,107,196],[7,105,194],[9,104,190],[8,103,200],[52,64,77],
[50,65,79],[54,67,78],[53,68,81],[49,69,76],[51,66,80],[51,183,188],[53,178,184],[49,179,189],[52,181,186],[50,180,187],
[54,182,185],[18,236,286],[21,239,283],[20,237,289],[19,235,277],[17,238,292],[16,240,280],[21,127,294],[18,129,282],[20,124,279],
[19,128,291],[16,125,288],[17,126,285],[32,109,227],[30,107,221],[31,111,224],[29,104,218],[33,103,215],[28,105,212],[7,110,300],
[8,108,299],[9,106,298],[7,106,299],[9,108,300],[8,110,298],[85,245,277],[83,254,292],[84,248,286],[82,242,283],[86,257,280],
[87,251,289],[37,44,193],[38,48,201],[39,47,197],[41,45,195],[40,46,199],[42,43,191],[9,193,288],[9,201,282],[8,197,291],
[8,195,279],[7,199,285],[7,191,294],[15,91,154],[14,97,161],[12,93,158],[13,89,157],[11,95,155],[10,99,160],[18,34,98],
[21,36,92],[17,34,96],[16,35,94],[20,35,90],[19,36,88],[168,220,227],[170,224,226],[166,214,218],[176,212,217],[174,221,223],
[172,211,215],[24,158,265],[25,155,268],[23,160,267],[22,157,269],[26,161,270],[27,154,266],[12,184,231],[10,185,233],[15,186,230],
[14,187,234],[13,188,232],[11,189,229],[6,156,228],[5,156,219],[2,159,216],[4,162,213],[1,162,222],[3,159,225],[20,34,232],
[19,34,230],[17,35,231],[21,35,234],[16,36,233],[18,36,229],[30,186,284],[31,185,290],[29,187,278],[32,184,287],[33,189,293],
[28,188,281],[68,105,163],[69,107,163],[67,104,164],[65,111,165],[66,109,164],[64,103,165],[30,104,216],[28,111,228],[29,107,225],
[32,103,213],[33,109,222],[31,105,219],[15,24,44],[12,23,47],[14,22,48],[13,25,43],[11,26,45],[10,27,46],[91,292,293],
[89,286,287],[93,280,281],[95,283,284],[97,289,290],[99,277,278],[59,292,294],[58,280,282],[57,277,279],[56,286,288],[55,283,285],
[60,289,291],[127,274,275],[124,275,276],[125,271,272],[128,271,273],[126,272,273],[129,274,276],[2,268,269],[6,265,266],[1,266,267],
[3,265,267],[4,269,270],[5,268,270],[128,262,263],[124,259,260],[129,259,261],[127,260,261],[126,263,264],[125,262,264],[245,254,255],
[242,243,248],[254,257,258],[242,251,252],[245,246,257],[248,249,251],[225,227,228],[222,224,225],[213,218,219],[221,222,228],[212,213,216],
[215,216,219],[150,197,275],[149,201,272],[148,191,273],[152,193,276],[153,199,274],[151,195,271],[24,99,220],[23,91,226],[25,97,211],
[22,95,217],[26,89,214],[27,93,223],[44,59,244],[48,60,241],[47,58,253],[45,55,247],[43,56,250],[46,57,256],[77,257,260],
[79,248,263],[81,245,261],[80,242,262],[78,254,259],[76,251,264],[126,154,203],[128,160,205],[124,161,209],[127,155,206],[125,158,208],
[129,157,202],[1,161,163],[2,158,165],[6,155,164],[3,157,165],[4,160,163],[5,154,164],[2,202,247],[4,209,250],[5,206,241],
[1,205,244],[3,208,256],[6,203,253],[29,31,106],[28,32,110],[30,33,108],[19,247,282],[18,244,291],[17,250,279],[20,253,285],
[21,256,288],[16,241,294],[77,165,278],[81,163,293],[79,165,284],[78,164,281],[80,164,290],[76,163,287],[143,149,168],[147,150,166],
[145,148,174],[142,153,172],[144,152,176],[146,151,170],[44,187,225],[45,184,213],[48,186,216],[43,185,219],[46,188,228],[47,189,222],
[83,142,154],[87,146,161],[86,144,158],[85,147,160],[84,143,157],[82,145,155],[101,143,269],[101,142,266],[100,146,270],[102,147,267],
[102,145,268],[100,144,265],[11,50,133],[12,54,135],[10,52,137],[15,53,141],[14,51,139],[13,49,131],[60,147,207],[59,145,207],
[58,143,204],[57,146,210],[55,142,204],[56,144,210],[34,55,269],[34,58,266],[35,57,265],[35,56,270],[36,59,267],[36,60,268],
[43,62,220],[48,63,226],[46,61,214],[45,61,223],[47,63,217],[44,62,211],[6,48,54],[5,47,51],[1,43,53],[4,44,49],
[2,46,50],[3,45,52],[77,144,230],[81,147,231],[80,145,232],[79,143,234],[78,142,233],[76,146,229],[7,66,185],[8,69,184],
[9,65,186],[7,67,188],[9,64,187],[8,68,189],[16,238,283],[19,240,286],[21,236,280],[20,239,292],[17,235,289],[18,237,277],
[108,128,183],[110,124,181],[108,129,182],[106,127,178],[110,126,180],[106,125,179],[39,154,222],[42,161,219],[40,158,228],[37,160,225],
[41,157,213],[38,155,216],[63,183,290],[61,181,278],[63,182,281],[62,178,293],[61,180,284],[62,179,287],[76,141,272],[77,133,275],
[79,137,273],[78,139,276],[81,131,274],[80,135,271],[76,256,272],[81,241,274],[77,250,275],[79,253,273],[80,244,271],[78,247,276],
[37,85,160],[39,83,154],[41,84,157],[38,82,155],[42,87,161],[40,86,158],[8,184,213],[9,186,216],[7,185,219],[7,188,228],
[8,189,222],[9,187,225],[147,166,231],[145,174,232],[143,168,234],[142,172,233],[146,170,229],[144,176,230],[100,146,151],[101,143,149],
[101,142,153],[102,147,150],[100,144,152],[102,145,148],[80,232,290],[77,230,278],[81,231,293],[79,234,284],[76,229,287],[78,233,281],
[20,253,292],[21,256,280],[18,244,277],[17,250,289],[16,241,283],[19,247,286],[77,165,257],[79,165,248],[81,163,245],[80,164,242],
[76,163,251],[78,164,254],[62,99,220],[61,89,214],[63,91,226],[62,97,211],[61,93,223],[63,95,217],[158,225,228],[160,222,225],
[154,222,228],[157,213,216],[155,216,219],[161,213,219],[44,225,227],[43,215,219],[48,212,216],[46,221,228],[47,222,224],[45,213,218],
[128,183,262],[124,181,260],[129,182,259],[127,178,261],[125,179,264],[126,180,263],[1,147,267],[2,143,269],[6,142,266],[5,145,268],
[3,144,265],[4,146,270],[2,165,268],[1,163,266],[3,165,267],[6,164,265],[5,164,270],[4,163,269],[126,203,272],[127,206,275],
[128,205,273],[129,202,274],[124,209,276],[125,208,271],[58,172,280],[59,166,292],[57,176,277],[56,170,286],[60,174,289],[55,168,283],
[34,232,269],[34,230,266],[35,231,265],[35,234,270],[36,229,268],[36,233,267],[6,48,156],[4,44,162],[5,47,156],[2,46,159],
[3,45,159],[1,43,162],[12,135,184],[10,137,185],[15,141,186],[14,139,187],[11,133,189],[13,131,188],[44,172,211],[43,168,220],
[48,170,226],[46,166,214],[47,176,217],[45,174,223],[18,85,98],[20,83,90],[21,86,92],[17,87,96],[19,84,88],[16,82,94],
[10,147,160],[11,145,155],[15,142,154],[13,143,157],[12,144,158],[14,146,161],[59,191,294],[60,197,291],[58,201,282],[55,199,285],
[57,195,279],[56,193,288],[37,44,244],[38,48,241],[39,47,253],[41,45,247],[42,43,250],[40,46,256],[85,245,254],[83,254,257],
[84,242,248],[82,242,251],[87,248,251],[86,245,257],[129,276,282],[127,274,294],[124,275,279],[128,271,291],[126,273,285],[125,272,288],
[89,236,286],[95,239,283],[97,237,289],[99,235,277],[93,240,280],[91,238,292],[49,76,141],[52,77,133],[50,79,137],[54,78,139],
[51,80,135],[53,81,131],[7,66,192],[8,69,198],[9,65,196],[7,67,194],[8,68,200],[9,64,190],[25,238,283],[22,240,286],
[24,236,280],[27,239,292],[23,237,277],[26,235,289],[29,76,106],[31,81,106],[32,77,110],[33,80,108],[30,78,108],[28,79,110],
[141,232,272],[133,233,275],[137,229,273],[131,230,274],[139,231,276],[135,234,271],[2,26,202],[4,25,209],[5,22,206],[1,24,205],
[6,23,203],[3,27,208],[58,126,264],[56,124,259],[59,128,263],[55,129,261],[60,127,260],[57,125,262],[63,135,183],[61,133,181],
[63,139,182],[62,131,178],[62,141,179],[61,137,180],[1,161,172],[2,158,174],[6,155,176],[3,157,166],[5,154,170],[4,160,168],
[12,54,154],[11,50,157],[13,49,161],[15,53,160],[10,52,158],[14,51,155],[25,48,54],[27,47,51],[26,43,53],[23,44,49],
[22,45,52],[24,46,50],[24,148,220],[25,152,211],[22,150,217],[26,153,214],[27,151,223],[23,149,226],[87,141,252],[82,135,243],
[85,131,246],[83,139,255],[86,133,258],[84,137,249],[59,116,244],[60,112,241],[58,114,253],[55,120,247],[57,122,256],[56,118,250],
[151,181,195],[150,183,197],[149,182,201],[148,178,191],[152,179,193],[153,180,199],[2,184,247],[4,185,250],[5,186,241],[1,187,244],
[6,189,253],[3,188,256],[6,69,83],[3,66,86],[2,68,84],[1,65,85],[4,67,87],[5,64,82],[11,206,217],[10,205,220],
[12,208,223],[13,202,214],[15,203,226],[14,209,211],[60,147,240],[59,145,236],[55,142,235],[58,143,237],[56,144,238],[57,146,239],
[90,147,207],[96,145,207],[94,143,204],[88,146,210],[98,144,210],[92,142,204],[98,108,128],[96,110,124],[88,108,129],[94,106,127],
[92,106,125],[90,110,126],[34,55,203],[34,58,202],[35,57,209],[36,60,205],[36,59,206],[35,56,208],[118,247,282],[114,256,288],
[120,241,294],[122,244,291],[112,250,279],[116,253,285],[115,245,255],[123,254,258],[119,242,252],[117,246,257],[121,249,251],[113,243,248],
[72,178,293],[74,181,278],[73,183,290],[71,182,281],[70,179,287],[75,180,284],[99,134,278],[89,138,287],[91,136,293],[93,140,281],
[97,132,290],[95,130,284],[76,86,264],[77,87,260],[79,83,263],[81,82,261],[78,84,259],[80,85,262],[66,125,158],[69,126,154],
[65,128,160],[67,124,161],[68,129,157],[64,127,155],[113,152,276],[121,150,275],[123,148,273],[117,149,272],[115,151,271],[119,153,274],
[5,54,95],[2,52,89],[4,53,97],[6,51,91],[3,50,93],[1,49,99],[15,24,265],[12,23,267],[14,22,269],[13,25,268],
[10,27,266],[11,26,270],[30,221,284],[31,224,290],[29,218,278],[32,227,287],[28,212,281],[33,215,293],[54,182,246],[51,183,249],
[53,178,258],[49,179,243],[52,181,255],[50,180,252],[30,104,295],[28,111,296],[29,107,297],[32,103,296],[31,105,297],[33,109,295],
[203,218,282],[205,212,294],[209,221,288],[208,215,279],[202,224,285],[206,227,291],[105,163,258],[107,163,243],[104,164,246],[111,165,252],
[103,165,255],[109,164,249],[7,29,300],[8,28,299],[9,33,298],[7,32,299],[8,30,298],[9,31,300],[18,29,78],[21,28,81],
[17,31,79],[20,33,77],[16,30,76],[19,32,80],[7,21,178],[8,20,181],[8,19,183],[9,16,179],[9,18,182],[7,17,180],
[27,231,238],[23,230,235],[22,229,236],[26,232,237],[24,233,240],[25,234,239],[118,231,254],[114,232,251],[120,230,245],[116,229,248],
[122,234,242],[112,233,257],[203,204,233],[209,210,229],[208,210,230],[205,207,231],[202,204,234],[206,207,232],[14,54,217],[10,50,223],
[15,49,220],[13,53,211],[11,52,214],[12,51,226],[46,91,151],[47,99,149],[43,95,152],[45,97,153],[48,89,150],[44,93,148],
[36,106,239],[34,110,238],[34,108,236],[36,108,235],[35,110,237],[35,106,240],[160,197,221],[158,193,224],[155,191,218],[161,195,212],
[157,201,215],[154,199,227],[123,147,263],[119,143,261],[117,142,264],[121,145,260],[113,146,259],[115,144,262],[84,104,276],[85,109,271],
[82,105,274],[87,103,275],[86,107,272],[83,111,273],[70,116,137],[73,114,141],[75,122,135],[74,120,131],[72,118,139],[71,112,133],
[147,178,212],[145,183,227],[143,180,224],[146,179,221],[144,181,215],[142,182,218],[116,156,194],[114,159,190],[122,162,200],[120,156,192],
[118,159,196],[112,162,198],[25,35,75],[23,34,74],[24,36,71],[27,35,72],[26,34,73],[22,36,70],[25,37,130],[23,38,134],
[22,39,138],[27,41,136],[24,42,140],[26,40,132],[130,276,292],[138,275,280],[132,274,277],[140,273,286],[134,272,289],[136,271,283],
[65,75,79],[64,74,77],[67,71,78],[68,72,81],[66,73,80],[69,70,76],[210,228,261],[207,216,264],[204,213,262],[207,225,259],
[204,222,260],[210,219,263],[13,245,290],[14,254,284],[12,242,293],[15,251,278],[11,257,287],[10,248,281],[78,190,203],[80,198,206],
[81,194,205],[79,192,202],[76,196,209],[77,200,208],[5,60,89],[6,58,99],[3,57,91],[4,56,95],[1,59,93],[2,55,97],
[70,76,209],[73,80,206],[71,78,203],[75,79,202],[74,77,208],[72,81,205],[25,65,75],[23,64,74],[24,67,71],[27,68,72],
[22,69,70],[26,66,73],[70,116,156],[73,114,159],[75,122,162],[74,120,156],[71,112,162],[72,118,159],[145,227,260],[144,215,262],
[147,212,263],[143,224,261],[142,218,264],[146,221,259],[36,71,106],[35,75,106],[34,73,110],[35,72,110],[36,70,108],[34,74,108],
[12,51,242],[14,54,254],[15,49,251],[10,50,248],[13,53,245],[11,52,257],[27,41,231],[25,37,234],[24,42,233],[26,40,232],
[22,39,229],[23,38,230],[105,258,274],[104,246,276],[103,255,275],[111,252,273],[109,249,271],[107,243,272],[205,231,294],[203,233,282],
[209,229,288],[208,230,279],[206,232,291],[202,234,285],[87,103,296],[82,105,297],[85,109,295],[84,104,295],[83,111,296],[86,107,297],
[158,224,290],[155,218,278],[160,221,284],[154,227,287],[161,212,281],[157,215,293],[45,119,153],[46,115,151],[43,113,152],[48,121,150],
[44,123,148],[47,117,149],[115,245,290],[123,254,284],[119,242,293],[117,257,287],[113,248,281],[121,251,278],[118,254,282],[114,251,288],
[112,257,279],[120,245,294],[116,248,285],[122,242,291],[92,106,240],[88,108,236],[98,108,235],[96,110,237],[94,106,239],[90,110,238],
[90,147,178],[96,145,183],[94,143,180],[88,146,179],[92,142,182],[98,144,181],[6,58,83],[5,60,82],[3,57,86],[2,55,84],
[1,59,85],[4,56,87],[73,87,141],[75,82,135],[74,85,131],[72,83,139],[70,84,137],[71,86,133],[24,148,240],[25,152,239],
[22,150,236],[26,153,237],[23,149,235],[27,151,238],[54,154,217],[50,157,223],[49,161,220],[53,160,211],[51,155,226],[52,158,214],
[155,176,191],[160,168,197],[157,166,201],[154,170,199],[161,172,195],[158,174,193],[58,216,264],[56,225,259],[59,219,263],[55,228,261],
[57,213,262],[60,222,260],[207,232,272],[204,233,275],[210,229,273],[210,230,274],[204,234,271],[207,231,276],[60,89,236],[58,99,235],
[56,95,239],[55,97,237],[57,91,238],[59,93,240],[130,276,282],[134,272,288],[138,275,279],[136,271,291],[140,273,285],[132,274,294],
[37,130,244],[38,134,241],[39,138,253],[41,136,247],[40,132,256],[42,140,250],[45,159,190],[46,159,196],[48,156,194],[44,162,198],
[43,162,200],[47,156,192],[190,203,272],[198,206,275],[194,205,273],[192,202,274],[200,208,271],[196,209,276],[3,115,144],[1,123,147],
[2,119,143],[6,117,142],[4,113,146],[5,121,145],[154,210,228],[157,207,216],[161,204,213],[158,207,225],[155,210,219],[160,204,222],
[132,244,277],[136,241,283],[130,253,292],[138,256,280],[140,247,286],[134,250,289],[93,102,148],[91,100,151],[99,101,149],[89,102,150],
[95,100,152],[97,101,153],[118,166,231],[114,174,232],[122,168,234],[112,172,233],[116,170,229],[120,176,230],[18,29,300],[21,28,299],
[17,31,300],[20,33,298],[19,32,299],[16,30,298],[57,176,209],[58,172,202],[59,166,206],[56,170,208],[55,168,203],[60,174,205],
[15,226,265],[12,223,267],[10,220,266],[11,217,270],[14,211,269],[13,214,268],[74,151,181],[73,150,183],[70,152,179],[71,149,182],
[75,153,180],[72,148,178],[25,54,246],[27,51,249],[26,53,258],[23,49,243],[24,50,252],[22,52,255],[25,209,238],[22,206,240],
[24,205,236],[27,208,239],[26,202,235],[23,203,237],[66,158,192],[69,154,198],[65,160,196],[67,161,194],[64,155,190],[68,157,200],
[50,93,137],[51,91,135],[53,97,131],[52,89,133],[54,95,139],[49,99,141],[59,116,191],[60,112,197],[58,114,201],[55,120,199],
[57,122,195],[56,118,193],[10,147,240],[11,145,236],[15,142,235],[13,143,237],[14,146,239],[12,144,238],[18,80,85],[21,76,86],
[17,77,87],[16,81,82],[19,78,84],[20,79,83],[135,184,247],[137,185,250],[141,186,241],[139,187,244],[131,188,256],[133,189,253],
[135,183,262],[133,181,260],[139,182,259],[131,178,261],[137,180,263],[141,179,264],[44,172,227],[43,168,215],[48,170,212],[47,176,224],
[45,174,218],[46,166,221],[63,95,130],[62,99,134],[61,89,138],[63,91,136],[61,93,140],[62,97,132],[164,254,270],[165,257,268],
[164,242,265],[165,248,267],[163,251,266],[163,245,269],[232,269,290],[230,266,278],[231,265,293],[234,270,284],[233,267,281],[229,268,287],
[9,179,225],[7,180,228],[8,183,222],[8,181,213],[9,182,216],[7,178,219],[37,85,254],[39,83,257],[41,84,242],[38,82,251],
[40,86,245],[42,87,248],[76,106,256],[81,106,241],[77,110,250],[79,110,253],[78,108,247],[80,108,244],[256,258,290],[241,243,278],
[244,246,284],[253,255,287],[250,252,281],[247,249,293],[176,226,228],[166,223,225],[172,220,222],[170,217,219],[168,211,213],[174,214,216],
[179,209,286],[180,202,283],[183,206,289],[181,208,277],[182,203,280],[178,205,292],[158,159,221],[161,162,215],[160,162,227],[154,156,224],
[155,156,212],[157,159,218],[42,71,93],[41,72,91],[40,73,97],[39,70,89],[37,75,95],[38,74,99],[123,131,277],[113,141,289],
[119,137,286],[115,133,280],[121,135,283],[117,139,292],[55,79,94],[58,78,92],[56,76,88],[60,80,96],[57,77,98],[59,81,90],
[45,68,215],[46,66,224],[48,64,218],[43,67,212],[44,65,221],[47,69,227],[41,163,178],[40,164,183],[39,163,179],[42,164,182],
[37,165,180],[38,165,181],[58,218,272],[60,227,275],[57,215,271],[55,224,274],[56,221,276],[59,212,273],[15,134,163],[13,132,163],
[14,130,164],[12,136,164],[10,140,165],[11,138,165],[5,54,226],[2,52,223],[4,53,220],[6,51,217],[1,49,211],[3,50,214],
[69,83,138],[66,86,132],[68,84,136],[65,85,130],[64,82,134],[67,87,140],[131,139,255],[137,141,249],[135,137,243],[131,133,246],
[135,141,252],[133,139,258],[85,98,258],[83,90,246],[86,92,255],[84,88,252],[82,94,249],[87,96,243],[60,148,166],[55,149,172],
[56,151,176],[57,152,170],[58,153,168],[59,150,174],[86,132,255],[84,136,252],[85,130,258],[83,138,246],[87,140,243],[82,134,249],
[10,67,140],[11,69,138],[15,64,134],[13,66,132],[12,68,136],[14,65,130],[134,163,179],[132,163,178],[130,164,182],[136,164,183],
[138,165,181],[140,165,180],[56,88,176],[58,92,168],[60,96,166],[57,98,170],[59,90,174],[55,94,172],[113,137,141],[119,135,137],
[115,131,133],[123,131,139],[117,133,139],[121,135,141],[156,224,274],[159,221,276],[162,227,275],[156,212,273],[159,218,272],[162,215,271],
[5,176,226],[2,166,223],[4,172,220],[6,170,217],[3,174,214],[1,168,211],[98,258,274],[90,246,276],[92,255,275],[88,252,273],
[96,243,272],[94,249,271],[179,209,225],[180,202,228],[183,206,222],[181,208,213],[178,205,219],[182,203,216],[258,269,290],[249,265,293],
[243,266,278],[246,270,284],[255,268,287],[252,267,281],[137,263,286],[135,262,283],[141,264,289],[131,261,277],[139,259,292],[133,260,280],
[131,255,256],[141,241,249],[137,243,250],[133,246,253],[139,244,258],[135,247,252],[42,93,137],[41,91,135],[40,97,131],[39,89,133],
[38,99,141],[37,95,139],[161,194,215],[154,198,224],[157,200,218],[158,192,221],[160,196,227],[155,190,212],[71,149,172],[75,153,168],
[72,148,166],[74,151,176],[73,150,174],[70,152,170],[54,226,265],[52,223,267],[53,220,266],[51,217,270],[50,214,268],[49,211,269],
[176,209,286],[172,202,283],[166,206,289],[170,208,277],[174,205,292],[168,203,280],[118,166,225],[120,176,228],[112,172,222],[122,168,213],
[116,170,219],[114,174,216],[71,93,102],[73,97,101],[72,91,100],[75,95,100],[74,99,101],[70,89,102],[45,190,215],[46,196,224],
[48,194,218],[47,192,227],[44,198,221],[43,200,212],[56,151,239],[59,150,240],[60,148,236],[55,149,237],[57,152,238],[58,153,235],
[60,80,222],[56,76,225],[57,77,213],[58,78,216],[59,81,219],[55,79,228],[58,83,272],[60,82,275],[57,86,271],[56,87,276],
[59,85,273],[55,84,274],[41,90,178],[37,94,180],[40,96,183],[39,88,179],[38,98,181],[42,92,182],[45,68,119],[46,66,115],
[43,67,113],[48,64,121],[47,69,117],[44,65,123],[158,256,290],[155,241,278],[160,244,284],[154,253,287],[157,247,293],[161,250,281],
[41,242,265],[37,254,270],[40,245,269],[39,257,268],[42,248,267],[38,251,266],[18,80,300],[21,76,299],[17,77,300],[16,81,298],
[20,79,298],[19,78,299],[130,132,244],[134,136,241],[130,138,253],[136,140,247],[134,140,250],[132,138,256],[63,130,282],[62,134,288],
[61,138,279],[63,136,291],[62,132,294],[61,140,285],[190,207,272],[198,204,275],[194,210,273],[192,210,274],[196,207,276],[200,204,271],
[116,176,191],[112,168,197],[114,166,201],[120,170,199],[118,174,193],[122,172,195],[158,207,214],[154,210,217],[157,207,223],[161,204,220],
[160,204,211],[155,210,226],[151,209,238],[148,206,240],[149,202,235],[152,208,239],[150,205,236],[153,203,237],[10,92,240],[11,88,236],
[15,98,235],[13,96,237],[12,90,238],[14,94,239],[3,115,290],[1,123,284],[2,119,293],[6,117,287],[5,121,278],[4,113,281],
[71,86,297],[73,87,296],[75,82,297],[74,85,295],[70,84,295],[72,83,296],[41,231,294],[42,233,282],[39,229,288],[38,230,279],
[37,234,285],[40,232,291],[53,245,294],[54,254,282],[49,251,288],[52,257,279],[51,242,291],[50,248,285],[71,106,256],[75,106,241],
[73,110,250],[72,110,253],[74,108,244],[70,108,247],[172,227,260],[168,215,262],[170,212,263],[176,224,261],[166,221,259],[174,218,264],
[27,68,249],[26,66,258],[25,65,246],[23,64,243],[22,69,255],[24,67,252],[70,156,209],[73,159,206],[75,162,202],[74,156,208],
[72,159,205],[71,162,203],[3,196,228],[1,198,225],[4,200,219],[6,192,222],[2,190,213],[5,194,216],[63,66,67],[62,68,69],
[61,64,65],[151,158,265],[150,155,268],[149,154,266],[148,160,267],[153,157,269],[152,161,270],[83,116,180],[82,120,178],[86,114,179],
[87,112,181],[85,122,183],[84,118,182],[3,228,290],[6,222,287],[1,225,284],[2,213,293],[5,216,278],[4,219,281],[63,67,282],
[62,69,288],[61,64,279],[63,66,291],[61,65,285],[62,68,294],[151,158,256],[150,155,241],[148,160,244],[149,154,253],[152,161,250],
[153,157,247],[83,116,272],[82,120,275],[86,114,271],[87,112,276],[84,118,274],[85,122,273],[151,239,265],[152,238,270],[153,235,269],
[150,240,268],[148,236,267],[149,237,266],[5,176,194],[4,172,200],[2,166,190],[6,170,192],[1,168,198],[3,174,196],[116,140,180],
[112,138,181],[114,134,179],[120,132,178],[118,130,182],[122,136,183],[42,54,282],[41,53,294],[38,52,279],[39,49,288],[37,50,285],
[40,51,291],[151,156,209],[148,159,206],[149,162,202],[152,156,208],[153,162,203],[150,159,205],[194,210,217],[198,204,220],[200,204,211],
[190,207,214],[192,210,226],[196,207,223],[68,119,249],[69,117,255],[66,115,258],[67,113,252],[65,123,246],[64,121,243],[41,90,265],
[37,94,270],[40,96,269],[39,88,268],[42,92,267],[38,98,266],[79,228,298],[80,222,300],[76,225,299],[77,213,300],[78,216,299],
[81,219,298],[71,102,297],[72,100,296],[73,101,296],[75,100,297],[70,102,295],[74,101,295],[71,172,260],[75,168,262],[73,174,264],
[70,170,263],[74,176,261],[72,166,259],[190,194,215],[196,198,224],[194,200,218],[190,200,212],[192,198,221],[192,196,227],[71,255,256],
[75,241,249],[73,243,250],[72,246,253],[70,247,252],[74,244,258],[176,263,286],[172,262,283],[166,264,289],[170,261,277],[168,260,280],
[174,259,292],[49,258,269],[54,249,265],[52,252,267],[53,243,266],[50,255,268],[51,246,270],[118,209,225],[120,202,228],[112,206,222],
[122,208,213],[114,203,216],[116,205,219],[98,156,274],[90,159,276],[92,162,275],[88,156,273],[94,162,271],[96,159,272],[38,121,141],
[37,123,139],[42,113,137],[41,119,135],[39,117,133],[40,115,131],[88,116,176],[92,112,168],[96,114,166],[98,120,170],[94,122,172],
[90,118,174],[10,67,92],[11,69,88],[15,64,98],[13,66,96],[14,65,94],[12,68,90],[134,140,249],[130,132,255],[130,138,258],
[134,136,252],[132,138,246],[136,140,243],[49,293,294],[54,290,291],[53,287,288],[52,284,285],[50,278,279],[51,281,282],[102,237,238],
[100,235,236],[101,239,240],[113,209,211],[119,202,214],[121,206,217],[115,208,223],[117,203,226],[123,205,220],[256,262,272],[247,261,276],
[241,260,274],[250,259,275],[253,264,273],[244,263,271],[39,49,293],[42,54,290],[41,53,287],[38,52,284],[40,51,281],[37,50,278],
[38,121,217],[37,123,220],[42,113,211],[41,119,214],[40,115,223],[39,117,226],[113,118,209],[119,120,202],[112,121,206],[115,122,208],
[116,123,205],[114,117,203],[49,258,294],[54,249,291],[52,252,285],[53,243,288],[51,246,282],[50,255,279],[102,238,297],[100,235,296],
[101,240,295],[101,239,296],[102,237,295],[100,236,297],[118,260,274],[120,259,275],[122,264,273],[116,262,272],[114,263,271],[112,261,276],
[148,244,263],[151,256,262],[149,253,264],[153,247,261],[152,250,259],[150,241,260],[74,258,261],[71,255,260],[75,249,262],[73,243,264],
[72,246,259],[70,252,263],[119,140,249],[117,130,255],[115,138,258],[113,134,252],[121,136,243],[123,132,246],[190,194,217],[196,198,220],
[194,200,211],[190,200,214],[192,196,223],[192,198,226],[98,151,156],[90,148,159],[92,149,162],[88,152,156],[96,150,159],[94,153,162],
[88,116,140],[90,118,130],[92,112,138],[96,114,134],[94,122,136],[98,120,132],[176,194,263],[172,200,262],[166,190,264],[170,192,261],
[174,196,259],[168,198,260],[90,239,265],[94,238,270],[96,235,269],[88,240,268],[98,237,266],[92,236,267],[67,92,282],[69,88,288],
[64,98,279],[66,96,291],[68,90,294],[65,94,285],[228,290,298],[222,287,300],[225,284,299],[213,293,300],[219,281,298],[216,278,299],
[90,148,294],[98,151,279],[92,149,282],[94,153,285],[96,150,291],[88,152,288],[88,119,140],[90,117,130],[92,115,138],[96,113,134],
[98,123,132],[94,121,136],[148,194,263],[151,200,262],[149,190,264],[153,192,261],[150,198,260],[152,196,259],[90,239,296],[94,238,297],
[96,235,296],[88,240,295],[92,236,297],[98,237,295],[258,261,294],[255,260,279],[246,259,282],[249,262,291],[252,263,285],[243,264,288],
[112,121,261],[113,118,260],[119,120,259],[115,122,264],[116,123,262],[114,117,263],[38,190,217],[37,196,220],[42,194,211],[41,200,214],
[39,198,226],[40,192,223],[42,290,298],[41,287,300],[38,284,299],[39,293,300],[37,278,299],[40,281,298],[42,194,298],[41,200,300],
[38,190,299],[40,192,298],[37,196,299],[39,198,300],[121,261,294],[113,260,279],[119,259,282],[117,263,285],[115,264,288],[123,262,291],
[148,194,294],[151,200,279],[149,190,282],[153,192,285],[152,196,288],[150,198,291],[94,121,297],[96,113,296],[88,119,295],[90,117,296],
[92,115,297],[98,123,295],[194,294,298],[200,279,300],[190,282,299],[192,285,298],[198,291,300],[196,288,299],[121,294,297],[113,279,296],
[119,282,295],[117,285,296],[123,291,295],[115,288,297],[294,297,298],[279,296,300],[282,295,299],[285,296,298],[288,297,299],[291,295,300]];
###############################################################

#SurfaceInfo: 300 Vertices, 4500 Edges, 3000 Faces, IsOrientable=true
 #Vertices of faces:
vof2:=[[298,299,300],[297,298,299],[296,299,300],[295,298,300],[292,293,294],[289,290,291],[286,287,288],[284,285,290],[282,283,287],[280,281,293],
[278,279,286],[276,277,289],[274,275,292],[271,272,273],[268,269,270],[265,266,267],[262,263,264],[259,260,261],[256,257,258],[253,254,255],
[250,251,252],[247,248,249],[246,256,257],[245,250,251],[244,262,263],[243,253,254],[242,259,260],[241,247,248],[240,242,244],[239,243,245],
[238,241,246],[235,236,237],[232,233,234],[229,230,231],[226,227,228],[223,224,225],[220,221,222],[217,218,219],[214,215,216],[212,213,215],
[210,211,224],[208,209,230],[206,207,221],[204,205,227],[202,203,218],[201,232,233],[200,233,234],[199,235,236],[198,235,237],[197,232,234],
[196,236,237],[240,244,262],[238,241,247],[238,246,256],[239,245,250],[239,243,253],[240,242,259],[195,212,232],[194,208,237],[193,206,236],
[192,210,233],[191,202,235],[190,204,234],[187,188,189],[184,185,186],[181,182,183],[180,223,269],[179,217,272],[178,214,266],[177,226,271],
[176,220,268],[175,229,265],[173,174,179],[171,172,178],[169,170,177],[167,168,176],[165,166,175],[163,164,180],[162,271,272],[161,268,269],
[160,265,266],[157,158,159],[154,155,156],[151,152,153],[148,149,150],[145,146,147],[142,143,144],[139,140,141],[136,137,138],[133,134,135],
[130,131,132],[127,128,129],[124,125,126],[123,155,279],[122,152,281],[121,158,275],[120,149,285],[119,143,277],[118,146,283],[117,175,265],
[116,178,266],[115,180,269],[114,179,272],[113,176,268],[112,177,271],[158,173,174],[146,171,172],[152,169,170],[155,165,166],[143,163,164],
[149,167,168],[195,212,267],[194,208,267],[192,210,270],[191,202,273],[193,206,270],[190,204,273],[131,184,185],[137,187,188],[140,188,189],
[128,181,182],[125,182,183],[134,185,186],[162,255,272],[161,252,269],[160,249,266],[161,258,268],[160,261,265],[162,264,271],[165,175,229],
[173,179,217],[167,176,220],[171,178,214],[163,180,223],[169,177,226],[188,239,250],[185,238,247],[182,240,262],[185,239,253],[182,238,256],
[188,240,259],[201,212,232],[200,210,233],[197,204,234],[198,208,237],[196,206,236],[199,202,235],[210,223,224],[208,229,230],[202,217,218],
[206,220,221],[212,214,215],[204,226,227],[111,182,255],[110,182,252],[109,188,249],[108,188,258],[107,185,261],[106,185,264],[143,284,285],
[158,280,281],[152,274,275],[146,278,279],[149,276,277],[155,282,283],[105,184,186],[104,181,183],[103,187,189],[102,104,181],[101,103,189],
[100,105,186],[99,105,184],[98,103,187],[97,104,183],[96,116,178],[95,114,179],[94,112,177],[93,115,180],[92,113,176],[91,117,175],
[146,171,279],[158,173,281],[152,169,275],[155,165,283],[149,167,277],[143,163,285],[90,201,212],[89,196,206],[88,200,210],[87,197,204],
[86,198,208],[85,199,202],[110,182,262],[111,182,256],[106,185,247],[109,188,250],[107,185,253],[108,188,259],[84,208,267],[83,202,273],
[82,204,273],[81,212,267],[80,210,270],[79,206,270],[128,181,280],[131,184,282],[134,186,274],[140,189,276],[137,187,278],[125,183,284],
[162,182,255],[161,182,252],[160,185,261],[162,185,264],[160,188,249],[161,188,258],[139,140,183],[136,137,184],[124,125,189],[130,131,187],
[127,128,186],[133,134,181],[112,123,279],[117,122,281],[116,120,285],[114,119,277],[115,121,275],[113,118,283],[148,149,276],[145,146,278],
[157,158,280],[154,155,282],[151,152,274],[142,143,284],[169,204,226],[165,208,229],[173,202,217],[167,206,220],[171,212,214],[163,210,223],
[78,245,282],[77,244,276],[76,242,284],[75,243,278],[74,246,274],[73,241,280],[71,72,156],[69,70,159],[67,68,153],[65,66,150],
[63,64,144],[61,62,147],[148,272,273],[145,271,273],[157,265,267],[154,268,270],[142,266,267],[151,269,270],[64,245,251],[66,246,257],
[68,244,263],[70,243,254],[62,241,248],[72,242,260],[158,174,247],[152,170,256],[149,168,262],[143,164,259],[155,166,250],[146,172,253],
[60,128,182],[59,125,182],[58,131,185],[57,134,185],[56,140,188],[55,137,188],[54,155,279],[53,152,281],[52,158,275],[51,146,283],
[50,149,285],[49,143,277],[158,159,234],[155,156,232],[152,153,235],[149,150,233],[143,144,236],[146,147,237],[49,143,236],[54,155,232],
[53,152,235],[52,158,234],[51,146,237],[50,149,233],[100,166,250],[97,174,247],[99,170,256],[101,172,253],[98,168,262],[102,164,259],
[149,216,262],[155,228,250],[146,222,253],[143,219,259],[158,225,247],[152,231,256],[61,147,237],[71,156,232],[69,159,234],[67,153,235],
[65,150,233],[63,144,236],[70,75,243],[66,74,246],[64,78,245],[68,77,244],[62,73,241],[72,76,242],[63,64,251],[67,68,263],
[71,72,260],[69,70,254],[61,62,248],[65,66,257],[148,272,276],[145,271,278],[157,265,280],[154,268,282],[151,269,274],[142,266,284],
[55,137,184],[59,125,189],[58,131,187],[57,134,181],[60,128,186],[56,140,183],[60,162,182],[59,161,182],[57,162,185],[55,160,188],
[56,161,188],[58,160,185],[131,245,282],[125,242,284],[128,241,280],[134,246,274],[140,244,276],[137,243,278],[84,157,267],[82,145,273],
[79,154,270],[83,148,273],[80,151,270],[81,142,267],[95,110,262],[93,111,256],[91,106,247],[92,109,250],[96,108,259],[94,107,253],
[54,171,279],[53,173,281],[52,169,275],[51,165,283],[50,163,285],[49,167,277],[100,105,163],[97,104,171],[101,103,173],[98,103,169],
[102,104,165],[99,105,167],[96,116,285],[95,114,277],[92,113,283],[94,112,279],[91,117,281],[93,115,275],[90,171,212],[88,163,210],
[87,169,204],[86,165,208],[85,173,202],[89,167,206],[276,284,295],[278,282,297],[274,280,296],[48,281,285],[47,277,279],[46,275,283],
[45,148,174],[44,142,172],[43,145,170],[42,154,168],[41,157,166],[40,151,164],[40,87,241],[42,86,243],[45,89,242],[43,90,245],
[44,88,244],[41,85,246],[72,156,210],[64,144,208],[70,159,212],[68,153,206],[62,147,202],[66,150,204],[184,223,269],[186,220,268],
[187,217,272],[181,214,266],[183,229,265],[189,226,271],[166,175,197],[164,180,199],[174,179,200],[172,178,196],[170,177,198],[168,176,201],
[199,236,248],[197,232,257],[198,235,251],[200,234,260],[196,237,263],[201,233,254],[184,254,282],[186,248,274],[181,257,280],[189,260,276],
[183,263,284],[187,251,278],[75,84,208],[74,83,202],[78,81,212],[73,82,204],[76,79,206],[77,80,210],[164,170,172],[166,168,174],
[39,68,204],[38,64,210],[37,70,202],[36,72,208],[35,62,212],[34,66,206],[200,260,276],[196,263,284],[199,248,274],[197,257,280],
[198,251,278],[201,254,282],[129,175,197],[141,179,200],[135,180,199],[126,178,196],[132,176,201],[138,177,198],[164,170,199],[168,174,200],
[166,168,201],[166,174,197],[164,172,196],[170,172,198],[187,217,251],[183,229,263],[189,226,260],[184,223,254],[181,214,257],[186,220,248],
[33,156,210],[32,144,208],[31,147,202],[30,150,204],[29,159,212],[28,153,206],[64,75,208],[68,76,206],[62,74,202],[66,73,204],
[72,77,210],[70,78,212],[43,145,245],[42,154,243],[40,151,241],[45,148,242],[41,157,246],[44,142,244],[269,274,296],[272,276,295],
[271,278,297],[266,284,295],[265,280,296],[268,282,297],[40,87,169],[45,89,167],[42,86,165],[43,90,171],[41,85,173],[44,88,163],
[48,96,285],[47,95,277],[46,92,283],[46,93,275],[47,94,279],[48,91,281],[95,97,262],[92,98,250],[91,100,247],[96,101,259],
[94,99,253],[93,102,256],[82,145,170],[79,154,168],[84,157,166],[80,151,164],[81,142,172],[83,148,174],[27,131,245],[26,125,242],
[25,128,241],[24,134,246],[23,140,244],[22,137,243],[21,60,162],[20,59,161],[19,57,162],[18,55,160],[17,58,160],[16,56,161],
[55,184,269],[58,187,272],[57,181,266],[56,183,265],[59,189,271],[60,186,268],[63,82,251],[67,81,263],[71,83,260],[69,79,254],
[65,84,257],[61,80,248],[70,75,84],[72,76,79],[66,74,83],[64,78,81],[68,77,80],[62,73,82],[21,69,234],[19,67,235],
[18,61,237],[17,71,232],[20,63,236],[16,65,233],[70,97,247],[72,100,250],[66,98,262],[64,102,259],[68,99,256],[62,101,253],
[169,222,253],[163,231,256],[167,228,250],[165,225,247],[171,219,259],[173,216,262],[49,236,248],[51,237,263],[53,235,251],[52,234,260],
[50,233,254],[54,232,257],[53,103,173],[52,103,169],[50,105,163],[54,104,171],[49,105,167],[51,104,165],[108,226,251],[107,223,248],
[109,217,260],[111,214,263],[110,229,257],[106,220,254],[74,78,291],[75,77,294],[73,76,288],[15,87,131],[14,86,134],[13,88,128],
[12,85,125],[11,90,140],[10,89,137],[88,244,290],[89,242,289],[86,243,287],[85,246,293],[87,241,292],[90,245,286],[276,284,299],
[274,280,298],[278,282,300],[109,249,290],[111,255,289],[108,258,287],[106,264,286],[110,252,292],[107,261,293],[24,128,129],[22,131,132],
[26,140,141],[27,137,138],[23,125,126],[25,134,135],[76,139,141],[78,136,138],[73,133,135],[75,130,132],[77,124,126],[74,127,129],
[21,34,88],[18,38,89],[20,39,85],[17,37,87],[19,35,86],[16,36,90],[21,88,290],[18,89,289],[20,85,293],[19,86,287],
[17,87,292],[16,90,286],[244,249,290],[242,255,289],[246,261,293],[243,258,287],[241,252,292],[245,264,286],[15,37,87],[13,34,88],
[10,38,89],[12,39,85],[11,36,90],[14,35,86],[76,141,288],[77,126,294],[78,138,291],[73,135,288],[74,129,291],[75,132,294],
[15,22,131],[11,26,140],[12,23,125],[14,25,134],[10,27,137],[13,24,128],[108,251,287],[107,248,293],[109,260,290],[111,263,289],
[106,254,286],[110,257,292],[50,105,117],[51,104,115],[53,103,116],[52,103,113],[54,104,114],[49,105,112],[52,217,260],[54,229,257],
[53,226,251],[49,223,248],[50,220,254],[51,214,263],[19,35,67],[21,34,69],[16,36,65],[18,38,61],[20,39,63],[17,37,71],
[21,162,211],[20,161,203],[19,162,209],[18,160,207],[16,161,213],[17,160,205],[68,76,139],[70,78,136],[66,73,133],[64,75,130],
[62,74,127],[72,77,124],[24,129,175],[26,141,179],[22,132,176],[25,135,180],[27,138,177],[23,126,178],[200,276,299],[196,284,299],
[201,282,300],[199,274,298],[198,278,300],[197,280,298],[70,84,247],[72,79,250],[62,82,253],[66,83,262],[68,80,256],[64,81,259],
[56,265,296],[60,268,297],[55,269,296],[58,272,295],[59,271,297],[57,266,295],[47,95,97],[48,96,101],[46,93,102],[48,91,100],
[47,94,99],[46,92,98],[40,169,253],[44,163,256],[45,167,250],[42,165,247],[43,171,259],[41,173,262],[27,145,245],[26,148,242],
[25,151,241],[24,157,246],[22,154,243],[23,142,244],[82,217,251],[81,229,263],[83,226,260],[79,223,254],[80,220,248],[84,214,257],
[82,170,199],[79,168,200],[84,166,201],[81,172,198],[83,174,197],[80,164,196],[30,68,204],[33,64,210],[32,72,208],[28,66,206],
[31,70,202],[29,62,212],[9,77,157],[8,76,145],[7,74,142],[6,73,154],[5,75,151],[4,78,148],[13,153,238],[14,159,238],
[10,156,239],[12,150,240],[15,147,239],[11,144,240],[153,175,259],[150,178,247],[144,179,253],[156,177,262],[147,176,256],[159,180,250],
[95,285,290],[93,281,293],[94,283,287],[91,275,292],[96,277,289],[92,279,286],[24,111,214],[26,108,226],[22,107,223],[25,106,220],
[27,109,217],[23,110,229],[3,75,77],[2,74,78],[1,73,76],[64,203,218],[68,209,230],[70,211,224],[66,213,215],[62,207,221],
[72,205,227],[95,150,179],[94,147,177],[93,153,180],[92,156,176],[91,159,175],[96,144,178],[18,115,121],[19,116,120],[17,114,119],
[16,117,122],[21,113,118],[20,112,123],[72,100,179],[64,102,177],[66,98,175],[62,101,180],[70,97,176],[68,99,178],[63,82,93],
[67,81,94],[71,83,91],[69,79,95],[61,80,96],[65,84,92],[26,58,125],[27,59,131],[25,55,128],[24,56,134],[22,60,137],
[23,57,140],[97,126,262],[98,138,250],[100,135,247],[101,141,259],[102,129,256],[99,132,253],[56,58,60],[55,57,59],[38,221,249],
[34,224,255],[37,227,261],[39,218,252],[36,215,258],[35,230,264],[27,103,228],[22,105,222],[23,104,216],[26,103,219],[24,104,231],
[25,105,225],[37,111,227],[36,107,215],[34,108,224],[39,106,218],[38,110,221],[35,109,230],[27,65,103],[22,67,105],[25,71,105],
[23,69,104],[26,61,103],[24,63,104],[15,56,134],[11,60,137],[14,59,131],[13,58,125],[12,55,128],[10,57,140],[63,93,153],
[65,92,156],[67,94,147],[71,91,159],[61,96,144],[69,95,150],[22,60,107],[24,56,111],[26,58,108],[23,57,110],[27,59,109],
[25,55,106],[82,93,281],[81,94,283],[83,91,275],[79,95,285],[84,92,279],[80,96,277],[72,179,253],[70,176,256],[62,180,250],
[68,178,247],[64,177,262],[66,175,259],[10,156,176],[13,153,180],[14,159,175],[12,150,179],[11,144,178],[15,147,177],[3,9,77],
[3,5,75],[2,4,78],[1,8,76],[1,6,73],[2,7,74],[144,240,253],[153,238,259],[159,238,250],[150,240,247],[156,239,262],
[147,239,256],[81,127,259],[84,124,247],[79,133,250],[82,139,253],[83,136,262],[80,130,256],[33,64,203],[31,70,211],[32,72,205],
[30,68,209],[29,62,207],[28,66,213],[5,25,151],[4,26,148],[8,27,145],[9,24,157],[7,23,142],[6,22,154],[40,132,253],
[41,126,262],[45,138,250],[42,135,247],[43,141,259],[44,129,256],[46,98,175],[48,100,179],[47,97,176],[47,99,178],[48,101,180],
[46,102,177],[56,60,296],[55,57,296],[57,59,295],[55,59,297],[56,58,295],[58,60,297],[24,175,214],[26,179,226],[22,176,223],
[25,180,220],[23,178,229],[27,177,217],[68,139,230],[62,127,221],[70,136,224],[66,133,215],[72,124,227],[64,130,218],[20,123,203],
[19,120,209],[17,119,205],[18,121,207],[21,118,211],[16,122,213],[35,67,194],[34,69,192],[36,65,195],[38,61,193],[37,71,190],
[39,63,191],[103,116,219],[103,113,228],[104,115,231],[105,117,225],[105,112,222],[104,114,216],[94,251,287],[95,260,290],[96,263,289],
[91,257,292],[92,254,286],[93,248,293],[15,22,222],[13,24,231],[11,26,219],[12,23,216],[14,25,225],[10,27,228],[97,126,294],
[98,138,291],[100,135,288],[101,141,288],[99,132,294],[102,129,291],[13,34,255],[15,37,261],[10,38,249],[12,39,252],[14,35,264],
[11,36,258],[230,245,264],[221,244,249],[224,242,255],[227,246,261],[215,243,258],[218,241,252],[19,116,287],[21,113,290],[18,115,289],
[17,114,292],[20,112,293],[16,117,286],[82,199,298],[81,198,300],[83,197,298],[79,200,299],[80,196,299],[84,201,300],[52,82,217],
[54,81,229],[53,83,226],[49,79,223],[51,84,214],[50,80,220],[32,254,281],[29,251,285],[28,260,283],[33,263,275],[31,257,277],
[30,248,279],[4,54,75],[8,49,77],[5,51,78],[9,50,76],[7,53,73],[6,52,74],[3,45,88],[3,43,86],[2,42,90],
[2,40,85],[1,41,87],[1,44,89],[12,240,281],[15,239,275],[13,238,285],[11,240,279],[14,238,283],[10,239,277],[45,156,174],
[44,153,172],[43,144,170],[42,159,168],[40,147,164],[41,150,166],[240,275,283],[238,277,279],[239,281,285],[111,194,267],[108,191,273],
[107,193,270],[109,190,273],[110,195,267],[106,192,270],[123,155,192],[122,152,193],[118,146,191],[121,158,195],[119,143,194],[120,149,190],
[50,154,156],[49,151,153],[51,142,144],[54,157,159],[52,148,150],[53,145,147],[65,102,165],[67,97,171],[69,99,167],[61,100,163],
[71,101,173],[63,98,169],[25,161,203],[26,162,211],[24,160,205],[27,162,209],[23,160,207],[22,161,213],[3,32,192],[3,33,194],
[1,30,193],[2,29,191],[1,28,190],[2,31,195],[6,34,49],[7,35,54],[9,36,51],[5,38,50],[4,37,53],[8,39,52],
[19,56,71],[16,57,61],[17,59,67],[21,55,63],[18,60,65],[20,58,69],[11,91,209],[12,94,205],[14,96,213],[13,92,207],
[15,95,203],[10,93,211],[8,25,161],[6,26,162],[5,23,160],[4,24,160],[7,27,162],[9,22,161],[5,50,154],[4,53,145],
[9,51,142],[6,49,151],[7,54,157],[8,52,148],[33,143,194],[32,155,192],[30,152,193],[31,158,195],[28,149,190],[29,146,191],
[107,122,193],[111,119,194],[108,118,191],[110,121,195],[106,123,192],[109,120,190],[41,52,150],[45,50,156],[44,49,153],[42,54,159],
[43,51,144],[40,53,147],[139,238,285],[136,238,283],[130,240,279],[124,239,277],[127,239,275],[133,240,281],[8,77,222],[4,75,216],
[5,78,231],[9,76,225],[6,74,228],[7,73,219],[28,43,86],[29,45,88],[30,42,90],[32,40,85],[31,44,89],[33,41,87],
[1,28,41],[2,29,40],[2,31,42],[3,32,45],[1,30,44],[3,33,43],[36,51,78],[34,49,77],[35,54,75],[38,50,76],
[39,52,74],[37,53,73],[31,238,277],[28,240,283],[30,238,279],[33,240,275],[32,239,281],[29,239,285],[65,102,291],[63,98,291],
[61,100,288],[67,97,294],[71,101,288],[69,99,294],[29,94,251],[32,92,254],[28,95,260],[33,96,263],[30,93,248],[31,91,257],
[7,35,194],[6,34,192],[9,36,195],[5,38,193],[8,39,191],[4,37,190],[43,141,222],[45,138,216],[41,126,225],[42,135,228],
[44,129,219],[40,132,231],[5,25,203],[4,26,211],[9,24,205],[8,27,209],[7,23,207],[6,22,213],[1,6,193],[3,9,194],
[3,5,192],[2,4,191],[2,7,195],[1,8,190],[39,72,253],[38,70,256],[34,62,250],[36,68,247],[35,66,259],[37,64,262],
[12,82,281],[14,81,283],[15,83,275],[13,79,285],[10,80,277],[11,84,279],[65,156,174],[63,153,172],[61,144,170],[71,159,168],
[69,150,166],[67,147,164],[108,224,273],[111,227,267],[106,218,270],[107,215,270],[109,230,273],[110,221,267],[65,103,165],[67,105,171],
[69,104,167],[61,103,163],[71,105,173],[63,104,169],[52,82,298],[50,80,299],[49,79,299],[54,81,300],[51,84,300],[53,83,298],
[116,219,287],[113,228,290],[114,216,292],[115,231,289],[117,225,286],[112,222,293],[139,230,245],[127,221,244],[130,218,241],[136,224,242],
[133,215,243],[124,227,246],[46,175,214],[48,179,226],[47,176,223],[48,180,220],[46,177,217],[47,178,229],[33,123,203],[32,119,205],
[30,120,209],[31,118,211],[28,122,213],[29,121,207],[124,240,247],[133,238,250],[139,240,253],[130,239,256],[136,239,262],[127,238,259],
[11,178,258],[13,180,255],[12,179,252],[14,175,264],[15,177,261],[10,176,249],[60,107,296],[56,111,295],[58,108,297],[57,110,296],
[55,106,297],[59,109,295],[15,134,222],[14,131,225],[13,125,231],[11,137,219],[10,140,228],[12,128,216],[33,97,261],[32,99,252],
[28,101,264],[31,102,249],[30,100,258],[29,98,255],[17,284,290],[21,278,286],[20,282,287],[19,276,289],[16,274,292],[18,280,293],
[2,48,85],[3,46,86],[1,47,89],[3,48,88],[1,46,87],[2,47,90],[78,282,294],[77,276,288],[76,284,294],[75,278,291],
[73,280,291],[74,274,288],[41,195,232],[40,193,236],[43,191,235],[42,192,233],[45,190,234],[44,194,237],[205,256,258],[213,253,255],
[209,250,252],[207,262,264],[203,247,249],[211,259,261],[123,224,225],[119,230,231],[120,227,228],[122,221,222],[121,215,216],[118,218,219],
[94,208,209],[92,212,213],[95,210,211],[93,202,203],[96,206,207],[91,204,205],[130,187,191],[139,183,194],[136,184,192],[124,189,190],
[133,181,195],[127,186,193],[90,123,201],[89,119,196],[88,120,200],[87,121,197],[85,122,199],[86,118,198],[9,171,219],[5,167,228],
[4,169,222],[6,163,231],[8,173,216],[7,165,225],[17,58,209],[21,60,203],[20,59,211],[19,57,205],[16,56,207],[18,55,213],
[33,156,238],[32,144,238],[31,147,240],[28,153,239],[30,150,239],[29,159,240],[85,129,197],[89,141,200],[90,138,198],[86,132,201],
[87,135,199],[88,126,196],[34,46,206],[39,47,204],[38,46,210],[36,48,208],[37,47,202],[35,48,212],[8,67,194],[4,69,192],
[6,65,195],[7,61,193],[5,63,191],[9,71,190],[11,37,60],[14,38,59],[13,36,58],[15,34,56],[10,39,57],[12,35,55],
[37,111,249],[38,110,261],[36,107,252],[39,106,258],[34,108,264],[35,109,255],[46,222,273],[48,216,273],[46,225,267],[48,231,270],
[47,219,267],[47,228,270],[13,36,252],[11,37,249],[14,38,261],[12,35,255],[15,34,264],[10,39,258],[47,204,270],[46,206,273],
[48,212,273],[46,210,267],[48,208,270],[47,202,267],[85,122,129],[90,123,138],[89,119,141],[86,118,132],[88,120,126],[87,121,135],
[123,201,224],[119,196,230],[120,200,227],[118,198,218],[122,199,221],[121,197,215],[60,203,247],[57,205,256],[59,211,259],[56,207,262],
[55,213,253],[58,209,250],[41,133,195],[45,124,190],[44,139,194],[42,136,192],[40,127,193],[43,130,191],[114,280,291],[117,282,294],
[113,276,288],[115,284,294],[112,274,288],[116,278,291],[46,87,199],[48,85,197],[46,86,201],[48,88,196],[47,89,200],[47,90,198],
[17,284,287],[18,280,286],[20,282,290],[19,276,292],[21,278,293],[16,274,289],[32,107,252],[31,111,249],[33,110,261],[30,106,258],
[29,109,255],[28,108,264],[17,209,290],[21,203,286],[20,211,287],[19,205,289],[18,213,293],[16,207,292],[18,37,60],[17,38,59],
[20,36,58],[19,34,56],[21,35,55],[16,39,57],[14,96,206],[13,92,212],[12,94,208],[15,95,210],[11,91,204],[10,93,202],
[122,134,222],[123,131,225],[119,125,231],[118,137,219],[121,128,216],[120,140,228],[178,205,258],[180,213,255],[179,209,252],[176,203,249],
[177,211,261],[175,207,264],[3,46,214],[2,48,226],[1,47,223],[3,48,220],[2,47,229],[1,46,217],[7,225,286],[9,219,287],
[5,228,290],[4,222,293],[6,231,289],[8,216,292],[1,103,165],[1,105,171],[3,104,169],[2,104,167],[2,103,163],[3,105,173],
[222,230,273],[216,224,273],[215,228,270],[225,227,267],[219,221,267],[218,231,270],[12,82,92],[13,79,94],[14,81,95],[15,83,96],
[10,80,91],[11,84,93],[39,47,72],[38,46,70],[34,46,62],[36,48,68],[37,47,64],[35,48,66],[9,71,194],[8,67,190],
[5,63,192],[7,61,195],[4,69,191],[6,65,193],[46,141,222],[48,138,216],[46,126,225],[48,132,231],[47,135,228],[47,129,219],
[7,183,194],[9,181,195],[5,186,193],[8,187,191],[4,189,190],[6,184,192],[28,95,211],[29,94,209],[31,91,205],[32,92,213],
[33,96,207],[30,93,203],[31,156,238],[30,144,238],[33,147,240],[29,153,239],[28,159,240],[32,150,239],[37,73,291],[36,78,294],
[34,77,288],[35,75,291],[39,74,288],[38,76,294],[28,41,232],[29,40,236],[31,42,233],[32,45,234],[33,43,235],[30,44,237],
[9,190,225],[8,194,222],[4,192,216],[6,195,228],[5,191,231],[7,193,219],[30,90,100],[28,86,101],[33,87,97],[29,88,98],
[31,89,102],[32,85,99],[32,139,238],[33,136,238],[31,130,240],[28,127,239],[29,133,240],[30,124,239],[6,162,163],[8,161,173],
[7,162,165],[4,160,169],[9,161,171],[5,160,167],[136,239,242],[133,238,243],[139,240,245],[124,240,246],[127,238,244],[130,239,241],
[65,174,291],[69,166,294],[63,172,291],[61,170,288],[67,164,294],[71,168,288],[41,52,298],[45,50,299],[44,49,299],[42,54,300],
[40,53,298],[43,51,300],[107,122,296],[111,119,295],[108,118,297],[110,121,296],[109,120,295],[106,123,297],[33,123,143],[32,119,155],
[30,120,152],[31,118,158],[29,121,146],[28,122,149],[8,148,209],[5,154,203],[4,145,211],[9,142,205],[6,151,213],[7,157,207],
[51,52,105],[50,53,104],[49,54,103],[43,120,133],[40,123,124],[44,121,136],[42,122,139],[45,118,127],[41,119,130],[101,215,264],
[97,218,261],[98,221,255],[99,227,252],[102,224,249],[100,230,258],[2,289,290],[3,292,293],[1,286,287],[123,292,294],[121,290,291],
[119,293,294],[120,286,288],[118,289,291],[122,287,288],[46,242,244],[47,241,246],[48,243,245],[116,255,266],[117,252,265],[114,249,272],
[113,264,268],[115,261,269],[112,258,271],[14,188,239],[13,188,240],[12,185,238],[10,182,240],[15,182,238],[11,185,239],[124,255,272],
[127,252,269],[139,249,266],[136,258,268],[130,264,271],[133,261,265],[93,97,111],[95,102,110],[91,99,106],[92,101,109],[94,100,107],
[96,98,108],[135,152,231],[141,149,216],[132,155,228],[126,143,219],[138,146,222],[129,158,225],[50,117,211],[51,115,209],[53,116,203],
[52,113,205],[49,112,207],[54,114,213],[19,71,213],[17,67,203],[21,63,207],[16,61,209],[20,69,205],[18,65,211],[14,141,213],
[15,126,203],[13,138,207],[11,135,209],[12,132,205],[10,129,211],[91,209,215],[94,205,218],[93,211,221],[96,213,230],[95,203,227],
[92,207,224],[37,123,262],[39,119,253],[35,122,259],[38,118,256],[34,121,250],[36,120,247],[41,225,259],[43,222,262],[45,216,253],
[42,228,256],[40,231,250],[44,219,247],[76,116,225],[77,114,222],[74,115,228],[75,112,216],[73,117,219],[78,113,231],[25,28,43],
[23,32,40],[26,30,42],[22,33,41],[27,31,44],[24,29,45],[139,215,285],[124,218,277],[136,221,283],[130,227,279],[133,230,281],
[127,224,275],[8,25,219],[6,26,225],[5,23,222],[4,24,228],[9,22,216],[7,27,231],[3,122,224],[3,121,230],[1,118,227],
[2,120,218],[1,123,221],[2,119,215],[19,73,90],[17,75,85],[16,76,86],[21,74,89],[20,77,87],[18,78,88],[73,90,285],
[75,85,277],[76,86,281],[74,89,283],[78,88,275],[77,87,279],[25,28,219],[26,30,225],[22,33,216],[23,32,222],[24,29,228],
[27,31,231],[19,73,117],[17,75,112],[21,74,115],[16,76,116],[18,78,113],[20,77,114],[8,117,219],[6,116,225],[5,114,222],
[4,115,228],[9,112,216],[7,113,231],[91,139,215],[94,124,218],[93,136,221],[96,133,230],[92,127,224],[95,130,227],[19,141,213],
[17,126,203],[21,138,207],[16,135,209],[18,129,211],[20,132,205],[11,135,152],[14,141,149],[12,132,155],[15,126,143],[13,138,146],
[10,129,158],[115,133,261],[116,124,255],[117,127,252],[114,139,249],[112,136,258],[113,130,264],[36,120,288],[37,123,294],[35,122,288],
[38,118,291],[34,121,291],[39,119,294],[215,264,285],[218,261,277],[221,255,283],[227,252,279],[224,249,275],[230,258,281],[99,106,227],
[97,111,218],[101,109,215],[100,107,230],[98,108,221],[102,110,224],[23,40,123],[25,43,120],[24,45,118],[26,42,122],[27,44,121],
[22,41,119],[54,103,213],[53,104,203],[49,103,207],[52,105,205],[50,104,211],[51,105,209],[122,139,287],[123,124,292],[121,136,290],
[120,133,286],[119,130,293],[118,127,289],[3,121,146],[2,120,152],[2,119,155],[1,123,143],[3,122,149],[1,118,158],[13,240,245],
[14,239,242],[12,238,243],[10,240,246],[11,239,241],[15,238,244],[36,162,163],[37,161,171],[35,161,173],[38,162,165],[34,160,169],
[39,160,167],[31,130,271],[28,127,269],[30,124,272],[32,139,266],[29,133,265],[33,136,268],[19,90,100],[16,86,101],[20,87,97],
[18,88,98],[17,85,99],[21,89,102],[190,225,259],[194,222,262],[192,216,253],[195,228,256],[193,219,247],[191,231,250],[71,194,213],
[67,190,203],[63,192,207],[61,195,209],[69,191,205],[65,193,211],[48,66,245],[47,72,241],[46,70,244],[46,62,242],[48,68,243],
[47,64,246],[12,92,101],[14,95,102],[15,96,98],[11,93,97],[13,94,100],[10,91,99],[129,225,227],[141,216,224],[132,215,228],
[126,219,221],[135,218,231],[138,222,230],[2,104,290],[1,103,286],[1,105,287],[3,105,292],[2,103,289],[3,104,293],[3,214,230],
[2,218,226],[1,217,227],[2,215,229],[1,221,223],[3,220,224],[178,205,218],[180,213,230],[179,209,215],[176,203,227],[175,207,224],
[177,211,221],[122,134,259],[123,131,262],[119,125,253],[118,137,256],[120,140,247],[121,128,250],[14,188,206],[13,188,212],[10,182,202],
[12,185,208],[11,185,204],[15,182,210],[117,211,294],[113,205,288],[115,209,294],[116,203,291],[114,213,291],[112,207,288],[40,58,250],
[44,60,247],[41,59,259],[43,56,262],[45,55,253],[42,57,256],[122,201,224],[121,196,230],[118,200,227],[120,198,218],[119,197,215],
[123,199,221],[25,212,273],[23,204,270],[24,206,273],[27,210,267],[22,202,267],[26,208,270],[13,252,265],[11,249,272],[14,261,269],
[12,255,266],[10,258,271],[15,264,268],[39,170,288],[38,164,294],[37,174,291],[36,166,294],[34,168,288],[35,172,291],[28,211,232],
[29,209,236],[31,205,233],[32,213,234],[30,203,237],[33,207,235],[7,183,286],[9,181,287],[5,186,290],[8,187,292],[6,184,289],
[4,189,293],[148,209,290],[154,203,286],[145,211,287],[142,205,289],[157,207,292],[151,213,293],[30,106,144],[33,110,147],[28,108,159],
[29,109,153],[32,107,150],[31,111,156],[18,37,286],[17,38,287],[20,36,290],[19,34,292],[16,39,289],[21,35,293],[46,141,199],
[48,138,197],[46,126,201],[48,132,196],[47,129,198],[47,135,200],[41,133,298],[45,124,299],[44,139,299],[42,136,300],[43,130,300],
[40,127,298],[122,129,296],[119,141,295],[118,132,297],[121,135,296],[123,138,297],[120,126,295],[80,84,162],[79,82,160],[81,83,161],
[40,54,124],[42,53,139],[43,50,133],[44,52,136],[41,49,130],[45,51,127],[4,25,54],[9,27,50],[8,24,49],[7,22,53],
[6,23,52],[5,26,51],[87,131,219],[90,140,231],[86,134,216],[88,128,222],[89,137,225],[85,125,228],[217,219,224],[227,229,231],
[214,216,221],[218,223,225],[215,220,222],[226,228,230],[102,117,181],[97,116,183],[101,114,189],[100,115,186],[98,112,187],[99,113,184],
[17,102,232],[21,101,234],[19,98,235],[18,97,237],[16,99,233],[20,100,236],[31,39,68],[28,38,64],[30,37,70],[29,36,72],
[32,35,62],[33,34,66],[72,81,127],[62,84,124],[64,79,133],[70,82,139],[66,80,130],[68,83,136],[25,71,97],[27,65,100],
[22,67,101],[23,69,98],[24,63,99],[26,61,102],[82,92,116],[84,93,114],[79,94,117],[81,95,115],[83,96,113],[80,91,112],
[1,11,165],[1,14,171],[3,12,169],[2,13,167],[3,15,173],[2,10,163],[127,284,287],[124,280,286],[130,274,289],[139,278,293],
[136,276,292],[133,282,290],[116,241,278],[114,243,280],[117,242,282],[113,246,276],[115,245,284],[112,244,274],[118,119,122],[120,121,123],
[129,132,141],[126,135,138],[66,106,116],[72,110,112],[68,108,117],[70,109,115],[62,111,113],[64,107,114],[276,280,282],[274,278,284],
[196,280,282],[198,276,280],[197,278,284],[201,274,284],[200,274,278],[199,276,282],[45,241,278],[40,242,282],[44,243,280],[43,246,276],
[42,244,274],[41,245,284],[124,146,280],[127,155,284],[130,149,274],[136,152,276],[133,143,282],[139,158,278],[82,106,116],[80,110,112],
[79,108,117],[81,109,115],[84,107,114],[83,111,113],[92,116,241],[93,114,243],[95,115,245],[94,117,242],[91,112,244],[96,113,246],
[68,136,292],[72,127,287],[64,133,290],[70,139,293],[62,124,286],[66,130,289],[20,100,115],[17,102,117],[21,101,114],[19,98,112],
[16,99,113],[18,97,116],[87,219,224],[90,227,231],[86,216,221],[88,215,222],[85,228,230],[89,218,225],[6,23,98],[5,26,102],
[8,24,99],[4,25,97],[7,22,101],[9,27,100],[45,51,60],[40,54,59],[42,53,56],[43,50,57],[41,49,58],[44,52,55],
[25,54,124],[24,49,130],[22,53,139],[23,52,136],[26,51,127],[27,50,133],[66,80,162],[72,81,161],[68,83,161],[62,84,162],
[64,79,160],[70,82,160],[1,11,158],[1,14,143],[3,12,146],[2,13,155],[2,10,152],[3,15,149],[132,141,199],[126,138,197],
[135,138,200],[126,135,201],[129,132,196],[129,141,198],[66,106,144],[72,110,147],[68,108,159],[62,111,156],[64,107,150],[70,109,153],
[31,39,170],[28,38,164],[30,37,174],[29,36,166],[33,34,168],[32,35,172],[121,123,196],[120,123,199],[118,119,197],[119,122,201],
[118,122,200],[120,121,198],[45,55,171],[40,58,165],[44,60,173],[41,59,163],[42,57,169],[43,56,167],[94,182,210],[91,188,206],
[96,185,204],[95,185,208],[93,188,212],[92,182,202],[14,102,232],[12,101,234],[13,100,236],[15,98,235],[10,99,233],[11,97,237],
[68,117,243],[66,116,245],[72,112,241],[70,115,244],[64,114,246],[62,113,242],[19,65,100],[16,67,101],[20,71,97],[18,69,98],
[21,61,102],[17,63,99],[31,68,271],[28,64,269],[30,70,272],[32,62,266],[33,66,268],[29,72,265],[106,227,229],[111,218,223],
[107,226,230],[109,215,220],[110,217,224],[108,214,221],[11,152,165],[13,146,167],[14,149,171],[12,155,169],[10,158,163],[15,143,173],
[8,117,181],[6,116,183],[5,114,189],[4,115,186],[7,113,184],[9,112,187],[31,140,231],[28,131,219],[33,134,216],[32,128,222],
[29,125,228],[30,137,225],[37,183,286],[38,181,287],[36,186,290],[34,187,292],[35,189,293],[39,184,289],[205,233,288],[211,232,294],
[207,235,288],[203,237,291],[209,236,294],[213,234,291],[175,220,224],[177,221,223],[180,214,230],[178,218,226],[179,215,229],[176,217,227],
[104,148,290],[103,154,286],[104,151,293],[103,142,289],[105,145,287],[105,157,292],[141,224,295],[129,227,296],[126,221,295],[132,215,297],
[138,230,297],[135,218,296],[131,194,262],[134,190,259],[125,192,253],[137,195,256],[128,191,250],[140,193,247],[11,241,272],[13,245,265],
[14,242,269],[12,243,266],[15,244,268],[10,246,271],[104,193,211],[103,194,213],[104,190,203],[103,192,207],[105,195,209],[105,191,205],
[23,123,204],[25,120,212],[24,118,206],[22,119,202],[26,122,208],[27,121,210],[36,162,288],[37,161,294],[35,161,288],[38,162,291],
[39,160,294],[34,160,291],[115,133,298],[117,127,298],[116,124,299],[114,139,299],[113,130,300],[112,136,300],[91,139,287],[94,124,292],
[93,136,290],[96,133,286],[92,127,289],[95,130,293],[19,117,141],[16,116,135],[17,112,126],[21,115,138],[20,114,132],[18,113,129],
[76,258,281],[73,264,285],[75,261,277],[74,255,283],[77,252,279],[78,249,275],[111,191,220],[109,195,223],[107,194,217],[106,190,214],
[110,192,226],[108,193,229],[77,98,157],[76,102,145],[74,99,142],[73,97,154],[75,101,151],[78,100,148],[153,175,258],[150,178,264],
[144,179,261],[156,177,252],[159,180,249],[147,176,255],[16,98,168],[20,102,164],[19,99,170],[18,101,172],[17,100,166],[21,97,174],
[56,71,153],[57,61,150],[55,63,159],[58,69,144],[59,67,156],[60,65,147],[8,36,163],[6,35,173],[4,38,165],[7,34,169],
[5,37,171],[9,39,167],[90,134,285],[89,128,283],[85,131,277],[86,140,281],[87,125,279],[88,137,275],[106,126,169],[111,132,173],
[108,129,167],[110,138,163],[107,141,165],[109,135,171],[128,148,283],[140,154,281],[134,145,285],[125,151,279],[131,157,277],[137,142,275],
[71,153,258],[61,150,264],[69,144,261],[67,156,252],[65,147,255],[63,159,249],[16,77,98],[20,76,102],[19,74,99],[17,78,100],
[21,73,97],[18,75,101],[74,176,255],[76,175,258],[73,178,264],[75,179,261],[78,180,249],[77,177,252],[89,128,191],[88,137,195],
[90,134,190],[87,125,192],[86,140,193],[85,131,194],[175,191,220],[177,195,223],[180,190,214],[178,192,226],[179,193,229],[176,194,217],
[6,35,189],[5,37,183],[8,36,186],[4,38,181],[9,39,184],[7,34,187],[5,171,189],[8,163,181],[4,165,186],[6,173,183],
[9,167,187],[7,169,184],[141,152,165],[135,149,171],[138,158,163],[126,155,169],[132,143,173],[129,146,167],[109,171,220],[106,169,229],
[111,173,223],[108,167,214],[110,163,217],[107,165,226],[20,71,164],[16,67,168],[19,65,170],[18,69,172],[21,61,174],[17,63,166],
[111,132,199],[109,135,201],[107,141,198],[106,126,197],[108,129,196],[110,138,200],[45,60,147],[42,56,153],[43,57,150],[44,55,159],
[41,58,144],[40,59,156],[6,98,157],[5,102,145],[8,99,142],[4,97,154],[9,100,148],[7,101,151],[83,111,220],[81,109,223],
[80,110,226],[79,108,229],[82,106,214],[84,107,217],[196,271,280],[198,269,276],[199,266,282],[197,268,284],[200,265,278],[201,272,274],
[104,148,193],[103,154,194],[104,151,190],[103,142,192],[105,157,191],[105,145,195],[162,233,288],[161,232,294],[161,235,288],[162,237,291],
[160,234,291],[160,236,294],[117,141,243],[116,135,245],[112,126,241],[115,138,244],[113,129,242],[114,132,246],[12,146,234],[14,143,232],
[15,149,235],[13,155,236],[11,158,237],[10,152,233],[91,206,287],[94,210,292],[93,212,290],[95,208,293],[92,202,289],[96,204,286],
[123,196,204],[120,199,212],[118,197,206],[119,201,202],[121,198,210],[122,200,208],[30,137,174],[31,140,170],[32,128,172],[28,131,164],
[29,125,166],[33,134,168],[66,144,162],[72,147,161],[68,159,161],[62,156,162],[70,153,160],[64,150,160],[87,224,295],[88,215,297],
[90,227,296],[86,221,295],[89,218,296],[85,230,297],[16,113,300],[20,115,298],[19,112,300],[17,117,298],[21,114,299],[18,116,299],
[72,265,287],[68,271,292],[64,269,290],[70,272,293],[62,266,286],[66,268,289],[92,241,272],[94,242,269],[91,244,268],[96,246,271],
[93,243,266],[95,245,265],[25,124,146],[26,127,155],[27,133,143],[24,130,149],[22,139,158],[23,136,152],[45,171,241],[40,165,242],
[44,173,243],[43,167,246],[41,163,245],[42,169,244],[111,168,191],[109,164,195],[107,174,194],[106,172,190],[108,166,193],[110,170,192],
[50,53,182],[49,54,188],[51,52,185],[257,264,277],[251,261,285],[249,254,281],[248,255,279],[258,263,275],[252,260,283],[74,263,264],
[76,251,252],[78,260,261],[75,248,249],[73,254,255],[77,257,258],[61,92,182],[71,94,182],[67,91,188],[65,96,185],[69,93,188],
[63,95,185],[55,171,204],[59,163,212],[58,165,206],[56,167,202],[57,169,210],[60,173,208],[51,60,83],[54,59,80],[53,56,79],
[50,57,82],[52,55,81],[49,58,84],[53,155,284],[50,146,280],[51,149,274],[54,152,276],[49,158,278],[52,143,282],[45,181,278],
[44,187,280],[41,184,284],[43,186,276],[40,183,282],[42,189,274],[83,196,282],[80,197,278],[79,198,280],[84,199,276],[81,200,274],
[82,201,284],[87,88,90],[85,86,89],[84,186,276],[80,181,278],[83,183,282],[81,189,274],[82,184,284],[79,187,280],[58,84,199],
[57,82,201],[60,83,196],[59,80,197],[56,79,198],[55,81,200],[77,258,275],[74,264,277],[78,261,285],[75,249,281],[76,252,283],
[73,255,279],[53,155,182],[54,152,188],[51,149,185],[49,158,188],[52,143,185],[50,146,182],[61,92,272],[71,94,269],[67,91,268],
[65,96,271],[63,95,265],[69,93,266],[85,89,297],[88,90,296],[87,90,295],[85,86,295],[86,89,296],[87,88,297],[125,166,193],
[134,168,191],[131,164,195],[137,174,194],[140,170,192],[128,172,190],[55,196,204],[59,199,212],[58,197,206],[56,201,202],[60,200,208],
[57,198,210],[51,272,274],[54,269,276],[53,268,284],[50,271,280],[49,265,278],[52,266,282],[51,83,220],[54,80,226],[53,79,229],
[50,82,214],[49,84,217],[52,81,223],[42,153,189],[40,156,183],[43,150,186],[45,147,181],[44,159,187],[41,144,184],[111,168,199],
[109,164,201],[108,166,196],[107,174,198],[110,170,200],[106,172,197],[71,164,182],[67,168,188],[65,170,185],[69,172,188],[63,166,185],
[61,174,182],[171,204,220],[165,206,226],[169,210,229],[163,212,217],[167,202,214],[173,208,223],[74,176,263],[73,178,254],[76,175,251],
[77,177,257],[78,180,260],[75,179,248],[61,257,264],[71,258,263],[67,252,260],[65,248,255],[63,249,254],[69,251,261],[204,266,286],
[206,265,287],[210,271,292],[212,269,290],[202,268,289],[208,272,293],[25,146,234],[27,143,232],[24,149,235],[26,155,236],[23,152,233],
[22,158,237],[144,162,233],[147,161,232],[159,161,235],[156,162,237],[150,160,236],[153,160,234],[126,155,241],[141,152,243],[135,149,245],
[138,158,244],[132,143,246],[129,146,242],[171,189,241],[173,183,243],[163,181,245],[169,184,244],[167,187,246],[165,186,242],[6,157,189],
[5,145,183],[8,142,186],[4,154,181],[7,151,187],[9,148,184],[89,175,191],[88,177,195],[90,180,190],[87,178,192],[85,176,194],
[86,179,193],[16,77,300],[20,76,298],[19,74,300],[17,78,298],[18,75,299],[21,73,299],[148,193,283],[154,194,281],[151,190,279],
[142,192,275],[145,195,285],[157,191,277],[80,84,273],[81,83,270],[79,82,267],[24,176,273],[25,178,273],[26,175,270],[23,177,270],
[27,180,267],[22,179,267],[199,233,266],[200,235,265],[196,232,271],[198,234,269],[197,237,268],[201,236,272],[134,145,233],[140,154,235],
[125,151,232],[137,142,234],[128,148,237],[131,157,236],[145,233,266],[154,235,265],[151,232,271],[142,234,269],[157,236,272],[148,237,268],
[137,153,234],[128,156,237],[131,150,236],[134,144,233],[140,159,235],[125,147,232],[26,175,236],[23,177,233],[25,178,234],[27,180,232],
[22,179,237],[24,176,235],[176,263,273],[178,254,273],[175,251,270],[177,257,270],[179,248,267],[180,260,267],[58,197,237],[57,198,234],
[55,196,232],[59,199,233],[56,201,236],[60,200,235],[84,186,273],[80,181,273],[83,183,270],[79,187,267],[82,184,267],[81,189,270],
[155,189,241],[152,183,243],[149,181,245],[158,184,244],[146,186,242],[143,187,246],[61,257,272],[71,263,269],[67,260,268],[65,248,271],
[69,251,266],[63,254,265],[204,220,266],[206,226,265],[210,229,271],[212,217,269],[208,223,272],[202,214,268],[153,157,189],[145,156,183],
[142,150,186],[147,154,181],[144,148,184],[151,159,187],[51,220,272],[54,226,269],[53,229,268],[50,214,271],[52,223,266],[49,217,265],
[125,193,283],[140,192,275],[137,194,281],[128,190,279],[134,191,277],[131,195,285],[89,175,297],[88,177,296],[90,180,295],[87,178,297],
[86,179,296],[85,176,295],[155,164,182],[152,168,188],[149,170,185],[158,172,188],[146,174,182],[143,166,185],[76,283,298],[77,275,300],
[74,277,300],[78,285,298],[73,279,299],[75,281,299],[58,168,199],[57,164,201],[60,166,196],[55,170,200],[59,172,197],[56,174,198],
[155,164,189],[152,168,183],[149,170,181],[158,172,184],[143,166,187],[146,174,186],[125,283,298],[137,281,299],[140,275,300],[128,279,299],
[134,277,300],[131,285,298],[220,257,272],[226,263,269],[229,260,268],[214,248,271],[217,254,265],[223,251,266],[56,174,236],[58,168,237],
[59,172,233],[57,164,234],[60,166,235],[55,170,232],[186,263,273],[181,254,273],[183,251,270],[189,257,270],[184,260,267],[187,248,267],
[175,236,297],[179,237,296],[177,233,296],[178,234,297],[176,235,295],[180,232,295],[125,147,154],[137,153,157],[140,151,159],[128,145,156],
[134,144,148],[131,142,150],[145,220,266],[154,226,265],[151,229,271],[142,217,269],[148,214,268],[157,223,272],[174,186,263],[168,183,251],
[172,184,260],[164,189,257],[170,181,254],[166,187,248],[174,236,297],[168,237,296],[172,233,296],[164,234,297],[170,232,295],[166,235,295],
[154,226,263],[157,223,251],[151,229,260],[145,220,257],[142,217,254],[148,214,248],[125,154,298],[137,157,299],[140,151,300],[128,145,299],
[131,142,298],[134,148,300],[154,263,298],[157,251,299],[151,260,300],[145,257,299],[148,248,300],[142,254,298],[174,263,297],[168,251,296],
[172,260,296],[164,257,297],[166,248,295],[170,254,295],[263,297,298],[251,296,299],[260,296,300],[257,297,299],[254,295,298],[248,295,300]];
###############################################################

