#SurfaceInfo: 484 Vertices, 2904 Edges, 1936 Faces, IsOrientable=true
 #Vertices of faces:
vof1:=[[482,483,484],[481,482,483],[480,483,484],[479,482,484],[476,477,478],[473,474,475],[470,471,472],[467,468,469],[464,465,466],[461,462,463],
[458,459,460],[455,456,457],[452,453,454],[449,450,451],[448,468,474],[447,465,477],[446,462,471],[445,446,462],[444,448,468],[443,447,465],
[461,462,471],[467,468,474],[464,465,477],[441,442,460],[439,440,459],[437,438,458],[434,435,436],[433,434,435],[432,434,436],[431,435,436],
[430,431,435],[429,432,436],[428,433,434],[425,426,427],[422,423,424],[419,420,421],[418,440,474],[417,438,477],[416,442,471],[415,443,456],
[414,445,450],[413,444,453],[418,440,453],[416,442,450],[417,438,456],[414,442,450],[413,440,453],[415,438,456],[411,412,445],[409,410,444],
[407,408,443],[406,433,455],[405,432,452],[404,431,449],[420,433,455],[423,432,452],[426,431,449],[423,430,452],[426,428,449],[420,429,455],
[420,429,466],[423,430,469],[426,428,463],[403,428,463],[402,430,469],[401,429,466],[400,407,443],[399,411,445],[398,409,444],[397,414,442],
[396,415,438],[395,413,440],[394,419,420],[393,422,423],[392,425,426],[391,429,436],[390,428,434],[389,430,435],[388,441,442],[387,439,440],
[386,437,438],[384,385,410],[382,383,412],[380,381,408],[378,379,425],[376,377,422],[374,375,419],[423,432,434],[420,433,435],[426,431,436],
[373,461,471],[372,467,474],[371,464,477],[370,444,448],[369,445,446],[368,443,447],[367,440,459],[366,438,458],[365,442,460],[363,364,412],
[361,362,408],[359,360,410],[358,439,459],[357,437,458],[356,441,460],[363,412,445],[361,408,443],[359,410,444],[418,448,474],[416,446,471],
[417,447,477],[355,455,456],[354,449,450],[353,452,453],[387,440,474],[386,438,477],[388,442,471],[367,458,459],[365,459,460],[366,458,460],
[406,455,457],[404,449,451],[405,452,454],[352,409,410],[351,407,408],[350,411,412],[374,397,414],[378,395,413],[376,396,415],[394,420,466],
[392,426,463],[393,423,469],[355,417,456],[354,416,450],[353,418,453],[347,348,349],[344,345,346],[341,342,343],[339,340,462],[337,338,468],
[335,336,465],[400,443,456],[398,444,453],[399,445,450],[415,443,465],[413,444,468],[414,445,462],[333,334,456],[331,332,450],[329,330,453],
[328,426,427],[327,420,421],[326,423,424],[324,325,362],[322,323,364],[320,321,360],[322,368,447],[324,370,448],[320,369,446],[335,465,466],
[339,462,463],[337,468,469],[319,336,465],[318,340,462],[317,338,468],[316,338,405],[315,340,404],[314,336,406],[333,456,457],[331,450,451],
[329,453,454],[364,382,412],[360,384,410],[362,380,408],[313,461,463],[312,464,466],[311,467,469],[371,476,477],[373,470,471],[372,473,474],
[384,385,476],[380,381,470],[382,383,473],[310,476,478],[309,470,472],[308,473,475],[374,414,419],[376,415,422],[378,413,425],[307,477,478],
[306,471,472],[305,474,475],[429,432,455],[428,433,449],[430,431,452],[304,333,334],[303,329,330],[302,331,332],[301,419,421],[300,422,424],
[299,425,427],[304,401,466],[303,402,469],[302,403,463],[304,406,433],[302,404,431],[303,405,432],[296,297,298],[295,296,297],[294,297,298],
[293,296,298],[310,384,476],[308,382,473],[309,380,470],[301,414,419],[299,413,425],[300,415,422],[307,351,478],[305,352,475],[306,350,472],
[290,291,292],[287,288,289],[284,285,286],[326,424,451],[328,427,457],[327,421,454],[324,362,448],[320,360,446],[322,364,447],[282,283,310],
[280,281,308],[278,279,309],[304,335,466],[302,339,463],[303,337,469],[304,401,406],[303,402,405],[302,403,404],[317,338,405],[319,336,406],
[318,340,404],[277,329,454],[276,333,457],[275,331,451],[274,364,382],[273,362,380],[272,360,384],[282,313,461],[278,311,467],[280,312,464],
[303,372,473],[302,373,470],[304,371,476],[271,432,455],[270,431,452],[269,433,449],[304,334,433],[302,332,431],[303,330,432],[267,268,432],
[265,266,433],[263,264,431],[262,301,421],[261,300,424],[260,299,427],[259,291,319],[258,285,317],[257,288,318],[260,265,299],[262,267,301],
[261,263,300],[256,262,421],[255,261,424],[254,260,427],[271,310,384],[270,308,382],[269,309,380],[253,301,414],[252,299,413],[251,300,415],
[250,305,352],[249,307,351],[248,306,350],[247,287,288],[246,290,291],[245,284,285],[267,271,432],[263,270,431],[265,269,433],[266,334,433],
[268,330,432],[264,332,431],[294,297,299],[293,298,300],[295,296,301],[317,402,405],[318,403,404],[319,401,406],[277,421,454],[275,424,451],
[276,427,457],[274,364,447],[272,360,446],[273,362,448],[282,310,461],[280,308,464],[278,309,467],[303,337,473],[304,335,476],[302,339,470],
[256,374,397],[254,378,395],[255,376,396],[267,394,466],[263,393,469],[265,392,463],[254,353,418],[255,355,417],[256,354,416],[244,297,416],
[243,298,418],[242,296,417],[240,241,415],[238,239,414],[236,237,413],[235,347,348],[234,341,342],[233,344,345],[231,232,341],[229,230,344],
[227,228,347],[226,250,341],[225,249,347],[224,248,344],[223,339,340],[222,335,336],[221,337,338],[290,400,456],[287,399,450],[284,398,453],
[292,415,465],[289,414,462],[286,413,468],[233,334,456],[234,332,450],[235,330,453],[219,220,235],[217,218,234],[215,216,233],[259,268,339],
[258,264,335],[257,266,337],[250,303,372],[249,304,371],[248,302,373],[222,280,312],[223,282,313],[221,278,311],[214,276,333],[213,275,331],
[212,277,329],[211,274,382],[210,272,384],[209,273,380],[218,290,292],[220,287,289],[216,284,286],[208,266,319],[207,268,317],[206,264,318],
[215,235,421],[219,234,424],[217,233,427],[205,214,276],[204,213,275],[203,212,277],[212,239,329],[214,237,333],[213,241,331],[211,240,382],
[210,238,384],[209,236,380],[202,211,274],[201,210,272],[200,209,273],[199,222,312],[198,223,313],[197,221,311],[266,319,337],[268,317,339],
[264,318,335],[219,234,332],[215,235,330],[217,233,334],[217,234,424],[215,233,427],[219,235,421],[220,287,399],[216,284,398],[218,290,400],
[218,292,465],[216,286,468],[220,289,462],[221,278,338],[223,282,340],[222,280,336],[226,250,372],[224,248,373],[225,249,371],[256,354,374],
[255,355,376],[254,353,378],[242,255,417],[244,256,416],[243,254,418],[227,235,347],[229,233,344],[231,234,341],[232,250,341],[230,248,344],
[228,249,347],[240,292,415],[236,286,413],[238,289,414],[220,235,348],[216,233,345],[218,234,342],[233,290,456],[234,287,450],[235,284,453],
[223,259,339],[221,257,337],[222,258,335],[250,303,352],[248,302,350],[249,304,351],[237,252,413],[241,251,415],[239,253,414],[196,273,448],
[195,272,446],[194,274,447],[193,339,470],[192,337,473],[191,335,476],[215,277,421],[217,276,427],[219,275,424],[206,318,403],[208,319,401],
[207,317,402],[297,299,416],[296,301,417],[298,300,418],[208,266,334],[206,264,332],[207,268,330],[267,271,394],[265,269,392],[263,270,393],
[256,262,397],[255,261,396],[254,260,395],[261,263,469],[260,265,463],[262,267,466],[271,310,461],[269,309,467],[270,308,464],[246,291,319],
[245,285,317],[247,288,318],[202,363,445],[200,361,443],[201,359,444],[250,350,411],[248,351,407],[249,352,409],[240,322,368],[238,320,369],
[236,324,370],[233,351,408],[234,350,412],[235,352,410],[237,328,426],[241,326,423],[239,327,420],[190,207,394],[189,208,392],[188,206,393],
[187,319,465],[186,317,468],[185,318,462],[183,184,446],[181,182,447],[179,180,448],[178,311,469],[177,313,463],[176,312,466],[175,219,400],
[174,217,398],[173,215,399],[173,343,395],[175,346,397],[174,349,396],[204,354,449],[205,355,455],[203,353,452],[205,386,477],[203,387,474],
[204,388,471],[178,418,448],[176,417,447],[177,416,446],[172,303,329],[171,302,331],[170,304,333],[168,169,376],[166,167,374],[164,165,378],
[162,163,242],[160,161,243],[158,159,244],[156,157,278],[154,155,282],[152,153,280],[198,307,477],[199,305,474],[197,306,471],[150,151,159],
[148,149,161],[146,147,163],[144,145,225],[142,143,224],[140,141,226],[253,314,336],[252,315,340],[251,316,338],[295,314,406],[293,316,405],
[294,315,404],[242,406,457],[243,405,454],[244,404,451],[139,308,475],[138,309,472],[137,310,478],[136,366,460],[135,367,458],[134,365,459],
[167,244,297],[169,242,296],[165,243,298],[229,230,316],[227,228,315],[231,232,314],[192,226,341],[193,224,344],[191,225,347],[133,219,220],
[132,215,216],[131,217,218],[155,259,268],[157,257,266],[153,258,264],[198,271,384],[197,269,380],[199,270,382],[130,252,299],[129,251,300],
[128,253,301],[162,250,305],[160,248,306],[158,249,307],[143,247,287],[141,245,284],[145,246,290],[127,294,299],[126,295,301],[125,293,300],
[151,265,299],[149,263,300],[147,267,301],[148,255,424],[150,254,427],[146,256,421],[144,259,319],[142,257,318],[140,258,317],[225,257,288],
[224,258,285],[226,259,291],[159,216,316],[161,218,314],[163,220,315],[202,250,356],[200,248,357],[201,249,358],[124,162,329],[123,160,331],
[122,158,333],[121,316,373],[120,315,371],[119,314,372],[245,272,314],[246,273,315],[247,274,316],[223,247,402],[221,245,401],[222,246,403],
[118,222,403],[117,221,401],[116,223,402],[274,316,373],[273,315,371],[272,314,372],[145,246,273],[143,247,274],[141,245,272],[160,200,248],
[158,201,249],[162,202,250],[124,162,305],[122,158,307],[123,160,306],[127,130,299],[125,129,300],[126,128,301],[157,225,257],[155,226,259],
[153,224,258],[192,226,291],[191,225,288],[193,224,285],[159,230,316],[163,228,315],[161,232,314],[121,229,316],[119,231,314],[120,227,315],
[115,139,308],[114,137,310],[113,138,309],[139,182,475],[137,184,478],[138,180,472],[112,135,367],[111,134,365],[110,136,366],[134,183,459],
[135,179,458],[136,181,460],[109,242,457],[108,243,454],[107,244,451],[200,357,361],[202,356,363],[201,358,359],[250,350,356],[249,352,358],
[248,351,357],[124,172,329],[122,170,333],[123,171,331],[162,242,329],[158,244,333],[160,243,331],[218,295,314],[220,294,315],[216,293,316],
[245,253,314],[247,251,316],[246,252,315],[144,225,259],[140,226,258],[142,224,257],[148,161,255],[146,163,256],[150,159,254],[151,159,265],
[149,161,263],[147,163,267],[126,295,406],[125,293,405],[127,294,404],[143,224,287],[145,225,290],[141,226,284],[130,252,340],[128,253,336],
[129,251,338],[198,271,307],[197,269,306],[199,270,305],[152,153,264],[154,155,268],[156,157,266],[166,167,297],[164,165,298],[168,169,296],
[159,167,244],[161,165,243],[163,169,242],[177,183,446],[178,179,448],[176,181,447],[177,313,416],[176,312,417],[178,311,418],[174,217,349],
[173,215,343],[175,219,346],[205,386,455],[204,388,449],[203,387,452],[198,205,477],[197,204,471],[199,203,474],[168,355,376],[164,353,378],
[166,354,374],[187,246,319],[185,247,318],[186,245,317],[271,281,461],[270,279,464],[269,283,467],[176,262,466],[178,261,469],[177,260,463],
[175,262,397],[173,260,395],[174,261,396],[190,271,394],[188,270,393],[189,269,392],[189,208,334],[188,206,332],[190,207,330],[242,255,406],
[244,256,404],[243,254,405],[151,299,416],[147,301,417],[149,300,418],[207,247,402],[208,245,401],[206,246,403],[215,277,399],[219,275,400],
[217,276,398],[192,337,341],[193,339,344],[191,335,347],[184,195,446],[180,196,448],[182,194,447],[237,252,328],[239,253,327],[241,251,326],
[172,303,352],[170,304,351],[171,302,350],[223,247,259],[222,246,258],[221,245,257],[235,284,352],[233,290,351],[234,287,350],[161,218,342],
[163,220,348],[159,216,345],[240,292,322],[238,289,320],[236,286,324],[227,235,410],[231,234,412],[229,233,408],[232,250,411],[228,249,409],
[230,248,407],[121,224,373],[119,226,372],[120,225,371],[154,282,340],[152,280,336],[156,278,338],[133,220,399],[131,218,400],[132,216,398],
[187,218,465],[185,220,462],[186,216,468],[133,219,332],[131,217,334],[132,215,330],[148,217,424],[146,219,421],[150,215,427],[144,319,337],
[140,317,339],[142,318,335],[213,241,423],[214,237,426],[212,239,420],[203,212,353],[205,214,355],[204,213,354],[202,211,445],[201,210,444],
[200,209,443],[211,240,368],[209,236,370],[210,238,369],[197,221,380],[199,222,382],[198,223,384],[106,123,361],[105,124,363],[104,122,359],
[183,388,441],[181,386,437],[179,387,439],[184,385,410],[180,381,408],[182,383,412],[103,324,328],[102,320,327],[101,322,326],[340,378,379],
[336,374,375],[338,376,377],[332,347,349],[334,341,343],[330,344,346],[108,423,434],[107,426,436],[109,420,435],[116,369,391],[117,370,390],
[118,368,389],[113,373,461],[114,371,464],[115,372,467],[115,370,444],[113,369,445],[114,368,443],[198,357,458],[197,356,460],[199,358,459],
[262,381,439],[260,383,437],[261,385,441],[99,100,228],[97,98,230],[95,96,232],[92,93,94],[89,90,91],[86,87,88],[111,366,438],
[112,365,442],[110,367,440],[355,356,441],[353,357,437],[354,358,439],[85,363,364],[84,359,360],[83,361,362],[167,199,374],[165,198,378],
[169,197,376],[82,158,159],[81,162,163],[80,160,161],[122,265,266],[124,267,268],[123,263,264],[262,281,308],[261,279,309],[260,283,310],
[79,352,475],[78,350,472],[77,351,478],[196,291,292],[194,288,289],[195,285,286],[76,271,455],[75,269,449],[74,270,452],[129,295,297],
[130,293,296],[128,294,298],[196,273,379],[194,274,377],[195,272,375],[98,205,276],[100,203,277],[96,204,275],[99,239,329],[95,241,331],
[97,237,333],[91,240,382],[88,236,380],[94,238,384],[90,202,274],[87,200,273],[93,201,272],[73,199,312],[72,197,311],[71,198,313],
[111,323,353],[112,321,355],[110,325,354],[89,297,312],[92,298,313],[86,296,311],[89,121,158],[92,119,160],[86,120,162],[70,160,478],
[70,158,475],[70,162,472],[69,291,411],[68,288,409],[67,285,407],[275,291,367],[277,288,366],[276,285,365],[69,268,386],[68,266,388],
[67,264,387],[66,69,386],[65,68,388],[64,67,387],[119,160,478],[120,162,472],[121,158,475],[288,366,409],[285,365,407],[291,367,411],
[73,89,312],[71,92,313],[72,86,311],[98,276,365],[96,275,367],[100,277,366],[128,298,313],[129,297,312],[130,296,311],[196,275,291],
[195,276,285],[194,277,288],[196,292,379],[195,286,375],[194,289,377],[70,78,472],[70,77,478],[70,79,475],[124,268,386],[123,264,387],
[122,266,388],[82,89,158],[81,86,162],[80,92,160],[71,198,378],[72,197,376],[73,199,374],[63,84,359],[62,83,361],[61,85,363],
[60,84,360],[59,85,364],[58,83,362],[111,323,366],[112,321,365],[110,325,367],[323,353,357],[321,355,356],[325,354,358],[89,90,202],
[92,93,201],[86,87,200],[89,91,240],[92,94,238],[86,88,236],[99,228,239],[97,230,237],[95,232,241],[96,204,232],[100,203,228],
[98,205,230],[262,308,381],[261,309,385],[260,310,383],[167,199,459],[169,197,460],[165,198,458],[113,369,373],[115,370,372],[114,368,371],
[106,357,361],[104,358,359],[105,356,363],[94,223,384],[91,222,382],[88,221,380],[118,211,368],[116,210,369],[117,209,370],[113,211,445],
[114,209,443],[115,210,444],[111,212,353],[110,213,354],[112,214,355],[108,213,423],[109,212,420],[107,214,426],[133,332,349],[132,330,346],
[131,334,343],[154,340,378],[156,338,376],[152,336,374],[77,351,357],[78,350,356],[79,352,358],[69,232,411],[67,230,407],[68,228,409],
[57,227,410],[56,229,408],[55,231,412],[103,286,324],[101,292,322],[102,289,320],[103,252,328],[101,251,326],[102,253,327],[184,195,385],
[182,194,383],[180,196,381],[189,334,341],[188,332,347],[190,330,344],[175,262,439],[174,261,441],[173,260,437],[176,262,281],[177,260,283],
[178,261,279],[168,355,441],[166,354,439],[164,353,437],[198,205,357],[199,203,358],[197,204,356],[177,183,441],[178,179,439],[176,181,437],
[76,386,455],[74,387,452],[75,388,449],[122,170,265],[124,172,267],[123,171,263],[95,243,331],[99,242,329],[97,244,333],[89,166,297],
[86,168,296],[92,164,298],[68,156,266],[67,152,264],[69,154,268],[76,271,307],[74,270,305],[75,269,306],[130,340,379],[129,338,377],
[128,336,375],[134,183,388],[135,179,387],[136,181,386],[137,184,410],[139,182,412],[138,180,408],[113,138,461],[115,139,467],[114,137,464],
[112,135,442],[110,136,440],[111,134,438],[108,243,434],[109,242,435],[107,244,436],[89,121,229],[86,120,227],[92,119,231],[82,159,230],
[80,161,232],[81,163,228],[69,192,291],[68,191,288],[67,193,285],[126,128,294],[127,130,293],[125,129,295],[70,160,200],[70,162,202],
[70,158,201],[105,124,305],[106,123,306],[104,122,307],[145,273,379],[143,274,377],[141,272,375],[90,274,373],[93,272,372],[87,273,371],
[116,223,391],[118,222,389],[117,221,390],[172,284,352],[170,290,351],[171,287,350],[144,337,341],[142,335,347],[140,339,344],[133,277,399],
[132,276,398],[131,275,400],[190,271,281],[189,269,283],[188,270,279],[185,247,259],[186,245,257],[187,246,258],[151,313,416],[149,311,418],
[147,312,417],[148,217,349],[146,219,346],[150,215,343],[119,226,284],[120,225,290],[121,224,287],[126,255,406],[125,254,405],[127,256,404],
[159,167,265],[163,169,267],[161,165,263],[161,255,342],[159,254,345],[163,256,348],[208,245,253],[206,246,252],[207,247,251],[187,218,295],
[186,216,293],[185,220,294],[157,225,259],[153,224,257],[155,226,258],[292,324,325],[286,320,321],[289,322,323],[307,391,436],[305,389,435],
[306,390,434],[60,398,409],[58,400,407],[59,399,411],[59,397,442],[60,395,440],[58,396,438],[213,391,429],[212,390,428],[214,389,430],
[210,325,362],[211,321,360],[209,323,364],[61,383,473],[63,385,476],[62,381,470],[53,54,164],[51,52,166],[49,50,168],[47,48,152],
[45,46,156],[43,44,154],[42,394,419],[41,393,422],[40,392,425],[123,212,361],[122,213,359],[124,214,363],[211,324,328],[210,322,326],
[209,320,327],[252,368,389],[251,369,391],[253,370,390],[39,381,439],[38,385,441],[37,383,437],[240,241,295],[238,239,294],[236,237,293],
[63,281,461],[62,283,467],[61,279,464],[52,115,308],[50,113,309],[54,114,310],[51,182,475],[49,180,472],[53,184,478],[48,111,365],
[46,110,366],[44,112,367],[45,181,460],[47,183,459],[43,179,458],[36,42,419],[35,40,425],[34,41,422],[33,41,393],[32,40,392],
[31,42,394],[47,152,183],[43,154,179],[45,156,181],[48,111,152],[44,112,154],[46,110,156],[51,166,182],[53,164,184],[49,168,180],
[52,115,166],[54,114,164],[50,113,168],[62,283,381],[61,279,383],[63,281,385],[211,328,360],[210,326,362],[209,327,364],[213,359,429],
[212,361,428],[214,363,430],[60,395,409],[59,397,411],[58,396,407],[187,241,295],[185,239,294],[186,237,293],[207,251,369],[206,252,368],
[208,253,370],[106,306,434],[104,307,436],[105,305,435],[125,240,295],[127,236,293],[126,238,294],[60,136,440],[58,134,438],[59,135,442],
[63,138,461],[61,137,464],[62,139,467],[76,307,391],[75,306,390],[74,305,389],[37,176,437],[38,177,441],[39,178,439],[37,194,383],
[39,196,381],[38,195,385],[101,251,391],[103,252,389],[102,253,390],[101,292,324],[102,289,322],[103,286,320],[108,213,391],[107,214,389],
[109,212,390],[111,123,212],[112,124,214],[110,122,213],[114,209,323],[115,210,325],[113,211,321],[118,211,324],[116,210,322],[117,209,320],
[47,167,459],[43,165,458],[45,169,460],[52,308,381],[54,310,383],[50,309,385],[58,83,400],[59,85,399],[60,84,398],[61,85,473],
[62,83,470],[63,84,476],[292,325,379],[289,323,377],[286,321,375],[51,121,475],[53,119,478],[49,120,472],[46,366,409],[44,367,411],
[48,365,407],[126,255,342],[127,256,348],[125,254,345],[157,185,259],[153,186,257],[155,187,258],[119,172,284],[121,171,287],[120,170,290],
[130,145,379],[128,141,375],[129,143,377],[67,152,193],[69,154,192],[68,156,191],[95,243,434],[97,244,436],[99,242,435],[167,170,265],
[165,171,263],[169,172,267],[176,190,281],[177,189,283],[178,188,279],[166,175,439],[164,173,437],[168,174,441],[144,189,341],[140,190,344],
[142,188,347],[57,137,410],[56,138,408],[55,139,412],[77,205,357],[79,203,358],[78,204,356],[133,148,349],[131,150,343],[132,146,346],
[94,223,391],[88,221,390],[91,222,389],[90,369,373],[87,368,371],[93,370,372],[67,205,230],[68,203,228],[69,204,232],[80,232,241],
[81,228,239],[82,230,237],[89,202,229],[92,201,231],[86,200,227],[106,323,357],[105,321,356],[104,325,358],[72,156,376],[73,152,374],
[71,154,378],[82,89,166],[80,92,164],[81,86,168],[76,124,386],[75,122,388],[74,123,387],[70,79,202],[70,77,201],[70,78,200],
[133,194,277],[131,196,275],[132,195,276],[128,151,313],[130,149,311],[129,147,312],[96,325,367],[100,323,366],[98,321,365],[73,89,240],
[72,86,236],[71,92,238],[64,135,387],[66,136,386],[65,134,388],[84,142,148],[85,144,150],[83,140,146],[138,345,346],[139,342,343],
[137,348,349],[136,379,425],[134,377,422],[135,375,419],[35,403,428],[36,401,429],[34,402,430],[29,30,101],[27,28,103],[25,26,102],
[138,207,394],[137,206,393],[139,208,392],[33,175,400],[31,173,399],[32,174,398],[194,343,395],[196,346,397],[195,349,396],[128,183,184],
[130,179,180],[129,181,182],[134,157,278],[135,153,280],[136,155,282],[33,326,451],[31,327,454],[32,328,457],[176,282,283],[177,278,279],
[178,280,281],[34,192,473],[35,193,470],[36,191,476],[57,119,227],[55,121,231],[56,120,229],[30,63,359],[28,61,363],[26,62,361],
[29,60,360],[25,58,362],[27,59,364],[65,68,167],[64,67,165],[66,69,169],[33,175,326],[32,174,328],[31,173,327],[29,60,101],
[27,59,103],[25,58,102],[30,63,101],[26,62,102],[28,61,103],[34,192,430],[35,193,428],[36,191,429],[135,153,419],[136,155,425],
[134,157,422],[137,348,393],[139,342,392],[138,345,394],[24,126,342],[23,125,345],[22,127,348],[66,136,282],[65,134,278],[64,135,280],
[128,151,184],[129,147,182],[130,149,180],[133,194,395],[132,195,396],[131,196,397],[84,133,148],[83,132,146],[85,131,150],[55,139,343],
[57,137,349],[56,138,346],[85,144,189],[84,142,188],[83,140,190],[176,190,283],[178,188,281],[177,189,279],[65,167,170],[66,169,172],
[64,165,171],[130,145,179],[129,143,181],[128,141,183],[57,119,172],[56,120,170],[55,121,171],[21,155,187],[20,157,185],[19,153,186],
[49,120,229],[53,119,227],[51,121,231],[34,85,473],[36,84,476],[35,83,470],[33,83,400],[32,84,398],[31,85,399],[43,67,165],
[45,69,169],[47,68,167],[37,194,343],[38,195,349],[39,196,346],[37,176,282],[39,178,280],[38,177,278],[63,138,207],[62,139,208],
[61,137,206],[60,136,379],[59,135,375],[58,134,377],[30,359,429],[28,363,430],[26,361,428],[29,328,360],[27,327,364],[25,326,362],
[32,40,457],[31,42,454],[33,41,451],[35,40,403],[34,41,402],[36,42,401],[79,202,229],[78,200,227],[77,201,231],[67,77,205],
[69,78,204],[68,79,203],[96,325,379],[98,321,375],[100,323,377],[104,115,325],[105,113,321],[106,114,323],[74,111,123],[75,110,122],
[76,112,124],[101,118,324],[103,117,320],[102,116,322],[101,108,391],[102,109,390],[103,107,389],[76,94,391],[74,91,389],[75,88,390],
[73,125,240],[71,126,238],[72,127,236],[95,106,434],[99,105,435],[97,104,436],[90,207,369],[93,208,370],[87,206,368],[80,187,241],
[82,186,237],[81,185,239],[46,395,409],[48,396,407],[44,397,411],[52,283,381],[50,281,385],[54,279,383],[115,166,175],[113,168,174],
[114,164,173],[82,166,182],[81,168,180],[80,164,184],[111,152,193],[110,156,191],[112,154,192],[72,156,181],[71,154,179],[73,152,183],
[17,18,170],[15,16,172],[13,14,171],[42,88,95],[40,91,99],[41,94,97],[12,73,80],[11,72,82],[10,71,81],[8,9,39],
[6,7,37],[4,5,38],[24,109,457],[23,108,454],[22,107,451],[21,118,403],[20,116,402],[19,117,401],[9,36,419],[5,34,422],
[7,35,425],[4,33,393],[8,31,394],[6,32,392],[6,32,37],[4,33,38],[8,31,39],[9,36,39],[5,34,38],[7,35,37],
[24,109,342],[23,108,345],[22,107,348],[12,80,187],[10,81,185],[11,82,186],[40,99,105],[41,97,104],[42,95,106],[12,73,125],
[10,71,126],[11,72,127],[40,74,91],[42,75,88],[41,76,94],[21,40,403],[19,42,401],[20,41,402],[24,40,457],[22,41,451],
[23,42,454],[21,118,155],[20,116,157],[19,117,153],[17,56,170],[13,55,171],[15,57,172],[18,65,170],[14,64,171],[16,66,172],
[6,342,392],[8,345,394],[4,348,393],[7,155,425],[5,157,422],[9,153,419],[74,111,193],[75,110,191],[76,112,192],[104,115,175],
[106,114,173],[105,113,174],[60,96,379],[58,100,377],[59,98,375],[63,90,207],[61,87,206],[62,93,208],[43,67,77],[47,68,79],
[45,69,78],[49,79,229],[51,77,231],[53,78,227],[73,141,183],[72,143,181],[71,145,179],[52,190,283],[54,189,279],[50,188,281],
[34,85,189],[35,83,190],[36,84,188],[37,55,343],[39,56,346],[38,57,349],[31,85,131],[33,83,132],[32,84,133],[46,133,395],
[44,131,397],[48,132,396],[80,151,184],[81,149,180],[82,147,182],[39,64,280],[38,65,278],[37,66,282],[26,193,428],[30,191,429],
[28,192,430],[63,101,108],[61,103,107],[62,102,109],[60,101,118],[58,102,116],[59,103,117],[25,175,326],[27,173,327],[29,174,328],
[13,14,77],[17,18,79],[15,16,78],[3,73,80],[2,71,81],[1,72,82],[18,150,151],[14,148,149],[16,146,147],[17,144,145],
[15,140,141],[13,142,143],[16,22,127],[18,23,125],[14,24,126],[13,19,186],[17,20,185],[15,21,187],[15,21,141],[13,19,143],
[17,20,145],[18,23,151],[16,22,147],[14,24,149],[3,80,151],[1,82,147],[2,81,149],[3,73,141],[1,72,143],[2,71,145],
[16,53,78],[18,49,79],[14,51,77],[13,43,77],[15,45,78],[17,47,79],[14,64,148],[16,66,146],[18,65,150],[13,55,142],
[15,57,140],[17,56,144],[10,14,126],[11,16,127],[12,18,125],[12,15,187],[11,13,186],[10,17,185],[26,74,193],[28,76,192],
[30,75,191],[32,46,133],[33,48,132],[31,44,131],[36,50,188],[35,52,190],[34,54,189],[62,93,109],[61,87,107],[63,90,108],
[60,96,118],[59,98,117],[58,100,116],[25,104,175],[29,105,174],[27,106,173],[7,118,155],[9,117,153],[5,116,157],[21,40,74],
[20,41,76],[19,42,75],[24,40,105],[23,42,106],[22,41,104],[6,109,342],[4,107,348],[8,108,345],[36,39,64],[35,37,66],
[34,38,65],[32,37,55],[33,38,57],[31,39,56],[142,148,480],[140,146,479],[144,150,481],[13,97,98],[15,95,96],[17,99,100],
[14,93,94],[16,87,88],[18,90,91],[12,15,96],[10,17,100],[11,13,98],[10,14,93],[12,18,90],[11,16,87],[55,142,480],
[56,144,481],[57,140,479],[64,148,480],[65,150,481],[66,146,479],[13,43,97],[17,47,99],[15,45,95],[18,49,91],[14,51,94],
[16,53,88],[21,26,74],[19,30,75],[20,28,76],[23,27,106],[22,25,104],[24,29,105],[7,96,118],[5,100,116],[9,98,117],
[6,93,109],[8,90,108],[4,87,107],[36,50,64],[34,54,65],[35,52,66],[32,46,55],[31,44,56],[33,48,57],[3,23,151],
[2,24,149],[1,22,147],[3,21,141],[2,20,145],[1,19,143],[94,97,482],[91,99,484],[88,95,483],[23,53,54],[24,49,50],
[22,51,52],[21,47,48],[20,43,44],[19,45,46],[20,28,43],[19,30,45],[21,26,47],[3,21,48],[1,19,46],[2,20,44],
[3,23,54],[1,22,52],[2,24,50],[24,29,49],[22,25,51],[23,27,53],[49,91,484],[53,88,483],[51,94,482],[43,97,482],
[45,95,483],[47,99,484],[50,64,480],[52,66,479],[54,65,481],[46,55,480],[48,57,479],[44,56,481],[6,10,93],[4,11,87],
[8,12,90],[7,12,96],[9,11,98],[5,10,100],[11,27,28],[12,29,30],[10,25,26],[9,11,28],[5,10,26],[7,12,30],
[8,12,29],[4,11,27],[6,10,25],[28,43,482],[26,47,484],[30,45,483],[29,49,484],[27,53,483],[25,51,482],[2,50,480],
[3,54,481],[1,52,479],[2,44,481],[3,48,479],[1,46,480],[2,8,9],[3,4,5],[1,6,7],[2,9,481],[1,7,480],
[3,5,479],[2,8,480],[1,6,479],[3,4,481],[8,29,484],[6,25,482],[4,27,483],[9,28,482],[7,30,483],[5,26,484],
[9,481,482],[5,479,484],[7,480,483],[8,480,484],[4,481,483],[6,479,482]];
###############################################################

#SurfaceInfo: 300 Vertices, 3000 Edges, 2000 Faces, IsOrientable=true
 #Vertices of faces:
vof2:=[[298,299,300],[297,298,299],[296,299,300],[295,298,300],[292,293,294],[289,290,291],[286,287,288],[283,284,285],[280,281,282],[277,278,279],
[274,275,276],[273,289,290],[272,286,287],[271,283,284],[270,289,291],[269,283,285],[268,286,288],[266,267,285],[264,265,291],[262,263,288],
[260,261,267],[258,259,263],[256,257,265],[255,292,293],[254,292,294],[253,293,294],[250,251,252],[247,248,249],[244,245,246],[243,260,267],
[242,256,265],[241,258,263],[239,240,251],[237,238,248],[235,236,245],[264,272,286],[266,273,289],[262,271,283],[247,277,278],[250,274,275],
[244,280,281],[239,240,254],[235,236,253],[237,238,255],[232,233,234],[231,237,255],[230,239,254],[229,235,253],[228,247,277],[227,250,274],
[226,244,280],[225,264,272],[224,262,271],[223,266,273],[220,221,222],[217,218,219],[214,215,216],[213,243,260],[212,241,258],[211,242,256],
[240,251,260],[238,248,256],[236,245,258],[223,224,225],[210,239,283],[209,235,286],[208,237,289],[207,220,221],[206,214,215],[205,217,218],
[204,285,290],[203,287,291],[202,284,288],[201,215,216],[200,221,222],[199,218,219],[197,198,257],[195,196,259],[193,194,261],[200,225,264],
[201,224,262],[199,223,266],[225,226,280],[224,227,274],[223,228,277],[214,231,237],[217,229,235],[220,230,239],[192,232,233],[191,232,234],
[190,233,234],[188,189,233],[186,187,234],[184,185,232],[228,245,247],[226,244,251],[227,248,250],[214,216,250],[220,222,244],[217,219,247],
[220,239,289],[217,235,283],[214,237,286],[250,251,260],[244,245,258],[247,248,256],[183,202,284],[182,203,287],[181,204,290],[178,179,180],
[175,176,177],[172,173,174],[170,171,177],[168,169,180],[166,167,174],[201,215,242],[199,218,241],[200,221,243],[163,164,165],[160,161,162],
[157,158,159],[255,269,292],[254,268,294],[253,270,293],[235,264,286],[239,262,283],[237,266,289],[156,193,261],[155,195,259],[154,197,257],
[153,260,261],[152,256,257],[151,258,259],[150,244,246],[149,247,249],[148,250,252],[147,192,232],[146,190,233],[145,191,234],[144,191,205],
[143,190,206],[142,192,207],[244,281,283],[247,278,286],[250,275,289],[140,141,281],[138,139,278],[136,137,275],[143,210,283],[142,209,286],
[144,208,289],[201,262,263],[200,264,265],[199,266,267],[135,196,245],[134,194,251],[133,198,248],[131,132,177],[129,130,180],[127,128,174],
[126,164,197],[125,158,193],[124,161,195],[225,255,272],[223,254,273],[224,253,271],[123,124,281],[122,126,278],[121,125,275],[127,269,285],
[129,270,291],[131,268,288],[147,232,262],[145,234,264],[146,233,266],[120,125,283],[119,126,289],[118,124,286],[143,206,283],[144,205,289],
[142,207,286],[116,117,125],[114,115,124],[112,113,126],[178,179,260],[172,173,258],[175,176,256],[111,170,177],[110,166,174],[109,168,180],
[214,268,286],[220,270,289],[217,269,283],[108,207,226],[107,206,227],[106,205,228],[105,147,287],[104,145,290],[103,146,284],[262,273,290],
[266,272,287],[264,271,284],[101,102,111],[99,100,109],[97,98,110],[96,109,149],[95,110,148],[94,111,150],[221,243,267],[218,241,263],
[215,242,265],[161,255,269],[164,254,268],[158,253,270],[93,231,255],[92,230,254],[91,229,253],[90,105,161],[89,104,164],[88,103,158],
[202,281,282],[204,275,276],[203,278,279],[196,235,245],[198,237,248],[194,239,251],[201,229,233],[199,230,234],[200,231,232],[87,160,161],
[86,163,164],[85,157,158],[84,249,272],[83,252,273],[82,246,271],[83,277,279],[82,274,276],[84,280,282],[290,291,295],[284,285,297],
[287,288,296],[81,204,285],[80,202,288],[79,203,291],[93,195,196],[91,193,194],[92,197,198],[82,83,84],[78,93,196],[77,92,198],
[76,91,194],[79,291,295],[80,288,296],[81,285,297],[184,209,281],[186,208,278],[188,210,275],[83,176,277],[84,173,280],[82,179,274],
[84,249,282],[82,246,276],[83,252,279],[87,138,160],[85,140,157],[86,136,163],[75,199,234],[74,200,232],[73,201,233],[198,202,282],
[194,203,279],[196,204,276],[72,196,235],[71,194,239],[70,198,237],[87,90,161],[85,88,158],[86,89,164],[78,93,231],[76,91,229],
[77,92,230],[105,161,269],[103,158,270],[104,164,268],[166,215,265],[170,221,267],[168,218,263],[95,97,110],[94,101,111],[96,99,109],
[147,266,287],[146,264,284],[145,262,290],[99,107,206],[97,108,207],[101,106,205],[214,234,268],[217,232,269],[220,233,270],[111,125,170],
[109,124,168],[110,126,166],[69,178,260],[68,175,256],[67,172,258],[66,160,293],[65,157,294],[64,163,292],[141,148,194],[139,150,196],
[137,149,198],[116,125,283],[112,126,289],[114,124,286],[181,206,283],[183,207,286],[182,205,289],[82,264,271],[84,266,272],[83,262,273],
[105,147,262],[104,145,264],[103,146,266],[63,88,103],[62,90,105],[61,89,104],[131,162,288],[127,159,285],[129,165,291],[76,123,281],
[77,121,275],[78,122,278],[112,113,148],[116,117,150],[114,115,149],[66,96,149],[65,94,150],[64,95,148],[161,255,272],[164,254,273],
[158,253,271],[97,124,161],[101,126,164],[99,125,158],[111,131,177],[109,129,180],[110,127,174],[60,91,253],[59,93,255],[58,92,254],
[57,138,177],[56,140,174],[55,136,180],[156,165,179],[155,159,173],[154,162,176],[133,198,219],[134,194,216],[135,196,222],[54,189,207],
[53,185,205],[52,187,206],[73,201,263],[75,199,267],[74,200,265],[142,184,209],[143,188,210],[144,186,208],[75,140,174],[73,138,177],
[74,136,180],[87,138,278],[86,136,275],[85,140,281],[133,281,283],[135,275,289],[134,278,286],[82,165,179],[83,162,176],[84,159,173],
[144,145,191],[142,147,192],[143,146,190],[53,135,245],[52,133,248],[54,134,251],[51,153,261],[50,151,259],[49,152,257],[150,244,255],
[149,247,254],[148,250,253],[138,139,150],[136,137,149],[140,141,148],[48,86,258],[47,85,256],[46,87,260],[156,179,193],[154,176,197],
[155,173,195],[45,157,219],[44,163,222],[43,160,216],[42,154,257],[41,156,261],[40,155,259],[72,235,264],[70,237,266],[71,239,262],
[82,190,206],[84,192,207],[83,191,205],[226,270,293],[228,269,292],[227,268,294],[66,160,162],[64,163,165],[65,157,159],[87,199,241],
[85,200,243],[86,201,242],[69,152,260],[67,153,258],[68,151,256],[166,167,247],[170,171,250],[168,169,244],[39,120,250],[38,119,247],
[37,118,244],[74,178,180],[75,172,174],[73,175,177],[63,74,88],[61,73,89],[62,75,90],[36,81,204],[35,79,203],[34,80,202],
[36,167,174],[35,169,180],[34,171,177],[33,93,195],[32,92,197],[31,91,193],[30,101,106],[29,97,108],[28,99,107],[66,149,293],
[64,148,292],[65,150,294],[182,184,287],[183,188,284],[181,186,290],[141,184,281],[137,188,275],[139,186,278],[54,102,213],[53,100,212],
[52,98,211],[27,250,260],[26,247,256],[25,244,258],[77,183,207],[78,181,206],[76,182,205],[42,244,283],[41,247,286],[40,250,289],
[164,165,291],[161,162,288],[158,159,285],[176,290,295],[173,287,296],[179,284,297],[128,180,246],[132,174,249],[130,177,252],[80,83,149],
[79,82,148],[81,84,150],[58,153,254],[60,151,253],[59,152,255],[24,179,180],[23,173,174],[22,176,177],[22,150,246],[23,148,252],
[24,149,249],[153,197,260],[151,193,258],[152,195,256],[22,183,202],[23,181,204],[24,182,203],[80,197,294],[79,193,293],[81,195,292],
[20,21,100],[18,19,98],[16,17,102],[235,260,283],[239,256,289],[237,258,286],[21,156,288],[19,155,291],[17,154,285],[89,194,203],
[90,198,202],[88,196,204],[88,89,90],[88,90,202],[89,90,203],[88,89,204],[37,86,242],[38,85,243],[39,87,241],[15,132,279],
[14,130,276],[13,128,282],[60,68,151],[59,69,152],[58,67,153],[23,132,174],[22,130,177],[24,128,180],[24,83,149],[22,84,150],
[23,82,148],[39,170,250],[38,166,247],[37,168,244],[74,88,178],[73,89,175],[75,90,172],[36,81,174],[34,80,177],[35,79,180],
[33,93,279],[31,91,282],[32,92,276],[29,97,145],[30,101,146],[28,99,147],[22,202,246],[24,203,249],[23,204,252],[54,88,251],
[52,89,248],[53,90,245],[89,116,194],[88,114,196],[90,112,198],[49,152,255],[51,153,254],[50,151,253],[138,150,255],[140,148,253],
[136,149,254],[24,179,193],[22,176,197],[23,173,195],[46,197,260],[48,193,258],[47,195,256],[44,109,163],[43,111,160],[45,110,157],
[41,111,261],[40,109,259],[42,110,257],[72,264,293],[71,262,294],[70,266,292],[82,206,228],[83,205,226],[84,207,227],[23,226,293],
[24,227,294],[22,228,292],[66,162,228],[65,159,226],[64,165,227],[79,149,293],[81,148,292],[80,150,294],[18,123,251],[20,121,248],
[16,122,245],[141,182,184],[139,181,186],[137,183,188],[16,102,213],[18,98,211],[20,100,212],[27,235,260],[25,237,258],[26,239,256],
[22,77,183],[23,78,181],[24,76,182],[80,153,197],[81,152,195],[79,151,193],[21,37,100],[19,38,98],[17,39,102],[17,74,154],
[21,75,156],[19,73,155],[42,260,283],[40,256,289],[41,258,286],[154,158,285],[155,164,291],[156,161,288],[64,176,295],[65,179,297],
[66,173,296],[69,85,281],[68,86,275],[67,87,278],[132,133,281],[130,134,278],[128,135,275],[83,162,170],[82,165,168],[84,159,166],
[32,175,240],[31,178,236],[33,172,238],[146,174,249],[145,180,246],[147,177,252],[80,149,213],[81,150,211],[79,148,212],[142,147,245],
[144,145,248],[143,146,251],[54,235,249],[52,239,246],[53,237,252],[16,141,200],[18,137,201],[20,139,199],[36,59,246],[35,60,252],
[34,58,249],[86,238,290],[87,236,287],[85,240,284],[63,69,238],[61,68,236],[62,67,240],[12,18,130],[11,20,132],[10,16,128],
[81,118,211],[80,119,213],[79,120,212],[142,245,298],[143,251,300],[144,248,299],[141,171,182],[137,167,183],[139,169,181],[20,171,212],
[16,167,213],[18,169,211],[27,167,235],[26,169,239],[25,171,237],[23,78,171],[24,76,167],[22,77,169],[9,80,153],[8,79,151],
[7,81,152],[37,100,152],[39,102,151],[38,98,153],[74,154,235],[73,155,239],[75,156,237],[42,212,260],[41,211,258],[40,213,256],
[133,154,158],[134,156,161],[135,155,164],[64,71,176],[66,70,173],[65,72,179],[38,69,85],[39,67,87],[37,68,86],[15,132,133],
[13,128,135],[14,130,134],[59,69,281],[60,68,275],[58,67,278],[23,132,281],[24,128,275],[22,130,278],[23,82,168],[22,84,166],
[24,83,170],[39,162,170],[37,165,168],[38,159,166],[88,178,236],[90,172,238],[89,175,240],[81,146,174],[79,145,180],[80,147,177],
[32,175,276],[33,172,279],[31,178,282],[29,145,246],[28,147,252],[30,146,249],[79,149,213],[81,148,212],[80,150,211],[18,146,251],
[16,147,245],[20,145,248],[23,47,195],[24,48,193],[22,46,197],[52,89,116],[53,90,112],[54,88,114],[50,140,253],[51,136,254],
[49,138,255],[111,160,261],[110,157,257],[109,163,259],[23,72,293],[24,71,294],[22,70,292],[66,82,228],[65,83,226],[64,84,227],
[88,202,246],[89,204,252],[90,203,249],[12,13,184],[11,14,188],[10,15,186],[74,116,136],[73,112,138],[75,114,140],[138,149,190],
[136,148,192],[140,150,191],[23,175,226],[22,178,228],[24,172,227],[29,162,228],[30,165,227],[28,159,226],[30,172,227],[28,175,226],
[29,178,228],[32,114,140],[31,112,138],[33,116,136],[140,150,274],[136,148,277],[138,149,280],[11,14,141],[12,13,139],[10,15,137],
[172,214,279],[178,217,282],[175,220,276],[29,246,263],[30,249,265],[28,252,267],[23,168,175],[22,166,178],[24,170,172],[29,39,162],
[28,38,159],[30,37,165],[160,172,261],[163,175,259],[157,178,257],[66,77,82],[64,76,84],[65,78,83],[52,74,116],[54,75,114],
[53,73,112],[50,140,191],[49,138,190],[51,136,192],[72,179,268],[70,173,270],[71,176,269],[7,142,298],[9,144,299],[8,143,300],
[12,18,184],[10,16,186],[11,20,188],[23,59,281],[22,58,278],[24,60,275],[23,47,72],[22,46,70],[24,48,71],[15,133,158],
[13,135,164],[14,134,161],[42,81,212],[40,79,213],[41,80,211],[171,182,212],[169,181,211],[167,183,213],[24,27,167],[23,25,171],
[22,26,169],[7,100,152],[8,102,151],[9,98,153],[81,118,146],[80,119,147],[79,120,145],[38,69,238],[37,68,236],[39,67,240],
[88,236,287],[89,240,284],[90,238,290],[59,88,246],[58,90,249],[60,89,252],[16,141,147],[18,137,146],[20,139,145],[54,154,235],
[53,156,237],[52,155,239],[73,142,263],[74,144,265],[75,143,267],[138,219,276],[140,222,279],[136,216,282],[13,133,219],[14,135,222],
[15,134,216],[13,76,205],[14,77,207],[15,78,206],[54,207,261],[53,205,259],[52,206,257],[144,168,186],[143,166,188],[142,170,184],
[39,69,120],[37,67,118],[38,68,119],[13,102,184],[15,100,186],[14,98,188],[54,159,210],[52,165,208],[53,162,209],[36,80,219],
[34,79,216],[35,81,222],[33,159,210],[32,162,209],[31,165,208],[54,210,290],[53,209,284],[52,208,287],[102,152,184],[98,151,188],
[100,153,186],[140,168,186],[136,170,184],[138,166,188],[9,39,69],[7,38,68],[8,37,67],[13,219,276],[15,216,282],[14,222,279],
[14,207,261],[15,206,257],[13,205,259],[100,183,213],[98,182,212],[102,181,211],[8,13,102],[9,14,98],[7,15,100],[54,154,261],
[52,155,257],[53,156,259],[37,236,268],[39,240,269],[38,238,270],[67,118,146],[69,120,145],[68,119,147],[42,81,273],[40,79,272],
[41,80,271],[15,134,158],[13,133,164],[14,135,161],[18,184,261],[16,186,259],[20,188,257],[7,73,142],[8,75,143],[9,74,144],
[51,152,192],[50,153,191],[49,151,190],[52,74,165],[54,75,159],[53,73,162],[14,66,77],[15,65,78],[13,64,76],[144,168,175],
[142,170,172],[143,166,178],[29,39,158],[30,37,161],[28,38,164],[175,220,285],[172,214,291],[178,217,288],[30,144,265],[29,142,263],
[28,143,267],[6,140,274],[5,136,277],[4,138,280],[33,136,216],[32,140,222],[31,138,219],[59,88,287],[60,89,284],[58,90,290],
[23,25,59],[24,27,60],[22,26,58],[47,72,268],[48,71,269],[46,70,270],[15,137,146],[13,139,145],[14,141,147],[30,172,261],
[29,178,257],[28,175,259],[102,156,165],[98,154,162],[100,155,159],[3,13,282],[2,14,276],[1,15,279],[100,159,183],[102,165,181],
[98,162,182],[57,74,165],[56,73,162],[55,75,159],[60,152,192],[59,153,191],[58,151,190],[7,73,91],[9,74,93],[8,75,92],
[3,15,282],[1,14,279],[2,13,276],[2,14,261],[3,13,259],[1,15,257],[9,69,181],[8,67,183],[7,68,182],[102,152,156],
[100,153,155],[98,151,154],[60,208,287],[59,210,290],[58,209,284],[25,59,287],[26,58,290],[27,60,284],[30,144,261],[28,143,259],
[29,142,257],[144,175,285],[143,178,288],[142,172,291],[39,134,158],[38,133,164],[37,135,161],[15,67,146],[14,68,147],[13,69,145],
[39,48,269],[38,46,270],[37,47,268],[156,186,259],[154,184,261],[155,188,257],[8,13,64],[7,15,65],[9,14,66],[6,140,186],
[4,138,188],[5,136,184],[33,159,216],[31,165,219],[32,162,222],[80,219,271],[81,222,273],[79,216,272],[47,57,177],[46,55,180],
[48,56,174],[63,94,218],[61,95,221],[62,96,215],[25,43,65],[27,45,64],[26,44,66],[46,55,134],[48,56,135],[47,57,133],
[2,47,177],[1,48,174],[3,46,180],[96,222,273],[94,216,272],[95,219,271],[67,144,285],[69,142,291],[68,143,288],[6,156,186],
[5,154,184],[4,155,188],[39,48,134],[37,47,135],[38,46,133],[25,60,287],[27,58,284],[26,59,290],[8,64,183],[7,65,182],
[9,66,181],[2,144,261],[1,142,257],[3,143,259],[3,15,67],[2,13,69],[1,14,68],[60,152,156],[58,151,154],[59,153,155],
[57,74,93],[55,75,92],[56,73,91],[159,183,216],[162,182,222],[165,181,219],[56,91,215],[57,93,221],[55,92,218],[6,60,156],
[4,59,155],[5,58,154],[64,183,216],[66,181,219],[65,182,222],[3,67,144],[1,68,143],[2,69,142],[2,47,144],[3,46,143],
[1,48,142],[48,55,134],[46,57,133],[47,56,135],[25,60,65],[26,59,66],[27,58,64],[94,216,218],[95,219,221],[96,215,222],
[5,58,64],[6,60,65],[4,59,66],[3,47,144],[2,48,142],[1,46,143],[64,216,218],[65,215,222],[66,219,221],[47,56,215],
[48,55,218],[46,57,221],[5,64,218],[4,66,221],[6,65,215],[2,48,218],[1,46,221],[3,47,215],[2,5,218],[3,6,215],
[1,4,221],[60,91,192],[58,92,190],[59,93,191],[41,111,131],[42,110,127],[40,109,129],[97,161,272],[99,158,271],[101,164,273],
[25,45,110],[27,44,109],[26,43,111],[65,94,297],[64,95,295],[66,96,296],[59,94,210],[60,95,208],[58,96,209],[113,148,277],
[115,149,280],[117,150,274],[32,114,240],[33,116,238],[31,112,236],[18,76,123],[16,78,122],[20,77,121],[55,127,159],[57,129,165],
[56,131,162],[1,97,113],[2,101,117],[3,99,115],[61,104,264],[63,103,266],[62,105,262],[77,82,264],[78,83,262],[76,84,266],
[21,29,96],[17,28,94],[19,30,95],[116,181,283],[112,182,289],[114,183,286],[116,141,194],[112,137,198],[114,139,196],[160,172,293],
[163,175,292],[157,178,294],[69,178,181],[68,175,182],[67,172,183],[99,111,125],[101,110,126],[97,109,124],[226,232,269],[227,233,270],
[228,234,268],[99,206,228],[101,205,226],[97,207,227],[10,137,232],[11,141,234],[12,139,233],[147,266,292],[145,262,294],[146,264,293],
[95,97,145],[96,99,147],[94,101,146],[9,93,117],[8,92,115],[7,91,113],[124,168,263],[126,166,265],[125,170,267],[92,130,276],
[91,128,282],[93,132,279],[91,166,215],[93,170,221],[92,168,218],[112,148,194],[114,149,198],[116,150,196],[7,198,298],[8,196,300],
[9,194,299],[105,176,269],[104,179,268],[103,173,270],[77,230,275],[76,229,281],[78,231,278],[5,85,88],[6,87,90],[4,86,89],
[88,123,251],[90,122,245],[89,121,248],[71,194,279],[72,196,276],[70,198,282],[21,75,234],[19,73,233],[17,74,232],[21,37,242],
[17,39,241],[19,38,243],[214,234,279],[220,233,276],[217,232,282],[138,160,276],[136,163,282],[140,157,279],[246,263,276],[252,267,279],
[249,265,282],[114,176,277],[112,179,274],[116,173,280],[97,209,238],[99,210,236],[101,208,240],[122,209,281],[123,210,275],[121,208,278],
[36,80,296],[35,81,297],[34,79,295],[7,77,198],[9,76,194],[8,78,196],[20,78,171],[18,77,169],[16,76,167],[83,84,192],
[82,83,191],[82,84,190],[9,80,83],[8,79,82],[7,81,84],[109,149,190],[111,150,191],[110,148,192],[160,216,250],[157,219,247],
[163,222,244],[245,247,298],[248,250,299],[244,251,300],[57,138,166],[55,136,170],[56,140,168],[20,21,132],[16,17,128],[18,19,130],
[119,122,126],[120,121,125],[118,123,124],[188,192,233],[186,190,234],[184,191,232],[54,186,290],[52,184,287],[53,188,284],[52,97,98],
[53,99,100],[54,101,102],[200,214,231],[201,217,229],[199,220,230],[3,99,236],[1,97,238],[2,101,240],[36,59,94],[34,58,96],
[35,60,95],[36,45,219],[34,43,216],[35,44,222],[63,94,238],[62,96,240],[61,95,236],[201,224,274],[199,223,277],[200,225,280],
[48,86,201],[46,87,199],[47,85,200],[42,154,273],[40,155,272],[41,156,271],[47,133,154],[48,135,155],[46,134,156],[179,212,260],
[176,213,256],[173,211,258],[86,176,290],[87,173,287],[85,179,284],[4,86,280],[6,87,274],[5,85,277],[27,171,250],[25,169,244],
[26,167,247],[49,198,257],[50,196,259],[51,194,261],[194,201,216],[198,199,219],[196,200,222],[141,171,200],[139,169,199],[137,167,201],
[11,132,177],[10,128,174],[12,130,180],[9,39,117],[7,38,113],[8,37,115],[37,51,152],[38,50,153],[39,49,151],[2,117,177],
[3,115,180],[1,113,174],[104,285,290],[103,284,288],[105,287,291],[207,220,285],[205,217,288],[206,214,291],[205,223,228],[206,224,227],
[207,225,226],[25,98,110],[26,102,111],[27,100,109],[100,119,213],[102,118,211],[98,120,212],[120,214,250],[118,220,244],[119,217,247],
[120,133,283],[118,134,286],[119,135,289],[189,207,221],[185,205,218],[187,206,215],[53,135,252],[54,134,249],[52,133,246],[36,167,246],
[34,171,249],[35,169,252],[74,167,235],[75,171,237],[73,169,239],[63,74,218],[62,75,215],[61,73,221],[128,239,246],[130,237,252],
[132,235,249],[33,210,239],[31,208,237],[32,209,235],[127,128,269],[131,132,268],[129,130,270],[223,224,254],[223,225,255],[224,225,253],
[189,229,233],[187,230,234],[185,231,232],[213,240,260],[211,238,256],[212,236,258],[87,152,260],[85,151,256],[86,153,258],[54,189,213],
[52,187,211],[53,185,212],[85,240,254],[86,238,255],[87,236,253],[151,188,189],[152,184,185],[153,186,187],[17,266,285],[21,262,288],
[19,264,291],[31,158,193],[33,161,195],[32,164,197],[10,232,262],[12,233,266],[11,234,264],[21,29,158],[17,28,164],[19,30,161],
[69,265,291],[67,267,285],[68,263,288],[18,261,267],[20,257,265],[16,259,263],[44,66,70],[43,65,72],[45,64,71],[193,255,293],
[197,253,294],[195,254,292],[42,244,255],[40,250,253],[41,247,254],[251,252,273],[245,246,271],[248,249,272],[227,248,268],[228,245,269],
[226,251,270],[108,226,269],[106,228,268],[107,227,270],[29,96,273],[30,95,271],[28,94,272],[117,125,193],[113,126,197],[115,124,195],
[124,202,281],[125,204,275],[126,203,278],[16,200,202],[18,201,204],[20,199,203],[25,43,63],[26,44,62],[27,45,61],[32,63,69],
[31,62,67],[33,61,68],[187,240,269],[185,238,270],[189,236,268],[44,213,243],[43,211,242],[45,212,241],[30,106,202],[29,108,204],
[28,107,203],[36,187,204],[34,189,202],[35,185,203],[124,125,126],[124,126,202],[125,126,203],[124,125,204],[16,106,202],[20,107,203],
[18,108,204],[9,16,76],[8,20,78],[7,18,77],[9,83,192],[7,84,190],[8,82,191],[109,120,190],[110,118,192],[111,119,191],
[163,244,300],[160,250,299],[157,247,298],[21,57,166],[19,55,170],[17,56,168],[21,132,163],[19,130,157],[17,128,160],[120,121,166],
[118,123,170],[119,122,168],[52,184,191],[53,188,192],[54,186,190],[52,62,97],[54,61,101],[53,63,99],[200,202,214],[199,203,220],
[201,204,217],[36,45,94],[35,44,95],[34,43,96],[1,94,238],[3,95,236],[2,96,240],[47,154,273],[46,156,271],[48,155,272],
[48,201,274],[47,200,280],[46,199,277],[86,176,280],[85,179,277],[87,173,274],[44,176,213],[45,179,212],[43,173,211],[50,196,200],
[51,194,201],[49,198,199],[27,171,200],[26,167,201],[25,169,199],[39,49,117],[37,51,115],[38,50,113],[11,117,177],[12,115,180],
[10,113,174],[103,205,288],[104,207,285],[105,206,291],[127,205,223],[129,207,225],[131,206,224],[25,63,98],[26,62,102],[27,61,100],
[102,104,118],[98,105,120],[100,103,119],[74,167,218],[73,169,221],[75,171,215],[133,167,246],[135,169,252],[134,171,249],[35,185,218],
[34,189,221],[36,187,215],[120,133,214],[119,135,217],[118,134,220],[33,45,61],[32,43,63],[31,44,62],[33,128,239],[32,132,235],
[31,130,237],[128,187,269],[132,189,268],[130,185,270],[87,152,185],[86,153,187],[85,151,189],[189,213,229],[185,212,231],[187,211,230],
[187,213,240],[189,212,236],[185,211,238],[85,224,254],[87,225,253],[86,223,255],[21,31,158],[19,33,161],[17,32,164],[11,19,264],
[10,21,262],[12,17,266],[32,69,265],[33,68,263],[31,67,267],[18,225,267],[16,223,263],[20,224,265],[44,70,243],[45,71,241],
[43,72,242],[42,193,255],[41,195,254],[40,197,253],[107,251,270],[108,245,269],[106,248,268],[29,251,273],[28,248,272],[30,245,271],
[70,117,193],[71,115,195],[72,113,197],[42,107,124],[41,108,126],[40,106,125],[28,185,203],[30,189,202],[29,187,204],[36,185,296],
[34,187,295],[35,189,297],[9,16,106],[8,20,107],[7,18,108],[9,118,192],[8,119,191],[7,120,190],[19,157,298],[17,160,299],
[21,163,300],[19,118,170],[17,119,168],[21,120,166],[28,185,296],[30,189,297],[29,187,295],[28,106,248],[30,108,245],[29,107,251],
[70,193,243],[72,197,242],[71,195,241],[42,107,193],[40,106,197],[41,108,195],[187,213,229],[185,211,230],[189,212,231],[86,187,223],
[85,189,224],[87,185,225],[12,17,32],[10,21,31],[11,19,33],[32,224,265],[31,225,267],[33,223,263],[34,128,187],[36,130,185],
[35,132,189],[35,167,218],[36,171,215],[34,169,221],[133,167,214],[134,171,220],[135,169,217],[33,45,128],[31,44,130],[32,43,132],
[103,127,205],[105,131,206],[104,129,207],[61,100,103],[63,98,105],[62,102,104],[27,50,200],[26,51,201],[25,49,199],[11,49,117],
[10,50,113],[12,51,115],[48,272,274],[47,273,280],[46,271,277],[44,176,280],[43,173,274],[45,179,277],[1,45,94],[2,43,96],
[3,44,95],[126,202,214],[124,204,217],[125,203,220],[52,62,191],[53,63,192],[54,61,190],[105,114,176],[103,116,173],[104,112,179],
[114,198,298],[116,196,300],[112,194,299],[123,230,275],[121,231,278],[122,229,281],[5,88,123],[4,89,121],[6,90,122],[21,234,242],
[17,232,241],[19,233,243],[71,234,279],[70,232,282],[72,233,276],[160,263,276],[157,267,279],[163,265,282],[97,122,209],[101,121,208],
[99,123,210],[91,128,160],[92,130,157],[93,132,163],[91,121,166],[92,122,168],[93,123,170],[70,93,117],[72,91,113],[71,92,115],
[42,124,263],[40,125,267],[41,126,265],[178,181,294],[172,183,293],[175,182,292],[116,141,181],[114,139,183],[112,137,182],[141,228,234],
[139,227,233],[137,226,232],[99,111,228],[97,109,227],[101,110,226],[96,147,292],[94,146,293],[95,145,294],[21,57,96],[17,56,94],
[19,55,95],[105,109,120],[103,111,119],[104,110,118],[61,77,264],[62,78,262],[63,76,266],[62,97,113],[63,99,115],[61,101,117],
[57,129,225],[56,131,224],[55,127,223],[18,76,225],[20,77,224],[16,78,223],[114,208,240],[112,210,236],[116,209,238],[113,114,277],
[112,117,274],[115,116,280],[94,210,297],[96,209,296],[95,208,295],[11,27,44],[10,26,43],[12,25,45],[50,107,124],[51,106,125],
[49,108,126],[97,243,272],[101,241,273],[99,242,271],[3,41,131],[1,40,129],[2,42,127],[91,192,230],[93,191,229],[92,190,231],
[2,5,105],[1,4,103],[3,6,104],[208,209,210],[208,210,297],[208,209,295],[209,210,296],[27,50,107],[25,49,108],[26,51,106],
[11,27,49],[12,25,51],[10,26,50],[241,273,280],[242,271,277],[243,272,274],[11,44,280],[12,45,277],[10,43,274],[49,126,214],
[51,125,220],[50,124,217],[1,45,129],[2,43,127],[3,44,131],[61,190,231],[62,191,229],[63,192,230],[9,106,118],[7,108,120],
[8,107,119],[19,118,298],[21,120,300],[17,119,299],[107,193,243],[108,195,241],[106,197,242],[28,106,296],[29,107,295],[30,108,297],
[187,223,229],[189,224,231],[185,225,230],[12,32,224],[11,33,223],[10,31,225],[35,167,214],[34,169,217],[36,171,220],[34,45,128],
[35,43,132],[36,44,130],[61,103,127],[62,104,129],[63,105,131],[2,42,105],[3,41,104],[1,40,103],[72,91,230],[70,93,229],
[71,92,231],[91,121,160],[93,123,163],[92,122,157],[97,122,243],[99,123,242],[101,121,241],[42,160,263],[41,163,265],[40,157,267],
[105,114,298],[104,112,299],[103,116,300],[5,123,230],[6,122,229],[4,121,231],[71,234,242],[72,233,243],[70,232,241],[5,105,109],
[6,104,110],[4,103,111],[57,96,292],[55,95,294],[56,94,293],[141,181,294],[137,182,292],[139,183,293],[109,139,227],[110,137,226],
[111,141,228],[57,76,225],[55,78,223],[56,77,224],[63,76,115],[61,77,117],[62,78,113],[113,114,208],[115,116,209],[112,117,210],
[106,118,298],[107,119,299],[108,120,300],[108,241,297],[106,242,296],[107,243,295],[10,225,230],[11,223,229],[12,224,231],[34,50,217],
[36,51,220],[35,49,214],[34,45,129],[36,44,131],[35,43,127],[61,127,231],[63,131,230],[62,129,229],[27,49,107],[26,50,106],
[25,51,108],[11,241,280],[10,243,274],[12,242,277],[42,105,298],[40,103,300],[41,104,299],[72,122,243],[71,123,242],[70,121,241],
[42,121,160],[40,122,157],[41,123,163],[5,72,230],[4,71,231],[6,70,229],[56,139,293],[57,137,292],[55,141,294],[5,109,139],
[4,111,141],[6,110,137],[57,76,115],[55,78,113],[56,77,117],[113,208,297],[117,210,296],[115,209,295],[50,106,298],[49,107,299],
[51,108,300],[11,241,297],[12,242,296],[10,243,295],[11,129,229],[12,127,231],[10,131,230],[34,50,129],[35,49,127],[36,51,131],
[40,122,300],[42,121,298],[41,123,299],[5,72,122],[6,70,121],[4,71,123],[5,56,139],[6,57,137],[4,55,141],[56,117,296],
[57,115,295],[55,113,297],[50,129,298],[51,131,300],[49,127,299],[11,129,297],[10,131,295],[12,127,296],[5,122,300],[4,123,299],
[6,121,298],[5,56,296],[4,55,297],[6,57,295],[129,297,298],[127,296,299],[131,295,300],[5,296,300],[6,295,298],[4,297,299]];
###############################################################

