#SurfaceInfo: 484 Vertices, 2904 Edges, 1936 Faces, IsOrientable=true
 #Vertices of faces:
vof1:=[[482,483,484],[480,481,483],[479,480,482],[477,478,482],[476,477,484],[474,475,483],[473,474,484],[471,472,483],[470,471,481],[468,469,480],
[468,476,481],[466,467,482],[464,465,482],[462,463,480],[466,470,479],[461,464,478],[462,473,479],[459,460,477],[459,475,478],[457,458,484],
[455,456,483],[453,454,484],[451,452,483],[450,468,477],[457,461,476],[449,455,475],[449,453,473],[448,451,472],[447,459,474],[446,462,474],
[444,445,471],[444,469,472],[442,443,481],[440,441,480],[438,439,481],[436,437,482],[434,435,480],[433,466,471],[442,448,470],[432,440,469],
[432,438,476],[431,436,467],[430,437,465],[429,434,463],[428,444,468],[426,427,466],[424,425,464],[423,426,462],[426,463,467],[424,460,465],
[421,422,479],[419,420,478],[417,418,479],[415,416,477],[413,414,478],[411,412,484],[409,410,477],[408,457,464],[421,431,470],[419,430,461],
[417,429,473],[407,415,460],[407,413,475],[406,411,458],[405,452,456],[404,412,454],[409,439,450],[403,424,459],[401,402,457],[399,400,455],
[397,398,453],[396,400,451],[395,401,468],[401,450,458],[399,447,456],[397,446,454],[396,445,452],[393,394,476],[391,392,475],[389,390,473],
[387,388,472],[385,386,474],[383,384,474],[381,382,471],[379,380,472],[377,378,481],[375,376,471],[374,453,455],[373,442,451],[393,406,461],
[391,405,449],[389,404,449],[387,405,448],[385,414,447],[383,418,446],[372,381,445],[372,379,469],[377,424,443],[371,435,441],[370,378,439],
[375,422,433],[369,399,459],[368,397,462],[367,396,444],[365,366,442],[364,404,440],[363,409,438],[370,425,436],[370,427,437],[364,406,434],
[362,365,466],[365,433,443],[404,428,441],[406,423,435],[360,361,470],[358,359,469],[356,357,476],[354,355,467],[353,354,465],[351,352,463],
[349,350,468],[347,348,466],[345,346,464],[343,344,462],[341,342,467],[339,340,465],[338,341,463],[336,337,479],[334,335,478],[332,333,464],
[331,438,440],[330,421,436],[329,419,437],[328,417,434],[360,424,448],[358,371,432],[356,370,432],[354,430,431],[351,371,429],[349,380,428],
[338,347,427],[327,345,425],[342,343,423],[327,339,460],[336,399,422],[334,397,420],[337,396,418],[326,410,416],[325,335,414],[332,394,408],
[324,404,444],[323,370,426],[322,370,424],[321,406,426],[320,375,421],[318,319,419],[317,383,417],[316,415,448],[315,385,413],[325,398,411],
[325,402,412],[316,405,409],[314,318,457],[318,408,420],[403,416,448],[395,405,410],[312,313,470],[311,343,461],[309,310,473],[307,308,460],
[305,306,475],[303,304,458],[302,387,456],[301,303,454],[300,391,452],[298,299,450],[313,361,459],[296,297,457],[294,295,455],[292,293,453],
[290,291,451],[288,289,458],[286,287,456],[284,285,454],[282,283,452],[281,288,450],[279,280,472],[277,278,455],[275,276,453],[273,274,451],
[272,413,415],[271,393,411],[270,389,412],[312,399,431],[311,397,430],[309,396,429],[307,326,407],[305,325,407],[303,404,406],[298,326,439],
[313,340,403],[281,296,402],[269,294,400],[268,292,398],[267,290,400],[289,350,395],[269,286,447],[268,284,446],[267,282,445],[357,394,426],
[306,392,401],[310,390,444],[279,388,409],[266,384,386],[265,376,382],[264,280,380],[277,374,390],[275,374,392],[273,361,373],[263,325,401],
[262,396,399],[261,325,397],[260,401,405],[259,332,393],[258,275,391],[257,277,389],[255,256,387],[254,385,431],[254,383,430],[253,381,429],
[252,349,379],[264,363,377],[264,366,378],[253,371,375],[251,255,442],[255,373,388],[369,386,431],[368,384,430],[367,382,429],[362,371,376],
[321,344,461],[260,349,449],[324,350,449],[249,250,447],[247,248,446],[245,246,445],[243,244,469],[242,322,443],[241,351,441],[322,346,439],
[240,358,435],[238,239,433],[236,237,442],[235,304,440],[233,234,438],[232,242,436],[230,231,437],[229,301,434],[227,228,443],[225,226,441],
[223,224,435],[222,227,433],[220,221,467],[218,219,465],[216,217,463],[214,215,440],[212,213,438],[210,211,436],[208,209,437],[206,207,434],
[205,379,381],[204,360,377],[203,356,378],[249,266,414],[247,266,418],[245,265,372],[243,264,372],[238,265,422],[287,361,369],[285,344,368],
[283,367,390],[222,236,366],[202,235,364],[233,299,363],[201,232,425],[201,230,427],[200,229,364],[228,348,362],[202,225,428],[200,223,423],
[244,359,365],[220,355,383],[218,353,385],[216,352,375],[199,333,346],[198,221,342],[197,219,340],[198,217,338],[214,331,357],[212,331,359],
[210,313,330],[208,329,343],[206,310,328],[261,264,365],[196,264,409],[195,365,371],[194,273,360],[193,212,358],[214,259,356],[191,192,354],
[189,190,354],[187,188,351],[195,347,432],[186,345,439],[185,341,343],[184,313,339],[183,341,347],[198,317,336],[197,315,334],[198,320,337],
[197,319,335],[186,326,332],[182,191,421],[181,189,419],[180,187,417],[191,330,355],[189,329,353],[187,328,352],[323,348,432],[314,326,333],
[178,179,428],[176,177,427],[174,175,425],[172,173,423],[170,171,460],[262,291,422],[169,261,420],[262,295,418],[168,298,416],[261,293,414],
[167,307,410],[166,256,408],[164,165,421],[162,163,419],[160,161,417],[159,302,415],[157,158,413],[156,169,411],[154,155,412],[152,153,420],
[151,204,416],[149,150,410],[148,152,408],[147,235,458],[146,159,456],[145,229,454],[143,144,452],[141,142,450],[140,207,415],[138,139,413],
[136,137,411],[134,135,412],[245,339,345],[133,312,336],[132,311,334],[131,309,337],[130,305,335],[178,289,380],[176,228,338],[174,199,327],
[172,285,342],[170,197,327],[166,199,394],[226,310,324],[231,323,394],[224,321,357],[164,239,320],[148,162,319],[160,248,317],[159,200,316],
[157,250,315],[156,194,398],[154,194,402],[129,279,316],[153,297,314],[151,200,403],[129,149,395],[171,308,318],[143,300,349],[141,299,332],
[128,278,295],[127,276,293],[126,274,291],[147,214,289],[140,146,287],[145,206,285],[125,144,283],[142,214,281],[140,272,306],[138,272,308],
[136,271,344],[134,270,350],[198,263,375],[197,318,367],[196,198,383],[197,215,385],[124,318,326],[194,210,312],[208,267,311],[206,257,309],
[123,138,307],[140,258,305],[122,222,303],[121,148,387],[120,239,303],[119,121,391],[118,233,298],[124,296,407],[117,294,418],[116,292,414],
[115,290,422],[114,288,350],[113,286,361],[112,284,344],[111,282,390],[110,288,296],[125,252,279],[125,256,280],[117,266,277],[116,266,275],
[115,265,273],[109,122,393],[108,120,389],[122,271,304],[121,300,302],[120,270,301],[263,297,407],[266,276,278],[251,265,274],[107,173,403],
[106,183,402],[105,110,400],[104,205,398],[103,118,400],[102,178,395],[100,101,447],[98,99,446],[97,123,445],[155,263,392],[96,196,388],
[95,247,386],[94,249,384],[93,238,382],[196,234,380],[94,245,376],[92,192,374],[91,190,374],[135,188,373],[89,90,393],[87,88,391],
[85,86,389],[136,208,387],[162,241,381],[83,84,379],[82,96,377],[80,81,378],[91,127,392],[92,128,390],[78,79,388],[77,133,386],
[76,132,384],[131,163,382],[75,132,376],[74,78,373],[73,232,443],[72,162,441],[71,87,435],[69,70,433],[68,333,381],[67,171,379],
[92,151,377],[66,88,378],[176,286,294],[174,284,292],[172,282,290],[150,260,306],[130,243,280],[107,287,340],[153,183,281],[110,128,269],
[127,205,268],[118,126,267],[100,140,269],[98,206,268],[123,125,267],[126,135,361],[89,256,259],[87,190,258],[85,192,257],[74,208,256],
[202,218,254],[129,220,254],[162,253,327],[83,179,252],[82,257,363],[80,257,366],[150,216,253],[79,237,251],[77,202,369],[76,129,368],
[163,327,367],[75,150,362],[101,250,275],[99,248,277],[97,246,255],[87,240,347],[69,239,273],[65,215,304],[64,213,234],[63,211,242],
[62,209,231],[61,207,301],[73,210,228],[68,72,226],[60,71,224],[70,210,222],[68,205,244],[171,205,246],[88,203,348],[214,262,332],
[140,275,323],[206,277,322],[125,255,321],[125,211,349],[116,255,265],[136,267,321],[143,201,260],[134,201,324],[59,157,249],[58,160,247],
[57,171,245],[68,193,243],[56,248,322],[55,74,351],[86,268,322],[54,55,358],[53,164,238],[116,236,372],[52,233,380],[78,230,394],
[51,227,348],[152,225,310],[91,223,357],[50,227,236],[62,185,220],[63,184,218],[60,183,216],[62,192,221],[63,190,219],[60,188,217],
[52,212,289],[78,199,208],[56,106,360],[49,86,356],[56,204,242],[55,240,241],[86,203,346],[237,261,372],[213,215,289],[182,211,228],
[181,199,209],[180,207,285],[107,179,369],[102,172,368],[48,308,367],[47,315,366],[46,50,364],[108,185,363],[45,58,425],[59,83,427],
[44,53,364],[167,176,362],[43,157,428],[57,138,423],[81,261,359],[42,196,355],[50,215,353],[41,263,352],[40,166,346],[161,196,342],
[158,215,340],[165,263,338],[174,241,333],[39,258,331],[119,184,331],[137,193,330],[118,274,329],[66,319,328],[38,122,360],[77,218,358],
[36,37,356],[134,143,354],[151,159,351],[85,168,345],[35,97,341],[33,34,339],[32,101,341],[31,42,336],[47,50,334],[30,41,337],
[29,48,335],[64,184,359],[39,65,357],[28,111,355],[26,27,353],[25,113,352],[67,226,333],[54,111,330],[24,26,329],[113,181,328],
[23,156,420],[71,85,416],[22,164,410],[21,74,408],[60,278,347],[57,276,345],[62,274,343],[32,99,339],[77,166,336],[76,227,334],
[39,163,337],[82,165,335],[225,235,249],[178,230,232],[223,229,307],[132,195,244],[130,217,221],[131,170,219],[48,226,283],[79,222,315],
[50,65,202],[64,185,299],[58,63,201],[59,62,201],[53,61,200],[43,68,202],[57,60,200],[63,137,313],[61,66,310],[38,188,194],
[119,193,218],[36,258,259],[54,143,192],[24,134,190],[159,181,188],[87,195,269],[85,186,268],[97,173,185],[33,173,184],[101,177,183],
[31,259,317],[30,259,320],[29,319,366],[133,141,186],[28,165,182],[27,163,181],[25,161,180],[88,269,323],[67,133,314],[157,179,212],
[83,177,191],[45,175,189],[138,173,187],[164,167,296],[53,207,302],[20,139,158],[19,137,169],[38,135,155],[23,136,153],[57,71,204],
[18,22,150],[21,136,148],[99,175,245],[130,165,297],[210,273,303],[68,212,369],[62,191,324],[63,189,260],[60,187,403],[124,191,228],
[189,199,253],[52,187,285],[83,100,178],[43,101,176],[17,99,174],[97,170,172],[57,123,170],[37,262,299],[90,262,281],[24,44,298],
[44,70,307],[42,89,166],[124,164,338],[52,160,342],[52,157,340],[26,154,392],[16,152,297],[149,238,306],[61,152,162],[38,114,235],
[113,126,159],[19,112,229],[111,128,143],[18,110,141],[38,147,222],[126,146,148],[19,145,239],[119,128,144],[18,118,142],[52,138,287],
[26,127,134],[37,104,312],[81,105,311],[47,90,309],[31,237,305],[37,133,291],[81,132,169],[90,131,295],[44,167,168],[130,237,293],
[139,207,287],[109,137,153],[108,127,135],[48,177,324],[15,250,323],[15,246,321],[49,272,320],[109,252,317],[55,61,316],[114,251,315],
[14,193,398],[33,188,402],[42,46,316],[95,183,314],[17,160,395],[58,211,300],[13,92,295],[12,91,293],[11,135,291],[84,211,283],
[110,240,278],[168,205,276],[112,182,272],[123,144,271],[59,209,270],[19,120,312],[121,126,311],[10,56,309],[9,15,305],[76,220,298],
[89,95,294],[94,236,292],[36,93,290],[8,45,288],[11,14,286],[7,103,284],[13,29,282],[75,216,288],[49,53,306],[58,109,279],
[6,15,280],[20,112,308],[6,73,304],[5,23,302],[4,115,301],[21,23,300],[32,224,278],[32,204,276],[35,231,274],[70,73,271],
[69,115,270],[3,82,388],[72,89,386],[22,236,384],[36,219,382],[17,292,376],[24,54,374],[8,181,373],[18,296,362],[43,294,314],
[170,213,290],[38,209,350],[67,141,286],[75,244,284],[142,158,282],[149,247,279],[30,280,293],[107,154,156],[124,171,226],[131,142,147],
[100,146,203],[98,145,203],[15,224,231],[28,239,272],[27,148,328],[25,248,252],[20,114,250],[19,193,194],[42,96,129],[17,18,129],
[19,144,344],[10,257,319],[123,182,229],[9,258,320],[5,88,119],[108,118,220],[89,117,281],[36,115,299],[45,102,114],[14,113,179],
[102,103,112],[29,111,308],[106,110,216],[6,256,317],[99,117,204],[101,116,224],[6,90,109],[4,86,108],[35,251,270],[33,106,122],
[103,105,121],[14,104,120],[102,160,233],[12,67,84],[85,92,96],[10,66,81],[3,79,151],[43,72,133],[17,22,132],[8,74,151],
[105,141,176],[104,174,244],[103,142,172],[121,128,195],[18,233,368],[117,122,153],[120,127,186],[33,107,217],[45,98,178],[43,59,100],
[17,58,98],[21,46,247],[46,69,249],[5,175,238],[65,87,91],[83,124,283],[23,80,359],[20,78,237],[10,51,232],[22,50,69],
[10,73,248],[61,72,74],[54,65,71],[22,53,70],[23,64,88],[41,175,260],[154,161,243],[41,150,155],[46,94,95],[93,94,175],
[130,161,234],[79,92,106],[49,64,66],[55,65,254],[44,96,254],[51,180,252],[4,192,363],[45,155,253],[2,39,304],[16,184,234],
[34,137,242],[1,66,301],[93,185,213],[14,107,243],[9,40,230],[27,105,227],[1,4,225],[2,6,223],[4,48,221],[5,41,219],
[12,168,246],[33,117,242],[3,7,241],[9,145,346],[3,8,240],[131,158,213],[8,155,209],[3,31,355],[2,47,353],[26,30,352],
[10,146,348],[5,190,331],[7,119,330],[11,108,329],[59,235,251],[100,180,232],[98,139,230],[35,69,225],[70,84,223],[80,221,297],
[156,217,234],[48,80,82],[97,116,231],[12,51,179],[7,54,77],[9,78,250],[51,105,167],[4,152,177],[6,91,246],[9,37,49],
[84,182,271],[139,180,203],[29,47,56],[44,46,55],[16,32,35],[32,34,93],[36,39,41],[3,28,77],[2,27,76],[25,26,163],
[11,24,76],[56,79,147],[64,86,115],[28,104,166],[20,111,165],[12,113,161],[16,80,156],[24,71,96],[21,42,72],[103,169,195],
[40,104,241],[25,39,47],[20,31,82],[14,186,291],[1,49,302],[13,112,158],[7,144,169],[40,114,139],[12,30,154],[1,5,149],
[27,81,146],[28,37,145],[16,95,177],[16,93,173],[29,147,295],[2,84,168],[2,11,167],[34,109,300],[21,34,149],[15,30,31],
[8,13,75],[11,51,67],[7,40,75],[25,73,90],[13,106,240],[13,40,102],[1,35,95],[1,34,94],[480,482,483],[477,482,484],
[474,483,484],[471,481,483],[468,480,481],[466,479,482],[464,478,482],[462,479,480],[459,477,478],[457,476,484],[455,475,483],[453,473,484],
[451,472,483],[468,476,477],[459,474,475],[462,473,474],[444,471,472],[442,470,481],[440,469,480],[438,476,481],[436,467,482],[437,465,482],
[434,463,480],[466,470,471],[444,468,469],[426,466,467],[424,464,465],[426,462,463],[421,470,479],[419,461,478],[417,473,479],[415,460,477],
[413,475,478],[411,458,484],[452,456,483],[412,454,484],[409,450,477],[457,461,464],[424,459,460],[401,457,458],[399,455,456],[397,453,454],
[396,451,452],[401,450,468],[393,461,476],[391,449,475],[389,449,473],[387,448,472],[385,447,474],[383,446,474],[381,445,471],[379,469,472],
[377,443,481],[435,441,480],[378,439,481],[375,433,471],[449,453,455],[442,448,451],[399,447,459],[397,446,462],[396,444,445],[365,442,443],
[404,440,441],[409,438,439],[370,436,437],[406,434,435],[365,433,466],[360,448,470],[358,432,469],[356,432,476],[354,431,467],[354,430,465],
[351,429,463],[349,428,468],[347,427,466],[345,425,464],[343,423,462],[341,463,467],[339,460,465],[336,422,479],[334,420,478],[337,418,479],
[410,416,477],[335,414,478],[332,408,464],[432,438,440],[421,431,436],[419,430,437],[417,429,434],[404,428,444],[370,426,427],[370,424,425],
[406,423,426],[375,421,422],[318,419,420],[383,417,418],[415,416,448],[385,413,414],[325,411,412],[405,409,410],[318,408,457],[312,431,470],
[311,430,461],[309,429,473],[307,407,460],[305,407,475],[303,406,458],[387,405,456],[303,404,454],[391,405,452],[298,439,450],[313,403,459],
[296,402,457],[294,400,455],[292,398,453],[290,400,451],[350,395,468],[288,450,458],[286,447,456],[284,446,454],[282,445,452],[357,394,476],
[306,392,475],[310,390,473],[279,388,472],[384,386,474],[376,382,471],[280,380,472],[277,374,455],[275,374,453],[273,373,451],[407,413,415],
[393,406,411],[389,404,412],[403,424,448],[325,401,402],[396,399,400],[325,397,398],[395,401,405],[332,393,394],[275,391,392],[277,389,390],
[255,387,388],[385,386,431],[383,384,430],[381,382,429],[349,379,380],[264,377,378],[371,375,376],[255,373,442],[321,406,461],[260,405,449],
[324,404,449],[316,405,448],[249,414,447],[247,418,446],[245,372,445],[243,372,469],[322,424,443],[351,371,441],[322,370,439],[358,371,435],
[238,422,433],[361,369,459],[344,368,462],[367,390,444],[236,366,442],[235,364,440],[233,363,438],[232,425,436],[230,427,437],[229,364,434],
[348,362,466],[227,433,443],[225,428,441],[223,423,435],[313,361,470],[244,359,469],[220,355,467],[218,353,465],[216,352,463],[333,346,464],
[221,342,467],[219,340,465],[217,338,463],[214,331,440],[212,331,438],[210,330,436],[208,329,437],[206,328,434],[372,379,381],[360,377,424],
[356,370,378],[369,399,431],[368,397,430],[367,396,429],[264,365,366],[364,404,406],[264,363,409],[362,365,371],[273,360,361],[212,358,359],
[214,356,357],[191,354,355],[189,353,354],[187,351,352],[349,350,449],[347,348,432],[345,346,439],[343,344,461],[341,342,343],[313,339,340],
[338,341,347],[198,336,337],[197,334,335],[326,332,333],[191,330,421],[189,329,419],[187,328,417],[195,371,432],[323,370,432],[254,430,431],
[253,371,429],[178,380,428],[176,338,427],[174,327,425],[172,342,423],[170,327,460],[262,399,422],[261,397,420],[262,396,418],[298,326,416],
[261,325,414],[307,326,410],[166,394,408],[310,324,444],[323,394,426],[321,357,426],[164,320,421],[162,319,419],[160,317,417],[159,316,415],
[157,315,413],[156,398,411],[154,402,412],[279,316,409],[297,314,457],[152,408,420],[151,403,416],[149,395,410],[171,308,460],[235,304,458],
[159,302,456],[229,301,454],[143,300,452],[141,299,450],[278,295,455],[276,293,453],[274,291,451],[147,289,458],[146,287,456],[145,285,454],
[144,283,452],[142,281,450],[140,272,415],[138,272,413],[136,271,411],[134,270,412],[327,339,345],[312,336,399],[311,334,397],[309,337,396],
[305,325,335],[198,320,375],[197,318,319],[198,317,383],[197,315,385],[314,318,326],[210,312,313],[208,311,343],[206,309,310],[138,307,308],
[140,305,306],[122,303,304],[121,302,387],[120,301,303],[121,300,391],[233,298,299],[296,297,407],[294,295,418],[292,293,414],[290,291,422],
[288,289,350],[286,287,361],[284,285,344],[282,283,390],[281,288,296],[125,279,280],[266,277,278],[266,275,276],[265,273,274],[122,271,393],
[120,270,389],[124,326,407],[263,325,407],[186,326,439],[107,340,403],[183,281,402],[110,269,400],[205,268,398],[118,267,400],[178,289,395],
[100,269,447],[98,268,446],[123,267,445],[263,392,401],[196,388,409],[247,266,386],[249,266,384],[238,265,382],[196,264,380],[245,265,376],
[92,374,390],[91,374,392],[135,361,373],[260,306,401],[89,259,393],[87,258,391],[85,257,389],[208,256,387],[218,254,385],[220,254,383],
[162,253,381],[83,252,379],[82,363,377],[80,366,378],[216,253,375],[237,251,442],[78,373,388],[77,369,386],[76,368,384],[163,367,382],
[75,362,376],[101,250,447],[99,248,446],[97,246,445],[232,242,443],[162,241,441],[87,240,435],[69,239,433],[215,304,440],[213,234,438],
[211,242,436],[209,231,437],[207,301,434],[73,228,443],[72,226,441],[71,224,435],[70,222,433],[68,205,381],[171,205,379],[151,204,377],
[88,203,378],[269,286,294],[268,284,292],[267,282,290],[243,264,280],[214,259,332],[140,258,275],[206,257,277],[125,255,256],[125,252,349],
[251,255,265],[136,321,344],[143,260,349],[134,324,350],[157,249,250],[160,247,248],[171,245,246],[68,243,244],[56,242,322],[55,241,351],
[86,322,346],[55,240,358],[164,238,239],[236,237,372],[233,234,380],[230,231,394],[227,228,348],[225,226,310],[223,224,357],[222,227,236],
[62,220,221],[63,218,219],[60,216,217],[214,215,289],[212,213,289],[210,211,228],[199,208,209],[206,207,285],[56,204,360],[86,203,356],
[116,266,414],[117,266,418],[116,265,372],[261,264,372],[115,265,422],[107,287,369],[172,285,368],[48,283,367],[222,315,366],[50,202,364],
[185,299,363],[58,201,425],[59,201,427],[53,200,364],[176,228,362],[43,202,428],[57,200,423],[261,359,365],[196,355,383],[215,353,385],
[263,352,375],[166,199,346],[196,198,342],[197,215,340],[198,263,338],[174,199,333],[39,331,357],[184,331,359],[137,313,330],[274,329,343],
[66,310,328],[195,244,365],[38,194,360],[193,218,358],[36,259,356],[143,192,354],[134,190,354],[159,188,351],[87,195,347],[85,186,345],
[97,185,341],[33,184,339],[101,183,341],[31,317,336],[47,315,334],[30,320,337],[29,319,335],[141,186,332],[165,182,421],[163,181,419],
[161,180,417],[111,330,355],[26,329,353],[113,328,352],[88,323,348],[67,314,333],[157,179,428],[83,177,427],[45,175,425],[138,173,423],
[156,169,420],[85,168,416],[164,167,410],[74,256,408],[207,302,415],[139,158,413],[137,169,411],[135,155,412],[23,153,420],[71,204,416],
[22,150,410],[21,148,408],[60,183,347],[57,245,345],[62,185,343],[99,245,339],[77,133,336],[76,132,334],[131,163,337],[130,165,335],
[202,225,235],[201,230,232],[200,223,229],[198,217,221],[170,197,219],[194,210,273],[68,193,212],[62,191,192],[63,189,190],[60,187,188],
[63,184,313],[182,191,228],[181,189,199],[180,187,285],[83,178,179],[101,176,177],[99,174,175],[97,172,173],[57,170,171],[37,262,291],
[81,169,261],[90,262,295],[44,168,298],[237,261,293],[44,167,307],[89,166,256],[164,165,338],[162,163,327],[160,161,342],[157,158,340],
[154,155,392],[152,153,297],[149,150,306],[148,152,162],[38,147,235],[126,146,159],[19,145,229],[128,143,144],[18,141,142],[140,207,287],
[138,139,287],[136,137,153],[127,134,135],[37,133,312],[81,132,311],[90,131,309],[130,237,305],[52,289,380],[124,228,338],[199,253,327],
[52,285,342],[197,327,367],[78,199,394],[48,226,324],[15,231,323],[15,224,321],[239,272,320],[148,319,328],[248,252,317],[61,200,316],
[114,250,315],[193,194,398],[188,194,402],[42,129,316],[153,183,314],[60,200,403],[17,129,395],[308,318,367],[211,300,349],[262,299,332],
[92,128,295],[91,127,293],[126,135,291],[125,211,283],[214,262,281],[110,128,278],[127,205,276],[118,126,274],[49,272,306],[112,272,308],
[144,271,344],[209,270,350],[124,171,318],[19,194,312],[126,267,311],[10,257,309],[123,229,307],[9,258,305],[210,222,303],[136,148,387],
[239,273,303],[88,119,391],[118,220,298],[124,164,296],[89,117,294],[116,236,292],[36,115,290],[45,114,288],[14,113,286],[103,112,284],
[29,111,282],[110,216,288],[109,252,279],[6,256,280],[99,117,277],[101,116,275],[69,115,273],[90,109,393],[86,108,389],[73,271,304],
[23,300,302],[115,270,301],[165,263,297],[32,276,278],[35,251,274],[173,187,403],[33,106,402],[103,105,400],[14,104,398],[102,160,395],
[82,96,388],[89,95,386],[94,236,384],[36,93,382],[94,292,376],[54,192,374],[24,190,374],[181,188,373],[241,333,381],[67,84,379],
[92,96,377],[66,81,378],[26,127,392],[111,128,390],[3,79,388],[72,133,386],[22,132,384],[131,219,382],[17,132,376],[8,74,373],
[18,110,296],[43,176,294],[17,174,292],[170,172,290],[38,114,350],[141,176,286],[174,244,284],[142,172,282],[129,149,279],[130,280,293],
[151,159,200],[154,156,194],[142,147,214],[100,140,146],[98,145,206],[123,125,144],[136,208,267],[57,123,138],[38,122,222],[121,126,148],
[19,120,239],[119,121,128],[18,118,233],[113,126,361],[19,112,344],[109,122,153],[108,120,127],[33,107,173],[106,183,216],[105,110,141],
[104,205,244],[103,118,142],[45,102,178],[43,100,101],[17,98,99],[97,123,170],[41,155,263],[42,96,196],[46,95,247],[46,94,249],
[93,175,238],[161,196,234],[94,175,245],[85,92,192],[87,91,190],[38,135,188],[89,90,281],[87,88,269],[85,86,268],[83,84,283],
[80,81,359],[78,79,237],[75,132,244],[74,78,208],[10,73,232],[61,72,162],[65,71,87],[22,69,70],[68,226,333],[67,171,226],
[79,92,151],[64,66,88],[41,150,260],[130,161,243],[52,287,340],[117,153,281],[128,195,269],[127,186,268],[140,269,323],[206,268,322],
[125,267,321],[256,259,317],[190,258,331],[192,257,363],[65,202,254],[96,129,254],[51,179,252],[257,319,366],[150,155,253],[79,251,315],
[68,202,369],[18,129,368],[18,150,362],[250,275,323],[248,277,322],[246,255,321],[240,278,347],[39,65,304],[64,184,234],[63,137,242],
[62,231,274],[61,66,301],[60,224,278],[50,65,215],[64,185,213],[58,63,211],[59,62,209],[53,61,207],[168,205,246],[146,203,348],
[97,116,255],[63,201,260],[62,201,324],[59,235,249],[58,247,279],[14,193,243],[74,151,351],[54,77,358],[53,238,306],[52,160,233],
[9,78,230],[51,105,227],[4,152,225],[6,91,223],[50,227,334],[108,185,220],[119,184,218],[4,192,221],[5,190,219],[33,188,217],
[52,157,212],[70,73,210],[106,122,360],[37,49,356],[117,204,242],[3,240,241],[145,203,346],[158,213,215],[84,182,211],[8,181,209],
[139,180,207],[179,212,369],[102,233,368],[29,47,366],[44,46,364],[4,108,363],[167,296,362],[31,42,355],[47,50,353],[30,41,352],
[10,51,348],[9,40,346],[5,119,331],[119,193,330],[108,118,329],[168,276,345],[32,35,341],[32,34,339],[42,166,336],[39,41,337],
[48,82,335],[23,64,359],[65,91,357],[3,28,355],[2,27,353],[25,26,352],[7,54,330],[11,24,329],[27,181,328],[22,50,236],
[100,178,232],[98,178,230],[69,225,249],[70,223,307],[76,129,220],[77,202,218],[75,150,216],[130,221,297],[130,217,234],[80,82,257],
[43,68,72],[57,60,71],[134,143,201],[43,59,157],[17,58,160],[10,56,248],[55,61,74],[54,55,65],[22,53,164],[61,152,310],
[56,79,106],[49,64,86],[14,107,179],[102,103,172],[29,48,308],[46,50,69],[45,58,98],[59,83,100],[44,53,70],[105,167,176],
[40,104,166],[104,174,241],[36,39,258],[19,137,193],[10,66,319],[36,37,299],[35,97,231],[33,34,242],[32,101,224],[28,111,165],
[26,27,163],[25,113,161],[54,111,143],[24,26,134],[113,159,181],[23,80,156],[71,85,96],[21,72,74],[57,204,276],[32,99,204],
[28,77,166],[27,76,227],[25,39,163],[20,82,165],[132,169,195],[131,170,213],[124,226,283],[79,147,222],[64,115,299],[258,259,320],
[93,173,185],[16,173,184],[95,177,183],[133,186,291],[28,182,272],[25,180,252],[43,133,314],[177,191,324],[175,189,260],[49,53,302],
[20,112,158],[19,144,169],[38,155,209],[20,114,139],[83,124,191],[45,189,253],[52,138,187],[24,76,298],[26,30,154],[16,152,177],
[5,149,238],[114,235,251],[112,182,229],[27,146,148],[28,145,239],[7,119,144],[21,23,136],[104,120,312],[105,121,311],[47,56,309],
[15,31,305],[131,147,295],[2,167,168],[34,109,137],[11,108,135],[9,49,320],[6,109,317],[46,55,316],[95,294,314],[58,109,300],
[16,80,297],[13,29,295],[12,30,293],[11,14,291],[123,182,271],[59,251,270],[93,213,290],[8,75,288],[11,67,286],[7,75,284],
[13,158,282],[15,30,280],[20,111,308],[2,6,304],[1,5,302],[1,4,301],[21,34,300],[70,84,271],[35,69,270],[107,156,217],
[107,154,243],[21,149,247],[67,133,141],[131,142,158],[30,31,259],[17,18,22],[24,44,96],[42,72,89],[28,37,104],[27,81,105],
[25,47,90],[20,31,237],[4,48,177],[9,15,250],[6,15,246],[21,42,46],[13,92,106],[12,91,246],[106,110,240],[8,45,155],
[7,103,169],[6,73,90],[5,23,88],[4,86,115],[3,31,82],[36,41,219],[24,54,71],[100,180,203],[98,139,203],[116,224,231],
[25,73,248],[20,78,250],[40,102,114],[12,113,179],[13,102,112],[103,121,195],[12,84,168],[10,81,146],[12,51,67],[33,117,122],
[14,120,186],[51,180,232],[3,8,151],[1,94,95],[34,93,94],[1,49,66],[44,55,254],[16,156,234],[40,139,230],[1,35,225],
[2,84,223],[48,80,221],[7,40,241],[8,13,240],[5,41,175],[12,154,161],[2,39,47],[3,7,77],[9,37,145],[11,51,167],
[16,35,95],[16,32,93],[29,56,147],[2,11,76],[1,34,149],[13,40,75]];
###############################################################

#SurfaceInfo: 726 Vertices, 2904 Edges, 1936 Faces, IsOrientable=true
 #Vertices of faces:
vof2:=[[724,725,726],[722,723,725],[721,722,724],[719,720,726],[718,719,725],[716,717,726],[715,716,724],[713,714,723],[712,713,722],[710,711,723],
[709,710,725],[707,708,721],[705,706,720],[703,704,721],[702,707,722],[701,705,719],[700,703,724],[698,699,720],[697,698,726],[695,696,718],
[693,694,717],[691,692,715],[690,694,714],[689,709,718],[688,695,719],[687,693,716],[686,691,716],[685,690,713],[684,697,717],[683,700,715],
[681,682,714],[680,681,723],[678,679,712],[676,677,711],[674,675,709],[673,706,708],[672,677,704],[671,702,712],[670,678,713],[669,676,710],
[668,674,710],[667,673,707],[666,673,705],[665,672,703],[664,680,711],[662,663,708],[660,661,706],[658,659,704],[658,662,721],[657,660,720],
[655,656,702],[653,654,701],[651,652,700],[649,650,699],[647,648,697],[646,692,696],[645,650,689],[644,688,701],[643,655,707],[642,653,705],
[641,651,703],[640,649,698],[639,647,698],[638,646,695],[637,690,693],[636,646,691],[635,645,709],[634,657,699],[632,633,696],[630,631,694],
[628,629,692],[626,627,694],[624,625,689],[624,632,718],[623,630,717],[622,628,715],[621,626,714],[619,620,688],[617,618,687],[615,616,686],
[613,614,685],[611,612,684],[610,612,683],[608,609,682],[606,607,680],[605,675,679],[604,609,671],[603,686,687],[602,670,685],[601,619,695],
[600,617,693],[599,615,691],[598,613,690],[597,611,697],[596,610,700],[595,608,681],[594,606,681],[593,605,678],[592,672,676],[591,605,674],
[590,604,702],[589,623,684],[588,622,683],[587,621,682],[585,586,679],[583,584,677],[582,635,675],[580,581,706],[579,580,708],[577,578,677],
[575,576,671],[575,585,712],[574,583,711],[573,577,704],[572,634,670],[570,571,669],[569,620,668],[567,568,667],[565,566,666],[563,564,665],
[562,625,664],[561,576,663],[559,560,661],[558,588,659],[556,557,658],[554,555,657],[553,556,662],[552,652,656],[551,648,654],[550,560,644],
[549,668,669],[548,643,667],[547,642,666],[546,641,665],[545,634,678],[544,570,676],[543,569,674],[565,567,673],[542,563,672],[541,562,680],
[540,561,662],[539,559,660],[538,558,658],[537,554,660],[536,552,655],[535,551,653],[534,552,651],[533,645,649],[532,551,647],[531,550,688],
[574,615,664],[569,579,663],[581,605,661],[573,619,659],[530,590,656],[528,529,654],[527,596,652],[526,598,650],[525,597,648],[523,524,692],
[522,523,696],[521,613,650],[519,520,644],[519,528,701],[526,545,699],[518,521,689],[572,589,643],[517,588,642],[587,616,641],[515,516,640],
[514,618,639],[513,584,638],[512,598,637],[511,578,636],[510,600,637],[508,509,635],[507,589,634],[506,520,633],[504,505,631],[502,503,629],
[500,501,627],[498,499,624],[496,497,623],[494,495,622],[492,493,621],[491,498,632],[490,607,614],[489,505,603],[488,503,603],[487,501,602],
[486,639,640],[485,601,638],[484,599,636],[483,589,655],[482,588,653],[481,587,651],[480,515,649],[479,514,647],[578,584,646],[478,508,645],
[477,507,657],[476,506,632],[475,504,630],[474,502,628],[473,500,626],[472,562,624],[471,496,630],[470,494,628],[469,492,626],[468,569,619],
[467,514,617],[466,587,615],[465,490,613],[464,610,611],[463,604,608],[462,490,606],[461,489,686],[460,488,687],[459,487,670],[514,522,633],
[552,627,631],[524,551,629],[518,617,625],[458,531,620],[457,460,618],[456,461,616],[454,455,614],[453,565,612],[452,567,612],[451,542,609],
[450,541,607],[448,449,675],[447,448,679],[446,563,609],[444,445,602],[444,454,685],[453,483,684],[452,482,683],[451,481,682],[443,446,671],
[517,601,659],[442,600,625],[442,599,664],[440,441,597],[438,439,596],[436,437,595],[435,571,594],[434,581,593],[433,542,592],[432,591,661],
[431,544,592],[429,430,590],[428,445,586],[426,427,584],[424,425,582],[422,423,581],[420,421,579],[418,419,578],[416,417,575],[414,415,574],
[412,413,573],[411,416,585],[410,557,568],[409,555,566],[408,553,564],[407,427,549],[406,425,549],[405,423,548],[404,421,547],[403,419,546],
[402,594,595],[401,545,593],[400,543,591],[399,440,611],[398,438,610],[397,436,608],[396,435,606],[395,429,604],[394,507,623],[393,558,622],
[392,466,621],[391,428,585],[390,426,583],[389,424,635],[388,422,580],[387,420,580],[386,418,577],[385,561,575],[384,414,583],[383,412,577],
[382,435,570],[381,410,567],[380,409,565],[379,408,563],[378,550,559],[377,410,556],[376,409,554],[375,408,556],[374,407,668],[373,406,669],
[372,405,643],[371,404,642],[370,403,641],[435,447,586],[449,490,582],[443,570,576],[369,459,572],[368,373,571],[367,374,620],[365,366,568],
[363,364,566],[361,362,564],[360,544,576],[432,478,560],[359,538,557],[358,477,555],[357,540,553],[355,356,652],[353,354,648],[352,355,656],
[351,353,654],[350,508,560],[348,349,548],[346,347,547],[344,345,546],[348,365,667],[346,363,666],[344,361,665],[360,543,663],[343,350,644],
[341,342,541],[339,340,540],[337,338,539],[335,336,538],[334,516,537],[333,536,627],[332,524,535],[331,534,631],[330,478,533],[329,532,629],
[328,480,533],[326,327,531],[325,349,530],[324,347,529],[323,345,527],[321,322,598],[319,320,525],[317,318,524],[315,316,522],[313,314,519],
[311,312,545],[309,310,518],[308,313,528],[427,499,513],[322,497,512],[419,495,511],[307,493,510],[306,491,509],[305,322,486],[304,320,486],
[303,318,485],[302,316,484],[301,537,539],[300,483,536],[299,482,535],[298,481,534],[297,479,532],[296,341,562],[295,339,561],[294,337,559],
[293,335,558],[292,334,554],[291,326,550],[290,466,574],[289,468,579],[288,468,573],[287,325,590],[286,324,528],[285,323,596],[284,321,526],
[283,319,597],[282,317,523],[281,315,523],[280,465,521],[279,506,519],[311,362,526],[278,309,521],[277,334,515],[276,307,600],[275,306,508],
[274,489,504],[273,488,502],[272,487,500],[271,427,498],[270,322,496],[269,419,494],[268,307,492],[267,306,498],[266,305,639],[265,304,640],
[264,303,601],[263,302,599],[352,408,530],[334,351,529],[356,410,527],[354,409,525],[343,515,520],[262,372,572],[261,371,517],[260,370,616],
[265,383,516],[259,266,618],[258,369,513],[257,261,512],[256,262,511],[254,255,510],[253,389,509],[252,480,520],[331,398,505],[329,399,503],
[333,395,501],[251,472,499],[250,394,497],[249,393,495],[248,392,493],[247,476,491],[245,246,607],[244,245,614],[243,438,505],[242,440,503],
[241,429,501],[239,240,485],[237,238,484],[239,258,638],[254,257,637],[237,256,636],[252,479,633],[242,243,603],[236,241,602],[234,235,477],
[232,233,476],[230,231,475],[228,229,474],[227,231,473],[226,296,472],[225,441,471],[224,439,470],[223,437,469],[222,467,522],[221,449,465],
[220,398,464],[219,399,464],[218,395,463],[217,462,582],[216,397,463],[214,215,461],[212,213,460],[210,211,459],[209,240,458],[208,255,457],
[207,238,456],[206,261,455],[205,294,542],[203,204,450],[201,202,449],[199,200,447],[198,212,488],[214,248,489],[196,197,444],[194,195,483],
[192,193,482],[191,292,481],[189,190,443],[188,196,454],[417,423,434],[205,415,433],[187,413,431],[186,411,430],[185,205,402],[184,204,402],
[202,312,401],[183,200,400],[182,471,475],[190,470,474],[181,469,473],[180,467,518],[179,396,462],[178,234,507],[177,232,506],[176,230,504],
[175,228,502],[227,371,500],[174,225,496],[173,224,494],[223,264,492],[210,250,487],[172,209,531],[171,208,460],[201,207,461],[206,326,454],
[170,380,453],[169,381,452],[294,347,451],[168,203,541],[167,201,448],[166,199,448],[165,379,446],[164,428,444],[194,368,453],[192,253,452],
[292,451,529],[189,247,446],[163,225,440],[162,224,438],[161,223,436],[176,187,544],[186,256,429],[160,407,426],[159,406,424],[158,405,422],
[157,404,420],[156,403,418],[155,416,423],[154,205,414],[153,187,412],[186,258,416],[185,229,594],[152,184,595],[174,183,543],[306,367,458],
[225,259,457],[224,260,456],[223,244,455],[246,307,450],[236,436,445],[264,455,517],[276,364,442],[263,366,442],[283,384,441],[278,285,439],
[152,437,537],[151,229,571],[162,260,434],[150,284,433],[173,432,456],[149,170,431],[287,310,430],[329,397,445],[217,296,425],[289,291,421],
[148,385,417],[147,290,415],[146,288,413],[193,391,411],[144,145,557],[142,143,555],[141,233,553],[140,144,568],[139,142,566],[233,235,564],
[138,341,425],[188,326,421],[136,137,401],[134,135,400],[136,162,593],[149,150,592],[134,173,591],[329,396,586],[138,271,549],[133,155,548],
[132,188,547],[131,269,546],[151,178,394],[130,293,393],[277,351,392],[129,353,391],[127,128,390],[126,144,389],[125,338,388],[124,340,387],
[123,128,386],[122,295,385],[121,342,384],[120,336,383],[332,382,447],[221,356,381],[160,354,380],[222,352,379],[119,291,378],[217,377,527],
[138,376,525],[252,375,530],[185,294,378],[118,171,374],[117,142,373],[116,143,372],[145,272,371],[115,286,370],[114,137,369],[113,170,368],
[112,135,367],[111,364,366],[110,284,362],[109,175,478],[107,108,359],[105,106,358],[104,108,357],[103,172,356],[102,354,391],[100,101,352],
[99,166,351],[98,117,406],[146,171,407],[96,97,348],[94,95,346],[92,93,344],[154,343,402],[91,96,365],[90,94,363],[89,92,361],
[314,318,332],[109,312,330],[88,310,328],[206,308,327],[141,187,357],[109,152,301],[145,359,404],[87,106,301],[103,195,300],[102,193,299],
[101,191,298],[86,99,297],[85,384,390],[84,387,388],[83,383,386],[82,382,443],[81,375,377],[80,292,376],[79,277,466],[78,129,428],
[127,380,426],[77,126,424],[125,276,422],[124,263,420],[123,321,418],[121,194,414],[120,311,412],[143,358,405],[147,286,403],[114,315,459],
[113,143,373],[100,112,374],[111,214,365],[111,212,363],[110,210,361],[176,255,360],[175,238,432],[76,107,538],[75,105,477],[74,104,540],
[73,172,355],[72,100,355],[71,166,353],[70,275,350],[69,325,348],[92,324,346],[68,323,344],[174,360,457],[154,182,350],[121,178,341],
[79,124,339],[67,125,337],[120,234,335],[88,295,480],[156,305,321],[66,304,319],[116,303,317],[211,302,315],[65,313,318],[109,153,311],
[88,189,309],[206,257,313],[87,216,539],[86,375,479],[186,262,369],[121,151,368],[124,140,366],[125,139,364],[120,235,362],[133,339,349],
[132,337,347],[131,335,345],[168,342,387],[74,340,471],[216,338,470],[76,336,469],[336,437,516],[275,333,367],[267,331,458],[64,169,330],
[63,328,386],[172,195,327],[252,295,349],[217,293,345],[138,178,320],[198,222,316],[62,279,314],[61,180,310],[286,308,415],[60,78,499],
[89,210,497],[58,59,495],[91,214,493],[122,231,491],[78,137,513],[57,89,512],[56,58,511],[55,91,510],[130,231,509],[131,234,320],
[90,212,316],[54,56,300],[53,57,299],[51,52,298],[49,50,297],[54,275,536],[53,382,535],[51,267,534],[63,64,533],[49,396,532],
[131,270,486],[48,65,485],[47,90,484],[79,140,290],[163,259,289],[161,244,288],[46,266,287],[45,245,285],[44,123,284],[78,164,283],
[43,229,282],[114,233,281],[42,44,280],[74,177,279],[41,226,278],[158,246,276],[40,248,274],[39,198,273],[47,250,272],[133,268,450],
[141,176,274],[152,175,273],[58,69,265],[59,264,268],[60,157,263],[43,56,262],[57,227,261],[52,71,260],[50,72,259],[38,169,253],
[37,177,398],[36,397,399],[77,80,395],[35,165,251],[34,70,250],[33,82,249],[31,32,248],[30,165,247],[61,287,305],[29,246,285],
[39,73,244],[31,69,304],[27,28,239],[25,26,254],[23,24,237],[25,65,257],[153,242,357],[153,243,301],[157,236,359],[27,155,258],
[23,241,256],[197,202,221],[37,195,220],[36,193,219],[80,191,218],[36,190,216],[111,213,215],[110,188,211],[88,122,247],[37,74,182],
[76,80,181],[60,251,302],[22,70,182],[21,82,190],[20,32,181],[29,278,280],[39,49,179],[19,281,282],[204,277,343],[32,267,271],
[18,174,270],[17,173,269],[161,163,468],[46,58,325],[89,115,324],[16,45,323],[15,164,319],[43,317,372],[42,381,465],[41,192,309],
[59,249,303],[71,199,370],[59,83,265],[72,112,266],[117,208,254],[38,145,389],[177,240,331],[77,135,333],[14,35,472],[13,34,394],
[20,33,393],[31,99,392],[30,141,476],[73,209,245],[106,162,243],[108,163,242],[45,209,239],[126,207,237],[85,157,241],[114,136,232],
[53,227,230],[43,54,228],[41,293,296],[12,184,203],[201,215,312],[115,183,199],[11,196,202],[37,154,194],[36,189,192],[110,150,196],
[22,122,475],[21,185,474],[20,130,473],[55,230,255],[41,130,253],[48,232,240],[47,228,238],[75,235,281],[14,226,388],[340,342,441],
[226,338,439],[10,220,280],[9,219,390],[8,180,218],[171,213,413],[79,133,204],[98,200,332],[50,164,197],[16,18,417],[128,219,411],
[16,52,434],[44,308,433],[7,213,431],[128,328,430],[26,117,200],[67,139,180],[13,19,179],[67,379,467],[9,10,464],[8,87,463],
[19,377,462],[11,40,401],[24,26,400],[7,127,170],[7,42,169],[16,68,168],[144,167,207],[67,132,165],[28,146,160],[75,98,159],
[48,158,358],[24,147,156],[76,77,159],[13,151,282],[15,17,291],[6,148,299],[5,23,147],[4,27,146],[62,140,167],[118,139,218],
[4,184,273],[48,106,136],[2,3,149],[17,119,134],[2,11,150],[181,271,376],[132,211,251],[97,103,221],[95,102,160],[93,101,222],
[18,148,183],[118,142,208],[91,113,116],[38,90,272],[60,85,283],[18,84,168],[14,17,84],[9,23,85],[27,63,83],[62,81,86],
[19,75,81],[86,166,167],[108,161,236],[34,68,203],[96,113,149],[15,50,289],[6,22,385],[5,62,290],[4,39,288],[46,112,134],
[83,155,268],[84,269,270],[51,71,129],[42,123,127],[1,104,107],[1,87,105],[100,118,191],[3,96,103],[6,94,102],[92,95,101],
[38,64,94],[40,129,137],[24,126,135],[3,119,300],[69,97,99],[13,68,93],[81,98,314],[7,215,330],[44,220,327],[53,55,82],
[3,21,378],[28,95,298],[97,197,297],[47,54,70],[26,61,156],[20,31,66],[55,116,249],[14,15,66],[93,179,198],[8,25,61],
[57,115,148],[46,56,119],[5,104,279],[105,107,159],[32,40,51],[4,12,63],[6,12,64],[29,65,158],[10,25,29],[49,72,73],
[2,30,35],[12,22,34],[2,21,33],[28,45,52],[11,30,274],[33,35,66],[1,5,9],[1,8,10],[722,724,725],[719,725,726],
[716,724,726],[713,722,723],[710,723,725],[707,721,722],[705,719,720],[703,721,724],[698,720,726],[695,718,719],[693,716,717],[691,715,716],
[690,713,714],[709,718,725],[697,717,726],[700,715,724],[681,714,723],[678,712,713],[676,710,711],[674,709,710],[673,707,708],[673,705,706],
[672,703,704],[702,712,722],[680,711,723],[662,708,721],[660,706,720],[658,704,721],[655,702,707],[653,701,705],[651,700,703],[649,698,699],
[647,697,698],[646,695,696],[690,693,694],[646,691,692],[645,689,709],[688,701,719],[657,699,720],[632,696,718],[630,694,717],[628,692,715],
[626,694,714],[624,689,718],[619,688,695],[617,687,693],[615,686,691],[613,685,690],[611,684,697],[610,683,700],[608,681,682],[606,680,681],
[605,678,679],[672,676,677],[605,674,675],[604,671,702],[686,687,716],[670,685,713],[623,684,717],[622,683,715],[621,682,714],[585,679,712],
[583,677,711],[635,675,709],[580,706,708],[577,677,704],[575,671,712],[634,670,678],[570,669,676],[569,668,674],[567,667,673],[565,666,673],
[563,665,672],[562,664,680],[561,662,663],[559,660,661],[558,658,659],[556,658,662],[554,657,660],[552,655,656],[551,653,654],[552,651,652],
[645,649,650],[551,647,648],[550,644,688],[668,669,710],[643,667,707],[642,666,705],[641,665,703],[574,664,711],[579,663,708],[581,661,706],
[573,659,704],[590,656,702],[528,654,701],[596,652,700],[526,650,699],[597,648,697],[523,692,696],[521,650,689],[519,644,701],[589,643,655],
[588,642,653],[587,641,651],[515,640,649],[514,639,647],[584,638,646],[598,637,690],[578,636,646],[600,637,693],[508,635,645],[507,634,657],
[506,632,633],[504,630,631],[502,628,629],[500,626,627],[562,624,625],[498,624,632],[496,623,630],[494,622,628],[492,621,626],[569,619,620],
[514,617,618],[587,615,616],[490,613,614],[610,611,612],[604,608,609],[490,606,607],[489,603,686],[488,603,687],[487,602,670],[639,640,698],
[601,638,695],[599,636,691],[545,634,699],[522,633,696],[627,631,694],[524,629,692],[518,625,689],[531,620,688],[460,618,687],[461,616,686],
[454,614,685],[453,612,684],[452,612,683],[451,609,682],[541,607,680],[448,675,679],[446,609,671],[444,602,685],[601,619,659],[600,617,625],
[599,615,664],[598,613,650],[440,597,611],[438,596,610],[436,595,608],[435,594,606],[581,593,605],[542,592,672],[591,605,661],[544,592,676],
[429,590,604],[507,589,623],[558,588,622],[466,587,621],[428,585,586],[426,583,584],[424,582,635],[422,580,581],[420,579,580],[418,577,578],
[561,575,576],[416,575,585],[414,574,583],[412,573,577],[572,589,634],[435,570,571],[410,567,568],[409,565,566],[408,563,564],[550,559,560],
[410,556,557],[409,554,555],[408,553,556],[407,549,668],[406,549,669],[405,548,643],[404,547,642],[403,546,641],[594,595,681],[545,593,678],
[543,591,674],[483,589,684],[482,588,683],[481,587,682],[447,586,679],[578,584,677],[449,582,675],[443,576,671],[459,572,670],[373,571,669],
[374,620,668],[365,568,667],[363,566,666],[361,564,665],[442,625,664],[360,576,663],[432,560,661],[517,588,659],[538,557,658],[477,555,657],
[540,553,662],[355,652,656],[353,648,654],[350,560,644],[348,548,667],[346,547,666],[344,546,665],[544,570,576],[543,569,663],[565,567,612],
[542,563,609],[341,541,562],[339,540,561],[337,539,559],[335,538,558],[334,537,554],[536,552,627],[524,535,551],[534,552,631],[478,533,645],
[532,551,629],[480,533,649],[326,531,550],[466,574,615],[468,569,579],[468,573,619],[325,530,590],[324,528,529],[323,527,596],[321,526,598],
[319,525,597],[317,523,524],[315,522,523],[465,521,613],[506,519,520],[313,519,528],[311,526,545],[309,518,521],[334,515,516],[427,513,584],
[322,512,598],[419,511,578],[307,510,600],[306,508,509],[489,504,505],[488,502,503],[487,500,501],[427,498,499],[322,496,497],[419,494,495],
[307,492,493],[306,491,498],[305,486,639],[304,486,640],[303,485,601],[302,484,599],[537,539,660],[483,536,655],[482,535,653],[481,534,651],
[479,532,647],[352,530,656],[351,529,654],[356,527,652],[354,525,648],[343,520,644],[372,572,643],[371,517,642],[370,616,641],[265,516,640],
[266,618,639],[258,513,638],[257,512,637],[256,511,636],[254,510,637],[389,509,635],[252,520,633],[331,505,631],[329,503,629],[333,501,627],
[472,499,624],[394,497,623],[393,495,622],[392,493,621],[476,491,632],[245,607,614],[243,505,603],[242,503,603],[241,501,602],[239,485,638],
[237,484,636],[480,515,520],[479,514,633],[478,508,560],[234,477,507],[232,476,506],[230,475,504],[228,474,502],[227,473,500],[296,472,562],
[225,471,496],[224,470,494],[223,469,492],[467,514,522],[449,465,490],[398,464,610],[399,464,611],[395,463,604],[462,490,582],[397,463,608],
[214,461,489],[212,460,488],[210,459,487],[467,518,617],[209,458,531],[208,457,460],[207,456,461],[206,454,455],[380,453,565],[381,452,567],
[294,451,542],[203,450,541],[201,448,449],[199,447,448],[379,446,563],[428,444,445],[196,444,454],[194,453,483],[192,452,482],[292,451,481],
[189,443,446],[225,440,441],[224,438,439],[223,436,437],[423,434,581],[205,433,542],[187,431,544],[186,429,430],[407,426,427],[406,424,425],
[405,422,423],[404,420,421],[403,418,419],[416,417,423],[205,414,415],[187,412,413],[186,411,416],[185,402,594],[184,402,595],[312,401,545],
[183,400,543],[471,475,630],[470,474,628],[469,473,626],[396,462,606],[367,458,620],[259,457,618],[260,456,616],[244,455,614],[246,450,607],
[236,445,602],[264,517,601],[276,442,600],[263,442,599],[283,441,597],[285,439,596],[152,437,595],[229,571,594],[162,434,593],[150,433,592],
[173,432,591],[149,431,592],[287,430,590],[329,445,586],[217,425,582],[289,421,579],[385,417,575],[290,415,574],[288,413,573],[391,411,585],
[144,557,568],[142,555,566],[233,553,564],[271,427,549],[138,425,549],[155,423,548],[188,421,547],[269,419,546],[136,401,593],[134,400,591],
[399,440,503],[398,438,505],[397,436,445],[396,435,586],[395,429,501],[178,394,507],[293,393,558],[277,392,466],[129,391,428],[127,390,426],
[126,389,424],[125,388,422],[124,387,420],[123,386,418],[295,385,561],[121,384,414],[120,383,412],[382,435,447],[356,381,410],[354,380,409],
[352,379,408],[291,378,550],[377,410,527],[376,409,525],[375,408,530],[294,378,559],[171,374,407],[117,373,406],[143,372,405],[145,371,404],
[286,370,403],[382,443,570],[114,369,459],[113,368,373],[112,367,374],[111,365,366],[111,363,364],[110,361,362],[176,360,544],[175,432,478],
[107,359,538],[105,358,477],[104,357,540],[172,355,356],[353,354,391],[100,352,355],[166,351,353],[275,350,508],[325,348,349],[324,346,347],
[323,344,345],[96,348,365],[94,346,363],[92,344,361],[174,360,543],[154,343,350],[121,341,342],[124,339,340],[125,337,338],[120,335,336],
[318,332,524],[109,330,478],[88,328,480],[206,326,327],[305,321,322],[304,319,320],[303,317,318],[302,315,316],[313,314,318],[109,311,312],
[88,309,310],[206,308,313],[141,357,553],[152,301,537],[145,359,557],[87,301,539],[195,300,483],[193,299,482],[191,298,481],[86,297,479],
[384,390,583],[387,388,580],[383,386,577],[375,377,556],[292,376,554],[262,369,572],[151,368,571],[140,366,568],[139,364,566],[235,362,564],
[143,358,555],[133,349,548],[132,347,547],[131,345,546],[168,342,541],[74,340,540],[216,338,539],[76,336,538],[437,516,537],[275,333,536],
[332,382,535],[267,331,534],[64,330,533],[329,396,532],[63,328,533],[172,327,531],[252,349,530],[347,451,529],[217,345,527],[138,320,525],
[222,316,522],[279,314,519],[180,310,518],[286,308,528],[78,499,513],[89,497,512],[58,495,511],[91,493,510],[231,491,509],[270,322,486],
[131,320,486],[65,318,485],[90,316,484],[54,300,536],[53,299,535],[51,298,534],[49,297,532],[296,341,425],[295,339,349],[294,337,347],
[293,335,345],[292,334,529],[291,326,421],[79,290,466],[163,289,468],[161,288,468],[46,287,325],[115,286,324],[45,285,323],[123,284,321],
[164,283,319],[43,282,317],[114,281,315],[42,280,465],[177,279,506],[120,311,362],[41,278,309],[277,334,351],[246,276,307],[275,306,367],
[248,274,489],[198,273,488],[250,272,487],[268,307,450],[267,306,458],[176,274,504],[175,273,502],[272,371,500],[266,287,305],[69,265,304],
[59,264,303],[60,263,302],[277,343,515],[43,262,372],[227,261,371],[71,260,370],[83,265,383],[72,259,266],[186,258,369],[206,257,261],
[186,256,262],[208,254,255],[38,253,389],[252,295,480],[177,331,398],[329,397,399],[77,333,395],[35,251,472],[34,250,394],[33,249,393],
[31,248,392],[30,247,476],[245,246,285],[73,244,245],[162,243,438],[163,242,440],[241,256,429],[209,239,240],[207,237,238],[27,239,258],
[25,254,257],[23,237,256],[252,375,479],[153,242,243],[157,236,241],[120,234,235],[114,232,233],[227,230,231],[43,228,229],[41,226,296],
[202,221,449],[37,220,398],[36,219,399],[80,218,395],[36,216,397],[111,214,215],[111,212,213],[110,210,211],[185,205,294],[184,203,204],
[201,202,312],[183,199,200],[198,212,316],[214,248,493],[196,197,202],[37,194,195],[36,192,193],[80,191,292],[36,189,190],[110,188,196],
[122,247,491],[74,182,471],[190,216,470],[76,181,469],[60,251,499],[22,182,475],[21,190,474],[20,181,473],[278,280,521],[49,179,396],
[284,362,526],[281,282,523],[267,271,498],[174,270,496],[173,269,494],[264,268,492],[261,455,517],[336,383,516],[137,369,513],[57,261,512],
[56,262,511],[55,255,510],[130,253,509],[210,250,497],[59,249,495],[48,240,485],[47,238,484],[75,235,477],[141,233,476],[122,231,475],
[185,229,474],[130,231,473],[14,226,472],[340,441,471],[338,439,470],[336,437,469],[222,379,467],[221,381,465],[10,220,464],[9,219,464],
[8,218,463],[217,377,462],[87,216,463],[201,215,461],[171,213,460],[211,315,459],[240,331,458],[255,360,457],[238,432,456],[133,204,450],
[200,332,447],[164,197,444],[82,190,443],[188,326,454],[16,417,434],[308,415,433],[213,413,431],[128,411,430],[154,205,402],[204,343,402],
[11,202,401],[26,200,400],[67,180,467],[19,179,462],[178,234,320],[177,232,240],[176,230,255],[175,228,238],[174,225,457],[173,224,456],
[223,264,455],[73,172,209],[118,171,208],[167,201,207],[127,170,380],[42,169,381],[68,168,203],[71,166,199],[67,165,379],[78,164,428],
[121,194,368],[41,192,253],[88,189,247],[163,225,259],[162,224,260],[161,223,244],[141,176,187],[146,160,407],[98,159,406],[158,358,405],
[157,359,404],[147,156,403],[153,187,357],[160,380,426],[77,159,424],[158,276,422],[157,263,420],[156,321,418],[152,184,273],[18,174,183],
[161,236,436],[125,276,364],[124,263,366],[85,283,384],[29,278,285],[151,229,282],[110,150,284],[113,149,170],[61,287,310],[217,293,296],
[15,289,291],[6,148,385],[5,147,290],[4,146,288],[102,193,391],[144,145,389],[142,143,373],[140,144,167],[118,139,142],[233,235,281],
[138,178,341],[155,258,416],[114,136,137],[112,134,135],[106,136,162],[2,149,150],[17,134,173],[138,271,376],[133,155,268],[132,188,211],
[131,269,270],[121,151,178],[41,130,293],[71,129,353],[123,127,128],[126,144,207],[88,122,295],[103,221,356],[102,160,354],[101,222,352],
[18,148,417],[17,119,291],[117,142,208],[113,116,143],[38,145,272],[109,152,175],[104,107,108],[87,105,106],[103,172,195],[100,101,191],
[86,99,166],[98,117,200],[146,171,413],[96,97,103],[94,95,102],[92,93,101],[91,96,113],[38,90,94],[89,92,324],[193,219,411],
[84,168,387],[14,84,388],[9,85,390],[63,83,386],[169,253,452],[170,368,453],[165,247,446],[81,86,375],[19,81,377],[166,167,448],
[154,194,414],[153,311,412],[364,366,442],[342,384,441],[226,278,439],[52,260,434],[44,284,433],[7,170,431],[310,328,430],[147,286,415],
[40,137,401],[24,135,400],[13,151,394],[20,130,393],[99,351,392],[128,219,390],[226,338,388],[340,342,387],[128,328,386],[22,122,385],
[3,119,378],[21,185,378],[100,118,374],[116,317,372],[115,199,370],[135,333,367],[108,236,359],[48,106,358],[108,242,357],[69,97,348],
[92,95,346],[68,93,344],[91,214,365],[90,212,363],[89,210,361],[98,314,332],[215,312,330],[44,308,327],[109,153,301],[106,243,301],
[3,103,300],[6,102,299],[95,101,298],[97,99,297],[53,82,382],[80,181,376],[79,204,277],[78,129,137],[77,126,135],[72,100,112],
[76,107,159],[75,105,159],[74,104,279],[54,70,275],[58,69,325],[16,68,323],[37,154,182],[79,124,140],[67,125,139],[61,156,305],
[31,66,304],[116,249,303],[211,251,302],[15,66,319],[79,133,339],[67,132,337],[131,234,335],[38,64,169],[93,198,222],[5,62,279],
[8,61,180],[60,78,283],[58,59,265],[57,89,115],[46,56,58],[55,91,116],[65,257,313],[43,54,56],[53,57,227],[51,52,71],
[49,50,72],[32,51,267],[12,63,64],[48,65,158],[47,90,272],[46,112,266],[45,209,245],[42,44,123],[37,74,177],[29,158,246],
[62,81,314],[32,40,248],[39,179,198],[47,70,250],[59,83,268],[60,85,157],[76,77,80],[30,35,165],[22,34,70],[21,33,82],
[20,31,32],[39,49,73],[31,69,99],[27,28,146],[25,26,61],[23,24,147],[25,29,65],[27,83,155],[23,85,241],[19,75,281],
[13,19,282],[10,29,280],[70,182,350],[32,181,271],[72,73,355],[189,192,309],[7,169,330],[195,220,327],[56,119,300],[57,148,299],
[28,52,298],[50,197,297],[62,140,290],[50,259,289],[39,244,288],[44,220,280],[11,40,274],[4,39,273],[30,141,274],[132,165,251],
[55,82,249],[28,45,239],[26,117,254],[24,126,237],[97,197,221],[118,191,218],[7,213,215],[18,84,270],[17,84,269],[108,161,163],
[16,45,52],[15,50,164],[14,35,66],[13,34,68],[20,33,66],[53,55,230],[4,12,184],[115,148,183],[12,34,203],[48,136,232],
[47,54,228],[16,18,168],[11,150,196],[1,9,10],[1,8,87],[24,26,156],[7,42,127],[75,81,98],[14,15,17],[5,9,23],
[4,27,63],[62,86,167],[2,3,21],[2,11,30],[139,180,218],[13,93,179],[28,95,160],[3,96,149],[46,119,134],[6,12,22],
[1,5,104],[1,105,107],[40,51,129],[6,64,94],[8,10,25],[2,33,35]];
###############################################################

#SurfaceInfo: 300 Vertices, 3000 Edges, 2000 Faces, IsOrientable=true
 #Vertices of faces:
vof3:=[[298,299,300],[297,298,299],[296,299,300],[295,298,300],[292,293,294],[289,290,291],[286,287,288],[283,284,285],[282,289,290],[281,289,291],
[280,286,287],[279,283,284],[278,283,285],[277,286,288],[274,275,276],[271,272,273],[268,269,270],[265,266,267],[262,263,264],[259,260,261],
[258,265,266],[257,259,260],[256,262,263],[253,254,255],[250,251,252],[247,248,249],[244,245,246],[241,242,243],[238,239,240],[235,236,237],
[232,233,234],[229,230,231],[226,227,228],[223,224,225],[220,221,222],[217,218,219],[214,215,216],[211,212,213],[208,209,210],[205,206,207],
[220,221,259],[217,218,265],[211,212,266],[208,209,262],[205,206,263],[214,215,260],[203,204,230],[201,202,229],[199,200,227],[197,198,226],
[195,196,224],[193,194,223],[192,205,263],[191,217,265],[190,211,266],[189,214,260],[188,220,259],[187,208,262],[184,185,186],[181,182,183],
[178,179,180],[179,223,224],[182,229,230],[185,226,227],[177,184,185],[176,178,179],[175,185,186],[174,181,182],[173,179,180],[172,182,183],
[179,195,224],[179,193,223],[185,199,227],[182,203,230],[185,197,226],[182,201,229],[192,201,263],[191,195,265],[188,199,259],[190,193,266],
[187,203,262],[189,197,260],[169,170,171],[166,167,168],[163,164,165],[161,162,164],[159,160,170],[157,158,167],[235,236,245],[236,237,239],
[235,237,242],[156,232,233],[155,233,234],[154,232,234],[153,184,186],[152,178,180],[151,181,183],[150,151,254],[149,152,251],[148,153,250],
[147,151,248],[146,153,247],[145,152,253],[152,178,255],[151,181,249],[153,186,252],[153,184,249],[151,183,255],[152,180,252],[163,164,258],
[169,170,258],[170,171,257],[164,165,256],[166,167,256],[167,168,257],[159,170,212],[160,170,221],[157,167,206],[161,164,218],[162,164,209],
[158,167,215],[221,235,245],[215,235,242],[209,237,239],[212,236,245],[206,237,242],[218,236,239],[144,154,234],[143,154,232],[142,156,232],
[141,156,233],[140,155,233],[139,155,234],[138,182,203],[137,185,199],[136,185,197],[135,182,201],[134,179,195],[133,179,193],[145,192,201],
[148,191,195],[147,188,199],[149,189,197],[146,187,203],[150,190,193],[132,172,182],[131,174,182],[130,176,179],[129,175,185],[128,173,179],
[127,177,185],[125,126,232],[123,124,234],[121,122,233],[119,120,123],[117,118,121],[115,116,126],[113,114,125],[111,112,124],[109,110,122],
[121,127,240],[126,130,241],[123,132,246],[122,129,238],[125,128,243],[124,131,244],[108,134,246],[107,136,244],[106,135,240],[105,133,238],
[104,137,243],[103,138,241],[267,285,287],[261,284,291],[264,288,290],[108,180,245],[106,183,239],[104,184,242],[105,178,239],[103,181,242],
[107,186,245],[103,135,264],[106,138,264],[108,133,267],[105,134,267],[104,136,261],[107,137,261],[243,244,269],[238,246,272],[240,241,275],
[100,101,102],[97,98,99],[94,95,96],[93,250,251],[92,253,254],[91,247,248],[193,254,255],[203,247,249],[195,250,252],[201,253,255],
[197,251,252],[199,248,249],[197,244,245],[203,241,242],[193,238,239],[195,245,246],[201,239,240],[199,242,243],[93,244,246],[92,238,240],
[91,241,243],[222,258,265],[210,258,266],[216,256,262],[219,256,263],[207,257,259],[213,257,260],[221,242,259],[218,245,265],[209,242,262],
[212,239,266],[215,245,260],[206,239,263],[108,130,269],[103,132,269],[107,127,272],[106,131,272],[105,128,275],[104,129,275],[95,108,222],
[101,105,210],[95,103,216],[101,104,207],[98,106,219],[98,107,213],[132,244,269],[127,238,272],[130,243,269],[129,240,275],[131,246,272],
[128,241,275],[94,95,222],[100,101,210],[95,96,216],[101,102,207],[97,98,213],[98,99,219],[104,242,275],[108,245,269],[103,242,269],
[106,239,272],[107,245,272],[105,239,275],[95,108,133],[98,106,138],[101,105,134],[98,107,137],[95,103,135],[101,104,136],[108,222,265],
[105,210,266],[103,216,262],[104,207,259],[107,213,260],[106,219,263],[117,121,233],[119,123,234],[113,125,232],[115,126,232],[111,124,234],
[109,122,233],[118,121,127],[110,122,129],[116,126,130],[120,123,132],[112,124,131],[114,125,128],[106,127,240],[108,132,246],[103,130,241],
[105,129,238],[107,131,244],[104,128,243],[108,267,287],[106,264,290],[103,264,288],[104,261,284],[107,261,291],[105,267,285],[93,134,246],
[93,136,244],[92,135,240],[91,138,241],[91,137,243],[92,133,238],[180,197,245],[183,193,239],[184,203,242],[186,195,245],[181,199,242],
[178,201,239],[160,221,242],[161,218,245],[162,209,242],[159,212,239],[157,206,239],[158,215,245],[163,222,258],[166,219,256],[169,210,258],
[171,207,257],[165,216,256],[168,213,257],[108,130,179],[103,132,182],[104,129,185],[107,127,185],[105,128,179],[106,131,182],[145,201,240],
[148,195,246],[149,197,244],[146,203,241],[147,199,243],[150,193,238],[133,193,254],[138,203,247],[134,195,250],[135,201,253],[137,199,248],
[136,197,251],[90,140,155],[89,144,154],[88,142,156],[87,139,155],[86,141,156],[85,143,154],[206,242,259],[209,239,266],[221,245,265],
[215,242,262],[218,239,263],[212,245,260],[178,193,255],[181,203,249],[180,195,252],[183,201,255],[184,199,249],[186,197,252],[91,147,248],
[93,149,251],[93,148,250],[92,150,254],[92,145,253],[91,146,247],[84,146,232],[83,149,234],[82,147,232],[81,148,234],[80,150,233],
[79,145,233],[87,88,257],[86,89,258],[85,90,256],[78,86,281],[77,89,282],[76,85,278],[75,88,280],[74,87,277],[73,90,279],
[72,144,229],[71,143,223],[70,140,227],[69,142,224],[68,139,230],[67,141,226],[66,271,272],[65,274,275],[64,275,276],[63,268,269],
[62,269,270],[61,272,273],[60,108,180],[59,106,183],[58,107,186],[57,103,181],[56,105,178],[55,104,184],[221,222,269],[218,219,272],
[209,210,275],[215,216,269],[206,207,275],[212,213,272],[140,145,192],[144,148,191],[142,147,188],[139,149,189],[141,150,190],[143,146,187],
[77,134,179],[74,136,185],[76,138,182],[75,137,185],[73,135,182],[78,133,179],[115,212,236],[117,221,235],[111,209,237],[119,206,237],
[113,218,236],[109,215,235],[117,144,234],[109,143,232],[111,141,233],[119,142,232],[115,139,234],[113,140,233],[148,153,230],[150,151,227],
[149,152,229],[147,151,223],[145,152,226],[146,153,224],[180,189,212],[186,191,221],[183,190,209],[178,192,218],[181,188,206],[184,187,215],
[63,186,221],[61,180,212],[66,178,218],[64,181,206],[62,184,215],[65,183,209],[152,192,229],[153,191,224],[151,190,223],[151,188,227],
[152,189,226],[153,187,230],[115,189,212],[117,191,221],[111,190,209],[113,192,218],[109,187,215],[119,188,206],[117,234,235],[111,233,237],
[119,232,237],[109,232,235],[113,233,236],[115,234,236],[59,106,213],[55,104,210],[60,108,216],[56,105,207],[58,107,219],[57,103,222],
[60,180,189],[58,186,191],[55,184,187],[59,183,190],[57,181,188],[56,178,192],[62,231,270],[61,228,273],[66,231,271],[65,225,274],
[64,228,276],[63,225,268],[140,150,227],[141,145,226],[144,149,229],[143,147,223],[142,146,224],[139,148,230],[69,119,142],[72,117,144],
[71,109,143],[70,113,140],[67,111,141],[68,115,139],[78,86,179],[77,89,179],[76,85,182],[75,88,185],[73,90,182],[74,87,185],
[62,221,269],[61,218,272],[65,206,275],[64,209,275],[66,212,272],[63,215,269],[86,258,281],[85,256,278],[90,256,279],[87,257,277],
[89,258,282],[88,257,280],[81,119,234],[79,117,233],[80,109,233],[82,113,232],[84,115,232],[83,111,234],[92,140,145],[93,144,148],
[91,142,147],[93,139,149],[91,143,146],[92,141,150],[178,193,267],[181,203,264],[180,195,267],[183,201,264],[186,197,261],[184,199,261],
[72,221,265],[69,206,259],[67,209,266],[71,215,262],[68,212,260],[70,218,263],[90,140,192],[89,144,191],[88,142,188],[87,139,189],
[85,143,187],[86,141,190],[149,234,244],[145,233,240],[146,232,241],[147,232,243],[150,233,238],[148,234,246],[163,222,269],[166,219,272],
[169,210,275],[168,213,272],[165,216,269],[171,207,275],[54,183,193],[53,180,197],[52,184,203],[51,181,199],[50,186,195],[49,178,201],
[58,118,127],[60,116,130],[55,110,129],[57,120,132],[56,114,128],[59,112,131],[75,91,137],[77,93,134],[74,93,136],[73,92,135],
[78,92,133],[76,91,138],[76,132,244],[74,127,238],[77,130,243],[75,129,240],[78,128,241],[73,131,246],[48,102,207],[47,99,219],
[46,96,216],[45,100,210],[44,94,222],[43,97,213],[108,132,287],[106,127,290],[103,130,288],[104,128,284],[105,129,285],[107,131,291],
[108,179,265],[103,182,262],[104,185,259],[107,185,260],[106,182,263],[105,179,266],[162,242,269],[158,245,272],[160,242,275],[161,245,269],
[157,239,272],[159,239,275],[101,136,251],[95,133,254],[98,138,247],[101,134,250],[98,137,248],[95,135,253],[54,71,223],[50,69,224],
[49,72,229],[51,70,227],[53,67,226],[52,68,230],[85,139,154],[88,140,156],[89,142,154],[87,141,155],[90,144,155],[86,143,156],
[91,97,280],[92,94,281],[92,96,279],[93,102,277],[91,99,278],[93,100,282],[91,125,156],[93,124,155],[91,126,154],[92,121,155],
[93,123,154],[92,122,156],[93,100,124],[91,99,125],[91,97,126],[92,94,121],[92,96,122],[93,102,123],[85,139,214],[87,141,211],
[89,142,220],[88,140,205],[86,143,208],[90,144,217],[126,139,154],[125,140,156],[121,144,155],[122,143,156],[123,142,154],[124,141,155],
[54,77,223],[52,73,230],[50,78,224],[53,75,226],[51,74,227],[49,76,229],[42,54,71],[41,53,67],[40,52,68],[39,51,70],
[38,49,72],[37,50,69],[95,254,268],[101,251,276],[98,248,273],[98,247,271],[95,253,270],[101,250,274],[77,93,154],[78,92,156],
[75,91,156],[74,93,155],[76,91,154],[73,92,155],[93,139,277],[91,142,280],[92,141,281],[92,140,279],[93,144,282],[91,143,278],
[102,257,277],[100,258,282],[94,258,281],[96,256,279],[97,257,280],[99,256,278],[36,140,150],[35,144,149],[34,139,148],[33,142,146],
[32,143,147],[31,141,145],[83,115,189],[81,117,191],[79,113,192],[82,119,188],[84,109,187],[80,111,190],[73,131,291],[76,132,287],
[74,127,290],[77,130,288],[75,129,285],[78,128,284],[162,163,269],[158,166,272],[159,171,275],[160,169,275],[161,165,269],[157,168,272],
[51,181,264],[54,183,264],[49,178,267],[50,186,261],[52,184,261],[53,180,267],[63,71,215],[65,69,206],[64,67,209],[62,72,221],
[61,70,218],[66,68,212],[86,179,266],[85,182,262],[89,179,265],[88,185,259],[87,185,260],[90,182,263],[69,81,119],[72,79,117],
[71,80,109],[68,84,115],[67,83,111],[70,82,113],[66,178,231],[63,186,225],[61,180,228],[62,184,231],[65,183,225],[64,181,228],
[58,118,191],[60,116,189],[59,112,190],[55,110,187],[57,120,188],[56,114,192],[47,58,219],[44,57,222],[46,60,216],[48,56,207],
[45,55,210],[43,59,213],[234,235,244],[233,237,240],[232,237,241],[232,235,243],[234,236,246],[233,236,238],[90,192,229],[85,187,230],
[89,191,224],[88,188,227],[86,190,223],[87,189,226],[94,282,289],[100,281,289],[97,277,286],[102,280,286],[99,279,283],[96,278,283],
[255,268,270],[249,271,273],[252,274,276],[51,54,151],[50,52,153],[49,53,152],[38,265,267],[42,262,264],[41,266,267],[39,263,264],
[37,259,261],[40,260,261],[30,125,126],[29,121,122],[28,123,124],[126,159,241],[123,157,246],[122,158,238],[125,161,243],[124,162,244],
[121,160,240],[106,135,291],[108,134,288],[104,137,285],[103,138,287],[107,136,290],[105,133,284],[154,243,244],[156,240,241],[155,238,246],
[28,100,102],[29,94,96],[30,97,99],[135,264,289],[136,261,289],[138,264,286],[134,267,286],[137,261,283],[133,267,283],[140,198,226],
[139,202,229],[144,204,230],[143,196,224],[141,200,227],[142,194,223],[157,193,194],[161,197,198],[160,203,204],[162,199,200],[159,201,202],
[158,195,196],[48,192,205],[44,188,220],[47,191,217],[45,187,208],[43,190,211],[46,189,214],[170,220,257],[164,208,256],[170,211,258],
[164,217,258],[167,214,257],[167,205,256],[170,212,265],[167,206,262],[164,209,263],[164,218,266],[167,215,259],[170,221,260],[132,172,268],
[128,173,276],[131,174,273],[130,176,270],[127,177,271],[129,175,274],[27,153,252],[26,151,255],[25,151,249],[24,153,249],[23,152,252],
[22,152,255],[21,151,254],[20,152,251],[19,151,248],[18,153,250],[17,152,253],[16,153,247],[21,44,94],[20,48,102],[16,47,99],
[19,43,97],[18,45,100],[17,46,96],[76,137,244],[75,138,240],[74,134,238],[77,136,243],[78,135,241],[73,133,246],[54,134,193],
[53,137,197],[52,135,203],[51,136,199],[49,138,201],[50,133,195],[72,178,265],[69,186,259],[67,180,266],[70,181,263],[71,183,262],
[68,184,260],[19,193,267],[18,203,264],[20,201,264],[16,195,267],[21,199,261],[17,197,261],[104,162,210],[108,158,216],[106,159,213],
[103,160,222],[107,161,219],[105,157,207],[152,189,202],[153,191,204],[151,190,200],[151,188,194],[152,192,198],[153,187,196],[50,58,291],
[51,57,288],[49,56,285],[54,59,290],[53,60,287],[52,55,284],[63,172,244],[65,175,240],[64,173,241],[61,174,246],[62,176,243],
[66,177,238],[208,211,214],[205,217,220],[23,24,26],[22,25,27],[65,106,159],[64,103,160],[61,108,158],[62,104,162],[66,105,157],
[63,107,161],[20,23,201],[19,25,193],[17,22,197],[18,27,203],[21,26,199],[16,24,195],[18,100,250],[17,96,253],[21,94,254],
[20,102,251],[16,99,247],[19,97,248],[22,25,255],[23,24,252],[25,27,249],[24,26,249],[22,27,252],[23,26,255],[22,152,198],
[27,153,204],[26,151,200],[25,151,194],[23,152,202],[24,153,196],[178,212,265],[186,215,259],[180,218,266],[184,221,260],[183,206,262],
[181,209,263],[211,214,257],[217,220,258],[208,211,258],[205,217,256],[205,220,257],[208,214,256],[17,46,189],[21,44,188],[20,48,192],
[16,47,191],[19,43,190],[18,45,187],[47,164,217],[48,167,205],[44,170,220],[45,164,208],[46,167,214],[43,170,211],[134,157,193],
[137,161,197],[135,160,203],[136,162,199],[133,158,195],[138,159,201],[154,172,244],[156,175,240],[156,173,241],[155,174,246],[155,177,238],
[154,176,243],[58,106,291],[60,103,287],[56,104,285],[57,108,288],[55,105,284],[59,107,290],[78,135,291],[76,137,285],[75,138,287],
[74,134,288],[73,133,284],[77,136,290],[134,158,238],[137,162,244],[135,159,241],[136,161,243],[133,157,246],[138,160,240],[121,160,204],
[126,159,202],[123,157,194],[124,162,200],[122,158,196],[125,161,198],[19,38,267],[18,39,264],[16,41,267],[17,37,261],[21,40,261],
[20,42,264],[38,170,265],[42,167,262],[41,164,266],[39,164,263],[40,170,260],[37,167,259],[21,51,151],[19,54,151],[18,52,153],
[20,49,152],[17,53,152],[16,50,153],[172,255,268],[174,249,273],[175,252,274],[173,252,276],[176,255,270],[177,249,271],[102,134,286],
[99,137,283],[94,135,289],[100,136,289],[96,133,283],[97,138,286],[52,78,284],[53,76,287],[51,77,288],[50,73,291],[49,75,285],
[54,74,290],[90,139,229],[85,144,230],[89,143,224],[88,141,227],[87,140,226],[86,142,223],[63,235,244],[65,237,240],[64,237,241],
[61,236,246],[62,235,243],[66,236,238],[43,54,59],[45,52,55],[47,50,58],[44,51,57],[46,53,60],[48,49,56],[116,189,202],
[118,191,204],[112,190,200],[114,192,198],[110,187,196],[120,188,194],[72,178,231],[69,186,225],[67,180,228],[68,184,231],[71,183,225],
[70,181,228],[48,88,259],[47,90,263],[45,86,266],[46,85,262],[44,89,265],[43,87,260],[63,71,172],[65,69,175],[66,68,177],
[64,67,173],[61,70,174],[62,72,176],[51,264,289],[54,264,286],[52,261,289],[49,267,286],[53,267,283],[50,261,283],[162,163,210],
[160,169,222],[158,166,216],[159,171,213],[157,168,207],[161,165,219],[36,140,198],[35,144,204],[32,143,196],[31,141,200],[34,139,202],
[33,142,194],[28,102,257],[28,100,258],[29,94,258],[30,99,256],[30,97,257],[29,96,256],[95,132,268],[101,128,276],[95,130,270],
[98,131,273],[98,127,271],[101,129,274],[42,54,134],[41,53,137],[40,52,135],[39,51,136],[37,50,133],[38,49,138],[30,126,139],
[30,125,140],[29,121,144],[28,124,141],[28,123,142],[29,122,143],[100,124,281],[94,121,282],[96,122,278],[102,123,280],[99,125,279],
[97,126,277],[67,83,189],[70,82,188],[69,81,191],[72,79,192],[71,80,190],[68,84,187],[77,154,223],[78,156,224],[75,156,226],
[74,155,227],[73,155,230],[76,154,229],[141,211,281],[139,214,277],[144,217,282],[142,220,280],[143,208,278],[140,205,279],[15,290,291],
[14,284,285],[13,287,288],[50,52,294],[49,53,293],[51,54,292],[52,84,146],[53,83,149],[51,82,147],[50,81,148],[49,79,145],
[54,80,150],[73,95,279],[77,101,282],[78,95,281],[76,98,278],[74,101,277],[75,98,280],[101,169,171],[95,163,165],[98,166,168],
[157,158,236],[161,162,235],[159,160,237],[229,231,255],[226,228,252],[224,225,252],[223,225,255],[227,228,249],[230,231,249],[65,201,263],
[66,193,266],[64,203,262],[61,195,265],[63,197,260],[62,199,259],[177,184,204],[176,178,202],[175,186,196],[174,181,200],[172,183,194],
[173,180,198],[83,115,237],[79,113,235],[82,119,236],[81,117,237],[84,109,236],[80,111,235],[194,254,268],[202,253,270],[198,251,276],
[204,247,271],[200,248,273],[196,250,274],[54,77,277],[52,73,281],[50,78,279],[51,74,282],[53,75,278],[49,76,280],[37,69,194],
[41,67,200],[42,71,196],[40,68,202],[39,70,198],[38,72,204],[71,85,214],[68,87,211],[72,89,220],[67,86,208],[70,90,217],
[69,88,205],[12,100,164],[11,96,167],[10,94,170],[9,97,170],[8,102,167],[7,99,164],[40,189,211],[42,187,214],[37,188,205],
[39,192,217],[41,190,208],[38,191,220],[47,69,205],[43,71,214],[45,68,211],[48,72,220],[44,70,217],[46,67,208],[40,202,253],
[42,196,250],[39,198,251],[37,194,254],[38,204,247],[41,200,248],[109,158,236],[111,162,235],[115,159,237],[117,160,237],[113,161,235],
[119,157,236],[101,171,277],[95,163,281],[98,166,278],[101,169,282],[98,168,280],[95,165,279],[52,84,294],[53,83,293],[51,82,292],
[50,81,294],[54,80,292],[49,79,293],[40,211,281],[42,214,277],[37,205,279],[39,217,282],[38,220,280],[41,208,278],[67,189,211],
[70,188,205],[72,192,217],[69,191,220],[68,187,214],[71,190,208],[78,125,279],[76,123,280],[77,126,277],[73,124,281],[74,121,282],
[75,122,278],[73,95,132],[77,101,128],[78,95,130],[76,98,131],[75,98,127],[74,101,129],[168,207,297],[163,210,296],[169,222,296],
[166,216,295],[165,219,295],[171,213,297],[69,88,175],[71,85,172],[68,87,177],[67,86,173],[72,89,176],[70,90,174],[47,65,263],
[45,66,266],[46,64,262],[48,62,259],[43,63,260],[44,61,265],[72,204,231],[69,194,225],[67,200,228],[70,198,228],[68,202,231],
[71,196,225],[120,194,268],[118,204,271],[116,202,270],[110,196,274],[112,200,273],[114,198,276],[43,54,277],[45,52,281],[47,50,279],
[44,51,282],[48,49,280],[46,53,278],[64,83,237],[62,79,235],[61,82,236],[65,81,237],[63,80,235],[66,84,236],[52,78,146],
[53,76,149],[51,77,147],[50,73,148],[54,74,150],[49,75,145],[177,227,249],[173,224,252],[172,229,255],[174,230,249],[175,226,252],
[176,223,255],[39,100,164],[40,94,170],[37,96,167],[38,97,170],[41,99,164],[42,102,167],[12,16,41],[9,21,40],[11,20,42],
[10,19,38],[8,17,37],[7,18,39],[122,175,196],[121,177,204],[126,176,202],[125,173,198],[123,172,194],[124,174,200],[14,73,284],
[15,77,290],[15,78,291],[13,75,287],[13,74,288],[14,76,285],[12,47,164],[11,48,167],[9,44,170],[7,45,164],[10,43,170],
[8,46,167],[17,40,189],[16,38,191],[21,37,188],[20,39,192],[18,42,187],[19,41,190],[184,204,221],[178,202,212],[183,194,206],
[180,198,218],[181,200,209],[186,196,215],[25,231,255],[24,228,252],[27,228,249],[26,231,249],[23,225,255],[22,225,252],[12,100,250],
[11,96,253],[10,94,254],[8,102,251],[9,97,248],[7,99,247],[22,63,197],[24,61,195],[23,65,201],[27,64,203],[26,62,199],
[25,66,193],[30,87,140],[30,90,139],[29,85,144],[29,89,143],[28,86,142],[28,88,141],[21,51,289],[19,54,286],[18,52,289],
[20,49,286],[16,50,283],[17,53,283],[42,134,158],[41,137,162],[40,135,159],[39,136,161],[38,138,160],[37,133,157],[58,65,106],
[60,64,103],[56,62,104],[57,61,108],[59,63,107],[55,66,105],[154,172,223],[156,175,224],[156,173,226],[155,174,227],[154,176,229],
[155,177,230],[102,134,157],[99,137,161],[94,135,160],[100,136,162],[97,138,159],[96,133,158],[28,211,257],[28,220,258],[29,208,258],
[29,217,256],[30,205,257],[30,214,256],[22,36,198],[24,32,196],[27,35,204],[26,31,200],[25,33,194],[23,34,202],[285,287,296],
[288,290,295],[284,291,297],[120,220,222],[112,211,213],[114,205,207],[118,217,219],[110,208,210],[116,214,216],[10,63,221],[9,61,212],
[12,65,209],[8,64,206],[7,66,218],[11,62,215],[58,127,175],[55,129,177],[60,130,173],[57,132,174],[59,131,172],[56,128,176],
[33,66,157],[36,63,161],[34,65,159],[35,64,160],[31,62,162],[32,61,158],[47,90,148],[48,88,145],[45,86,146],[46,85,149],
[43,87,150],[44,89,147],[17,22,254],[19,25,247],[16,24,248],[18,27,251],[20,23,250],[21,26,253],[22,36,254],[26,31,253],
[23,34,250],[27,35,251],[25,33,247],[24,32,248],[33,102,157],[36,99,161],[35,94,160],[31,100,162],[34,97,159],[32,96,158],
[57,174,227],[58,175,224],[55,177,230],[59,172,223],[56,176,229],[60,173,226],[20,250,286],[21,253,289],[19,247,286],[18,251,289],
[17,254,283],[16,248,283],[28,88,120],[30,87,116],[29,89,118],[28,86,112],[30,90,114],[29,85,110],[7,25,66],[10,22,63],
[9,24,61],[12,23,65],[11,26,62],[8,27,64],[10,204,221],[9,202,212],[8,194,206],[12,200,209],[11,196,215],[7,198,218],
[12,47,148],[7,45,146],[11,48,145],[8,46,149],[9,44,147],[10,43,150],[122,127,175],[123,131,172],[126,128,176],[121,129,177],
[124,132,174],[125,130,173],[13,177,227],[15,173,224],[14,172,229],[14,174,230],[15,176,223],[13,175,226],[112,213,273],[120,222,268],
[118,219,271],[114,207,276],[116,216,270],[110,210,274],[34,47,65],[33,45,66],[35,46,64],[31,48,62],[32,44,61],[36,43,63],
[85,149,172],[90,148,174],[88,145,175],[89,147,176],[87,150,177],[86,146,173],[213,291,297],[210,285,296],[222,287,296],[216,288,295],
[207,284,297],[219,290,295],[69,120,220],[67,112,211],[71,110,208],[70,114,205],[68,116,214],[72,118,217],[82,109,292],[84,119,294],
[79,111,293],[83,117,293],[81,115,294],[80,113,292],[12,16,250],[11,20,253],[10,19,254],[8,17,251],[7,18,247],[9,21,248],
[18,42,102],[19,41,99],[17,40,94],[16,38,97],[20,39,100],[21,37,96],[60,64,83],[56,62,79],[57,61,82],[59,63,80],
[55,66,84],[58,65,81],[25,204,231],[26,202,231],[22,194,225],[24,200,228],[23,196,225],[27,198,228],[14,73,132],[14,76,131],
[15,77,128],[15,78,130],[13,74,129],[13,75,127],[73,124,148],[78,125,146],[76,123,149],[77,126,147],[75,122,145],[74,121,150],
[47,165,279],[43,171,277],[45,163,281],[44,169,282],[46,166,278],[48,168,280],[42,109,158],[37,119,157],[41,111,162],[40,115,159],
[39,113,161],[38,117,160],[37,254,279],[40,253,281],[42,250,277],[39,251,282],[38,247,280],[41,248,278],[28,45,211],[28,48,220],
[29,46,208],[29,44,217],[30,43,214],[30,47,205],[57,60,300],[58,59,298],[55,56,299],[13,87,88],[14,85,90],[15,86,89],
[25,36,150],[22,35,149],[24,34,148],[26,32,147],[23,31,145],[27,33,146],[9,40,213],[10,38,222],[7,39,219],[8,37,207],
[11,42,216],[12,41,210],[127,166,295],[132,163,296],[131,168,297],[129,169,296],[128,171,297],[130,165,295],[6,47,69],[5,46,67],
[4,43,71],[3,45,68],[2,48,72],[1,44,70],[3,45,163],[6,47,165],[5,46,166],[4,43,171],[2,48,168],[1,44,169],
[13,129,296],[15,130,295],[14,132,296],[15,128,297],[13,127,295],[14,131,297],[60,83,300],[59,80,298],[57,82,300],[55,84,299],
[56,79,299],[58,81,298],[6,69,120],[2,72,118],[5,67,112],[4,71,110],[1,70,114],[3,68,116],[42,216,288],[37,207,284],
[41,210,285],[40,213,291],[39,219,290],[38,222,287],[25,150,177],[27,146,173],[22,149,172],[24,148,174],[23,145,175],[26,147,176],
[9,213,273],[10,222,268],[7,219,271],[8,207,276],[12,210,274],[11,216,270],[122,127,166],[124,132,163],[125,130,165],[123,131,168],
[121,129,169],[126,128,171],[7,25,36],[10,22,35],[9,24,34],[12,23,31],[8,27,33],[11,26,32],[14,90,114],[13,87,116],
[15,86,112],[13,88,120],[15,89,118],[14,85,110],[35,251,282],[36,254,279],[31,253,281],[34,250,277],[32,248,278],[33,247,280],
[42,109,292],[37,119,294],[41,111,293],[39,113,292],[38,117,293],[40,115,294],[28,31,48],[30,36,43],[29,32,44],[28,33,45],
[29,35,46],[30,34,47],[11,122,145],[12,124,148],[7,125,146],[8,123,149],[10,121,150],[9,126,147],[10,25,204],[9,26,202],
[8,22,194],[12,24,200],[7,27,198],[11,23,196],[18,247,286],[16,250,286],[19,254,283],[21,248,283],[17,251,289],[20,253,289],
[13,57,227],[15,58,224],[14,55,230],[15,59,223],[13,60,226],[14,56,229],[18,33,102],[19,36,99],[21,32,96],[17,35,94],
[16,34,97],[20,31,100],[286,292,293],[283,293,294],[289,292,294],[118,282,290],[120,280,287],[116,277,288],[114,279,284],[110,278,285],
[112,281,291],[55,56,231],[57,60,228],[58,59,225],[119,120,300],[117,118,298],[115,116,300],[113,114,299],[109,110,299],[111,112,298],
[3,231,270],[6,225,268],[5,228,273],[2,231,271],[1,228,276],[4,225,274],[33,84,119],[36,80,113],[32,82,109],[35,83,117],
[31,79,111],[34,81,115],[3,13,177],[5,15,173],[4,14,172],[1,14,174],[2,15,176],[6,13,175],[28,120,163],[30,116,165],
[29,118,166],[28,112,168],[29,110,169],[30,114,171],[1,57,228],[6,58,225],[3,55,231],[5,60,228],[4,59,225],[2,56,231],
[118,290,298],[120,287,300],[116,288,300],[114,284,299],[112,291,298],[110,285,299],[3,163,270],[6,165,268],[5,166,273],[4,171,274],
[1,169,276],[2,168,271],[18,33,84],[19,36,80],[21,32,82],[17,35,83],[20,31,79],[16,34,81],[18,286,292],[16,286,293],
[19,283,293],[20,289,292],[17,289,294],[21,283,294],[28,31,163],[30,36,165],[29,32,166],[28,33,168],[30,34,171],[29,35,169],
[35,118,282],[36,114,279],[31,112,281],[34,116,277],[33,120,280],[32,110,278],[5,15,118],[3,13,120],[4,14,114],[1,14,110],
[6,13,116],[2,15,112],[8,33,119],[10,35,117],[9,34,115],[12,31,111],[11,32,109],[7,36,113],[3,25,177],[5,27,173],
[4,22,172],[1,24,174],[2,26,176],[6,23,175],[2,118,166],[3,116,165],[6,120,163],[5,112,168],[1,114,171],[4,110,169],
[83,119,300],[80,117,298],[82,115,300],[84,113,299],[81,111,298],[79,109,299],[11,122,166],[12,124,163],[7,125,165],[8,123,168],
[9,126,171],[10,121,169],[10,25,268],[7,27,271],[9,26,273],[8,22,276],[11,23,270],[12,24,274],[38,287,293],[42,288,292],
[37,284,294],[41,285,293],[40,291,294],[39,290,292],[13,57,296],[15,58,295],[14,55,296],[15,59,297],[14,56,297],[13,60,295],
[5,8,168],[4,10,169],[2,11,166],[1,9,171],[6,12,163],[3,7,165],[1,24,274],[3,25,268],[6,23,270],[5,27,271],
[2,26,273],[4,22,276],[8,83,119],[10,80,117],[11,79,109],[9,82,115],[7,84,113],[12,81,111],[5,35,118],[4,36,114],
[2,31,112],[6,34,116],[1,32,110],[3,33,120],[35,169,276],[31,163,270],[36,165,268],[32,166,273],[33,168,271],[34,171,274],
[16,81,293],[18,84,292],[19,80,293],[21,82,294],[17,83,294],[20,79,292],[287,293,300],[288,292,300],[284,294,299],[285,293,299],
[290,292,298],[291,294,298],[1,57,296],[3,55,296],[6,58,295],[2,56,297],[5,60,295],[4,59,297],[83,294,298],[81,293,300],
[80,293,299],[79,292,298],[84,292,300],[82,294,299],[5,35,276],[6,34,274],[4,36,268],[2,31,270],[3,33,271],[1,32,273],
[5,8,83],[6,12,81],[4,10,80],[2,11,79],[3,7,84],[1,9,82],[4,276,297],[1,274,296],[3,268,296],[6,270,295],
[5,271,295],[2,273,297],[5,83,298],[6,81,300],[4,80,299],[2,79,298],[1,82,299],[3,84,300],[5,276,297],[6,274,296],
[4,268,296],[2,270,295],[1,273,297],[3,271,295],[5,297,298],[6,296,300],[4,296,299],[2,295,298],[3,295,300],[1,297,299]];
###############################################################

