#SurfaceInfo: 702 Vertices, 5616 Edges, 3744 Faces, IsOrientable=true
 #Vertices of faces:
vof1:=[[700,701,702],[698,699,701],[696,697,700],[695,698,700],[693,694,702],[691,692,701],[690,696,702],[688,689,699],[686,687,700],[684,685,698],
[683,693,701],[682,691,699],[680,681,697],[678,679,695],[676,677,694],[674,675,702],[672,673,701],[670,671,696],[669,688,698],[668,686,697],
[667,684,695],[665,666,692],[663,664,690],[661,662,689],[660,683,699],[658,659,700],[656,657,698],[654,655,683],[652,653,693],[650,651,691],
[649,680,696],[675,678,700],[648,676,693],[647,674,694],[646,672,692],[645,670,690],[643,644,687],[641,642,685],[639,640,682],[637,638,681],
[635,636,679],[634,695,697],[633,669,695],[631,632,677],[629,630,702],[627,628,701],[625,626,696],[623,624,669],[621,622,688],[619,620,686],
[617,618,684],[616,665,691],[663,692,702],[615,661,688],[614,660,689],[613,658,687],[612,656,685],[654,687,701],[611,652,683],[610,650,682],
[609,690,694],[607,608,675],[605,606,673],[603,604,671],[601,602,668],[600,634,667],[598,599,666],[596,597,664],[595,649,690],[593,594,662],
[591,592,699],[589,590,700],[587,588,698],[585,586,655],[583,584,693],[581,582,691],[579,580,649],[577,578,675],[575,576,680],[574,608,678],
[573,599,648],[571,572,674],[569,570,672],[567,568,670],[566,643,686],[565,641,684],[639,685,699],[564,637,680],[563,635,678],[562,634,681],
[561,633,679],[560,631,676],[559,629,675],[558,627,673],[557,625,671],[623,673,698],[556,621,669],[555,619,668],[554,617,667],[553,682,689],
[551,552,659],[549,550,657],[548,648,683],[547,561,653],[545,546,651],[543,544,676],[541,542,647],[539,540,646],[538,609,645],[537,624,644],
[535,536,642],[533,534,640],[576,616,682],[531,532,638],[529,530,636],[527,528,697],[525,526,695],[524,554,632],[522,523,702],[521,584,701],
[519,520,696],[517,518,624],[515,516,688],[513,514,686],[512,543,684],[510,511,616],[508,509,692],[506,507,665],[505,663,666],[504,536,615],
[502,503,660],[500,501,658],[498,499,656],[497,521,687],[496,511,652],[495,520,650],[494,609,677],[493,607,674],[492,605,672],[491,603,670],
[601,671,697],[490,598,665],[489,596,663],[595,642,664],[488,593,661],[487,591,683],[486,589,659],[485,587,657],[484,585,654],[483,583,653],
[482,581,651],[579,659,696],[577,657,700],[481,575,649],[573,630,693],[480,571,647],[479,569,646],[567,594,645],[478,668,681],[477,667,679],
[476,647,677],[474,475,630],[472,473,628],[470,471,626],[469,615,669],[493,622,647],[467,468,620],[465,466,618],[464,625,661],[463,542,614],
[461,462,613],[459,460,612],[458,644,654],[457,611,660],[456,553,610],[454,455,694],[453,580,608],[452,578,606],[450,451,604],[448,449,602],
[446,447,600],[544,566,668],[507,565,667],[444,445,599],[442,443,597],[440,441,690],[438,439,699],[437,516,698],[435,436,586],[433,434,693],
[432,524,691],[430,431,580],[428,429,578],[426,427,680],[425,589,678],[423,424,599],[421,422,674],[419,420,672],[418,621,670],[417,566,618],
[415,416,565],[413,414,685],[411,412,643],[481,595,641],[410,639,642],[409,451,564],[408,563,638],[406,407,634],[404,405,633],[402,403,560],
[400,401,629],[398,399,627],[396,397,625],[395,437,673],[394,416,621],[434,447,619],[393,524,617],[392,553,662],[391,551,658],[412,549,656],
[548,604,655],[390,547,652],[389,545,650],[388,543,648],[541,653,694],[539,651,692],[387,537,643],[386,535,641],[385,533,639],[576,640,681],
[384,531,637],[383,529,635],[512,527,695],[382,525,669],[381,524,631],[380,522,630],[379,584,628],[378,519,626],[377,517,623],[376,515,622],
[415,513,620],[375,543,618],[510,628,691],[508,626,702],[506,575,616],[504,592,688],[501,502,614],[374,500,613],[373,498,612],[496,532,611],
[520,530,610],[388,646,666],[372,645,664],[371,614,662],[369,370,592],[367,368,590],[365,366,588],[364,611,655],[362,363,584],[361,454,582],
[360,564,649],[359,563,675],[457,574,614],[358,560,648],[356,357,572],[354,355,570],[352,353,568],[351,583,637],[350,581,635],[410,562,640],
[463,541,561],[349,631,656],[347,348,559],[346,424,558],[344,345,557],[343,606,623],[547,556,633],[342,478,555],[341,477,554],[339,340,689],
[338,509,552],[337,550,655],[335,336,683],[366,403,561],[333,334,546],[331,332,676],[329,330,542],[431,468,540],[327,328,538],[464,492,646],
[412,491,645],[325,326,624],[324,331,536],[322,323,534],[321,475,682],[319,320,697],[318,407,695],[317,427,696],[316,486,518],[314,315,688],
[313,593,686],[312,567,684],[310,311,511],[308,309,509],[307,381,665],[306,522,663],[305,357,536],[303,304,660],[301,302,658],[299,300,656],
[297,298,497],[487,575,652],[296,608,650],[294,295,609],[293,493,568],[292,492,671],[291,305,491],[289,290,671],[354,494,602],[287,288,607],
[286,566,605],[388,548,603],[354,601,604],[285,334,490],[284,489,632],[283,376,595],[281,282,488],[279,280,591],[277,278,589],[276,480,587],
[275,484,662],[274,340,583],[272,273,581],[271,317,659],[270,590,657],[269,291,575],[267,268,630],[328,571,588],[315,569,597],[266,567,593],
[265,478,638],[264,477,636],[341,476,632],[300,474,629],[263,472,627],[288,470,625],[469,546,624],[287,493,621],[262,467,619],[261,465,617],
[260,615,625],[542,622,689],[461,620,687],[459,618,685],[418,454,690],[324,453,607],[259,452,605],[258,450,603],[257,448,601],[320,446,634],
[544,602,677],[507,600,666],[256,444,598],[255,442,596],[254,440,649],[253,438,592],[435,516,588],[252,435,585],[312,433,584],[418,432,582],
[251,430,579],[250,428,577],[249,426,576],[248,425,574],[247,423,573],[305,421,572],[419,570,579],[246,568,621],[417,590,686],[415,588,684],
[413,582,699],[411,543,566],[481,506,565],[409,528,680],[408,526,678],[401,406,562],[399,404,561],[402,455,676],[245,400,559],[244,398,558],
[243,396,557],[394,445,556],[434,443,555],[556,613,644],[260,612,642],[242,610,640],[241,562,638],[240,561,636],[238,239,528],[237,440,526],
[236,494,632],[234,235,523],[233,363,521],[379,520,535],[232,556,624],[231,252,516],[369,514,591],[230,339,512],[229,490,616],[228,489,692],
[505,562,600],[227,488,615],[226,462,503],[225,463,501],[224,448,499],[223,484,687],[221,222,511],[219,220,495],[423,515,598],[218,513,596],
[217,234,487],[216,357,485],[215,421,585],[213,214,483],[211,212,482],[210,552,579],[209,550,577],[208,475,573],[207,476,480],[206,388,479],
[372,392,594],[205,498,681],[204,471,679],[279,396,677],[203,475,497],[202,414,473],[200,201,669],[282,552,647],[199,202,468],[198,267,466],
[442,531,661],[196,197,463],[357,424,462],[311,355,460],[195,627,654],[194,457,495],[192,193,456],[351,391,613],[350,412,612],[458,494,538],
[288,390,611],[389,566,610],[190,191,694],[188,189,580],[187,199,578],[451,490,515],[185,186,449],[184,332,447],[183,606,668],[182,370,667],
[181,295,690],[436,480,588],[267,332,693],[180,381,691],[179,380,431],[178,379,429],[177,187,680],[175,176,678],[174,531,674],[173,529,672],
[485,496,670],[172,393,618],[171,416,449],[170,298,414],[169,488,643],[168,266,641],[167,438,639],[451,482,546],[351,462,638],[165,166,634],
[163,164,633],[403,415,468],[162,201,629],[161,360,627],[286,492,625],[239,271,395],[382,506,621],[160,619,666],[378,617,652],[158,159,553],
[157,391,653],[156,412,651],[155,249,548],[154,390,482],[153,351,389],[152,154,543],[150,151,653],[148,149,651],[224,392,540],[147,493,551],
[146,492,549],[260,469,545],[224,539,546],[170,202,387],[198,243,386],[145,385,594],[144,248,576],[143,321,384],[141,142,383],[140,339,527],
[139,275,525],[138,183,381],[137,216,522],[136,166,584],[231,519,610],[377,401,636],[204,327,515],[134,135,513],[132,133,543],[131,180,628],
[365,523,626],[153,246,506],[130,450,592],[193,502,659],[187,500,586],[176,498,534],[310,496,531],[427,520,529],[135,388,599],[129,372,597],
[371,538,594],[128,367,589],[127,365,587],[149,364,586],[362,507,583],[361,390,581],[360,468,580],[359,466,578],[288,457,608],[357,358,599],
[144,356,571],[126,354,569],[125,352,567],[198,564,583],[478,563,581],[463,574,679],[124,560,656],[347,572,675],[346,570,673],[344,568,671],
[296,339,682],[200,338,551],[169,337,549],[230,335,648],[123,366,547],[122,333,545],[331,404,544],[145,329,541],[121,468,539],[191,327,609],
[464,540,662],[412,538,644],[182,325,537],[120,331,535],[174,322,533],[207,475,616],[119,319,528],[118,407,526],[128,486,517],[314,516,519],
[313,487,514],[296,312,512],[117,310,510],[304,308,508],[116,307,507],[280,306,505],[115,305,504],[303,351,503],[301,501,573],[299,499,510],
[166,297,521],[133,511,575],[114,495,608],[294,494,570],[293,523,674],[292,521,672],[305,520,670],[289,514,697],[388,411,491],[285,509,665],
[284,441,663],[278,376,642],[281,340,661],[254,279,487],[113,277,486],[112,276,485],[275,336,654],[111,340,483],[272,409,482],[269,326,481],
[315,323,479],[110,361,455],[481,559,608],[558,606,607],[198,557,604],[109,555,602],[236,554,600],[108,505,599],[107,597,642],[259,335,441],
[106,147,439],[105,231,437],[106,586,604],[270,434,450],[435,524,637],[273,481,580],[104,578,607],[103,383,427],[238,422,527],[237,420,525],
[205,382,418],[102,387,566],[301,386,565],[101,385,685],[410,505,664],[100,384,564],[99,383,563],[98,348,407],[97,405,424],[96,381,560],
[95,401,410],[94,399,541],[93,329,397],[92,377,673],[90,91,416],[178,211,447],[89,119,393],[426,517,537],[305,425,535],[154,419,533],
[318,472,512],[106,137,382],[378,398,546],[283,303,517],[88,155,376],[87,171,415],[86,172,375],[157,473,510],[85,471,508],[84,370,504],
[245,371,501],[83,374,556],[123,260,373],[265,364,532],[242,264,530],[82,363,664],[139,272,662],[268,370,395],[81,290,368],[80,366,528],
[237,419,649],[79,162,675],[142,473,614],[259,301,648],[78,81,357],[77,80,355],[124,353,437],[322,444,635],[76,105,410],[75,190,541],
[529,593,631],[348,518,546],[172,225,345],[210,587,623],[74,393,547],[72,73,342],[71,274,341],[300,349,559],[263,423,558],[218,288,557],
[343,392,456],[287,390,556],[262,493,555],[261,492,554],[186,330,689],[78,132,509],[77,113,655],[217,503,683],[387,403,426],[334,386,425],
[70,132,676],[68,69,330],[67,277,431],[99,328,516],[66,550,646],[65,239,645],[159,249,682],[316,501,659],[442,450,688],[64,488,686],
[152,266,684],[63,253,311],[131,270,309],[62,113,665],[60,61,663],[59,444,660],[58,442,658],[220,298,365],[394,613,650],[163,250,609],
[57,266,568],[56,291,330],[104,290,429],[55,77,354],[54,384,607],[383,387,605],[141,310,603],[53,319,601],[334,375,466],[348,349,632],
[52,303,595],[282,355,579],[79,335,591],[193,358,589],[100,229,587],[147,391,583],[146,412,581],[110,268,271],[254,411,575],[51,571,644],
[51,569,642],[91,180,478],[49,50,477],[64,71,476],[48,300,685],[195,263,622],[47,288,620],[46,116,469],[47,287,375],[156,262,349],
[45,261,423],[47,317,625],[140,262,622],[49,264,620],[44,48,618],[93,265,462],[264,460,467],[43,341,348],[299,474,616],[42,457,472],
[206,391,470],[198,360,467],[359,465,478],[93,461,468],[459,466,467],[205,248,454],[81,104,324],[80,238,259],[111,124,258],[257,385,532],
[41,320,530],[280,389,544],[215,483,507],[56,182,256],[40,74,255],[39,408,440],[38,66,266],[347,438,461],[37,250,657],[61,185,516],
[36,168,252],[103,433,555],[367,432,554],[251,570,597],[250,280,677],[82,194,426],[192,425,455],[247,501,586],[115,232,421],[43,81,419],
[315,375,621],[64,220,590],[152,297,588],[439,551,582],[133,156,411],[45,114,481],[203,333,526],[73,406,630],[71,404,628],[35,455,535],
[132,400,636],[113,398,518],[61,396,449],[171,394,444],[332,434,442],[81,260,536],[34,242,534],[241,457,532],[240,456,530],[33,234,522],
[139,379,519],[44,232,518],[252,515,595],[369,513,565],[230,287,543],[229,355,511],[228,353,509],[227,462,536],[215,226,502],[32,463,500],
[151,224,498],[222,223,497],[31,221,496],[219,247,520],[476,489,513],[216,499,657],[421,484,553],[213,511,653],[211,495,651],[160,205,668],
[378,471,667],[51,279,647],[203,237,474],[162,202,472],[54,204,470],[200,470,615],[342,493,552],[30,199,467],[29,267,465],[464,531,571],
[41,196,542],[112,357,461],[102,355,459],[140,195,458],[194,439,660],[186,192,553],[350,460,636],[456,566,606],[66,190,455],[65,188,453],
[199,441,452],[45,450,515],[185,432,448],[59,332,446],[245,370,565],[28,295,441],[33,380,430],[362,379,428],[177,427,433],[175,432,589],
[174,422,512],[173,382,420],[160,418,485],[27,393,417],[164,170,413],[121,169,412],[168,181,595],[167,275,410],[125,351,408],[165,349,407],
[163,405,423],[134,402,415],[201,401,623],[360,399,504],[286,397,417],[61,271,437],[397,416,506],[26,447,666],[269,393,652],[158,392,499],
[157,577,658],[156,437,656],[137,249,604],[434,482,652],[351,524,650],[152,189,388],[150,422,694],[148,420,692],[354,458,655],[260,286,389],
[170,497,643],[243,414,641],[145,321,639],[166,248,681],[143,498,637],[141,204,635],[139,207,382],[138,396,631],[67,216,380],[136,326,379],
[116,231,378],[204,214,376],[132,285,375],[187,246,575],[186,187,374],[176,184,373],[25,230,340],[486,552,665],[485,550,611],[200,336,525],
[124,483,561],[255,276,332],[24,480,542],[179,479,540],[23,458,624],[22,410,536],[69,534,681],[169,200,321],[240,299,320],[42,318,348],
[55,103,317],[315,333,497],[486,567,598],[259,302,440],[160,296,559],[21,295,540],[22,324,493],[257,259,492],[201,258,491],[94,257,671],
[256,302,490],[20,255,489],[88,283,518],[19,266,488],[18,280,562],[17,278,639],[184,252,484],[43,274,533],[16,196,273],[117,251,659],
[71,122,291],[27,247,630],[87,131,328],[172,436,597],[181,367,418],[331,430,453],[307,428,452],[306,450,482],[301,416,448],[47,299,446],
[240,254,399],[15,435,629],[277,312,468],[276,418,466],[155,165,430],[144,163,428],[63,249,405],[46,111,248],[56,219,305],[29,57,246],
[48,368,417],[195,366,415],[150,413,454],[126,239,409],[241,401,479],[32,110,402],[146,245,481],[52,244,607],[135,232,445],[109,129,443],
[36,231,640],[39,134,638],[130,270,440],[115,127,632],[151,235,334],[149,233,265],[40,368,562],[169,360,615],[35,197,225],[325,338,448],
[49,302,687],[222,260,317],[185,325,596],[234,429,466],[68,188,585],[57,95,214],[94,212,344],[208,519,579],[343,433,573],[14,161,207],
[13,72,206],[127,305,485],[210,265,342],[209,264,341],[207,208,341],[144,480,616],[126,457,479],[125,391,594],[67,197,679],[323,449,677],
[93,396,414],[137,405,669],[259,282,307],[202,258,306],[58,396,661],[26,138,197],[216,244,424],[136,191,311],[11,12,654],[20,427,495],
[253,471,613],[12,612,644],[36,235,494],[110,256,611],[31,309,610],[180,404,668],[50,116,667],[179,401,630],[178,399,628],[366,435,680],
[322,333,678],[159,384,674],[10,383,672],[310,394,670],[97,119,172],[109,118,449],[67,164,643],[23,326,641],[136,325,634],[255,331,633],
[14,322,627],[119,239,551],[269,559,619],[453,558,617],[62,165,548],[154,212,534],[53,153,197],[151,285,309],[21,224,325],[255,324,551],
[259,549,560],[171,402,545],[143,228,539],[202,246,353],[234,313,594],[9,163,576],[225,321,573],[142,448,510],[148,525,527],[95,183,623],
[73,469,522],[71,227,584],[96,102,519],[42,263,515],[206,288,513],[25,130,131],[207,286,506],[205,502,606],[296,500,604],[41,79,372],
[10,328,371],[128,425,576],[127,210,574],[9,148,364],[153,507,572],[218,390,570],[108,121,360],[181,213,359],[23,112,358],[47,144,464],
[126,313,417],[13,125,517],[153,267,583],[180,218,581],[85,126,574],[79,129,572],[8,292,568],[16,135,424],[129,345,356],[7,234,538],
[6,367,600],[235,365,547],[149,214,545],[83,300,362],[123,263,361],[43,347,357],[124,356,358],[229,354,451],[228,352,476],[16,346,355],
[344,353,356],[160,339,483],[35,200,361],[169,308,338],[127,284,335],[64,122,214],[331,337,446],[145,257,554],[121,320,445],[9,191,443],
[261,275,464],[65,182,212],[53,120,441],[32,174,293],[5,253,310],[12,68,427],[319,347,539],[217,346,407],[59,304,626],[6,128,426],
[96,314,479],[312,363,645],[117,499,534],[140,304,689],[36,74,307],[72,306,592],[115,399,518],[104,125,303],[224,301,334],[7,265,299],
[176,557,608],[161,294,673],[159,178,523],[10,119,521],[394,428,520],[320,474,514],[13,26,388],[158,376,590],[15,340,637],[276,326,429],
[78,336,338],[12,330,340],[272,278,431],[56,269,325],[315,322,442],[198,334,451],[4,236,447],[108,445,547],[107,342,443],[5,106,438],
[106,207,436],[39,270,433],[400,432,435],[8,273,431],[383,426,548],[238,421,491],[102,225,618],[101,220,414],[100,348,451],[99,424,638],
[98,350,406],[97,283,404],[96,403,540],[84,400,410],[76,398,541],[91,92,395],[3,90,394],[211,377,434],[89,115,524],[371,385,419],
[397,398,626],[303,377,477],[155,416,622],[87,447,620],[51,160,646],[139,205,614],[268,369,474],[81,367,420],[80,335,365],[82,307,362],
[237,362,564],[162,361,563],[206,457,473],[78,90,356],[2,352,437],[350,444,502],[9,105,640],[75,284,463],[349,593,619],[116,347,546],
[346,374,462],[22,225,344],[85,210,343],[74,318,633],[69,72,478],[67,274,477],[218,345,597],[341,492,550],[77,321,337],[34,336,503],
[13,366,426],[291,333,425],[70,332,587],[68,313,329],[136,327,516],[239,479,491],[35,159,321],[270,308,549],[62,314,381],[60,313,522],
[58,254,302],[297,365,470],[51,378,487],[51,296,613],[163,295,464],[92,266,293],[52,104,289],[50,55,602],[54,112,288],[141,217,548],
[53,354,408],[31,284,349],[43,281,579],[79,280,577],[278,358,409],[229,408,480],[147,274,293],[146,273,292],[12,268,317],[131,278,590],
[274,291,411],[176,267,395],[25,328,644],[91,265,397],[48,508,629],[423,567,617],[224,343,624],[147,198,262],[146,261,478],[238,395,605],
[111,290,603],[183,385,601],[41,182,634],[61,483,666],[56,598,619],[74,82,596],[39,254,456],[38,272,593],[191,253,461],[37,189,270],
[185,187,435],[168,337,585],[103,121,312],[82,249,460],[88,248,455],[170,246,315],[113,114,506],[529,535,676],[69,132,245],[67,113,244],
[61,99,243],[114,382,498],[26,254,396],[380,475,643],[379,473,641],[64,376,647],[174,442,500],[63,373,460],[107,191,286],[46,574,580],
[177,343,578],[54,183,237],[162,182,387],[6,181,540],[24,149,436],[196,267,276],[21,96,180],[380,496,537],[124,202,403],[162,200,335],
[161,169,475],[30,159,460],[145,200,391],[63,155,431],[123,390,419],[79,122,389],[30,154,158],[17,145,653],[24,121,651],[120,161,386],
[1,174,385],[111,144,429],[3,310,384],[4,140,494],[11,275,505],[1,381,393],[101,137,601],[128,377,443],[7,327,446],[44,105,135],
[75,78,133],[87,117,628],[29,153,328],[8,115,592],[193,251,297],[57,530,586],[316,344,534],[249,296,363],[107,230,278],[167,333,375],
[201,291,329],[153,286,327],[28,486,591],[136,355,519],[231,353,487],[46,60,310],[303,308,389],[109,116,572],[108,280,373],[53,89,351],
[165,262,297],[2,133,311],[20,114,258],[236,374,570],[235,292,293],[233,289,292],[289,413,591],[25,76,281],[9,112,611],[232,273,326],
[34,179,323],[103,142,602],[43,208,599],[32,233,505],[54,358,564],[229,387,563],[307,469,560],[76,95,130],[15,94,190],[188,203,329],
[199,277,533],[309,353,472],[138,221,517],[18,20,88],[17,171,213],[24,86,211],[84,432,510],[209,314,504],[70,100,245],[14,83,120],
[13,73,123],[139,378,482],[135,157,206],[85,129,392],[84,245,538],[215,501,565],[32,374,600],[151,373,547],[31,300,532],[247,263,530],
[76,244,664],[184,431,662],[43,290,340],[16,272,528],[283,399,649],[142,168,169],[155,278,648],[81,123,195],[80,122,167],[14,272,635],
[38,107,190],[173,498,631],[37,172,439],[119,363,559],[118,454,558],[6,147,392],[25,120,556],[261,298,555],[3,298,554],[152,571,646],
[41,121,645],[63,280,592],[185,199,663],[50,256,660],[18,255,658],[137,220,523],[171,453,650],[37,188,609],[57,66,88],[24,28,330],
[77,114,143],[191,422,605],[46,189,603],[185,192,589],[66,110,474],[253,370,605],[246,487,569],[23,60,469],[47,86,447],[75,76,156],
[45,143,190],[243,262,298],[93,188,226],[43,98,444],[252,474,490],[174,472,532],[56,467,504],[281,430,465],[138,223,461],[56,101,459],
[49,440,454],[81,133,222],[80,114,220],[106,173,530],[50,303,544],[83,421,507],[94,182,504],[40,329,417],[18,66,577],[72,359,438],
[100,158,657],[36,293,533],[22,227,433],[19,257,432],[127,235,425],[214,215,586],[54,203,297],[147,411,456],[279,406,552],[160,404,550],
[35,379,525],[160,400,561],[242,284,336],[18,241,495],[124,193,240],[33,306,544],[139,208,505],[48,83,232],[45,503,595],[154,287,499],
[22,102,229],[217,228,459],[177,227,374],[215,218,350],[151,173,292],[223,318,344],[31,120,430],[73,247,428],[64,215,513],[159,350,421],
[16,157,511],[2,156,495],[34,212,226],[106,134,456],[44,88,465],[52,252,514],[128,369,386],[127,230,342],[7,217,462],[64,226,227],
[102,403,463],[213,222,545],[221,223,553],[101,219,371],[44,225,316],[78,216,448],[211,220,226],[51,205,612],[51,376,471],[279,296,557],
[130,237,369],[15,162,230],[10,29,88],[531,537,596],[112,191,326],[102,324,489],[14,195,528],[50,436,439],[83,186,323],[350,401,491],
[190,461,539],[65,171,256],[31,86,441],[45,75,336],[59,76,194],[98,118,171],[176,322,332],[295,316,318],[164,255,582],[7,33,331],
[19,175,373],[27,397,449],[85,164,679],[6,168,293],[13,167,526],[125,429,480],[31,165,285],[163,247,364],[134,137,424],[93,201,202],
[42,286,341],[91,249,523],[269,308,434],[453,524,585],[152,188,212],[369,420,489],[84,209,458],[73,107,260],[49,248,521],[28,204,598],
[189,231,309],[183,197,204],[132,166,311],[53,199,246],[69,206,323],[89,240,319],[245,316,348],[208,314,497],[313,529,569],[279,312,486],
[21,218,294],[22,95,568],[94,178,290],[234,302,334],[20,518,632],[19,282,460],[39,279,562],[77,277,639],[40,276,542],[71,117,271],
[1,122,269],[27,158,268],[87,251,588],[172,250,315],[241,257,301],[4,252,629],[274,277,584],[273,276,582],[165,251,372],[291,405,576],
[219,328,572],[127,339,494],[265,300,363],[83,368,600],[238,302,484],[86,221,317],[27,219,590],[218,325,406],[181,217,466],[188,215,294],
[95,213,229],[94,211,241],[208,210,233],[150,157,209],[208,209,343],[14,323,476],[244,372,499],[391,392,471],[4,201,405],[73,307,552],
[154,199,306],[138,173,196],[11,174,627],[37,194,427],[146,235,538],[110,374,390],[309,373,389],[130,180,183],[15,50,182],[164,177,488],
[23,175,266],[17,173,438],[39,312,415],[271,361,551],[205,378,558],[62,150,285],[137,402,469],[143,224,573],[3,145,313],[7,141,510],
[140,148,508],[93,138,623],[166,227,285],[102,284,610],[42,194,327],[54,193,606],[135,189,273],[496,517,567],[93,210,580],[209,467,578],
[124,144,299],[42,126,451],[125,206,476],[337,345,404],[257,282,541],[66,320,539],[9,65,609],[212,537,571],[53,535,569],[5,134,531],
[68,132,529],[119,347,439],[118,186,346],[59,365,445],[36,116,602],[104,133,187],[114,176,238],[26,67,411],[631,637,661],[68,78,654],
[12,20,111],[107,207,272],[270,368,603],[10,248,614],[59,322,398],[97,243,345],[69,146,186],[70,210,509],[62,209,655],[65,324,420],
[75,450,500],[19,30,152],[222,298,367],[253,394,452],[64,80,282],[100,370,387],[90,180,345],[237,300,385],[41,162,263],[46,109,311],
[287,299,342],[30,148,262],[29,261,336],[47,49,55],[41,165,622],[112,242,620],[45,193,258],[57,59,320],[175,408,458],[33,251,436],
[250,323,362],[134,192,596],[8,55,232],[2,125,526],[44,134,455],[311,443,636],[179,213,449],[69,166,470],[267,406,557],[79,153,196],
[23,140,243],[147,156,194],[45,146,192],[34,380,527],[37,225,433],[103,222,512],[220,367,382],[11,108,393],[163,170,261],[179,181,503],
[22,275,555],[38,75,349],[143,352,423],[60,126,271],[26,123,184],[105,148,156],[150,289,527],[40,54,141],[4,63,184],[7,84,536],
[110,227,490],[168,359,488],[18,40,203],[22,484,490],[444,452,533],[196,221,268],[77,136,446],[38,90,428],[1,11,111],[29,87,242],
[85,177,409],[70,233,402],[52,70,384],[375,400,418],[34,150,264],[3,445,514],[40,112,640],[7,149,204],[46,166,615],[30,35,53],
[29,338,406],[72,115,585],[339,380,485],[42,82,264],[1,429,594],[317,502,612],[97,140,528],[109,275,526],[120,295,633],[430,496,617],
[186,304,549],[59,95,587],[68,72,522],[12,25,369],[118,440,549],[133,500,512],[11,46,360],[17,177,359],[108,175,358],[47,77,167],
[13,138,438],[16,97,221],[281,347,359],[212,356,409],[38,92,346],[294,339,475],[26,35,178],[119,269,338],[58,240,443],[17,65,409],
[24,408,441],[32,196,292],[4,253,508],[14,228,319],[13,407,548],[91,96,626],[6,194,446],[99,241,314],[139,306,473],[145,201,236],
[5,167,464],[106,161,198],[39,343,458],[62,99,244],[154,283,544],[58,157,414],[92,211,523],[161,308,377],[10,283,419],[78,195,416],
[4,86,97],[115,240,342],[8,63,352],[62,383,422],[9,128,420],[33,238,258],[98,100,159],[10,97,99],[91,155,465],[90,92,477],
[8,95,179],[329,333,398],[87,98,178],[28,335,470],[2,18,63],[593,598,635],[116,189,439],[52,67,184],[330,346,459],[3,321,345],
[21,28,56],[3,60,243],[92,274,330],[52,233,664],[16,79,80],[294,437,483],[34,82,537],[118,337,453],[103,298,445],[76,82,282],
[178,234,254],[84,175,395],[17,131,151],[1,183,214],[197,216,601],[8,49,130],[57,187,304],[176,344,484],[128,129,591],[135,231,514],
[60,117,242],[89,193,503],[8,89,521],[217,318,353],[158,221,283],[18,155,301],[17,87,236],[24,108,172],[84,105,157],[48,85,413],
[70,184,371],[113,364,397],[263,264,454],[72,168,473],[58,105,281],[74,223,381],[25,244,287],[66,152,203],[41,65,173],[15,55,143],
[58,101,319],[131,230,472],[42,74,417],[16,38,577],[100,170,250],[74,192,235],[71,110,550],[181,222,318],[85,356,509],[6,32,403],
[233,497,545],[31,83,553],[123,247,371],[121,142,542],[12,459,489],[86,452,502],[28,69,316],[26,61,361],[136,185,277],[37,68,216],
[88,111,214],[167,366,400],[91,239,363],[10,142,338],[96,239,324],[23,57,242],[49,90,144],[48,55,126],[60,284,574],[5,117,316],
[2,21,104],[94,223,314],[11,32,268],[25,99,386],[141,228,384],[4,36,452],[241,377,386],[105,395,465],[75,90,130],[37,197,327],
[5,122,308],[30,89,297],[2,109,219],[236,251,258],[9,58,256],[118,129,413],[1,326,422],[108,250,564],[61,213,563],[23,304,560],
[2,203,294],[6,129,337],[19,309,532],[34,362,525],[70,101,228],[120,281,319],[38,73,407],[86,226,285],[158,370,471],[15,107,436],
[39,195,368],[190,192,223],[101,256,402],[19,189,582],[20,177,236],[20,113,164],[15,48,290],[33,50,302],[71,352,405],[117,122,372],
[27,30,364],[21,131,219],[11,27,109],[35,44,148],[36,40,142],[33,149,527],[103,232,422],[14,141,368],[5,44,508],[96,104,304],
[150,226,414],[3,52,477],[21,151,289],[27,89,179],[24,92,175],[55,271,352],[29,98,170],[28,149,289],[5,161,295],[1,62,372],
[98,290,413],[19,164,364],[698,700,701],[696,700,702],[693,701,702],[691,699,701],[688,698,699],[686,697,700],[684,695,698],[680,696,697],
[678,695,700],[676,693,694],[674,694,702],[672,692,701],[670,690,696],[665,691,692],[663,690,702],[661,688,689],[660,689,699],[658,687,700],
[656,685,698],[654,683,701],[652,683,693],[650,682,691],[643,686,687],[641,684,685],[639,682,699],[637,680,681],[635,678,679],[634,681,697],
[633,679,695],[631,676,677],[629,675,702],[627,673,701],[625,671,696],[623,669,698],[621,669,688],[619,668,686],[617,667,684],[609,677,694],
[607,674,675],[605,672,673],[603,670,671],[601,668,697],[634,667,695],[598,665,666],[596,663,664],[663,666,692],[595,664,690],[593,661,662],
[591,683,699],[589,659,700],[587,657,698],[585,654,655],[583,653,693],[581,651,691],[579,649,696],[577,675,700],[575,649,680],[608,675,678],
[573,648,693],[571,647,674],[569,646,672],[567,645,670],[553,662,689],[611,660,683],[551,658,659],[549,656,657],[548,655,683],[547,652,653],
[545,650,651],[543,648,676],[541,647,694],[539,646,692],[609,645,690],[537,643,644],[535,641,642],[533,639,640],[644,654,687],[639,642,685],
[576,640,682],[531,637,638],[529,635,636],[527,695,697],[525,669,695],[524,631,632],[522,630,702],[584,628,701],[519,626,696],[517,623,624],
[515,622,688],[513,620,686],[543,618,684],[510,616,691],[508,692,702],[506,616,665],[504,615,688],[502,614,660],[500,613,658],[498,612,656],
[521,687,701],[496,611,652],[520,610,650],[478,638,681],[477,636,679],[556,633,669],[476,632,677],[474,629,630],[472,627,628],[470,625,626],
[469,624,669],[493,621,622],[467,619,620],[465,617,618],[615,625,661],[542,614,689],[461,613,687],[459,612,685],[553,610,682],[454,690,694],
[453,607,608],[452,605,606],[450,603,604],[448,601,602],[446,600,634],[606,623,673],[601,604,671],[544,602,668],[507,600,667],[444,598,599],
[442,596,597],[440,649,690],[567,593,594],[438,592,699],[590,657,700],[516,588,698],[435,585,586],[433,584,693],[432,582,691],[430,579,580],
[428,577,578],[426,576,680],[425,574,678],[423,573,599],[421,572,674],[419,570,672],[568,621,670],[417,566,686],[415,565,684],[413,685,699],
[411,566,643],[481,565,641],[409,564,680],[408,563,678],[406,562,634],[404,561,633],[402,560,676],[400,559,629],[398,558,627],[396,557,625],
[437,673,698],[394,556,621],[434,555,619],[524,554,617],[388,599,666],[372,597,664],[481,595,649],[371,594,662],[369,591,592],[367,589,590],
[365,587,588],[364,586,655],[362,583,584],[361,581,582],[360,580,649],[359,578,675],[575,576,616],[457,574,608],[358,599,648],[356,571,572],
[354,569,570],[352,567,568],[564,583,637],[563,581,635],[562,640,681],[463,561,679],[560,631,656],[347,559,675],[346,558,673],[344,557,671],
[478,555,668],[477,554,667],[339,682,689],[338,551,552],[337,549,550],[335,648,683],[366,547,561],[333,545,546],[331,544,676],[329,541,542],
[468,539,540],[327,538,609],[552,579,659],[550,577,657],[388,548,648],[541,561,653],[539,546,651],[543,544,566],[542,622,647],[464,540,646],
[412,538,645],[325,537,624],[331,535,536],[322,533,534],[475,616,682],[496,531,532],[520,529,530],[319,528,697],[407,526,695],[523,626,702],
[427,520,696],[486,517,518],[314,516,688],[313,514,686],[312,512,684],[310,510,511],[308,508,509],[307,507,665],[306,505,663],[305,504,536],
[303,503,660],[301,501,658],[299,499,656],[297,497,521],[511,575,652],[495,608,650],[294,494,609],[293,493,674],[292,492,672],[305,491,670],
[289,671,697],[494,602,677],[287,493,607],[286,492,605],[388,491,603],[285,490,665],[284,489,663],[376,595,642],[281,488,661],[279,487,591],
[277,486,589],[276,485,587],[275,484,654],[340,483,583],[272,482,581],[317,659,696],[269,481,575],[267,630,693],[480,571,588],[315,479,569],
[556,624,644],[260,536,642],[242,534,640],[241,532,638],[240,530,636],[238,527,528],[237,525,526],[236,554,632],[234,522,523],[363,521,584],
[379,519,520],[232,518,624],[252,515,516],[369,513,514],[230,512,543],[229,511,616],[228,509,692],[506,507,565],[505,600,666],[227,536,615],
[226,502,503],[463,500,501],[224,498,499],[223,497,687],[221,496,511],[219,495,520],[490,515,598],[489,513,596],[410,642,664],[488,593,686],
[217,487,683],[316,486,659],[216,485,657],[421,484,585],[213,483,653],[211,482,651],[475,573,630],[476,480,647],[388,479,646],[372,594,645],
[205,668,681],[471,667,679],[279,647,677],[203,474,475],[202,472,473],[204,470,471],[200,615,669],[493,552,647],[199,467,468],[267,465,466],
[464,531,661],[196,463,542],[357,461,462],[355,459,460],[195,458,654],[194,457,660],[192,456,553],[473,510,628],[471,508,626],[260,469,615],
[461,468,620],[459,466,618],[464,492,625],[463,574,614],[351,462,613],[350,460,612],[458,538,644],[288,457,611],[456,566,610],[190,455,694],
[188,453,580],[199,452,578],[450,451,515],[185,448,449],[332,446,447],[566,606,668],[370,565,667],[394,444,445],[434,442,443],[295,441,690],
[439,582,699],[435,436,588],[332,434,693],[381,524,691],[380,430,431],[379,428,429],[177,427,680],[175,589,678],[423,424,558],[174,422,674],
[173,420,672],[418,485,670],[393,417,618],[171,415,416],[170,413,414],[169,412,643],[168,595,641],[167,410,639],[409,451,482],[351,408,638],
[165,407,634],[163,405,633],[402,403,415],[201,401,629],[360,399,627],[286,397,625],[271,395,437],[416,506,621],[447,619,666],[393,617,652],
[158,392,553],[157,391,658],[156,412,656],[249,548,604],[390,482,652],[351,389,650],[152,388,543],[150,653,694],[148,651,692],[392,540,662],
[147,391,551],[146,412,549],[354,604,655],[390,547,556],[260,389,545],[170,387,643],[243,386,641],[145,385,639],[248,576,681],[143,384,637],
[141,383,635],[339,512,527],[139,382,525],[138,381,631],[216,380,522],[136,379,584],[231,378,519],[377,401,623],[204,376,515],[134,415,513],
[132,375,543],[180,628,691],[246,506,575],[450,592,688],[501,502,659],[187,374,500],[176,373,498],[361,454,455],[481,580,608],[578,606,607],
[198,451,604],[109,449,602],[236,447,600],[108,445,599],[107,443,597],[259,440,441],[106,438,439],[231,437,516],[106,436,586],[270,433,434],
[432,435,524],[273,431,580],[104,429,578],[383,426,427],[128,425,589],[135,424,599],[238,421,422],[237,419,420],[382,418,621],[102,566,618],
[301,416,565],[101,414,685],[411,412,491],[100,451,564],[99,563,638],[98,406,407],[97,404,405],[96,403,560],[400,401,410],[398,399,541],
[93,396,397],[92,395,673],[90,394,416],[211,434,447],[89,393,524],[387,426,537],[386,425,535],[385,419,533],[384,531,674],[383,529,672],
[318,512,695],[137,382,669],[179,380,630],[178,379,628],[378,398,626],[303,377,517],[155,376,622],[87,415,620],[172,375,618],[370,504,592],
[371,501,614],[374,556,613],[260,373,612],[364,532,611],[242,530,610],[160,646,666],[363,645,664],[139,614,662],[268,369,370],[81,367,368],
[80,365,366],[550,611,655],[82,362,363],[237,564,649],[162,563,675],[457,473,614],[259,560,648],[78,356,357],[77,354,355],[352,353,437],
[351,524,637],[350,444,635],[105,410,640],[75,463,541],[349,593,631],[347,348,546],[346,424,462],[225,344,345],[210,343,623],[74,547,633],
[72,342,478],[274,341,477],[368,417,590],[366,415,588],[413,454,582],[198,360,564],[359,478,563],[124,358,560],[347,357,572],[346,355,570],
[344,353,568],[351,391,583],[350,412,581],[410,505,562],[300,349,656],[348,349,559],[218,345,557],[343,456,606],[342,493,555],[341,492,554],
[330,340,689],[78,338,509],[77,337,655],[336,503,683],[366,403,426],[333,334,425],[70,332,676],[68,329,330],[277,431,468],[327,328,516],
[492,550,646],[239,491,645],[269,325,326],[324,331,453],[315,322,323],[159,321,682],[320,514,697],[315,442,688],[266,567,684],[253,310,311],
[270,308,309],[62,381,665],[60,522,663],[305,357,485],[59,304,660],[58,302,658],[297,298,365],[378,487,652],[296,613,650],[163,295,609],
[266,293,568],[292,568,671],[56,291,305],[104,289,290],[55,354,602],[54,288,607],[387,566,605],[141,548,603],[53,354,601],[285,334,375],
[284,349,632],[283,303,595],[281,282,579],[79,280,591],[278,358,589],[229,480,587],[275,464,662],[147,274,583],[146,273,581],[268,271,317],
[131,270,590],[291,411,575],[267,268,395],[328,571,644],[569,597,642],[91,265,478],[49,264,477],[71,341,476],[48,300,629],[195,263,627],
[47,288,625],[116,469,546],[287,375,621],[262,349,619],[261,423,617],[260,317,625],[140,622,689],[49,620,687],[48,618,685],[265,462,638],
[264,460,636],[341,348,632],[299,300,474],[42,263,472],[206,288,470],[224,546,624],[198,262,467],[261,465,478],[205,418,454],[104,324,607],
[238,259,605],[111,258,603],[257,385,601],[41,320,634],[280,544,677],[483,507,666],[56,256,598],[74,255,596],[39,254,440],[38,266,593],
[253,438,461],[37,270,657],[185,435,516],[168,252,585],[103,312,433],[367,418,432],[251,570,579],[250,280,577],[82,249,426],[248,425,455],
[247,501,573],[115,305,421],[43,419,579],[246,315,621],[64,590,686],[152,588,684],[133,411,543],[114,481,506],[366,528,680],[333,526,678],
[401,406,630],[399,404,628],[455,535,676],[132,245,400],[113,244,398],[61,243,396],[230,339,340],[509,552,665],[200,335,336],[124,403,561],
[334,451,546],[255,331,332],[24,330,542],[179,431,540],[328,371,538],[23,326,624],[22,324,536],[69,323,534],[169,321,475],[240,319,320],
[318,348,407],[103,317,427],[316,348,518],[314,315,497],[313,529,593],[312,486,567],[133,311,511],[285,309,509],[307,381,560],[33,306,522],
[81,357,536],[303,304,308],[259,301,302],[170,298,497],[254,487,575],[296,559,608],[21,294,295],[22,493,568],[257,492,671],[201,291,491],
[94,290,671],[354,458,494],[287,288,390],[286,389,566],[302,334,490],[20,489,632],[88,283,376],[19,282,488],[279,280,562],[277,278,639],
[276,480,542],[184,484,662],[43,274,340],[16,272,273],[117,271,659],[122,269,291],[27,268,630],[87,328,588],[172,315,597],[181,418,690],
[259,307,452],[258,306,450],[257,301,448],[299,320,446],[256,444,660],[255,442,658],[254,399,649],[63,253,592],[252,435,629],[277,312,584],
[276,418,582],[165,251,430],[163,250,428],[249,405,576],[46,248,574],[163,247,423],[219,305,572],[57,246,568],[239,409,528],[408,440,526],
[241,401,562],[240,399,561],[110,402,455],[245,481,559],[244,558,607],[198,243,557],[232,445,556],[109,443,555],[51,613,644],[51,612,642],
[231,610,640],[39,562,638],[400,561,636],[238,239,395],[130,237,440],[127,494,632],[234,235,334],[233,265,363],[35,379,535],[36,231,252],
[474,490,616],[420,489,692],[368,562,600],[169,488,615],[93,226,462],[197,225,463],[224,325,448],[302,484,687],[221,222,317],[219,220,590],
[423,567,598],[218,325,596],[217,234,466],[216,357,424],[188,215,585],[95,213,214],[94,211,212],[208,210,579],[157,209,577],[208,343,573],
[14,207,476],[13,206,388],[372,392,499],[236,494,570],[235,293,523],[233,292,521],[305,520,535],[289,514,591],[229,451,490],[228,476,489],
[64,227,488],[217,462,503],[225,316,501],[216,448,499],[223,484,553],[213,222,511],[211,220,495],[263,423,515],[218,288,513],[234,313,487],
[215,421,507],[214,215,483],[154,212,482],[210,342,552],[209,341,550],[207,208,475],[207,480,616],[206,457,479],[391,392,594],[498,534,681],
[197,204,679],[396,449,677],[203,333,497],[93,202,414],[201,405,669],[282,307,552],[199,202,306],[198,267,583],[58,442,661],[138,196,197],
[136,311,355],[11,627,654],[194,427,495],[192,193,589],[391,471,613],[412,612,644],[235,494,538],[110,390,611],[309,389,610],[191,422,694],
[152,188,189],[187,199,246],[185,186,187],[176,184,332],[180,183,668],[50,182,667],[187,435,680],[176,322,678],[310,496,670],[119,172,393],
[118,171,449],[164,488,643],[23,266,641],[17,438,639],[378,482,546],[136,166,634],[164,255,633],[312,415,468],[15,162,629],[14,161,627],
[239,271,551],[160,559,619],[378,558,617],[159,421,553],[157,511,653],[156,495,651],[155,165,548],[53,153,351],[154,287,543],[150,151,285],
[148,149,364],[21,224,540],[324,493,551],[259,492,549],[402,469,545],[143,224,539],[170,202,246],[145,313,594],[144,163,576],[143,321,573],
[141,142,510],[140,148,527],[275,336,525],[138,183,623],[137,469,522],[166,227,584],[102,519,610],[350,401,636],[42,327,515],[135,206,513],
[130,131,180],[220,365,523],[153,286,506],[130,270,450],[193,502,606],[500,586,604],[135,189,388],[79,129,372],[127,210,587],[153,507,583],
[218,390,581],[121,360,468],[181,359,466],[288,557,608],[112,357,358],[144,464,571],[126,313,569],[125,517,567],[180,478,581],[85,574,679],
[124,437,656],[79,572,675],[294,570,673],[129,345,597],[234,538,594],[6,128,367],[127,235,365],[149,214,586],[83,362,507],[123,361,390],
[93,468,580],[466,467,578],[43,357,599],[124,144,356],[126,354,451],[125,352,476],[160,296,339],[200,361,551],[169,308,549],[127,230,335],
[123,373,547],[122,214,545],[331,337,404],[145,257,541],[121,320,539],[9,191,609],[182,212,537],[53,120,535],[174,293,533],[5,310,531],
[68,427,529],[119,319,347],[118,346,407],[59,365,626],[128,426,517],[96,314,519],[296,312,363],[117,499,510],[140,304,508],[36,116,307],
[280,306,592],[115,399,504],[125,303,351],[224,301,573],[7,299,510],[166,248,521],[133,187,575],[114,176,608],[159,523,674],[10,521,672],
[394,520,670],[26,388,411],[199,441,663],[278,376,590],[340,637,661],[254,279,396],[67,113,277],[112,276,326],[78,336,654],[12,111,340],
[272,278,409],[205,382,498],[475,497,643],[414,473,641],[162,200,201],[64,282,647],[202,403,468],[198,334,466],[174,442,531],[63,311,460],
[241,457,495],[193,240,456],[107,190,191],[46,189,580],[177,187,578],[186,323,449],[26,184,447],[54,183,606],[182,370,387],[181,295,540],
[24,436,480],[267,276,332],[96,180,381],[178,234,429],[175,176,395],[173,529,631],[380,485,496],[397,416,449],[243,298,414],[168,266,488],
[5,167,438],[165,166,297],[163,164,170],[161,169,360],[207,382,506],[30,158,159],[145,391,653],[121,412,651],[63,155,249],[154,390,419],
[79,153,389],[30,152,154],[17,151,653],[24,149,651],[224,343,392],[147,262,493],[146,261,492],[162,202,387],[161,198,386],[1,385,594],
[111,144,248],[3,321,384],[103,142,383],[140,339,494],[139,275,505],[1,183,381],[137,216,601],[377,443,636],[7,204,327],[44,134,135],
[78,132,133],[87,131,628],[29,153,246],[8,130,592],[193,251,659],[57,187,586],[176,344,534],[249,296,682],[169,200,338],[168,169,337],
[230,278,648],[123,195,366],[122,167,333],[283,404,544],[145,201,329],[191,286,327],[182,325,634],[120,331,633],[174,322,627],[97,119,528],
[109,118,526],[128,486,591],[136,516,519],[231,487,514],[296,500,512],[60,117,310],[116,507,572],[108,280,505],[89,351,503],[20,114,495],
[284,335,441],[107,278,642],[25,281,340],[113,486,665],[112,485,611],[111,124,483],[273,326,481],[179,323,479],[110,271,361],[205,558,606],
[296,557,604],[103,555,602],[367,554,600],[208,505,599],[80,259,335],[106,147,198],[105,135,231],[15,435,637],[369,386,565],[300,385,685],
[233,505,664],[54,384,564],[383,387,563],[43,98,348],[16,97,424],[76,95,410],[94,190,541],[93,188,329],[161,377,673],[90,91,180],
[178,211,523],[89,119,521],[496,517,537],[154,199,533],[318,353,472],[106,137,604],[398,518,546],[221,283,517],[18,88,155],[17,87,171],
[24,86,172],[84,157,510],[48,85,508],[84,209,504],[70,245,371],[83,120,556],[73,123,260],[265,364,397],[242,264,620],[147,194,439],
[105,156,437],[434,450,482],[150,422,527],[148,420,525],[102,387,403],[301,334,386],[101,371,385],[100,159,384],[10,99,383],[137,405,424],
[95,179,401],[94,178,399],[329,397,398],[92,377,477],[91,155,416],[87,178,447],[127,305,425],[174,472,512],[106,173,382],[47,86,375],
[157,206,473],[85,392,471],[84,245,370],[245,501,565],[83,374,600],[265,300,532],[263,264,530],[76,82,664],[272,431,662],[43,81,290],
[16,80,528],[283,419,649],[142,168,473],[155,301,648],[78,81,195],[77,80,167],[14,322,635],[76,105,281],[38,75,190],[37,172,225],
[95,587,623],[74,381,393],[72,73,522],[71,274,584],[300,363,559],[263,454,558],[147,392,456],[25,287,556],[262,298,555],[261,298,554],
[186,304,689],[77,113,114],[132,529,676],[68,69,132],[61,99,516],[66,152,646],[41,65,645],[61,185,663],[171,394,650],[37,250,609],
[57,66,266],[28,56,330],[55,77,143],[52,384,607],[383,422,605],[46,310,603],[101,319,601],[375,418,466],[52,252,595],[355,519,579],
[28,335,591],[70,100,587],[110,268,474],[131,309,472],[370,395,605],[51,571,646],[51,487,569],[50,303,477],[64,476,513],[195,416,622],
[47,447,620],[46,60,469],[75,156,349],[45,143,423],[140,243,262],[44,48,232],[30,460,467],[457,472,532],[200,391,470],[360,467,504],
[281,359,465],[93,138,461],[56,459,467],[49,248,454],[81,104,133],[80,114,238],[174,385,532],[41,173,530],[303,389,544],[56,182,504],
[40,74,417],[38,66,577],[347,359,438],[100,250,657],[36,168,293],[22,433,555],[257,432,554],[218,570,597],[6,194,426],[192,235,425],
[215,501,586],[83,232,421],[81,123,419],[64,80,220],[152,203,297],[119,439,551],[147,156,411],[45,146,481],[73,406,552],[71,404,550],
[81,222,260],[34,242,336],[139,208,519],[45,515,595],[215,513,565],[102,229,355],[217,228,353],[227,374,462],[215,350,502],[32,174,500],
[151,173,498],[222,223,318],[31,430,496],[247,428,520],[158,499,657],[34,212,534],[106,456,530],[7,33,234],[139,379,473],[44,88,518],
[230,287,342],[16,355,511],[353,356,509],[7,462,536],[64,215,226],[32,403,463],[151,224,334],[222,497,545],[31,221,553],[219,247,371],
[51,160,205],[51,378,471],[51,279,296],[237,369,474],[162,230,472],[54,297,470],[29,88,465],[531,537,571],[41,121,542],[112,191,461],
[102,459,489],[140,195,528],[50,439,660],[83,186,553],[66,190,539],[65,171,453],[86,441,452],[45,75,450],[432,448,510],[59,194,446],
[98,171,444],[322,332,442],[28,295,316],[255,551,582],[33,331,430],[307,362,428],[177,227,433],[19,175,432],[160,485,550],[27,397,417],
[85,164,413],[121,142,169],[6,168,181],[167,275,526],[125,408,480],[31,165,349],[134,137,402],[93,201,623],[42,286,417],[61,437,483],
[113,397,506],[26,61,666],[269,434,652],[18,577,658],[137,249,523],[453,524,650],[209,458,655],[107,260,286],[77,321,639],[498,631,637],
[204,598,635],[139,207,272],[396,631,661],[67,216,244],[136,191,326],[116,189,231],[183,204,214],[132,166,285],[290,368,603],[79,162,335],
[10,142,614],[80,282,355],[124,202,353],[59,322,444],[97,172,345],[108,393,547],[73,107,342],[69,186,330],[70,132,509],[62,113,655],
[67,184,431],[25,99,328],[66,110,550],[65,239,324],[159,249,460],[442,450,500],[19,152,266],[60,61,271],[220,298,367],[253,394,613],
[274,291,330],[111,290,429],[141,310,384],[53,89,319],[52,104,303],[54,193,358],[100,229,387],[254,411,456],[49,50,55],[64,71,122],
[41,263,622],[112,288,620],[46,109,116],[47,287,299],[148,156,262],[45,261,336],[47,55,317],[165,262,622],[44,225,618],[93,210,265],
[209,264,467],[43,208,341],[144,299,616],[42,126,457],[125,206,391],[205,248,614],[81,324,420],[124,193,258],[19,257,532],[57,320,530],
[280,373,389],[65,182,256],[40,255,276],[39,408,458],[347,461,539],[251,436,597],[250,323,677],[42,82,194],[134,192,455],[247,530,586],
[8,115,232],[315,333,375],[251,297,588],[2,133,156],[45,114,258],[2,203,526],[73,247,630],[71,117,628],[35,44,455],[132,311,636],
[20,113,518],[61,213,449],[160,404,668],[116,378,667],[51,376,647],[54,203,237],[54,141,204],[166,470,615],[30,53,199],[29,267,406],
[41,79,196],[23,140,458],[146,186,192],[66,88,455],[65,188,609],[185,432,589],[59,332,587],[24,28,441],[33,380,527],[362,379,525],
[37,427,433],[103,422,512],[367,382,420],[160,400,418],[11,27,393],[181,503,595],[22,275,410],[38,349,407],[352,405,423],[1,269,393],
[145,200,321],[69,166,681],[114,143,498],[26,138,396],[67,380,643],[326,379,641],[64,214,376],[186,346,374],[63,184,373],[25,131,230],
[279,486,552],[35,200,525],[160,483,561],[96,479,540],[343,458,624],[84,410,536],[124,240,299],[42,348,451],[55,103,232],[28,486,598],
[238,258,491],[110,256,490],[255,324,489],[18,40,562],[252,484,490],[43,444,533],[16,196,221],[172,436,439],[181,222,367],[430,453,617],
[394,428,452],[78,416,448],[47,77,446],[276,429,466],[155,430,465],[90,144,428],[4,63,405],[11,46,111],[56,101,219],[29,57,242],
[48,126,417],[39,195,415],[150,289,413],[85,126,409],[241,314,479],[58,240,254],[32,233,402],[135,232,273],[109,129,572],[42,74,318],
[49,302,440],[257,259,282],[201,202,258],[94,241,257],[50,256,302],[18,20,255],[283,399,518],[18,63,280],[17,131,278],[4,184,252],
[274,277,533],[196,273,276],[117,251,372],[71,291,405],[27,247,364],[131,219,328],[139,306,482],[48,83,368],[150,264,454],[126,239,479],
[401,479,491],[32,110,374],[146,245,538],[52,244,664],[135,445,514],[128,129,443],[36,40,640],[134,424,638],[115,518,632],[7,149,265],
[40,141,368],[46,360,615],[35,53,197],[325,338,406],[185,192,596],[68,72,585],[57,59,95],[94,223,344],[225,433,573],[13,72,438],
[127,339,485],[265,299,342],[42,264,341],[207,286,341],[144,429,480],[125,429,594],[67,164,679],[26,67,197],[12,68,654],[12,20,427],
[12,317,612],[36,74,235],[9,256,611],[31,284,610],[56,269,619],[62,383,548],[21,56,325],[304,549,560],[171,213,545],[228,319,539],
[246,353,487],[9,128,576],[34,525,527],[25,130,369],[270,440,549],[205,502,612],[41,165,372],[10,371,419],[291,425,576],[210,574,580],
[9,163,364],[153,328,572],[11,108,360],[17,213,359],[23,175,358],[47,167,464],[313,329,417],[13,138,517],[8,273,292],[90,345,356],
[365,445,547],[237,300,362],[162,263,361],[43,281,347],[356,358,409],[229,354,408],[143,228,352],[16,38,346],[212,344,356],[294,339,483],
[26,35,361],[269,308,338],[7,331,446],[59,320,445],[9,58,443],[163,261,464],[65,212,409],[53,408,441],[32,292,293],[5,253,508],
[217,407,548],[96,304,626],[121,312,645],[154,499,534],[74,82,307],[72,306,473],[161,294,475],[35,159,178],[10,119,338],[66,320,474],
[158,376,471],[4,201,236],[106,161,207],[39,343,433],[84,400,432],[13,426,548],[16,135,157],[350,421,491],[22,102,225],[101,137,220],
[100,245,348],[99,244,424],[218,350,406],[59,76,398],[58,396,414],[91,92,523],[3,310,394],[308,377,434],[115,524,585],[91,397,626],
[4,86,447],[240,342,443],[5,106,134],[107,207,436],[39,270,368],[366,400,435],[8,63,431],[220,226,414],[98,159,350],[10,97,283],
[6,403,540],[76,282,541],[91,395,465],[3,90,477],[211,241,377],[89,115,240],[139,205,378],[335,365,470],[2,63,352],[444,452,502],
[9,112,640],[102,284,463],[593,598,619],[116,347,439],[22,344,484],[85,210,509],[295,318,633],[69,146,478],[52,67,477],[12,330,459],
[29,336,338],[321,337,345],[34,179,503],[13,167,366],[291,329,333],[136,327,446],[252,474,514],[62,99,314],[3,60,313],[92,274,293],
[52,233,289],[50,116,602],[40,54,112],[7,141,217],[16,79,577],[261,275,555],[6,147,293],[146,235,292],[67,274,411],[176,267,557],
[12,25,644],[4,508,629],[496,567,617],[183,197,601],[82,537,596],[39,134,456],[272,593,635],[37,189,439],[337,453,585],[103,121,445],
[82,282,460],[170,250,315],[115,127,342],[151,235,547],[149,233,545],[35,225,321],[142,338,448],[136,185,325],[37,68,188],[57,88,214],
[69,72,206],[191,311,443],[11,12,268],[253,370,471],[4,36,494],[31,309,532],[180,345,404],[322,333,398],[119,239,363],[119,269,559],
[118,453,558],[62,165,285],[153,197,327],[151,309,373],[171,256,402],[95,130,183],[73,307,469],[71,110,227],[96,102,324],[10,29,328],
[127,284,574],[9,105,148],[374,390,570],[24,108,121],[179,181,213],[23,112,242],[47,49,144],[13,125,526],[153,196,267],[21,180,218],
[60,126,574],[8,95,568],[85,129,356],[7,84,538],[6,32,600],[31,83,300],[123,247,263],[6,337,446],[3,145,554],[31,120,441],
[217,346,459],[117,316,534],[72,115,592],[2,104,125],[13,26,123],[27,158,590],[15,290,340],[1,326,429],[155,278,431],[250,362,564],
[61,361,563],[75,78,90],[2,294,437],[75,284,336],[85,177,343],[68,313,522],[223,314,381],[234,254,302],[5,295,464],[92,175,266],
[183,237,385],[41,162,182],[38,107,272],[191,253,605],[189,270,603],[10,88,248],[529,535,569],[69,245,316],[97,99,243],[114,220,382],
[26,178,254],[339,380,475],[19,373,460],[209,343,578],[33,149,436],[21,96,104],[34,380,537],[122,308,389],[25,120,386],[11,32,505],
[128,377,386],[44,105,465],[316,318,344],[91,249,363],[231,309,353],[108,175,373],[30,262,297],[2,109,311],[20,236,258],[177,236,374],
[151,289,292],[15,107,230],[79,80,122],[154,158,283],[17,145,236],[120,161,295],[1,11,174],[4,97,140],[11,109,275],[75,133,500],
[87,117,242],[89,193,297],[167,375,400],[129,413,591],[25,76,244],[232,326,422],[34,323,362],[36,142,602],[108,358,564],[213,229,563],
[23,469,560],[75,76,130],[15,143,190],[188,203,294],[24,92,211],[94,314,504],[14,120,319],[13,73,407],[6,129,392],[152,212,571],
[53,246,569],[188,212,226],[190,223,461],[101,228,459],[118,440,454],[133,222,512],[33,50,544],[279,406,557],[60,242,284],[18,241,301],
[154,306,544],[45,193,503],[22,95,229],[173,196,292],[120,281,430],[38,73,428],[128,369,420],[226,227,285],[138,221,223],[5,44,316],
[68,78,216],[86,211,226],[134,531,596],[14,195,368],[15,50,436],[14,83,323],[31,86,285],[76,156,194],[98,118,413],[19,164,582],
[100,158,370],[18,66,203],[12,369,489],[208,209,314],[39,279,312],[215,218,294],[77,136,277],[14,272,528],[189,273,582],[206,323,476],
[208,233,497],[98,178,290],[40,142,542],[71,271,352],[1,122,372],[158,221,268],[87,236,251],[108,172,250],[33,238,302],[86,97,221],
[27,109,219],[181,217,318],[150,157,414],[62,244,372],[37,194,327],[20,164,177],[17,65,173],[244,287,499],[62,150,209],[44,148,508],
[36,452,533],[8,49,521],[104,187,304],[176,238,484],[15,94,182],[40,203,329],[185,199,277],[20,88,111],[3,298,445],[23,60,243],
[45,190,192],[72,168,359],[22,227,490],[2,18,495],[34,150,226],[3,52,514],[27,179,449],[84,175,458],[28,149,204],[19,189,309],
[46,166,311],[86,317,502],[70,210,233],[138,173,438],[177,359,488],[9,65,420],[118,186,549],[3,243,345],[19,30,364],[103,222,298],
[4,253,452],[29,170,261],[33,251,258],[8,55,352],[55,126,271],[123,184,371],[28,69,470],[30,35,148],[24,175,408],[149,289,527],
[17,177,409],[70,101,402],[70,228,384],[34,82,264],[92,330,346],[58,105,157],[5,161,308],[98,100,170],[38,90,92],[8,89,179],
[29,87,98],[52,70,184],[21,28,289],[91,96,239],[1,111,214],[37,197,216],[84,105,395],[21,131,151],[49,90,130],[23,57,304],
[48,290,413],[113,164,364],[74,192,223],[15,48,55],[1,62,422],[58,101,256],[32,196,268],[14,141,228],[99,241,386],[118,129,337],
[58,281,319],[5,117,122],[2,21,219],[27,30,89]];
###############################################################

