#SurfaceInfo: 672 Vertices, 10752 Edges, 7168 Faces, IsOrientable=true
Vertices of faces:
 vof1:=[[670,671,672],[669,670,671],[668,670,672],[667,671,672],[665,666,670],[664,666,671],[664,665,672],[661,662,66\
3],[658,659,660],[655,656,657],
[652,653,654],[649,650,651],[647,648,650],[646,647,649],[643,644,645],[641,642,644],[640,641,643],[639,658,659],[638,\
659,660],[637,658,660],
[661,662,669],[662,663,667],[661,663,668],[634,635,636],[631,632,633],[628,629,630],[625,626,627],[622,623,624],[619,\
620,621],[618,665,666],
[617,664,665],[616,664,666],[613,614,615],[610,611,612],[607,608,609],[606,648,661],[605,648,663],[604,646,663],[603,\
651,662],[602,651,661],
[601,646,662],[598,599,600],[596,597,600],[595,597,599],[592,593,594],[589,590,591],[586,587,588],[583,584,585],[580,\
581,582],[577,578,579],
[574,575,576],[571,572,573],[568,569,570],[643,644,664],[641,643,665],[641,644,666],[565,566,567],[562,563,564],[559,\
560,561],[556,557,558],
[553,554,555],[550,551,552],[603,666,671],[604,664,672],[605,665,672],[601,664,671],[606,665,670],[602,666,670],[549,\
569,660],[548,576,659],
[547,573,658],[546,572,658],[545,575,659],[544,570,660],[541,542,543],[538,539,540],[535,536,537],[532,533,534],[529,\
530,531],[526,527,528],
[523,524,525],[520,521,522],[517,518,519],[514,515,516],[511,512,513],[508,509,510],[505,506,507],[502,503,504],[499,\
500,501],[646,648,663],
[646,651,662],[648,651,661],[496,497,498],[494,495,497],[492,493,496],[490,491,498],[488,489,497],[486,487,496],[484,\
485,498],[496,497,639],
[497,498,638],[496,498,637],[494,497,639],[490,498,638],[492,496,639],[484,498,637],[486,496,637],[488,497,638],[481,\
482,483],[478,479,480],
[475,476,477],[472,473,474],[469,470,471],[466,467,468],[465,486,637],[464,494,639],[463,490,638],[462,488,638],[461,\
484,637],[460,492,639],
[457,458,459],[454,455,456],[451,452,453],[448,449,450],[445,446,447],[442,443,444],[441,454,455],[440,451,452],[439,\
445,446],[438,442,443],
[437,457,458],[436,448,449],[440,451,468],[439,445,474],[441,454,483],[436,448,477],[437,457,480],[438,442,471],[435,\
440,468],[434,436,477],
[433,439,474],[432,441,483],[431,438,471],[430,437,480],[429,430,437],[428,431,438],[427,433,439],[426,435,440],[425,\
432,441],[424,434,436],
[422,423,492],[420,421,490],[418,419,486],[416,417,488],[414,415,494],[412,413,484],[410,411,431],[409,410,430],[407,\
408,432],[405,406,433],
[404,405,434],[403,407,435],[414,425,432],[412,426,435],[422,424,434],[416,428,431],[418,429,430],[420,427,433],[420,\
490,660],[416,488,659],
[422,492,658],[414,494,659],[412,484,660],[418,486,658],[405,422,434],[410,418,430],[407,414,432],[405,420,433],[407,\
412,435],[410,416,431],
[401,402,664],[399,400,664],[398,401,666],[396,397,665],[395,396,666],[394,399,665],[407,414,659],[410,416,659],[405,\
420,660],[407,412,660],
[410,418,658],[405,422,658],[399,401,664],[396,399,665],[396,401,666],[407,410,659],[405,410,658],[405,407,660],[392,\
393,433],[390,391,430],
[391,393,431],[388,389,432],[389,392,434],[388,390,435],[391,392,393],[388,389,392],[388,390,391],[497,522,609],[496,\
519,615],[498,525,611],
[498,524,612],[497,521,608],[496,518,614],[387,422,542],[386,418,539],[385,414,530],[384,420,533],[383,412,527],[382,\
416,536],[386,496,615],
[384,498,612],[382,497,609],[385,497,608],[387,496,614],[383,498,611],[384,420,498],[382,416,497],[387,422,496],[386,\
418,496],[385,414,497],
[383,412,498],[391,392,496],[388,391,497],[388,392,498],[379,380,381],[376,377,378],[373,374,375],[370,371,372],[367,\
368,369],[364,365,366],
[362,363,515],[360,361,503],[358,359,509],[356,357,500],[354,355,506],[352,353,512],[444,524,590],[459,525,593],[447,\
522,589],[456,518,587],
[453,519,592],[450,521,586],[351,459,473],[350,456,479],[349,453,476],[348,450,470],[347,447,482],[346,444,467],[345,\
401,581],[344,399,578],
[343,396,584],[342,401,580],[341,399,577],[340,396,583],[392,420,498],[391,418,496],[392,422,496],[388,414,497],[388,\
412,498],[391,416,497],
[339,399,401],[338,396,401],[337,396,399],[389,405,407],[390,407,410],[393,405,410],[336,488,546],[335,490,547],[334,\
484,548],[333,494,549],
[332,486,545],[331,492,544],[329,330,561],[327,328,552],[325,326,564],[323,324,558],[321,322,567],[319,320,555],[393,\
405,473],[390,407,467],
[390,410,479],[389,407,482],[393,410,470],[389,405,476],[331,379,380],[334,376,377],[333,373,374],[335,367,368],[332,\
364,365],[336,370,371],
[318,360,361],[317,352,353],[316,354,355],[315,356,357],[314,362,363],[313,358,359],[339,344,399],[339,345,401],[337,\
340,396],[338,343,396],
[337,341,399],[338,342,401],[388,414,482],[391,418,479],[391,416,470],[392,420,473],[388,412,467],[392,422,476],[459,\
473,593],[450,470,586],
[447,482,589],[444,467,590],[456,479,587],[453,476,592],[460,481,482],[461,478,479],[464,475,476],[462,472,473],[465,\
466,467],[463,469,470],
[369,464,639],[366,463,638],[372,461,637],[381,462,638],[378,460,639],[375,465,637],[312,472,518],[311,478,522],[310,\
481,525],[311,466,521],
[312,469,519],[310,475,524],[309,426,566],[308,424,563],[307,429,551],[306,425,554],[305,427,557],[304,428,560],[465,\
466,535],[460,481,532],
[461,478,529],[464,475,526],[462,472,538],[463,469,541],[315,366,638],[317,372,637],[318,375,637],[316,369,639],[314,\
378,639],[313,381,638],
[366,463,610],[378,460,613],[372,461,610],[381,462,607],[375,465,613],[369,464,607],[318,360,525],[315,356,522],[317,\
352,519],[316,354,518],
[313,358,524],[314,362,521],[414,460,482],[418,461,479],[420,462,473],[412,465,467],[416,463,470],[422,464,476],[303,\
337,341],[302,339,344],
[301,339,345],[300,338,342],[299,337,340],[298,338,343],[327,328,659],[325,326,660],[323,324,658],[321,322,659],[319,\
320,660],[329,330,658],
[405,473,593],[410,470,586],[407,482,589],[410,479,587],[405,476,592],[407,467,590],[334,376,548],[335,367,547],[333,\
373,549],[331,379,544],
[336,370,546],[332,364,545],[297,310,311],[296,311,312],[295,310,312],[617,646,648],[618,648,651],[616,646,651],[490,\
586,660],[486,590,658],
[492,589,658],[484,587,660],[494,592,659],[488,593,659],[497,522,548],[496,519,547],[498,524,549],[498,525,544],[496,\
518,546],[497,521,545],
[338,494,549],[337,490,547],[338,484,548],[337,492,544],[339,488,546],[339,486,545],[329,522,561],[327,519,552],[321,\
525,567],[323,524,558],
[319,521,555],[325,518,564],[293,294,465],[291,292,462],[289,290,461],[287,288,463],[285,286,464],[283,284,460],[282,\
287,426],[281,285,428],
[280,291,425],[279,293,424],[278,289,427],[277,283,429],[275,276,527],[273,274,533],[271,272,530],[269,270,536],[267,\
268,542],[265,266,539],
[264,323,516],[263,327,510],[262,321,507],[261,325,501],[260,329,504],[259,319,513],[258,364,620],[257,373,626],[256,\
379,632],[255,376,629],
[254,370,635],[253,367,623],[297,534,633],[295,528,627],[297,537,621],[295,540,636],[296,531,630],[296,543,624],[252,\
337,547],[251,337,544],
[250,339,546],[249,338,549],[248,338,548],[247,339,545],[522,548,561],[521,545,555],[519,547,552],[524,549,558],[518,\
546,564],[525,544,567],
[246,490,586],[245,486,590],[244,492,589],[243,484,587],[242,488,593],[241,494,592],[240,617,648],[239,617,646],[238,\
616,646],[237,618,648],
[236,616,651],[235,618,651],[298,317,372],[300,316,369],[299,315,366],[302,318,375],[301,313,381],[303,314,378],[234,\
366,610],[233,381,607],
[232,369,607],[231,378,613],[230,375,613],[229,372,610],[376,497,548],[367,496,547],[379,498,544],[373,498,549],[364,\
497,545],[370,496,546],
[405,576,593],[410,570,587],[407,572,589],[410,569,586],[407,573,590],[405,575,592],[325,586,660],[319,587,660],[321,\
592,659],[323,589,658],
[327,593,659],[329,590,658],[301,339,486],[303,337,490],[300,338,484],[299,337,492],[298,338,494],[302,339,488],[228,\
414,460],[227,418,461],
[226,420,462],[225,412,465],[224,422,464],[223,416,463],[321,360,525],[329,356,522],[327,352,519],[323,358,524],[325,\
354,518],[319,362,521],
[222,460,532],[221,465,535],[220,461,529],[219,463,541],[218,464,526],[217,462,538],[222,306,425],[221,309,426],[218,\
308,424],[220,307,429],
[219,304,428],[217,305,427],[295,312,472],[297,311,466],[297,310,481],[296,312,469],[295,310,475],[296,311,478],[329,\
495,506],[323,485,512],
[319,489,509],[325,487,503],[321,491,500],[327,493,515],[215,216,231],[213,214,233],[211,212,234],[209,210,232],[207,\
208,229],[205,206,230],
[231,234,649],[230,233,650],[229,232,647],[204,514,515],[203,502,503],[202,511,512],[201,499,500],[200,508,509],[199,\
505,506],[197,198,401],
[195,196,396],[193,194,399],[244,327,437],[245,325,436],[241,329,438],[246,321,440],[243,323,439],[242,319,441],[276,\
355,454],[272,353,451],
[266,359,442],[274,363,448],[268,357,445],[270,361,457],[197,581,665],[196,583,664],[194,577,666],[193,578,666],[198,\
580,665],[195,584,664],
[192,214,536],[191,212,533],[190,208,527],[189,210,530],[188,206,539],[187,216,542],[186,514,516],[185,511,513],[184,\
508,510],[183,505,507],
[182,499,501],[181,502,504],[235,603,666],[236,602,666],[240,606,665],[238,604,664],[237,605,665],[239,601,664],[180,\
201,349],[179,200,350],
[178,202,347],[177,203,348],[176,199,346],[175,204,351],[546,572,582],[545,575,579],[549,569,582],[548,576,585],[544,\
570,579],[547,573,585],
[174,524,582],[173,525,579],[172,522,585],[171,518,582],[170,521,579],[169,519,585],[166,167,168],[163,164,165],[160,\
161,162],[157,158,159],
[154,155,156],[151,152,153],[150,164,494],[149,161,488],[148,155,490],[147,158,484],[146,167,492],[145,152,486],[344,\
526,527],[342,541,542],
[340,535,536],[345,532,533],[341,529,530],[343,538,539],[144,264,288],[143,260,292],[142,262,290],[141,259,286],[140,\
263,294],[139,261,284],
[137,138,651],[136,137,646],[136,138,648],[135,562,656],[134,556,653],[133,553,652],[132,559,655],[131,565,657],[130,\
550,654],[345,523,524],
[344,523,525],[341,520,521],[342,517,518],[343,517,519],[340,520,522],[129,475,477],[128,481,483],[127,472,474],[126,\
466,468],[125,469,471],
[124,478,480],[323,407,408],[319,409,410],[321,404,405],[327,405,406],[329,403,407],[325,410,411],[215,401,402],[211,\
398,401],[209,399,400],
[205,396,397],[213,395,396],[207,394,399],[383,437,527],[384,438,533],[385,436,530],[382,439,536],[387,441,542],[386,\
440,539],[168,386,615],
[159,384,612],[165,382,609],[162,385,608],[156,383,611],[153,387,614],[379,381,419],[376,378,421],[373,375,417],[370,\
372,415],[364,366,423],
[367,369,413],[129,377,378],[128,368,369],[127,365,366],[125,380,381],[124,374,375],[126,371,372],[155,350,456],[164,\
351,459],[158,348,450],
[167,346,444],[161,349,453],[152,347,447],[280,344,578],[277,340,583],[282,341,577],[278,342,580],[281,343,584],[279,\
345,581],[124,397,437],
[129,402,436],[125,395,438],[126,394,440],[127,398,439],[128,400,441],[123,188,327],[122,192,329],[121,191,323],[120,\
190,321],[119,187,325],
[118,189,319],[153,196,268],[165,193,270],[156,198,276],[168,197,266],[162,195,272],[159,194,274],[286,381,404],[294,\
378,403],[284,375,408],
[288,372,411],[290,366,409],[292,369,406],[207,288,612],[209,292,609],[213,286,608],[211,290,611],[215,294,615],[205,\
284,614],[116,117,606],
[114,115,605],[112,113,603],[110,111,602],[108,109,604],[106,107,601],[336,473,532],[335,470,535],[331,482,529],[334,\
479,538],[333,476,541],
[332,467,526],[274,600,612],[266,599,615],[268,599,614],[270,597,609],[276,600,611],[272,597,608],[105,111,277],[104,\
117,281],[103,115,280],
[102,113,279],[101,109,282],[100,107,278],[190,216,280],[192,208,277],[189,206,282],[191,210,279],[188,212,281],[187,\
214,278],[99,478,606],
[98,466,605],[97,481,604],[96,472,603],[95,469,602],[94,475,601],[93,107,662],[92,111,661],[91,109,663],[90,113,662],\
[89,117,661],
[88,115,663],[87,113,335],[86,111,336],[85,117,332],[84,107,331],[83,115,334],[82,109,333],[81,250,486],[80,248,494],\
[79,247,488],
[81,249,484],[80,252,492],[79,251,490],[96,171,361],[95,169,363],[98,170,359],[94,174,353],[99,172,355],[97,173,357],\
[181,218,390],
[183,219,389],[186,220,389],[182,221,393],[185,217,390],[184,222,393],[78,416,656],[77,412,655],[76,422,657],[75,418,\
652],[74,414,653],
[73,420,654],[72,303,320],[71,300,326],[72,302,322],[71,301,324],[70,299,330],[70,298,328],[188,327,575],[192,329,572\
],[189,319,569],
[191,323,573],[190,321,576],[187,325,570],[196,268,629],[193,270,632],[198,276,635],[197,266,626],[195,272,623],[194,\
274,620],[354,366,409],
[352,381,404],[360,369,406],[362,372,411],[358,378,403],[356,375,408],[209,513,609],[211,516,611],[215,501,615],[213,\
504,608],[205,510,614],
[207,507,612],[215,294,463],[213,286,465],[205,284,462],[209,292,461],[207,288,464],[211,290,460],[147,280,578],[149,\
277,583],[150,282,577],
[145,281,584],[146,278,580],[148,279,581],[71,161,453],[71,164,459],[70,155,456],[72,152,447],[72,167,444],[70,158,45\
0],[129,377,602],
[125,380,605],[127,365,604],[126,371,601],[128,368,606],[124,374,603],[288,372,415],[286,381,419],[294,378,421],[284,\
375,417],[292,369,413],
[290,366,423],[168,569,615],[159,575,612],[156,572,611],[153,576,614],[165,570,609],[162,573,608],[69,436,530],[68,43\
8,533],[67,437,527],
[66,439,536],[65,440,539],[64,441,542],[383,397,437],[385,402,436],[384,395,438],[386,394,440],[382,398,439],[387,400\
,441],[124,205,397],
[129,215,402],[128,209,400],[125,213,395],[126,207,394],[127,211,398],[269,323,407],[275,327,405],[267,319,410],[265,\
321,405],[271,325,410],
[273,329,407],[294,329,403],[284,323,408],[290,319,409],[288,325,411],[292,327,406],[286,321,404],[129,444,475],[128,\
459,481],[127,456,472],
[126,450,466],[125,453,469],[124,447,478],[129,378,477],[128,369,483],[127,366,474],[126,372,468],[124,375,480],[125,\
381,471],[186,454,514],
[181,451,502],[185,457,511],[182,442,499],[184,445,508],[183,448,505],[114,239,601],[112,238,604],[106,236,602],[110,\
237,605],[108,240,606],
[116,235,603],[178,202,297],[177,203,296],[179,200,296],[180,201,295],[175,204,295],[176,199,297],[154,549,582],[166,\
546,582],[163,545,579],
[160,548,585],[157,544,579],[151,547,585],[171,388,518],[172,392,522],[170,392,521],[174,391,524],[173,391,525],[169,\
388,519],[163,164,476],
[166,167,482],[154,155,470],[160,161,473],[151,152,467],[157,158,479],[145,152,234],[150,164,230],[146,167,233],[149,\
161,229],[147,158,231],
[148,155,232],[63,345,532],[62,343,538],[61,344,526],[60,342,541],[59,341,529],[58,340,535],[57,140,263],[56,144,264]\
,[55,141,259],
[54,143,260],[53,139,261],[52,142,262],[134,482,653],[131,476,657],[133,479,652],[132,467,655],[130,473,654],[135,470\
,656],[136,468,648],
[137,474,651],[137,477,646],[136,483,646],[138,471,651],[138,480,648],[134,291,556],[131,293,565],[135,285,562],[133,\
283,553],[130,289,550],
[132,287,559],[344,507,525],[342,501,518],[345,516,524],[341,513,521],[340,504,522],[343,510,519],[344,424,523],[342,\
428,517],[340,426,520],
[341,429,520],[343,427,517],[345,425,523],[122,192,536],[123,188,539],[121,191,533],[120,190,527],[118,189,530],[119,\
187,542],[156,276,454],
[153,268,445],[165,270,457],[162,272,451],[159,274,448],[168,266,442],[153,196,583],[159,194,577],[165,193,578],[156,\
198,580],[162,195,584],
[168,197,581],[264,288,612],[260,292,609],[262,290,611],[259,286,608],[261,284,614],[263,294,615],[124,244,437],[129,\
245,436],[125,241,438],
[126,246,440],[128,242,441],[127,243,439],[280,344,527],[277,340,536],[282,341,530],[278,342,542],[279,345,533],[281,\
343,539],[158,348,484],
[164,351,494],[161,349,488],[152,347,486],[155,350,490],[167,346,492],[157,159,384],[166,168,386],[163,165,382],[160,\
162,385],[151,153,387],
[154,156,383],[197,215,401],[198,211,401],[195,213,396],[193,209,399],[194,207,399],[196,205,396],[525,575,579],[518,\
569,582],[524,572,582],
[519,576,585],[522,573,585],[521,570,579],[203,348,502],[204,351,514],[201,349,499],[199,346,505],[200,350,508],[202,\
347,511],[194,235,666],
[193,236,666],[197,240,665],[195,238,664],[196,239,664],[198,237,665],[205,230,650],[209,232,647],[211,234,649],[215,\
231,649],[207,229,647],
[213,233,650],[201,491,500],[200,489,509],[204,493,515],[199,495,506],[202,485,512],[203,487,503],[246,321,491],[244,\
327,493],[241,329,495],
[243,323,485],[242,319,489],[245,325,487],[207,208,527],[211,212,533],[209,210,530],[205,206,539],[215,216,542],[213,\
214,536],[299,366,645],
[298,372,645],[300,369,640],[302,375,642],[303,378,642],[301,381,640],[137,234,366],[136,229,372],[138,233,381],[136,\
232,369],[137,231,378],
[138,230,375],[51,297,466],[50,296,469],[49,295,475],[48,295,472],[47,296,478],[46,297,481],[122,329,356],[123,327,35\
2],[121,323,358],
[120,321,360],[118,319,362],[119,325,354],[183,228,414],[181,227,418],[182,226,420],[185,225,412],[184,223,416],[186,\
224,422],[285,325,586],
[291,323,589],[289,327,593],[283,319,587],[287,329,590],[293,321,592],[277,576,593],[279,569,586],[282,575,592],[281,\
573,590],[280,570,587],
[278,572,589],[364,497,600],[373,498,599],[370,496,600],[376,497,599],[367,496,597],[379,498,597],[128,236,616],[125,\
238,616],[124,239,617],
[126,235,618],[129,240,617],[127,237,618],[299,547,552],[298,548,561],[302,545,555],[303,544,567],[300,549,558],[301,\
546,564],[211,250,339],
[215,249,338],[213,252,337],[207,247,339],[209,251,337],[205,248,338],[105,297,537],[101,296,531],[100,296,543],[104,\
295,540],[102,297,534],
[103,295,528],[256,379,419],[255,376,421],[257,373,417],[253,367,413],[254,370,415],[258,364,423],[186,323,516],[185,\
319,513],[184,327,510],
[183,321,507],[181,329,504],[182,325,501],[275,276,355],[271,272,353],[273,274,363],[267,268,357],[265,266,359],[269,\
270,361],[246,303,490],
[244,299,492],[243,300,484],[241,298,494],[242,302,488],[245,301,486],[221,282,426],[219,281,428],[222,280,425],[218,\
279,424],[220,277,429],
[217,278,427],[221,293,465],[217,291,462],[222,283,460],[219,287,463],[220,289,461],[218,285,464],[45,321,327],[44,32\
3,329],[43,319,325],
[63,113,297],[59,109,296],[61,115,295],[60,107,296],[58,111,297],[62,117,295],[81,132,133],[79,130,135],[80,131,134],\
[42,109,520],
[41,111,520],[40,115,523],[39,113,523],[38,117,517],[37,107,517],[256,574,575],[253,574,576],[257,571,572],[255,571,5\
73],[254,568,569],
[258,568,570],[571,574,595],[568,574,596],[568,571,598],[153,351,548],[159,349,545],[165,350,544],[156,347,546],[162,\
346,547],[168,348,549],
[36,180,606],[35,179,601],[34,175,605],[33,177,604],[32,178,602],[31,176,603],[29,30,296],[28,30,295],[28,29,297],[47\
7,644,664],
[483,643,664],[474,644,666],[468,643,665],[471,641,666],[480,641,665],[376,533,560],[367,527,551],[364,542,554],[373,\
536,557],[379,539,566],
[370,530,563],[559,560,626],[550,551,632],[556,557,629],[565,566,623],[562,563,620],[553,554,635],[172,302,447],[170,\
298,450],[174,303,444],
[171,299,456],[173,300,459],[169,301,453],[38,143,289],[42,142,283],[41,140,287],[39,139,291],[40,141,293],[37,144,28\
5],[180,559,661],
[179,556,662],[178,550,661],[176,562,662],[175,553,663],[177,565,663],[100,380,523],[103,377,520],[101,374,523],[102,\
368,517],[105,371,517],
[104,365,520],[445,560,561],[448,554,555],[451,551,552],[457,566,567],[454,563,564],[442,557,558],[162,444,452],[168,\
443,450],[156,447,455],
[165,456,458],[153,446,459],[159,449,453],[27,394,546],[26,398,545],[25,400,547],[24,402,548],[23,397,549],[22,395,54\
4],[221,495,504],
[217,493,510],[222,485,516],[219,487,501],[220,489,513],[218,491,507],[37,273,529],[38,269,526],[42,275,541],[41,265,\
532],[40,271,538],
[39,267,535],[20,21,72],[18,19,71],[16,17,70],[403,408,613],[404,406,607],[409,411,610],[180,349,355],[179,350,353],[\
178,347,363],
[177,348,357],[175,351,359],[176,346,361],[164,165,564],[167,168,555],[158,159,552],[161,162,558],[152,153,567],[155,\
156,561],[78,149,488],
[74,150,494],[77,147,484],[76,146,492],[75,145,486],[73,148,490],[180,329,506],[179,323,512],[175,319,509],[176,325,5\
03],[177,321,500],
[178,327,515],[29,327,437],[30,323,439],[28,319,441],[29,321,440],[28,325,436],[30,329,438],[121,355,454],[122,353,45\
1],[120,363,448],
[119,359,442],[123,357,445],[118,361,457],[371,584,664],[380,581,665],[377,577,666],[374,578,666],[368,580,665],[365,\
583,664],[188,206,290],
[191,212,292],[190,208,294],[189,210,284],[187,216,286],[192,214,288],[99,454,456],[94,451,453],[96,457,459],[95,448,\
450],[98,442,444],
[97,445,447],[228,448,477],[223,445,474],[224,454,483],[226,442,471],[227,451,468],[225,457,480],[393,433,536],[393,4\
31,533],[390,430,527],
[389,432,542],[390,435,539],[389,434,530],[391,431,612],[392,433,609],[391,430,611],[388,432,614],[388,435,615],[392,\
434,608],[83,525,611],
[87,524,612],[85,519,615],[82,521,608],[84,518,614],[86,522,609],[188,334,377],[187,333,374],[192,335,368],[190,332,3\
65],[191,336,371],
[189,331,380],[124,318,361],[126,317,353],[128,316,355],[129,314,363],[125,313,359],[127,315,357],[391,470,491],[392,\
473,489],[388,482,493],
[391,479,485],[392,476,495],[388,467,487],[390,419,467],[390,413,479],[389,423,482],[389,415,476],[393,421,470],[393,\
417,473],[66,334,484],
[64,336,488],[68,333,494],[69,332,486],[67,331,492],[65,335,490],[193,233,607],[198,229,610],[197,230,613],[195,232,6\
07],[194,234,610],
[196,231,613],[252,453,547],[251,459,544],[250,456,546],[249,444,549],[248,447,548],[247,450,545],[87,293,294],[85,28\
5,286],[83,291,292],
[86,283,284],[82,287,288],[84,289,290],[119,285,428],[121,291,425],[120,293,424],[118,283,429],[122,287,426],[123,289\
,427],[269,412,536],
[271,418,530],[275,422,527],[265,420,539],[267,416,542],[273,414,533],[71,264,323],[70,263,327],[72,262,321],[70,260,\
329],[71,261,325],
[72,259,319],[256,577,632],[257,580,626],[255,584,629],[254,581,635],[258,578,620],[253,583,623],[286,288,294],[284,2\
90,292],[159,162,168],
[153,156,165],[242,243,244],[241,245,246],[277,278,280],[279,281,282],[141,448,602],[142,457,603],[139,454,606],[144,\
442,605],[140,451,601],
[143,445,604],[87,372,530],[83,366,542],[86,369,527],[85,378,533],[82,381,539],[84,375,536],[125,257,564],[124,256,55\
5],[127,255,552],
[128,254,558],[129,258,567],[126,253,561],[15,121,376],[14,122,373],[13,120,367],[12,119,364],[11,123,379],[10,118,37\
0],[152,246,561],
[158,244,555],[161,243,552],[164,245,567],[155,241,564],[167,242,558],[212,289,517],[208,287,520],[206,283,520],[214,\
285,517],[210,291,523],
[216,293,523],[201,212,334],[199,210,336],[200,214,333],[204,216,332],[203,206,331],[202,208,335],[276,437,606],[274,\
438,602],[266,440,605],
[270,439,603],[268,441,604],[272,436,601],[38,180,192],[39,176,187],[40,175,189],[42,177,190],[41,178,188],[37,179,19\
1],[131,453,584],
[133,456,580],[130,459,578],[135,450,577],[132,444,581],[134,447,583],[13,46,206],[15,49,214],[10,51,216],[12,48,210]\
,[11,50,208],
[14,47,212],[244,248,328],[241,252,330],[242,251,320],[246,247,322],[243,250,324],[245,249,326],[55,358,510],[53,360,\
504],[54,354,507],
[57,362,516],[52,356,501],[56,352,513],[246,322,565],[242,320,553],[241,330,559],[243,324,556],[244,328,550],[245,326\
,562],[9,248,328],
[8,249,326],[7,251,320],[6,247,322],[5,252,330],[4,250,324],[105,270,439],[103,276,437],[102,274,438],[100,268,441],[\
101,272,436],
[104,266,440],[38,69,180],[39,65,176],[37,67,179],[40,66,175],[41,64,178],[42,68,177],[133,580,671],[130,578,672],[13\
5,577,672],
[132,581,671],[134,583,670],[131,584,670],[12,210,592],[10,216,589],[11,208,587],[14,212,586],[15,214,593],[13,206,59\
0],[210,291,336],
[216,293,332],[212,289,334],[214,285,333],[208,287,335],[206,283,331],[243,250,552],[246,247,561],[244,248,555],[245,\
249,567],[242,251,558],
[241,252,564],[15,49,376],[11,50,379],[10,51,370],[14,47,373],[13,46,367],[12,48,364],[254,558,581],[258,567,578],[25\
7,564,580],
[256,555,577],[253,561,583],[255,552,584],[121,376,425],[123,379,427],[119,364,428],[118,370,429],[122,373,426],[120,\
367,424],[87,293,530],
[85,285,533],[82,287,539],[83,291,542],[84,289,536],[86,283,527],[93,456,546],[89,453,547],[92,447,548],[88,459,544],\
[91,450,545],
[90,444,549],[66,201,334],[64,199,336],[68,200,333],[69,204,332],[65,202,335],[67,203,331],[88,187,374],[93,192,368],\
[92,190,365],
[91,188,377],[89,191,371],[90,189,380],[83,374,525],[86,365,522],[84,368,518],[87,380,524],[82,377,521],[85,371,519],\
[85,378,615],
[87,372,612],[86,369,609],[83,366,611],[84,375,614],[82,381,608],[435,449,615],[433,455,609],[430,446,611],[431,452,6\
12],[434,443,608],
[432,458,614],[141,228,448],[139,224,454],[143,223,445],[142,225,457],[144,226,442],[140,227,451],[99,133,456],[94,13\
1,453],[96,130,459],
[95,135,450],[97,134,447],[98,132,444],[51,216,286],[50,208,294],[48,210,284],[46,206,290],[49,214,288],[47,212,292],\
[190,294,332],
[189,284,331],[188,290,334],[192,288,335],[187,286,333],[191,292,336],[15,121,454],[14,122,451],[13,120,448],[12,119,\
442],[10,118,457],
[11,123,445],[64,78,488],[68,74,494],[67,76,492],[66,77,484],[65,73,490],[69,75,486],[128,161,558],[125,164,564],[124\
,167,555],
[127,158,552],[126,155,561],[129,152,567],[20,72,554],[16,70,551],[21,72,566],[18,71,557],[17,70,560],[19,71,563],[23\
8,404,607],
[240,403,613],[237,409,610],[236,406,607],[235,411,610],[239,408,613],[35,156,455],[34,165,458],[32,153,446],[33,159,\
449],[31,168,443],
[36,162,452],[26,31,398],[25,33,400],[27,34,394],[23,36,397],[22,32,395],[24,35,402],[406,491,507],[408,495,504],[404\
,493,510],
[403,485,516],[411,489,513],[409,487,501],[40,271,385],[41,265,386],[39,267,387],[37,273,384],[42,275,383],[38,269,38\
2],[448,554,602],
[457,566,603],[454,563,606],[442,557,605],[445,560,604],[451,551,601],[167,442,558],[152,445,561],[158,448,555],[161,\
451,552],[155,454,564],
[164,457,567],[105,289,517],[101,293,523],[100,291,523],[104,287,520],[103,283,520],[102,285,517],[39,187,291],[38,19\
2,289],[40,189,293],
[41,188,287],[37,191,285],[42,190,283],[176,187,562],[180,192,559],[175,189,553],[179,191,556],[177,190,565],[178,188\
,550],[173,459,578],
[169,453,584],[170,450,577],[174,444,581],[172,447,583],[171,456,580],[562,578,620],[559,580,626],[553,581,635],[550,\
577,632],[565,583,623],
[556,584,629],[433,536,557],[431,533,560],[430,527,551],[432,542,554],[434,530,563],[435,539,566],[371,477,664],[380,\
468,665],[377,471,666],
[374,474,666],[365,483,664],[368,480,665],[380,523,581],[377,520,577],[374,523,578],[365,520,583],[371,517,584],[368,\
517,580],[29,296,437],
[30,295,439],[30,296,438],[28,297,441],[29,297,440],[28,295,436],[180,506,606],[179,512,601],[175,509,605],[178,515,6\
02],[176,503,603],
[177,500,604],[159,349,552],[165,350,564],[156,347,561],[168,348,555],[162,346,558],[153,351,567],[180,355,661],[175,\
359,663],[179,353,662],
[178,363,661],[176,361,662],[177,357,663],[253,574,595],[254,568,598],[258,568,596],[256,574,596],[257,571,598],[255,\
571,595],[376,560,626],
[379,566,623],[370,563,620],[367,551,632],[373,557,629],[364,554,635],[37,107,529],[42,109,541],[38,117,526],[41,111,\
532],[39,113,535],
[40,115,538],[116,437,606],[108,441,604],[110,438,602],[114,440,605],[106,436,601],[112,439,603],[72,262,320],[71,264\
,326],[70,263,330],
[70,260,328],[72,259,322],[71,261,324],[265,420,654],[269,412,655],[267,416,656],[271,418,652],[273,414,653],[275,422\
,657],[220,389,415],
[221,393,417],[217,390,419],[222,393,421],[218,390,413],[219,389,423],[95,129,363],[96,124,361],[98,125,359],[94,126,\
353],[97,127,357],
[99,128,355],[113,297,335],[109,296,333],[107,296,331],[111,297,336],[117,295,332],[115,295,334],[81,132,486],[81,133\
,484],[79,135,490],
[80,131,494],[80,134,492],[79,130,488],[90,113,523],[88,115,523],[92,111,520],[91,109,520],[93,107,517],[89,117,517],\
[32,469,602],
[36,478,606],[34,466,605],[35,475,601],[31,472,603],[33,481,604],[221,293,495],[217,291,493],[222,283,485],[219,287,4\
87],[218,285,491],
[220,289,489],[152,246,303],[158,244,299],[161,243,300],[167,242,302],[164,245,301],[155,241,298],[275,349,355],[271,\
350,353],[273,347,363],
[267,348,357],[269,346,361],[265,351,359],[43,182,325],[43,185,319],[44,186,323],[45,184,327],[45,183,321],[44,181,32\
9],[254,415,476],
[258,423,482],[255,421,470],[256,419,467],[257,417,473],[253,413,479],[302,447,555],[298,450,561],[300,459,558],[303,\
444,567],[301,453,564],
[299,456,552],[128,236,316],[124,239,318],[127,237,315],[126,235,317],[125,238,313],[129,240,314],[139,291,323],[142,\
283,319],[141,293,321],
[140,287,329],[144,285,325],[143,289,327],[186,422,463],[182,420,460],[185,412,464],[184,416,465],[183,414,461],[181,\
418,462],[121,355,358],
[122,353,356],[123,352,357],[119,354,359],[118,361,362],[120,360,363],[51,63,297],[50,59,296],[48,61,295],[46,58,297]\
,[49,62,295],
[47,60,296],[215,389,542],[205,390,539],[213,393,536],[209,389,530],[211,393,533],[207,390,527],[244,482,493],[242,47\
3,489],[241,476,495],
[243,479,485],[245,467,487],[246,470,491],[202,208,485],[204,216,493],[201,212,491],[200,214,489],[203,206,487],[199,\
210,495],[213,508,650],
[207,511,647],[211,499,649],[205,502,650],[215,514,649],[209,505,647],[195,238,286],[197,240,294],[194,235,288],[198,\
237,290],[193,236,292],
[196,239,284],[197,215,613],[195,213,607],[196,205,613],[193,209,607],[198,211,610],[194,207,610],[151,337,387],[166,\
339,386],[154,338,383],
[157,337,384],[163,339,382],[160,338,385],[279,281,533],[277,280,527],[281,282,539],[279,282,530],[278,280,542],[277,\
278,536],[124,242,244],
[129,245,246],[125,241,245],[126,241,246],[127,243,244],[128,242,243],[264,391,612],[260,392,609],[263,388,615],[262,\
391,611],[259,392,608],
[261,388,614],[153,156,445],[153,165,457],[156,165,454],[159,162,451],[162,168,442],[159,168,448],[153,548,583],[159,\
545,577],[165,544,578],
[156,546,580],[168,549,581],[162,547,584],[120,422,527],[118,418,530],[121,414,533],[122,412,536],[119,416,542],[123,\
420,539],[95,448,505],
[99,454,514],[94,451,502],[96,457,511],[97,445,508],[98,442,499],[108,276,606],[114,272,601],[106,274,602],[110,266,6\
05],[116,270,603],
[112,268,604],[391,491,524],[392,489,522],[388,493,518],[391,485,525],[392,495,521],[388,487,519],[166,394,546],[163,\
398,545],[160,402,548],
[157,395,544],[154,397,549],[151,400,547],[53,139,606],[57,140,601],[56,144,605],[55,141,602],[52,142,603],[54,143,60\
4],[216,425,523],
[206,426,520],[212,428,517],[208,429,520],[214,427,517],[210,424,523],[122,287,559],[123,289,550],[119,285,562],[121,\
291,556],[118,283,553],
[120,293,565],[137,228,477],[137,223,474],[136,224,483],[138,225,480],[138,226,471],[136,227,468],[378,477,644],[369,\
483,643],[366,474,644],
[372,468,643],[381,471,641],[375,480,641],[125,449,453],[126,443,450],[127,456,458],[124,447,455],[128,446,459],[129,\
444,452],[180,294,329],
[179,284,323],[175,290,319],[176,288,325],[177,286,321],[178,292,327],[71,269,323],[71,271,325],[70,273,329],[72,267,\
319],[70,275,327],
[72,265,321],[109,129,215],[107,128,209],[115,124,205],[111,127,211],[117,126,207],[113,125,213],[350,384,395],[348,3\
83,397],[349,382,398],
[351,385,402],[347,386,394],[346,387,400],[66,375,536],[69,372,530],[65,381,539],[64,366,542],[67,369,527],[68,378,53\
3],[162,255,573],
[168,254,569],[165,258,570],[159,256,575],[153,253,576],[156,257,572],[284,292,417],[286,288,415],[284,290,423],[290,\
292,413],[288,294,421],
[286,294,419],[126,253,601],[128,254,606],[129,258,602],[127,255,604],[124,256,603],[125,257,605],[71,252,453],[71,25\
1,459],[70,250,456],
[72,249,444],[70,247,450],[72,248,447],[78,149,583],[74,150,577],[77,147,578],[76,146,580],[73,148,581],[75,145,584],\
[29,327,575],
[30,323,573],[28,319,569],[29,321,576],[30,329,572],[28,325,570],[196,231,629],[193,233,632],[198,229,635],[197,230,6\
26],[194,234,620],
[195,232,623],[87,294,463],[85,286,465],[82,288,464],[83,292,461],[84,290,460],[86,284,462],[104,188,281],[103,190,28\
0],[101,189,282],
[100,187,278],[102,191,279],[105,192,277],[268,376,599],[270,379,597],[272,367,597],[274,364,600],[266,373,599],[276,\
370,600],[218,279,586],
[221,282,592],[217,278,589],[222,280,587],[220,277,593],[219,281,590],[348,484,502],[351,494,514],[349,488,499],[347,\
486,511],[346,492,505],
[350,490,508],[105,178,297],[101,177,296],[100,179,296],[104,180,295],[103,175,295],[102,176,297],[137,145,234],[137,\
147,231],[138,146,233],
[136,149,229],[136,148,232],[138,150,230],[63,336,532],[58,335,535],[62,334,538],[59,331,529],[61,332,526],[60,333,54\
1],[507,525,575],
[501,518,569],[516,524,572],[513,521,570],[510,519,576],[504,522,573],[132,152,467],[133,158,479],[134,167,482],[131,\
164,476],[135,155,470],
[130,161,473],[362,372,645],[360,369,640],[358,378,642],[356,375,642],[352,381,640],[354,366,645],[211,339,516],[209,\
337,513],[215,338,501],
[213,337,504],[207,339,507],[205,338,510],[138,550,559],[137,556,562],[136,553,565],[135,193,643],[132,198,644],[133,\
197,644],[130,194,643],
[131,196,641],[134,195,641],[261,263,599],[259,260,597],[262,264,600],[36,122,201],[31,119,199],[35,121,200],[34,118,\
204],[32,123,202],
[33,120,203],[146,150,650],[145,147,649],[148,149,647],[30,541,543],[30,538,540],[29,535,537],[28,532,534],[28,526,52\
8],[29,529,531],
[119,423,638],[118,415,637],[120,413,639],[123,419,638],[121,421,639],[122,417,637],[150,221,594],[147,222,588],[146,\
217,591],[149,220,594],
[145,219,591],[148,218,588],[118,643,645],[121,642,644],[122,641,642],[119,644,645],[123,640,641],[120,640,643],[384,\
638,660],[382,638,659],
[386,637,658],[387,639,658],[383,637,660],[385,639,659],[250,386,511],[252,387,505],[251,384,508],[249,383,502],[247,\
382,499],[248,385,514],
[99,634,635],[96,631,632],[94,622,623],[97,628,629],[95,619,620],[98,625,626],[202,662,667],[204,661,669],[201,663,66\
7],[200,663,668],
[199,661,668],[203,662,669],[411,569,660],[406,576,659],[403,573,658],[408,572,658],[409,570,660],[404,575,659],[235,\
247,371],[239,248,374],
[236,251,368],[238,252,380],[237,250,365],[240,249,377],[557,598,599],[560,595,599],[566,596,597],[554,596,600],[551,\
595,597],[563,598,600],
[202,603,671],[200,604,672],[201,605,672],[203,601,671],[199,602,670],[204,606,670],[388,597,600],[392,599,600],[391,\
597,599],[63,602,661],
[61,606,661],[59,601,662],[58,603,662],[62,605,663],[60,604,663],[635,636,654],[632,633,653],[626,627,657],[629,630,6\
52],[620,621,655],
[623,624,656],[10,617,664],[12,616,664],[15,616,666],[11,618,665],[13,617,665],[14,618,666],[513,515,516],[510,512,51\
3],[500,501,504],
[503,504,507],[509,510,516],[501,506,507],[63,607,608],[61,613,614],[59,613,615],[60,607,609],[58,610,611],[62,610,61\
2],[13,606,648],
[11,605,648],[12,604,646],[14,603,651],[10,601,646],[15,602,651],[30,589,590],[28,586,587],[29,592,593],[204,589,591]\
,[200,593,594],
[203,590,591],[201,586,588],[202,587,588],[199,592,594],[577,578,643],[580,581,644],[583,584,641],[469,584,585],[475,\
581,582],[478,583,585],
[481,578,579],[466,577,579],[472,580,582],[123,151,223],[121,154,224],[122,160,227],[120,157,228],[118,163,225],[119,\
166,226],[67,547,658],
[66,549,660],[69,546,658],[65,544,660],[68,548,659],[64,545,659],[63,113,252],[59,109,249],[60,107,251],[61,115,248],\
[62,117,247],
[58,111,250],[40,282,523],[37,279,517],[42,280,520],[41,281,520],[38,277,517],[39,278,523],[407,568,574],[405,568,571\
],[410,571,574],
[8,348,549],[6,349,545],[5,346,547],[9,351,548],[7,350,544],[4,347,546],[36,180,227],[35,179,224],[32,178,223],[31,17\
6,226],
[34,175,225],[33,177,228],[29,30,410],[28,29,407],[28,30,405],[228,376,533],[224,367,527],[223,364,542],[225,373,536]\
,[226,379,539],
[227,370,530],[9,174,303],[8,172,302],[5,173,300],[4,170,298],[7,169,301],[6,171,299],[233,559,661],[230,550,661],[22\
9,565,663],
[231,562,662],[234,556,662],[232,553,663],[103,304,377],[101,305,374],[102,307,368],[105,308,371],[104,306,365],[100,\
309,380],[20,21,643],
[16,17,641],[18,19,644],[30,403,408],[28,409,411],[29,404,406],[31,162,444],[33,168,450],[35,165,456],[36,159,453],[3\
4,153,459],
[32,156,447],[26,419,545],[25,421,547],[24,413,548],[23,415,549],[22,423,544],[27,417,546],[7,221,504],[9,219,501],[8\
,217,510],
[6,222,516],[4,218,507],[5,220,513],[271,391,538],[273,388,529],[267,391,535],[275,392,541],[269,388,526],[265,392,53\
2],[310,312,392],
[311,312,391],[310,311,388],[264,491,498],[262,485,498],[259,495,497],[261,493,496],[260,489,497],[263,487,496],[450,\
490,491],[453,494,495],
[447,492,493],[444,486,487],[456,484,485],[459,488,489],[253,461,484],[256,465,486],[257,462,488],[258,460,492],[254,\
464,494],[255,463,490],
[263,438,443],[261,439,446],[260,437,458],[264,436,449],[259,440,452],[262,441,455],[215,422,423],[211,420,421],[205,\
418,419],[213,416,417],
[209,414,415],[207,412,413],[421,469,490],[415,475,494],[417,472,488],[419,466,486],[413,478,484],[423,481,492],[156,\
409,430],[153,408,432],
[165,406,433],[159,411,431],[162,404,434],[168,403,435],[378,414,425],[375,412,426],[369,422,424],[366,416,428],[381,\
420,427],[372,418,429],
[144,394,665],[140,402,664],[139,397,665],[142,398,666],[141,395,666],[143,400,664],[219,422,542],[217,418,539],[220,\
414,530],[218,412,527],
[221,416,536],[222,420,533],[358,362,515],[356,360,503],[352,358,509],[354,356,500],[352,362,512],[354,360,506],[204,\
355,506],[200,357,500],
[199,363,515],[203,353,512],[202,361,503],[201,359,509],[52,525,593],[54,522,589],[53,518,587],[55,521,586],[56,524,5\
90],[57,519,592],
[351,473,645],[350,479,642],[349,476,642],[348,470,640],[346,467,645],[347,482,640],[18,401,581],[21,399,578],[20,399\
,577],[16,396,584],
[17,396,583],[19,401,580],[189,460,613],[192,463,610],[188,461,610],[191,462,607],[187,464,607],[190,465,613],[215,30\
3,341],[205,302,344],
[213,301,345],[209,300,342],[211,299,340],[207,298,343],[187,318,525],[191,317,519],[192,316,518],[190,315,522],[188,\
314,521],[189,313,524],
[156,472,518],[153,478,522],[165,481,525],[159,466,521],[162,469,519],[168,475,524],[264,310,525],[261,312,519],[259,\
311,522],[260,311,521],
[263,312,518],[262,310,524],[383,429,551],[385,424,563],[384,428,560],[382,427,557],[387,425,554],[386,426,566],[308,\
563,635],[307,551,623],
[306,554,620],[309,566,632],[304,560,629],[305,557,626],[116,117,372],[114,115,375],[112,113,381],[110,111,366],[108,\
109,378],[106,107,369],
[111,506,602],[117,515,606],[115,500,605],[109,509,604],[113,512,603],[107,503,601],[171,336,473],[172,334,479],[170,\
332,467],[174,333,476],
[169,335,470],[173,331,482],[476,541,654],[482,529,655],[473,532,657],[467,526,653],[479,538,656],[470,535,652],[3,26\
6,615],[2,268,614],
[1,274,612],[2,272,608],[3,276,611],[1,270,609],[485,600,612],[493,599,615],[491,600,611],[489,597,608],[487,599,614]\
,[495,597,609],
[113,279,524],[117,281,519],[111,277,522],[107,278,518],[109,282,521],[115,280,525],[102,113,619],[101,109,622],[105,\
111,631],[104,117,625],
[100,107,628],[103,115,634],[190,216,419],[192,208,421],[189,206,423],[191,210,417],[187,214,415],[188,212,413],[39,2\
16,280],[41,206,282],
[40,210,279],[38,214,278],[42,208,277],[37,212,281],[33,99,606],[32,98,605],[31,97,604],[36,96,603],[34,94,601],[35,9\
5,602],
[98,332,466],[94,333,475],[95,335,469],[97,331,481],[99,334,478],[96,336,472],[93,147,662],[92,146,661],[90,145,662],\
[91,148,663],
[88,149,663],[89,150,661],[109,508,663],[111,505,661],[113,511,662],[115,499,663],[107,502,662],[117,514,661],[87,113\
,569],[86,111,576],
[85,117,573],[84,107,572],[82,109,575],[83,115,570],[248,402,494],[251,395,490],[247,398,488],[249,397,484],[252,400,\
492],[250,394,486],
[81,244,250],[80,245,252],[80,242,248],[79,241,247],[79,243,251],[81,246,249],[169,250,363],[170,248,359],[174,251,35\
3],[171,252,361],
[173,249,357],[172,247,355],[157,183,219],[154,186,220],[166,182,221],[151,184,222],[163,185,217],[160,181,218],[78,3\
22,416],[73,320,420],
[77,326,412],[74,328,414],[76,330,422],[75,324,418],[72,244,302],[72,245,303],[71,242,300],[71,241,301],[70,243,299],\
[70,246,298],
[105,537,557],[101,531,563],[100,543,554],[104,540,566],[103,528,551],[102,534,560],[215,249,314],[207,247,317],[209,\
251,316],[211,250,315],
[205,248,318],[213,252,313],[303,508,544],[299,505,547],[298,514,548],[300,502,549],[301,511,546],[302,499,545],[128,\
534,616],[125,543,616],
[124,531,617],[127,540,618],[126,537,618],[129,528,617],[282,377,575],[279,380,569],[281,371,573],[278,368,572],[277,\
365,576],[280,374,570],
[183,228,348],[185,225,351],[181,227,349],[182,226,346],[186,224,350],[184,223,347],[269,299,645],[265,298,645],[275,\
302,642],[267,300,640],
[273,301,640],[271,303,642],[137,355,378],[137,359,366],[138,353,375],[136,361,372],[138,357,381],[136,363,369],[184,\
202,445],[186,200,454],
[181,201,451],[183,203,448],[185,204,457],[182,199,442],[38,204,295],[41,199,297],[37,203,296],[42,200,296],[40,201,2\
95],[39,202,297],
[171,308,388],[172,304,392],[170,306,392],[174,305,391],[173,309,391],[169,307,388],[163,355,476],[166,363,482],[154,\
357,470],[151,361,467],
[157,353,479],[160,359,473],[152,234,430],[158,231,435],[161,229,431],[155,232,433],[167,233,434],[164,230,432],[63,1\
25,345],[62,126,343],
[58,127,340],[61,124,344],[60,128,342],[59,129,341],[57,263,404],[56,264,403],[53,261,409],[52,262,406],[55,259,411],\
[54,260,408],
[307,482,653],[304,476,657],[305,479,652],[308,467,655],[309,470,656],[306,473,654],[10,134,291],[12,131,293],[11,133\
,283],[15,130,289],
[13,132,287],[14,135,285],[341,505,513],[345,499,516],[343,502,510],[340,504,508],[344,507,511],[342,501,514],[340,41\
6,426],[341,414,429],
[344,412,424],[342,422,428],[345,420,425],[343,418,427],[450,466,575],[453,469,573],[447,478,576],[444,475,569],[456,\
472,572],[459,481,570],
[269,308,407],[275,304,405],[267,309,410],[271,305,410],[273,307,407],[265,306,405],[503,569,615],[500,575,612],[515,\
576,614],[506,573,608],
[509,570,609],[512,572,611],[52,377,602],[57,365,604],[54,371,601],[55,374,603],[53,380,605],[56,368,606],[70,116,155\
],[72,108,152],
[70,110,158],[72,114,167],[71,106,161],[71,112,164],[13,145,281],[10,146,278],[15,149,277],[12,150,282],[14,148,279],\
[11,147,280],
[188,341,575],[189,345,569],[192,342,572],[187,344,570],[190,340,576],[191,343,573],[354,409,615],[360,406,612],[352,\
404,614],[358,403,611],
[356,408,608],[362,411,609],[513,586,609],[510,592,614],[504,589,608],[501,587,615],[507,593,612],[516,590,611],[213,\
309,465],[205,305,462],
[209,307,461],[207,308,464],[211,306,460],[215,304,463],[78,376,494],[77,379,490],[76,370,486],[75,367,492],[73,373,4\
84],[74,364,488],
[24,253,334],[23,254,333],[22,258,331],[25,255,335],[26,256,332],[27,257,336],[35,363,554],[32,359,557],[34,353,551],\
[31,357,560],
[33,355,563],[36,361,566],[231,266,449],[233,272,443],[230,268,458],[232,270,455],[229,274,452],[234,276,446],[9,160,\
494],[7,157,490],
[4,166,486],[5,151,492],[6,163,488],[8,154,484],[68,469,636],[69,475,633],[66,472,624],[67,478,621],[65,466,630],[64,\
481,627],
[21,141,190],[16,143,188],[18,139,191],[19,144,187],[17,140,192],[20,142,189],[18,186,291],[16,184,289],[19,182,285],\
[20,185,283],
[21,183,293],[17,181,287],[21,150,654],[18,146,655],[16,149,657],[20,147,656],[17,145,653],[19,148,652],[40,236,376],\
[41,239,370],
[37,237,379],[39,240,367],[38,238,364],[42,235,373],[99,158,485],[97,167,493],[95,155,491],[94,164,495],[96,161,489],\
[98,152,487],
[238,332,619],[240,335,622],[237,331,631],[235,333,625],[236,334,628],[239,336,634],[52,53,54],[55,56,57],[3,33,555],\
[3,32,561],
[2,31,558],[2,34,567],[1,35,564],[1,36,552],[56,139,617],[52,141,616],[57,143,616],[54,140,617],[53,144,618],[55,142,\
618],
[32,438,616],[33,441,616],[35,436,617],[36,437,617],[31,439,618],[34,440,618],[5,348,431],[9,350,430],[8,349,434],[7,\
347,432],
[6,346,435],[4,351,433],[248,433,645],[252,435,645],[247,434,642],[251,430,642],[249,431,640],[250,432,640],[182,421,\
532],[185,413,526],
[184,417,535],[183,415,529],[186,423,541],[181,419,538],[83,318,578],[87,313,581],[82,314,577],[85,317,584],[84,316,5\
80],[86,315,583],
[234,578,656],[231,584,653],[230,580,655],[233,577,654],[232,583,657],[229,581,652],[50,470,547],[49,476,549],[48,473\
,546],[51,467,545],
[46,482,544],[47,479,548],[104,282,591],[101,279,594],[100,280,591],[103,277,588],[102,281,588],[105,278,594],[22,167\
,589],[26,152,590],
[25,155,586],[24,158,587],[27,161,593],[23,164,592],[20,147,283],[18,146,291],[21,150,293],[19,148,285],[17,145,287],\
[16,149,289],
[52,53,618],[52,54,616],[53,54,617],[56,57,617],[55,57,616],[55,56,618],[31,439,558],[34,440,567],[35,436,564],[32,43\
8,561],
[36,437,552],[33,441,555],[32,143,616],[35,139,617],[33,141,616],[36,140,617],[34,142,618],[31,144,618],[85,231,584],\
[84,230,580],
[82,233,577],[83,234,578],[87,229,581],[86,232,583],[167,589,608],[152,590,611],[161,593,612],[155,586,609],[158,587,\
615],[164,592,614],
[12,104,282],[14,101,279],[11,100,280],[15,103,277],[13,102,281],[10,105,278],[46,307,482],[50,309,470],[49,304,476],\
[47,305,479],
[48,306,473],[51,308,467],[125,345,499],[126,343,502],[127,340,508],[124,344,511],[129,341,505],[128,342,514],[231,43\
5,653],[234,430,656],
[230,432,655],[232,433,657],[233,434,654],[229,431,652],[185,204,526],[186,200,541],[182,199,532],[184,202,535],[181,\
201,538],[183,203,529],
[269,433,645],[265,435,645],[271,434,642],[275,430,642],[267,432,640],[273,431,640],[9,186,350],[5,183,348],[7,184,34\
7],[8,181,349],
[4,185,351],[6,182,346],[52,377,575],[53,380,569],[54,371,573],[56,368,572],[55,374,570],[57,365,576],[438,534,616],[\
441,543,616],
[436,531,617],[440,540,618],[437,528,617],[439,537,618],[252,313,645],[247,317,642],[251,316,642],[250,315,640],[248,\
318,645],[249,314,640],
[245,271,303],[246,265,298],[243,269,299],[242,267,300],[244,275,302],[241,273,301],[322,416,426],[320,420,425],[326,\
412,424],[324,418,427],
[330,422,428],[328,414,429],[72,81,244],[72,80,245],[71,80,242],[71,79,241],[70,81,246],[70,79,243],[113,503,569],[10\
9,500,575],
[111,515,576],[117,506,573],[107,512,572],[115,509,570],[113,301,511],[109,303,508],[111,299,505],[115,302,499],[117,\
298,514],[107,300,502],
[35,95,155],[32,98,152],[33,99,158],[31,97,167],[36,96,161],[34,94,164],[332,466,619],[335,469,622],[333,475,625],[33\
1,481,631],
[336,472,634],[334,478,628],[40,210,236],[42,208,235],[39,216,240],[41,206,239],[37,212,237],[38,214,238],[113,238,61\
9],[109,240,622],
[111,237,631],[117,235,625],[115,239,634],[107,236,628],[39,202,280],[42,200,277],[40,201,279],[37,203,281],[38,204,2\
78],[41,199,282],
[99,485,600],[97,493,599],[95,491,600],[94,495,597],[98,487,599],[96,489,597],[1,35,274],[2,34,272],[3,32,266],[2,31,\
268],
[1,36,270],[3,33,276],[3,409,615],[2,404,614],[1,406,612],[2,408,608],[1,411,609],[3,403,611],[150,476,654],[146,482,\
655],
[147,479,656],[149,473,657],[148,470,652],[145,467,653],[171,308,336],[172,304,334],[170,306,332],[174,305,333],[173,\
309,331],[169,307,335],
[53,500,605],[57,509,604],[56,515,606],[55,512,603],[54,503,601],[52,506,602],[110,359,366],[108,355,378],[116,361,37\
2],[114,353,375],
[106,363,369],[112,357,381],[107,503,518],[111,506,522],[115,500,525],[117,515,519],[109,509,521],[113,512,524],[308,\
635,653],[305,626,656],
[307,623,655],[306,620,657],[304,629,654],[309,632,652],[187,318,415],[188,314,413],[189,313,423],[192,316,421],[190,\
315,419],[191,317,417],
[187,264,525],[192,263,518],[191,261,519],[190,259,522],[189,262,524],[188,260,521],[188,341,461],[187,344,464],[189,\
345,460],[192,342,463],
[191,343,462],[190,340,465],[18,186,401],[21,183,399],[16,184,396],[19,182,401],[17,181,396],[20,185,399],[171,473,64\
5],[172,479,642],
[174,476,642],[170,467,645],[173,482,640],[169,470,640],[163,204,355],[166,199,363],[154,200,357],[160,201,359],[157,\
203,353],[151,202,361],
[16,143,664],[17,140,664],[21,141,666],[18,139,665],[20,142,666],[19,144,665],[341,378,414],[344,375,412],[342,369,42\
2],[340,366,416],
[343,372,418],[345,381,420],[159,348,431],[156,350,430],[162,349,434],[153,347,432],[168,346,435],[165,351,433],[156,\
409,518],[153,408,522],
[165,406,525],[159,411,521],[168,403,524],[162,404,519],[68,421,469],[66,417,472],[67,413,478],[64,423,481],[69,415,4\
75],[65,419,466],
[215,314,422],[211,315,420],[205,318,418],[213,313,416],[207,317,412],[209,316,414],[398,472,488],[397,478,484],[400,\
481,492],[394,466,486],
[395,469,490],[402,475,494],[259,411,452],[262,406,455],[264,403,449],[263,404,443],[261,409,446],[260,408,458],[264,\
310,436],[261,312,439],
[260,311,437],[263,312,438],[262,310,441],[259,311,440],[253,307,461],[256,309,465],[255,304,463],[257,305,462],[254,\
308,464],[258,306,460],
[151,447,492],[157,450,490],[163,459,488],[160,453,494],[166,444,486],[154,456,484],[450,491,575],[453,495,573],[447,\
493,576],[444,487,569],
[459,489,570],[456,485,572],[311,388,529],[310,392,532],[310,388,526],[312,392,541],[311,391,535],[312,391,538],[7,16\
6,221],[9,157,219],
[8,163,217],[6,151,222],[5,154,220],[4,160,218],[26,419,538],[25,421,532],[24,413,526],[22,423,541],[27,417,535],[23,\
415,529],
[213,309,380],[205,305,374],[209,307,368],[211,306,365],[215,304,377],[207,308,371],[105,269,308],[103,275,304],[100,\
267,309],[101,271,305],
[104,265,306],[102,273,307],[231,449,562],[233,443,559],[230,458,550],[234,446,556],[232,455,553],[229,452,565],[9,17\
4,494],[7,169,490],
[4,170,486],[6,171,488],[8,172,484],[5,173,492],[9,215,303],[8,205,302],[7,213,301],[6,211,299],[4,207,298],[5,209,30\
0],
[36,227,361],[35,224,363],[32,223,359],[34,225,353],[33,228,355],[31,226,357],[7,482,544],[4,473,546],[8,476,549],[9,\
479,548],
[6,467,545],[5,470,547],[7,224,350],[8,228,348],[6,227,349],[9,225,351],[4,223,347],[5,226,346],[308,407,568],[304,40\
5,571],
[306,405,568],[309,410,574],[305,410,571],[307,407,574],[282,523,591],[279,517,594],[280,520,591],[278,523,594],[277,\
517,588],[281,520,588],
[37,279,380],[42,280,374],[40,282,377],[41,281,371],[39,278,368],[38,277,365],[113,252,361],[109,249,357],[111,250,36\
3],[115,248,359],
[107,251,353],[117,247,355],[30,68,659],[30,66,660],[28,64,659],[29,65,660],[28,69,658],[29,67,658],[5,123,151],[8,12\
1,154],
[9,122,160],[7,120,157],[4,119,166],[6,118,163],[469,584,636],[475,581,633],[478,583,621],[472,580,624],[481,578,627]\
,[466,577,630],
[317,584,641],[318,578,643],[313,581,644],[314,577,643],[315,583,641],[316,580,644],[49,66,549],[50,67,547],[48,69,54\
6],[46,65,544],
[47,68,548],[51,64,545],[104,204,591],[101,200,594],[100,203,591],[103,201,588],[105,199,594],[102,202,588],[22,30,58\
9],[26,30,590],
[25,28,586],[24,28,587],[23,29,592],[27,29,593],[12,150,646],[13,145,648],[10,146,646],[14,148,651],[11,147,648],[15,\
149,651],
[61,515,614],[59,503,615],[60,509,609],[62,500,612],[63,506,608],[58,512,611],[505,513,515],[502,510,512],[501,506,51\
4],[499,509,516],
[500,504,508],[503,507,511],[10,134,664],[12,131,664],[11,133,665],[15,130,666],[14,135,666],[13,132,665],[307,632,65\
3],[309,623,656],
[304,626,657],[305,629,652],[308,620,655],[306,635,654],[59,129,601],[61,124,606],[63,125,602],[60,128,604],[62,126,6\
05],[58,127,603],
[308,388,600],[304,392,599],[306,392,600],[305,391,599],[307,388,597],[309,391,597],[202,445,603],[200,454,604],[201,\
451,605],[203,448,601],
[204,457,606],[199,442,602],[105,557,598],[101,563,598],[104,566,596],[100,554,596],[102,560,595],[103,551,595],[238,\
252,400],[240,249,397],
[237,250,394],[239,248,402],[236,251,395],[235,247,398],[87,411,569],[86,406,576],[85,403,573],[84,408,572],[83,409,5\
70],[82,404,575],
[147,202,662],[146,204,661],[145,203,662],[148,201,663],[150,199,661],[149,200,663],[13,33,606],[11,32,605],[12,31,60\
4],[14,36,603],
[15,35,602],[10,34,601],[98,332,625],[97,331,628],[99,334,634],[95,335,619],[96,336,631],[94,333,622],[529,621,655],[\
541,636,654],
[538,624,656],[535,630,652],[526,633,653],[532,627,657],[383,429,637],[385,424,639],[384,428,638],[382,427,638],[386,\
426,637],[387,425,639],
[384,508,560],[383,502,551],[385,514,563],[382,499,557],[386,511,566],[387,505,554],[120,348,640],[118,351,645],[121,\
350,642],[122,349,642],
[123,347,640],[119,346,645],[204,506,589],[199,515,592],[200,500,593],[203,512,590],[201,509,586],[202,503,587],[219,\
542,591],[221,536,594],
[217,539,591],[220,530,594],[222,533,588],[218,527,588],[423,544,638],[419,545,638],[417,546,637],[421,547,639],[413,\
548,639],[415,549,637],
[30,408,543],[30,403,540],[28,411,534],[29,404,531],[29,406,537],[28,409,528],[20,118,643],[21,120,643],[19,119,644],\
[18,121,644],
[16,123,641],[17,122,641],[63,233,661],[59,231,662],[61,230,661],[58,234,662],[60,232,663],[62,229,663],[30,405,541],\
[30,410,538],
[29,410,535],[28,405,532],[29,407,529],[28,407,526],[63,252,505],[59,249,502],[60,251,508],[61,248,514],[58,250,511],\
[62,247,499],
[150,221,650],[146,217,650],[149,220,647],[148,218,647],[147,222,649],[145,219,649],[31,199,668],[35,200,668],[34,204\
,669],[32,202,667],
[33,203,669],[36,201,667],[384,411,660],[382,406,659],[386,403,658],[385,404,659],[383,409,660],[387,408,658],[261,55\
7,599],[263,560,599],
[259,566,597],[262,554,600],[264,563,600],[260,551,597],[123,223,638],[121,224,639],[122,227,637],[119,226,638],[120,\
228,639],[118,225,637],
[70,116,437],[72,108,441],[70,110,438],[72,114,440],[71,112,439],[71,106,436],[339,513,516],[337,510,513],[338,501,50\
4],[337,504,507],
[339,501,507],[338,510,516],[358,362,645],[356,360,640],[352,358,642],[354,356,642],[354,360,645],[352,362,640],[133,\
158,197],[130,161,194],
[132,152,198],[131,164,196],[134,167,195],[135,155,193],[340,510,576],[341,507,575],[345,501,569],[342,516,572],[343,\
504,573],[344,513,570],
[61,332,613],[58,335,610],[60,333,607],[63,336,607],[62,334,610],[59,331,613],[255,490,508],[254,494,514],[253,484,50\
2],[258,492,505],
[257,488,499],[256,486,511],[218,513,586],[221,510,592],[217,504,589],[222,501,587],[219,516,590],[220,507,593],[103,\
141,190],[102,139,191],
[104,143,188],[101,142,189],[100,144,187],[105,140,192],[84,316,460],[83,318,461],[86,315,462],[87,313,463],[85,317,4\
65],[82,314,464],
[231,266,629],[232,270,623],[233,272,632],[229,274,635],[230,268,626],[234,276,620],[29,466,575],[30,469,573],[28,475\
,569],[29,478,576],
[28,481,570],[30,472,572],[24,253,601],[23,254,606],[22,258,602],[25,255,604],[27,257,605],[26,256,603],[183,286,415]\
,[182,288,421],
[185,290,413],[184,292,417],[181,294,419],[186,284,423],[31,162,255],[33,168,254],[34,153,253],[35,165,258],[36,159,2\
56],[32,156,257],
[66,115,375],[67,107,369],[69,117,372],[65,113,381],[68,109,378],[64,111,366],[15,350,395],[13,348,397],[14,349,398],\
[10,351,402],
[12,346,400],[11,347,394],[125,266,449],[126,272,443],[127,268,458],[124,270,455],[129,274,452],[128,276,446],[197,37\
8,644],[193,369,643],
[198,366,644],[194,372,643],[196,375,641],[195,381,641],[122,138,559],[123,138,550],[119,137,562],[120,136,565],[118,\
136,553],[121,137,556],
[216,378,425],[210,369,424],[206,375,426],[212,366,428],[208,372,429],[214,381,427],[144,166,394],[140,160,402],[142,\
163,398],[141,157,395],
[143,151,400],[139,154,397],[279,491,524],[281,487,519],[277,489,522],[278,493,518],[280,485,525],[282,495,521],[116,\
155,270],[106,161,274],
[108,152,276],[114,167,272],[110,158,266],[112,164,268],[95,505,547],[99,514,548],[97,508,544],[98,499,545],[94,502,5\
49],[96,511,546],
[120,219,422],[118,217,418],[121,220,414],[122,218,412],[123,222,420],[119,221,416],[156,445,472],[153,457,478],[165,\
454,481],[159,451,466],
[168,448,475],[162,442,469],[260,275,392],[264,271,391],[263,273,388],[262,267,391],[259,265,392],[261,269,388],[228,\
281,533],[224,277,527],
[223,280,542],[225,278,536],[227,279,530],[226,282,539],[157,183,337],[154,186,338],[166,182,339],[151,184,337],[160,\
181,338],[163,185,339],
[215,423,613],[209,415,607],[207,413,610],[211,421,610],[213,417,607],[205,419,613],[238,286,332],[240,294,335],[235,\
288,333],[237,290,331],
[239,284,336],[236,292,334],[505,647,661],[508,650,663],[511,647,662],[499,649,663],[502,650,662],[514,649,661],[208,\
485,612],[216,493,615],
[212,491,611],[214,489,608],[210,495,609],[206,487,614],[244,250,482],[242,248,473],[241,247,476],[243,251,479],[246,\
249,470],[245,252,467],
[215,341,389],[205,344,390],[213,345,393],[209,342,389],[207,343,390],[211,340,393],[355,358,515],[353,356,503],[352,\
357,509],[354,359,500],
[360,363,506],[361,362,512],[55,142,319],[56,139,323],[52,141,321],[53,144,325],[57,143,327],[54,140,329],[236,316,37\
6],[239,318,370],
[237,315,379],[235,317,373],[240,314,367],[238,313,364],[3,447,555],[3,450,561],[2,459,558],[2,444,567],[1,456,552],[\
1,453,564],
[254,355,476],[256,361,467],[253,353,479],[258,363,482],[257,359,473],[255,357,470],[152,303,430],[158,299,435],[164,\
301,432],[161,300,431],
[155,298,433],[167,302,434],[260,289,489],[259,293,495],[261,291,493],[262,283,485],[264,285,491],[263,287,487],[32,4\
69,585],[35,475,582],
[33,481,579],[31,472,582],[36,478,585],[34,466,579],[27,297,336],[26,295,332],[24,295,334],[23,296,333],[22,296,331],\
[25,297,335],
[78,131,494],[77,135,490],[76,132,486],[75,134,492],[74,130,488],[73,133,484],[216,217,419],[208,222,421],[206,219,42\
3],[212,218,413],
[210,221,417],[214,220,415],[21,265,654],[18,269,655],[20,267,656],[19,271,652],[16,275,657],[17,273,653],[264,326,49\
8],[259,322,497],
[260,328,497],[262,320,498],[263,330,496],[261,324,496],[78,376,626],[77,379,623],[76,370,620],[75,367,632],[74,364,6\
35],[73,373,629],
[253,334,595],[254,333,598],[258,331,596],[257,336,598],[255,335,595],[256,332,596],[137,355,661],[137,359,663],[138,\
353,662],[138,357,663],
[136,363,661],[136,361,662],[37,296,438],[39,297,441],[38,295,439],[42,296,437],[41,297,440],[40,295,436],[252,380,46\
8],[251,368,480],
[247,371,477],[250,365,483],[249,377,471],[248,374,474],[363,432,554],[359,433,557],[353,430,551],[357,431,560],[361,\
435,566],[355,434,563],
[173,578,656],[172,583,657],[174,581,652],[170,577,654],[171,580,655],[169,584,653],[188,287,610],[191,285,607],[190,\
283,613],[192,289,610],
[187,291,607],[189,293,613],[22,167,442],[26,152,445],[25,155,454],[24,158,448],[23,164,457],[27,161,451],[540,566,60\
3],[534,560,604],
[537,557,605],[528,551,601],[531,563,606],[543,554,602],[35,455,554],[32,446,557],[36,452,566],[34,458,551],[31,443,5\
60],[33,449,563],
[24,35,456],[22,32,447],[26,31,444],[25,33,450],[23,36,453],[27,34,459],[155,406,491],[161,411,489],[152,409,487],[15\
8,403,485],
[167,404,493],[164,408,495],[38,364,382],[40,376,385],[41,370,386],[42,373,383],[37,379,384],[39,367,387],[57,238,404\
],[56,240,403],
[53,237,409],[52,236,406],[54,239,408],[55,235,411],[21,566,632],[16,551,623],[18,557,626],[19,563,635],[20,554,620],\
[17,560,629],
[128,161,534],[125,164,543],[124,167,531],[127,158,540],[129,152,528],[126,155,537],[69,75,633],[64,78,627],[68,74,63\
6],[67,76,621],
[66,77,624],[65,73,630],[12,442,616],[15,454,616],[14,451,618],[13,448,617],[11,445,618],[10,457,617],[96,130,632],[9\
5,135,620],
[98,132,626],[94,131,623],[99,133,635],[97,134,629],[141,228,376],[139,224,367],[143,223,364],[142,225,373],[140,227,\
370],[144,226,379],
[250,432,458],[251,430,446],[252,435,449],[248,433,455],[249,431,452],[247,434,443],[352,375,614],[354,378,615],[360,\
372,612],[358,366,611],
[362,369,609],[356,381,608],[52,374,525],[54,365,522],[53,368,518],[55,377,521],[57,371,519],[56,380,524],[21,92,190]\
,[16,91,188],
[18,89,191],[19,88,187],[20,90,189],[17,93,192],[66,122,201],[64,119,199],[68,121,200],[69,118,204],[67,120,203],[65,\
123,202],
[93,147,456],[89,150,453],[92,146,447],[88,149,459],[90,145,444],[91,148,450],[182,285,533],[183,293,530],[181,287,53\
9],[186,291,542],
[185,283,527],[184,289,536],[18,558,581],[21,567,578],[20,555,577],[19,564,580],[16,552,584],[17,561,583],[49,376,494\
],[50,379,490],
[51,370,486],[46,367,492],[48,364,488],[47,373,484],[169,250,552],[173,249,567],[170,248,555],[171,252,564],[172,247,\
561],[174,251,558],
[15,289,334],[14,285,333],[11,283,331],[10,291,336],[13,287,335],[12,293,332],[104,266,625],[105,270,631],[102,274,61\
9],[103,276,634],
[100,268,628],[101,272,622],[69,180,227],[65,176,226],[66,175,225],[67,179,224],[68,177,228],[64,178,223],[133,202,67\
1],[130,200,672],
[135,201,672],[132,203,671],[134,204,670],[131,199,670],[10,54,589],[11,53,587],[14,55,586],[13,56,590],[12,57,592],[\
15,52,593],
[9,328,430],[8,326,434],[7,320,432],[6,322,435],[4,324,433],[5,330,431],[78,322,565],[73,320,553],[76,330,559],[75,32\
4,556],
[74,328,550],[77,326,562],[7,360,504],[8,358,510],[6,362,516],[9,356,501],[5,352,513],[4,354,507],[71,252,269],[71,25\
1,271],
[70,247,275],[70,250,273],[72,248,265],[72,249,267],[137,145,228],[136,148,227],[137,147,223],[138,150,226],[136,149,\
224],[138,146,225],
[78,548,583],[74,545,577],[77,544,578],[76,546,580],[75,547,584],[73,549,581],[44,186,463],[43,182,460],[43,185,464],\
[45,184,465],
[44,181,462],[45,183,461],[96,124,242],[95,129,246],[98,125,245],[94,126,241],[99,128,243],[97,127,244],[107,209,529]\
,[109,215,541],
[115,205,538],[111,211,532],[117,207,526],[113,213,535],[275,349,552],[271,350,564],[273,347,561],[267,348,555],[265,\
351,567],[269,346,558],
[53,506,606],[57,512,601],[56,509,605],[55,515,602],[54,500,604],[52,503,603],[93,517,584],[88,523,581],[92,520,577],\
[89,517,580],
[90,523,578],[91,520,583],[187,562,578],[192,559,580],[189,553,581],[188,550,577],[191,556,584],[190,565,583],[105,17\
8,289],[101,177,293],
[100,179,291],[103,175,283],[102,176,285],[104,180,287],[180,294,332],[179,284,331],[175,290,334],[176,288,335],[178,\
292,336],[177,286,333],
[51,63,286],[50,59,294],[48,61,284],[46,58,290],[47,60,292],[49,62,288],[266,373,426],[272,367,424],[268,376,425],[27\
0,379,427],
[274,364,428],[276,370,429],[338,649,650],[339,647,649],[337,647,650],[390,655,656],[393,656,657],[390,652,653],[393,\
652,654],[389,653,654],
[389,655,657],[398,649,651],[395,650,651],[397,648,650],[402,646,649],[400,646,647],[394,647,648],[130,224,643],[135,\
227,643],[132,228,644],
[131,226,641],[133,223,644],[134,225,641],[70,550,559],[72,553,565],[71,556,562],[43,262,264],[45,259,260],[44,261,26\
3],[35,121,477],
[31,119,474],[32,123,471],[34,118,468],[33,120,483],[36,122,480],[80,146,150],[79,148,149],[81,145,147],[43,119,423],\
[43,118,415],
[45,120,413],[45,123,419],[44,121,421],[44,122,417],[130,150,594],[135,147,588],[132,146,591],[131,149,594],[133,148,\
588],[134,145,591],
[158,250,386],[161,251,384],[164,252,387],[152,249,383],[167,248,385],[155,247,382],[238,380,596],[239,374,598],[235,\
371,598],[236,368,595],
[240,377,595],[237,365,596],[151,223,645],[166,226,640],[163,225,642],[157,228,642],[160,227,645],[154,224,640],[271,\
562,656],[273,559,655],
[275,550,654],[269,556,653],[267,553,652],[265,565,657],[137,138,642],[136,138,640],[136,137,645],[3,231,234],[1,229,\
232],[2,230,233],
[134,216,231],[131,210,232],[130,214,233],[135,212,234],[132,206,230],[133,208,229],[429,437,529],[428,438,541],[427,\
439,538],[426,440,535],
[424,436,526],[425,441,532],[9,298,317],[6,302,318],[4,301,313],[8,300,316],[7,303,314],[5,299,315],[140,218,308],[14\
1,219,304],
[143,222,306],[144,221,309],[142,217,305],[139,220,307],[206,228,460],[212,227,461],[208,223,463],[210,226,462],[214,\
224,464],[216,225,465],
[169,407,573],[172,405,576],[173,410,570],[171,407,572],[170,405,575],[174,410,569],[231,240,648],[230,239,646],[232,\
236,651],[233,238,646],
[229,235,651],[234,237,648],[243,261,587],[241,263,592],[246,259,586],[242,262,593],[245,264,590],[244,260,589],[122,\
294,465],[118,290,461],
[119,288,463],[123,292,462],[120,286,464],[121,284,460],[276,308,527],[268,304,542],[274,306,533],[272,307,530],[266,\
305,539],[270,309,536],
[182,264,516],[181,263,510],[185,262,507],[186,261,501],[183,259,513],[184,260,504],[78,364,620],[74,376,629],[75,370\
,635],[77,373,626],
[73,379,632],[76,367,623],[297,630,633],[295,624,627],[295,633,636],[297,621,627],[296,621,624],[296,630,636],[231,54\
0,636],[230,543,624],
[232,537,621],[233,531,630],[229,534,633],[234,528,627],[3,348,383],[1,350,384],[1,349,382],[2,351,385],[2,346,387],[\
3,347,386],
[109,129,668],[107,128,669],[115,124,667],[111,127,668],[113,125,667],[117,126,669],[195,286,565],[194,288,562],[198,\
290,553],[193,292,550],
[197,294,559],[196,284,556],[112,213,508],[114,205,502],[106,209,505],[108,215,514],[110,211,499],[116,207,511],[422,\
463,547],[420,460,544],
[412,464,549],[416,465,545],[418,462,546],[414,461,548],[35,156,528],[32,153,543],[31,168,540],[36,162,531],[34,165,5\
37],[33,159,534],
[31,182,398],[36,181,397],[33,183,400],[32,184,395],[35,186,402],[34,185,394],[207,411,513],[209,406,507],[215,403,51\
6],[205,408,504],
[211,409,501],[213,404,510],[9,271,385],[7,273,384],[8,275,383],[6,269,382],[5,267,387],[4,265,386],[72,129,554],[72,\
124,566],
[71,125,557],[71,128,563],[70,127,560],[70,126,551],[51,239,613],[47,235,610],[46,240,613],[48,238,607],[49,236,607],\
[50,237,610],
[319,455,609],[323,446,611],[321,452,612],[325,449,615],[329,443,608],[327,458,614],[90,380,648],[92,365,646],[88,374\
,651],[89,371,646],
[91,377,651],[93,368,648],[76,89,547],[73,88,544],[75,93,546],[74,92,548],[77,90,549],[78,91,545],[102,438,622],[100,\
441,631],
[101,436,625],[104,440,619],[105,439,634],[103,437,628],[40,66,326],[38,69,324],[41,64,322],[39,65,320],[42,68,328],[\
37,67,330],
[115,578,672],[109,577,672],[107,580,671],[113,581,671],[117,584,670],[111,583,670],[150,241,559],[145,245,562],[148,\
246,565],[147,243,556],
[146,244,550],[149,242,553],[8,249,378],[9,248,375],[6,247,372],[7,251,369],[4,250,366],[5,252,381],[55,395,510],[56,\
394,513],
[53,397,504],[54,400,507],[57,402,516],[52,398,501],[54,354,477],[53,360,468],[55,358,474],[57,362,483],[56,352,480],\
[52,356,471],
[129,554,668],[127,560,668],[128,563,669],[124,566,667],[126,551,669],[125,557,667],[168,231,540],[153,230,543],[165,\
232,537],[162,233,531],
[156,234,528],[159,229,534],[182,398,516],[183,400,513],[181,397,510],[185,394,507],[184,395,504],[186,402,501],[90,2\
31,648],[92,230,646],
[88,232,651],[89,233,646],[93,234,648],[91,229,651],[7,303,384],[6,302,382],[4,301,386],[9,298,385],[5,299,387],[8,30\
0,383],
[130,233,630],[132,230,624],[133,229,633],[134,231,636],[135,234,627],[131,232,621],[1,232,382],[2,233,385],[3,231,38\
6],[3,234,383],
[2,230,387],[1,229,384],[119,358,474],[118,360,468],[120,362,483],[121,354,477],[123,356,471],[122,352,480],[34,468,5\
37],[36,480,531],
[35,477,528],[33,483,534],[31,474,540],[32,471,543],[43,119,264],[43,118,262],[45,120,259],[45,123,260],[44,122,263],\
[44,121,261],
[130,224,594],[135,227,588],[132,228,591],[131,226,594],[134,225,591],[133,223,588],[374,398,651],[377,395,651],[368,\
397,648],[365,400,646],
[380,394,648],[371,402,646],[269,390,653],[271,390,656],[275,389,654],[273,389,655],[265,393,657],[267,393,652],[115,\
187,578],[107,192,580],
[117,191,584],[111,190,583],[113,189,581],[109,188,577],[207,424,526],[209,429,529],[215,428,541],[205,427,538],[213,\
426,535],[211,425,532],
[94,150,241],[99,147,243],[97,146,244],[96,149,242],[98,145,245],[95,148,246],[44,210,462],[43,206,460],[45,212,461],\
[44,208,463],
[45,216,465],[43,214,464],[76,418,546],[78,414,548],[77,420,544],[75,422,547],[73,412,549],[74,416,545],[146,216,225]\
,[145,206,228],
[148,212,227],[149,214,224],[147,208,223],[150,210,226],[76,197,559],[77,194,562],[78,195,565],[73,198,553],[75,196,5\
56],[74,193,550],
[41,322,435],[42,328,430],[39,320,432],[38,324,433],[37,330,431],[40,326,434],[10,54,477],[11,53,468],[13,56,480],[14\
,55,474],
[15,52,471],[12,57,483],[169,552,573],[172,561,576],[173,567,570],[174,558,569],[170,555,575],[171,564,572],[184,309,\
536],[182,306,533],
[183,307,530],[181,305,539],[186,304,542],[185,308,527],[68,121,460],[66,122,465],[64,119,463],[69,118,461],[65,123,4\
62],[67,120,464],
[9,352,375],[8,354,378],[6,360,372],[5,356,381],[4,358,366],[7,362,369],[158,250,458],[161,251,446],[164,252,449],[15\
2,249,452],
[155,247,443],[167,248,455],[130,150,632],[135,147,620],[132,146,626],[131,149,623],[134,145,629],[133,148,635],[75,6\
30,633],[78,624,627],
[74,633,636],[76,621,627],[73,630,636],[77,621,624],[78,364,382],[74,376,385],[75,370,386],[77,373,383],[76,367,387],\
[73,379,384],
[321,452,566],[327,458,551],[319,455,554],[323,446,557],[325,449,563],[329,443,560],[46,283,613],[48,291,607],[49,285\
,607],[50,287,610],
[51,293,613],[47,289,610],[173,393,656],[172,389,657],[174,390,652],[170,393,654],[169,389,653],[171,390,655],[78,620\
,626],[77,623,626],
[76,620,623],[75,632,635],[73,629,632],[74,629,635],[66,326,498],[68,328,497],[65,320,498],[67,330,496],[69,324,496],\
[64,322,497],
[133,208,222],[132,206,219],[131,210,221],[134,216,217],[130,214,220],[135,212,218],[73,88,133],[74,92,130],[77,90,13\
5],[76,89,132],
[78,91,131],[75,93,134],[27,297,630],[26,295,624],[24,295,633],[25,297,627],[22,296,636],[23,296,621],[52,321,612],[5\
3,325,615],
[56,323,611],[55,319,609],[57,327,614],[54,329,608],[43,423,613],[43,415,607],[45,413,610],[44,417,607],[45,419,613],\
[44,421,610],
[183,337,647],[182,339,649],[185,339,647],[186,338,649],[184,337,650],[181,338,650],[97,460,544],[99,461,548],[95,463\
,547],[96,462,546],
[94,464,549],[98,465,545],[15,55,395],[14,52,398],[11,56,394],[12,54,400],[10,57,402],[13,53,397],[183,286,565],[182,\
288,562],
[185,290,553],[184,292,550],[186,284,556],[181,294,559],[344,394,513],[345,398,501],[342,402,516],[340,395,510],[343,\
397,504],[341,400,507],
[158,197,386],[161,194,384],[152,198,383],[164,196,387],[155,193,382],[167,195,385],[223,358,645],[226,356,640],[225,\
352,642],[228,354,642],
[224,362,640],[227,360,645],[70,437,550],[71,436,562],[71,439,556],[72,441,553],[70,438,559],[72,440,565],[243,261,55\
7],[241,263,560],
[246,259,566],[242,262,554],[244,260,551],[245,264,563],[222,398,649],[221,395,650],[217,397,650],[220,400,647],[219,\
402,649],[218,394,647],
[174,410,538],[169,407,529],[172,405,541],[173,410,535],[171,407,526],[170,405,532],[21,120,286],[17,122,294],[19,119\
,288],[18,121,284],
[16,123,292],[20,118,290],[76,547,639],[78,545,638],[73,544,638],[77,549,637],[75,546,637],[74,548,639],[260,506,589]\
,[259,509,586],
[261,503,587],[263,515,592],[262,500,593],[264,512,590],[110,499,557],[112,508,560],[116,511,566],[114,502,551],[106,\
505,554],[108,514,563],
[437,529,621],[438,541,636],[439,538,624],[440,535,630],[441,532,627],[436,526,633],[13,33,183],[11,32,184],[12,31,18\
2],[14,36,181],
[10,34,185],[15,35,186],[87,207,411],[86,209,406],[85,215,403],[84,205,408],[82,213,404],[83,211,409],[102,240,595],[\
105,239,598],
[104,238,596],[100,237,596],[103,236,595],[101,235,598],[145,562,648],[149,553,651],[150,559,646],[146,550,646],[147,\
556,648],[148,565,651],
[9,317,641],[5,315,641],[6,318,643],[4,313,644],[8,316,644],[7,314,643],[111,363,670],[115,359,672],[109,357,672],[11\
7,355,670],
[107,353,671],[113,361,671],[39,368,595],[37,380,596],[38,365,596],[42,374,598],[40,377,595],[41,371,598],[270,309,57\
4],[276,308,568],
[268,304,571],[274,306,568],[272,307,574],[266,305,571],[224,363,643],[223,359,644],[227,361,643],[228,355,644],[226,\
357,641],[225,353,641],
[9,215,516],[8,205,504],[6,211,501],[7,213,510],[5,209,507],[4,207,513],[271,449,562],[273,443,559],[275,458,550],[26\
9,446,556],
[265,452,565],[267,455,553],[114,205,374],[110,211,365],[106,209,368],[112,213,380],[116,207,371],[108,215,377],[9,15\
7,271],[7,166,273],
[8,163,275],[6,151,269],[4,160,265],[5,154,267],[312,439,634],[311,437,628],[311,440,619],[312,438,622],[310,441,631]\
,[310,436,625],
[2,165,351],[3,159,348],[1,156,350],[1,162,349],[3,153,347],[2,168,346],[250,340,366],[248,344,375],[249,341,378],[24\
7,343,372],
[252,345,381],[251,342,369],[154,173,640],[151,171,645],[166,169,640],[163,172,642],[157,174,642],[160,170,645],[181,\
192,263],[182,187,264],
[186,191,261],[183,190,259],[184,188,260],[185,189,262],[140,308,336],[141,304,334],[139,307,335],[143,306,332],[142,\
305,333],[144,309,331],
[80,150,476],[80,146,482],[79,149,473],[81,145,467],[81,147,479],[79,148,470],[109,500,668],[115,509,667],[111,515,66\
8],[107,512,669],
[117,506,669],[113,503,667],[72,81,129],[72,80,124],[71,80,125],[71,79,128],[70,81,127],[70,79,126],[136,318,645],[13\
8,317,642],
[137,316,642],[136,314,640],[137,313,645],[138,315,640],[32,143,222],[31,144,221],[33,141,219],[34,142,217],[36,140,2\
18],[35,139,220],
[85,231,240],[84,230,239],[82,233,238],[83,234,237],[86,232,236],[87,229,235],[51,239,308],[48,238,306],[49,236,304],\
[50,237,309],
[47,235,305],[46,240,307],[14,101,625],[15,103,628],[10,105,634],[12,104,619],[13,102,622],[11,100,631],[21,92,632],[\
16,91,623],
[18,89,626],[19,88,635],[17,93,629],[20,90,620],[26,145,444],[24,147,456],[22,146,447],[25,148,450],[27,149,459],[23,\
150,453],
[26,445,618],[22,442,616],[25,454,616],[23,457,617],[24,448,617],[27,451,618],[252,269,468],[251,271,480],[247,275,47\
7],[250,273,483],
[248,265,474],[249,267,471],[15,334,595],[14,333,598],[11,331,596],[10,336,598],[12,332,596],[13,335,595],[178,260,28\
9],[177,259,293],
[179,261,291],[175,262,283],[180,263,287],[176,264,285],[302,355,434],[303,353,430],[300,357,431],[298,359,433],[299,\
361,435],[301,363,432],
[137,647,661],[137,650,663],[138,647,662],[138,649,663],[136,649,661],[136,650,662],[260,275,552],[264,271,564],[263,\
273,561],[262,267,555],
[261,269,558],[259,265,567],[155,270,406],[152,276,409],[164,268,408],[161,274,411],[167,272,404],[158,266,403],[223,\
280,485],[226,282,495],
[225,278,493],[224,277,489],[227,279,491],[228,281,487],[197,216,378],[198,212,366],[193,210,369],[195,214,381],[194,\
208,372],[196,206,375],
[274,619,635],[266,625,629],[270,623,631],[276,620,634],[272,622,632],[268,626,628],[316,376,460],[318,370,461],[313,\
364,463],[315,379,462],
[314,367,464],[317,373,465],[103,141,376],[102,139,367],[104,143,364],[101,142,373],[105,140,370],[100,144,379],[32,2\
57,499],[31,255,508],
[33,254,514],[34,253,502],[36,256,511],[35,258,505],[286,332,613],[284,336,607],[294,335,610],[288,333,607],[290,331,\
613],[292,334,610],
[219,338,516],[218,339,513],[221,337,510],[217,338,504],[220,337,507],[222,339,501],[63,233,286],[59,231,294],[61,230\
,284],[58,234,290],
[62,229,288],[60,232,292],[120,219,348],[118,217,351],[121,220,350],[122,218,349],[119,221,346],[123,222,347],[224,42\
4,639],[227,429,637],
[228,425,639],[226,427,638],[225,426,637],[223,428,638],[180,332,625],[179,331,628],[175,334,634],[176,335,619],[177,\
333,622],[178,336,631],
[147,202,283],[146,204,291],[148,201,285],[145,203,287],[149,200,289],[150,199,293],[55,235,398],[57,238,400],[56,240\
,397],[53,237,394],
[52,236,395],[54,239,402],[445,540,603],[454,534,604],[451,537,605],[448,528,601],[442,543,602],[457,531,606],[24,129\
,601],[23,124,606],
[22,125,602],[25,128,604],[26,127,603],[27,126,605],[58,503,511],[63,505,515],[59,502,512],[62,499,509],[60,500,508],\
[61,506,514],
[61,355,515],[59,353,503],[60,357,509],[62,359,500],[58,361,512],[63,363,506],[49,66,115],[50,67,107],[48,69,117],[46\
,65,113],
[51,64,111],[47,68,109],[93,584,636],[92,577,630],[90,578,627],[88,581,633],[91,583,621],[89,580,624],[4,119,137],[6,\
118,136],
[9,122,138],[5,123,138],[8,121,137],[7,120,136],[22,30,68],[26,30,66],[25,28,64],[24,28,69],[27,29,65],[23,29,67],
[523,542,591],[517,536,594],[520,539,591],[523,530,594],[520,527,588],[517,533,588],[7,224,360],[6,227,362],[8,228,35\
8],[9,225,356],
[5,226,352],[4,223,354],[7,250,482],[4,248,473],[5,249,470],[8,247,476],[6,252,467],[9,251,479],[49,174,494],[50,169,\
490],
[47,172,484],[51,170,486],[46,173,492],[48,171,488],[25,310,532],[24,310,526],[22,312,541],[26,312,538],[23,311,529],\
[27,311,535],
[3,151,447],[1,160,453],[3,157,450],[2,163,459],[2,166,444],[1,154,456],[253,307,632],[256,309,623],[255,304,626],[25\
7,305,629],
[258,306,635],[254,308,620],[384,411,452],[382,406,455],[386,403,449],[385,404,443],[387,408,458],[383,409,446],[398,\
445,472],[395,442,469],
[397,457,478],[400,454,481],[402,448,475],[394,451,466],[69,227,415],[66,225,417],[67,224,413],[64,223,423],[65,226,4\
19],[68,228,421],
[16,134,664],[17,131,664],[21,135,666],[18,133,665],[19,132,665],[20,130,666],[143,151,202],[142,163,204],[144,166,19\
9],[141,157,203],
[139,154,200],[140,160,201],[341,389,461],[344,390,464],[345,393,460],[342,389,463],[340,393,465],[343,390,462],[317,\
412,417],[316,414,421],
[314,413,422],[315,419,420],[318,415,418],[313,416,423],[409,503,518],[404,515,519],[403,512,524],[408,506,522],[411,\
509,521],[406,500,525],
[108,254,355],[116,256,361],[114,253,353],[112,255,357],[106,258,363],[110,257,359],[53,500,506],[57,509,512],[56,509\
,515],[55,512,515],
[52,503,506],[54,500,503],[3,403,540],[1,411,534],[1,406,537],[3,409,528],[2,408,543],[2,404,531],[31,268,668],[35,27\
4,668],
[34,272,669],[32,266,667],[33,276,669],[36,270,667],[99,308,600],[96,309,597],[97,304,599],[95,306,600],[94,307,597],\
[98,305,599],
[133,202,280],[130,200,277],[135,201,279],[132,203,281],[131,199,282],[134,204,278],[208,235,612],[216,240,615],[212,\
237,611],[206,239,614],
[214,238,608],[210,236,609],[33,158,579],[36,161,585],[34,164,579],[32,152,585],[31,167,582],[35,155,582],[30,472,634\
],[30,469,622],
[29,466,619],[28,475,625],[29,478,628],[28,481,631],[113,238,301],[109,240,303],[111,237,299],[115,239,302],[107,236,\
300],[117,235,298],
[266,322,426],[272,326,424],[268,320,425],[270,324,427],[276,328,429],[274,330,428],[16,244,275],[21,246,265],[18,243\
,269],[20,242,267],
[17,241,273],[19,245,271],[52,374,618],[54,365,616],[53,368,617],[57,371,617],[56,380,618],[55,377,616],[16,437,552],\
[17,438,561],
[18,439,558],[21,440,567],[20,441,555],[19,436,564],[38,439,537],[42,437,528],[37,438,534],[39,441,543],[41,440,540],\
[40,436,531],
[55,489,570],[52,491,575],[56,485,572],[54,495,573],[57,493,576],[53,487,569],[9,186,401],[5,183,399],[6,182,401],[4,\
185,399],
[8,181,396],[7,184,396],[104,265,435],[101,271,434],[105,269,433],[103,275,430],[102,273,431],[100,267,432],[104,204,\
526],[101,200,541],
[105,199,532],[102,202,535],[100,203,529],[103,201,538],[308,435,653],[305,430,656],[307,432,655],[306,433,657],[309,\
431,652],[304,434,654],
[125,266,499],[126,272,502],[127,268,508],[124,270,511],[128,276,514],[129,274,505],[158,540,615],[164,543,614],[155,\
537,609],[167,531,608],
[152,528,611],[161,534,612],[88,91,136],[89,92,138],[90,93,137],[312,487,493],[310,485,491],[311,489,495],[312,614,61\
5],[311,608,609],
[310,611,612],[524,525,600],[518,519,599],[521,522,597],[320,542,543],[326,530,531],[322,539,540],[324,536,537],[328,\
527,528],[330,533,534],
[26,634,636],[24,625,627],[22,622,624],[25,631,633],[27,619,621],[23,628,630],[132,133,401],[131,134,396],[130,135,39\
9],[321,327,574],
[319,325,568],[323,329,571],[38,143,619],[42,142,625],[37,144,631],[41,140,634],[40,141,628],[39,139,622],[301,482,48\
3],[302,476,477],
[298,473,474],[303,479,480],[299,467,468],[300,470,471],[157,430,480],[151,435,468],[160,433,474],[166,432,483],[163,\
434,477],[154,431,471],
[254,444,524],[258,459,525],[256,450,521],[255,453,519],[257,456,518],[253,447,522],[313,542,638],[317,536,637],[315,\
539,638],[318,530,637],
[314,527,639],[316,533,639],[328,376,659],[322,364,659],[320,379,660],[330,367,658],[324,370,658],[326,373,660],[481,\
532,633],[472,538,636],
[478,529,630],[475,526,627],[466,535,621],[469,541,624],[44,86,336],[44,87,335],[45,83,334],[45,85,332],[43,84,331],[\
43,82,333],
[96,171,417],[95,169,421],[98,170,419],[99,172,413],[97,173,423],[94,174,415],[181,390,427],[185,390,424],[183,389,42\
9],[186,389,428],
[184,393,426],[182,393,425],[76,78,656],[77,78,655],[73,74,653],[76,77,657],[73,75,654],[74,75,652],[303,320,395],[30\
0,326,397],
[301,324,394],[299,330,400],[298,328,402],[302,322,398],[312,498,597],[312,497,600],[311,498,599],[311,496,600],[310,\
496,597],[310,497,599],
[224,289,593],[227,285,586],[225,291,589],[223,283,587],[226,293,592],[228,287,590],[26,51,466],[22,46,481],[25,50,46\
9],[23,49,475],
[24,47,478],[27,48,472],[114,239,344],[112,238,345],[106,236,342],[110,237,340],[116,235,343],[108,240,341],[154,165,\
582],[162,166,582],
[159,160,585],[157,168,579],[153,163,579],[151,156,585],[144,468,648],[142,474,651],[140,477,646],[143,483,646],[139,\
480,648],[141,471,651],
[67,437,630],[68,438,624],[64,441,633],[69,436,627],[66,439,636],[65,440,621],[268,595,629],[274,596,620],[270,596,63\
2],[276,598,635],
[272,595,623],[266,598,626],[12,144,346],[10,142,351],[15,139,350],[14,140,349],[11,143,347],[13,141,348],[28,571,659\
],[30,568,659],
[30,574,660],[29,568,658],[28,574,658],[29,571,660],[630,635,653],[629,633,654],[623,627,655],[620,624,657],[632,636,\
652],[621,626,656],
[144,346,468],[139,350,480],[142,351,474],[141,348,471],[143,347,483],[140,349,477],[529,630,653],[526,627,655],[541,\
624,657],[532,633,654],
[535,621,656],[538,636,652],[376,571,659],[370,568,658],[364,568,659],[379,574,660],[373,571,660],[367,574,658],[26,5\
1,634],[25,50,631],
[27,48,619],[23,49,628],[22,46,622],[24,47,625],[324,394,537],[322,398,540],[328,402,528],[320,395,543],[330,400,534]\
,[326,397,531],
[328,527,639],[320,542,638],[322,539,638],[324,536,637],[330,533,639],[326,530,637],[254,524,600],[255,519,599],[258,\
525,600],[257,518,599],
[253,522,597],[256,521,597],[312,540,615],[312,543,614],[311,537,609],[310,534,612],[310,528,611],[311,531,608],[38,5\
37,619],[42,528,625],
[37,534,631],[40,531,628],[39,543,622],[41,540,634],[238,301,483],[235,298,474],[240,303,480],[237,299,468],[236,300,\
471],[239,302,477],
[30,568,634],[28,574,631],[30,574,622],[29,568,619],[29,571,628],[28,571,625],[99,308,413],[95,306,421],[97,304,423],\
[96,309,417],
[94,307,415],[98,305,419],[106,258,459],[108,254,444],[116,256,450],[110,257,456],[114,253,447],[112,255,453],[174,41\
5,418],[171,412,417],
[169,414,421],[173,416,423],[172,413,422],[170,419,420],[143,202,619],[142,204,625],[144,199,631],[139,200,622],[140,\
201,634],[141,203,628],
[227,285,415],[225,291,417],[224,289,413],[223,283,423],[228,287,421],[226,293,419],[3,157,430],[3,151,435],[1,154,43\
1],[1,160,433],
[2,163,434],[2,166,432],[22,312,493],[26,312,487],[25,310,491],[27,311,489],[23,311,495],[24,310,485],[228,358,590],[\
225,356,589],
[226,352,592],[224,360,593],[223,354,587],[227,362,586],[313,523,542],[317,517,536],[315,520,539],[318,523,530],[316,\
517,533],[314,520,527],
[88,481,633],[93,472,636],[92,478,630],[90,475,627],[89,469,624],[91,466,621],[100,320,379],[104,322,364],[103,328,37\
6],[102,330,367],
[101,326,373],[105,324,370],[619,630,635],[625,629,633],[623,627,631],[620,624,634],[621,626,628],[622,632,636],[15,1\
39,595],[14,140,598],
[12,144,596],[11,143,596],[13,141,595],[10,142,598],[26,466,618],[22,481,616],[25,469,616],[23,475,617],[27,472,618],\
[24,478,617],
[26,145,636],[24,147,627],[22,146,624],[25,148,633],[23,150,630],[27,149,621],[239,308,344],[238,306,345],[236,304,34\
2],[237,309,340],
[240,307,341],[235,305,343],[88,136,318],[92,138,315],[90,137,313],[89,138,317],[91,136,314],[93,137,316],[81,303,479\
],[80,302,476],
[80,301,482],[79,298,473],[79,300,470],[81,299,467],[43,144,331],[43,142,333],[44,140,336],[45,143,332],[45,141,334],\
[44,139,335],
[185,189,424],[183,190,429],[182,187,425],[181,192,427],[186,191,428],[184,188,426],[157,168,174],[153,163,172],[154,\
165,173],[159,160,170],
[151,156,171],[162,166,169],[3,159,585],[1,162,582],[1,156,585],[3,153,579],[2,168,579],[2,165,582],[312,600,634],[31\
1,599,628],
[311,600,619],[310,599,625],[312,597,622],[310,597,631],[39,268,595],[37,274,596],[38,270,596],[42,276,598],[41,266,5\
98],[40,272,595],
[144,562,648],[142,553,651],[143,550,646],[140,559,646],[141,565,651],[139,556,648],[76,78,639],[77,78,638],[73,74,63\
8],[76,77,637],
[74,75,639],[73,75,637],[440,565,621],[439,556,636],[437,550,630],[441,553,633],[438,559,624],[436,562,627],[114,344,\
394],[112,345,398],
[106,342,402],[110,340,395],[108,341,400],[116,343,397],[133,222,401],[131,221,396],[132,219,401],[130,220,399],[135,\
218,399],[134,217,396],
[66,312,498],[68,312,497],[65,311,498],[67,311,496],[64,310,497],[69,310,496],[595,629,632],[598,620,626],[595,623,62\
6],[596,620,623],
[596,632,635],[598,629,635],[325,563,568],[321,566,574],[327,551,574],[319,554,568],[329,560,571],[323,557,571],[67,7\
5,630],[68,78,624],
[69,76,627],[64,74,633],[66,73,636],[65,77,621],[14,160,474],[15,154,471],[10,163,477],[12,166,483],[11,151,468],[13,\
157,480],
[76,418,656],[73,412,653],[78,414,655],[77,420,657],[74,416,652],[75,422,654],[45,85,212],[43,84,214],[44,87,210],[43\
,82,206],
[44,86,208],[45,83,216],[269,390,427],[271,390,424],[275,389,429],[273,389,428],[267,393,425],[265,393,426],[302,374,\
398],[303,377,395],
[300,368,397],[298,371,402],[301,380,394],[299,365,400],[104,435,526],[101,434,541],[105,433,532],[103,430,538],[100,\
432,529],[102,431,535],
[266,322,499],[272,326,502],[268,320,508],[270,324,511],[274,330,505],[276,328,514],[20,130,242],[19,132,245],[18,133\
,243],[16,134,244],
[17,131,241],[21,135,246],[47,109,188],[49,115,187],[50,107,192],[48,117,191],[46,113,189],[51,111,190],[58,409,503],\
[63,404,515],
[60,406,500],[59,403,512],[61,408,506],[62,411,509],[3,445,540],[1,454,534],[1,451,537],[3,448,528],[2,457,531],[2,44\
2,543],
[220,337,350],[218,339,349],[217,338,351],[219,338,348],[221,337,346],[222,339,347],[7,136,650],[4,137,647],[5,138,64\
7],[8,137,650],
[9,138,649],[6,136,649],[61,302,355],[59,303,353],[60,300,357],[62,298,359],[63,301,363],[58,299,361],[92,253,632],[9\
3,257,629],
[91,256,623],[89,255,626],[90,254,620],[88,258,635],[14,180,625],[15,179,628],[10,175,634],[12,176,619],[11,178,631],\
[13,177,622],
[32,222,499],[31,221,508],[33,219,514],[34,217,502],[35,220,505],[36,218,511],[24,81,129],[23,80,124],[22,80,125],[25\
,79,128],
[27,79,126],[26,81,127],[500,506,668],[509,512,667],[509,515,668],[512,515,669],[503,506,669],[500,503,667],[7,250,34\
0],[4,248,344],
[5,249,341],[8,247,343],[9,251,342],[6,252,345],[114,374,618],[108,377,616],[110,365,616],[106,368,617],[112,380,618]\
,[116,371,617],
[157,271,449],[166,273,443],[163,275,458],[151,269,446],[154,267,455],[160,265,452],[270,406,574],[276,409,568],[268,\
408,571],[274,411,568],
[266,403,571],[272,404,574],[353,641,671],[363,643,670],[361,643,671],[359,644,672],[357,641,672],[355,644,670],[9,40\
1,641],[5,399,641],
[6,401,643],[4,399,644],[7,396,643],[8,396,644],[85,102,240],[84,105,239],[87,101,235],[82,104,238],[86,103,236],[83,\
100,237],
[16,437,621],[17,438,636],[18,439,624],[21,440,630],[19,436,633],[20,441,627],[178,260,506],[176,264,512],[177,259,50\
9],[179,261,503],
[175,262,500],[180,263,515],[16,232,292],[21,233,286],[17,231,294],[20,234,290],[19,229,288],[18,230,284],[51,170,532\
],[49,174,538],
[50,169,529],[47,172,541],[48,171,526],[46,173,535],[222,398,445],[221,395,442],[217,397,457],[220,400,454],[218,394,\
451],[219,402,448],
[110,243,557],[112,241,560],[116,246,566],[108,245,563],[106,242,554],[114,244,551],[223,358,485],[226,356,495],[225,\
352,493],[227,360,491],
[228,354,487],[224,362,489],[15,55,489],[14,52,491],[11,56,485],[12,54,495],[13,53,487],[10,57,493],[97,376,460],[99,\
370,461],
[95,364,463],[96,379,462],[98,373,465],[94,367,464],[183,565,647],[182,562,649],[181,559,650],[185,553,647],[186,556,\
649],[184,550,650],
[43,286,613],[43,284,607],[45,294,610],[44,288,607],[44,292,610],[45,290,613],[54,238,608],[52,235,612],[53,240,615],\
[56,237,611],
[55,236,609],[57,239,614],[88,133,280],[92,130,277],[90,135,279],[89,132,281],[93,134,278],[91,131,282],[173,393,460]\
,[169,389,463],
[172,389,461],[174,390,464],[171,390,462],[170,393,465],[46,202,283],[48,204,291],[51,199,293],[49,201,285],[47,200,2\
89],[50,203,287],
[167,455,582],[158,458,579],[161,446,585],[164,449,579],[155,443,582],[152,452,585],[4,358,513],[9,352,516],[8,354,50\
4],[6,360,501],
[7,362,510],[5,356,507],[22,68,460],[26,66,465],[25,64,463],[24,69,461],[23,67,464],[27,65,462],[10,185,308],[14,181,\
305],
[13,183,307],[11,184,309],[12,182,306],[15,186,304],[264,564,572],[262,555,575],[260,552,573],[263,561,576],[259,567,\
570],[261,558,569],
[41,308,435],[42,305,430],[39,307,432],[38,306,433],[40,304,434],[37,309,431],[75,196,387],[78,195,385],[76,197,386],\
[74,193,382],
[73,198,383],[77,194,384],[145,196,206],[147,194,208],[146,197,216],[148,198,212],[150,193,210],[149,195,214],[94,150\
,632],[99,147,620],
[97,146,626],[96,149,623],[95,148,635],[98,145,629],[87,207,424],[86,209,429],[85,215,428],[84,205,427],[82,213,426],\
[83,211,425],
[224,424,594],[227,429,588],[228,425,591],[226,427,594],[223,428,588],[225,426,591],[269,468,537],[271,480,531],[275,\
477,528],[273,483,534],
[267,471,543],[265,474,540],[119,264,358],[118,262,360],[120,259,362],[122,263,352],[121,261,354],[123,260,356],[78,2\
32,382],[74,233,385],
[75,231,386],[77,234,383],[73,229,384],[76,230,387],[27,130,630],[26,132,624],[24,133,633],[22,134,636],[23,131,621],\
[25,135,627],
[303,384,452],[302,382,455],[301,386,449],[298,385,443],[300,383,446],[299,387,458],[55,398,516],[57,400,513],[56,397\
,510],[53,394,507],
[54,402,501],[52,395,504],[90,168,231],[92,153,230],[88,165,232],[89,162,233],[91,159,229],[93,156,234],[268,554,668]\
,[274,560,668],
[272,563,669],[266,566,667],[270,557,667],[276,551,669],[523,569,570],[517,572,573],[520,575,576],[88,565,567],[93,56\
2,564],[92,559,561],
[90,556,558],[89,550,552],[91,553,555],[88,91,579],[90,93,582],[89,92,585],[489,495,594],[485,491,588],[487,493,591],\
[171,346,582],
[174,350,582],[170,351,579],[169,347,585],[173,348,579],[172,349,585],[46,139,284],[50,144,288],[48,143,292],[51,140,\
294],[49,141,286],
[47,142,290],[3,197,198],[1,193,194],[2,195,196],[243,458,459],[244,455,456],[245,452,453],[241,449,450],[242,446,447\
],[246,443,444],
[160,328,552],[154,326,564],[157,320,555],[166,324,558],[151,330,561],[163,322,567],[178,222,532],[175,217,538],[176,\
221,535],[179,220,529],
[180,218,526],[177,219,541],[87,282,287],[82,281,285],[86,280,291],[85,279,293],[84,277,283],[83,278,289],[320,337,38\
7],[322,339,386],
[328,338,383],[330,337,384],[324,339,382],[326,338,385],[47,83,374],[48,86,365],[50,87,380],[46,84,368],[51,85,371],[\
49,82,377],
[212,409,586],[214,404,593],[210,406,592],[216,403,589],[206,408,590],[208,411,587],[86,280,429],[84,277,427],[87,282\
,424],[85,279,428],
[83,278,425],[82,281,426],[350,455,582],[349,452,585],[351,458,579],[347,446,585],[348,449,579],[346,443,582],[45,51,\
294],[43,49,286],
[43,46,284],[44,50,288],[45,47,290],[44,48,292],[92,559,650],[88,565,647],[89,550,650],[93,562,649],[91,553,647],[90,\
556,649],
[10,493,591],[15,489,594],[13,487,591],[14,491,588],[11,485,588],[12,495,594],[114,244,455],[112,241,449],[110,243,45\
8],[106,242,446],
[116,246,443],[108,245,452],[178,222,445],[175,217,457],[176,221,442],[179,220,454],[177,219,448],[180,218,451],[51,1\
78,532],[49,175,538],
[46,176,535],[50,179,529],[47,177,541],[48,180,526],[406,574,592],[411,568,587],[409,568,586],[408,571,590],[404,574,\
593],[403,571,589],
[160,452,552],[154,455,564],[157,449,555],[166,443,558],[163,458,567],[151,446,561],[89,255,585],[90,254,582],[92,253\
,585],[88,258,579],
[91,256,579],[93,257,582],[320,337,350],[322,339,349],[328,338,351],[324,339,347],[326,338,348],[330,337,346],[58,212\
,409],[63,214,404],
[60,210,406],[59,216,403],[61,206,408],[62,208,411],[46,84,189],[51,85,190],[49,82,187],[47,83,188],[50,87,192],[48,8\
6,191],
[160,328,514],[154,326,502],[163,322,499],[166,324,511],[157,320,508],[151,330,505],[49,141,595],[47,142,598],[46,139\
,595],[48,143,596],
[51,140,598],[50,144,596],[100,320,387],[101,326,385],[104,322,386],[103,328,383],[102,330,384],[105,324,382],[88,481\
,567],[93,472,564],
[92,478,561],[90,475,558],[91,466,555],[89,469,552],[316,517,572],[314,520,575],[313,523,569],[317,517,573],[318,523,\
570],[315,520,576],
[3,197,435],[2,195,434],[3,198,430],[1,194,431],[2,196,432],[1,193,433],[83,289,413],[87,287,421],[84,283,423],[82,28\
5,415],
[85,293,419],[86,291,417],[114,242,447],[112,245,453],[106,243,459],[108,246,444],[116,241,450],[110,244,456],[47,374\
,625],[49,377,628],
[46,368,622],[51,371,634],[50,380,631],[48,365,619],[171,346,468],[174,350,480],[170,351,474],[173,348,471],[172,349,\
477],[169,347,483],
[264,358,572],[262,360,575],[261,354,569],[260,356,573],[259,362,570],[263,352,576],[10,41,308],[15,40,304],[14,42,30\
5],[13,39,307],
[11,37,309],[12,38,306],[54,360,501],[52,354,504],[53,356,507],[56,362,510],[55,352,516],[57,358,513],[27,171,462],[2\
3,174,464],
[26,170,465],[22,173,460],[24,172,461],[25,169,463],[16,78,232],[21,74,233],[17,75,231],[20,77,234],[18,76,230],[19,7\
3,229],
[401,641,672],[399,641,671],[396,644,672],[401,643,670],[399,644,670],[396,643,671],[178,506,668],[176,512,667],[175,\
500,667],[177,509,668],
[180,515,669],[179,503,669],[7,340,650],[4,344,647],[5,341,647],[8,343,650],[6,345,649],[9,342,649],[27,130,242],[26,\
132,245],
[24,133,243],[22,134,244],[25,135,246],[23,131,241],[61,302,374],[59,303,377],[60,300,368],[62,298,371],[63,301,380],\
[58,299,365],
[269,427,537],[271,424,531],[275,429,528],[273,428,534],[265,426,540],[267,425,543],[85,102,212],[84,105,214],[87,101\
,210],[82,104,206],
[83,100,216],[86,103,208],[14,160,180],[15,154,179],[10,163,175],[12,166,176],[13,157,177],[11,151,178],[67,75,387],[\
68,78,385],
[69,76,386],[64,74,382],[65,77,384],[66,73,383],[94,595,632],[99,598,620],[97,595,626],[96,596,623],[98,598,629],[95,\
596,635],
[222,401,499],[218,399,511],[221,396,508],[219,401,514],[217,396,502],[220,399,505],[16,565,621],[20,562,627],[19,553\
,633],[17,556,636],
[18,559,624],[21,550,630],[40,272,563],[41,266,566],[39,268,554],[37,274,560],[42,276,551],[38,270,557],[3,445,585],[\
1,454,582],
[1,451,585],[3,448,579],[2,442,582],[2,457,579],[90,168,174],[92,153,172],[93,156,171],[88,165,173],[89,162,169],[91,\
159,170],
[189,424,594],[190,429,588],[187,425,591],[192,427,594],[188,426,591],[191,428,588],[45,141,565],[43,144,562],[43,142\
,553],[44,139,556],
[44,140,559],[45,143,550],[81,303,452],[80,302,455],[80,301,449],[79,298,443],[81,299,458],[79,300,446],[88,280,318],\
[92,277,315],
[91,282,314],[90,279,313],[93,278,316],[89,281,317],[145,196,636],[147,194,627],[146,197,624],[148,198,633],[149,195,\
621],[150,193,630],
[114,466,618],[108,481,616],[110,469,616],[106,475,617],[116,478,617],[112,472,618],[358,485,590],[356,495,589],[352,\
493,592],[360,491,593],
[362,489,586],[354,487,587],[24,81,485],[23,80,495],[22,80,493],[25,79,491],[26,81,487],[27,79,489],[46,202,619],[48,\
204,625],
[51,199,631],[50,203,628],[49,201,634],[47,200,622],[174,418,656],[172,422,654],[171,412,653],[169,414,655],[170,420,\
657],[173,416,652],
[308,344,413],[306,345,421],[304,342,423],[309,340,417],[305,343,419],[307,341,415],[563,568,634],[566,574,631],[551,\
574,622],[554,568,619],
[557,571,625],[560,571,628],[54,238,483],[52,235,474],[53,240,480],[56,237,468],[57,239,477],[55,236,471],[543,622,63\
6],[537,619,630],
[534,627,631],[528,625,633],[540,624,634],[531,621,628],[66,312,540],[68,312,543],[65,311,537],[67,311,531],[69,310,5\
28],[64,310,534],
[254,600,634],[255,599,628],[258,600,619],[257,599,625],[256,597,631],[253,597,622],[78,328,639],[77,320,638],[74,322\
,638],[76,324,637],
[73,326,637],[75,330,639],[114,394,537],[112,398,540],[106,402,528],[110,395,543],[116,397,531],[108,400,534],[97,376\
,571],[99,370,568],
[95,364,568],[96,379,574],[94,367,574],[98,373,571],[435,526,655],[434,541,657],[433,532,654],[430,538,652],[431,535,\
656],[432,529,653],
[49,254,634],[47,253,622],[46,258,619],[48,257,625],[51,256,631],[50,255,628],[81,485,590],[80,495,589],[80,493,592],\
[79,491,593],
[79,489,586],[81,487,587],[196,543,636],[193,537,630],[197,540,624],[194,534,627],[195,531,621],[198,528,633],[90,174\
,656],[92,172,654],
[89,169,655],[93,171,653],[91,170,657],[88,173,652],[38,557,625],[37,560,628],[42,551,622],[40,563,634],[39,554,619],\
[41,566,631],
[16,45,565],[20,43,562],[19,43,553],[17,44,556],[21,45,550],[18,44,559],[69,429,528],[65,427,537],[67,424,531],[64,42\
8,534],
[66,426,540],[68,425,543],[401,514,670],[396,502,671],[401,499,672],[399,511,671],[399,505,670],[396,508,672],[16,78,\
328],[21,74,322],
[17,75,330],[20,77,320],[19,73,326],[18,76,324],[57,358,477],[54,360,483],[52,354,474],[53,356,480],[55,352,471],[56,\
362,468],
[27,171,468],[23,174,480],[26,170,474],[22,173,471],[25,169,483],[24,172,477],[61,374,625],[59,377,628],[60,368,622],\
[62,371,634],
[58,365,619],[63,380,631],[27,114,242],[23,116,241],[26,112,245],[24,106,243],[22,110,244],[25,108,246],[83,344,413],\
[87,345,421],
[86,340,417],[84,342,423],[82,341,415],[85,343,419],[193,433,654],[197,435,655],[195,434,657],[198,430,652],[196,432,\
653],[194,431,656],
[316,358,572],[314,360,575],[313,354,569],[317,356,573],[315,352,576],[318,362,570],[110,469,552],[112,472,564],[114,\
466,555],[108,481,567],
[116,478,561],[106,475,558],[67,100,387],[68,101,385],[66,103,383],[69,104,386],[64,105,382],[65,102,384],[49,94,595]\
,[47,99,598],
[46,97,595],[48,96,596],[50,95,596],[51,98,598],[160,180,514],[154,179,502],[163,175,499],[166,176,511],[151,178,505]\
,[157,177,508],
[84,189,594],[85,190,588],[82,187,591],[87,192,594],[86,191,588],[83,188,591],[58,102,212],[62,103,208],[63,105,214],\
[60,101,210],
[59,100,216],[61,104,206],[255,445,585],[254,454,582],[253,451,585],[258,448,579],[257,442,582],[256,457,579],[81,452\
,552],[80,455,564],
[80,449,555],[79,443,558],[79,446,561],[81,458,567],[98,571,590],[97,571,589],[94,574,592],[96,574,593],[95,568,586],\
[99,568,587],
[178,445,668],[179,454,669],[180,451,669],[177,448,668],[176,442,667],[175,457,667],[110,458,543],[114,455,537],[112,\
449,540],[108,452,534],
[116,443,531],[106,446,528],[12,38,594],[11,37,588],[10,41,591],[15,40,594],[14,42,588],[13,39,591],[88,344,647],[90,\
345,649],
[92,340,650],[93,342,649],[91,341,647],[89,343,650],[45,51,178],[43,49,175],[43,46,176],[44,48,180],[45,47,177],[44,5\
0,179],
[320,350,455],[322,349,452],[328,351,458],[324,347,446],[330,346,443],[326,348,449],[280,318,429],[277,315,427],[282,\
314,424],[279,313,428],
[281,317,426],[278,316,425],[255,445,668],[254,454,669],[253,451,669],[258,448,668],[256,457,667],[257,442,667],[38,8\
4,594],[37,85,588],
[41,82,591],[40,87,594],[42,86,588],[39,83,591],[50,95,255],[49,94,254],[47,99,253],[46,97,258],[51,98,256],[48,96,25\
7],
[61,69,104],[58,65,102],[59,67,100],[63,64,105],[60,68,101],[62,66,103],[81,110,552],[80,112,564],[80,114,555],[81,10\
8,567],
[79,106,558],[79,116,561],[83,88,344],[87,90,345],[86,92,340],[84,93,342],[85,89,343],[82,91,341],[27,114,468],[23,11\
6,480],
[24,106,477],[26,112,474],[25,108,483],[22,110,471],[316,358,477],[314,360,483],[313,354,474],[317,356,480],[318,362,\
468],[315,352,471],
[16,328,458],[20,320,455],[19,326,449],[21,322,452],[18,324,446],[17,330,443],[180,514,670],[179,502,671],[175,499,67\
2],[176,511,671],
[177,508,672],[178,505,670],[69,318,429],[65,315,427],[67,314,424],[64,313,428],[68,316,425],[66,317,426],[16,45,178]\
,[20,43,175],
[19,43,176],[17,44,180],[18,44,179],[21,45,177],[38,61,625],[37,59,628],[42,60,622],[40,62,634],[41,63,631],[39,58,61\
9],
[88,198,652],[90,194,656],[92,193,654],[89,197,655],[93,196,653],[91,195,657],[196,458,543],[193,455,537],[197,449,54\
0],[194,452,534],
[198,446,528],[195,443,531],[81,98,590],[80,97,589],[80,94,592],[79,96,593],[81,99,587],[79,95,586],[16,178,670],[20,\
175,672],
[19,176,671],[17,180,670],[21,177,672],[18,179,671],[16,196,458],[20,193,455],[19,197,449],[21,194,452],[17,195,443],\
[18,198,446],
[114,318,468],[110,315,471],[108,314,483],[112,313,474],[116,317,480],[106,316,477],[83,88,198],[87,90,194],[82,91,19\
5],[86,92,193],
[84,93,196],[85,89,197],[79,95,106],[81,98,110],[80,97,112],[80,94,114],[79,96,116],[81,99,108],[61,69,318],[58,65,31\
5],
[59,67,314],[63,64,313],[62,66,317],[60,68,316],[95,255,668],[94,254,669],[99,253,669],[97,258,668],[96,257,667],[98,\
256,667],
[39,58,83],[38,61,84],[41,63,82],[37,59,85],[40,62,87],[42,60,86],[94,114,669],[95,106,668],[98,110,667],[99,108,669]\
,
[96,116,667],[97,112,668],[61,84,196],[60,86,193],[58,83,198],[59,85,197],[62,87,194],[63,82,195],[61,114,318],[60,10\
6,316],
[58,110,315],[59,108,314],[62,116,317],[63,112,313],[16,196,670],[20,193,672],[18,198,671],[19,197,671],[21,194,672],\
[17,195,670],
[61,114,669],[60,106,668],[58,110,667],[59,108,669],[63,112,668],[62,116,667],[61,196,670],[60,193,672],[58,198,671],\
[59,197,671],
[63,195,670],[62,194,672],[61,669,670],[60,668,672],[58,667,671],[59,669,671],[62,667,672],[63,668,670]];
 #---------------------------------------------------

