#SurfaceInfo: 133 Vertices, 399 Edges, 266 Faces, IsOrientable=true
 #Vertices of faces:
vof1:=[[131,132,133],[130,131,132],[129,131,133],[128,132,133],[125,126,127],[123,124,126],[121,122,126],[121,125,126],[123,126,127],[122,124,126],
[118,119,120],[115,116,117],[112,113,114],[109,110,111],[106,107,108],[103,104,105],[100,101,102],[98,99,101],[96,97,104],[94,95,107],
[93,115,116],[92,112,113],[91,109,110],[90,118,119],[89,119,120],[88,118,120],[86,87,119],[84,85,118],[82,83,120],[82,88,120],
[84,90,118],[86,89,119],[85,88,118],[83,89,120],[87,90,119],[81,93,115],[80,92,112],[79,91,109],[94,106,107],[98,100,101],
[96,103,104],[96,122,124],[94,123,127],[98,121,125],[77,78,97],[75,76,99],[73,74,95],[80,101,102],[79,107,108],[81,104,105],
[72,94,95],[71,98,99],[70,96,97],[69,99,101],[68,95,107],[67,97,104],[88,93,116],[89,91,110],[90,92,113],[68,79,107],
[67,81,104],[69,80,101],[72,94,127],[70,96,124],[71,98,121],[72,73,95],[70,77,97],[71,75,99],[69,76,99],[67,78,97],
[68,74,95],[82,88,116],[84,90,113],[86,89,110],[85,88,93],[87,90,92],[83,89,91],[96,103,122],[94,106,123],[98,100,125],
[81,105,115],[79,108,109],[80,102,112],[66,121,122],[65,123,124],[64,125,127],[62,63,114],[60,61,111],[58,59,117],[57,116,117],
[56,110,111],[55,113,114],[54,115,117],[53,109,111],[52,112,114],[51,81,93],[50,79,91],[49,80,92],[56,60,111],[55,62,114],
[57,58,117],[54,59,117],[53,61,111],[52,63,114],[64,72,127],[66,71,121],[65,70,124],[54,105,115],[52,102,112],[53,108,109],
[66,103,122],[64,100,125],[65,106,123],[51,85,93],[49,87,92],[50,83,91],[55,84,113],[57,82,116],[56,86,110],[48,72,73],
[47,71,75],[46,70,77],[45,68,74],[44,69,76],[43,67,78],[50,68,79],[49,69,80],[51,67,81],[42,84,85],[41,82,83],
[40,86,87],[39,103,105],[38,100,102],[37,106,108],[42,55,84],[40,56,86],[41,57,82],[42,51,85],[40,49,87],[41,50,83],
[37,65,106],[39,66,103],[38,64,100],[39,54,105],[37,53,108],[38,52,102],[36,56,60],[35,55,62],[34,57,58],[33,54,59],
[32,52,63],[31,53,61],[43,51,67],[44,49,69],[45,50,68],[48,64,72],[46,65,70],[47,66,71],[35,42,55],[34,41,57],
[36,40,56],[33,39,54],[32,38,52],[31,37,53],[39,47,66],[38,48,64],[37,46,65],[42,43,51],[41,45,50],[40,44,49],
[35,42,43],[36,40,44],[34,41,45],[33,39,47],[31,37,46],[32,38,48],[30,77,78],[29,75,76],[28,73,74],[27,43,78],
[26,44,76],[25,45,74],[24,47,75],[23,46,77],[22,48,73],[23,30,77],[22,28,73],[24,29,75],[27,30,78],[25,28,74],
[26,29,76],[27,35,43],[25,34,45],[26,36,44],[24,33,47],[22,32,48],[23,31,46],[20,21,30],[18,19,28],[16,17,29],
[15,60,61],[14,58,59],[13,62,63],[12,33,59],[11,31,61],[10,32,63],[9,35,62],[8,34,58],[7,36,60],[9,13,62],
[7,15,60],[8,14,58],[11,15,61],[10,13,63],[12,14,59],[16,24,29],[20,23,30],[18,22,28],[12,24,33],[11,23,31],
[10,22,32],[9,27,35],[7,26,36],[8,25,34],[21,27,30],[17,26,29],[19,25,28],[5,6,14],[3,4,15],[1,2,13],
[5,12,14],[1,10,13],[3,11,15],[2,9,13],[6,8,14],[4,7,15],[9,21,27],[8,19,25],[7,17,26],[12,16,24],
[10,18,22],[11,20,23],[5,12,16],[3,11,20],[1,10,18],[6,8,19],[4,7,17],[2,9,21],[16,17,130],[18,19,129],
[20,21,128],[5,16,130],[3,20,128],[1,18,129],[6,19,129],[2,21,128],[4,17,130],[5,6,131],[1,2,133],[3,4,132],
[5,130,131],[3,128,132],[1,129,133],[6,129,131],[4,130,132],[2,128,133]];
###############################################################

#SurfaceInfo: 139 Vertices, 417 Edges, 278 Faces, IsOrientable=true
 #Vertices of faces:
vof2:=[[137,138,139],[136,137,138],[135,138,139],[134,137,139],[131,132,133],[128,129,130],[125,126,127],[122,123,124],[120,121,123],[118,119,123],
[126,129,132],[115,116,117],[112,113,114],[109,110,111],[106,107,108],[103,104,105],[100,101,102],[97,98,99],[94,95,96],[91,92,93],
[90,115,116],[89,109,110],[88,112,113],[126,131,132],[128,129,132],[125,126,129],[120,122,123],[118,121,123],[119,123,124],[86,87,120],
[84,85,118],[82,83,124],[90,122,124],[88,118,119],[89,120,121],[92,132,133],[95,126,127],[98,129,130],[81,106,107],[80,103,104],
[79,100,101],[97,98,130],[91,92,133],[94,95,127],[82,90,124],[86,89,120],[84,88,118],[95,126,131],[98,125,129],[92,128,132],
[87,120,122],[83,119,124],[85,118,121],[90,115,122],[88,112,119],[89,109,121],[97,107,108],[91,101,102],[94,104,105],[77,78,96],
[75,76,93],[73,74,99],[72,98,99],[71,92,93],[70,95,96],[69,91,93],[68,94,96],[67,97,99],[81,90,116],[80,89,110],
[79,88,113],[67,97,107],[68,94,104],[69,91,101],[70,77,96],[72,73,99],[71,75,93],[68,78,96],[67,74,99],[69,76,93],
[81,106,116],[79,100,113],[80,103,110],[70,95,131],[71,92,128],[72,98,125],[81,82,90],[79,84,88],[80,86,89],[97,108,130],
[94,105,127],[91,102,133],[87,115,122],[85,109,121],[83,112,119],[65,66,114],[63,64,117],[61,62,111],[60,131,133],[59,128,130],
[58,125,127],[57,116,117],[56,110,111],[55,113,114],[54,115,117],[53,109,111],[52,112,114],[51,81,107],[50,80,104],[49,79,101],
[56,61,111],[57,63,117],[55,65,114],[52,66,114],[53,62,111],[54,64,117],[57,106,116],[56,103,110],[55,100,113],[54,87,115],
[52,83,112],[53,85,109],[60,102,133],[59,108,130],[58,105,127],[51,81,82],[50,80,86],[49,79,84],[60,70,131],[58,72,125],
[59,71,128],[48,70,77],[47,72,73],[46,71,75],[45,67,74],[44,69,76],[43,68,78],[51,67,107],[49,69,101],[50,68,104],
[42,106,108],[41,103,105],[40,100,102],[39,86,87],[38,82,83],[37,84,85],[42,57,106],[40,55,100],[41,56,103],[38,51,82],
[39,50,86],[37,49,84],[40,60,102],[42,59,108],[41,58,105],[39,54,87],[37,53,85],[38,52,83],[36,56,61],[35,55,65],
[34,57,63],[33,52,66],[32,54,64],[31,53,62],[45,51,67],[43,50,68],[44,49,69],[48,60,70],[46,59,71],[47,58,72],
[35,40,55],[36,41,56],[34,42,57],[33,38,52],[31,37,53],[32,39,54],[40,48,60],[41,47,58],[42,46,59],[38,45,51],
[37,44,49],[39,43,50],[35,40,48],[34,42,46],[36,41,47],[33,38,45],[32,39,43],[31,37,44],[30,73,74],[29,75,76],
[28,77,78],[27,45,74],[26,43,78],[25,44,76],[24,48,77],[23,46,75],[22,47,73],[22,30,73],[24,28,77],[23,29,75],
[26,28,78],[25,29,76],[27,30,74],[24,35,48],[22,36,47],[23,34,46],[27,33,45],[25,31,44],[26,32,43],[20,21,29],
[18,19,30],[16,17,28],[15,65,66],[14,61,62],[13,63,64],[12,33,66],[11,31,62],[10,32,64],[9,35,65],[8,36,61],
[7,34,63],[9,15,65],[8,14,61],[7,13,63],[12,15,66],[10,13,64],[11,14,62],[16,24,28],[20,23,29],[18,22,30],
[10,26,32],[12,27,33],[11,25,31],[9,24,35],[7,23,34],[8,22,36],[17,26,28],[19,27,30],[21,25,29],[5,6,15],
[3,4,14],[1,2,13],[3,11,14],[5,12,15],[1,10,13],[6,9,15],[2,7,13],[4,8,14],[9,16,24],[8,18,22],
[7,20,23],[10,17,26],[11,21,25],[12,19,27],[5,12,19],[1,10,17],[3,11,21],[6,9,16],[4,8,18],[2,7,20],
[16,17,136],[18,19,135],[20,21,134],[5,19,135],[3,21,134],[1,17,136],[6,16,136],[2,20,134],[4,18,135],[5,6,138],
[1,2,137],[3,4,139],[5,135,138],[3,134,139],[1,136,137],[6,136,138],[4,135,139],[2,134,137]];
###############################################################

#SurfaceInfo: 147 Vertices, 441 Edges, 294 Faces, IsOrientable=true
 #Vertices of faces:
vof3:=[[145,146,147],[144,145,146],[143,145,147],[142,146,147],[139,140,141],[136,137,138],[133,134,135],[130,131,132],[127,128,129],[124,125,126],
[121,122,123],[118,119,120],[116,117,125],[114,115,119],[112,113,122],[111,116,117],[110,112,113],[109,114,115],[116,124,125],[112,121,122],
[114,118,119],[107,108,131],[105,106,130],[103,104,132],[102,130,131],[101,131,132],[100,130,132],[116,127,128],[112,127,129],[114,128,129],
[97,98,99],[94,95,96],[91,92,93],[102,107,131],[100,105,130],[101,103,132],[102,106,130],[100,104,132],[101,108,131],[109,114,128],
[111,116,127],[110,112,129],[116,124,128],[114,118,129],[112,121,127],[107,139,140],[105,133,134],[103,136,137],[89,90,106],[87,88,108],
[85,86,104],[84,105,106],[83,107,108],[82,103,104],[83,107,139],[82,103,136],[84,105,133],[84,89,106],[82,85,104],[83,87,108],
[102,107,140],[101,103,137],[100,105,134],[90,102,106],[88,101,108],[86,100,104],[81,91,92],[80,97,98],[79,94,95],[109,124,128],
[110,118,129],[111,121,127],[77,78,126],[75,76,120],[73,74,123],[79,117,125],[81,115,119],[80,113,122],[72,118,120],[71,124,126],
[70,121,123],[69,125,126],[68,119,120],[67,122,123],[84,95,96],[82,92,93],[83,98,99],[69,79,125],[67,80,122],[68,81,119],
[71,77,126],[70,73,123],[72,75,120],[69,78,126],[67,74,123],[68,76,120],[70,111,121],[71,109,124],[72,110,118],[79,94,117],
[81,91,115],[80,97,113],[83,99,139],[84,96,133],[82,93,136],[84,89,95],[83,87,98],[82,85,92],[90,102,140],[86,100,134],
[88,101,137],[66,139,141],[65,133,135],[64,136,138],[63,140,141],[62,134,135],[61,137,138],[59,60,135],[57,58,141],[55,56,138],
[54,111,117],[53,109,115],[52,110,113],[51,79,95],[50,80,98],[49,81,92],[57,66,141],[55,64,138],[59,65,135],[58,63,141],
[56,61,138],[60,62,135],[53,71,109],[52,72,110],[54,70,111],[63,90,140],[61,88,137],[62,86,134],[51,89,95],[49,85,92],
[50,87,98],[64,93,136],[66,99,139],[65,96,133],[54,94,117],[52,97,113],[53,91,115],[48,69,78],[47,68,76],[46,67,74],
[45,72,75],[44,71,77],[43,70,73],[51,69,79],[49,68,81],[50,67,80],[42,89,90],[41,85,86],[40,87,88],[39,97,99],
[38,91,93],[37,94,96],[38,53,91],[37,54,94],[39,52,97],[37,65,96],[39,66,99],[38,64,93],[42,51,89],[40,50,87],
[41,49,85],[42,63,90],[41,62,86],[40,61,88],[36,55,64],[35,59,65],[34,57,66],[33,58,63],[32,60,62],[31,56,61],
[44,53,71],[43,54,70],[45,52,72],[48,51,69],[46,50,67],[47,49,68],[37,43,54],[39,45,52],[38,44,53],[33,42,63],
[31,40,61],[32,41,62],[42,48,51],[41,47,49],[40,46,50],[35,37,65],[34,39,66],[36,38,64],[35,37,43],[36,38,44],
[34,39,45],[33,42,48],[31,40,46],[32,41,47],[30,77,78],[29,73,74],[28,75,76],[27,44,77],[26,43,73],[25,45,75],
[24,48,78],[23,46,74],[22,47,76],[24,30,78],[22,28,76],[23,29,74],[27,30,77],[25,28,75],[26,29,73],[27,36,44],
[25,34,45],[26,35,43],[24,33,48],[22,32,47],[23,31,46],[20,21,29],[18,19,30],[16,17,28],[15,55,56],[14,57,58],
[13,59,60],[12,33,58],[11,32,60],[10,31,56],[9,36,55],[8,34,57],[7,35,59],[9,15,55],[7,13,59],[8,14,57],
[11,13,60],[10,15,56],[12,14,58],[18,24,30],[20,23,29],[16,22,28],[12,24,33],[10,23,31],[11,22,32],[9,27,36],
[7,26,35],[8,25,34],[19,27,30],[21,26,29],[17,25,28],[5,6,14],[3,4,15],[1,2,13],[5,12,14],[1,11,13],
[3,10,15],[4,9,15],[6,8,14],[2,7,13],[9,19,27],[8,17,25],[7,21,26],[12,18,24],[11,16,22],[10,20,23],
[5,12,18],[3,10,20],[1,11,16],[6,8,17],[4,9,19],[2,7,21],[18,19,144],[16,17,143],[20,21,142],[5,18,144],
[3,20,142],[1,16,143],[6,17,143],[2,21,142],[4,19,144],[5,6,145],[1,2,147],[3,4,146],[5,144,145],[3,142,146],
[1,143,147],[6,143,145],[4,144,146],[2,142,147]];
###############################################################

#SurfaceInfo: 148 Vertices, 444 Edges, 296 Faces, IsOrientable=true
 #Vertices of faces:
vof4:=[[146,147,148],[145,146,147],[144,146,148],[143,147,148],[140,141,142],[137,138,139],[134,135,136],[131,132,133],[128,129,130],[125,126,127],
[122,123,124],[119,120,121],[116,117,118],[113,114,115],[110,111,112],[107,108,109],[104,105,106],[103,110,111],[102,107,108],[101,104,105],
[98,99,100],[95,96,97],[92,93,94],[89,90,91],[86,87,88],[83,84,85],[84,140,141],[90,141,142],[87,140,142],[82,137,138],
[82,131,132],[82,134,135],[90,113,114],[87,116,117],[84,119,120],[93,138,139],[96,132,133],[99,134,136],[81,128,129],[80,125,126],
[79,122,123],[81,114,115],[80,120,121],[79,117,118],[96,103,110],[99,101,104],[93,102,107],[81,102,108],[79,101,105],[80,103,111],
[82,134,137],[82,131,138],[82,132,135],[84,119,140],[87,116,142],[90,113,141],[81,114,128],[79,117,122],[80,120,125],[99,104,136],
[93,107,139],[96,110,133],[80,103,126],[79,101,123],[81,102,129],[81,108,115],[79,105,118],[80,111,121],[89,90,114],[83,84,120],
[86,87,117],[90,91,142],[87,88,140],[84,85,141],[95,96,132],[92,93,138],[98,99,134],[96,97,103],[93,94,102],[99,100,101],
[77,78,112],[75,76,106],[73,74,109],[72,110,112],[71,104,106],[70,107,109],[69,105,106],[68,111,112],[67,108,109],[72,77,112],
[70,73,109],[71,75,106],[69,76,106],[67,74,109],[68,78,112],[68,111,121],[67,108,115],[69,105,118],[70,107,139],[72,110,133],
[71,104,136],[95,132,135],[92,131,138],[98,134,137],[89,114,128],[86,117,122],[83,120,125],[85,113,141],[88,119,140],[91,116,142],
[94,102,129],[100,101,123],[97,103,126],[65,66,130],[63,64,124],[61,62,127],[60,137,139],[59,131,133],[58,135,136],[57,128,130],
[56,122,124],[55,125,127],[54,129,130],[53,123,124],[52,126,127],[51,119,121],[50,113,115],[49,116,118],[57,65,130],[55,61,127],
[56,63,124],[54,66,130],[52,62,127],[53,64,124],[60,98,137],[58,95,135],[59,92,131],[54,94,129],[52,97,126],[53,100,123],
[49,91,116],[51,88,119],[50,85,113],[57,89,128],[55,83,125],[56,86,122],[60,70,139],[58,71,136],[59,72,133],[49,69,118],
[50,67,115],[51,68,121],[48,70,73],[47,71,75],[46,72,77],[45,69,76],[44,67,74],[43,68,78],[42,95,97],[41,92,94],
[40,98,100],[39,89,91],[38,83,85],[37,86,88],[40,60,98],[41,59,92],[42,58,95],[39,57,89],[37,56,86],[38,55,83],
[39,49,91],[37,51,88],[38,50,85],[41,54,94],[40,53,100],[42,52,97],[36,57,65],[35,56,63],[34,55,61],[33,53,64],
[32,54,66],[31,52,62],[45,49,69],[43,51,68],[44,50,67],[48,60,70],[46,59,72],[47,58,71],[40,48,60],[42,47,58],
[41,46,59],[33,40,53],[31,42,52],[32,41,54],[39,45,49],[38,44,50],[37,43,51],[36,39,57],[34,38,55],[35,37,56],
[36,39,45],[35,37,43],[34,38,44],[33,40,48],[32,41,46],[31,42,47],[30,73,74],[29,77,78],[28,75,76],[27,45,76],
[26,43,78],[25,44,74],[24,48,73],[23,46,77],[22,47,75],[24,30,73],[22,28,75],[23,29,77],[26,29,78],[27,28,76],
[25,30,74],[27,36,45],[25,34,44],[26,35,43],[24,33,48],[22,31,47],[23,32,46],[20,21,28],[18,19,29],[16,17,30],
[15,65,66],[14,61,62],[13,63,64],[12,33,64],[11,31,62],[10,32,66],[9,36,65],[8,34,61],[7,35,63],[9,15,65],
[7,13,63],[8,14,61],[10,15,66],[12,13,64],[11,14,62],[16,24,30],[18,23,29],[20,22,28],[12,24,33],[10,23,32],
[11,22,31],[7,26,35],[8,25,34],[9,27,36],[19,26,29],[17,25,30],[21,27,28],[5,6,13],[3,4,14],[1,2,15],
[5,12,13],[3,11,14],[1,10,15],[2,9,15],[6,7,13],[4,8,14],[7,19,26],[9,21,27],[8,17,25],[12,16,24],
[11,20,22],[10,18,23],[5,12,16],[1,10,18],[3,11,20],[6,7,19],[4,8,17],[2,9,21],[16,17,145],[18,19,144],
[20,21,143],[5,16,145],[3,20,143],[1,18,144],[6,19,144],[2,21,143],[4,17,145],[5,6,146],[1,2,148],[3,4,147],
[5,145,146],[3,143,147],[1,144,148],[6,144,146],[4,145,147],[2,143,148]];
###############################################################

#SurfaceInfo: 151 Vertices, 453 Edges, 302 Faces, IsOrientable=true
 #Vertices of faces:
vof5:=[[149,150,151],[148,149,150],[147,149,151],[146,150,151],[143,144,145],[140,141,142],[137,138,139],[134,135,136],[131,132,133],[128,129,130],
[125,126,127],[122,123,124],[119,120,121],[116,117,118],[114,115,117],[112,113,117],[120,123,126],[109,110,111],[106,107,108],[103,104,105],
[102,103,104],[101,109,110],[100,106,107],[119,120,126],[120,122,123],[123,125,126],[114,116,117],[112,117,118],[113,115,117],[98,99,100],
[96,97,101],[94,95,102],[92,93,114],[90,91,118],[88,89,113],[87,116,118],[86,112,113],[85,114,115],[85,131,132],[86,134,135],
[87,128,129],[135,143,144],[129,137,138],[132,140,141],[84,126,127],[83,120,121],[82,123,124],[81,135,136],[80,129,130],[79,132,133],
[82,100,106],[84,101,109],[83,102,103],[81,101,110],[79,100,107],[80,102,104],[87,116,128],[85,115,131],[86,112,134],[86,135,143],
[87,129,137],[85,132,140],[81,135,144],[79,132,141],[80,129,138],[82,106,124],[84,109,127],[83,103,121],[81,110,136],[80,104,130],
[79,107,133],[85,92,114],[86,88,113],[87,90,118],[83,94,102],[82,98,100],[84,96,101],[79,99,100],[80,95,102],[81,97,101],
[83,120,122],[82,123,125],[84,119,126],[93,114,116],[89,113,115],[91,112,118],[77,78,111],[75,76,108],[73,74,105],[72,110,111],
[71,104,105],[70,107,108],[69,109,111],[68,106,108],[67,103,105],[71,73,105],[70,75,108],[72,77,111],[69,78,111],[67,74,105],
[68,76,108],[69,109,127],[67,103,121],[68,106,124],[72,110,136],[70,107,133],[71,104,130],[93,116,128],[91,112,134],[89,115,131],
[82,98,125],[84,96,119],[83,94,122],[87,90,137],[85,92,140],[86,88,143],[81,97,144],[80,95,138],[79,99,141],[65,66,139],
[63,64,142],[61,62,145],[60,134,136],[59,128,130],[58,131,133],[57,125,127],[56,119,121],[55,122,124],[54,143,145],[53,137,139],
[52,140,142],[51,144,145],[50,138,139],[49,141,142],[52,63,142],[54,61,145],[53,65,139],[51,62,145],[49,64,142],[50,66,139],
[59,93,128],[58,89,131],[60,91,134],[51,97,144],[49,99,141],[50,95,138],[52,92,140],[54,88,143],[53,90,137],[57,98,125],
[55,94,122],[56,96,119],[60,72,136],[58,70,133],[59,71,130],[57,69,127],[55,68,124],[56,67,121],[48,72,77],[47,70,75],
[46,71,73],[45,69,78],[44,68,76],[43,67,74],[42,96,97],[41,94,95],[40,98,99],[39,92,93],[38,88,89],[37,90,91],
[37,60,91],[39,59,93],[38,58,89],[40,57,98],[42,56,96],[41,55,94],[39,52,92],[37,53,90],[38,54,88],[42,51,97],
[41,50,95],[40,49,99],[36,52,63],[35,53,65],[34,54,61],[33,51,62],[32,50,66],[31,49,64],[45,57,69],[43,56,67],
[44,55,68],[48,60,72],[46,59,71],[47,58,70],[37,48,60],[38,47,58],[39,46,59],[33,42,51],[31,40,49],[32,41,50],
[35,37,53],[34,38,54],[36,39,52],[42,43,56],[40,45,57],[41,44,55],[35,37,48],[36,39,46],[34,38,47],[33,42,43],
[32,41,44],[31,40,45],[30,77,78],[29,73,74],[28,75,76],[27,43,74],[26,45,78],[25,44,76],[24,48,77],[23,46,73],
[22,47,75],[24,30,77],[22,28,75],[23,29,73],[26,30,78],[25,28,76],[27,29,74],[24,35,48],[22,34,47],[23,36,46],
[27,33,43],[26,31,45],[25,32,44],[20,21,30],[18,19,28],[16,17,29],[15,63,64],[14,61,62],[13,65,66],[12,33,62],
[11,31,64],[10,32,66],[9,35,65],[8,34,61],[7,36,63],[9,13,65],[7,15,63],[8,14,61],[11,15,64],[10,13,66],
[12,14,62],[20,24,30],[16,23,29],[18,22,28],[12,27,33],[11,26,31],[10,25,32],[9,24,35],[7,23,36],[8,22,34],
[17,27,29],[21,26,30],[19,25,28],[5,6,14],[3,4,15],[1,2,13],[5,12,14],[1,10,13],[3,11,15],[2,9,13],
[6,8,14],[4,7,15],[9,20,24],[8,18,22],[7,16,23],[12,17,27],[10,19,25],[11,21,26],[5,12,17],[3,11,21],
[1,10,19],[6,8,18],[4,7,16],[2,9,20],[16,17,148],[18,19,147],[20,21,146],[5,17,148],[3,21,146],[1,19,147],
[6,18,147],[2,20,146],[4,16,148],[5,6,149],[1,2,151],[3,4,150],[5,148,149],[3,146,150],[1,147,151],[6,147,149],
[4,148,150],[2,146,151]];
###############################################################

#SurfaceInfo: 78 Vertices, 468 Edges, 312 Faces, IsOrientable=true
 #Vertices of faces:
vof6:=[[76,77,78],[75,76,77],[74,76,78],[73,77,78],[70,71,72],[67,68,69],[64,65,66],[63,70,71],[62,64,65],[61,67,68],
[59,60,64],[57,58,70],[55,56,67],[59,60,63],[55,56,62],[57,58,61],[59,62,64],[55,61,67],[57,63,70],[54,61,68],
[53,62,65],[52,63,71],[51,54,68],[50,52,71],[49,53,65],[48,54,61],[47,52,63],[46,53,62],[55,59,62],[57,59,63],
[55,57,61],[43,44,45],[41,42,44],[40,41,43],[39,46,55],[38,48,57],[37,47,59],[36,41,44],[35,41,43],[34,43,44],
[33,41,42],[32,40,43],[31,44,45],[41,50,52],[44,49,53],[43,51,54],[30,48,61],[29,47,63],[28,46,62],[30,55,59],
[29,55,57],[28,57,59],[25,26,27],[22,23,24],[19,20,21],[35,45,53],[34,42,52],[36,40,54],[26,43,45],[23,40,41],
[20,42,44],[26,48,54],[23,47,52],[20,46,53],[28,29,30],[34,35,36],[34,35,42],[35,36,45],[34,36,40],[26,36,54],
[20,35,53],[23,34,52],[25,26,48],[22,23,47],[19,20,46],[26,27,45],[20,21,42],[23,24,40],[23,33,41],[20,31,44],
[26,32,43],[28,30,61],[28,29,62],[29,30,63],[36,44,49],[34,43,51],[35,41,50],[30,37,59],[28,38,57],[29,39,55],
[16,17,18],[13,14,15],[10,11,12],[14,17,74],[11,14,75],[11,17,73],[8,9,61],[6,7,62],[4,5,63],[13,71,72],
[16,65,66],[10,68,69],[18,70,72],[15,67,69],[12,64,66],[14,19,21],[17,25,27],[11,22,24],[6,45,53],[4,42,52],
[8,40,54],[31,56,62],[33,60,63],[32,58,61],[33,42,71],[31,45,65],[32,40,68],[36,41,51],[34,44,50],[35,43,49],
[30,38,55],[28,39,59],[29,37,57],[3,41,52],[2,43,54],[1,44,53],[30,48,70],[28,46,67],[29,47,64],[31,39,46],
[33,37,47],[32,38,48],[7,47,59],[9,46,55],[5,48,57],[1,31,35],[2,32,36],[3,33,34],[37,52,60],[38,54,58],
[39,53,56],[1,31,46],[3,33,47],[2,32,48],[3,52,60],[1,53,56],[2,54,58],[28,39,56],[30,38,58],[29,37,60],
[5,37,57],[9,38,55],[7,39,59],[31,35,49],[33,34,50],[32,36,51],[33,37,71],[32,38,68],[31,39,65],[3,41,51],
[2,43,49],[1,44,50],[4,37,52],[6,39,53],[8,38,54],[18,48,70],[12,47,64],[15,46,67],[13,42,71],[10,40,68],
[16,45,65],[8,32,61],[4,33,63],[6,31,62],[17,25,74],[11,22,73],[14,19,75],[14,21,74],[11,24,75],[17,27,73],
[10,11,69],[13,14,72],[16,17,66],[17,18,72],[11,12,66],[14,15,69],[9,19,46],[5,25,48],[7,22,47],[30,37,70],
[29,39,64],[28,38,67],[9,28,61],[5,30,63],[7,29,62],[23,33,60],[26,32,58],[20,31,56],[6,27,45],[8,24,40],
[4,21,42],[1,35,42],[3,34,40],[2,36,45],[20,35,50],[23,34,51],[26,36,49],[13,15,20],[10,12,23],[16,18,26],
[11,17,76],[11,14,78],[14,17,77],[8,9,69],[4,5,72],[6,7,66],[22,60,64],[19,56,67],[25,58,70],[24,51,68],
[27,49,65],[21,50,71],[13,20,50],[16,26,49],[10,23,51],[4,21,72],[8,24,69],[6,27,66],[15,20,56],[18,26,58],
[12,23,60],[9,19,69],[7,22,66],[5,25,72],[17,72,76],[14,69,77],[11,66,78],[11,69,76],[17,66,77],[14,72,78],
[27,65,73],[21,71,74],[24,68,75],[25,70,74],[19,67,75],[22,64,73],[3,24,51],[1,21,50],[2,27,49],[3,22,60],
[2,25,58],[1,19,56],[1,13,42],[2,16,45],[3,10,40],[1,15,46],[3,12,47],[2,18,48],[4,37,70],[8,38,67],
[6,39,64],[6,31,49],[8,32,51],[4,33,50],[5,37,71],[7,39,65],[9,38,68],[9,28,56],[7,29,60],[5,30,58],
[4,13,50],[6,16,49],[8,10,51],[1,13,19],[2,16,25],[3,10,22],[1,15,21],[2,18,27],[3,12,24],[4,70,74],
[6,64,73],[8,67,75],[9,68,75],[5,71,74],[7,65,73],[19,69,76],[25,72,78],[22,66,77],[9,15,56],[5,18,58],
[7,12,60],[21,72,76],[27,66,78],[24,69,77],[9,15,75],[7,12,73],[5,18,74],[4,13,74],[8,10,75],[6,16,73],
[15,21,76],[12,24,77],[18,27,78],[13,19,76],[10,22,77],[16,25,78],[15,75,76],[18,74,78],[12,73,77],[13,74,76],
[16,73,78],[10,75,77]];
###############################################################

#SurfaceInfo: 156 Vertices, 468 Edges, 312 Faces, IsOrientable=true
 #Vertices of faces:
vof7:=[[154,155,156],[153,154,155],[152,155,156],[151,154,156],[148,149,150],[145,146,147],[142,143,144],[139,140,141],[136,137,138],[133,134,135],
[130,131,132],[127,128,129],[124,125,126],[123,148,149],[122,142,143],[121,145,146],[118,119,120],[115,116,117],[113,114,119],[111,112,118],
[109,110,120],[107,108,116],[105,106,117],[103,104,115],[102,118,119],[101,119,120],[100,118,120],[99,115,116],[98,115,117],[97,116,117],
[101,113,119],[100,109,120],[102,111,118],[102,114,119],[101,110,120],[100,112,118],[99,107,116],[97,105,117],[98,103,115],[97,108,116],
[99,104,115],[98,106,117],[95,96,99],[93,94,97],[91,92,98],[88,89,90],[85,86,87],[82,83,84],[83,124,125],[86,130,131],
[89,127,128],[81,124,126],[80,130,132],[79,127,129],[100,123,148],[101,122,142],[102,121,145],[83,123,149],[86,121,146],[89,122,143],
[81,139,140],[80,133,134],[79,136,137],[81,105,106],[80,103,104],[79,107,108],[81,105,126],[80,103,132],[79,107,129],[81,106,139],
[79,108,136],[80,104,133],[88,89,127],[82,83,124],[85,86,130],[81,124,140],[79,127,137],[80,130,134],[83,84,123],[89,90,122],
[86,87,121],[83,125,149],[89,128,143],[86,131,146],[95,99,107],[91,98,103],[93,97,105],[92,98,106],[96,99,104],[94,97,108],
[102,111,121],[101,113,122],[100,109,123],[100,112,148],[102,114,145],[101,110,142],[77,78,147],[75,76,144],[73,74,150],[72,149,150],
[71,143,144],[70,146,147],[69,148,150],[68,145,147],[67,142,144],[70,77,147],[72,73,150],[71,75,144],[69,74,150],[67,76,144],
[68,78,147],[69,112,148],[67,110,142],[68,114,145],[72,125,149],[70,131,146],[71,128,143],[87,111,121],[84,109,123],[90,113,122],
[85,130,134],[88,127,137],[82,124,140],[92,106,139],[94,108,136],[96,104,133],[93,105,126],[95,107,129],[91,103,132],[66,125,126],
[65,128,129],[64,131,132],[62,63,138],[60,61,141],[58,59,135],[57,140,141],[56,134,135],[55,137,138],[54,139,141],[53,136,138],
[52,133,135],[51,111,112],[50,109,110],[49,113,114],[57,60,141],[55,62,138],[56,58,135],[52,59,135],[54,61,141],[53,63,138],
[49,90,113],[51,87,111],[50,84,109],[66,93,126],[64,91,132],[65,95,129],[54,92,139],[52,96,133],[53,94,136],[55,88,137],
[57,82,140],[56,85,134],[66,72,125],[65,71,128],[64,70,131],[51,69,112],[49,68,114],[50,67,110],[48,72,73],[47,71,75],
[46,70,77],[45,69,74],[44,68,78],[43,67,76],[42,88,90],[41,85,87],[40,82,84],[39,95,96],[38,91,92],[37,93,94],
[41,51,87],[40,50,84],[42,49,90],[42,55,88],[40,57,82],[41,56,85],[38,54,92],[37,53,94],[39,52,96],[37,66,93],
[38,64,91],[39,65,95],[36,57,60],[35,56,58],[34,55,62],[33,52,59],[32,54,61],[31,53,63],[45,51,69],[43,50,67],
[44,49,68],[48,66,72],[46,64,70],[47,65,71],[41,45,51],[42,44,49],[40,43,50],[37,48,66],[39,47,65],[38,46,64],
[31,37,53],[33,39,52],[32,38,54],[35,41,56],[34,42,55],[36,40,57],[35,41,45],[36,40,43],[34,42,44],[31,37,48],
[32,38,46],[33,39,47],[30,77,78],[29,73,74],[28,75,76],[27,45,74],[26,43,76],[25,44,78],[24,48,73],[23,46,77],
[22,47,75],[24,29,73],[22,28,75],[23,30,77],[25,30,78],[26,28,76],[27,29,74],[27,35,45],[25,34,44],[26,36,43],
[24,31,48],[23,32,46],[22,33,47],[20,21,30],[18,19,29],[16,17,28],[15,58,59],[14,60,61],[13,62,63],[12,31,63],
[11,32,61],[10,33,59],[9,35,58],[8,34,62],[7,36,60],[8,13,62],[7,14,60],[9,15,58],[10,15,59],[12,13,63],
[11,14,61],[18,24,29],[16,22,28],[20,23,30],[12,24,31],[10,22,33],[11,23,32],[9,27,35],[7,26,36],[8,25,34],
[19,27,29],[17,26,28],[21,25,30],[5,6,15],[3,4,14],[1,2,13],[3,11,14],[5,10,15],[1,12,13],[6,9,15],
[2,8,13],[4,7,14],[9,19,27],[8,21,25],[7,17,26],[12,18,24],[11,20,23],[10,16,22],[5,10,16],[1,12,18],
[3,11,20],[6,9,19],[4,7,17],[2,8,21],[18,19,153],[16,17,152],[20,21,151],[5,16,152],[3,20,151],[1,18,153],
[6,19,153],[2,21,151],[4,17,152],[5,6,155],[1,2,154],[3,4,156],[5,152,155],[3,151,156],[1,153,154],[6,153,155],
[4,152,156],[2,151,154]];
###############################################################

#SurfaceInfo: 157 Vertices, 471 Edges, 314 Faces, IsOrientable=true
 #Vertices of faces:
vof8:=[[155,156,157],[154,155,156],[153,155,157],[152,156,157],[149,150,151],[146,147,148],[143,144,145],[140,141,142],[137,138,139],[134,135,136],
[131,132,133],[129,130,132],[127,128,132],[124,125,126],[122,123,125],[121,122,124],[122,124,125],[118,119,120],[115,116,117],[112,113,114],
[129,131,132],[127,132,133],[128,130,132],[110,111,126],[108,109,121],[106,107,123],[113,131,133],[119,127,128],[116,129,130],[131,140,141],
[130,134,135],[127,137,138],[105,125,126],[104,122,123],[103,121,124],[102,123,125],[101,121,122],[100,124,126],[97,98,99],[94,95,96],
[91,92,93],[113,131,140],[119,127,137],[116,130,134],[102,105,125],[100,103,124],[101,104,122],[105,110,126],[103,108,121],[104,106,123],
[100,111,126],[102,107,123],[101,109,121],[129,131,141],[128,130,135],[127,133,138],[112,113,133],[115,116,129],[118,119,128],[89,90,110],
[87,88,106],[85,86,108],[98,110,111],[95,108,109],[92,106,107],[84,113,114],[83,119,120],[82,116,117],[100,149,150],[102,146,147],
[101,143,144],[81,82,117],[80,83,120],[79,84,114],[89,98,110],[87,92,106],[85,95,108],[97,98,111],[91,92,107],[94,95,109],
[84,113,140],[82,116,134],[83,119,137],[100,103,149],[102,105,146],[101,104,143],[100,111,150],[101,109,144],[102,107,147],[90,105,110],
[88,104,106],[86,103,108],[115,129,141],[112,133,138],[118,128,135],[77,78,139],[75,76,142],[73,74,136],[72,138,139],[71,135,136],
[70,141,142],[69,134,136],[68,137,139],[67,140,142],[80,98,99],[81,92,93],[79,95,96],[72,77,139],[71,73,136],[70,75,142],
[67,76,142],[69,74,136],[68,78,139],[71,118,135],[70,115,141],[72,112,138],[69,82,134],[67,84,140],[68,83,137],[81,87,92],
[79,85,95],[80,89,98],[80,99,120],[79,96,114],[81,93,117],[97,111,150],[94,109,144],[91,107,147],[86,103,149],[88,104,143],
[90,105,146],[65,66,145],[63,64,151],[61,62,148],[60,118,120],[59,112,114],[58,115,117],[57,150,151],[56,144,145],[55,147,148],
[54,149,151],[53,143,145],[52,146,148],[51,81,82],[50,79,84],[49,80,83],[57,63,151],[55,61,148],[56,65,145],[54,64,151],
[52,62,148],[53,66,145],[59,72,112],[58,70,115],[60,71,118],[54,86,149],[52,90,146],[53,88,143],[57,97,150],[55,91,147],
[56,94,144],[60,99,120],[58,93,117],[59,96,114],[51,81,87],[49,80,89],[50,79,85],[51,69,82],[49,68,83],[50,67,84],
[48,72,77],[47,70,75],[46,71,73],[45,68,78],[44,69,74],[43,67,76],[42,85,86],[41,89,90],[40,87,88],[39,97,99],
[38,91,93],[37,94,96],[40,51,87],[42,50,85],[41,49,89],[37,59,96],[39,60,99],[38,58,93],[39,57,97],[37,56,94],
[38,55,91],[42,54,86],[40,53,88],[41,52,90],[36,57,63],[35,55,61],[34,56,65],[33,54,64],[32,53,66],[31,52,62],
[48,59,72],[46,60,71],[47,58,70],[44,51,69],[43,50,67],[45,49,68],[42,43,50],[41,45,49],[40,44,51],[33,42,54],
[31,41,52],[32,40,53],[36,39,57],[35,38,55],[34,37,56],[39,46,60],[38,47,58],[37,48,59],[36,39,46],[34,37,48],
[35,38,47],[33,42,43],[32,40,44],[31,41,45],[30,73,74],[29,77,78],[28,75,76],[27,43,76],[26,44,74],[25,45,78],
[24,46,73],[23,48,77],[22,47,75],[24,30,73],[23,29,77],[22,28,75],[26,30,74],[25,29,78],[27,28,76],[24,36,46],
[23,34,48],[22,35,47],[27,33,43],[25,31,45],[26,32,44],[20,21,29],[18,19,30],[16,17,28],[15,61,62],[14,63,64],
[13,65,66],[12,33,64],[11,32,66],[10,31,62],[9,36,63],[8,34,65],[7,35,61],[7,15,61],[8,13,65],[9,14,63],
[11,13,66],[10,15,62],[12,14,64],[18,24,30],[16,22,28],[20,23,29],[12,27,33],[10,25,31],[11,26,32],[9,24,36],
[7,22,35],[8,23,34],[17,27,28],[21,25,29],[19,26,30],[5,6,14],[3,4,15],[1,2,13],[5,12,14],[1,11,13],
[3,10,15],[4,7,15],[6,9,14],[2,8,13],[9,18,24],[8,20,23],[7,16,22],[12,17,27],[11,19,26],[10,21,25],
[5,12,17],[3,10,21],[1,11,19],[6,9,18],[4,7,16],[2,8,20],[16,17,154],[18,19,153],[20,21,152],[5,17,154],
[3,21,152],[1,19,153],[6,18,153],[2,20,152],[4,16,154],[5,6,155],[1,2,157],[3,4,156],[5,154,155],[3,152,156],
[1,153,157],[6,153,155],[4,154,156],[2,152,157]];
###############################################################

#SurfaceInfo: 163 Vertices, 489 Edges, 326 Faces, IsOrientable=true
 #Vertices of faces:
vof9:=[[161,162,163],[160,161,162],[159,161,163],[158,162,163],[155,156,157],[152,153,154],[149,150,151],[146,147,148],[143,144,145],[140,141,142],
[137,138,139],[136,137,138],[135,138,139],[134,137,139],[131,132,133],[128,129,130],[125,126,127],[122,123,124],[120,121,123],[118,119,123],
[118,122,123],[119,120,123],[121,123,124],[117,131,132],[116,125,126],[115,128,129],[113,114,134],[111,112,135],[109,110,136],[107,108,119],
[105,106,122],[103,104,121],[102,136,137],[101,134,139],[100,135,138],[99,136,138],[98,134,137],[97,135,139],[117,122,124],[115,118,119],
[116,120,121],[105,117,122],[107,115,119],[103,116,121],[102,109,136],[101,113,134],[100,111,135],[99,110,136],[97,112,135],[98,114,134],
[97,101,139],[99,100,138],[98,102,137],[104,121,124],[108,119,120],[106,118,122],[117,124,131],[116,120,125],[115,118,128],[109,155,156],
[113,152,153],[111,149,150],[95,96,99],[93,94,97],[91,92,98],[89,90,147],[87,88,144],[85,86,141],[84,140,141],[83,143,144],
[82,146,147],[81,141,142],[80,144,145],[79,147,148],[84,113,114],[83,109,110],[82,111,112],[81,117,132],[80,115,129],[79,116,126],
[81,132,142],[79,126,148],[80,129,145],[83,109,155],[82,111,149],[84,113,152],[84,114,140],[82,112,146],[83,110,143],[84,85,141],
[82,89,147],[83,87,144],[79,90,147],[81,86,141],[80,88,144],[102,109,156],[100,111,150],[101,113,153],[95,99,110],[91,98,114],
[93,97,112],[92,98,102],[96,99,100],[94,97,101],[81,105,117],[79,103,116],[80,107,115],[104,124,131],[106,118,128],[108,120,125],
[77,78,133],[75,76,127],[73,74,130],[72,132,133],[71,126,127],[70,129,130],[69,128,130],[68,131,133],[67,125,127],[72,77,133],
[70,73,130],[71,75,127],[67,76,127],[69,74,130],[68,78,133],[67,108,125],[68,104,131],[69,106,128],[72,132,142],[70,129,145],
[71,126,148],[92,102,156],[94,101,153],[96,100,150],[80,88,107],[81,86,105],[79,90,103],[91,114,140],[95,110,143],[93,112,146],
[83,87,155],[82,89,149],[84,85,152],[66,143,145],[65,140,142],[64,146,148],[63,156,157],[62,150,151],[61,153,154],[60,155,157],
[59,149,151],[58,152,154],[56,57,151],[54,55,154],[52,53,157],[51,107,108],[50,103,104],[49,105,106],[52,63,157],[54,61,154],
[56,62,151],[53,60,157],[55,58,154],[57,59,151],[63,92,156],[61,94,153],[62,96,150],[60,87,155],[58,85,152],[59,89,149],
[65,91,140],[64,93,146],[66,95,143],[51,88,107],[49,86,105],[50,90,103],[65,72,142],[64,71,148],[66,70,145],[50,68,104],
[49,69,106],[51,67,108],[48,72,77],[47,71,75],[46,70,73],[45,69,74],[44,68,78],[43,67,76],[42,91,92],[41,93,94],
[40,95,96],[39,87,88],[38,85,86],[37,89,90],[42,63,92],[40,62,96],[41,61,94],[37,50,90],[39,51,88],[38,49,86],
[42,65,91],[40,66,95],[41,64,93],[39,60,87],[37,59,89],[38,58,85],[36,52,63],[35,54,61],[34,56,62],[33,53,60],
[32,57,59],[31,55,58],[44,50,68],[43,51,67],[45,49,69],[48,65,72],[46,66,70],[47,64,71],[36,42,63],[35,41,61],
[34,40,62],[33,39,60],[31,38,58],[32,37,59],[42,48,65],[41,47,64],[40,46,66],[39,43,51],[38,45,49],[37,44,50],
[36,42,48],[34,40,46],[35,41,47],[33,39,43],[32,37,44],[31,38,45],[30,77,78],[29,73,74],[28,75,76],[27,43,76],
[26,44,78],[25,45,74],[24,48,77],[23,47,75],[22,46,73],[24,30,77],[22,29,73],[23,28,75],[26,30,78],[25,29,74],
[27,28,76],[24,36,48],[22,34,46],[23,35,47],[27,33,43],[25,31,45],[26,32,44],[20,21,29],[18,19,30],[16,17,28],
[15,54,55],[14,52,53],[13,56,57],[12,33,53],[11,32,57],[10,31,55],[9,36,52],[8,34,56],[7,35,54],[7,15,54],
[8,13,56],[9,14,52],[11,13,57],[10,15,55],[12,14,53],[18,24,30],[16,23,28],[20,22,29],[12,27,33],[10,25,31],
[11,26,32],[9,24,36],[7,23,35],[8,22,34],[17,27,28],[21,25,29],[19,26,30],[5,6,14],[3,4,15],[1,2,13],
[5,12,14],[1,11,13],[3,10,15],[4,7,15],[6,9,14],[2,8,13],[9,18,24],[8,20,22],[7,16,23],[12,17,27],
[11,19,26],[10,21,25],[5,12,17],[3,10,21],[1,11,19],[6,9,18],[4,7,16],[2,8,20],[16,17,160],[18,19,159],
[20,21,158],[5,17,160],[3,21,158],[1,19,159],[6,18,159],[2,20,158],[4,16,160],[5,6,161],[1,2,163],[3,4,162],
[5,160,161],[3,158,162],[1,159,163],[6,159,161],[4,160,162],[2,158,163]];
###############################################################

#SurfaceInfo: 169 Vertices, 507 Edges, 338 Faces, IsOrientable=true
 #Vertices of faces:
vof10:=[[167,168,169],[166,167,168],[165,167,169],[164,168,169],[161,162,163],[158,159,160],[155,156,157],[152,153,154],[150,151,154],[148,149,154],
[145,146,147],[142,143,144],[139,140,141],[136,137,138],[133,134,135],[130,131,132],[127,128,129],[126,137,146],[125,140,145],[124,143,147],
[123,134,153],[122,131,151],[121,128,149],[119,120,143],[117,118,140],[115,116,137],[113,114,131],[111,112,134],[109,110,128],[107,108,117],
[105,106,115],[103,104,119],[102,104,113],[101,106,111],[100,108,109],[97,98,99],[94,95,96],[91,92,93],[94,95,104],[91,92,106],
[97,98,108],[136,137,146],[142,143,147],[139,140,145],[133,134,153],[127,128,149],[130,131,151],[126,145,146],[124,146,147],[125,145,147],
[123,152,153],[121,148,149],[122,150,151],[149,150,154],[151,152,154],[148,153,154],[117,140,141],[119,143,144],[115,137,138],[113,131,132],
[109,128,129],[111,134,135],[118,125,140],[120,124,143],[116,126,137],[112,123,134],[110,121,128],[114,122,131],[103,119,120],[105,115,116],
[107,117,118],[102,113,114],[100,109,110],[101,111,112],[102,103,104],[100,107,108],[101,105,106],[97,108,117],[94,104,119],[91,106,115],
[95,104,113],[98,108,109],[92,106,111],[89,90,120],[87,88,118],[85,86,116],[83,84,122],[81,82,121],[79,80,123],[102,161,162],
[100,155,156],[101,158,159],[102,103,161],[101,105,158],[100,107,155],[130,151,152],[133,148,153],[127,149,150],[125,142,147],[126,139,145],
[124,136,146],[79,123,152],[83,122,150],[81,121,148],[80,112,123],[84,114,122],[82,110,121],[87,118,125],[85,116,126],[89,120,124],
[90,103,120],[86,105,116],[88,107,118],[102,114,162],[101,112,159],[100,110,156],[97,117,141],[91,115,138],[94,119,144],[95,113,132],
[92,111,135],[98,109,129],[77,78,93],[75,76,96],[73,74,99],[72,97,99],[71,91,93],[70,94,96],[69,95,96],[68,92,93],
[67,98,99],[70,75,96],[72,73,99],[71,77,93],[68,78,93],[67,74,99],[69,76,96],[69,95,132],[67,98,129],[68,92,135],
[72,97,141],[70,94,144],[71,91,138],[90,103,161],[88,107,155],[86,105,158],[84,114,162],[82,110,156],[80,112,159],[87,125,142],
[89,124,136],[85,126,139],[79,130,152],[83,127,150],[81,133,148],[65,66,157],[63,64,163],[61,62,160],[60,142,144],[59,136,138],
[58,139,141],[57,130,132],[56,127,129],[55,133,135],[54,161,163],[53,155,157],[52,158,160],[51,162,163],[50,156,157],[49,159,160],
[54,63,163],[52,61,160],[53,65,157],[51,64,163],[49,62,160],[50,66,157],[54,90,161],[52,86,158],[53,88,155],[57,79,130],
[55,81,133],[56,83,127],[60,87,142],[58,85,139],[59,89,136],[51,84,162],[49,80,159],[50,82,156],[60,70,144],[59,71,138],
[58,72,141],[57,69,132],[56,67,129],[55,68,135],[48,70,75],[47,71,77],[46,72,73],[45,69,76],[44,67,74],[43,68,78],
[42,85,86],[41,89,90],[40,87,88],[39,83,84],[38,79,80],[37,81,82],[40,53,88],[42,52,86],[41,54,90],[39,51,84],
[37,50,82],[38,49,80],[40,60,87],[42,58,85],[41,59,89],[37,55,81],[39,56,83],[38,57,79],[36,52,61],[35,53,65],
[34,54,63],[33,51,64],[32,50,66],[31,49,62],[45,57,69],[43,55,68],[44,56,67],[48,60,70],[46,58,72],[47,59,71],
[35,40,53],[34,41,54],[36,42,52],[39,44,56],[38,45,57],[37,43,55],[40,48,60],[41,47,59],[42,46,58],[33,39,51],
[31,38,49],[32,37,50],[35,40,48],[36,42,46],[34,41,47],[33,39,44],[32,37,43],[31,38,45],[30,75,76],[29,73,74],
[28,77,78],[27,44,74],[26,43,78],[25,45,76],[24,48,75],[23,46,73],[22,47,77],[24,30,75],[22,28,77],[23,29,73],
[26,28,78],[25,30,76],[27,29,74],[22,34,47],[24,35,48],[23,36,46],[27,33,44],[25,31,45],[26,32,43],[20,21,30],
[18,19,28],[16,17,29],[15,65,66],[14,61,62],[13,63,64],[12,33,64],[11,31,62],[10,32,66],[9,35,65],[8,34,63],
[7,36,61],[9,15,65],[7,14,61],[8,13,63],[10,15,66],[12,13,64],[11,14,62],[18,22,28],[16,23,29],[20,24,30],
[12,27,33],[10,26,32],[11,25,31],[8,22,34],[7,23,36],[9,24,35],[17,27,29],[19,26,28],[21,25,30],[5,6,13],
[3,4,14],[1,2,15],[5,12,13],[3,11,14],[1,10,15],[2,9,15],[6,8,13],[4,7,14],[8,18,22],[9,20,24],
[7,16,23],[12,17,27],[11,21,25],[10,19,26],[5,12,17],[1,10,19],[3,11,21],[6,8,18],[4,7,16],[2,9,20],
[16,17,166],[18,19,165],[20,21,164],[5,17,166],[3,21,164],[1,19,165],[6,18,165],[2,20,164],[4,16,166],[5,6,167],
[1,2,169],[3,4,168],[5,166,167],[3,164,168],[1,165,169],[6,165,167],[4,166,168],[2,164,169]];
###############################################################

