#SurfaceInfo: 36 Vertices, 432 Edges, 288 Faces, IsOrientable=true
 #Vertices of faces:
vof1:=[[34,35,36],[33,34,35],[32,35,36],[31,34,36],[28,29,30],[25,26,27],[23,24,26],[22,23,25],[19,20,21],[17,18,20],
[16,17,19],[14,15,17],[13,15,19],[13,14,20],[10,11,12],[24,27,32],[22,24,33],[22,27,31],[8,9,13],[7,8,14],
[7,9,15],[9,10,11],[7,11,12],[8,10,12],[26,28,29],[25,29,30],[23,28,30],[19,25,26],[20,23,26],[17,23,25],
[19,26,28],[20,26,29],[19,25,30],[17,23,28],[20,23,30],[17,25,29],[7,24,33],[8,22,33],[8,27,32],[7,27,31],
[9,24,32],[9,22,31],[7,11,14],[7,12,15],[8,10,14],[8,12,13],[9,10,15],[9,11,13],[6,7,8],[5,7,9],
[4,8,9],[3,19,20],[2,17,19],[1,17,20],[14,15,22],[13,14,24],[13,15,27],[6,8,22],[5,9,22],[6,7,24],
[4,9,24],[4,8,27],[5,7,27],[11,14,22],[12,15,22],[10,14,24],[11,13,27],[10,15,27],[12,13,24],[3,19,28],
[3,20,29],[2,17,29],[1,17,28],[1,20,30],[2,19,30],[1,2,7],[2,3,9],[1,3,8],[3,25,27],[3,23,24],
[2,26,27],[2,22,23],[1,22,25],[1,24,26],[1,8,26],[3,8,23],[3,9,25],[2,9,26],[1,7,25],[2,7,23],
[3,27,28],[3,24,29],[1,22,28],[1,24,30],[2,27,30],[2,22,29],[6,11,22],[5,12,22],[6,10,24],[4,12,24],
[5,10,27],[4,11,27],[4,6,28],[4,5,29],[5,6,30],[24,27,34],[22,27,35],[22,24,36],[5,14,17],[6,15,17],
[5,13,19],[4,15,19],[4,14,20],[6,13,20],[20,21,27],[19,21,24],[18,20,22],[16,17,27],[16,19,22],[17,18,24],
[20,27,34],[19,24,34],[20,22,36],[17,24,36],[19,22,35],[17,27,35],[6,13,28],[4,14,28],[5,14,30],[6,15,30],
[4,15,29],[5,13,29],[9,21,25],[7,18,25],[8,21,23],[8,18,26],[7,16,23],[9,16,26],[6,10,20],[6,11,17],
[5,12,17],[4,12,20],[4,11,19],[5,10,19],[21,27,28],[21,24,29],[18,22,28],[18,24,30],[16,22,29],[16,27,30],
[7,20,33],[8,17,33],[9,17,31],[8,19,32],[7,19,31],[9,20,32],[10,20,33],[11,17,33],[12,17,31],[10,19,31],
[12,20,32],[11,19,32],[14,28,32],[15,30,33],[13,29,31],[15,29,32],[14,30,31],[13,28,33],[9,20,34],[8,19,34],
[7,20,36],[8,17,36],[9,17,35],[7,19,35],[9,21,28],[8,21,29],[7,18,28],[8,18,30],[9,16,30],[7,16,29],
[9,28,34],[8,29,34],[7,28,36],[8,30,36],[9,30,35],[7,29,35],[12,28,32],[11,29,32],[10,28,33],[11,30,33],
[12,30,31],[10,29,31],[12,28,34],[10,28,36],[11,29,34],[11,30,36],[10,29,35],[12,30,35],[1,2,10],[1,3,11],
[2,3,12],[12,21,25],[10,18,25],[10,16,23],[11,21,23],[12,16,26],[11,18,26],[2,10,18],[1,10,16],[3,12,16],
[3,11,18],[2,12,21],[1,11,21],[12,25,34],[10,25,36],[11,23,34],[11,26,36],[12,26,35],[10,23,35],[15,18,21],
[14,16,21],[13,16,18],[4,6,25],[5,6,26],[4,5,23],[14,25,32],[13,25,33],[15,23,32],[15,26,33],[14,26,31],
[13,23,31],[6,25,32],[4,25,33],[5,26,33],[5,23,32],[4,23,31],[6,26,31],[2,14,21],[1,15,21],[3,15,18],
[2,13,18],[1,13,16],[3,14,16],[14,25,34],[13,25,36],[14,26,35],[15,23,34],[13,23,35],[15,26,36],[2,32,33],
[3,31,33],[1,31,32],[2,6,32],[2,4,33],[3,6,31],[3,5,33],[1,4,31],[1,5,32],[2,14,34],[2,13,36],
[3,14,35],[1,15,34],[3,15,36],[1,13,35],[2,6,34],[2,4,36],[3,6,35],[1,4,35],[3,5,36],[1,5,34],
[6,16,21],[4,16,18],[5,18,21],[6,16,34],[4,16,36],[5,18,34],[5,21,36],[6,21,35],[4,18,35],[16,32,33],
[18,31,32],[21,31,33],[16,33,34],[16,32,36],[18,32,35],[21,31,36],[21,33,35],[18,31,34]];
###############################################################

#SurfaceInfo: 144 Vertices, 432 Edges, 288 Faces, IsOrientable=true
 #Vertices of faces:
vof2:=[[142,143,144],[141,142,143],[140,142,144],[139,143,144],[136,137,138],[133,134,135],[130,131,132],[127,128,129],[124,125,126],[121,122,123],
[118,119,120],[115,116,117],[112,113,114],[109,110,111],[106,107,108],[103,104,105],[100,101,102],[97,98,99],[95,96,107],[93,94,108],
[91,92,106],[90,106,107],[89,106,108],[88,107,108],[87,136,137],[86,136,138],[85,137,138],[133,134,136],[130,131,137],[127,128,138],
[87,133,136],[87,130,137],[86,134,136],[85,127,138],[85,131,137],[86,128,138],[84,100,101],[83,100,102],[82,103,104],[81,97,98],
[80,103,105],[79,97,99],[89,93,108],[89,91,106],[88,94,108],[88,95,107],[90,92,106],[90,96,107],[93,94,100],[91,92,97],
[95,96,103],[87,124,125],[86,118,119],[85,121,122],[89,115,116],[88,109,110],[90,112,113],[83,93,100],[79,91,97],[84,94,100],
[80,95,103],[82,96,103],[81,92,97],[89,93,115],[89,91,116],[88,94,109],[90,96,112],[90,92,113],[88,95,110],[87,124,133],
[87,125,130],[86,118,128],[85,121,127],[85,122,131],[86,119,134],[77,78,129],[75,76,135],[73,74,132],[72,133,135],[71,130,132],
[70,134,135],[69,128,129],[68,127,129],[67,131,132],[67,73,132],[71,74,132],[72,75,135],[70,76,135],[68,77,129],[69,78,129],
[72,124,133],[71,125,130],[68,121,127],[67,122,131],[70,119,134],[69,118,128],[83,93,115],[79,91,116],[84,94,109],[80,95,110],
[81,92,113],[82,96,112],[65,66,111],[63,64,114],[61,62,117],[104,105,126],[98,99,120],[101,102,123],[60,116,117],[59,115,117],
[58,113,114],[57,112,114],[56,110,111],[55,109,111],[54,124,126],[53,125,126],[52,121,123],[51,119,120],[50,118,120],[49,122,123],
[54,105,126],[53,104,126],[52,101,123],[49,102,123],[50,98,120],[51,99,120],[55,65,111],[56,66,111],[60,61,117],[59,62,117],
[57,63,114],[58,64,114],[48,72,75],[47,68,77],[46,71,74],[45,67,73],[44,69,78],[43,70,76],[55,84,109],[59,83,115],
[60,79,116],[56,80,110],[57,82,112],[58,81,113],[54,72,124],[53,71,125],[52,68,121],[49,67,122],[50,69,118],[51,70,119],
[42,84,101],[41,83,102],[40,79,99],[39,82,104],[38,81,98],[37,80,105],[42,55,84],[41,59,83],[40,60,79],[38,58,81],
[37,56,80],[39,57,82],[36,56,66],[35,59,62],[34,58,64],[33,57,63],[32,60,61],[31,55,65],[37,54,105],[39,53,104],
[42,52,101],[41,49,102],[40,51,99],[38,50,98],[48,54,72],[46,53,71],[47,52,68],[45,49,67],[43,51,70],[44,50,69],
[37,48,54],[39,46,53],[42,47,52],[41,45,49],[40,43,51],[38,44,50],[36,37,56],[33,39,57],[31,42,55],[35,41,59],
[32,40,60],[34,38,58],[36,37,48],[31,42,47],[33,39,46],[35,41,45],[34,38,44],[32,40,43],[30,77,78],[29,73,74],
[28,75,76],[27,48,75],[26,47,77],[25,44,78],[24,46,74],[23,43,76],[22,45,73],[26,30,77],[25,30,78],[23,28,76],
[22,29,73],[27,28,75],[24,29,74],[27,36,48],[26,31,47],[24,33,46],[22,35,45],[23,32,43],[25,34,44],[20,21,29],
[18,19,28],[16,17,30],[15,65,66],[14,61,62],[13,63,64],[12,36,66],[11,31,65],[10,33,63],[9,35,62],[8,32,61],
[7,34,64],[12,15,66],[11,15,65],[9,14,62],[10,13,63],[7,13,64],[8,14,61],[18,27,28],[20,24,29],[21,22,29],
[16,26,30],[17,25,30],[19,23,28],[12,27,36],[11,26,31],[8,23,32],[10,24,33],[7,25,34],[9,22,35],[5,6,15],
[3,4,14],[1,2,13],[5,12,15],[6,11,15],[3,8,14],[4,9,14],[1,7,13],[2,10,13],[12,18,27],[11,16,26],
[8,19,23],[10,20,24],[9,21,22],[7,17,25],[5,12,18],[6,11,16],[3,8,19],[1,7,17],[4,9,21],[2,10,20],
[18,19,141],[16,17,140],[20,21,139],[5,18,141],[6,16,140],[2,20,139],[4,21,139],[3,19,141],[1,17,140],[5,6,142],
[1,2,144],[3,4,143],[5,141,142],[6,140,142],[1,140,144],[4,139,143],[3,141,143],[2,139,144]];
###############################################################

#SurfaceInfo: 72 Vertices, 432 Edges, 288 Faces, IsOrientable=true
 #Vertices of faces:
vof3:=[[70,71,72],[69,70,71],[68,70,72],[67,71,72],[64,65,66],[61,62,63],[58,59,60],[56,57,66],[53,54,55],[52,56,65],
[49,50,51],[52,57,64],[46,47,48],[44,45,62],[41,42,43],[40,45,61],[40,44,63],[37,38,39],[34,35,36],[31,32,33],
[28,29,30],[35,50,57],[34,57,59],[32,54,56],[29,52,59],[31,50,56],[28,52,54],[26,27,31],[24,25,29],[23,27,32],
[21,22,35],[20,25,28],[19,22,34],[26,27,38],[24,25,47],[23,27,42],[21,22,37],[20,25,41],[19,22,46],[34,35,57],
[28,29,52],[31,32,56],[37,38,40],[27,40,44],[25,44,45],[45,46,47],[41,42,44],[22,40,45],[27,38,40],[25,45,47],
[22,37,40],[27,42,44],[22,45,46],[25,41,44],[52,59,65],[32,53,54],[54,56,66],[29,58,59],[50,57,64],[35,49,50],
[52,54,64],[31,50,51],[57,59,66],[34,59,60],[50,56,65],[28,54,55],[23,26,56],[17,18,68],[20,24,52],[16,18,67],
[16,17,69],[19,21,57],[14,15,40],[12,13,17],[10,11,44],[8,9,18],[6,7,45],[4,5,16],[35,36,46],[34,36,37],
[32,33,38],[28,30,47],[29,30,41],[31,33,42],[4,46,48],[36,45,62],[33,44,62],[9,47,48],[30,45,61],[5,42,43],
[33,40,61],[12,41,43],[13,37,39],[36,40,63],[8,38,39],[30,44,63],[26,31,64],[11,27,31],[24,29,66],[10,25,29],
[21,35,65],[14,27,32],[23,32,64],[6,22,35],[20,28,66],[15,22,34],[19,34,65],[7,25,28],[3,56,57],[17,58,60],
[2,52,56],[18,53,55],[1,52,57],[16,49,51],[3,64,65],[27,61,62],[2,64,66],[22,62,63],[1,65,66],[25,61,63],
[14,27,62],[3,35,65],[10,25,61],[1,29,66],[6,22,63],[2,32,64],[3,31,64],[11,27,61],[7,25,63],[1,34,65],
[2,28,66],[15,22,62],[36,37,62],[4,35,46],[12,29,41],[33,42,61],[30,47,63],[8,32,38],[5,31,42],[30,41,61],
[36,46,63],[13,34,37],[9,28,47],[33,38,62],[12,17,43],[14,33,40],[6,36,45],[4,16,48],[8,18,39],[10,30,44],
[9,18,48],[11,33,44],[5,16,43],[7,30,45],[15,36,40],[13,17,39],[17,60,68],[3,23,56],[16,51,69],[1,21,57],
[18,55,67],[2,24,52],[3,19,57],[17,58,69],[16,49,67],[1,20,52],[18,53,68],[2,26,56],[11,31,51],[26,54,64],
[7,28,55],[19,50,65],[15,34,60],[20,59,66],[6,35,49],[23,50,64],[10,29,58],[24,54,66],[14,32,53],[21,59,65],
[17,18,71],[23,26,33],[16,18,70],[20,24,30],[19,21,36],[16,17,72],[6,7,48],[4,5,50],[10,11,43],[8,9,54],
[14,15,39],[12,13,59],[26,38,53],[24,47,55],[21,37,60],[23,42,51],[19,46,49],[20,41,58],[8,26,54],[11,43,51],
[4,19,50],[7,48,55],[12,20,59],[15,39,60],[5,23,50],[6,48,49],[9,24,54],[10,43,58],[13,21,59],[14,39,53],
[38,53,68],[2,26,53],[2,24,55],[47,55,67],[3,23,51],[37,60,68],[42,51,69],[1,21,60],[41,58,69],[3,19,49],
[1,20,58],[46,49,67],[14,26,33],[17,43,71],[16,48,72],[6,19,36],[10,20,30],[18,39,70],[11,23,33],[18,48,71],
[7,24,30],[16,43,70],[17,39,72],[15,21,36],[3,4,35],[14,37,62],[10,42,61],[1,12,29],[2,8,32],[6,47,63],
[11,41,61],[3,5,31],[1,13,34],[7,46,63],[15,38,62],[2,9,28],[43,51,71],[8,14,26],[4,6,19],[48,55,72],
[39,60,70],[10,12,20],[48,49,71],[5,11,23],[7,9,24],[43,58,70],[39,53,72],[13,15,21],[3,4,51],[14,37,68],
[1,12,60],[10,42,69],[6,47,67],[2,8,55],[3,5,49],[11,41,69],[7,46,67],[1,13,58],[2,9,53],[15,38,68],
[10,12,69],[12,60,70],[8,14,68],[4,51,71],[8,55,72],[4,6,67],[5,11,69],[5,49,71],[13,58,70],[7,9,67],
[13,15,68],[9,53,72],[12,69,70],[4,67,71],[8,68,72],[5,69,71],[9,67,72],[13,68,70]];
###############################################################

#SurfaceInfo: 147 Vertices, 441 Edges, 294 Faces, IsOrientable=true
 #Vertices of faces:
vof4:=[[145,146,147],[144,145,146],[143,145,147],[142,146,147],[139,140,141],[136,137,138],[133,134,135],[130,131,132],[127,128,129],[124,125,126],
[121,122,123],[118,119,120],[115,116,117],[112,113,114],[109,110,111],[106,107,108],[105,109,110],[104,112,113],[103,106,107],[101,102,131],
[99,100,128],[97,98,119],[95,96,116],[93,94,122],[91,92,125],[90,130,131],[89,127,128],[88,118,119],[87,121,122],[86,115,116],
[85,124,125],[105,133,134],[104,139,140],[103,136,137],[84,131,132],[83,116,117],[82,128,129],[81,125,126],[80,119,120],[79,122,123],
[89,104,112],[88,105,109],[86,105,110],[87,103,106],[85,103,107],[90,104,113],[79,83,84],[80,81,82],[83,84,132],[80,82,120],
[81,82,129],[80,81,126],[79,84,123],[79,83,117],[90,113,130],[89,112,127],[88,109,118],[87,106,121],[85,107,124],[86,110,115],
[90,104,139],[89,104,140],[88,105,133],[85,103,136],[87,103,137],[86,105,134],[90,101,131],[89,99,128],[86,95,116],[88,97,119],
[85,91,125],[87,93,122],[83,96,116],[79,94,122],[84,102,131],[82,100,128],[80,98,119],[81,92,125],[77,78,108],[75,76,114],
[73,74,111],[72,112,114],[71,113,114],[70,109,111],[69,110,111],[68,106,108],[67,107,108],[70,73,111],[67,77,108],[68,78,108],
[72,75,114],[69,74,111],[71,76,114],[71,113,130],[72,112,127],[67,107,124],[70,109,118],[69,110,115],[68,106,121],[90,101,139],
[89,99,140],[88,97,133],[86,95,134],[87,93,137],[85,91,136],[80,98,126],[83,96,132],[81,92,129],[82,100,120],[79,94,117],
[84,102,123],[65,66,135],[63,64,138],[61,62,141],[60,130,132],[59,127,129],[58,124,126],[57,121,123],[56,115,117],[55,118,120],
[54,139,141],[53,140,141],[52,137,138],[51,136,138],[50,133,135],[49,134,135],[53,61,141],[51,63,138],[49,65,135],[50,66,135],
[54,62,141],[52,64,138],[54,101,139],[53,99,140],[50,97,133],[49,95,134],[51,91,136],[52,93,137],[60,96,132],[58,98,126],
[57,102,123],[56,94,117],[55,100,120],[59,92,129],[60,71,130],[55,70,118],[59,72,127],[58,67,124],[57,68,121],[56,69,115],
[48,71,76],[47,67,77],[46,70,73],[45,72,75],[44,69,74],[43,68,78],[42,101,102],[41,97,98],[40,95,96],[39,93,94],
[38,91,92],[37,99,100],[42,54,101],[37,53,99],[41,50,97],[40,49,95],[39,52,93],[38,51,91],[40,60,96],[37,55,100],
[38,59,92],[41,58,98],[42,57,102],[39,56,94],[36,49,65],[35,54,62],[34,52,64],[33,53,61],[32,50,66],[31,51,63],
[48,60,71],[46,55,70],[45,59,72],[47,58,67],[44,56,69],[43,57,68],[36,40,49],[35,42,54],[33,37,53],[34,39,52],
[31,38,51],[32,41,50],[40,48,60],[42,43,57],[37,46,55],[38,45,59],[39,44,56],[41,47,58],[36,40,48],[32,41,47],
[35,42,43],[33,37,46],[31,38,45],[34,39,44],[30,77,78],[29,73,74],[28,75,76],[27,48,76],[26,47,77],[25,43,78],
[24,46,73],[23,45,75],[22,44,74],[26,30,77],[25,30,78],[23,28,75],[24,29,73],[22,29,74],[27,28,76],[27,36,48],
[26,32,47],[25,35,43],[24,33,46],[22,34,44],[23,31,45],[20,21,29],[18,19,28],[16,17,30],[15,65,66],[14,61,62],
[13,63,64],[12,36,65],[11,32,66],[10,35,62],[9,33,61],[8,31,63],[7,34,64],[12,15,65],[11,15,66],[10,14,62],
[7,13,64],[8,13,63],[9,14,61],[18,27,28],[20,22,29],[21,24,29],[16,26,30],[17,25,30],[19,23,28],[12,27,36],
[11,26,32],[8,23,31],[10,25,35],[7,22,34],[9,24,33],[5,6,15],[3,4,13],[1,2,14],[5,12,15],[6,11,15],
[3,8,13],[1,10,14],[2,9,14],[4,7,13],[12,18,27],[11,16,26],[8,19,23],[10,17,25],[9,21,24],[7,20,22],
[5,12,18],[6,11,16],[3,8,19],[1,10,17],[4,7,20],[2,9,21],[18,19,144],[16,17,143],[20,21,142],[5,18,144],
[6,16,143],[2,21,142],[4,20,142],[3,19,144],[1,17,143],[5,6,145],[1,2,147],[3,4,146],[5,144,145],[6,143,145],
[1,143,147],[4,142,146],[3,144,146],[2,142,147]];
###############################################################

#SurfaceInfo: 72 Vertices, 504 Edges, 336 Faces, IsOrientable=true
 #Vertices of faces:
vof5:=[[70,71,72],[69,70,71],[68,70,72],[67,71,72],[64,65,66],[61,62,63],[58,59,60],[55,56,57],[52,53,54],[49,50,51],
[46,47,48],[45,52,53],[44,52,54],[43,46,47],[42,46,48],[41,49,50],[40,49,51],[37,38,39],[34,35,36],[31,32,33],
[35,61,62],[38,58,59],[32,61,63],[35,58,60],[32,64,65],[38,64,66],[30,35,61],[29,35,58],[28,32,61],[27,38,58],
[26,38,64],[25,32,64],[34,35,62],[35,36,60],[37,38,66],[38,39,59],[31,32,65],[32,33,63],[45,52,58],[43,46,58],
[42,46,64],[41,49,61],[40,49,64],[44,52,61],[23,24,69],[21,22,68],[19,20,67],[18,28,40],[17,27,42],[16,29,44],
[15,30,45],[14,25,41],[13,26,43],[23,45,53],[19,40,51],[21,44,54],[22,41,50],[20,42,48],[24,43,47],[38,55,56],
[32,56,57],[35,55,57],[21,34,66],[23,36,65],[22,33,59],[20,37,62],[24,39,63],[19,31,60],[20,22,23],[19,21,24],
[18,23,57],[16,20,55],[17,21,55],[15,19,57],[13,22,56],[14,24,56],[12,34,66],[11,36,65],[10,33,59],[9,37,62],
[8,39,63],[7,31,60],[16,38,55],[18,35,57],[17,35,55],[15,32,57],[14,38,56],[13,32,56],[22,23,45],[19,21,40],
[20,23,42],[20,22,41],[21,24,44],[19,24,43],[23,53,57],[20,48,55],[19,51,57],[21,54,55],[24,47,56],[22,50,56],
[6,26,43],[5,29,44],[4,28,40],[3,27,42],[2,25,41],[1,30,45],[23,65,69],[21,66,68],[19,60,67],[24,63,69],
[20,62,67],[22,59,68],[16,20,44],[13,22,43],[18,23,40],[14,24,41],[15,19,45],[17,21,42],[21,34,62],[23,36,60],
[20,37,66],[24,39,59],[22,33,63],[19,31,65],[28,44,61],[30,41,61],[29,43,58],[27,45,58],[26,40,64],[25,42,64],
[18,28,50],[13,26,48],[16,29,53],[15,30,54],[17,27,47],[14,25,51],[19,20,70],[21,22,71],[23,24,72],[52,65,66],
[49,59,60],[46,62,63],[50,51,58],[53,54,64],[47,48,61],[4,27,38],[3,28,32],[6,30,35],[2,29,35],[1,26,38],
[5,25,32],[12,46,58],[10,46,64],[11,49,61],[9,52,58],[7,52,61],[8,49,64],[31,34,39],[33,36,37],[3,11,53],
[4,12,54],[2,9,48],[6,7,51],[5,8,47],[1,10,50],[6,7,52],[2,9,52],[4,12,46],[5,8,49],[1,10,46],
[3,11,49],[12,50,58],[10,54,64],[11,47,61],[9,51,58],[7,48,61],[8,53,64],[6,14,51],[5,17,47],[4,15,54],
[3,16,53],[1,18,50],[2,13,48],[12,34,39],[11,33,36],[10,33,37],[9,36,37],[7,31,34],[8,31,39],[28,44,50],
[29,43,53],[30,41,54],[27,45,47],[25,42,51],[26,40,48],[20,44,70],[22,43,71],[23,40,72],[24,41,72],[21,42,71],
[19,45,70],[52,65,69],[52,66,68],[49,59,68],[49,60,67],[46,63,69],[46,62,67],[4,27,40],[3,28,42],[6,30,43],
[2,29,41],[5,25,44],[1,26,45],[11,53,57],[9,48,55],[7,51,57],[12,54,55],[10,50,56],[8,47,56],[4,16,38],
[6,18,35],[2,17,35],[3,15,32],[5,13,32],[1,14,38],[21,40,62],[23,42,60],[20,41,66],[24,44,59],[19,43,65],
[22,45,63],[37,39,57],[31,33,55],[34,36,56],[3,12,66],[1,7,60],[4,11,65],[6,10,59],[5,9,62],[2,8,63],
[6,12,26],[5,7,29],[4,8,28],[3,10,27],[1,9,30],[2,11,25],[6,10,27],[2,8,28],[3,12,26],[1,7,29],
[4,11,25],[5,9,30],[4,16,65],[6,18,59],[2,17,63],[3,15,66],[1,14,60],[5,13,62],[11,39,57],[12,33,55],
[7,37,57],[8,36,56],[9,31,55],[10,34,56],[2,11,13],[6,12,14],[5,7,17],[4,8,15],[1,9,18],[3,10,16],
[27,40,62],[28,42,60],[29,41,66],[25,44,59],[26,45,63],[30,43,65],[44,50,70],[43,53,71],[41,54,72],[45,47,70],
[40,48,72],[42,51,71],[12,39,50],[10,37,54],[11,33,47],[9,36,51],[8,31,53],[7,34,48],[6,52,69],[2,52,68],
[3,49,67],[1,46,69],[4,46,67],[5,49,68],[39,50,70],[33,47,70],[37,54,72],[36,51,71],[34,48,72],[31,53,71],
[11,13,39],[12,14,33],[7,17,37],[8,15,36],[10,16,34],[9,18,31],[13,27,62],[14,28,60],[17,26,63],[15,29,66],
[16,30,65],[18,25,59],[6,27,69],[2,28,68],[3,26,67],[1,29,69],[5,30,68],[4,25,67],[13,27,69],[14,28,68],
[17,26,67],[15,29,69],[18,25,67],[16,30,68],[13,39,70],[14,33,70],[17,37,72],[15,36,71],[18,31,71],[16,34,72],
[13,69,70],[14,68,70],[17,67,72],[15,69,71],[16,68,72],[18,67,71]];
###############################################################

#SurfaceInfo: 126 Vertices, 504 Edges, 336 Faces, IsOrientable=true
 #Vertices of faces:
vof6:=[[124,125,126],[123,124,125],[122,124,126],[121,125,126],[118,119,120],[115,116,117],[112,113,114],[109,110,111],[106,107,108],[103,104,105],
[100,101,102],[97,98,99],[94,95,96],[91,92,93],[88,89,90],[85,86,87],[82,83,84],[80,81,101],[78,79,100],[76,77,102],
[75,80,101],[74,81,101],[73,76,102],[72,78,100],[71,77,102],[70,79,100],[69,97,98],[68,94,95],[67,91,92],[66,82,83],
[65,88,89],[64,85,86],[63,100,101],[62,101,102],[61,100,102],[62,91,97],[61,85,88],[63,82,94],[58,59,60],[55,56,57],
[54,55,56],[53,55,57],[52,58,59],[51,56,57],[50,58,60],[49,59,60],[63,72,100],[61,71,102],[61,70,100],[62,73,102],
[63,74,101],[62,75,101],[63,68,94],[62,69,97],[62,67,91],[61,64,85],[61,65,88],[63,66,82],[48,54,55],[47,52,58],
[46,53,57],[45,51,56],[44,50,60],[43,49,59],[62,69,73],[61,65,70],[63,66,74],[63,68,72],[62,67,75],[61,64,71],
[59,98,99],[56,95,96],[55,92,93],[58,83,84],[60,89,90],[57,86,87],[54,56,69],[49,60,67],[53,55,65],[52,59,68],
[51,57,66],[50,58,64],[56,69,96],[59,68,99],[55,65,93],[58,64,84],[57,66,87],[60,67,90],[48,55,92],[47,58,83],
[46,57,86],[44,60,89],[45,56,95],[43,59,98],[52,68,72],[54,69,73],[49,67,75],[53,65,70],[50,64,71],[51,66,74],
[52,109,110],[54,109,111],[49,103,104],[53,103,105],[50,106,107],[51,106,108],[72,78,92],[73,76,83],[71,77,95],[70,79,98],
[74,81,89],[75,80,86],[42,69,98],[41,68,95],[40,66,83],[39,65,89],[38,67,92],[37,64,86],[36,46,53],[35,48,54],
[34,44,50],[33,47,52],[32,43,49],[31,45,51],[30,36,46],[29,35,48],[28,34,44],[27,33,47],[26,31,45],[25,32,43],
[38,72,92],[41,71,95],[40,73,83],[39,74,89],[37,75,86],[42,70,98],[33,52,109],[35,54,109],[32,49,103],[36,53,103],
[31,51,106],[34,50,106],[48,78,92],[47,76,83],[46,80,86],[44,81,89],[43,79,98],[45,77,95],[52,72,110],[54,73,111],
[49,75,104],[53,70,105],[51,74,108],[50,71,107],[42,69,96],[41,68,99],[37,64,84],[40,66,87],[38,67,90],[39,65,93],
[48,115,116],[45,118,119],[46,112,113],[44,115,117],[47,112,114],[43,118,120],[80,81,109],[76,77,103],[78,79,106],[30,46,112],
[29,48,115],[28,44,115],[27,47,112],[25,43,118],[26,45,118],[24,40,87],[23,39,93],[22,38,90],[21,42,96],[20,41,99],
[19,37,84],[44,81,117],[46,80,113],[48,78,116],[47,76,114],[43,79,120],[45,77,119],[33,81,109],[35,80,109],[31,78,106],
[32,76,103],[34,79,106],[36,77,103],[40,73,111],[39,74,108],[38,72,110],[42,70,105],[41,71,107],[37,75,104],[91,97,112],
[82,94,115],[85,88,118],[18,28,34],[17,25,32],[16,30,36],[15,29,35],[14,27,33],[13,26,31],[12,16,40],[11,15,39],
[10,18,38],[9,17,41],[8,13,42],[7,14,37],[14,17,18],[13,15,16],[12,16,36],[11,15,35],[7,14,33],[10,18,34],
[8,13,31],[9,17,32],[15,16,29],[13,15,26],[14,18,27],[17,18,28],[13,16,30],[14,17,25],[27,97,112],[30,91,112],
[29,94,115],[25,88,118],[26,85,118],[28,82,115],[12,40,111],[11,39,108],[10,38,110],[7,37,104],[9,41,107],[8,42,105],
[16,24,40],[15,23,39],[18,22,38],[13,21,42],[14,19,37],[17,20,41],[33,81,117],[35,80,113],[31,78,116],[32,76,114],
[36,77,119],[34,79,120],[6,97,99],[5,94,96],[4,91,93],[3,88,90],[2,82,84],[1,85,87],[12,20,99],[11,19,84],
[10,21,96],[7,23,93],[8,22,90],[9,24,87],[6,12,99],[4,7,93],[5,10,96],[3,8,90],[1,9,87],[2,11,84],
[6,27,97],[5,29,94],[1,26,85],[4,30,91],[2,28,82],[3,25,88],[12,20,111],[11,19,108],[10,21,110],[8,22,105],
[9,24,107],[7,23,104],[7,33,117],[11,35,113],[8,31,116],[9,32,114],[10,34,120],[12,36,119],[18,22,27],[16,24,29],
[15,23,26],[17,20,28],[14,19,25],[13,21,30],[110,111,121],[104,105,123],[107,108,122],[22,105,123],[24,107,122],[20,111,121],
[23,104,123],[19,108,122],[21,110,121],[6,22,27],[5,24,29],[2,20,28],[1,23,26],[3,19,25],[4,21,30],[6,12,119],
[5,10,120],[2,11,113],[1,9,114],[3,8,116],[4,7,117],[119,120,124],[113,114,125],[116,117,126],[6,119,124],[5,120,124],
[2,113,125],[4,117,126],[3,116,126],[1,114,125],[6,22,123],[5,24,122],[2,20,121],[1,23,123],[4,21,121],[3,19,122],
[6,123,124],[5,122,124],[2,121,125],[1,123,125],[3,122,126],[4,121,126]];
###############################################################

#SurfaceInfo: 126 Vertices, 504 Edges, 336 Faces, IsOrientable=true
 #Vertices of faces:
vof7:=[[124,125,126],[123,124,125],[122,125,126],[121,124,126],[118,119,120],[115,116,117],[112,113,114],[109,110,111],[107,108,110],[106,107,109],
[107,109,110],[103,104,105],[100,101,102],[97,98,99],[94,95,96],[91,92,93],[88,89,90],[104,112,113],[89,112,114],[98,118,119],
[92,115,116],[95,118,120],[101,115,117],[87,119,120],[86,113,114],[85,116,117],[84,87,119],[83,87,120],[82,86,114],[81,85,116],
[80,85,117],[79,86,113],[103,104,112],[88,89,112],[97,98,118],[91,92,115],[100,101,115],[94,95,118],[78,82,83],[77,81,84],
[76,79,80],[74,75,118],[72,73,112],[70,71,115],[68,69,106],[66,67,108],[64,65,111],[63,64,111],[62,68,106],[61,69,106],
[60,65,111],[59,66,108],[58,67,108],[77,84,87],[76,80,85],[78,83,87],[78,82,86],[76,79,86],[77,81,85],[74,97,118],
[75,94,118],[70,91,115],[71,100,115],[72,88,112],[73,103,112],[56,57,110],[54,55,109],[52,53,107],[51,70,71],[50,74,75],
[49,72,73],[68,69,87],[64,65,85],[66,67,86],[48,109,111],[47,106,109],[46,107,108],[45,108,110],[44,106,107],[43,110,111],
[42,51,70],[41,50,74],[40,50,75],[39,49,72],[38,49,73],[37,51,71],[43,56,110],[45,57,110],[48,54,109],[44,52,107],
[46,53,107],[47,55,109],[67,76,86],[66,78,86],[69,78,87],[68,77,87],[64,77,85],[65,76,85],[36,70,91],[35,74,97],
[34,75,94],[33,72,88],[32,71,100],[31,73,103],[48,63,111],[47,62,106],[43,60,111],[45,58,108],[44,61,106],[46,59,108],
[29,30,76],[27,28,78],[25,26,77],[47,103,105],[43,94,96],[48,88,90],[44,100,102],[46,91,93],[45,97,99],[43,104,113],
[47,92,116],[44,89,114],[45,101,117],[46,95,120],[48,98,119],[24,63,64],[23,62,68],[22,60,65],[21,61,69],[20,58,67],
[19,59,66],[18,24,70],[17,23,74],[16,21,75],[15,19,72],[14,20,73],[13,22,71],[20,21,24],[19,22,23],[18,24,64],
[17,23,68],[16,21,69],[14,20,67],[15,19,66],[13,22,65],[20,24,58],[19,23,59],[21,24,63],[19,22,60],[22,23,62],
[20,21,61],[43,96,104],[45,99,101],[48,90,98],[44,89,102],[47,92,105],[46,93,95],[29,67,76],[30,65,76],[27,66,78],
[25,68,77],[26,64,77],[28,69,78],[48,63,88],[45,58,97],[43,60,94],[47,62,103],[46,59,91],[44,61,100],[18,36,70],
[17,35,74],[16,34,75],[14,31,73],[13,32,71],[15,33,72],[43,56,113],[48,54,119],[47,55,116],[44,52,114],[46,53,120],
[45,57,117],[24,42,70],[23,41,74],[21,40,75],[19,39,72],[22,37,71],[20,38,73],[29,30,50],[25,26,49],[27,28,51],
[18,82,114],[17,79,113],[16,80,117],[14,84,119],[15,81,116],[13,83,120],[12,31,103],[11,36,91],[10,35,97],[9,33,88],
[8,34,94],[7,32,100],[42,51,96],[41,50,102],[39,49,99],[40,50,105],[37,51,90],[38,49,93],[31,34,36],[32,33,35],
[8,34,36],[7,32,35],[12,31,34],[10,33,35],[9,32,33],[11,31,36],[30,50,105],[27,51,96],[29,50,102],[26,49,99],
[28,51,90],[25,49,93],[17,56,113],[14,54,119],[15,55,116],[18,52,114],[16,57,117],[13,53,120],[18,36,82],[17,35,79],
[16,34,80],[14,31,84],[15,33,81],[13,32,83],[10,58,97],[11,59,91],[9,63,88],[8,60,94],[7,61,100],[12,62,103],
[42,96,104],[39,99,101],[38,93,95],[41,89,102],[40,92,105],[37,90,98],[17,25,68],[14,29,67],[15,27,66],[16,28,69],
[18,26,64],[13,30,65],[24,42,58],[23,41,59],[21,40,63],[19,39,60],[20,38,61],[22,37,62],[6,104,105],[5,101,102],
[4,98,99],[3,95,96],[2,89,90],[1,92,93],[6,42,104],[2,41,89],[1,40,92],[5,39,101],[4,37,98],[3,38,95],
[6,30,105],[1,25,93],[5,29,102],[4,26,99],[3,27,96],[2,28,90],[13,30,53],[17,25,56],[14,29,54],[15,27,55],
[16,28,57],[18,26,52],[10,42,58],[11,41,59],[9,40,63],[8,39,60],[12,37,62],[7,38,61],[8,36,82],[7,35,79],
[12,34,80],[11,31,84],[9,32,83],[10,33,81],[82,83,122],[79,80,121],[81,84,123],[10,81,123],[8,82,122],[11,84,123],
[7,79,121],[12,80,121],[9,83,122],[6,30,53],[5,29,54],[1,25,56],[2,28,57],[4,26,52],[3,27,55],[6,10,42],
[5,8,39],[2,11,41],[3,7,38],[4,12,37],[1,9,40],[52,53,124],[54,55,126],[56,57,125],[6,53,124],[5,54,126],
[1,56,125],[2,57,125],[3,55,126],[4,52,124],[6,10,123],[5,8,122],[2,11,123],[3,7,121],[1,9,122],[4,12,121],
[6,123,124],[5,122,126],[2,123,125],[3,121,126],[4,121,124],[1,122,125]];
###############################################################

#SurfaceInfo: 39 Vertices, 507 Edges, 338 Faces, IsOrientable=true
 #Vertices of faces:
vof8:=[[37,38,39],[36,37,38],[35,38,39],[34,37,39],[31,32,33],[29,30,32],[28,30,33],[25,26,27],[23,24,26],[22,23,25],
[29,31,32],[28,29,30],[28,31,33],[19,20,21],[17,18,20],[16,17,19],[25,30,33],[23,30,32],[26,32,33],[13,14,15],
[13,14,22],[14,15,27],[13,15,24],[10,11,12],[8,9,12],[7,9,11],[20,22,27],[19,22,24],[17,24,27],[10,11,27],
[10,12,22],[8,9,27],[7,9,22],[7,11,24],[8,12,24],[13,17,24],[13,20,22],[14,19,22],[15,19,24],[15,20,27],
[14,17,27],[18,28,31],[21,28,29],[16,29,31],[21,23,32],[16,23,30],[16,26,33],[18,26,32],[21,25,33],[18,25,30],
[6,18,21],[5,16,21],[4,16,18],[11,19,20],[9,17,19],[12,17,20],[3,22,27],[2,24,27],[1,22,24],[18,25,31],
[21,23,28],[16,26,29],[16,23,31],[18,26,28],[21,25,29],[6,18,30],[6,21,33],[4,16,33],[5,16,30],[4,18,32],
[5,21,32],[3,11,27],[2,9,27],[3,12,22],[2,12,24],[1,11,24],[1,9,22],[11,13,20],[9,13,17],[12,14,17],
[12,15,20],[11,14,19],[9,15,19],[12,25,26],[11,23,25],[9,23,26],[12,30,35],[12,32,36],[9,33,36],[11,33,35],
[9,30,34],[11,32,34],[18,21,35],[16,18,36],[16,21,34],[11,18,35],[12,21,35],[9,18,36],[11,16,34],[9,21,34],
[12,16,36],[9,26,29],[12,25,31],[11,25,29],[9,23,31],[12,26,28],[11,23,28],[4,9,33],[5,9,30],[5,11,32],
[4,12,32],[6,11,33],[6,12,30],[3,11,13],[3,12,15],[1,11,14],[2,9,13],[1,9,15],[2,12,14],[3,19,21],
[1,20,21],[1,16,17],[2,16,19],[2,18,20],[3,17,18],[1,2,32],[1,3,30],[2,3,33],[11,12,37],[9,12,39],
[9,11,38],[3,17,33],[2,20,33],[3,19,30],[2,19,32],[1,20,30],[1,17,32],[3,13,21],[3,15,18],[1,14,21],
[2,13,16],[2,14,18],[1,15,16],[12,21,37],[11,18,37],[12,16,39],[9,21,38],[11,16,38],[9,18,39],[6,12,31],
[4,9,29],[5,9,31],[6,11,29],[5,11,28],[4,12,28],[4,25,27],[6,26,27],[4,23,24],[5,22,25],[6,22,23],
[5,24,26],[4,6,13],[5,6,15],[4,5,14],[10,21,27],[10,18,22],[7,21,24],[8,16,27],[8,18,24],[7,16,22],
[4,13,25],[6,13,26],[4,14,23],[5,14,26],[6,15,23],[5,15,25],[10,13,21],[10,15,18],[8,13,16],[7,14,21],
[7,15,16],[8,14,18],[4,27,28],[6,27,31],[4,24,29],[5,24,31],[6,22,29],[5,22,28],[21,27,37],[18,22,37],
[16,27,39],[18,24,39],[16,22,38],[21,24,38],[8,19,32],[10,19,30],[7,17,32],[7,20,30],[8,20,33],[10,17,33],
[27,30,35],[22,33,35],[27,32,36],[24,33,36],[24,30,34],[22,32,34],[27,30,37],[22,33,37],[27,32,39],[24,33,39],
[24,30,38],[22,32,38],[27,28,36],[27,31,35],[24,29,36],[24,31,34],[22,28,34],[22,29,35],[13,26,35],[14,23,36],
[13,25,36],[15,25,34],[15,23,35],[14,26,34],[10,13,30],[10,15,33],[8,13,32],[7,14,30],[7,15,32],[8,14,33],
[13,30,37],[15,33,37],[13,32,39],[14,33,39],[14,30,38],[15,32,38],[13,31,35],[15,29,35],[13,28,36],[14,29,36],
[14,31,34],[15,28,34],[13,31,37],[13,28,39],[15,29,37],[14,29,39],[15,28,38],[14,31,38],[1,2,28],[2,3,29],
[1,3,31],[10,19,31],[8,19,28],[7,17,28],[10,17,29],[7,20,31],[8,20,29],[1,8,28],[2,7,28],[3,7,31],
[3,8,29],[1,10,31],[2,10,29],[19,31,37],[19,28,39],[17,29,37],[20,29,39],[20,31,38],[17,28,38],[8,10,23],
[7,10,26],[7,8,25],[4,6,19],[4,5,20],[5,6,17],[19,26,35],[19,25,36],[17,23,35],[20,23,36],[20,26,34],
[17,25,34],[4,19,35],[6,19,36],[5,20,36],[5,17,35],[6,17,34],[4,20,34],[1,10,26],[2,10,23],[3,8,23],
[1,8,25],[2,7,25],[3,7,26],[19,26,37],[19,25,39],[20,26,38],[17,23,37],[17,25,38],[20,23,39],[1,35,36],
[3,34,36],[2,34,35],[1,4,35],[1,6,36],[3,4,34],[3,5,36],[2,6,34],[2,5,35],[1,26,37],[1,25,39],
[3,26,38],[2,23,37],[3,23,39],[2,25,38],[1,4,37],[1,6,39],[3,4,38],[2,6,38],[3,5,39],[2,5,37],
[4,7,10],[6,7,8],[5,8,10],[4,7,37],[6,7,39],[5,8,37],[5,10,39],[4,10,38],[6,8,38],[7,35,36],
[8,34,35],[10,34,36],[7,36,37],[7,35,39],[8,35,38],[10,34,39],[10,36,38],[8,34,37]];
###############################################################

#SurfaceInfo: 169 Vertices, 507 Edges, 338 Faces, IsOrientable=true
 #Vertices of faces:
vof9:=[[167,168,169],[166,167,168],[165,167,169],[164,168,169],[161,162,163],[159,160,162],[157,158,162],[154,155,156],[151,152,153],[148,149,150],
[159,161,162],[157,160,162],[158,162,163],[145,146,147],[142,143,144],[139,140,141],[138,157,158],[137,159,160],[136,161,163],[133,134,135],
[132,133,134],[131,133,135],[130,134,135],[127,128,129],[124,125,126],[121,122,123],[119,120,133],[117,118,134],[115,116,135],[114,127,128],
[113,127,129],[112,124,125],[111,121,122],[110,121,123],[109,124,126],[115,130,135],[119,132,133],[117,132,134],[118,130,134],[120,131,133],
[116,131,135],[108,158,163],[107,157,160],[106,159,161],[105,137,160],[104,137,159],[103,136,161],[102,136,163],[101,138,157],[100,138,158],
[98,99,138],[96,97,137],[94,95,136],[132,145,146],[130,139,140],[131,142,143],[119,120,127],[115,116,124],[117,118,121],[100,108,158],
[105,107,160],[103,106,161],[104,106,159],[102,108,163],[101,107,157],[98,100,138],[99,101,138],[94,103,136],[96,104,137],[95,102,136],
[97,105,137],[114,119,127],[112,115,124],[113,120,127],[109,116,124],[110,117,121],[111,118,121],[119,132,145],[115,130,139],[116,131,142],
[120,131,143],[117,132,146],[118,130,140],[108,154,155],[107,148,149],[106,151,152],[92,93,98],[90,91,95],[88,89,94],[86,87,99],
[84,85,96],[82,83,97],[81,98,99],[80,94,95],[79,96,97],[81,86,99],[81,92,98],[80,88,94],[79,82,97],[79,84,96],
[80,90,95],[103,106,151],[100,108,154],[101,107,148],[104,106,152],[102,108,155],[105,107,149],[89,94,103],[85,96,104],[83,97,105],
[91,95,102],[87,99,101],[93,98,100],[114,119,145],[113,120,143],[110,117,146],[112,115,139],[111,118,140],[109,116,142],[78,145,147],
[77,146,147],[76,140,141],[75,139,141],[74,142,144],[73,143,144],[71,72,141],[69,70,147],[67,68,144],[81,128,129],[80,125,126],
[79,122,123],[67,73,144],[68,74,144],[69,78,147],[71,75,141],[70,77,147],[72,76,141],[78,114,145],[73,113,143],[77,110,146],
[75,112,139],[74,109,142],[76,111,140],[81,92,128],[81,86,129],[80,90,125],[79,84,123],[79,82,122],[80,88,126],[93,100,154],
[89,103,151],[85,104,152],[87,101,148],[83,105,149],[91,102,155],[66,155,156],[65,154,156],[64,151,153],[63,149,150],[62,148,150],
[61,152,153],[59,60,156],[57,58,150],[55,56,153],[54,114,128],[53,113,129],[52,110,123],[51,112,125],[50,109,126],[49,111,122],
[59,66,156],[60,65,156],[55,64,153],[56,61,153],[57,62,150],[58,63,150],[54,78,114],[53,73,113],[51,75,112],[52,77,110],
[49,76,111],[50,74,109],[66,91,155],[65,93,154],[64,89,151],[61,85,152],[62,87,148],[63,83,149],[54,92,128],[53,86,129],
[51,90,125],[50,88,126],[49,82,122],[52,84,123],[48,71,75],[47,69,78],[46,72,76],[45,70,77],[44,68,74],[43,67,73],
[42,92,93],[41,86,87],[40,90,91],[39,88,89],[38,84,85],[37,82,83],[42,54,92],[41,53,86],[40,51,90],[39,50,88],
[38,52,84],[37,49,82],[40,66,91],[42,65,93],[39,64,89],[38,61,85],[37,63,83],[41,62,87],[36,60,65],[35,55,64],
[34,59,66],[33,58,63],[32,57,62],[31,56,61],[47,54,78],[43,53,73],[48,51,75],[45,52,77],[46,49,76],[44,50,74],
[42,47,54],[41,43,53],[40,48,51],[39,44,50],[38,45,52],[37,46,49],[36,42,65],[32,41,62],[34,40,66],[35,39,64],
[31,38,61],[33,37,63],[36,42,47],[34,40,48],[32,41,43],[35,39,44],[33,37,46],[31,38,45],[30,71,72],[29,67,68],
[28,69,70],[27,47,69],[26,48,71],[25,46,72],[24,43,67],[23,45,70],[22,44,68],[26,30,71],[25,30,72],[23,28,70],
[22,29,68],[27,28,69],[24,29,67],[27,36,47],[26,34,48],[24,32,43],[22,35,44],[23,31,45],[25,33,46],[20,21,29],
[18,19,28],[16,17,30],[15,59,60],[14,55,56],[13,57,58],[12,36,60],[11,34,59],[10,32,57],[9,35,55],[8,31,56],
[7,33,58],[12,15,60],[11,15,59],[9,14,55],[10,13,57],[7,13,58],[8,14,56],[18,27,28],[20,24,29],[21,22,29],
[16,26,30],[17,25,30],[19,23,28],[12,27,36],[11,26,34],[8,23,31],[10,24,32],[7,25,33],[9,22,35],[5,6,15],
[3,4,14],[1,2,13],[5,12,15],[6,11,15],[3,8,14],[4,9,14],[1,7,13],[2,10,13],[12,18,27],[11,16,26],
[8,19,23],[10,20,24],[9,21,22],[7,17,25],[5,12,18],[6,11,16],[3,8,19],[1,7,17],[4,9,21],[2,10,20],
[18,19,166],[16,17,165],[20,21,164],[5,18,166],[6,16,165],[2,20,164],[4,21,164],[3,19,166],[1,17,165],[5,6,167],
[1,2,169],[3,4,168],[5,166,167],[6,165,167],[1,165,169],[4,164,168],[3,166,168],[2,164,169]];
###############################################################

#SurfaceInfo: 108 Vertices, 540 Edges, 360 Faces, IsOrientable=false
 #Vertices of faces:
vof10:=[[106,107,108],[105,106,107],[104,106,108],[103,107,108],[100,101,102],[97,98,99],[94,95,96],[91,92,93],[88,89,90],[85,86,87],
[82,83,84],[79,80,81],[77,78,86],[75,76,87],[73,74,84],[72,75,83],[71,73,80],[70,77,81],[68,69,77],[66,67,75],
[64,65,73],[68,77,86],[66,75,87],[64,73,84],[65,73,80],[69,77,81],[67,75,83],[62,63,82],[60,61,85],[58,59,79],
[55,56,57],[52,53,54],[49,50,51],[47,48,73],[45,46,75],[43,44,77],[40,41,42],[37,38,39],[34,35,36],[41,77,78],
[35,71,73],[41,73,74],[38,72,75],[38,70,77],[35,75,76],[33,78,86],[32,74,84],[31,72,83],[30,71,80],[29,76,87],
[28,70,81],[59,85,86],[62,85,87],[60,82,83],[63,79,80],[61,79,81],[58,82,84],[26,27,79],[24,25,79],[22,23,85],
[20,21,82],[18,19,82],[16,17,85],[15,33,78],[14,28,70],[13,30,71],[12,29,76],[11,31,72],[10,32,74],[15,16,17],
[10,18,19],[14,26,27],[13,24,25],[11,20,21],[12,22,23],[33,59,86],[32,58,84],[29,62,87],[31,60,83],[28,61,81],
[30,63,80],[23,62,85],[21,60,82],[19,58,82],[17,59,85],[27,61,79],[25,63,79],[55,56,70],[56,57,72],[49,50,74],
[52,53,71],[50,51,78],[53,54,76],[41,43,77],[41,47,73],[35,48,73],[38,45,75],[35,46,75],[38,44,77],[37,38,72],
[40,41,78],[41,42,74],[34,35,76],[35,36,71],[38,39,70],[20,62,82],[22,60,85],[24,58,79],[26,59,79],[16,61,85],
[18,63,82],[29,33,92],[31,32,91],[28,30,93],[40,42,90],[34,36,89],[37,39,88],[68,86,90],[66,87,89],[67,83,88],
[69,81,88],[65,80,89],[64,84,90],[41,91,92],[35,92,93],[38,91,93],[9,88,89],[8,88,90],[7,89,90],[8,86,90],
[9,87,89],[8,81,88],[7,80,89],[7,84,90],[9,83,88],[42,68,90],[34,65,89],[36,66,89],[37,69,88],[40,64,90],
[39,67,88],[41,43,92],[41,47,91],[35,48,93],[38,45,91],[38,44,93],[35,46,92],[33,59,92],[32,58,91],[30,63,93],
[28,61,93],[31,60,91],[29,62,92],[36,52,71],[42,49,74],[37,57,72],[34,54,76],[39,55,70],[40,51,78],[20,23,62],
[21,22,60],[19,24,58],[17,26,59],[18,25,63],[16,27,61],[14,26,70],[10,18,74],[13,24,71],[12,22,76],[11,20,72],
[15,16,78],[8,23,25],[9,17,19],[7,21,27],[64,65,95],[66,67,98],[68,69,101],[65,100,101],[66,101,102],[68,97,98],
[64,98,99],[69,94,95],[67,95,96],[6,86,87],[5,80,81],[4,83,84],[15,33,101],[12,29,98],[11,31,98],[10,32,95],
[14,28,101],[13,30,95],[36,56,70],[42,56,72],[37,50,74],[40,53,76],[34,50,78],[39,53,71],[28,66,101],[33,65,101],
[29,64,98],[30,67,95],[31,68,98],[32,69,95],[10,65,95],[13,64,95],[12,67,98],[11,66,98],[14,68,101],[15,69,101],
[36,52,56],[42,49,56],[37,50,57],[39,53,55],[40,51,53],[34,50,54],[20,42,72],[26,36,70],[18,37,74],[16,34,78],
[24,39,71],[22,40,76],[8,20,23],[9,17,26],[8,18,25],[7,16,27],[9,19,24],[7,21,22],[42,68,97],[37,69,94],
[34,65,100],[36,66,102],[39,67,96],[40,64,99],[6,8,86],[6,9,87],[5,8,81],[4,9,83],[4,7,84],[5,7,80],
[43,59,92],[47,58,91],[48,63,93],[44,61,93],[46,62,92],[45,60,91],[47,48,56],[43,44,53],[45,46,50],[3,58,59],
[2,60,61],[1,62,63],[46,50,57],[47,52,56],[48,49,56],[43,53,55],[45,50,54],[44,51,53],[3,43,59],[2,45,60],
[1,46,62],[3,47,58],[1,48,63],[2,44,61],[6,8,20],[6,9,26],[5,8,18],[5,7,16],[4,7,22],[4,9,24],
[20,42,97],[26,36,102],[18,37,94],[16,34,100],[22,40,99],[24,39,96],[10,33,65],[13,29,64],[12,30,67],[11,28,66],
[15,32,69],[14,31,68],[29,33,105],[28,30,104],[31,32,103],[13,25,43],[15,17,45],[10,19,46],[14,27,47],[11,21,48],
[12,23,44],[13,29,105],[15,32,103],[14,31,103],[10,33,105],[12,30,104],[11,28,104],[3,13,43],[2,15,45],[1,10,46],
[3,14,47],[2,12,44],[1,11,48],[25,43,55],[23,44,51],[21,48,49],[27,47,52],[17,45,54],[19,46,57],[6,20,97],
[6,26,102],[5,18,94],[5,16,100],[4,24,96],[4,22,99],[23,25,106],[21,27,108],[17,19,107],[6,55,57],[5,49,51],
[4,52,54],[6,55,97],[5,51,94],[6,57,102],[5,49,100],[4,54,96],[4,52,99],[25,55,106],[23,51,106],[19,57,107],
[21,49,108],[17,54,107],[27,52,108],[3,13,105],[2,12,104],[1,11,104],[2,15,103],[1,10,105],[3,14,103],[3,97,99],
[2,94,96],[1,100,102],[3,97,105],[2,94,104],[1,102,105],[1,100,104],[3,99,103],[2,96,103],[55,97,106],[51,94,106],
[57,102,107],[49,100,108],[52,99,108],[54,96,107],[97,105,106],[94,104,106],[102,105,107],[100,104,108],[96,103,107],[99,103,108]];
###############################################################

