#SurfaceInfo: 84 Vertices, 504 Edges, 336 Faces, IsOrientable=true
 #Vertices of faces:
vof1:=[[82,83,84],[80,81,83],[78,79,84],[77,80,82],[75,76,82],[73,74,81],[72,78,83],[70,71,83],[68,69,79],[66,67,77],
[65,75,84],[64,73,80],[62,63,84],[60,61,80],[58,59,76],[57,63,74],[55,56,72],[54,70,81],[53,68,78],[52,66,82],
[50,51,82],[48,49,81],[46,47,78],[44,45,71],[43,51,69],[46,49,67],[41,42,65],[40,50,64],[40,62,79],[39,60,77],
[38,58,75],[37,57,73],[36,55,83],[34,35,83],[33,39,79],[42,69,77],[31,32,75],[58,68,73],[29,30,63],[30,47,61],
[37,59,71],[28,35,63],[31,33,56],[38,54,62],[27,53,70],[33,34,52],[27,50,76],[33,48,74],[26,46,72],[25,44,70],
[43,57,68],[32,46,66],[24,41,84],[23,50,80],[22,35,84],[21,55,80],[20,26,76],[56,65,74],[59,67,72],[44,57,66],
[18,19,51],[26,49,59],[19,32,47],[32,45,61],[17,22,51],[16,21,49],[20,42,60],[27,40,56],[25,39,48],[15,37,60],
[20,35,36],[15,34,71],[20,39,69],[42,56,67],[31,48,65],[14,64,68],[13,29,62],[41,47,60],[37,43,58],[28,46,57],
[31,55,61],[19,38,81],[12,70,78],[22,34,82],[21,36,81],[11,41,78],[10,14,71],[40,54,67],[45,64,79],[29,43,55],
[8,9,35],[14,45,69],[9,53,58],[30,53,76],[8,11,33],[10,62,75],[27,42,54],[15,33,40],[13,26,39],[22,24,49],
[10,21,23],[10,63,65],[29,52,57],[7,18,50],[7,26,48],[28,32,44],[17,31,43],[16,46,68],[9,25,77],[6,60,73],
[11,24,79],[23,51,77],[5,66,75],[4,38,73],[9,23,63],[17,29,61],[30,52,74],[18,37,41],[26,28,50],[4,6,22],
[3,21,24],[9,30,59],[24,37,44],[5,6,20],[3,4,56],[17,48,70],[15,39,62],[20,27,28],[7,14,65],[19,36,69],
[11,12,23],[17,49,54],[18,36,43],[2,8,34],[2,14,42],[16,47,53],[8,31,58],[4,13,72],[5,52,76],[4,19,74],
[12,71,72],[1,25,66],[4,12,51],[15,18,47],[8,32,38],[14,16,34],[1,5,36],[2,11,52],[24,45,59],[5,10,12],
[1,18,40],[10,15,16],[2,29,54],[8,23,28],[1,6,35],[3,13,55],[1,9,67],[3,27,44],[1,7,64],[6,61,64],
[3,25,53],[19,30,45],[6,12,17],[3,16,22],[5,11,21],[2,7,41],[2,13,38],[7,13,25],[80,82,83],[78,83,84],
[75,82,84],[73,80,81],[70,81,83],[68,78,79],[66,77,82],[62,79,84],[60,77,80],[58,75,76],[57,73,74],[55,72,83],
[50,76,82],[48,74,81],[46,72,78],[44,70,71],[43,68,69],[46,66,67],[41,65,84],[50,64,80],[34,71,83],[39,69,79],
[42,67,77],[31,65,75],[64,68,73],[29,62,63],[47,60,61],[37,58,59],[28,57,63],[31,55,56],[38,54,81],[53,70,78],
[34,52,82],[35,63,84],[55,61,80],[26,59,76],[63,65,74],[56,67,72],[27,54,70],[53,58,68],[52,57,66],[18,50,51],
[26,48,49],[32,46,47],[32,44,45],[17,43,51],[16,46,49],[41,42,60],[27,40,50],[40,64,79],[25,39,77],[38,62,75],
[37,60,73],[35,36,83],[22,51,82],[21,49,81],[41,47,78],[14,45,71],[51,69,77],[49,54,67],[42,56,65],[40,54,62],
[15,39,60],[38,58,73],[37,44,57],[36,43,55],[8,34,35],[33,39,48],[14,42,69],[31,32,61],[29,30,61],[30,47,53],
[15,37,71],[20,28,35],[8,31,33],[15,33,34],[27,53,76],[33,52,74],[13,26,72],[25,48,70],[46,57,68],[32,66,75],
[22,24,84],[21,23,80],[11,33,79],[9,30,63],[59,71,72],[33,40,56],[26,28,46],[25,44,66],[29,43,57],[24,37,41],
[23,28,50],[6,22,35],[3,21,55],[20,26,39],[9,59,67],[18,19,47],[19,32,38],[17,22,49],[10,16,21],[6,20,60],
[3,27,56],[20,36,69],[7,48,65],[7,14,64],[13,39,62],[31,43,58],[19,36,81],[11,12,78],[5,20,76],[4,56,74],
[4,19,51],[24,49,59],[45,61,64],[20,27,42],[17,31,48],[14,16,68],[13,29,55],[18,37,43],[12,17,70],[16,22,34],
[5,21,36],[2,11,41],[10,14,65],[24,45,79],[8,9,58],[9,25,53],[8,11,23],[5,10,75],[2,42,54],[15,18,40],
[10,23,63],[2,29,52],[7,26,50],[27,28,44],[9,23,77],[4,6,73],[10,12,71],[1,40,67],[1,9,35],[19,45,69],
[30,52,76],[10,15,62],[7,18,41],[8,28,32],[11,21,24],[12,23,51],[1,5,66],[4,13,38],[17,29,54],[19,30,74],
[3,24,44],[5,6,12],[3,4,22],[1,18,36],[2,14,34],[15,16,47],[4,12,72],[6,17,61],[30,45,59],[2,8,38],
[3,16,53],[5,11,52],[1,7,25],[1,6,64],[3,13,25],[2,7,13]];
###############################################################

#SurfaceInfo: 100 Vertices, 600 Edges, 400 Faces, IsOrientable=true
 #Vertices of faces:
vof2:=[[98,99,100],[96,97,99],[94,95,98],[93,96,98],[91,92,100],[89,90,99],[88,94,100],[87,88,97],[85,86,98],[83,84,96],
[82,91,99],[81,89,97],[80,82,95],[79,81,93],[77,78,100],[75,76,99],[74,87,94],[73,87,96],[72,85,95],[83,92,93],
[71,73,90],[70,72,88],[68,69,97],[66,67,98],[64,65,96],[63,80,91],[62,79,89],[61,80,94],[60,79,98],[59,77,92],
[58,75,90],[57,61,86],[56,60,84],[55,59,82],[54,58,81],[53,62,95],[51,52,93],[49,50,100],[48,55,99],[47,51,94],
[53,71,87],[46,70,85],[45,83,91],[44,71,89],[43,70,100],[42,68,88],[41,66,86],[46,64,84],[40,45,78],[39,44,76],
[38,43,74],[37,42,73],[36,41,72],[35,46,92],[34,45,90],[32,33,88],[30,31,97],[29,37,96],[29,32,91],[28,77,89],
[35,57,80],[34,56,79],[55,69,77],[54,72,75],[27,57,85],[26,56,83],[25,54,97],[24,53,82],[23,51,81],[22,49,78],
[21,48,76],[47,69,74],[20,27,67],[19,26,65],[18,48,63],[17,25,62],[16,24,61],[23,60,67],[15,22,59],[21,50,58],
[14,73,86],[63,74,84],[13,65,82],[11,12,81],[10,25,95],[9,36,93],[16,64,94],[11,66,87],[8,85,89],[40,68,83],
[39,70,71],[14,38,70],[37,52,68],[36,59,66],[35,58,64],[7,40,77],[6,39,75],[28,38,87],[5,36,95],[4,35,93],
[13,34,73],[19,32,72],[20,30,69],[7,29,65],[29,62,63],[28,52,62],[7,17,50],[6,18,55],[21,28,51],[22,29,53],
[5,39,46],[3,4,45],[8,13,44],[19,43,50],[15,20,42],[23,41,76],[7,31,46],[6,61,78],[24,60,76],[2,12,72],
[1,5,92],[4,27,90],[9,15,88],[3,47,91],[12,49,80],[5,48,79],[26,77,85],[2,75,83],[20,55,57],[19,54,56],
[17,24,54],[16,33,53],[51,67,78],[15,49,81],[42,48,50],[41,47,68],[20,34,66],[10,19,64],[8,18,80],[17,40,79],
[15,30,92],[32,50,90],[14,52,61],[14,60,63],[21,59,65],[11,57,58],[9,18,52],[44,51,64],[45,53,66],[8,33,46],
[3,31,41],[10,22,37],[8,23,32],[26,27,52],[2,14,26],[25,31,57],[15,18,23],[19,22,67],[10,44,69],[4,43,67],
[2,11,59],[1,16,58],[7,42,86],[6,43,84],[9,54,82],[1,30,71],[30,60,70],[61,68,75],[18,37,39],[21,36,38],
[4,36,39],[3,13,35],[8,12,34],[23,29,31],[14,17,49],[1,21,47],[2,22,71],[65,76,86],[11,31,84],[6,33,45],
[24,44,78],[12,40,41],[9,33,56],[27,32,47],[35,49,73],[34,48,74],[13,26,69],[7,28,33],[6,11,28],[5,10,40],
[1,27,62],[25,43,55],[5,16,42],[16,20,56],[1,2,63],[3,24,30],[10,12,74],[9,13,38],[4,25,37],[3,17,38],
[96,98,99],[94,98,100],[91,99,100],[89,97,99],[87,96,97],[85,95,98],[83,93,96],[80,94,95],[79,93,98],[77,92,100],
[75,90,99],[87,88,94],[83,91,92],[71,89,90],[70,88,100],[68,88,97],[66,86,98],[64,84,96],[80,82,91],[79,81,89],
[57,85,86],[56,83,84],[55,82,99],[54,81,97],[53,82,95],[51,81,93],[49,78,100],[48,76,99],[47,74,94],[71,73,87],
[70,72,85],[40,77,78],[39,75,76],[38,74,87],[37,73,96],[36,72,95],[35,92,93],[34,73,90],[32,72,88],[30,69,97],
[60,67,98],[29,65,96],[29,63,91],[28,62,89],[57,61,80],[56,60,79],[55,59,77],[54,58,75],[47,68,69],[20,66,67],
[19,64,65],[18,63,80],[17,62,79],[16,61,94],[15,59,92],[50,58,90],[14,61,86],[60,63,84],[59,65,82],[11,58,81],
[25,62,95],[9,52,93],[43,50,100],[51,64,94],[53,66,87],[8,46,85],[40,45,83],[39,44,71],[38,43,70],[37,42,68],
[36,41,66],[35,46,64],[29,53,62],[28,51,52],[17,49,50],[18,48,55],[21,47,51],[22,53,71],[39,46,70],[3,45,91],
[8,44,89],[15,42,88],[41,76,86],[31,46,84],[6,45,78],[24,44,76],[43,74,84],[42,73,86],[12,41,72],[5,46,92],
[4,45,90],[9,33,88],[25,31,97],[32,47,91],[77,85,89],[35,49,80],[34,48,79],[26,69,77],[2,72,75],[20,27,57],
[19,26,56],[17,25,54],[16,24,53],[23,51,67],[15,22,49],[21,48,50],[34,45,66],[8,32,33],[3,30,31],[22,29,37],
[23,29,32],[7,28,77],[35,57,58],[20,34,56],[20,55,69],[19,54,72],[26,27,85],[2,26,83],[24,54,82],[15,23,81],
[22,67,78],[21,65,76],[10,69,74],[4,27,67],[13,26,65],[48,63,74],[24,61,78],[23,60,76],[2,22,59],[1,21,58],
[9,13,82],[12,49,81],[5,10,95],[4,36,93],[11,28,87],[68,75,83],[30,70,71],[14,60,70],[52,61,68],[11,59,66],
[16,58,64],[7,17,40],[6,18,39],[21,28,38],[5,36,39],[3,4,35],[8,13,34],[19,32,50],[15,20,30],[7,29,31],
[14,49,73],[2,11,12],[10,25,37],[9,36,38],[40,41,68],[14,17,38],[18,37,52],[21,36,59],[6,61,75],[13,35,73],
[7,65,86],[1,62,63],[27,52,62],[7,42,50],[6,43,55],[13,44,69],[19,43,67],[16,20,42],[23,31,41],[7,33,46],
[1,30,92],[27,32,90],[8,12,80],[5,40,79],[25,55,57],[9,54,56],[33,45,53],[44,51,78],[5,42,48],[3,41,47],
[10,19,22],[8,18,23],[14,26,52],[2,14,63],[11,31,57],[9,15,18],[10,44,64],[24,30,60],[1,5,16],[3,17,24],
[16,33,56],[6,11,84],[1,2,71],[4,37,39],[12,34,74],[6,28,33],[10,12,40],[1,27,47],[4,25,43],[3,13,38]];
###############################################################

#SurfaceInfo: 150 Vertices, 600 Edges, 400 Faces, IsOrientable=true
 #Vertices of faces:
vof3:=[[148,149,150],[146,147,149],[144,145,150],[143,146,148],[141,142,148],[139,140,147],[138,144,149],[136,137,149],[134,135,145],[132,133,143],
[131,141,150],[130,139,146],[128,129,150],[126,127,146],[124,125,142],[122,123,140],[121,137,138],[120,136,147],[119,134,144],[118,132,148],
[116,117,147],[114,115,144],[112,113,137],[110,111,135],[108,109,133],[107,129,131],[106,127,130],[105,128,145],[111,126,143],[104,124,141],
[103,122,139],[101,102,145],[99,100,143],[97,98,141],[95,96,139],[93,94,129],[91,92,127],[89,90,125],[97,123,131],[87,88,121],
[86,117,120],[85,115,119],[84,118,142],[85,116,140],[90,114,138],[83,112,136],[82,110,134],[81,108,132],[79,80,142],[77,78,140],
[75,76,138],[73,74,136],[71,72,134],[69,70,132],[67,68,117],[65,66,115],[63,64,113],[73,109,120],[61,62,107],[59,60,106],
[58,102,105],[57,100,111],[56,98,104],[55,96,103],[56,101,135],[55,99,133],[64,95,130],[54,93,128],[53,91,126],[53,89,124],
[52,97,122],[51,87,137],[50,68,135],[48,49,133],[46,47,131],[45,93,130],[43,44,128],[42,110,126],[40,41,124],[38,39,122],
[37,74,102],[47,76,100],[36,49,98],[41,58,96],[35,45,94],[33,34,92],[43,88,105],[31,32,86],[30,60,85],[29,80,84],
[28,78,85],[27,76,90],[26,74,83],[32,72,82],[70,81,105],[79,106,125],[26,77,123],[32,75,121],[35,71,119],[34,69,118],
[25,67,116],[65,103,114],[63,104,112],[24,73,108],[23,61,129],[22,59,127],[21,37,125],[20,47,123],[22,92,121],[23,94,120],
[28,69,119],[19,67,118],[18,30,116],[17,89,114],[15,16,112],[14,24,110],[12,13,108],[44,77,80],[14,42,78],[29,72,96],
[16,28,70],[17,19,68],[15,66,83],[19,62,84],[11,25,58],[10,21,57],[30,56,59],[9,29,55],[50,56,63],[49,55,65],
[8,64,93],[7,44,54],[6,42,53],[11,41,53],[21,39,52],[51,84,113],[7,68,111],[6,48,109],[11,46,107],[21,45,106],
[16,40,104],[17,38,103],[9,74,101],[5,76,99],[36,82,97],[58,81,95],[33,83,91],[6,43,87],[7,31,117],[13,60,115],
[14,62,113],[4,94,109],[13,66,107],[3,59,101],[3,9,99],[2,63,95],[11,66,91],[4,6,89],[18,48,87],[4,17,50],
[41,72,86],[39,70,88],[37,52,73],[2,47,75],[8,49,54],[5,28,40],[5,27,78],[9,26,80],[20,26,33],[32,36,92],
[33,35,69],[1,34,67],[18,25,46],[13,24,62],[1,37,90],[22,38,88],[23,40,86],[24,52,82],[2,12,81],[31,44,79],
[42,43,77],[29,51,71],[15,54,65],[19,38,61],[1,25,102],[10,46,100],[30,48,98],[12,60,79],[12,31,75],[10,45,71],
[3,22,61],[2,20,50],[16,39,57],[7,15,57],[3,5,23],[14,27,64],[10,18,51],[8,34,36],[4,20,35],[1,8,27],
[146,148,149],[144,149,150],[141,148,150],[139,146,147],[136,147,149],[134,144,145],[132,143,148],[128,145,150],[126,143,146],[124,141,142],
[122,139,140],[137,138,149],[118,142,148],[116,140,147],[114,138,144],[112,136,137],[110,134,135],[108,132,133],[129,131,150],[127,130,146],
[101,135,145],[99,133,143],[97,131,141],[95,130,139],[93,128,129],[91,126,127],[89,124,125],[97,122,123],[87,121,137],[117,120,147],
[115,119,144],[79,125,142],[77,123,140],[75,121,138],[73,120,136],[71,119,134],[69,118,132],[67,116,117],[65,114,115],[63,112,113],
[110,111,126],[73,108,109],[61,107,129],[59,106,127],[102,105,145],[100,111,143],[98,104,141],[96,103,139],[51,113,137],[68,111,135],
[48,109,133],[46,107,131],[45,106,130],[43,105,128],[40,104,124],[38,103,122],[74,101,102],[76,99,100],[36,97,98],[58,95,96],
[45,93,94],[33,91,92],[89,90,114],[43,87,88],[31,86,117],[60,85,115],[80,84,142],[78,85,140],[76,90,138],[74,83,136],
[72,82,134],[70,81,132],[23,94,129],[22,92,127],[37,90,125],[47,123,131],[22,88,121],[23,86,120],[28,85,119],[19,84,118],
[30,85,116],[15,83,112],[24,82,110],[12,81,108],[44,79,80],[42,77,78],[47,75,76],[37,73,74],[29,71,72],[28,69,70],
[19,67,68],[15,65,66],[63,64,95],[19,61,62],[30,59,60],[25,58,102],[10,57,100],[30,56,98],[29,55,96],[50,56,135],
[49,55,133],[64,93,130],[44,54,128],[42,53,126],[41,53,124],[39,52,122],[7,68,117],[13,66,115],[14,64,113],[94,109,120],
[13,62,107],[60,79,106],[58,81,105],[7,57,111],[56,63,104],[55,65,103],[56,59,101],[9,55,99],[8,54,93],[11,53,91],
[6,53,89],[52,82,97],[18,51,87],[17,50,68],[48,49,98],[46,47,100],[43,44,77],[14,42,110],[40,41,86],[38,39,88],
[8,36,49],[11,41,58],[35,45,71],[33,34,69],[31,32,75],[9,29,80],[5,28,78],[5,27,76],[9,26,74],[32,72,86],
[70,88,105],[21,106,125],[20,26,123],[32,92,121],[35,69,119],[34,67,118],[18,25,116],[17,103,114],[16,104,112],[13,24,108],
[1,37,102],[41,72,96],[4,35,94],[34,36,92],[29,51,84],[1,27,90],[26,33,83],[32,36,82],[26,77,80],[1,25,67],
[24,52,73],[3,23,61],[3,22,59],[21,37,52],[2,20,47],[18,30,48],[4,17,89],[15,16,57],[14,24,62],[12,13,60],
[16,28,40],[17,19,38],[11,25,46],[10,21,45],[2,50,63],[49,54,65],[7,31,44],[6,42,43],[21,39,57],[62,84,113],
[4,6,109],[11,66,107],[3,9,101],[3,5,99],[2,81,95],[66,83,91],[6,48,87],[14,27,78],[16,39,70],[8,27,64],
[7,15,54],[2,12,75],[5,23,40],[20,33,35],[10,18,46],[12,31,79],[10,51,71],[22,38,61],[4,20,50],[1,8,34]];
###############################################################

