#SurfaceInfo: 96 Vertices, 576 Edges, 384 Faces, IsOrientable=true
 #Vertices of faces:
vof1:=[[94,95,96],[92,93,95],[91,92,94],[89,90,94],[88,89,96],[86,87,96],[84,85,95],[83,86,95],[82,84,93],[80,81,93],
[78,79,91],[76,77,94],[75,78,92],[74,80,92],[73,76,90],[71,72,94],[70,75,90],[69,71,91],[67,68,88],[65,66,87],
[63,64,96],[61,62,95],[66,67,89],[70,79,89],[65,68,86],[60,63,87],[59,61,85],[57,58,96],[56,85,90],[55,57,88],
[53,54,95],[52,74,83],[50,51,82],[49,68,81],[48,64,93],[47,66,79],[46,61,94],[45,53,92],[44,53,83],[52,81,86],
[50,68,84],[56,84,88],[49,51,80],[43,64,81],[47,51,78],[42,46,77],[41,53,75],[40,57,93],[40,58,91],[39,77,87],
[38,75,85],[37,40,82],[36,76,92],[35,72,74],[33,34,73],[32,74,75],[31,51,69],[30,72,83],[48,63,91],[46,62,96],
[29,71,89],[33,74,76],[35,69,80],[28,58,79],[39,76,83],[38,78,82],[27,61,72],[32,34,70],[31,66,71],[30,71,87],
[26,48,69],[34,49,67],[25,47,65],[24,62,64],[23,54,62],[22,53,90],[22,54,88],[21,62,81],[20,66,77],[19,22,73],
[18,63,89],[17,84,86],[16,25,60],[15,27,59],[29,72,90],[14,34,55],[45,54,93],[25,41,44],[13,57,86],[16,63,79],
[28,55,70],[12,54,68],[21,61,74],[20,67,73],[11,46,58],[15,29,56],[14,57,81],[37,55,56],[25,32,52],[15,31,50],
[10,45,48],[19,36,45],[9,76,85],[9,36,82],[8,46,79],[8,61,75],[7,45,69],[6,62,68],[12,44,65],[26,30,60],
[9,42,59],[5,64,84],[32,78,80],[18,34,43],[4,11,42],[36,77,91],[13,58,87],[17,83,85],[3,15,37],[14,40,80],
[18,64,88],[20,36,51],[6,46,66],[7,53,72],[19,39,44],[43,52,60],[6,50,59],[2,54,57],[4,36,40],[4,13,39],
[17,25,38],[3,40,69],[28,37,38],[29,34,35],[4,14,33],[15,17,30],[1,63,77],[18,26,29],[12,45,51],[1,18,73],
[3,29,55],[20,33,49],[12,41,47],[1,24,42],[8,23,41],[13,25,28],[16,48,78],[47,67,70],[3,58,71],[5,15,26],
[49,52,65],[10,23,24],[2,11,23],[2,4,19],[22,41,70],[5,48,82],[21,33,42],[26,35,43],[10,18,22],[11,14,21],
[2,22,55],[12,19,20],[13,17,37],[10,16,41],[3,11,27],[5,17,60],[5,24,59],[2,13,44],[7,23,27],[16,32,43],
[6,27,31],[31,35,49],[38,47,50],[50,56,67],[4,9,37],[1,10,19],[30,31,65],[7,10,26],[9,56,73],[8,16,24],
[1,5,9],[2,3,7],[7,30,44],[6,20,42],[14,28,32],[33,39,52],[8,11,28],[1,39,60],[8,38,59],[6,12,23],
[21,24,43],[21,27,35],[92,94,95],[89,94,96],[86,95,96],[84,93,95],[80,92,93],[78,91,92],[76,90,94],[71,91,94],
[70,89,90],[67,88,89],[65,86,87],[63,87,96],[61,85,95],[57,88,96],[56,84,85],[53,83,95],[52,83,86],[50,82,84],
[49,80,81],[64,81,93],[47,78,79],[46,77,94],[53,75,92],[40,82,93],[58,79,91],[39,76,77],[38,75,78],[74,76,92],
[35,74,80],[33,73,76],[61,72,94],[32,70,75],[31,69,71],[30,71,72],[75,85,90],[48,69,91],[49,67,68],[47,65,66],
[62,64,96],[54,62,95],[66,71,89],[22,73,90],[54,68,88],[66,77,87],[48,63,64],[21,61,62],[20,66,67],[63,79,89],
[28,70,79],[68,84,86],[16,60,63],[27,59,61],[46,58,96],[29,56,90],[14,55,57],[40,57,58],[55,56,88],[32,52,74],
[31,50,51],[45,48,93],[36,45,92],[41,44,53],[57,81,86],[12,65,68],[30,60,87],[9,59,85],[22,53,54],[72,74,83],
[36,51,82],[62,68,81],[46,66,79],[8,46,61],[7,45,53],[39,44,83],[43,52,81],[6,50,68],[64,84,88],[51,78,80],
[18,43,64],[11,42,46],[54,57,93],[36,40,91],[13,39,87],[17,38,85],[3,37,40],[37,38,82],[29,35,72],[14,33,34],
[17,30,83],[63,77,91],[18,29,89],[40,69,80],[20,49,51],[12,47,51],[1,42,77],[8,41,75],[9,36,76],[18,34,73],
[61,74,75],[45,51,69],[6,46,62],[3,29,71],[21,33,74],[26,35,69],[13,28,58],[76,83,85],[48,78,82],[34,67,70],
[58,71,87],[5,26,48],[25,52,65],[23,24,62],[2,23,54],[53,72,90],[18,22,88],[14,21,81],[20,36,77],[2,19,22],
[19,20,73],[13,17,86],[16,25,41],[3,15,27],[5,17,84],[22,55,70],[7,27,72],[32,34,43],[6,31,66],[34,35,49],
[25,38,47],[5,24,64],[1,18,63],[17,25,60],[5,15,59],[29,34,55],[12,45,54],[13,25,44],[2,13,57],[8,16,79],
[28,37,55],[56,67,73],[15,50,56],[9,37,56],[10,19,45],[4,19,36],[5,9,82],[3,7,69],[30,44,65],[7,26,30],
[4,9,42],[12,19,44],[26,43,60],[6,42,59],[14,32,80],[16,32,78],[2,4,11],[3,11,58],[15,26,29],[25,28,32],
[15,30,31],[10,16,48],[15,17,37],[4,14,40],[1,19,39],[39,52,60],[38,50,59],[4,33,39],[8,28,38],[10,18,26],
[1,9,73],[2,3,55],[33,49,52],[41,47,70],[1,10,24],[8,11,23],[20,33,42],[12,23,41],[21,24,42],[47,50,67],
[31,49,65],[7,10,23],[4,13,37],[10,22,41],[21,35,43],[11,21,27],[6,12,20],[1,5,60],[8,24,59],[2,7,44],
[27,31,35],[6,23,27],[16,24,43],[11,14,28]];
###############################################################

