#SurfaceInfo: 192 Vertices, 576 Edges, 384 Faces, IsOrientable=true
 #Vertices of faces:
vof1:=[[190,191,192],[189,190,191],[188,190,192],[187,191,192],[184,185,186],[181,182,183],[178,179,180],[175,176,177],[172,173,174],[169,170,171],
[166,167,168],[163,164,165],[160,161,162],[158,159,167],[156,157,168],[154,155,161],[152,153,165],[150,151,162],[148,149,164],[146,147,149],
[144,145,157],[142,143,151],[140,141,153],[138,139,159],[136,137,155],[134,135,147],[132,133,145],[130,131,141],[128,129,139],[126,127,143],
[124,125,137],[125,129,135],[127,131,133],[158,166,167],[156,166,168],[154,160,161],[150,160,162],[148,163,164],[152,163,165],[138,158,159],
[144,156,157],[136,154,155],[146,148,149],[140,152,153],[142,150,151],[130,140,141],[132,144,145],[134,146,147],[124,136,137],[126,142,143],
[128,138,139],[124,125,135],[126,127,133],[127,130,131],[131,132,133],[125,128,129],[129,134,135],[122,123,146],[120,121,136],[118,119,142],
[116,117,140],[114,115,144],[112,113,138],[111,159,167],[110,149,164],[109,157,168],[108,151,162],[107,153,165],[106,155,161],[105,167,168],
[104,161,162],[103,164,165],[102,147,149],[101,145,157],[100,143,151],[99,137,155],[98,141,153],[97,139,159],[96,135,147],[95,133,145],
[94,127,143],[93,131,141],[92,125,137],[91,129,139],[166,175,176],[160,169,170],[163,172,173],[97,111,159],[102,110,149],[101,109,157],
[98,107,153],[99,106,155],[100,108,151],[96,102,147],[95,101,145],[94,100,143],[93,98,141],[91,97,139],[92,99,137],[105,111,167],
[104,106,161],[103,107,165],[103,110,164],[105,109,168],[104,108,162],[158,166,175],[156,166,176],[154,160,169],[152,163,172],[148,163,173],
[150,160,170],[112,138,158],[116,140,152],[114,144,156],[120,136,154],[118,142,150],[122,146,148],[121,124,136],[119,126,142],[117,130,140],
[115,132,144],[113,128,138],[123,134,146],[96,124,135],[95,126,133],[93,131,132],[92,125,128],[91,129,134],[94,127,130],[89,90,102],
[87,88,99],[85,86,101],[83,84,98],[81,82,100],[79,80,97],[105,181,182],[103,178,179],[104,184,185],[105,111,181],[103,110,178],
[105,109,182],[104,108,184],[104,106,185],[103,107,179],[89,96,102],[85,95,101],[83,93,98],[81,94,100],[87,92,99],[79,91,97],
[80,97,111],[90,102,110],[86,101,109],[84,98,107],[82,100,108],[88,99,106],[96,121,124],[95,119,126],[94,117,130],[93,115,132],
[91,123,134],[92,113,128],[112,158,175],[114,156,176],[120,154,169],[118,150,170],[122,148,173],[116,152,172],[77,78,171],[75,76,174],
[73,74,177],[72,175,177],[71,176,177],[70,172,174],[69,169,171],[68,170,171],[67,173,174],[72,73,177],[71,74,177],[67,75,174],
[68,77,171],[69,78,171],[70,76,174],[72,112,175],[67,122,173],[69,120,169],[68,118,170],[70,116,172],[71,114,176],[80,111,181],
[90,110,178],[88,106,185],[86,109,182],[84,107,179],[82,108,184],[79,91,123],[89,96,121],[85,95,119],[81,94,117],[83,93,115],
[87,92,113],[65,66,183],[63,64,186],[61,62,180],[60,112,113],[59,122,123],[58,120,121],[57,118,119],[56,114,115],[55,116,117],
[54,181,183],[53,178,180],[52,185,186],[51,182,183],[50,179,180],[49,184,186],[54,65,183],[52,63,186],[49,64,186],[51,66,183],
[50,61,180],[53,62,180],[54,80,181],[53,90,178],[52,88,185],[51,86,182],[49,82,184],[50,84,179],[59,79,123],[58,89,121],
[60,87,113],[57,85,119],[55,81,117],[56,83,115],[60,72,112],[58,69,120],[59,67,122],[56,71,114],[55,70,116],[57,68,118],
[48,68,77],[47,72,73],[46,71,74],[45,70,76],[44,69,78],[43,67,75],[42,79,80],[41,89,90],[40,87,88],[39,85,86],
[38,81,82],[37,83,84],[42,54,80],[41,53,90],[40,52,88],[39,51,86],[37,50,84],[38,49,82],[40,60,87],[41,58,89],
[42,59,79],[37,56,83],[39,57,85],[38,55,81],[36,54,65],[35,50,61],[34,52,63],[33,49,64],[32,53,62],[31,51,66],
[47,60,72],[46,56,71],[44,58,69],[43,59,67],[48,57,68],[45,55,70],[36,42,54],[34,40,52],[32,41,53],[33,38,49],
[31,39,51],[35,37,50],[42,43,59],[40,47,60],[41,44,58],[37,46,56],[38,45,55],[39,48,57],[36,42,43],[31,39,48],
[34,40,47],[32,41,44],[35,37,46],[33,38,45],[30,77,78],[29,73,74],[28,75,76],[27,43,75],[26,48,77],[25,44,78],
[24,47,73],[23,46,74],[22,45,76],[26,30,77],[25,30,78],[22,28,76],[23,29,74],[27,28,75],[24,29,73],[27,36,43],
[26,31,48],[24,34,47],[23,35,46],[22,33,45],[25,32,44],[20,21,29],[18,19,28],[16,17,30],[15,65,66],[14,61,62],
[13,63,64],[12,36,65],[11,31,66],[10,34,63],[9,35,61],[8,33,64],[7,32,62],[12,15,65],[11,15,66],[9,14,61],
[10,13,63],[7,14,62],[8,13,64],[18,27,28],[20,24,29],[21,23,29],[16,26,30],[17,25,30],[19,22,28],[12,27,36],
[11,26,31],[8,22,33],[10,24,34],[7,25,32],[9,23,35],[5,6,15],[3,4,13],[1,2,14],[5,12,15],[6,11,15],
[3,8,13],[1,9,14],[2,7,14],[4,10,13],[12,18,27],[11,16,26],[8,19,22],[10,20,24],[9,21,23],[7,17,25],
[5,12,18],[6,11,16],[3,8,19],[2,7,17],[4,10,20],[1,9,21],[18,19,189],[16,17,188],[20,21,187],[5,18,189],
[6,16,188],[1,21,187],[4,20,187],[3,19,189],[2,17,188],[5,6,190],[1,2,192],[3,4,191],[5,189,190],[6,188,190],
[2,188,192],[4,187,191],[3,189,191],[1,187,192]];
###############################################################

#SurfaceInfo: 48 Vertices, 576 Edges, 384 Faces, IsOrientable=true
 #Vertices of faces:
vof2:=[[46,47,48],[45,46,47],[44,47,48],[43,46,48],[40,41,42],[38,39,41],[37,38,40],[34,35,36],[31,32,33],[29,30,33],
[26,27,28],[24,25,28],[22,23,36],[20,21,41],[18,19,40],[16,17,40],[14,15,38],[12,13,38],[10,11,41],[9,40,41],
[8,38,40],[7,38,41],[10,41,44],[14,38,43],[16,40,44],[18,40,45],[12,38,45],[20,41,43],[7,11,41],[9,21,41],
[9,19,40],[7,13,38],[8,17,40],[8,15,38],[6,34,35],[5,29,30],[5,31,32],[4,26,27],[6,22,23],[4,24,25],
[10,14,18],[12,16,20],[10,18,45],[16,20,43],[12,16,44],[12,20,45],[10,14,44],[14,18,43],[4,10,26],[5,20,31],
[5,14,29],[6,18,34],[4,16,24],[6,12,22],[8,10,17],[8,15,20],[7,11,16],[9,14,21],[9,12,19],[7,13,18],
[18,31,47],[20,34,48],[16,29,47],[14,24,46],[12,26,46],[10,22,48],[16,32,43],[10,35,45],[12,25,44],[14,27,44],
[18,30,43],[20,23,45],[9,14,24],[9,12,26],[7,16,29],[8,10,22],[7,18,31],[8,20,34],[6,12,46],[4,10,48],
[5,14,46],[5,20,48],[6,18,47],[4,16,47],[6,11,21],[4,13,15],[5,17,19],[37,42,47],[39,42,48],[37,39,46],
[28,33,37],[28,36,39],[33,36,42],[3,12,13],[3,14,15],[2,20,21],[1,18,19],[2,10,11],[1,16,17],[9,31,47],
[9,34,48],[8,24,46],[7,26,46],[7,22,48],[8,29,47],[5,35,36],[6,32,33],[4,30,33],[6,27,28],[4,23,36],
[5,25,28],[3,34,36],[3,31,33],[1,26,28],[2,29,33],[1,22,36],[2,24,28],[10,26,32],[20,27,31],[14,23,29],
[18,25,34],[12,22,30],[16,24,35],[1,18,25],[2,10,32],[2,20,27],[3,12,30],[1,16,35],[3,14,23],[6,11,27],
[6,21,32],[4,15,30],[4,13,23],[5,17,25],[5,19,35],[3,36,39],[3,33,37],[2,33,42],[1,36,42],[2,28,39],
[1,28,37],[3,13,34],[2,11,24],[3,15,31],[1,17,26],[2,21,29],[1,19,22],[8,39,46],[9,37,47],[7,37,46],
[9,39,48],[8,42,47],[7,42,48],[24,35,45],[23,29,45],[26,32,43],[27,31,44],[25,34,44],[22,30,43],[6,33,46],
[4,36,47],[4,33,48],[5,36,46],[5,28,48],[6,28,47],[8,29,34],[9,24,31],[7,22,31],[9,26,34],[7,26,29],
[8,22,24],[30,32,40],[23,35,41],[25,27,38],[16,18,33],[12,14,28],[10,20,36],[29,31,40],[24,26,38],[22,34,41],
[17,19,33],[11,21,36],[13,15,28],[39,42,45],[37,42,43],[37,39,44],[9,33,36],[8,28,33],[7,28,36],[5,37,38],
[4,39,41],[5,41,42],[4,37,40],[6,40,42],[6,38,39],[33,41,44],[28,40,45],[33,38,45],[36,38,43],[36,40,44],
[28,41,43],[5,11,30],[5,13,32],[4,19,27],[4,21,25],[6,15,35],[6,17,23],[16,32,39],[20,23,37],[10,35,37],
[18,30,39],[14,27,42],[12,25,42],[5,11,37],[5,13,42],[4,19,39],[4,21,37],[6,17,39],[6,15,42],[13,28,43],
[19,33,44],[15,28,45],[17,33,45],[21,36,44],[11,36,43],[5,22,41],[5,26,38],[6,29,40],[6,24,38],[4,31,40],
[4,34,41],[9,16,33],[8,18,33],[7,20,36],[9,10,36],[7,14,28],[8,12,28],[13,23,32],[17,23,25],[15,30,35],
[11,27,30],[21,25,32],[19,27,35],[33,41,46],[36,38,47],[33,38,48],[36,40,46],[28,41,47],[28,40,48],[34,37,44],
[24,42,45],[29,39,45],[26,42,43],[22,37,43],[31,39,44],[8,32,39],[9,23,37],[7,35,37],[9,30,39],[7,25,42],
[8,27,42],[3,16,39],[3,10,37],[2,12,42],[1,14,42],[1,20,37],[2,18,39],[2,32,40],[3,30,40],[2,27,38],
[1,25,38],[3,23,41],[1,35,41],[13,29,34],[11,24,31],[15,22,31],[17,26,34],[19,22,24],[21,26,29],[1,30,32],
[3,25,27],[2,23,35],[5,16,18],[6,10,20],[4,12,14],[1,29,31],[2,22,34],[3,24,26],[10,13,17],[15,19,20],
[11,15,16],[14,17,21],[13,18,21],[11,12,19],[1,13,29],[1,11,31],[2,15,22],[3,21,26],[3,19,24],[2,17,34],
[3,16,27],[2,18,23],[3,10,25],[1,20,30],[2,12,35],[1,14,32],[8,11,12],[9,15,16],[7,14,17],[8,18,21],
[9,10,13],[7,19,20],[5,16,22],[5,18,26],[6,10,29],[4,14,34],[4,12,31],[6,20,24],[13,17,43],[15,19,44],
[11,15,45],[17,21,45],[11,19,43],[13,21,44],[8,23,32],[9,23,25],[7,30,35],[9,27,30],[8,27,35],[7,25,32],
[1,41,46],[2,38,47],[1,38,48],[2,40,46],[3,40,48],[3,41,47],[11,34,37],[17,31,39],[13,24,42],[19,29,39],
[15,26,42],[21,22,37],[1,13,46],[1,11,48],[2,15,46],[2,17,47],[3,19,47],[3,21,48],[21,22,45],[15,26,44],
[19,29,43],[13,24,44],[11,34,45],[17,31,43],[9,13,27],[8,11,23],[9,15,25],[7,17,30],[7,19,32],[8,21,35],
[16,22,27],[18,23,26],[10,25,29],[20,24,30],[14,32,34],[12,31,35],[13,27,46],[11,23,48],[15,25,46],[17,30,47],
[21,35,48],[19,32,47],[22,27,45],[23,26,44],[25,29,43],[24,30,44],[31,35,43],[32,34,45],[27,45,46],[23,44,48],
[25,43,46],[30,44,47],[32,45,47],[35,43,48]];
###############################################################

#SurfaceInfo: 96 Vertices, 576 Edges, 384 Faces, IsOrientable=true
 #Vertices of faces:
vof3:=[[94,95,96],[93,94,95],[92,94,96],[91,95,96],[88,89,90],[85,86,87],[82,83,84],[79,80,81],[76,77,78],[73,74,75],
[70,71,72],[67,68,69],[64,65,66],[62,63,75],[61,63,66],[59,60,72],[58,60,78],[56,57,81],[55,57,69],[63,88,89],
[60,82,83],[57,85,86],[54,55,69],[53,58,78],[52,59,72],[51,61,66],[50,56,81],[49,62,75],[55,57,85],[62,63,88],
[61,63,89],[56,57,86],[59,60,82],[58,60,83],[48,79,80],[47,73,74],[46,76,77],[45,70,71],[44,64,65],[43,67,68],
[51,53,54],[49,50,52],[51,53,61],[49,50,62],[49,52,59],[50,52,56],[51,54,55],[53,54,58],[45,50,70],[46,51,76],
[47,52,73],[48,49,79],[43,53,67],[44,54,64],[42,59,82],[41,58,83],[40,55,85],[39,62,88],[38,61,89],[37,56,86],
[56,70,79],[58,67,76],[55,64,67],[62,73,79],[61,64,76],[59,70,73],[50,62,80],[53,61,77],[49,59,74],[51,55,65],
[54,58,68],[52,56,71],[39,62,79],[38,61,76],[40,55,64],[42,59,73],[37,56,70],[41,58,67],[54,64,76],[50,70,73],
[52,73,79],[51,67,76],[49,70,79],[53,64,67],[36,72,78],[35,66,75],[34,69,81],[32,33,34],[30,31,36],[28,29,35],
[25,26,27],[22,23,24],[19,20,21],[33,57,81],[31,60,78],[29,63,75],[28,63,66],[32,57,69],[30,60,72],[32,56,79],
[30,58,76],[28,62,73],[29,61,64],[31,59,70],[33,55,67],[45,79,81],[43,76,78],[48,73,75],[47,70,72],[46,64,66],
[44,67,69],[23,80,81],[26,77,78],[26,71,72],[20,74,75],[20,65,66],[23,68,69],[32,45,50],[29,46,51],[31,47,52],
[28,48,49],[33,44,54],[30,43,53],[28,48,63],[32,45,57],[29,46,63],[33,44,57],[30,43,60],[31,47,60],[36,47,72],
[36,43,78],[35,48,75],[35,46,66],[34,44,69],[34,45,81],[22,23,80],[25,26,77],[19,20,74],[20,21,65],[23,24,68],
[26,27,71],[23,33,81],[23,32,69],[26,31,78],[26,30,72],[20,29,75],[20,28,66],[28,35,62],[32,34,56],[29,35,61],
[30,36,58],[33,34,55],[31,36,59],[30,53,77],[31,52,71],[32,50,80],[29,51,65],[28,49,74],[33,54,68],[43,54,76],
[46,53,64],[48,50,73],[45,52,79],[44,51,67],[47,49,70],[33,41,67],[32,39,79],[31,37,70],[30,38,76],[29,40,64],
[28,42,73],[17,18,57],[15,16,60],[13,14,63],[11,12,91],[10,12,92],[10,11,93],[8,9,10],[6,7,11],[4,5,12],
[3,69,81],[2,72,78],[1,66,75],[2,30,31],[3,32,33],[1,28,29],[11,19,21],[12,25,27],[10,22,24],[6,82,84],
[5,86,87],[4,89,90],[9,83,84],[8,88,90],[7,85,87],[41,54,69],[40,51,66],[39,50,81],[38,53,78],[37,52,72],
[42,49,75],[47,74,82],[46,77,89],[45,71,86],[43,68,83],[48,80,88],[44,65,85],[14,62,80],[17,56,71],[13,61,77],
[16,58,68],[18,55,65],[15,59,74],[6,74,82],[4,77,89],[5,71,86],[9,68,83],[7,65,85],[8,80,88],[1,42,75],
[3,41,69],[1,40,66],[3,39,81],[2,37,72],[2,38,78],[4,12,90],[6,11,84],[8,10,90],[7,11,87],[9,10,84],
[5,12,87],[11,21,91],[12,27,91],[10,24,93],[11,19,93],[10,22,92],[12,25,92],[35,46,89],[34,44,85],[35,48,88],
[36,47,82],[36,43,83],[34,45,86],[41,43,54],[38,46,53],[39,48,50],[37,45,52],[42,47,49],[40,44,51],[1,28,74],
[2,30,77],[2,31,71],[3,32,80],[3,33,68],[1,29,65],[14,35,62],[17,34,56],[13,35,61],[16,36,58],[15,36,59],
[18,34,55],[14,22,80],[13,25,77],[15,19,74],[18,21,65],[17,27,71],[16,24,68],[17,45,57],[18,44,57],[13,46,63],
[14,48,63],[15,47,60],[16,43,60],[23,33,41],[23,32,39],[26,31,37],[26,30,38],[20,28,42],[20,29,40],[17,18,87],
[13,14,90],[15,16,84],[11,12,94],[10,11,96],[10,12,95],[8,9,23],[4,5,26],[6,7,20],[19,42,82],[24,41,83],
[21,40,85],[22,39,88],[27,37,86],[25,38,89],[9,23,41],[8,23,39],[5,26,37],[7,20,40],[6,20,42],[4,26,38],
[14,22,90],[16,24,84],[13,25,90],[17,27,87],[15,19,84],[18,21,87],[25,89,92],[21,85,91],[22,88,92],[27,86,91],
[19,82,93],[24,83,93],[12,90,94],[11,84,94],[10,90,96],[12,87,95],[10,84,95],[11,87,96],[1,19,42],[3,24,41],
[1,21,40],[3,22,39],[2,25,38],[2,27,37],[14,35,89],[17,34,85],[13,35,88],[16,36,82],[18,34,86],[15,36,83],
[16,41,43],[13,38,46],[14,39,48],[17,37,45],[18,40,44],[15,42,47],[1,6,74],[1,7,65],[2,4,77],[2,5,71],
[3,8,80],[3,9,68],[9,16,41],[8,14,39],[5,17,37],[4,13,38],[6,15,42],[7,18,40],[3,9,22],[3,8,24],
[2,5,25],[2,4,27],[1,6,21],[1,7,19],[16,82,93],[14,89,92],[17,85,91],[13,88,92],[15,83,93],[18,86,91],
[22,90,94],[24,84,94],[25,90,96],[27,87,96],[21,87,95],[19,84,95],[9,16,93],[8,14,92],[5,17,91],[4,13,92],
[7,18,91],[6,15,93],[9,22,94],[8,24,94],[5,25,96],[4,27,96],[7,19,95],[6,21,95],[9,93,94],[8,92,94],
[5,91,96],[4,92,96],[6,93,95],[7,91,95]];
###############################################################

#SurfaceInfo: 196 Vertices, 588 Edges, 392 Faces, IsOrientable=true
 #Vertices of faces:
vof4:=[[194,195,196],[193,194,195],[192,194,196],[191,195,196],[188,189,190],[185,186,187],[182,183,184],[179,180,181],[177,178,180],[176,177,179],
[177,179,180],[174,175,181],[172,173,178],[170,171,176],[169,180,181],[168,179,181],[167,178,180],[166,177,178],[165,176,177],[164,176,179],
[161,162,163],[158,159,160],[155,156,157],[167,169,180],[164,168,179],[165,166,177],[169,174,181],[168,175,181],[167,172,178],[165,170,176],
[164,171,176],[166,173,178],[154,174,175],[153,172,173],[152,170,171],[149,150,151],[147,148,150],[145,146,150],[147,149,150],[145,150,151],
[146,148,150],[144,147,148],[143,145,146],[142,149,151],[140,141,144],[138,139,142],[136,137,143],[135,144,147],[134,142,149],[133,144,148],
[132,143,146],[131,142,151],[130,143,145],[129,147,149],[128,146,148],[127,145,151],[129,135,147],[129,134,149],[127,131,151],[128,133,148],
[127,130,145],[128,132,146],[135,140,144],[130,136,143],[131,138,142],[134,139,142],[132,137,143],[133,141,144],[125,126,153],[123,124,154],
[121,122,152],[119,120,140],[117,118,137],[115,116,136],[113,114,138],[111,112,141],[109,110,139],[108,154,174],[107,154,175],[106,153,173],
[105,153,172],[104,152,171],[103,152,170],[128,155,156],[127,158,159],[129,161,162],[102,167,169],[101,165,166],[100,164,168],[99,169,174],
[98,168,175],[97,167,172],[96,166,173],[95,164,171],[94,165,170],[93,136,137],[92,140,141],[91,138,139],[92,119,140],[93,115,136],
[91,113,138],[91,109,139],[93,117,137],[92,111,141],[99,102,169],[98,100,168],[97,102,167],[96,101,166],[94,101,165],[95,100,164],
[106,125,153],[103,121,152],[104,122,152],[105,126,153],[107,123,154],[108,124,154],[99,108,174],[98,107,175],[96,106,173],[97,105,172],
[94,103,170],[95,104,171],[128,132,155],[128,133,156],[129,135,161],[127,130,158],[129,134,162],[127,131,159],[120,135,140],[116,130,136],
[114,131,138],[110,134,139],[118,132,137],[112,133,141],[89,90,108],[87,88,107],[85,86,106],[83,84,105],[81,82,103],[79,80,104],
[102,182,183],[101,185,186],[100,188,189],[92,125,126],[91,121,122],[93,123,124],[85,106,125],[79,104,122],[83,105,126],[87,107,123],
[89,108,124],[81,103,121],[90,99,108],[88,98,107],[84,97,105],[86,96,106],[80,95,104],[82,94,103],[99,102,182],[98,100,188],
[97,102,183],[96,101,185],[95,100,189],[94,101,186],[92,111,125],[91,109,122],[93,117,123],[93,115,124],[92,119,126],[91,113,121],
[120,135,161],[110,134,162],[116,130,158],[114,131,159],[112,133,156],[118,132,155],[77,78,163],[75,76,160],[73,74,157],[72,161,163],
[71,158,160],[70,159,160],[69,162,163],[68,156,157],[67,155,157],[67,73,157],[68,74,157],[72,77,163],[69,78,163],[70,75,160],
[71,76,160],[72,120,161],[69,110,162],[70,114,159],[71,116,158],[67,118,155],[68,112,156],[83,119,126],[87,117,123],[89,115,124],
[85,111,125],[81,113,121],[79,109,122],[90,99,182],[88,98,188],[84,97,183],[86,96,185],[82,94,186],[80,95,189],[65,66,184],
[63,64,187],[61,62,190],[60,182,184],[59,188,190],[58,183,184],[57,186,187],[56,185,187],[55,189,190],[54,119,120],[53,109,110],
[52,117,118],[51,115,116],[50,113,114],[49,111,112],[58,65,184],[60,66,184],[55,61,190],[57,63,187],[59,62,190],[56,64,187],
[54,83,119],[52,87,117],[51,89,115],[49,85,111],[53,79,109],[50,81,113],[60,90,182],[59,88,188],[58,84,183],[56,86,185],
[55,80,189],[57,82,186],[54,72,120],[53,69,110],[52,67,118],[49,68,112],[51,71,116],[50,70,114],[48,72,77],[47,69,78],
[46,71,76],[45,70,75],[44,68,74],[43,67,73],[42,89,90],[41,87,88],[40,83,84],[39,85,86],[38,79,80],[37,81,82],
[40,54,83],[38,53,79],[41,52,87],[37,50,81],[42,51,89],[39,49,85],[42,60,90],[41,59,88],[40,58,84],[39,56,86],
[37,57,82],[38,55,80],[36,60,66],[35,59,62],[34,56,64],[33,58,65],[32,57,63],[31,55,61],[48,54,72],[47,53,69],
[43,52,67],[44,49,68],[45,50,70],[46,51,71],[42,46,51],[41,43,52],[40,48,54],[38,47,53],[39,44,49],[37,45,50],
[36,42,60],[35,41,59],[33,40,58],[31,38,55],[34,39,56],[32,37,57],[36,42,46],[33,40,48],[35,41,43],[31,38,47],
[32,37,45],[34,39,44],[30,77,78],[29,73,74],[28,75,76],[27,46,76],[26,48,77],[25,47,78],[24,43,73],[23,45,75],
[22,44,74],[26,30,77],[25,30,78],[23,28,75],[22,29,74],[27,28,76],[24,29,73],[27,36,46],[26,33,48],[24,35,43],
[22,34,44],[25,31,47],[23,32,45],[20,21,29],[18,19,28],[16,17,30],[15,65,66],[14,63,64],[13,61,62],[12,36,66],
[11,33,65],[10,35,62],[9,34,64],[8,31,61],[7,32,63],[12,15,66],[11,15,65],[9,14,64],[10,13,62],[7,14,63],
[8,13,61],[18,27,28],[20,24,29],[21,22,29],[16,26,30],[17,25,30],[19,23,28],[12,27,36],[11,26,33],[7,23,32],
[10,24,35],[8,25,31],[9,22,34],[5,6,15],[3,4,14],[1,2,13],[5,12,15],[6,11,15],[3,7,14],[4,9,14],
[1,8,13],[2,10,13],[12,18,27],[11,16,26],[7,19,23],[10,20,24],[9,21,22],[8,17,25],[5,12,18],[6,11,16],
[3,7,19],[1,8,17],[4,9,21],[2,10,20],[18,19,193],[16,17,192],[20,21,191],[5,18,193],[6,16,192],[2,20,191],
[4,21,191],[3,19,193],[1,17,192],[5,6,194],[1,2,196],[3,4,195],[5,193,194],[6,192,194],[1,192,196],[4,191,195],
[3,193,195],[2,191,196]];
###############################################################

#SurfaceInfo: 42 Vertices, 588 Edges, 392 Faces, IsOrientable=true
 #Vertices of faces:
vof5:=[[40,41,42],[39,40,41],[38,41,42],[37,40,42],[34,35,36],[32,33,35],[31,32,34],[28,29,30],[26,27,29],[25,26,28],
[26,28,29],[23,24,34],[22,23,32],[22,24,35],[23,28,30],[24,29,30],[23,26,27],[22,27,29],[22,25,28],[24,25,26],
[20,21,22],[19,21,24],[19,20,23],[23,27,30],[24,25,30],[22,25,27],[23,28,34],[24,29,34],[23,26,32],[22,28,35],
[24,26,35],[22,29,32],[18,23,24],[17,22,23],[16,22,24],[15,33,36],[14,31,33],[13,31,36],[14,15,33],[13,15,36],
[13,14,31],[20,31,33],[19,31,36],[21,33,36],[10,11,12],[8,9,11],[7,9,12],[11,20,31],[11,21,36],[12,20,33],
[12,19,36],[9,21,33],[9,19,31],[11,14,15],[12,13,14],[9,13,15],[11,15,20],[11,14,21],[9,13,21],[12,13,20],
[9,15,19],[12,14,19],[10,11,31],[7,9,31],[8,9,33],[8,11,36],[7,12,36],[10,12,33],[5,6,39],[4,6,38],
[4,5,37],[3,5,31],[2,6,36],[2,4,31],[1,4,33],[3,6,33],[1,5,36],[6,18,24],[4,18,23],[5,17,23],
[6,17,22],[4,16,22],[5,16,24],[6,19,20],[4,19,21],[5,20,21],[6,27,30],[5,25,27],[4,25,30],[6,28,34],
[4,29,34],[6,26,32],[5,29,32],[4,26,35],[5,28,35],[2,9,12],[3,11,12],[1,9,11],[3,5,12],[2,4,12],
[1,4,11],[1,5,9],[2,6,9],[3,6,11],[6,27,34],[4,25,34],[6,30,32],[5,25,32],[5,27,35],[4,30,35],
[5,23,39],[5,24,37],[4,22,37],[6,22,39],[4,23,38],[6,24,38],[6,18,28],[4,18,29],[5,17,29],[6,17,26],
[5,16,28],[4,16,26],[6,14,19],[6,13,20],[5,15,20],[4,15,19],[5,14,21],[4,13,21],[5,10,31],[4,7,31],
[4,8,33],[5,8,36],[6,7,36],[6,10,33],[12,28,38],[9,29,38],[11,29,39],[12,26,39],[11,28,37],[9,26,37],
[12,32,34],[11,32,35],[9,34,35],[5,6,42],[4,5,41],[4,6,40],[11,23,39],[9,22,37],[12,22,39],[9,23,38],
[12,24,38],[11,24,37],[12,18,28],[9,18,29],[12,17,26],[11,17,29],[9,16,26],[11,16,28],[12,27,34],[9,25,34],
[12,30,32],[11,25,32],[9,30,35],[11,27,35],[6,11,42],[5,9,41],[6,9,40],[4,12,40],[5,12,42],[4,11,41],
[5,10,15],[5,8,14],[4,7,15],[4,8,13],[6,10,13],[6,7,14],[8,10,26],[7,8,28],[7,10,29],[10,21,22],
[7,21,24],[8,19,24],[8,20,22],[10,19,23],[7,20,23],[7,20,29],[10,19,29],[10,21,26],[8,20,26],[8,19,28],
[7,21,28],[10,15,22],[8,14,22],[8,13,24],[7,15,24],[7,14,23],[10,13,23],[12,22,42],[9,23,40],[12,24,40],
[11,23,42],[11,24,41],[9,22,41],[12,18,27],[9,18,25],[12,17,30],[11,17,25],[11,16,27],[9,16,30],[15,17,18],
[13,16,17],[14,16,18],[18,31,32],[18,35,36],[17,31,34],[16,32,33],[17,33,35],[16,34,36],[3,22,31],[1,22,36],
[2,23,36],[2,24,31],[1,24,33],[3,23,33],[15,17,34],[15,18,32],[14,16,34],[13,16,32],[14,18,35],[13,17,35],
[22,31,42],[23,36,40],[24,31,40],[23,33,42],[22,36,41],[24,33,41],[18,27,31],[18,25,36],[17,30,31],[17,25,33],
[16,30,36],[16,27,33],[3,15,22],[1,14,22],[2,14,23],[3,13,23],[2,15,24],[1,13,24],[3,21,26],[1,20,26],
[2,21,28],[1,19,28],[3,19,29],[2,20,29],[28,31,38],[29,36,38],[26,31,39],[29,33,39],[26,36,37],[28,33,37],
[26,31,42],[26,36,41],[29,36,40],[28,33,41],[28,31,40],[29,33,42],[27,31,38],[25,36,38],[30,31,39],[25,33,39],
[27,33,37],[30,36,37],[15,32,38],[14,35,38],[13,35,39],[15,34,39],[13,32,37],[14,34,37],[3,15,26],[1,14,26],
[2,14,29],[3,13,29],[1,13,28],[2,15,28],[15,28,40],[14,29,40],[15,26,42],[14,26,41],[13,29,42],[13,28,41],
[15,27,38],[14,25,38],[15,30,39],[14,30,37],[13,25,39],[13,27,37],[15,27,40],[15,30,42],[14,25,40],[14,30,41],
[13,27,41],[13,25,42],[8,10,30],[7,10,25],[7,8,27],[2,21,27],[3,21,30],[1,20,30],[2,20,25],[1,19,27],
[3,19,25],[3,8,30],[1,10,30],[1,7,27],[3,7,25],[2,8,27],[2,10,25],[21,27,40],[21,30,42],[20,25,40],
[19,25,42],[20,30,41],[19,27,41],[2,3,35],[1,2,32],[1,3,34],[17,18,21],[16,17,19],[16,18,20],[21,32,38],
[21,34,39],[20,35,38],[19,35,39],[20,34,37],[19,32,37],[17,21,38],[18,21,39],[16,19,39],[16,20,38],[17,19,37],
[18,20,37],[2,8,32],[2,10,35],[3,7,35],[3,8,34],[1,10,34],[1,7,32],[21,32,40],[21,34,42],[19,32,41],
[20,35,40],[20,34,41],[19,35,42],[8,38,39],[7,37,39],[10,37,38],[8,17,38],[8,18,39],[7,17,37],[7,16,39],
[10,18,37],[10,16,38],[8,32,40],[8,34,42],[7,32,41],[10,35,40],[7,35,42],[10,34,41],[8,17,40],[8,18,42],
[7,17,41],[10,18,41],[7,16,42],[10,16,40],[1,2,17],[1,3,18],[2,3,16],[1,17,40],[1,18,42],[3,16,40],
[2,16,42],[2,17,41],[3,18,41],[1,38,39],[3,37,38],[2,37,39],[1,39,40],[1,38,42],[3,38,41],[2,37,42],
[2,39,41],[3,37,40]];
###############################################################

