#SurfaceInfo: 48 Vertices, 384 Edges, 256 Faces, IsOrientable=true
 #Vertices of faces:
vof1:=[[46,47,48],[45,46,47],[44,47,48],[43,46,48],[40,41,42],[38,39,43],[37,39,45],[37,38,44],[35,36,42],[33,34,41],
[31,32,40],[29,30,36],[27,28,34],[25,26,32],[24,26,38],[23,28,37],[22,30,39],[21,31,32],[20,35,36],[19,33,34],
[29,30,38],[25,26,37],[27,28,39],[18,38,43],[17,37,44],[16,39,45],[19,39,43],[20,38,44],[21,37,45],[25,32,40],
[27,34,41],[29,36,42],[38,39,47],[37,38,46],[37,39,48],[15,19,33],[14,20,35],[13,21,31],[28,39,47],[26,37,48],
[30,38,46],[12,18,38],[11,16,39],[10,17,37],[9,19,43],[8,21,45],[7,20,44],[6,25,40],[5,29,42],[4,27,41],
[26,38,47],[30,39,48],[28,37,46],[21,28,32],[19,30,34],[20,26,36],[12,14,34],[10,13,36],[11,15,32],[4,25,37],
[5,27,39],[6,29,38],[3,20,38],[2,19,39],[1,21,37],[16,34,45],[18,36,43],[17,32,44],[7,24,26],[8,23,28],
[9,22,30],[14,23,37],[13,22,39],[15,24,38],[8,40,41],[7,40,42],[9,41,42],[16,17,18],[4,16,31],[5,18,33],
[6,17,35],[22,23,24],[3,22,33],[2,23,31],[1,24,35],[3,8,11],[2,7,10],[1,9,12],[8,17,26],[7,18,30],
[9,16,28],[4,16,17],[6,17,18],[5,16,18],[1,12,35],[3,11,33],[2,10,31],[9,12,28],[8,11,26],[7,10,30],
[8,17,40],[7,18,42],[9,16,41],[14,23,24],[15,22,24],[13,22,23],[7,24,35],[9,22,33],[8,23,31],[1,9,30],
[2,7,26],[3,8,28],[16,31,34],[17,32,35],[18,33,36],[3,20,22],[1,21,24],[2,19,23],[4,14,37],[6,15,38],
[5,13,39],[12,34,45],[10,36,43],[11,32,44],[15,28,32],[13,26,36],[14,30,34],[6,14,35],[4,13,31],[5,15,33],
[17,26,47],[16,28,46],[18,30,48],[6,25,29],[4,25,27],[5,27,29],[8,21,41],[9,19,42],[7,20,40],[3,12,38],
[1,10,37],[2,11,39],[21,28,47],[19,30,46],[20,26,48],[12,14,40],[11,15,42],[10,13,41],[33,35,41],[31,33,40],
[31,35,42],[4,30,36],[5,26,32],[6,28,34],[14,20,21],[13,19,21],[15,19,20],[1,6,40],[2,4,41],[3,5,42],
[9,14,43],[7,13,44],[8,15,45],[12,18,25],[10,17,27],[11,16,29],[3,5,32],[2,4,36],[1,6,34],[15,20,48],
[14,21,47],[13,19,46],[3,19,42],[1,20,40],[2,21,41],[17,27,29],[16,25,29],[18,25,27],[6,9,14],[5,8,15],
[4,7,13],[4,14,43],[5,13,44],[6,15,45],[20,21,22],[19,21,24],[19,20,23],[31,34,42],[33,36,40],[32,35,41],
[1,4,30],[3,6,28],[2,5,26],[7,33,35],[8,31,35],[9,31,33],[14,24,40],[13,23,41],[15,22,42],[11,29,33],
[12,25,35],[10,27,31],[12,17,40],[10,16,41],[11,18,42],[4,17,47],[6,18,48],[5,16,46],[3,12,45],[2,11,44],
[1,10,43],[12,15,28],[10,14,30],[11,13,26],[12,15,48],[11,13,46],[10,14,47],[7,29,33],[9,27,31],[8,25,35],
[1,4,47],[2,5,46],[3,6,48],[23,32,41],[22,34,42],[24,36,40],[4,7,43],[6,9,45],[5,8,44],[12,17,29],
[11,18,27],[10,16,25],[1,20,23],[2,21,22],[3,19,24],[3,32,45],[1,34,43],[2,36,44],[12,29,48],[10,25,47],
[11,27,46],[23,32,45],[24,36,44],[22,34,43],[1,23,47],[3,24,48],[2,22,46],[7,29,43],[8,25,44],[9,27,45],
[29,43,48],[27,45,46],[25,44,47],[23,45,47],[22,43,46],[24,44,48]];
###############################################################

#SurfaceInfo: 150 Vertices, 600 Edges, 400 Faces, IsOrientable=true
 #Vertices of faces:
vof2:=[[148,149,150],[147,148,149],[146,149,150],[145,148,150],[142,143,144],[139,140,141],[136,137,138],[133,134,135],[130,131,132],[127,128,129],
[124,125,126],[121,122,123],[118,119,120],[115,116,117],[112,113,114],[109,110,111],[106,107,108],[105,121,122],[104,115,116],[103,118,119],
[102,106,107],[101,109,110],[100,112,113],[97,98,99],[94,95,96],[91,92,93],[88,89,90],[85,86,87],[82,83,84],[79,80,81],
[76,77,78],[73,74,75],[71,72,80],[69,70,74],[67,68,77],[66,93,131],[65,99,125],[64,96,128],[61,62,63],[58,59,60],
[55,56,57],[54,139,140],[53,133,134],[52,136,137],[51,142,143],[50,143,144],[49,142,144],[48,139,141],[47,133,135],[46,136,138],
[45,130,131],[44,124,125],[43,127,128],[42,130,132],[41,124,126],[40,127,129],[39,131,132],[38,125,126],[37,128,129],[36,122,123],
[35,116,117],[34,119,120],[33,110,111],[32,107,108],[31,113,114],[30,106,108],[29,109,111],[28,112,114],[100,101,102],[50,54,86],
[51,52,89],[49,53,83],[27,53,74],[26,54,80],[25,52,77],[36,51,98],[35,50,95],[34,49,92],[29,48,105],[28,47,104],
[30,46,103],[24,31,80],[23,32,74],[22,33,77],[36,43,56],[35,45,62],[34,44,59],[28,44,48],[29,45,46],[30,43,47],
[33,40,83],[31,42,89],[32,41,86],[40,41,42],[27,39,132],[26,37,129],[25,38,126],[50,54,139],[51,52,136],[49,53,133],
[36,51,142],[34,49,144],[35,50,143],[27,53,134],[25,52,137],[26,54,140],[49,83,142],[50,86,144],[51,89,143],[29,46,136],
[30,47,133],[28,48,139],[29,48,141],[30,46,138],[28,47,135],[40,41,124],[41,42,130],[40,42,127],[33,40,129],[32,41,126],
[31,42,132],[44,48,124],[45,46,130],[43,47,127],[45,62,131],[44,59,125],[43,56,128],[30,43,108],[28,44,114],[29,45,111],
[23,32,108],[24,31,114],[22,33,111],[33,83,110],[32,86,107],[31,89,113],[29,105,109],[30,103,106],[28,104,112],[36,43,122],
[34,44,119],[35,45,116],[36,98,123],[34,92,120],[35,95,117],[24,55,56],[23,61,62],[22,58,59],[39,66,131],[37,64,128],
[38,65,125],[51,97,98],[49,91,92],[50,94,95],[36,56,57],[34,59,60],[35,62,63],[40,82,83],[41,85,86],[42,88,89],
[31,79,80],[33,76,77],[32,73,74],[54,80,81],[53,74,75],[52,77,78],[54,86,87],[53,83,84],[52,89,90],[24,71,80],
[22,67,77],[23,69,74],[27,70,74],[25,68,77],[26,72,80],[66,92,93],[64,95,96],[65,98,99],[48,105,121],[46,103,118],
[47,104,115],[101,102,109],[100,101,112],[100,102,106],[71,72,109],[67,68,106],[69,70,112],[21,93,131],[20,96,128],[19,99,125],
[70,97,99],[72,91,93],[68,94,96],[71,73,75],[67,79,81],[69,76,78],[18,78,92],[17,75,95],[16,81,98],[15,39,96],
[14,38,93],[13,37,99],[17,71,75],[18,69,78],[16,67,81],[21,38,93],[19,37,99],[20,39,96],[14,72,93],[13,70,99],
[15,68,96],[72,102,109],[70,101,112],[68,100,106],[18,66,92],[16,65,98],[17,64,95],[27,70,97],[25,68,94],[26,72,91],
[22,67,79],[23,69,76],[24,71,73],[15,39,66],[14,38,65],[13,37,64],[81,98,123],[75,95,117],[78,92,120],[71,105,109],
[69,104,112],[67,103,106],[21,62,131],[19,59,125],[20,56,128],[29,136,141],[28,135,139],[30,133,138],[51,97,136],[50,94,139],
[49,91,133],[36,57,142],[35,63,143],[34,60,144],[54,81,87],[53,75,84],[52,78,90],[83,110,142],[89,113,143],[86,107,144],
[23,61,108],[22,58,111],[24,55,114],[43,108,122],[45,111,116],[44,114,119],[48,121,124],[47,115,127],[46,118,130],[31,79,132],
[33,76,129],[32,73,126],[40,82,124],[42,88,127],[41,85,130],[27,132,134],[26,129,140],[25,126,137],[66,121,123],[65,115,117],
[64,118,120],[12,22,59],[11,24,56],[10,23,62],[9,27,39],[8,25,38],[7,26,37],[12,19,59],[10,21,62],[11,20,56],
[15,66,121],[13,64,118],[14,65,115],[12,22,79],[11,24,73],[10,23,76],[9,27,97],[7,26,91],[8,25,94],[18,66,123],
[17,64,120],[16,65,117],[7,19,37],[9,20,39],[8,21,38],[79,132,134],[73,126,137],[76,129,140],[82,121,124],[85,118,130],
[88,115,127],[61,108,122],[55,114,119],[58,111,116],[57,110,142],[60,107,144],[63,113,143],[97,136,141],[91,133,138],[94,135,139],
[81,87,123],[78,90,120],[75,84,117],[14,72,102],[15,68,100],[13,70,101],[17,71,105],[16,67,103],[18,69,104],[19,61,63],
[21,55,57],[20,58,60],[6,105,122],[5,103,119],[4,104,116],[3,102,107],[2,100,113],[1,101,110],[6,17,105],[4,18,104],
[5,16,103],[3,14,102],[1,13,101],[2,15,100],[1,57,110],[2,63,113],[3,60,107],[6,61,122],[4,58,116],[5,55,119],
[7,19,63],[8,21,57],[9,20,60],[12,19,61],[11,20,58],[10,21,55],[18,87,123],[16,84,117],[17,90,120],[9,97,141],
[8,94,135],[7,91,138],[12,79,134],[10,76,140],[11,73,137],[15,82,121],[14,88,115],[13,85,118],[140,141,147],[134,135,146],
[137,138,145],[10,140,147],[12,134,146],[11,137,145],[9,141,147],[7,138,145],[8,135,146],[6,17,90],[5,16,84],[4,18,87],
[6,12,61],[5,10,55],[4,11,58],[3,9,60],[2,7,63],[1,8,57],[3,14,88],[2,15,82],[1,13,85],[88,90,149],
[82,84,148],[85,87,150],[6,90,149],[4,87,150],[5,84,148],[3,88,149],[1,85,150],[2,82,148],[3,9,147],[1,8,146],
[2,7,145],[6,12,146],[4,11,145],[5,10,147],[6,146,149],[5,147,148],[4,145,150],[3,147,149],[2,145,148],[1,146,150]];
###############################################################

