#SurfaceInfo: 103 Vertices, 309 Edges, 206 Faces, IsOrientable=true
 #Vertices of faces:
vof1:=[[101,102,103],[100,101,102],[99,102,103],[98,101,103],[95,96,97],[92,93,94],[89,90,91],[88,95,96],[87,89,90],[86,92,93],
[83,84,85],[80,81,82],[77,78,79],[76,96,97],[76,90,91],[76,93,94],[74,75,84],[72,73,81],[70,71,78],[71,73,75],
[70,71,75],[71,72,73],[73,74,75],[76,90,94],[76,93,97],[76,91,96],[69,88,95],[68,86,92],[67,87,89],[70,77,78],
[74,83,84],[72,80,81],[66,75,84],[65,71,78],[64,73,81],[63,88,96],[62,87,90],[61,86,93],[59,60,88],[57,58,87],
[55,56,86],[54,84,85],[53,81,82],[52,78,79],[51,54,85],[50,52,79],[49,53,82],[59,63,88],[55,61,86],[57,62,87],
[54,66,84],[53,64,81],[52,65,78],[48,74,83],[47,72,80],[46,70,77],[61,93,97],[63,91,96],[62,90,94],[56,68,86],
[60,69,88],[58,67,87],[66,70,75],[64,73,74],[65,71,72],[45,95,97],[44,89,91],[43,92,94],[42,67,89],[41,68,92],
[40,69,95],[39,42,54],[38,40,52],[37,41,53],[37,41,68],[39,42,67],[38,40,69],[40,45,95],[42,44,89],[41,43,92],
[36,56,68],[35,58,67],[34,60,69],[45,61,97],[43,62,94],[44,63,91],[39,54,66],[37,53,64],[38,52,65],[33,55,61],
[32,57,62],[31,59,63],[42,51,54],[41,49,53],[40,50,52],[46,66,70],[47,65,72],[48,64,74],[37,48,64],[38,47,65],
[39,46,66],[33,45,61],[31,44,63],[32,43,62],[40,45,50],[42,44,51],[41,43,49],[36,37,68],[34,38,69],[35,39,67],
[36,37,48],[35,39,46],[34,38,47],[33,45,50],[32,43,49],[31,44,51],[30,83,85],[29,80,82],[28,77,79],[27,48,83],
[26,46,77],[25,47,80],[24,50,79],[23,49,82],[22,51,85],[22,30,85],[24,28,79],[23,29,82],[26,28,77],[25,29,80],
[27,30,83],[27,36,48],[25,34,47],[26,35,46],[24,33,50],[22,31,51],[23,32,49],[20,21,29],[18,19,30],[16,17,28],
[15,55,56],[14,59,60],[13,57,58],[12,36,56],[11,34,60],[10,35,58],[9,33,55],[8,31,59],[7,32,57],[9,15,55],
[8,14,59],[7,13,57],[12,15,56],[10,13,58],[11,14,60],[16,24,28],[20,23,29],[18,22,30],[9,24,33],[7,23,32],
[8,22,31],[10,26,35],[12,27,36],[11,25,34],[17,26,28],[19,27,30],[21,25,29],[5,6,15],[3,4,14],[1,2,13],
[3,11,14],[5,12,15],[1,10,13],[6,9,15],[2,7,13],[4,8,14],[10,17,26],[11,21,25],[12,19,27],[9,16,24],
[8,18,22],[7,20,23],[5,12,19],[1,10,17],[3,11,21],[6,9,16],[4,8,18],[2,7,20],[16,17,100],[18,19,99],
[20,21,98],[5,19,99],[3,21,98],[1,17,100],[6,16,100],[2,20,98],[4,18,99],[5,6,102],[1,2,101],[3,4,103],
[5,99,102],[3,98,103],[1,100,101],[6,100,102],[4,99,103],[2,98,101]];
###############################################################

#SurfaceInfo: 109 Vertices, 327 Edges, 218 Faces, IsOrientable=true
 #Vertices of faces:
vof2:=[[107,108,109],[106,107,108],[105,107,109],[104,108,109],[101,102,103],[98,99,100],[95,96,97],[93,94,102],[91,92,99],[89,90,96],
[87,88,92],[85,86,94],[83,84,90],[81,82,96],[79,80,99],[77,78,102],[74,75,76],[73,74,75],[72,75,76],[71,74,76],
[70,77,78],[69,79,80],[68,81,82],[93,101,102],[89,95,96],[91,98,99],[77,102,103],[81,96,97],[79,99,100],[80,92,99],
[82,90,96],[78,94,102],[85,93,94],[83,89,90],[87,91,92],[66,67,86],[64,65,84],[62,63,88],[61,83,84],[60,85,86],
[59,87,88],[58,88,92],[57,84,90],[56,86,94],[54,55,70],[53,54,69],[52,54,68],[51,72,83],[50,71,85],[49,73,87],
[48,93,101],[47,91,98],[46,89,95],[45,77,103],[44,79,100],[43,81,97],[50,85,93],[51,83,89],[49,87,91],[52,54,70],
[54,55,69],[53,54,68],[58,80,92],[56,78,94],[57,82,90],[59,73,87],[60,71,85],[61,72,83],[60,66,86],[59,62,88],
[61,64,84],[58,63,88],[56,67,86],[57,65,84],[49,73,74],[51,72,75],[50,71,76],[55,70,77],[52,68,81],[53,69,79],
[42,73,75],[41,71,74],[40,72,76],[39,69,80],[38,70,78],[37,68,82],[40,50,76],[42,51,75],[41,49,74],[36,58,63],
[35,56,67],[34,57,65],[33,59,62],[32,61,64],[31,60,66],[42,59,73],[40,61,72],[41,60,71],[39,58,80],[37,57,82],
[38,56,78],[39,55,69],[37,53,68],[38,52,70],[45,55,77],[44,53,79],[43,52,81],[48,50,93],[46,51,89],[47,49,91],
[40,48,50],[41,47,49],[42,46,51],[39,45,55],[38,43,52],[37,44,53],[32,40,61],[31,41,60],[33,42,59],[36,39,58],
[35,38,56],[34,37,57],[32,40,48],[33,42,46],[31,41,47],[36,39,45],[34,37,44],[35,38,43],[30,101,103],[29,95,97],
[28,98,100],[27,48,101],[26,46,95],[25,47,98],[24,45,103],[23,43,97],[22,44,100],[24,30,103],[22,28,100],[23,29,97],
[27,30,101],[25,28,98],[26,29,95],[27,32,48],[25,31,47],[26,33,46],[24,36,45],[22,34,44],[23,35,43],[20,21,30],
[18,19,29],[16,17,28],[15,62,63],[14,64,65],[13,66,67],[12,31,66],[11,32,64],[10,33,62],[9,36,63],[8,34,65],
[7,35,67],[9,15,63],[7,13,67],[8,14,65],[12,13,66],[10,15,62],[11,14,64],[20,24,30],[18,23,29],[16,22,28],
[9,24,36],[7,23,35],[8,22,34],[11,27,32],[10,26,33],[12,25,31],[21,27,30],[19,26,29],[17,25,28],[5,6,14],
[3,4,15],[1,2,13],[5,11,14],[1,12,13],[3,10,15],[4,9,15],[6,8,14],[2,7,13],[11,21,27],[12,17,25],
[10,19,26],[9,20,24],[8,16,22],[7,18,23],[5,11,21],[3,10,19],[1,12,17],[6,8,16],[4,9,20],[2,7,18],
[20,21,106],[16,17,105],[18,19,104],[5,21,106],[3,19,104],[1,17,105],[6,16,105],[2,18,104],[4,20,106],[5,6,107],
[1,2,109],[3,4,108],[5,106,107],[3,104,108],[1,105,109],[6,105,107],[4,106,108],[2,104,109]];
###############################################################

#SurfaceInfo: 111 Vertices, 333 Edges, 222 Faces, IsOrientable=true
 #Vertices of faces:
vof3:=[[109,110,111],[108,109,110],[107,110,111],[106,109,111],[103,104,105],[100,101,102],[97,98,99],[98,101,104],[94,95,96],[91,92,93],
[88,89,90],[85,86,87],[91,92,95],[85,86,96],[88,89,94],[91,94,95],[88,94,96],[85,95,96],[101,103,104],[97,98,104],
[98,100,101],[83,84,99],[81,82,102],[79,80,105],[78,92,95],[77,86,96],[76,89,94],[75,103,105],[74,97,99],[73,100,102],
[72,104,105],[71,98,99],[70,101,102],[69,74,97],[68,75,103],[67,73,100],[66,78,92],[65,77,86],[64,76,89],[73,81,102],
[74,83,99],[75,79,105],[72,80,105],[70,82,102],[71,84,99],[72,97,104],[70,101,103],[71,98,100],[76,91,94],[78,85,95],
[77,88,96],[62,63,87],[60,61,90],[58,59,93],[57,92,93],[56,86,87],[55,89,90],[54,91,93],[53,85,87],[52,88,90],
[57,58,93],[55,60,90],[56,62,87],[52,61,90],[54,59,93],[53,63,87],[54,76,91],[52,77,88],[53,78,85],[51,73,81],
[50,75,79],[49,74,83],[48,72,80],[47,71,84],[46,70,82],[57,66,92],[55,64,89],[56,65,86],[69,72,97],[67,71,100],
[68,70,103],[45,69,74],[44,68,75],[43,67,73],[42,66,78],[41,64,76],[40,65,77],[39,43,66],[38,44,64],[37,45,65],
[42,43,66],[40,45,65],[41,44,64],[37,45,69],[38,44,68],[39,43,67],[43,51,73],[45,49,74],[44,50,75],[39,57,66],
[37,56,65],[38,55,64],[40,52,77],[42,53,78],[41,54,76],[36,56,62],[35,57,58],[34,55,60],[33,52,61],[32,53,63],
[31,54,59],[48,69,72],[46,68,70],[47,67,71],[33,40,52],[31,41,54],[32,42,53],[36,37,56],[35,39,57],[34,38,55],
[37,48,69],[39,47,67],[38,46,68],[40,45,49],[41,44,50],[42,43,51],[33,40,49],[32,42,51],[31,41,50],[36,37,48],
[34,38,46],[35,39,47],[30,83,84],[29,81,82],[28,79,80],[27,49,83],[26,51,81],[25,50,79],[24,48,80],[23,46,82],
[22,47,84],[22,30,84],[24,28,80],[23,29,82],[27,30,83],[25,28,79],[26,29,81],[27,33,49],[25,31,50],[26,32,51],
[24,36,48],[22,35,47],[23,34,46],[20,21,30],[18,19,28],[16,17,29],[15,62,63],[14,58,59],[13,60,61],[12,32,63],
[11,31,59],[10,33,61],[9,36,62],[8,35,58],[7,34,60],[9,15,62],[7,13,60],[8,14,58],[12,15,63],[10,13,61],
[11,14,59],[18,24,28],[16,23,29],[20,22,30],[9,24,36],[7,23,34],[8,22,35],[10,27,33],[12,26,32],[11,25,31],
[21,27,30],[17,26,29],[19,25,28],[5,6,15],[3,4,13],[1,2,14],[1,11,14],[5,12,15],[3,10,13],[6,9,15],
[2,8,14],[4,7,13],[10,21,27],[11,19,25],[12,17,26],[9,18,24],[8,20,22],[7,16,23],[5,12,17],[3,10,21],
[1,11,19],[6,9,18],[4,7,16],[2,8,20],[18,19,108],[16,17,107],[20,21,106],[5,17,107],[3,21,106],[1,19,108],
[6,18,108],[2,20,106],[4,16,107],[5,6,110],[1,2,109],[3,4,111],[5,107,110],[3,106,111],[1,108,109],[6,108,110],
[4,107,111],[2,106,109]];
###############################################################

#SurfaceInfo: 112 Vertices, 336 Edges, 224 Faces, IsOrientable=true
 #Vertices of faces:
vof4:=[[110,111,112],[109,110,111],[108,111,112],[107,110,112],[104,105,106],[101,102,103],[98,99,100],[95,96,97],[92,93,94],[89,90,91],
[86,87,88],[84,85,93],[82,83,90],[80,81,87],[78,79,93],[76,77,90],[74,75,87],[71,72,73],[69,70,72],[67,68,72],
[69,71,72],[67,70,72],[68,72,73],[78,84,93],[74,80,87],[76,82,90],[81,86,87],[85,92,93],[83,89,90],[79,93,94],
[75,87,88],[77,90,91],[65,66,102],[63,64,96],[61,62,99],[69,71,103],[68,73,97],[67,70,100],[82,83,105],[80,81,106],
[84,85,104],[78,79,101],[74,75,98],[76,77,95],[60,104,105],[59,105,106],[58,104,106],[57,101,102],[56,95,96],[55,98,99],
[54,102,103],[53,96,97],[52,99,100],[51,101,103],[50,95,97],[49,98,100],[60,82,105],[58,84,104],[59,80,106],[58,81,106],
[60,85,104],[59,83,105],[57,78,101],[56,76,95],[55,74,98],[51,79,101],[50,77,95],[49,75,98],[54,71,103],[52,70,100],
[53,68,97],[51,69,103],[49,67,100],[50,73,97],[57,65,102],[55,61,99],[56,63,96],[54,66,102],[52,62,99],[53,64,96],
[48,81,86],[47,85,92],[46,83,89],[45,79,94],[44,77,91],[43,75,88],[42,69,70],[41,71,73],[40,67,68],[39,78,84],
[38,76,82],[37,74,80],[39,58,84],[37,59,80],[38,60,82],[36,53,64],[35,54,66],[34,52,62],[33,57,65],[32,55,61],
[31,56,63],[39,57,78],[37,55,74],[38,56,76],[41,54,71],[40,53,68],[42,52,70],[42,51,69],[41,50,73],[40,49,67],
[48,58,81],[46,59,83],[47,60,85],[45,51,79],[43,49,75],[44,50,77],[39,48,58],[38,47,60],[37,46,59],[42,45,51],
[41,44,50],[40,43,49],[33,39,57],[31,38,56],[32,37,55],[34,42,52],[35,41,54],[36,40,53],[33,39,48],[32,37,46],
[31,38,47],[34,42,45],[36,40,43],[35,41,44],[30,89,91],[29,86,88],[28,92,94],[27,45,94],[26,43,88],[25,44,91],
[24,48,86],[23,46,89],[22,47,92],[22,28,92],[24,29,86],[23,30,89],[25,30,91],[27,28,94],[26,29,88],[24,33,48],
[22,31,47],[23,32,46],[27,34,45],[25,35,44],[26,36,43],[20,21,29],[18,19,30],[16,17,28],[15,65,66],[14,61,62],
[13,63,64],[12,33,65],[11,32,61],[10,31,63],[9,34,62],[8,35,66],[7,36,64],[8,15,66],[7,13,64],[9,14,62],
[12,15,65],[10,13,63],[11,14,61],[16,22,28],[18,23,30],[20,24,29],[9,27,34],[7,26,36],[8,25,35],[10,22,31],
[11,23,32],[12,24,33],[17,27,28],[21,26,29],[19,25,30],[5,6,14],[3,4,15],[1,2,13],[3,12,15],[5,11,14],
[1,10,13],[6,9,14],[4,8,15],[2,7,13],[10,16,22],[12,20,24],[11,18,23],[9,17,27],[8,19,25],[7,21,26],
[5,11,18],[1,10,16],[3,12,20],[6,9,17],[4,8,19],[2,7,21],[16,17,109],[18,19,108],[20,21,107],[5,18,108],
[3,20,107],[1,16,109],[6,17,109],[2,21,107],[4,19,108],[5,6,111],[1,2,110],[3,4,112],[5,108,111],[3,107,112],
[1,109,110],[6,109,111],[4,108,112],[2,107,110]];
###############################################################

#SurfaceInfo: 117 Vertices, 351 Edges, 234 Faces, IsOrientable=true
 #Vertices of faces:
vof5:=[[115,116,117],[114,115,116],[113,115,117],[112,116,117],[109,110,111],[106,107,108],[103,104,105],[104,107,110],[100,101,102],[97,98,99],
[94,95,96],[91,92,93],[90,100,101],[89,100,102],[88,101,102],[104,109,110],[106,107,110],[103,104,107],[85,86,87],[82,83,84],
[79,80,81],[92,110,111],[95,104,105],[98,107,108],[77,78,86],[75,76,83],[73,74,80],[72,86,89],[71,83,88],[70,80,90],
[69,75,76],[68,77,78],[67,73,74],[74,80,90],[76,83,88],[78,86,89],[97,98,108],[91,92,111],[94,95,105],[77,85,86],
[73,79,80],[75,82,83],[72,86,87],[71,83,84],[70,80,81],[95,104,109],[98,103,107],[92,106,110],[72,89,102],[70,90,100],
[71,88,101],[66,98,99],[65,92,93],[64,95,96],[62,63,99],[60,61,96],[58,59,93],[57,91,93],[56,97,99],[55,94,96],
[54,90,101],[53,88,102],[52,89,100],[51,67,94],[50,69,97],[49,68,91],[56,69,97],[55,67,94],[57,68,91],[60,64,96],
[58,65,93],[62,66,99],[57,59,93],[55,61,96],[56,63,99],[49,68,77],[50,69,75],[51,67,73],[52,70,100],[54,71,101],
[53,72,102],[64,95,109],[65,92,106],[66,98,103],[48,77,85],[47,75,82],[46,73,79],[45,72,87],[44,70,81],[43,71,84],
[50,97,108],[51,94,105],[49,91,111],[54,74,90],[52,78,89],[53,76,88],[42,109,111],[41,106,108],[40,103,105],[39,69,76],
[38,67,74],[37,68,78],[37,52,78],[39,53,76],[38,54,74],[42,49,111],[41,50,108],[40,51,105],[42,64,109],[40,66,103],
[41,65,106],[36,55,61],[35,56,63],[34,57,59],[33,60,64],[32,62,66],[31,58,65],[39,56,69],[37,57,68],[38,55,67],
[48,49,77],[46,51,73],[47,50,75],[45,53,72],[43,54,71],[44,52,70],[37,44,52],[39,45,53],[38,43,54],[35,39,56],
[36,38,55],[34,37,57],[33,42,64],[31,41,65],[32,40,66],[42,48,49],[41,47,50],[40,46,51],[33,42,48],[32,40,46],
[31,41,47],[36,38,43],[34,37,44],[35,39,45],[30,85,87],[29,79,81],[28,82,84],[27,45,87],[26,43,84],[25,44,81],
[24,48,85],[23,46,79],[22,47,82],[24,30,85],[22,28,82],[23,29,79],[26,28,84],[25,29,81],[27,30,87],[24,33,48],
[22,31,47],[23,32,46],[25,34,44],[27,35,45],[26,36,43],[20,21,29],[18,19,28],[16,17,30],[15,62,63],[14,58,59],
[13,60,61],[12,33,60],[11,31,58],[10,32,62],[9,35,63],[8,34,59],[7,36,61],[9,15,63],[7,13,61],[8,14,59],
[10,15,62],[12,13,60],[11,14,58],[16,24,30],[20,23,29],[18,22,28],[7,26,36],[9,27,35],[8,25,34],[12,24,33],
[10,23,32],[11,22,31],[19,26,28],[17,27,30],[21,25,29],[5,6,13],[3,4,15],[1,2,14],[5,12,13],[1,11,14],
[3,10,15],[4,9,15],[6,7,13],[2,8,14],[12,16,24],[11,18,22],[10,20,23],[7,19,26],[8,21,25],[9,17,27],
[5,12,16],[3,10,20],[1,11,18],[6,7,19],[4,9,17],[2,8,21],[16,17,114],[18,19,113],[20,21,112],[5,16,114],
[3,20,112],[1,18,113],[6,19,113],[2,21,112],[4,17,114],[5,6,115],[1,2,117],[3,4,116],[5,114,115],[3,112,116],
[1,113,117],[6,113,115],[4,114,116],[2,112,117]];
###############################################################

#SurfaceInfo: 124 Vertices, 372 Edges, 248 Faces, IsOrientable=true
 #Vertices of faces:
vof6:=[[122,123,124],[121,122,123],[120,122,124],[119,123,124],[116,117,118],[113,114,115],[110,111,112],[107,108,109],[104,105,106],[101,102,103],
[98,99,100],[96,97,114],[94,95,108],[92,93,111],[91,98,99],[90,104,105],[89,101,102],[96,113,114],[94,107,108],[92,110,111],
[88,96,97],[87,94,95],[86,92,93],[96,116,117],[92,117,118],[94,116,118],[85,105,106],[85,99,100],[85,102,103],[85,102,106],
[85,100,105],[85,99,103],[96,113,116],[94,107,118],[92,110,117],[88,96,117],[86,92,118],[87,94,116],[84,89,101],[83,90,104],
[82,91,98],[80,81,89],[78,79,90],[76,77,91],[75,89,102],[74,91,99],[73,90,105],[75,80,89],[73,78,90],[74,76,91],
[81,84,89],[77,82,91],[79,83,90],[73,100,105],[74,99,103],[75,102,106],[87,113,116],[88,110,117],[86,107,118],[72,114,115],
[71,108,109],[70,111,112],[69,113,115],[68,110,112],[67,107,109],[65,66,112],[63,64,115],[61,62,109],[58,59,60],[55,56,57],
[52,53,54],[51,101,103],[50,98,100],[49,104,106],[60,95,108],[57,97,114],[54,93,111],[59,84,101],[56,82,98],[53,83,104],
[51,59,101],[49,53,104],[50,56,98],[58,59,84],[52,53,83],[55,56,82],[60,71,108],[54,70,111],[57,72,114],[58,60,95],
[52,54,93],[55,57,97],[65,70,112],[63,72,115],[61,71,109],[64,69,115],[62,67,109],[66,68,112],[48,81,84],[47,79,83],
[46,77,82],[69,87,113],[67,86,107],[68,88,110],[49,75,106],[51,74,103],[50,73,100],[45,73,78],[44,75,80],[43,74,76],
[42,59,60],[41,53,54],[40,56,57],[39,87,95],[38,86,93],[37,88,97],[42,60,71],[40,57,72],[41,54,70],[39,69,87],
[37,68,88],[38,67,86],[36,63,72],[35,61,71],[34,65,70],[33,64,69],[32,66,68],[31,62,67],[39,58,95],[37,55,97],
[38,52,93],[42,51,59],[40,50,56],[41,49,53],[43,51,74],[45,50,73],[44,49,75],[48,58,84],[46,55,82],[47,52,83],
[42,43,51],[41,44,49],[40,45,50],[39,48,58],[38,47,52],[37,46,55],[35,42,71],[34,41,70],[36,40,72],[33,39,69],
[31,38,67],[32,37,68],[35,42,43],[36,40,45],[34,41,44],[33,39,48],[32,37,46],[31,38,47],[30,80,81],[29,76,77],
[28,78,79],[27,45,78],[26,43,76],[25,44,80],[24,48,81],[23,46,77],[22,47,79],[24,30,81],[22,28,79],[23,29,77],
[27,28,78],[26,29,76],[25,30,80],[26,35,43],[25,34,44],[27,36,45],[24,33,48],[22,31,47],[23,32,46],[20,21,29],
[18,19,28],[16,17,30],[15,65,66],[14,61,62],[13,63,64],[12,33,64],[11,31,62],[10,32,66],[9,34,65],[8,35,61],
[7,36,63],[9,15,65],[7,13,63],[8,14,61],[10,15,66],[12,13,64],[11,14,62],[16,24,30],[20,23,29],[18,22,28],
[12,24,33],[10,23,32],[11,22,31],[7,27,36],[9,25,34],[8,26,35],[19,27,28],[17,25,30],[21,26,29],[5,6,13],
[3,4,15],[1,2,14],[5,12,13],[1,11,14],[3,10,15],[4,9,15],[6,7,13],[2,8,14],[7,19,27],[8,21,26],
[9,17,25],[12,16,24],[11,18,22],[10,20,23],[5,12,16],[3,10,20],[1,11,18],[6,7,19],[4,9,17],[2,8,21],
[16,17,121],[18,19,120],[20,21,119],[5,16,121],[3,20,119],[1,18,120],[6,19,120],[2,21,119],[4,17,121],[5,6,122],
[1,2,124],[3,4,123],[5,121,122],[3,119,123],[1,120,124],[6,120,122],[4,121,123],[2,119,124]];
###############################################################

#SurfaceInfo: 127 Vertices, 381 Edges, 254 Faces, IsOrientable=true
 #Vertices of faces:
vof7:=[[125,126,127],[124,125,126],[123,126,127],[122,125,127],[119,120,121],[116,117,118],[113,114,115],[111,112,120],[109,110,114],[107,108,117],
[104,105,106],[101,102,103],[98,99,100],[95,96,97],[92,93,94],[89,90,91],[88,111,112],[87,109,110],[86,107,108],[111,119,120],
[109,113,114],[107,116,117],[85,98,99],[84,101,102],[83,104,105],[82,95,96],[81,89,90],[80,92,93],[79,99,100],[79,102,103],
[79,105,106],[85,112,120],[83,108,117],[84,110,114],[96,97,119],[90,91,113],[93,94,116],[78,120,121],[77,114,115],[76,117,118],
[75,119,121],[74,113,115],[73,116,118],[71,72,121],[69,70,118],[67,68,115],[80,81,82],[80,82,95],[81,82,89],[80,81,92],
[79,100,102],[79,103,105],[79,99,106],[78,85,120],[77,84,114],[76,83,117],[75,96,119],[73,93,116],[74,90,113],[97,111,119],
[94,107,116],[91,109,113],[85,98,112],[84,101,110],[83,104,108],[71,75,121],[69,73,118],[67,74,115],[70,76,118],[68,77,115],
[72,78,121],[66,84,102],[65,83,105],[64,85,99],[63,82,96],[62,80,93],[61,81,90],[60,88,111],[59,86,107],[58,87,109],
[57,88,112],[56,87,110],[55,86,108],[53,54,88],[51,52,87],[49,50,86],[51,58,87],[49,59,86],[53,60,88],[54,57,88],
[50,55,86],[52,56,87],[48,71,75],[47,67,74],[46,69,73],[45,68,77],[44,72,78],[43,70,76],[66,100,102],[64,99,106],
[65,103,105],[66,77,84],[64,78,85],[65,76,83],[63,75,96],[61,74,90],[62,73,93],[60,97,111],[58,91,109],[59,94,107],
[57,98,112],[55,104,108],[56,101,110],[63,82,89],[61,81,92],[62,80,95],[42,98,100],[41,104,106],[40,101,103],[39,95,97],
[38,89,91],[37,92,94],[42,66,100],[40,65,103],[41,64,106],[38,63,89],[39,62,95],[37,61,92],[42,57,98],[40,56,101],
[41,55,104],[39,60,97],[37,59,94],[38,58,91],[36,53,60],[35,51,58],[34,49,59],[33,52,56],[32,54,57],[31,50,55],
[45,66,77],[43,65,76],[44,64,78],[48,63,75],[46,62,73],[47,61,74],[42,45,66],[41,44,64],[40,43,65],[36,39,60],
[34,37,59],[35,38,58],[32,42,57],[31,41,55],[33,40,56],[37,47,61],[38,48,63],[39,46,62],[32,42,45],[33,40,43],
[31,41,44],[35,38,48],[36,39,46],[34,37,47],[30,69,70],[29,67,68],[28,71,72],[27,48,71],[26,46,69],[25,47,67],
[24,43,70],[23,45,68],[22,44,72],[24,30,70],[22,28,72],[23,29,68],[27,28,71],[25,29,67],[26,30,69],[24,33,43],
[22,31,44],[23,32,45],[27,35,48],[25,34,47],[26,36,46],[20,21,29],[18,19,30],[16,17,28],[15,51,52],[14,49,50],
[13,53,54],[12,33,52],[11,31,50],[10,32,54],[9,35,51],[8,34,49],[7,36,53],[9,15,51],[7,13,53],[8,14,49],
[12,15,52],[10,13,54],[11,14,50],[18,24,30],[20,23,29],[16,22,28],[9,27,35],[7,26,36],[8,25,34],[12,24,33],
[10,23,32],[11,22,31],[17,27,28],[19,26,30],[21,25,29],[5,6,15],[3,4,13],[1,2,14],[5,12,15],[1,11,14],
[3,10,13],[6,9,15],[2,8,14],[4,7,13],[12,18,24],[11,16,22],[10,20,23],[9,17,27],[8,21,25],[7,19,26],
[5,12,18],[3,10,20],[1,11,16],[6,9,17],[4,7,19],[2,8,21],[16,17,124],[18,19,123],[20,21,122],[5,18,123],
[3,20,122],[1,16,124],[6,17,124],[2,21,122],[4,19,123],[5,6,126],[1,2,125],[3,4,127],[5,123,126],[3,122,127],
[1,124,125],[6,124,126],[4,123,127],[2,122,125]];
###############################################################

#SurfaceInfo: 64 Vertices, 384 Edges, 256 Faces, IsOrientable=true
 #Vertices of faces:
vof8:=[[62,63,64],[61,62,63],[60,62,64],[59,63,64],[56,57,58],[54,55,57],[52,53,56],[50,51,58],[48,49,53],[46,47,51],
[44,45,55],[42,43,49],[40,41,47],[38,39,45],[36,37,47],[34,35,49],[32,33,45],[31,44,55],[30,48,53],[29,46,51],
[42,44,49],[38,45,46],[40,47,48],[28,54,55],[27,50,51],[26,52,53],[25,54,57],[24,50,58],[23,52,56],[39,44,45],
[41,46,47],[43,48,49],[47,55,57],[49,51,58],[45,53,56],[22,29,46],[21,30,48],[20,31,44],[47,48,55],[45,46,53],
[44,49,51],[19,28,54],[18,26,52],[17,27,50],[25,38,57],[23,42,56],[24,40,58],[18,39,44],[17,43,48],[19,41,46],
[36,47,57],[32,45,56],[34,49,58],[16,31,55],[15,29,51],[14,30,53],[13,15,26],[12,14,28],[11,16,27],[10,38,46],
[9,40,48],[8,42,44],[19,24,50],[18,25,54],[17,23,52],[24,26,53],[23,28,55],[25,27,51],[7,37,47],[6,35,49],
[5,33,45],[10,34,35],[9,32,33],[8,36,37],[56,57,59],[56,58,61],[57,58,60],[20,21,22],[20,24,36],[22,23,34],
[21,25,32],[8,9,10],[4,5,50],[3,6,54],[2,7,52],[5,12,35],[6,13,37],[7,11,33],[5,15,57],[6,16,56],
[7,14,58],[20,22,36],[20,21,32],[21,22,34],[2,7,33],[4,5,35],[3,6,37],[7,11,14],[5,12,15],[6,13,16],
[15,57,59],[16,56,61],[14,58,60],[9,10,34],[8,10,36],[8,9,32],[7,47,52],[5,45,50],[6,49,54],[5,11,33],
[7,13,37],[6,12,35],[24,36,53],[25,32,51],[23,34,55],[4,19,50],[2,17,52],[3,18,54],[10,35,38],[8,37,42],
[9,33,40],[13,24,26],[12,23,28],[11,25,27],[11,16,31],[12,14,30],[13,15,29],[21,25,30],[20,24,31],[22,23,29],
[5,36,57],[7,34,58],[6,32,56],[8,18,44],[10,19,46],[9,17,48],[42,56,59],[38,57,60],[40,58,61],[19,24,28],
[17,23,27],[18,25,26],[16,48,55],[15,44,51],[14,46,53],[9,15,26],[10,16,27],[8,14,28],[47,51,63],[45,55,62],
[49,53,64],[11,42,43],[13,38,39],[12,40,41],[4,21,48],[2,20,44],[3,22,46],[18,39,40],[19,41,42],[17,38,43],
[1,25,38],[1,24,40],[1,23,42],[2,19,54],[3,17,50],[4,18,52],[13,38,43],[11,41,42],[12,39,40],[3,14,46],
[4,16,48],[2,15,44],[17,38,60],[18,40,61],[19,42,59],[3,9,17],[4,8,18],[2,10,19],[1,25,30],[1,23,29],
[1,24,31],[1,35,38],[1,33,40],[1,37,42],[4,19,21],[2,17,20],[3,18,22],[36,53,64],[34,55,62],[32,51,63],
[5,11,43],[6,12,41],[7,13,39],[47,52,63],[49,54,64],[45,50,62],[9,26,34],[8,28,32],[10,27,36],[4,35,52],
[2,33,54],[3,37,50],[9,15,59],[8,14,60],[10,16,61],[5,22,36],[6,20,32],[7,21,34],[13,24,28],[11,25,26],
[12,23,27],[11,14,31],[13,16,29],[12,15,30],[3,14,31],[2,15,30],[4,16,29],[35,52,63],[37,50,62],[33,54,64],
[5,22,43],[7,21,39],[6,20,41],[28,32,63],[27,36,64],[26,34,62],[1,31,35],[1,30,37],[1,29,33],[3,9,59],
[2,10,61],[4,8,60],[18,22,61],[19,21,59],[17,20,60],[13,28,43],[12,27,39],[11,26,41],[3,31,59],[4,29,60],
[2,30,61],[28,43,63],[26,41,62],[27,39,64],[22,43,61],[20,41,60],[21,39,59],[31,35,63],[29,33,64],[30,37,62],
[31,59,63],[30,61,62],[29,60,64],[43,61,63],[39,59,64],[41,60,62]];
###############################################################

#SurfaceInfo: 129 Vertices, 387 Edges, 258 Faces, IsOrientable=true
 #Vertices of faces:
vof9:=[[127,128,129],[126,127,128],[125,127,129],[124,128,129],[121,122,123],[118,119,120],[115,116,117],[112,113,114],[109,110,111],[106,107,108],
[104,105,110],[102,103,113],[100,101,107],[116,119,122],[97,98,99],[94,95,96],[91,92,93],[88,89,90],[87,94,95],[86,91,92],
[85,88,89],[84,97,98],[83,97,99],[82,98,99],[81,85,88],[80,87,94],[79,86,91],[116,121,122],[115,116,119],[118,119,122],
[104,109,110],[100,106,107],[102,112,113],[77,78,105],[75,76,103],[73,74,101],[84,107,108],[83,110,111],[82,113,114],[79,122,123],
[81,116,117],[80,119,120],[72,105,110],[71,103,113],[70,101,107],[69,104,105],[68,100,101],[67,102,103],[87,95,100],[85,89,104],
[86,92,102],[72,83,110],[70,84,107],[71,82,113],[69,85,104],[67,86,102],[68,87,100],[72,77,105],[70,73,101],[71,75,103],
[69,78,105],[68,74,101],[67,76,103],[81,116,121],[79,118,122],[80,115,119],[95,100,106],[92,102,112],[89,104,109],[81,88,117],
[79,91,123],[80,94,120],[83,99,111],[82,98,114],[84,97,108],[65,66,96],[63,64,90],[61,62,93],[60,81,85],[59,79,86],
[58,80,87],[57,84,98],[56,82,99],[55,83,97],[54,95,96],[53,89,90],[52,92,93],[51,94,96],[50,88,90],[49,91,93],
[54,65,96],[52,61,93],[53,63,90],[51,66,96],[49,62,93],[50,64,90],[56,71,82],[55,72,83],[57,70,84],[55,97,108],
[57,98,114],[56,99,111],[49,91,123],[51,94,120],[50,88,117],[52,92,112],[54,95,106],[53,89,109],[60,81,121],[58,80,115],
[59,79,118],[48,69,78],[47,67,76],[46,68,74],[45,72,77],[44,71,75],[43,70,73],[60,69,85],[58,68,87],[59,67,86],
[42,121,123],[41,118,120],[40,115,117],[39,112,114],[38,106,108],[37,109,111],[42,60,121],[41,59,118],[40,58,115],[39,52,112],
[37,53,109],[38,54,106],[42,49,123],[40,50,117],[41,51,120],[37,56,111],[39,57,114],[38,55,108],[36,52,61],[35,53,63],
[34,54,65],[33,49,62],[32,50,64],[31,51,66],[45,55,72],[43,57,70],[44,56,71],[48,60,69],[47,59,67],[46,58,68],
[42,48,60],[40,46,58],[41,47,59],[37,44,56],[39,43,57],[38,45,55],[33,42,49],[31,41,51],[32,40,50],[36,39,52],
[34,38,54],[35,37,53],[33,42,48],[32,40,46],[31,41,47],[34,38,45],[35,37,44],[36,39,43],[30,75,76],[29,73,74],
[28,77,78],[27,45,77],[26,43,73],[25,44,75],[24,48,78],[23,46,74],[22,47,76],[22,30,76],[24,28,78],[23,29,74],
[27,28,77],[25,30,75],[26,29,73],[24,33,48],[22,31,47],[23,32,46],[27,34,45],[25,35,44],[26,36,43],[20,21,30],
[18,19,28],[16,17,29],[15,61,62],[14,63,64],[13,65,66],[12,33,62],[11,31,66],[10,32,64],[9,34,65],[8,35,63],
[7,36,61],[7,15,61],[9,13,65],[8,14,63],[11,13,66],[10,14,64],[12,15,62],[18,24,28],[16,23,29],[20,22,30],
[9,27,34],[7,26,36],[8,25,35],[12,24,33],[10,23,32],[11,22,31],[19,27,28],[17,26,29],[21,25,30],[5,6,15],
[3,4,13],[1,2,14],[5,12,15],[3,11,13],[1,10,14],[6,7,15],[2,8,14],[4,9,13],[12,18,24],[11,20,22],
[10,16,23],[9,19,27],[8,21,25],[7,17,26],[5,12,18],[1,10,16],[3,11,20],[6,7,17],[4,9,19],[2,8,21],
[18,19,126],[16,17,125],[20,21,124],[5,18,126],[3,20,124],[1,16,125],[6,17,125],[2,21,124],[4,19,126],[5,6,127],
[1,2,129],[3,4,128],[5,126,127],[3,124,128],[1,125,129],[6,125,127],[4,126,128],[2,124,129]];
###############################################################

#SurfaceInfo: 133 Vertices, 399 Edges, 266 Faces, IsOrientable=true
 #Vertices of faces:
vof10:=[[131,132,133],[130,131,132],[129,132,133],[128,131,133],[125,126,127],[122,123,124],[119,120,121],[116,117,118],[113,114,115],[110,111,112],
[109,125,126],[108,119,120],[107,122,123],[104,105,106],[102,103,105],[100,101,105],[107,108,109],[107,109,125],[107,108,122],[108,109,119],
[100,104,105],[102,105,106],[101,103,105],[97,98,99],[94,95,96],[91,92,93],[104,116,117],[101,110,111],[102,113,114],[98,104,106],
[95,100,101],[92,102,103],[90,109,126],[89,108,120],[88,107,123],[87,90,126],[86,88,123],[85,89,120],[98,104,116],[92,102,113],
[95,101,110],[101,103,111],[102,106,114],[100,104,117],[97,98,106],[91,92,103],[94,95,100],[88,107,125],[90,109,119],[89,108,122],
[84,126,127],[83,120,121],[82,123,124],[80,81,121],[78,79,124],[76,77,127],[75,125,127],[74,119,121],[73,122,124],[72,98,99],
[71,92,93],[70,95,96],[69,72,99],[68,70,96],[67,71,93],[76,84,127],[78,82,124],[80,83,121],[75,77,127],[74,81,121],
[73,79,124],[75,88,125],[73,89,122],[74,90,119],[72,98,116],[70,95,110],[71,92,113],[84,87,126],[82,86,123],[83,85,120],
[91,103,111],[94,100,117],[97,106,114],[66,116,118],[65,110,112],[64,113,115],[63,117,118],[62,111,112],[61,114,115],[59,60,112],
[57,58,115],[55,56,118],[54,86,88],[53,85,89],[52,87,90],[51,69,87],[50,68,86],[49,67,85],[52,69,87],[53,67,85],
[54,68,86],[59,65,112],[55,66,118],[57,64,115],[60,62,112],[56,63,118],[58,61,115],[48,80,83],[47,78,82],[46,76,84],
[62,91,111],[61,97,114],[63,94,117],[51,84,87],[49,83,85],[50,82,86],[66,72,116],[64,71,113],[65,70,110],[45,75,77],
[44,74,81],[43,73,79],[54,75,88],[52,74,90],[53,73,89],[51,69,99],[49,67,93],[50,68,96],[42,97,99],[41,91,93],
[40,94,96],[39,69,72],[38,67,71],[37,68,70],[42,51,99],[40,50,96],[41,49,93],[39,66,72],[37,65,70],[38,64,71],
[41,62,91],[42,61,97],[40,63,94],[36,59,65],[35,57,64],[34,55,66],[33,60,62],[32,58,61],[31,56,63],[37,54,68],
[38,53,67],[39,52,69],[45,54,75],[43,53,73],[44,52,74],[46,51,84],[47,50,82],[48,49,83],[41,48,49],[40,47,50],
[42,46,51],[37,45,54],[39,44,52],[38,43,53],[33,41,62],[31,40,63],[32,42,61],[36,37,65],[34,39,66],[35,38,64],
[33,41,48],[32,42,46],[31,40,47],[36,37,45],[35,38,43],[34,39,44],[30,80,81],[29,76,77],[28,78,79],[27,48,80],
[26,46,76],[25,47,78],[24,45,77],[23,43,79],[22,44,81],[22,30,81],[23,28,79],[24,29,77],[26,29,76],[25,28,78],
[27,30,80],[27,33,48],[25,31,47],[26,32,46],[24,36,45],[22,34,44],[23,35,43],[20,21,28],[18,19,30],[16,17,29],
[15,59,60],[14,55,56],[13,57,58],[12,33,60],[11,31,56],[10,32,58],[9,36,59],[8,34,55],[7,35,57],[9,15,59],
[8,14,55],[7,13,57],[12,15,60],[10,13,58],[11,14,56],[16,24,29],[20,23,28],[18,22,30],[9,24,36],[7,23,35],
[8,22,34],[10,26,32],[12,27,33],[11,25,31],[17,26,29],[19,27,30],[21,25,28],[5,6,15],[3,4,14],[1,2,13],
[3,11,14],[5,12,15],[1,10,13],[6,9,15],[2,7,13],[4,8,14],[10,17,26],[11,21,25],[12,19,27],[9,16,24],
[8,18,22],[7,20,23],[5,12,19],[1,10,17],[3,11,21],[6,9,16],[4,8,18],[2,7,20],[16,17,130],[18,19,129],
[20,21,128],[5,19,129],[3,21,128],[1,17,130],[6,16,130],[2,20,128],[4,18,129],[5,6,132],[1,2,131],[3,4,133],
[5,129,132],[3,128,133],[1,130,131],[6,130,132],[4,129,133],[2,128,131]];
###############################################################

