#SurfaceInfo: 48 Vertices, 144 Edges, 96 Faces, IsOrientable=true
 #Vertices of faces:
vof1:=[[46,47,48],[45,46,47],[44,46,48],[43,47,48],[40,41,42],[37,38,39],[34,35,36],[31,32,33],[28,29,30],[27,35,38],
[26,36,41],[25,29,37],[24,32,39],[23,33,42],[22,30,40],[27,34,35],[24,31,32],[23,31,33],[26,34,36],[25,28,29],
[22,28,30],[27,37,38],[25,37,39],[22,40,41],[24,38,39],[26,41,42],[23,40,42],[20,21,34],[18,19,31],[16,17,28],
[15,35,38],[14,36,41],[13,29,37],[12,32,39],[11,30,40],[10,33,42],[9,35,36],[8,29,30],[7,32,33],[15,24,38],
[11,23,40],[13,27,37],[14,22,41],[10,26,42],[12,25,39],[9,15,35],[9,14,36],[8,13,29],[7,12,32],[7,10,33],
[8,11,30],[20,26,34],[21,27,34],[18,24,31],[16,22,28],[17,25,28],[19,23,31],[5,6,9],[3,4,8],[1,2,7],
[5,9,15],[6,9,14],[3,8,11],[4,8,13],[1,7,12],[2,7,10],[15,18,24],[11,19,23],[13,21,27],[14,16,22],
[12,17,25],[10,20,26],[5,15,18],[6,14,16],[3,11,19],[1,12,17],[4,13,21],[2,10,20],[18,19,45],[16,17,44],
[20,21,43],[5,18,45],[6,16,44],[2,20,43],[4,21,43],[3,19,45],[1,17,44],[5,6,46],[1,2,48],[3,4,47],
[5,45,46],[6,44,46],[1,44,48],[4,43,47],[3,45,47],[2,43,48]];
###############################################################

#SurfaceInfo: 24 Vertices, 144 Edges, 96 Faces, IsOrientable=true
 #Vertices of faces:
vof2:=[[22,23,24],[21,22,23],[20,23,24],[19,22,24],[16,17,18],[13,14,15],[10,11,12],[7,8,9],[4,5,6],[16,17,20],
[13,14,19],[13,15,20],[14,15,21],[16,18,19],[17,18,21],[3,16,20],[2,13,19],[3,14,21],[1,15,20],[2,17,21],
[1,18,19],[1,3,20],[3,14,16],[1,2,19],[2,13,17],[1,15,18],[2,3,21],[1,10,11],[3,7,8],[2,4,5],
[1,6,10],[3,6,7],[2,4,12],[2,5,9],[3,8,12],[1,9,11],[6,13,17],[1,2,23],[2,3,24],[12,15,18],
[9,14,16],[1,3,22],[1,6,23],[6,10,13],[2,12,23],[6,7,17],[1,9,22],[9,11,16],[5,9,14],[3,12,22],
[4,12,18],[3,6,24],[2,9,24],[8,12,15],[10,12,14],[11,12,17],[8,9,13],[4,6,16],[7,9,18],[5,6,15],
[7,11,17],[12,14,23],[6,15,24],[4,7,18],[4,11,16],[9,13,22],[8,10,13],[6,16,23],[5,8,15],[9,18,24],
[12,17,22],[5,10,14],[5,17,20],[7,14,19],[11,15,21],[4,13,20],[8,16,19],[10,18,21],[5,10,20],[5,17,22],
[4,13,22],[4,11,21],[7,14,23],[7,11,19],[4,7,20],[11,15,24],[8,16,23],[8,10,21],[10,18,24],[5,8,19],
[4,21,22],[11,19,24],[7,20,23],[8,21,23],[5,19,22],[10,20,24]];
###############################################################

#SurfaceInfo: 21 Vertices, 147 Edges, 98 Faces, IsOrientable=true
 #Vertices of faces:
vof3:=[[19,20,21],[18,19,20],[17,20,21],[16,19,21],[13,14,15],[11,12,14],[10,12,15],[11,13,14],[10,11,12],[10,13,15],
[12,14,16],[12,15,18],[14,15,17],[7,8,9],[6,7,8],[5,7,9],[4,8,9],[3,4,6],[2,5,6],[1,4,5],
[3,6,7],[2,6,8],[1,4,8],[2,5,9],[3,4,9],[1,5,7],[2,3,14],[1,3,15],[1,2,12],[4,14,17],
[6,15,17],[5,15,18],[4,12,18],[6,12,16],[5,14,16],[5,10,11],[4,10,13],[6,11,13],[4,6,19],[4,5,21],
[5,6,20],[4,14,19],[6,15,19],[5,15,21],[5,14,20],[6,12,20],[4,12,21],[5,10,16],[4,13,18],[6,13,16],
[6,11,17],[4,10,17],[5,11,18],[3,7,14],[1,7,12],[2,9,12],[3,9,15],[2,8,14],[1,8,15],[7,17,18],
[9,16,17],[8,16,18],[7,10,17],[9,11,17],[8,10,16],[7,13,18],[8,11,18],[9,13,16],[7,14,19],[9,15,19],
[8,15,21],[7,12,21],[9,12,20],[8,14,20],[7,10,19],[7,13,21],[9,11,19],[8,11,21],[9,13,20],[8,10,20],
[2,3,10],[1,2,13],[1,3,11],[2,10,19],[2,13,21],[1,11,19],[3,11,21],[3,10,20],[1,13,20],[2,17,18],
[3,16,18],[1,16,17],[2,18,19],[2,17,21],[3,16,21],[1,17,20],[1,16,19],[3,18,20]];
###############################################################

#SurfaceInfo: 49 Vertices, 147 Edges, 98 Faces, IsOrientable=true
 #Vertices of faces:
vof4:=[[47,48,49],[46,47,48],[45,47,49],[44,48,49],[41,42,43],[39,40,42],[37,38,42],[39,41,42],[37,40,42],[38,42,43],
[36,39,40],[35,37,38],[34,41,43],[31,32,33],[30,31,32],[29,32,33],[28,31,33],[26,27,31],[24,25,32],[22,23,33],
[26,30,31],[24,30,32],[22,28,33],[25,29,32],[27,28,31],[23,29,33],[20,21,30],[18,19,28],[16,17,29],[15,34,43],
[14,34,41],[13,35,37],[12,35,38],[11,36,39],[10,36,40],[9,37,40],[8,38,43],[7,39,41],[26,27,34],[22,23,35],
[24,25,36],[15,26,34],[14,27,34],[13,22,35],[10,24,36],[11,25,36],[12,23,35],[9,10,40],[8,12,38],[7,11,39],
[7,14,41],[8,15,43],[9,13,37],[20,26,30],[16,23,29],[17,25,29],[18,27,28],[21,24,30],[19,22,28],[5,6,8],
[3,4,7],[1,2,9],[5,8,15],[3,7,14],[1,9,10],[6,8,12],[2,9,13],[4,7,11],[15,20,26],[14,18,27],
[13,19,22],[12,16,23],[11,17,25],[10,21,24],[5,15,20],[6,12,16],[3,14,18],[2,13,19],[4,11,17],[1,10,21],
[20,21,46],[16,17,45],[18,19,44],[5,20,46],[6,16,45],[3,18,44],[2,19,44],[1,21,46],[4,17,45],[5,6,47],
[1,2,48],[3,4,49],[5,46,47],[6,45,47],[2,44,48],[4,45,49],[3,44,49],[1,46,48]];
###############################################################

#SurfaceInfo: 27 Vertices, 162 Edges, 108 Faces, IsOrientable=false
 #Vertices of faces:
vof5:=[[25,26,27],[24,25,26],[23,26,27],[22,25,27],[20,21,23],[18,19,22],[16,17,24],[15,20,23],[14,18,22],[13,21,23],
[12,16,24],[11,17,24],[10,19,22],[15,17,20],[10,16,19],[14,18,21],[13,18,21],[12,16,19],[11,17,20],[9,10,16],
[8,14,21],[7,13,18],[6,12,19],[5,15,17],[4,11,20],[12,13,26],[11,14,25],[10,15,27],[3,10,15],[2,12,13],
[1,11,14],[9,10,11],[8,14,15],[7,10,13],[6,12,14],[4,11,13],[5,12,15],[14,15,25],[10,11,27],[10,13,26],
[12,14,26],[12,15,27],[11,13,25],[3,7,10],[1,6,14],[2,4,13],[2,5,12],[1,9,11],[3,8,15],[5,7,18],
[8,9,21],[8,9,16],[4,6,19],[4,6,20],[5,7,17],[15,19,23],[12,21,24],[11,18,24],[13,16,23],[14,17,22],
[10,20,22],[2,18,19],[3,16,17],[1,20,21],[5,6,8],[4,7,9],[2,19,23],[1,21,24],[3,16,23],[3,17,22],
[2,18,24],[1,20,22],[15,19,25],[11,18,27],[14,17,26],[12,21,27],[10,20,26],[13,16,25],[4,7,19],[5,6,18],
[7,9,17],[4,9,21],[6,8,20],[5,8,16],[1,3,7],[1,3,6],[1,2,9],[2,3,4],[2,3,8],[1,2,5],
[7,19,25],[6,18,27],[9,17,26],[4,21,27],[5,16,25],[8,20,26],[1,7,24],[3,6,23],[2,9,23],[3,4,22],
[1,5,22],[2,8,24],[7,24,25],[6,23,27],[9,23,26],[4,22,27],[8,24,26],[5,22,25]];
###############################################################

#SurfaceInfo: 36 Vertices, 162 Edges, 108 Faces, IsOrientable=true
 #Vertices of faces:
vof6:=[[34,35,36],[33,34,35],[32,34,36],[31,35,36],[28,29,30],[25,26,27],[22,23,24],[21,28,29],[20,25,26],[20,28,30],
[19,22,23],[21,22,24],[19,25,27],[18,21,28],[17,19,25],[16,20,25],[16,20,28],[17,19,22],[18,21,22],[15,17,25],
[14,16,25],[13,16,28],[12,17,22],[11,18,28],[10,18,22],[7,8,9],[4,5,6],[1,2,3],[1,2,16],[7,8,18],
[4,5,17],[3,15,17],[6,14,16],[9,13,16],[9,12,17],[6,10,18],[3,11,18],[5,6,14],[2,3,15],[8,9,13],
[7,9,12],[1,3,11],[4,6,10],[1,9,16],[4,9,17],[6,7,18],[3,8,18],[3,5,17],[2,6,16],[13,28,32],
[14,25,31],[15,25,31],[12,22,33],[10,22,33],[11,28,32],[5,21,29],[1,19,23],[2,21,24],[4,20,30],[7,20,26],
[8,19,27],[21,26,27],[20,23,24],[19,29,30],[10,13,15],[11,12,14],[5,21,26],[1,19,29],[4,20,24],[7,20,23],
[2,21,27],[8,19,30],[5,14,29],[2,15,24],[7,12,26],[1,11,23],[8,13,27],[4,10,30],[12,14,33],[13,15,32],
[11,12,32],[11,14,31],[10,13,33],[10,15,31],[1,9,34],[4,9,34],[3,5,36],[6,7,35],[2,6,35],[3,8,36],
[14,29,33],[15,24,32],[12,26,32],[11,23,31],[10,30,31],[13,27,33],[1,29,34],[4,24,34],[5,26,36],[7,23,35],
[8,30,36],[2,27,35],[29,33,34],[24,32,34],[26,32,36],[23,31,35],[27,33,35],[30,31,36]];
###############################################################

#SurfaceInfo: 42 Vertices, 168 Edges, 112 Faces, IsOrientable=true
 #Vertices of faces:
vof7:=[[40,41,42],[39,40,41],[38,40,42],[37,41,42],[34,35,36],[31,32,33],[28,29,30],[25,26,27],[29,32,35],[22,23,24],
[20,21,24],[18,19,23],[16,17,22],[18,19,26],[16,17,27],[20,21,25],[15,34,35],[14,28,29],[13,35,36],[12,31,32],
[11,29,30],[10,32,33],[9,17,22],[8,18,23],[7,16,22],[6,20,24],[5,19,23],[4,21,24],[3,32,35],[2,29,35],
[1,29,32],[2,22,23],[3,22,24],[1,23,24],[6,19,34],[7,18,33],[4,16,28],[5,17,31],[8,21,36],[9,20,30],
[2,15,35],[2,14,29],[3,12,32],[3,13,35],[1,10,32],[1,11,29],[2,9,22],[2,8,23],[3,6,24],[1,4,24],
[1,5,23],[3,7,22],[15,19,34],[14,16,28],[10,18,33],[11,20,30],[12,17,31],[13,21,36],[5,19,31],[7,16,33],
[4,21,28],[6,20,34],[9,17,30],[8,18,36],[7,18,26],[4,16,27],[5,17,27],[9,20,25],[8,21,25],[6,19,26],
[25,26,39],[25,27,38],[26,27,37],[9,25,39],[8,25,38],[7,26,39],[6,26,37],[4,27,37],[5,27,38],[15,19,31],
[14,16,33],[13,21,28],[12,17,30],[10,18,36],[11,20,34],[2,9,15],[2,8,14],[3,7,13],[3,6,12],[1,4,10],
[1,5,11],[31,33,40],[28,30,41],[34,36,42],[15,31,40],[14,33,40],[13,28,41],[11,34,42],[10,36,42],[12,30,41],
[9,15,39],[8,14,38],[7,13,39],[6,12,37],[5,11,38],[4,10,37],[15,39,40],[14,38,40],[13,39,41],[12,37,41],
[10,37,42],[11,38,42]];
###############################################################

#SurfaceInfo: 42 Vertices, 168 Edges, 112 Faces, IsOrientable=true
 #Vertices of faces:
vof8:=[[40,41,42],[39,40,41],[38,41,42],[37,40,42],[34,35,36],[31,32,33],[28,29,30],[26,27,29],[25,26,28],[26,28,29],
[22,23,24],[19,20,21],[17,18,28],[14,15,16],[12,13,29],[10,11,26],[23,28,30],[16,27,29],[20,29,30],[21,25,26],
[15,25,28],[24,26,27],[22,23,30],[19,20,30],[19,21,25],[17,23,28],[12,16,29],[13,20,29],[10,24,26],[15,18,28],
[11,21,26],[14,15,25],[22,24,27],[14,16,27],[8,9,30],[10,12,32],[6,7,25],[4,5,27],[13,17,31],[11,18,33],
[8,22,30],[4,14,27],[5,22,27],[17,23,31],[15,18,33],[11,21,33],[12,16,32],[13,20,31],[6,19,25],[9,19,30],
[7,14,25],[10,24,32],[22,34,35],[14,34,36],[3,31,32],[19,35,36],[2,31,33],[1,32,33],[8,22,34],[2,23,31],
[1,21,33],[3,16,32],[3,20,31],[6,19,35],[9,19,36],[7,14,34],[1,24,32],[2,15,33],[5,22,35],[4,14,36],
[17,18,34],[12,13,36],[23,24,38],[20,21,39],[10,11,35],[15,16,37],[8,18,34],[1,21,39],[1,24,38],[9,12,36],
[6,10,35],[3,16,37],[3,20,39],[7,17,34],[4,13,36],[5,11,35],[2,15,37],[2,23,38],[11,18,40],[1,8,9],
[10,12,42],[3,6,7],[13,17,41],[2,4,5],[8,18,40],[1,8,39],[1,9,38],[9,12,42],[6,10,42],[3,6,37],
[3,7,39],[7,17,41],[2,4,38],[2,5,37],[4,13,41],[5,11,40],[8,39,40],[9,38,42],[6,37,42],[7,39,41],
[5,37,40],[4,38,41]];
###############################################################

#SurfaceInfo: 45 Vertices, 180 Edges, 120 Faces, IsOrientable=false
 #Vertices of faces:
vof9:=[[43,44,45],[42,43,44],[41,43,45],[40,44,45],[37,38,39],[34,35,36],[31,32,33],[28,29,30],[25,26,27],[24,26,38],
[24,32,35],[23,29,36],[22,30,39],[22,27,34],[23,33,37],[26,37,38],[32,34,35],[27,34,36],[29,35,36],[30,38,39],
[33,37,39],[24,25,26],[24,31,32],[23,31,33],[22,25,27],[23,28,29],[22,28,30],[19,20,21],[16,17,18],[13,14,15],
[20,24,38],[14,24,35],[17,23,36],[18,22,39],[15,23,37],[21,22,34],[12,30,38],[11,29,35],[10,27,36],[9,33,39],
[8,26,37],[7,32,34],[20,24,31],[14,24,25],[17,23,31],[18,22,25],[21,22,28],[15,23,28],[19,20,38],[13,14,35],
[16,17,36],[16,18,39],[19,21,34],[13,15,37],[5,6,28],[3,4,25],[1,2,31],[5,21,28],[6,15,28],[3,14,25],
[1,20,31],[4,18,25],[2,17,31],[12,19,38],[11,13,35],[9,16,39],[10,16,36],[8,13,37],[7,19,34],[3,4,19],
[1,2,13],[5,6,16],[32,33,42],[26,27,41],[29,30,40],[1,10,27],[5,8,26],[6,7,32],[3,9,33],[2,12,30],
[4,11,29],[3,33,42],[1,27,41],[6,32,42],[5,26,41],[4,29,40],[2,30,40],[2,12,17],[4,11,18],[3,9,14],
[1,10,20],[6,7,15],[5,8,21],[3,12,19],[1,11,13],[6,10,16],[5,9,16],[4,7,19],[2,8,13],[17,18,43],
[20,21,44],[14,15,45],[12,17,43],[11,18,43],[10,20,44],[9,14,45],[8,21,44],[7,15,45],[3,12,42],[1,11,41],
[6,10,42],[5,9,41],[2,8,40],[4,7,40],[12,42,43],[11,41,43],[10,42,44],[9,41,45],[7,40,45],[8,40,44]];
###############################################################

#SurfaceInfo: 36 Vertices, 180 Edges, 120 Faces, IsOrientable=false
 #Vertices of faces:
vof10:=[[34,35,36],[33,34,35],[32,35,36],[31,34,36],[28,29,30],[25,26,27],[22,23,24],[19,20,21],[16,17,18],[15,17,29],
[14,23,26],[13,20,25],[12,20,28],[11,17,27],[10,23,30],[15,28,29],[14,25,26],[11,26,27],[13,25,27],[12,28,30],
[10,29,30],[16,17,29],[22,23,26],[23,24,30],[17,18,27],[19,20,25],[20,21,28],[8,9,17],[6,7,20],[4,5,23],
[15,17,22],[14,16,23],[13,20,24],[12,18,20],[10,19,23],[11,17,21],[8,12,30],[4,13,27],[6,11,26],[7,10,29],
[5,15,28],[9,14,25],[15,22,26],[14,16,29],[13,24,30],[12,18,27],[11,21,28],[10,19,25],[8,17,22],[4,16,23],
[6,20,24],[7,18,20],[9,17,21],[5,19,23],[10,11,31],[12,14,32],[13,15,33],[11,28,31],[10,25,31],[14,29,32],
[15,26,33],[12,27,32],[13,30,33],[8,12,22],[4,13,16],[7,10,18],[6,11,24],[5,15,19],[9,14,21],[12,14,34],
[13,15,36],[10,11,35],[3,22,24],[2,16,18],[1,19,21],[2,6,26],[2,5,28],[3,9,25],[3,7,29],[1,8,30],
[1,4,27],[3,7,22],[2,6,16],[3,9,24],[2,5,18],[1,4,21],[1,8,19],[1,30,33],[1,27,32],[3,29,32],
[2,26,33],[3,25,31],[2,28,31],[12,22,34],[13,16,36],[11,24,35],[10,18,35],[14,21,34],[15,19,36],[1,6,7],
[2,8,9],[3,4,5],[1,7,33],[1,6,32],[2,9,33],[3,5,32],[2,8,31],[3,4,31],[7,22,34],[6,16,36],
[9,24,35],[5,18,35],[8,19,36],[4,21,34],[7,33,34],[6,32,36],[9,33,35],[5,32,35],[4,31,34],[8,31,36]];
###############################################################

