#SurfaceInfo: 78 Vertices, 273 Edges, 182 Faces, IsOrientable=false
 #Vertices of faces:
vof1:=[[76,77,78],[75,76,77],[74,76,78],[73,77,78],[70,71,72],[67,68,69],[65,66,68],[62,63,64],[59,60,61],[57,58,60],
[55,56,63],[65,67,68],[55,62,63],[57,59,60],[52,53,54],[49,50,51],[48,49,50],[45,46,47],[44,52,53],[43,45,46],
[42,48,49],[41,44,52],[40,43,45],[39,50,51],[38,53,54],[37,46,47],[36,39,51],[35,42,48],[34,38,54],[33,37,47],
[32,40,43],[31,41,44],[30,33,47],[29,34,54],[28,36,51],[27,35,48],[26,32,43],[25,31,44],[24,68,71],[23,63,70],
[22,63,70],[21,60,72],[20,60,72],[19,68,71],[34,36,67],[33,35,65],[33,35,62],[34,36,59],[31,32,57],[31,32,55],
[19,68,69],[23,63,64],[20,60,61],[22,56,63],[21,58,60],[24,66,68],[36,67,69],[35,65,66],[33,62,64],[34,59,61],
[32,55,56],[31,57,58],[22,29,54],[23,28,51],[20,27,48],[19,25,44],[24,26,43],[21,30,47],[18,70,71],[17,70,72],
[16,71,72],[17,21,72],[18,24,71],[18,23,70],[17,22,70],[16,19,71],[16,20,72],[30,33,65],[29,34,67],[28,36,59],
[26,32,57],[25,31,55],[27,35,62],[36,39,69],[35,42,66],[33,37,64],[34,38,61],[31,41,58],[32,40,56],[24,26,66],
[22,29,56],[23,28,64],[20,27,61],[19,25,69],[21,30,58],[15,52,54],[14,49,51],[13,48,50],[12,44,53],[11,43,46],
[10,45,47],[42,49,52],[41,49,52],[40,45,50],[39,45,50],[37,46,53],[38,46,53],[15,22,54],[14,23,51],[13,20,48],
[12,19,44],[10,21,47],[11,24,43],[9,65,67],[8,57,59],[7,55,62],[8,26,57],[9,30,65],[9,29,67],[7,27,62],
[7,25,55],[8,28,59],[11,18,24],[14,18,23],[13,16,20],[15,17,22],[12,16,19],[10,17,21],[10,39,45],[15,42,52],
[14,41,49],[13,40,50],[11,38,46],[12,37,53],[6,25,69],[5,26,66],[4,28,64],[3,27,61],[2,30,58],[1,29,56],
[6,39,69],[5,42,66],[4,37,64],[3,38,61],[1,40,56],[2,41,58],[6,10,39],[3,11,38],[2,14,41],[1,13,40],
[4,12,37],[5,15,42],[6,7,25],[3,7,27],[2,9,30],[1,9,29],[4,8,28],[5,8,26],[10,17,75],[11,18,74],
[14,18,74],[13,16,73],[12,16,73],[15,17,75],[6,10,75],[3,11,74],[2,14,74],[1,13,73],[5,15,75],[4,12,73],
[6,7,76],[3,7,76],[2,9,78],[1,9,78],[5,8,77],[4,8,77],[6,75,76],[3,74,76],[2,74,78],[1,73,78],
[4,73,77],[5,75,77]];
###############################################################

#SurfaceInfo: 48 Vertices, 288 Edges, 192 Faces, IsOrientable=true
 #Vertices of faces:
vof2:=[[46,47,48],[45,46,47],[44,46,48],[43,47,48],[40,41,42],[37,38,39],[34,35,36],[33,35,41],[32,35,38],[31,38,41],
[35,38,41],[30,40,41],[29,41,42],[28,34,35],[27,37,38],[26,38,39],[25,35,36],[39,42,45],[34,37,44],[36,40,43],
[23,24,26],[21,22,25],[19,20,30],[17,18,28],[15,16,27],[13,14,29],[12,15,42],[11,23,34],[10,21,37],[9,13,36],
[8,19,39],[7,17,40],[33,37,39],[31,34,36],[32,40,42],[6,18,39],[5,20,34],[4,22,42],[3,16,36],[2,14,37],
[1,24,40],[15,27,42],[23,26,34],[21,25,37],[19,30,39],[13,29,36],[17,28,40],[6,18,28],[2,14,29],[5,20,30],
[4,22,25],[3,16,27],[1,24,26],[6,39,45],[4,42,45],[3,36,43],[2,37,44],[1,40,43],[5,34,44],[14,33,37],
[18,33,39],[22,32,42],[16,31,36],[24,32,40],[20,31,34],[7,30,40],[12,29,42],[11,28,34],[10,27,37],[9,25,36],
[8,26,39],[9,23,24],[12,17,18],[10,19,20],[7,15,16],[11,13,14],[8,21,22],[11,23,30],[12,15,25],[10,21,29],
[7,17,26],[8,19,28],[9,13,27],[34,37,47],[39,42,48],[36,40,46],[3,30,41],[6,29,41],[1,25,35],[5,27,38],
[4,26,38],[2,28,35],[8,31,41],[9,33,41],[10,32,35],[12,31,38],[11,32,38],[7,33,35],[1,5,6],[2,3,4],
[14,16,22],[18,20,24],[3,8,41],[6,9,41],[1,10,35],[5,12,38],[2,7,35],[4,11,38],[3,23,30],[2,19,28],
[1,15,25],[6,21,29],[5,13,27],[4,17,26],[9,23,33],[7,15,33],[12,17,31],[10,19,32],[8,21,31],[11,13,32],
[12,18,25],[9,24,27],[10,20,29],[8,22,28],[11,14,30],[7,16,26],[14,22,33],[18,20,33],[20,24,31],[18,24,32],
[14,16,31],[16,22,32],[2,3,44],[1,6,45],[2,4,45],[3,4,43],[5,6,44],[1,5,43],[27,42,48],[26,34,47],
[25,37,47],[28,40,46],[29,36,46],[30,39,48],[3,10,27],[2,12,29],[6,11,28],[5,7,30],[1,8,26],[4,9,25],
[1,10,45],[3,8,44],[6,9,44],[5,12,43],[2,7,45],[4,11,43],[22,28,46],[20,29,46],[14,30,48],[16,26,47],
[18,25,47],[24,27,48],[22,23,33],[15,20,33],[14,17,31],[16,19,32],[13,18,32],[21,24,31],[3,10,23],[1,8,15],
[4,9,17],[2,12,19],[5,7,13],[6,11,21],[10,23,45],[8,15,44],[9,17,44],[12,19,43],[11,21,43],[7,13,45],
[22,23,46],[15,20,46],[14,17,48],[16,19,47],[21,24,48],[13,18,47],[23,45,46],[15,44,46],[17,44,48],[19,43,47],
[13,45,47],[21,43,48]];
###############################################################

#SurfaceInfo: 100 Vertices, 300 Edges, 200 Faces, IsOrientable=true
 #Vertices of faces:
vof3:=[[98,99,100],[97,98,99],[96,98,100],[95,99,100],[92,93,94],[90,91,93],[88,89,93],[88,92,93],[90,93,94],[89,91,93],
[87,92,94],[86,88,89],[85,90,91],[82,83,84],[81,82,83],[80,82,84],[79,83,84],[77,78,82],[75,76,83],[73,74,84],
[77,81,82],[75,81,83],[78,80,82],[73,79,84],[76,79,83],[74,80,84],[71,72,81],[69,70,79],[67,68,80],[71,77,81],
[72,75,81],[67,78,80],[68,74,80],[69,76,79],[70,73,79],[65,66,87],[63,64,86],[61,62,85],[60,87,92],[59,87,94],
[58,86,89],[57,85,91],[56,85,90],[55,86,88],[54,90,94],[53,89,91],[52,88,92],[60,65,87],[59,66,87],[58,63,86],
[55,64,86],[56,61,85],[57,62,85],[53,58,89],[52,55,88],[52,60,92],[54,59,94],[54,56,90],[53,57,91],[51,71,77],
[50,70,73],[49,72,75],[48,67,78],[47,68,74],[46,69,76],[44,45,53],[42,43,52],[40,41,54],[39,77,78],[38,73,74],
[37,75,76],[36,59,66],[35,58,63],[34,55,64],[33,60,65],[32,57,62],[31,56,61],[44,53,58],[45,53,57],[42,52,55],
[40,54,59],[41,54,56],[43,52,60],[39,51,77],[37,49,75],[37,46,76],[39,48,78],[38,50,73],[38,47,74],[37,44,45],
[39,40,41],[38,42,43],[37,44,49],[37,45,46],[39,41,48],[38,42,47],[39,40,51],[38,43,50],[35,44,58],[32,45,57],
[34,42,55],[33,43,60],[31,41,56],[36,40,59],[36,40,51],[33,43,50],[35,44,49],[32,45,46],[31,41,48],[34,42,47],
[30,69,70],[29,67,68],[28,71,72],[27,51,71],[26,50,70],[25,46,69],[24,49,72],[23,47,68],[22,48,67],[27,28,71],
[26,30,70],[25,30,69],[24,28,72],[22,29,67],[23,29,68],[27,36,51],[26,33,50],[24,35,49],[25,32,46],[22,31,48],
[23,34,47],[20,21,29],[18,19,28],[16,17,30],[15,65,66],[14,61,62],[13,63,64],[12,36,66],[11,33,65],[10,32,62],
[9,31,61],[8,35,63],[7,34,64],[12,15,66],[11,15,65],[10,14,62],[7,13,64],[8,13,63],[9,14,61],[18,27,28],
[20,23,29],[21,22,29],[16,26,30],[17,25,30],[19,24,28],[12,27,36],[11,26,33],[8,24,35],[10,25,32],[7,23,34],
[9,22,31],[5,6,15],[3,4,13],[1,2,14],[5,12,15],[6,11,15],[3,8,13],[1,10,14],[2,9,14],[4,7,13],
[12,18,27],[11,16,26],[8,19,24],[10,17,25],[9,21,22],[7,20,23],[5,12,18],[6,11,16],[3,8,19],[1,10,17],
[4,7,20],[2,9,21],[18,19,97],[16,17,96],[20,21,95],[5,18,97],[6,16,96],[2,21,95],[4,20,95],[3,19,97],
[1,17,96],[5,6,98],[1,2,100],[3,4,99],[5,97,98],[6,96,98],[1,96,100],[4,95,99],[3,97,99],[2,95,100]];
###############################################################

#SurfaceInfo: 30 Vertices, 300 Edges, 200 Faces, IsOrientable=true
 #Vertices of faces:
vof4:=[[28,29,30],[27,28,29],[26,29,30],[25,28,30],[22,23,24],[20,21,24],[19,21,23],[19,22,23],[20,22,24],[19,20,21],
[18,23,24],[17,21,23],[16,21,24],[13,14,15],[12,13,14],[11,14,15],[10,13,15],[9,11,12],[8,10,12],[7,10,11],
[9,12,13],[8,12,14],[9,11,15],[7,10,13],[8,10,15],[7,11,14],[8,9,16],[7,8,17],[7,9,18],[9,13,16],
[8,14,16],[9,15,18],[7,14,18],[8,15,17],[7,13,17],[5,6,11],[4,5,10],[4,6,12],[5,18,24],[6,18,23],
[4,17,23],[4,16,24],[6,16,21],[5,17,21],[6,20,22],[4,19,20],[5,19,22],[5,11,24],[6,11,23],[4,10,23],
[5,10,21],[6,12,21],[4,12,24],[4,17,20],[5,17,22],[5,18,19],[6,18,20],[6,16,22],[4,16,19],[3,13,16],
[2,13,17],[1,14,16],[3,15,18],[2,14,18],[1,15,17],[16,17,25],[17,18,27],[16,18,26],[3,11,12],[2,10,11],
[1,10,12],[11,23,26],[10,23,25],[10,21,27],[11,24,27],[12,24,25],[12,21,26],[17,20,25],[16,19,25],[17,22,27],
[18,20,26],[16,22,26],[18,19,27],[3,11,16],[1,10,16],[1,12,17],[3,12,18],[2,11,17],[2,10,18],[16,17,29],
[16,18,28],[17,18,30],[10,16,29],[12,17,29],[12,18,28],[10,18,30],[11,16,28],[11,17,30],[10,20,25],[12,19,25],
[10,22,27],[11,19,27],[12,22,26],[11,20,26],[11,20,28],[11,19,30],[10,20,29],[12,19,29],[12,22,28],[10,22,30],
[7,8,19],[7,9,22],[8,9,20],[3,13,20],[2,13,19],[1,15,19],[1,14,20],[2,14,22],[3,15,22],[3,8,20],
[2,8,19],[1,7,19],[1,9,20],[3,7,22],[2,9,22],[13,20,28],[13,19,30],[14,20,29],[15,19,29],[15,22,28],
[14,22,30],[2,3,21],[1,3,23],[1,2,24],[5,6,13],[4,6,15],[4,5,14],[13,23,26],[13,24,27],[15,24,25],
[15,21,26],[14,23,25],[14,21,27],[5,13,26],[6,13,27],[6,15,25],[4,14,27],[5,14,25],[4,15,26],[3,8,23],
[2,9,21],[3,7,21],[2,8,24],[1,7,24],[1,9,23],[13,23,28],[13,24,30],[14,23,29],[15,24,29],[14,21,30],
[15,21,28],[8,26,27],[9,25,27],[7,25,26],[5,8,26],[6,8,27],[5,9,25],[6,7,25],[4,7,26],[4,9,27],
[8,23,28],[8,24,30],[9,23,29],[7,24,29],[7,21,28],[9,21,30],[5,8,28],[6,8,30],[5,9,29],[6,7,29],
[4,9,30],[4,7,28],[1,3,5],[1,2,6],[2,3,4],[1,5,28],[1,6,30],[2,4,28],[3,4,30],[3,5,29],
[2,6,29],[1,26,27],[2,25,26],[3,25,27],[1,27,28],[1,26,30],[2,26,29],[3,25,30],[3,27,29],[2,25,28]];
###############################################################

