#SurfaceInfo: 36 Vertices, 216 Edges, 144 Faces, IsOrientable=true
 #Vertices of faces:
vof1:=[[34,35,36],[32,33,35],[31,32,34],[29,30,34],[28,29,36],[26,27,35],[25,26,36],[23,24,35],[22,23,33],[20,21,32],
[20,28,33],[18,19,34],[17,24,34],[15,16,32],[18,22,31],[14,17,30],[15,25,31],[12,13,29],[12,27,30],[19,23,36],
[17,19,35],[18,24,36],[11,16,35],[10,20,29],[14,23,28],[9,17,27],[9,18,25],[8,11,24],[7,12,26],[11,15,26],
[5,6,23],[5,21,24],[15,27,33],[11,27,32],[16,26,33],[10,21,34],[10,30,32],[17,18,23],[8,15,22],[11,13,21],
[13,26,28],[6,10,19],[7,10,16],[5,14,20],[4,8,18],[2,3,17],[4,9,15],[4,16,19],[2,13,24],[20,30,31],
[21,29,31],[7,13,36],[7,25,29],[6,20,22],[3,7,19],[2,9,12],[1,2,11],[1,6,16],[12,25,28],[6,14,33],
[3,12,14],[2,14,27],[1,5,13],[1,3,10],[1,8,21],[3,9,30],[5,22,28],[8,9,31],[2,5,8],[1,4,7],
[3,4,6],[4,22,25],[32,34,35],[29,34,36],[26,35,36],[23,33,35],[20,32,33],[18,31,34],[17,30,34],[15,31,32],
[12,29,30],[23,28,36],[17,27,35],[18,25,36],[11,24,35],[20,28,29],[12,26,27],[15,25,26],[5,23,24],[15,22,33],
[11,21,32],[26,28,33],[10,19,34],[21,24,34],[10,16,32],[18,22,23],[5,20,21],[4,18,19],[2,17,24],[4,15,16],
[20,22,31],[14,20,30],[25,29,31],[13,21,29],[27,30,32],[7,19,36],[16,19,35],[13,24,36],[7,10,29],[14,17,23],
[2,12,13],[6,19,23],[3,17,19],[8,18,24],[1,11,16],[6,10,20],[12,14,28],[9,15,27],[9,12,25],[7,16,26],
[11,13,26],[14,27,33],[6,16,33],[9,17,18],[8,11,15],[3,7,12],[1,5,6],[2,11,27],[1,10,21],[3,10,30],
[5,8,22],[5,13,28],[9,30,31],[8,21,31],[2,5,14],[1,4,8],[1,2,3],[3,4,9],[1,7,13],[4,7,25],
[4,6,22],[22,25,28],[2,8,9],[3,6,14]];
###############################################################

#SurfaceInfo: 54 Vertices, 216 Edges, 144 Faces, IsOrientable=true
 #Vertices of faces:
vof2:=[[52,53,54],[50,51,53],[49,50,52],[47,48,54],[46,47,53],[44,45,54],[43,44,52],[41,42,51],[40,41,50],[38,39,51],
[37,38,53],[35,36,49],[33,34,48],[31,32,49],[30,35,50],[30,33,47],[29,31,52],[27,28,48],[26,27,54],[24,25,46],
[22,23,45],[20,21,43],[19,23,42],[18,37,46],[17,24,47],[22,40,44],[17,20,44],[19,41,43],[16,26,45],[15,29,43],
[14,25,42],[14,33,51],[12,13,40],[11,27,39],[10,16,37],[14,34,36],[11,26,32],[17,30,40],[12,15,41],[27,29,38],
[10,15,38],[14,35,46],[26,31,37],[9,33,39],[19,21,36],[8,23,34],[13,22,32],[19,22,49],[8,20,48],[7,9,30],
[6,28,29],[8,21,25],[6,18,31],[7,18,35],[8,24,45],[5,20,28],[4,11,23],[4,10,42],[3,5,17],[4,13,16],
[3,16,24],[4,12,39],[2,10,25],[1,11,34],[1,6,36],[1,7,32],[2,5,15],[1,9,28],[5,9,12],[2,6,21],
[3,7,13],[2,3,18],[50,52,53],[47,53,54],[44,52,54],[41,50,51],[38,51,53],[35,49,50],[33,47,48],[31,49,52],
[27,48,54],[24,46,47],[22,44,45],[20,43,44],[19,41,42],[37,46,53],[26,45,54],[29,43,52],[14,42,51],[12,40,41],
[27,38,39],[10,37,38],[14,35,36],[14,33,34],[26,31,32],[30,40,50],[33,39,51],[19,36,49],[8,34,48],[22,32,49],
[7,30,35],[9,30,33],[6,29,31],[27,28,29],[11,26,27],[8,24,25],[19,22,23],[8,20,21],[18,31,37],[17,30,47],
[20,28,48],[14,25,46],[8,23,45],[19,21,43],[4,23,42],[18,35,46],[3,17,24],[13,22,40],[5,17,20],[16,26,37],
[15,29,38],[4,12,13],[4,10,16],[17,40,44],[15,41,43],[16,24,45],[10,25,42],[4,11,39],[1,34,36],[1,11,32],
[5,12,15],[2,10,15],[1,7,9],[1,6,28],[9,12,39],[6,21,36],[11,23,34],[7,13,32],[2,21,25],[2,6,18],
[3,7,18],[2,3,5],[5,9,28],[3,13,16]];
###############################################################

