#SurfaceInfo: 36 Vertices, 180 Edges, 120 Faces, IsOrientable=true
 #Vertices of faces:
vof1:=[[34,35,36],[33,34,35],[32,35,36],[31,34,36],[28,29,30],[25,26,27],[22,23,24],[21,22,23],[20,23,24],[19,22,24],
[18,21,22],[17,20,24],[16,21,23],[15,19,22],[14,20,23],[13,19,24],[15,28,29],[16,28,30],[17,29,30],[14,25,26],
[13,26,27],[18,25,27],[12,17,29],[11,15,28],[10,16,30],[9,18,27],[8,13,26],[7,14,25],[18,21,25],[16,21,28],
[17,20,30],[13,19,27],[14,20,26],[15,19,29],[27,28,31],[25,30,33],[26,29,32],[5,6,22],[3,4,24],[1,2,23],
[12,18,22],[11,14,23],[10,13,24],[9,17,24],[8,16,23],[7,15,22],[5,12,22],[3,9,24],[6,7,22],[1,11,23],
[2,8,23],[4,10,24],[12,18,29],[11,14,28],[10,13,30],[9,17,27],[7,15,25],[8,16,26],[20,30,33],[20,26,32],
[19,29,32],[19,27,31],[21,25,33],[21,28,31],[26,29,34],[27,28,35],[25,30,36],[5,6,20],[1,2,19],[3,4,21],
[3,11,15],[6,10,16],[4,7,14],[1,9,18],[5,8,13],[2,12,17],[2,3,6],[1,4,5],[3,6,11],[1,5,9],
[2,6,10],[1,4,7],[2,3,12],[4,5,8],[18,29,34],[15,25,36],[14,28,35],[16,26,34],[13,30,36],[17,27,35],
[6,20,33],[5,20,32],[2,19,32],[3,21,31],[4,21,33],[1,19,31],[1,11,18],[3,9,15],[4,10,14],[6,7,16],
[5,12,13],[2,8,17],[11,18,34],[9,15,36],[10,14,35],[7,16,34],[8,17,35],[12,13,36],[6,11,33],[5,9,32],
[2,10,32],[1,7,31],[4,8,33],[3,12,31],[11,33,34],[9,32,36],[10,32,35],[7,31,34],[12,31,36],[8,33,35]];
###############################################################

#SurfaceInfo: 24 Vertices, 192 Edges, 128 Faces, IsOrientable=true
 #Vertices of faces:
vof2:=[[22,23,24],[21,22,23],[20,23,24],[19,22,24],[16,17,18],[15,16,17],[14,17,18],[13,16,18],[12,14,15],[11,13,15],
[10,13,14],[12,15,16],[11,15,17],[12,14,18],[10,13,16],[10,14,17],[11,13,18],[12,16,20],[11,17,20],[10,17,21],
[12,18,21],[11,18,19],[10,16,19],[7,8,9],[5,6,9],[4,6,8],[4,5,6],[4,7,8],[5,7,9],[11,12,20],
[10,12,21],[10,11,19],[3,6,9],[2,6,8],[1,8,9],[1,9,10],[3,9,11],[3,6,12],[1,8,12],[2,6,10],
[2,8,11],[4,5,11],[5,7,12],[4,7,10],[10,11,23],[10,12,24],[11,12,22],[9,11,22],[6,12,22],[8,12,24],
[8,11,23],[6,10,23],[9,10,24],[1,4,10],[2,7,10],[1,5,12],[3,4,11],[2,5,11],[3,7,12],[1,3,17],
[1,2,18],[2,3,16],[9,14,15],[8,13,14],[6,13,15],[9,16,20],[9,18,21],[6,17,20],[8,17,21],[8,16,19],
[6,18,19],[9,14,20],[9,15,21],[6,13,20],[8,13,21],[6,15,19],[8,14,19],[9,16,22],[9,18,24],[6,18,23],
[6,17,22],[8,16,23],[8,17,24],[3,4,16],[3,7,17],[1,5,17],[1,4,18],[2,5,16],[2,7,18],[4,20,21],
[7,19,20],[5,19,21],[4,14,20],[4,15,21],[7,15,19],[5,13,21],[5,14,19],[7,13,20],[4,16,22],[4,18,24],
[7,18,23],[7,17,22],[5,17,24],[5,16,23],[4,14,22],[4,15,24],[7,15,23],[5,14,23],[7,13,22],[5,13,24],
[2,3,14],[1,2,15],[1,3,13],[2,14,22],[2,15,24],[3,13,24],[1,13,22],[1,15,23],[3,14,23],[2,20,21],
[3,19,21],[1,19,20],[2,21,22],[2,20,24],[3,21,23],[1,19,22],[1,20,23],[3,19,24]];
###############################################################

#SurfaceInfo: 64 Vertices, 192 Edges, 128 Faces, IsOrientable=true
 #Vertices of faces:
vof3:=[[62,63,64],[61,62,63],[60,62,64],[59,63,64],[56,57,58],[55,56,57],[54,56,58],[53,57,58],[51,52,56],[49,50,57],
[47,48,58],[51,55,56],[49,55,57],[52,54,56],[47,53,58],[48,54,58],[50,53,57],[46,51,55],[45,49,55],[44,48,54],
[43,52,54],[42,50,53],[41,47,53],[38,39,40],[36,37,39],[34,35,39],[34,36,39],[35,38,39],[37,39,40],[45,46,55],
[43,44,54],[41,42,53],[33,36,37],[32,34,35],[31,38,40],[30,31,38],[29,33,36],[28,33,37],[27,31,40],[26,32,35],
[25,32,34],[24,34,36],[23,37,40],[22,35,38],[32,41,42],[31,43,44],[33,45,46],[29,33,46],[28,33,45],[27,31,44],
[25,32,41],[26,32,42],[30,31,43],[22,30,38],[22,26,35],[23,27,40],[24,29,36],[24,25,34],[23,28,37],[20,21,23],
[18,19,22],[16,17,24],[15,51,52],[14,47,48],[13,49,50],[12,46,51],[11,43,52],[10,45,49],[9,44,48],[8,41,47],
[7,42,50],[12,15,51],[11,15,52],[10,13,49],[9,14,48],[7,13,50],[8,14,47],[12,29,46],[11,30,43],[7,26,42],
[10,28,45],[8,25,41],[9,27,44],[16,24,29],[20,23,28],[21,23,27],[18,22,30],[17,24,25],[19,22,26],[5,6,15],
[3,4,13],[1,2,14],[5,12,15],[6,11,15],[3,7,13],[1,9,14],[2,8,14],[4,10,13],[12,16,29],[11,18,30],
[7,19,26],[10,20,28],[9,21,27],[8,17,25],[5,12,16],[6,11,18],[3,7,19],[2,8,17],[4,10,20],[1,9,21],
[16,17,61],[18,19,60],[20,21,59],[5,16,61],[6,18,60],[1,21,59],[4,20,59],[3,19,60],[2,17,61],[5,6,62],
[1,2,63],[3,4,64],[5,61,62],[6,60,62],[2,61,63],[4,59,64],[3,60,64],[1,59,63]];
###############################################################

#SurfaceInfo: 75 Vertices, 225 Edges, 150 Faces, IsOrientable=true
 #Vertices of faces:
vof4:=[[73,74,75],[72,73,74],[71,73,75],[70,74,75],[67,68,69],[64,65,66],[61,62,63],[58,59,60],[55,56,57],[52,53,54],
[51,59,65],[50,53,56],[49,62,68],[49,67,68],[51,64,65],[49,61,62],[51,58,59],[50,55,56],[50,52,53],[47,48,50],
[45,46,51],[43,44,49],[45,51,58],[43,49,67],[44,49,61],[47,50,55],[48,50,52],[46,51,64],[42,47,55],[41,46,64],
[40,44,61],[39,45,58],[38,43,67],[37,48,52],[36,67,69],[35,64,66],[34,61,63],[33,55,57],[32,58,60],[31,52,54],
[32,33,36],[31,34,35],[31,35,66],[34,35,63],[31,34,54],[32,33,57],[32,36,60],[33,36,69],[35,41,64],[34,40,61],
[33,42,55],[36,38,67],[31,37,52],[32,39,58],[33,42,69],[31,37,66],[35,41,63],[34,40,54],[32,39,57],[36,38,60],
[30,68,69],[29,65,66],[28,59,60],[27,62,63],[26,53,54],[25,56,57],[24,59,65],[23,62,68],[22,53,56],[23,30,68],
[24,29,65],[24,28,59],[23,27,62],[22,25,56],[22,26,53],[30,42,69],[29,37,66],[27,41,63],[26,40,54],[25,39,57],
[28,38,60],[20,21,22],[18,19,23],[16,17,24],[15,47,48],[14,45,46],[13,43,44],[12,42,47],[11,37,48],[10,40,44],
[9,39,45],[8,41,46],[7,38,43],[12,15,47],[11,15,48],[9,14,45],[10,13,44],[7,13,43],[8,14,46],[18,23,30],
[20,22,26],[21,22,25],[16,24,29],[17,24,28],[19,23,27],[12,30,42],[11,29,37],[8,27,41],[10,26,40],[7,28,38],
[9,25,39],[5,6,15],[3,4,14],[1,2,13],[5,12,15],[6,11,15],[3,8,14],[4,9,14],[1,7,13],[2,10,13],
[12,18,30],[11,16,29],[8,19,27],[10,20,26],[9,21,25],[7,17,28],[5,12,18],[6,11,16],[3,8,19],[1,7,17],
[4,9,21],[2,10,20],[18,19,72],[16,17,71],[20,21,70],[5,18,72],[6,16,71],[2,20,70],[4,21,70],[3,19,72],
[1,17,71],[5,6,73],[1,2,75],[3,4,74],[5,72,73],[6,71,73],[1,71,75],[4,70,74],[3,72,74],[2,70,75]];
###############################################################

#SurfaceInfo: 81 Vertices, 243 Edges, 162 Faces, IsOrientable=true
 #Vertices of faces:
vof5:=[[79,80,81],[78,79,80],[77,79,81],[76,80,81],[73,74,75],[71,72,74],[70,71,73],[71,73,74],[69,74,75],[68,72,74],
[67,73,75],[66,70,73],[65,70,71],[64,71,72],[63,69,75],[62,66,70],[61,67,75],[60,65,70],[59,64,72],[58,68,72],
[68,69,74],[64,65,71],[66,67,73],[58,59,72],[61,63,75],[60,62,70],[55,56,57],[54,55,56],[53,56,57],[52,55,57],
[50,51,55],[48,49,56],[46,47,57],[50,54,55],[48,54,56],[46,53,57],[47,52,57],[51,52,55],[49,53,56],[44,45,52],
[42,43,54],[40,41,53],[42,50,54],[43,48,54],[40,46,53],[41,49,53],[44,51,52],[45,47,52],[39,44,51],[38,41,49],
[37,42,50],[36,43,48],[35,45,47],[34,40,46],[33,50,51],[32,48,49],[31,46,47],[31,34,46],[33,39,51],[33,37,50],
[32,36,48],[31,35,47],[32,38,49],[31,60,62],[33,58,59],[32,61,63],[33,39,58],[31,35,62],[32,36,61],[31,34,60],
[33,37,59],[32,38,63],[30,68,69],[29,66,67],[28,64,65],[27,62,66],[26,61,67],[25,59,64],[24,60,65],[23,58,68],
[22,63,69],[22,30,69],[23,30,68],[27,29,66],[24,28,65],[25,28,64],[26,29,67],[27,35,62],[26,36,61],[24,34,60],
[25,37,59],[22,38,63],[23,39,58],[20,21,28],[18,19,29],[16,17,30],[15,44,45],[14,40,41],[13,42,43],[12,39,44],
[11,35,45],[10,36,43],[9,37,42],[8,34,40],[7,38,41],[12,15,44],[11,15,45],[7,14,41],[9,13,42],[10,13,43],
[8,14,40],[20,25,28],[21,24,28],[18,27,29],[19,26,29],[16,23,30],[17,22,30],[12,23,39],[11,27,35],[10,26,36],
[9,25,37],[7,22,38],[8,24,34],[5,6,15],[3,4,13],[1,2,14],[5,12,15],[6,11,15],[3,10,13],[1,7,14],
[2,8,14],[4,9,13],[12,16,23],[11,18,27],[10,19,26],[9,20,25],[8,21,24],[7,17,22],[5,12,16],[6,11,18],
[3,10,19],[1,7,17],[4,9,20],[2,8,21],[16,17,78],[18,19,77],[20,21,76],[5,16,78],[6,18,77],[2,21,76],
[4,20,76],[3,19,77],[1,17,78],[5,6,79],[1,2,80],[3,4,81],[5,78,79],[6,77,79],[1,78,80],[4,76,81],
[3,77,81],[2,76,80]];
###############################################################

#SurfaceInfo: 27 Vertices, 243 Edges, 162 Faces, IsOrientable=true
 #Vertices of faces:
vof6:=[[25,26,27],[24,25,26],[23,26,27],[22,25,27],[19,20,21],[17,18,20],[16,17,19],[17,19,20],[15,19,21],[15,17,18],
[14,20,21],[14,16,17],[13,16,19],[13,18,20],[12,15,19],[11,14,17],[12,14,20],[11,13,19],[10,13,20],[10,15,17],
[15,18,21],[13,16,18],[14,16,21],[10,13,15],[12,14,15],[11,13,14],[7,8,9],[6,7,8],[5,7,9],[4,8,9],
[3,4,6],[2,5,6],[1,4,5],[3,6,7],[2,6,8],[1,5,7],[1,4,8],[3,4,9],[2,5,9],[1,3,13],
[2,3,15],[1,2,14],[3,7,15],[2,8,15],[1,7,14],[2,9,14],[3,9,13],[1,8,13],[9,13,23],[9,14,22],
[7,15,23],[8,15,22],[8,13,24],[7,14,24],[4,6,23],[5,6,22],[4,5,24],[4,14,24],[6,13,23],[4,15,23],
[5,15,22],[5,13,24],[6,14,22],[13,14,27],[13,15,25],[14,15,26],[6,13,25],[5,13,27],[5,15,26],[4,14,27],
[4,15,25],[6,14,26],[6,18,21],[5,16,21],[4,16,18],[5,11,17],[5,12,20],[4,10,20],[4,11,19],[6,10,17],
[6,12,19],[6,12,18],[6,10,21],[5,11,21],[4,11,18],[4,10,16],[5,12,16],[5,17,27],[5,20,26],[4,19,27],
[4,20,25],[6,19,26],[6,17,25],[7,10,11],[8,11,12],[9,10,12],[1,3,17],[1,2,19],[2,3,20],[9,17,23],
[8,17,24],[8,20,22],[7,20,23],[7,19,24],[9,19,22],[1,17,23],[3,17,24],[1,19,22],[2,20,23],[3,20,22],
[2,19,24],[7,10,16],[7,11,18],[8,11,21],[8,12,16],[9,10,21],[9,12,18],[9,17,25],[8,17,27],[8,20,26],
[7,20,25],[9,19,26],[7,19,27],[21,23,24],[16,22,23],[18,22,24],[1,21,23],[3,21,24],[3,16,22],[1,18,22],
[2,18,24],[2,16,23],[9,21,25],[8,21,27],[8,16,26],[7,16,25],[7,18,27],[9,18,26],[1,21,25],[3,21,27],
[3,16,26],[1,18,26],[2,16,25],[2,18,27],[1,10,12],[3,11,12],[2,10,11],[1,12,25],[3,12,27],[2,10,27],
[2,11,25],[3,11,26],[1,10,26],[12,23,24],[10,22,24],[11,22,23],[12,24,25],[12,23,27],[10,24,26],[11,22,25],
[11,23,26],[10,22,27]];
###############################################################

#SurfaceInfo: 63 Vertices, 252 Edges, 168 Faces, IsOrientable=false
 #Vertices of faces:
vof7:=[[61,62,63],[60,61,62],[59,61,63],[58,62,63],[55,56,57],[52,53,54],[49,50,51],[46,47,48],[43,44,45],[42,43,44],
[41,46,47],[38,39,40],[37,38,39],[34,35,36],[31,32,33],[30,31,32],[27,28,29],[26,34,35],[25,27,28],[47,48,53],
[39,40,50],[44,45,53],[42,43,50],[37,38,56],[41,46,56],[47,52,53],[43,49,50],[46,55,56],[38,56,57],[39,50,51],
[44,53,54],[23,24,53],[21,22,50],[19,20,56],[18,43,45],[17,41,47],[16,37,39],[15,42,44],[14,46,48],[13,38,40],
[14,15,16],[13,17,18],[12,18,35],[11,17,32],[10,14,31],[9,16,28],[8,15,34],[7,13,27],[12,20,35],[11,22,32],
[10,21,31],[9,24,28],[7,23,27],[8,19,34],[12,18,43],[10,14,46],[11,17,47],[7,13,38],[8,15,44],[9,16,39],
[13,18,40],[17,18,45],[14,16,37],[13,17,41],[14,15,48],[15,16,42],[23,48,53],[21,40,50],[19,41,56],[20,37,56],
[24,45,53],[22,42,50],[18,35,36],[17,32,33],[14,30,31],[16,28,29],[13,25,27],[15,26,34],[43,49,55],[46,49,55],
[47,51,52],[38,54,57],[44,54,57],[39,51,52],[10,25,28],[8,31,33],[9,34,36],[11,26,35],[7,30,32],[12,27,29],
[6,23,27],[5,21,31],[4,19,34],[3,20,35],[2,24,28],[1,22,32],[2,10,28],[3,11,35],[1,7,32],[5,8,31],
[4,9,34],[6,12,27],[6,23,48],[5,21,40],[2,24,45],[3,20,37],[1,22,42],[4,19,41],[10,21,25],[12,20,29],
[8,19,33],[9,24,36],[11,22,26],[7,23,30],[12,43,55],[10,46,49],[11,47,51],[7,38,54],[9,39,52],[8,44,57],
[15,26,48],[18,36,40],[17,33,45],[14,30,37],[16,29,42],[13,25,41],[19,20,58],[21,22,60],[23,24,59],[22,26,60],
[24,36,59],[19,33,58],[23,30,59],[21,25,60],[20,29,58],[6,26,48],[5,36,40],[2,33,45],[3,30,37],[4,25,41],
[1,29,42],[6,12,55],[5,8,57],[2,10,49],[3,11,51],[4,9,52],[1,7,54],[55,57,61],[49,51,63],[52,54,62],
[6,55,61],[5,57,61],[2,49,63],[3,51,63],[1,54,62],[4,52,62],[6,26,60],[5,36,59],[2,33,58],[3,30,59],
[1,29,58],[4,25,60],[6,60,61],[5,59,61],[2,58,63],[3,59,63],[4,60,62],[1,58,62]];
###############################################################

#SurfaceInfo: 56 Vertices, 252 Edges, 168 Faces, IsOrientable=true
 #Vertices of faces:
vof8:=[[54,55,56],[53,54,55],[52,55,56],[51,54,56],[48,49,50],[45,46,47],[42,43,44],[39,40,41],[36,37,38],[33,34,35],
[30,31,32],[27,28,29],[26,31,49],[26,28,49],[25,27,50],[25,30,50],[24,32,48],[24,29,48],[21,22,23],[19,20,23],
[17,18,23],[21,22,26],[17,18,25],[19,20,24],[16,21,46],[15,19,47],[14,22,44],[13,17,45],[12,18,43],[11,20,42],
[26,31,34],[25,27,35],[25,30,40],[24,32,38],[26,28,37],[24,29,41],[10,20,23],[9,19,23],[9,18,23],[8,17,23],
[10,21,23],[8,22,23],[16,21,26],[15,19,24],[14,22,26],[13,17,25],[11,20,24],[12,18,25],[30,31,34],[27,28,35],
[30,32,40],[28,29,37],[27,29,41],[31,32,38],[7,39,40],[6,36,37],[5,33,34],[4,39,41],[3,36,38],[2,33,35],
[21,45,46],[20,42,43],[19,46,47],[18,43,44],[17,45,47],[22,42,44],[7,20,39],[6,19,36],[5,18,33],[4,17,39],
[2,21,33],[3,22,36],[16,32,48],[15,30,50],[13,31,49],[14,27,50],[11,28,49],[12,29,48],[10,48,49],[9,48,50],
[8,49,50],[1,34,35],[1,37,38],[1,40,41],[10,13,49],[9,14,50],[9,16,48],[8,11,49],[8,15,50],[10,12,48],
[20,39,43],[19,36,46],[18,33,44],[17,39,47],[22,36,42],[21,33,45],[7,32,40],[5,30,34],[3,31,38],[6,29,37],
[4,27,41],[2,28,35],[7,10,20],[6,9,19],[5,9,18],[4,8,17],[3,8,22],[2,10,21],[14,26,34],[13,25,35],
[12,25,40],[11,24,38],[16,26,37],[15,24,41],[16,32,46],[15,30,47],[13,31,45],[14,27,44],[12,29,43],[11,28,42],
[1,35,53],[1,38,53],[1,40,51],[1,41,52],[1,34,52],[1,37,51],[13,35,53],[14,34,52],[16,37,51],[11,38,53],
[12,40,51],[15,41,52],[7,10,13],[6,9,14],[5,9,16],[4,8,11],[2,10,12],[3,8,15],[7,32,46],[6,29,43],
[5,30,47],[4,27,44],[2,28,42],[3,31,45],[36,46,54],[39,43,56],[39,47,56],[33,44,55],[33,45,55],[36,42,54],
[7,46,54],[6,43,56],[5,47,56],[4,44,55],[3,45,55],[2,42,54],[7,13,53],[6,14,52],[5,16,51],[4,11,53],
[3,15,52],[2,12,51],[7,53,54],[6,52,56],[5,51,56],[4,53,55],[2,51,54],[3,52,55]];
###############################################################

#SurfaceInfo: 72 Vertices, 252 Edges, 168 Faces, IsOrientable=true
 #Vertices of faces:
vof9:=[[70,71,72],[69,70,71],[68,71,72],[67,70,72],[64,65,66],[62,63,65],[61,62,64],[59,60,64],[57,58,65],[56,57,65],
[54,55,62],[53,59,64],[52,54,62],[62,64,65],[50,51,66],[49,50,66],[47,48,63],[45,46,61],[44,47,63],[43,45,61],
[42,59,60],[41,52,54],[40,57,58],[39,56,57],[38,54,55],[37,53,59],[60,64,66],[58,65,66],[56,63,65],[53,61,64],
[52,61,62],[55,62,63],[35,36,47],[33,34,50],[31,32,45],[35,36,59],[31,32,57],[33,34,54],[30,38,42],[29,37,39],
[28,40,41],[27,42,60],[26,40,58],[25,41,52],[24,39,56],[23,37,53],[22,38,55],[21,49,50],[20,47,48],[19,43,45],
[18,50,51],[17,44,47],[16,45,46],[24,25,27],[22,23,26],[19,20,21],[16,17,18],[20,36,47],[21,33,50],[16,32,45],
[19,31,45],[17,35,47],[18,34,50],[20,21,49],[17,18,44],[16,17,46],[16,18,51],[19,20,48],[19,21,43],[25,28,41],
[24,29,39],[23,29,37],[27,30,42],[22,30,38],[26,28,40],[35,42,59],[33,38,54],[34,41,54],[31,40,57],[36,37,59],
[32,39,57],[51,60,66],[49,58,66],[46,52,61],[44,56,63],[48,55,63],[43,53,61],[15,25,27],[14,22,26],[13,24,25],
[12,24,27],[11,23,26],[10,22,23],[15,27,60],[14,26,58],[13,25,52],[12,24,56],[10,22,55],[11,23,53],[9,38,42],
[8,40,41],[7,37,39],[9,35,42],[9,33,38],[7,36,37],[8,34,41],[7,32,39],[8,31,40],[15,51,60],[14,49,58],
[13,46,52],[12,44,56],[11,43,53],[10,48,55],[13,24,29],[10,23,29],[12,27,30],[14,22,30],[11,26,28],[15,25,28],
[6,17,35],[5,20,36],[4,21,33],[3,18,34],[2,16,32],[1,19,31],[5,20,49],[4,21,43],[3,18,44],[2,16,51],
[1,19,48],[6,17,46],[6,13,46],[1,10,48],[3,12,44],[5,14,49],[2,15,51],[4,11,43],[6,9,35],[1,8,31],
[3,8,34],[2,7,32],[4,9,33],[5,7,36],[13,29,69],[10,29,69],[12,30,68],[14,30,68],[15,28,67],[11,28,67],
[6,13,69],[1,10,69],[3,12,68],[5,14,68],[4,11,67],[2,15,67],[6,9,70],[4,9,70],[1,8,71],[3,8,71],
[5,7,72],[2,7,72],[6,69,70],[1,69,71],[3,68,71],[5,68,72],[2,67,72],[4,67,70]];
###############################################################

#SurfaceInfo: 42 Vertices, 273 Edges, 182 Faces, IsOrientable=false
 #Vertices of faces:
vof10:=[[40,41,42],[39,40,41],[38,41,42],[37,40,42],[34,35,36],[31,32,33],[29,30,32],[27,28,30],[25,26,33],[23,24,26],
[22,24,28],[29,31,32],[22,27,28],[23,25,26],[21,26,36],[20,32,35],[19,32,35],[18,28,34],[17,26,36],[16,28,34],
[15,19,32],[15,17,26],[14,16,28],[14,20,32],[13,21,26],[13,18,28],[14,27,32],[15,25,32],[13,22,26],[13,23,28],
[14,28,29],[15,26,31],[12,13,23],[11,13,22],[10,14,27],[9,15,25],[8,14,29],[7,15,31],[5,6,30],[3,4,30],
[3,4,24],[1,2,24],[1,2,33],[5,6,33],[11,33,37],[12,30,38],[9,30,38],[10,33,37],[8,24,39],[7,24,39],
[5,31,33],[4,27,30],[1,25,33],[3,22,24],[2,23,24],[6,29,30],[11,32,33],[12,30,32],[9,28,30],[10,26,33],
[7,24,28],[8,24,26],[11,19,22],[10,17,27],[9,16,25],[7,18,31],[8,21,29],[12,20,23],[30,34,35],[24,34,36],
[33,35,36],[1,24,34],[5,30,34],[3,30,35],[4,24,36],[6,33,36],[2,33,35],[12,13,38],[11,13,37],[10,14,37],
[8,14,39],[7,15,39],[9,15,38],[11,27,32],[12,25,32],[9,23,28],[10,22,26],[8,26,31],[7,28,29],[6,21,29],
[3,19,22],[4,17,27],[1,16,25],[5,18,31],[2,20,23],[19,21,36],[17,20,35],[16,19,35],[17,18,36],[16,21,34],
[18,20,34],[15,19,41],[15,17,41],[14,16,40],[14,20,40],[13,18,42],[13,21,42],[11,19,36],[10,17,35],[9,16,35],
[7,18,36],[12,20,34],[8,21,34],[13,29,31],[14,23,25],[15,22,27],[14,25,39],[13,31,38],[13,29,37],[15,22,38],
[15,27,39],[14,23,37],[5,8,34],[3,10,35],[2,9,35],[4,11,36],[6,7,36],[1,12,34],[18,20,40],[19,21,41],
[17,20,41],[16,19,40],[16,21,42],[17,18,42],[5,18,27],[6,21,25],[4,17,23],[1,16,22],[2,20,31],[3,19,29],
[11,18,27],[12,21,25],[9,17,23],[10,16,22],[7,19,29],[8,20,31],[11,18,40],[10,16,42],[8,20,41],[7,19,40],
[9,17,42],[12,21,41],[5,27,39],[1,22,38],[2,31,38],[3,29,37],[4,23,37],[6,25,39],[1,11,12],[5,8,10],
[3,8,10],[2,7,9],[6,7,9],[4,11,12],[1,11,40],[5,10,42],[3,8,41],[2,7,40],[4,12,41],[6,9,42],
[1,5,39],[1,5,38],[2,3,38],[2,3,37],[4,6,39],[4,6,37],[1,39,40],[5,38,42],[3,38,41],[2,37,40],
[6,37,42],[4,39,41]];
###############################################################

