#SurfaceInfo: 36 Vertices, 216 Edges, 144 Faces, IsOrientable=true
 #Vertices of faces:
vof1:=[[34,35,36],[33,34,35],[32,35,36],[31,34,36],[28,29,30],[26,27,29],[25,26,28],[26,28,29],[24,28,30],[23,25,26],
[22,27,29],[21,24,30],[20,22,27],[19,23,25],[16,17,18],[13,14,15],[10,11,12],[7,8,9],[6,16,17],[5,10,11],
[4,13,14],[13,25,28],[16,29,30],[10,26,27],[3,19,25],[2,21,30],[1,20,27],[8,21,25],[7,20,30],[9,19,27],
[10,12,32],[16,18,33],[13,15,31],[16,19,23],[10,21,24],[13,20,22],[10,13,16],[10,13,32],[10,16,33],[13,16,31],
[10,21,27],[16,19,30],[13,20,25],[6,16,23],[4,13,22],[5,10,24],[3,21,25],[1,19,27],[2,20,30],[4,7,8],
[5,8,9],[6,7,9],[6,17,21],[4,14,19],[5,11,20],[9,13,28],[7,10,26],[8,16,29],[3,11,19],[2,14,21],
[1,17,20],[2,18,33],[3,15,31],[1,12,32],[8,21,35],[9,19,34],[7,20,36],[7,15,30],[9,18,27],[8,12,25],
[22,23,24],[12,15,18],[15,18,27],[12,18,25],[12,15,30],[1,8,12],[2,9,18],[3,7,15],[4,11,19],[6,14,21],
[5,17,20],[1,17,32],[3,11,31],[2,14,33],[6,9,28],[5,8,29],[4,7,26],[4,8,35],[6,7,36],[5,9,34],
[6,22,23],[5,23,24],[4,22,24],[21,27,35],[20,25,36],[19,30,34],[3,17,21],[2,11,20],[1,14,19],[9,13,32],
[8,16,31],[7,10,33],[5,14,15],[6,11,12],[4,17,18],[5,15,23],[6,12,22],[4,18,24],[6,11,28],[4,17,26],
[5,14,29],[4,11,35],[5,17,34],[6,14,36],[1,14,33],[2,11,31],[3,17,32],[3,7,33],[2,9,32],[1,8,31],
[15,27,35],[12,30,34],[18,25,36],[1,24,28],[3,22,29],[2,23,26],[1,24,31],[2,23,32],[3,22,33],[1,28,33],
[3,29,32],[2,26,31],[11,28,35],[14,29,36],[17,26,34],[15,23,35],[18,24,36],[12,22,34],[23,32,35],[22,33,34],
[24,31,36],[28,33,35],[26,31,34],[29,32,36]];
###############################################################

