#SurfaceInfo: 42 Vertices, 252 Edges, 168 Faces, IsOrientable=true
 #Vertices of faces:
vof1:=[[40,41,42],[39,40,41],[38,41,42],[37,40,42],[34,35,36],[32,33,36],[31,33,35],[28,29,30],[25,26,27],[22,23,24],
[19,20,21],[16,17,18],[13,14,15],[11,12,17],[9,10,14],[7,8,20],[6,9,21],[5,11,15],[4,7,18],[13,16,38],
[13,19,37],[16,19,39],[3,16,29],[2,19,26],[1,13,23],[9,13,14],[11,16,17],[7,19,20],[7,16,18],[9,19,21],
[11,13,15],[5,11,12],[4,7,8],[6,9,10],[2,19,39],[1,13,37],[3,16,38],[19,26,37],[16,29,39],[13,23,38],
[3,28,29],[1,22,23],[2,25,26],[20,21,25],[14,15,22],[17,18,28],[10,14,34],[8,20,32],[12,17,31],[6,21,27],
[4,18,30],[5,15,24],[13,16,40],[16,19,42],[13,19,41],[24,28,30],[25,27,30],[22,24,27],[29,30,34],[23,24,32],
[26,27,31],[1,34,35],[3,31,33],[2,32,36],[7,34,36],[11,32,33],[9,31,35],[12,35,36],[8,33,35],[10,33,36],
[22,25,28],[6,26,28],[5,23,25],[4,22,29],[8,10,12],[1,4,10],[2,5,8],[3,6,12],[21,25,28],[18,22,28],
[15,22,25],[5,20,25],[6,17,28],[4,14,22],[8,10,34],[10,12,31],[8,12,32],[2,5,24],[3,6,27],[1,4,30],
[6,12,35],[5,8,33],[4,10,36],[2,7,36],[1,9,35],[3,11,33],[20,24,32],[17,27,31],[14,30,34],[21,24,27],
[18,27,30],[15,24,30],[24,26,28],[22,27,29],[23,25,30],[7,29,34],[9,26,31],[11,23,32],[5,12,36],[6,10,33],
[4,8,35],[7,16,40],[11,13,41],[9,19,42],[9,13,40],[7,19,41],[11,16,42],[3,28,31],[2,25,32],[1,22,34],
[6,26,37],[5,23,38],[4,29,39],[2,8,39],[3,12,38],[1,10,37],[21,28,31],[15,25,32],[18,22,34],[5,20,36],
[4,14,35],[6,17,33],[9,26,40],[11,23,42],[7,29,41],[10,31,37],[12,32,38],[8,34,39],[20,24,26],[14,23,30],
[17,27,29],[2,7,40],[1,9,42],[3,11,41],[2,21,24],[1,15,30],[3,18,27],[4,36,39],[6,35,37],[5,33,38],
[2,21,40],[3,18,41],[1,15,42],[21,31,37],[18,34,39],[15,32,38],[20,26,40],[17,29,41],[14,23,42],[20,36,39],
[17,33,38],[14,35,37],[20,39,40],[14,37,42],[17,38,41],[21,37,40],[15,38,42],[18,39,41]];
###############################################################

#SurfaceInfo: 84 Vertices, 252 Edges, 168 Faces, IsOrientable=true
 #Vertices of faces:
vof2:=[[82,83,84],[81,82,83],[80,82,84],[79,83,84],[76,77,78],[73,74,75],[70,71,72],[67,68,69],[66,74,77],[65,68,76],
[64,71,78],[61,62,63],[59,60,62],[57,58,61],[55,56,63],[52,53,54],[49,50,51],[46,47,48],[53,59,60],[47,55,56],
[50,57,58],[45,60,62],[44,58,61],[43,56,63],[65,76,77],[64,76,78],[66,77,78],[66,73,74],[64,70,71],[65,67,68],
[59,61,62],[55,62,63],[57,61,63],[42,74,75],[41,71,72],[40,68,69],[39,74,77],[38,71,78],[37,68,76],[36,66,73],
[35,64,70],[34,65,67],[33,42,75],[32,40,69],[31,41,72],[37,64,76],[38,66,78],[39,65,77],[39,42,74],[37,40,68],
[38,41,71],[44,59,61],[43,57,63],[45,55,62],[52,53,59],[49,50,57],[46,47,55],[42,46,48],[40,52,54],[41,49,51],
[32,40,52],[31,41,49],[33,42,46],[39,42,48],[38,41,51],[37,40,54],[44,52,59],[45,46,55],[43,49,57],[36,38,66],
[34,39,65],[35,37,64],[33,45,46],[31,43,49],[32,44,52],[34,39,48],[35,37,54],[36,38,51],[30,53,60],[29,47,56],
[28,50,58],[27,45,60],[26,43,56],[25,44,58],[24,47,48],[23,50,51],[22,53,54],[23,28,50],[22,30,53],[24,29,47],
[27,30,60],[25,28,58],[26,29,56],[27,33,45],[25,32,44],[26,31,43],[23,36,51],[24,34,48],[22,35,54],[20,21,29],
[18,19,28],[16,17,30],[15,73,75],[14,67,69],[13,70,72],[12,33,75],[11,32,69],[10,31,72],[9,36,73],[8,34,67],
[7,35,70],[9,15,73],[7,13,70],[8,14,67],[12,15,75],[10,13,72],[11,14,69],[18,23,28],[16,22,30],[20,24,29],
[9,23,36],[7,22,35],[8,24,34],[12,27,33],[10,26,31],[11,25,32],[17,27,30],[21,26,29],[19,25,28],[5,6,15],
[3,4,13],[1,2,14],[5,12,15],[1,11,14],[3,10,13],[6,9,15],[2,8,14],[4,7,13],[12,17,27],[11,19,25],
[10,21,26],[9,18,23],[8,20,24],[7,16,22],[5,12,17],[3,10,21],[1,11,19],[6,9,18],[4,7,16],[2,8,20],
[16,17,81],[18,19,80],[20,21,79],[5,17,81],[3,21,79],[1,19,80],[6,18,80],[2,20,79],[4,16,81],[5,6,82],
[1,2,84],[3,4,83],[5,81,82],[3,79,83],[1,80,84],[6,80,82],[4,81,83],[2,79,84]];
###############################################################

#SurfaceInfo: 91 Vertices, 273 Edges, 182 Faces, IsOrientable=true
 #Vertices of faces:
vof3:=[[89,90,91],[88,89,90],[87,90,91],[86,89,91],[83,84,85],[80,81,82],[77,78,79],[74,75,76],[71,72,73],[68,69,70],
[66,67,72],[64,65,69],[62,63,75],[78,81,84],[60,61,66],[59,60,62],[58,60,64],[78,83,84],[77,78,81],[80,81,84],
[59,60,66],[58,60,62],[60,61,64],[62,74,75],[64,68,69],[66,71,72],[58,64,65],[59,62,63],[61,66,67],[57,84,85],
[56,78,79],[55,81,82],[53,54,85],[51,52,79],[49,50,82],[48,83,85],[47,77,79],[46,80,82],[45,48,83],[44,46,80],
[43,47,77],[49,55,82],[51,56,79],[53,57,85],[48,54,85],[46,50,82],[47,52,79],[56,78,83],[57,80,84],[55,77,81],
[42,58,65],[41,61,67],[40,59,63],[59,66,71],[61,64,68],[58,62,74],[39,51,56],[38,53,57],[37,49,55],[36,48,54],
[35,47,52],[34,46,50],[42,58,74],[41,61,68],[40,59,71],[45,56,83],[44,57,80],[43,55,77],[33,74,76],[32,68,70],
[31,71,73],[32,44,46],[33,43,47],[31,45,48],[31,45,73],[33,43,76],[32,44,70],[33,42,74],[31,40,71],[32,41,68],
[31,36,48],[33,35,47],[32,34,46],[39,45,56],[37,43,55],[38,44,57],[33,35,42],[32,34,41],[31,36,40],[39,45,73],
[38,44,70],[37,43,76],[30,72,73],[29,69,70],[28,75,76],[27,63,75],[26,65,69],[25,67,72],[24,42,65],[23,40,63],
[22,41,67],[22,25,67],[24,26,65],[23,27,63],[27,28,75],[25,30,72],[26,29,69],[23,36,40],[22,34,41],[24,35,42],
[30,39,73],[28,37,76],[29,38,70],[20,21,25],[18,19,27],[16,17,26],[15,49,50],[14,51,52],[13,53,54],[12,39,51],
[11,37,49],[10,38,53],[9,36,54],[8,34,50],[7,35,52],[9,13,54],[7,14,52],[8,15,50],[12,14,51],[10,13,53],
[11,15,49],[18,23,27],[16,24,26],[20,22,25],[12,30,39],[10,29,38],[11,28,37],[9,23,36],[7,24,35],[8,22,34],
[21,25,30],[17,26,29],[19,27,28],[5,6,13],[3,4,14],[1,2,15],[1,11,15],[5,10,13],[3,12,14],[6,9,13],
[2,8,15],[4,7,14],[9,18,23],[8,20,22],[7,16,24],[12,21,30],[11,19,28],[10,17,29],[5,10,17],[3,12,21],
[1,11,19],[6,9,18],[4,7,16],[2,8,20],[18,19,88],[16,17,87],[20,21,86],[5,17,87],[3,21,86],[1,19,88],
[6,18,88],[2,20,86],[4,16,87],[5,6,90],[1,2,89],[3,4,91],[5,87,90],[3,86,91],[1,88,89],[6,88,90],
[4,87,91],[2,86,89]];
###############################################################

#SurfaceInfo: 91 Vertices, 273 Edges, 182 Faces, IsOrientable=true
 #Vertices of faces:
vof4:=[[89,90,91],[88,89,90],[87,89,91],[86,90,91],[83,84,85],[80,81,82],[77,78,79],[75,76,84],[73,74,81],[71,72,78],
[70,73,74],[69,75,76],[68,71,72],[76,83,84],[72,77,78],[74,80,81],[66,67,71],[64,65,75],[62,63,73],[61,84,85],
[60,81,82],[59,78,79],[58,73,81],[57,71,78],[56,75,84],[55,59,79],[54,60,82],[53,61,85],[58,60,81],[56,61,84],
[57,59,78],[56,64,75],[58,62,73],[57,66,71],[52,76,83],[51,74,80],[50,72,77],[63,70,73],[67,68,71],[65,69,75],
[49,70,74],[48,68,72],[47,69,76],[45,46,59],[43,44,60],[41,42,61],[39,40,49],[38,40,48],[37,40,47],[42,44,46],
[43,44,46],[42,45,46],[41,42,44],[39,40,47],[38,40,49],[37,40,48],[39,49,70],[37,47,69],[38,48,68],[46,55,59],
[42,53,61],[44,54,60],[36,63,70],[35,65,69],[34,67,68],[47,52,76],[48,50,72],[49,51,74],[33,57,66],[32,58,62],
[31,56,64],[41,56,61],[45,57,59],[43,58,60],[31,41,56],[33,45,57],[32,43,58],[36,39,70],[34,38,68],[35,37,69],
[41,44,54],[42,45,53],[43,46,55],[37,48,50],[38,49,51],[39,47,52],[31,41,54],[32,43,55],[33,45,53],[36,39,52],
[35,37,50],[34,38,51],[30,83,85],[29,77,79],[28,80,82],[27,53,85],[26,55,79],[25,54,82],[24,52,83],[23,50,77],
[22,51,80],[24,30,83],[22,28,80],[23,29,77],[27,30,85],[25,28,82],[26,29,79],[27,33,53],[25,31,54],[26,32,55],
[24,36,52],[22,34,51],[23,35,50],[20,21,30],[18,19,29],[16,17,28],[15,66,67],[14,64,65],[13,62,63],[12,33,66],
[11,31,64],[10,32,62],[9,36,63],[8,34,67],[7,35,65],[8,15,67],[9,13,63],[7,14,65],[12,15,66],[10,13,62],
[11,14,64],[20,24,30],[18,23,29],[16,22,28],[9,24,36],[7,23,35],[8,22,34],[12,27,33],[10,26,32],[11,25,31],
[21,27,30],[19,26,29],[17,25,28],[5,6,15],[3,4,13],[1,2,14],[5,12,15],[1,11,14],[3,10,13],[6,8,15],
[2,7,14],[4,9,13],[12,21,27],[11,17,25],[10,19,26],[9,20,24],[8,16,22],[7,18,23],[5,12,21],[3,10,19],
[1,11,17],[6,8,16],[4,9,20],[2,7,18],[20,21,88],[16,17,87],[18,19,86],[5,21,88],[3,19,86],[1,17,87],
[6,16,87],[2,18,86],[4,20,88],[5,6,89],[1,2,91],[3,4,90],[5,88,89],[3,86,90],[1,87,91],[6,87,89],
[4,88,90],[2,86,91]];
###############################################################

#SurfaceInfo: 93 Vertices, 279 Edges, 186 Faces, IsOrientable=true
 #Vertices of faces:
vof5:=[[91,92,93],[90,91,92],[89,91,93],[88,92,93],[85,86,87],[82,83,84],[79,80,81],[76,77,78],[73,74,75],[72,79,80],
[71,73,74],[70,76,77],[67,68,69],[64,65,66],[61,62,63],[59,60,68],[57,58,65],[55,56,62],[54,80,81],[53,74,75],
[52,77,78],[51,52,68],[50,53,65],[49,54,62],[59,67,68],[55,61,62],[57,64,65],[51,68,69],[49,62,63],[50,65,66],
[52,60,68],[54,56,62],[53,58,65],[48,53,75],[47,54,81],[46,52,78],[49,54,80],[51,52,77],[50,53,74],[45,72,79],
[44,70,76],[43,71,73],[57,58,86],[55,56,87],[59,60,85],[42,72,80],[41,70,77],[40,71,74],[39,85,86],[38,86,87],
[37,85,87],[70,82,83],[72,82,84],[71,83,84],[42,72,84],[40,71,83],[41,70,82],[38,56,87],[37,60,85],[39,58,86],
[37,55,87],[39,59,85],[38,57,86],[36,49,63],[35,51,69],[34,50,66],[44,70,83],[43,71,84],[45,72,82],[42,49,80],
[40,50,74],[41,51,77],[33,55,61],[32,59,67],[31,57,64],[47,54,56],[46,52,60],[48,53,58],[36,42,49],[35,41,51],
[34,40,50],[38,47,56],[39,48,58],[37,46,60],[33,37,55],[31,38,57],[32,39,59],[42,43,84],[41,45,82],[40,44,83],
[32,39,48],[33,37,46],[31,38,47],[36,42,43],[34,40,44],[35,41,45],[30,79,81],[29,76,78],[28,73,75],[27,45,79],
[26,43,73],[25,44,76],[24,48,75],[23,46,78],[22,47,81],[22,30,81],[24,28,75],[23,29,78],[27,30,79],[26,28,73],
[25,29,76],[24,32,48],[22,31,47],[23,33,46],[26,36,43],[25,34,44],[27,35,45],[20,21,30],[18,19,29],[16,17,28],
[15,61,63],[14,64,66],[13,67,69],[12,34,66],[11,36,63],[10,35,69],[9,32,67],[8,31,64],[7,33,61],[9,13,67],
[7,15,61],[8,14,64],[11,15,63],[10,13,69],[12,14,66],[16,24,28],[18,23,29],[20,22,30],[10,27,35],[11,26,36],
[12,25,34],[9,24,32],[7,23,33],[8,22,31],[21,27,30],[17,26,28],[19,25,29],[5,6,13],[3,4,14],[1,2,15],
[5,10,13],[3,12,14],[1,11,15],[6,9,13],[4,8,14],[2,7,15],[9,16,24],[8,20,22],[7,18,23],[10,21,27],
[12,19,25],[11,17,26],[5,10,21],[1,11,17],[3,12,19],[6,9,16],[4,8,20],[2,7,18],[20,21,90],[16,17,89],
[18,19,88],[5,21,90],[3,19,88],[1,17,89],[6,16,89],[2,18,88],[4,20,90],[5,6,91],[1,2,93],[3,4,92],
[5,90,91],[3,88,92],[1,89,93],[6,89,91],[4,90,92],[2,88,93]];
###############################################################

#SurfaceInfo: 97 Vertices, 291 Edges, 194 Faces, IsOrientable=true
 #Vertices of faces:
vof6:=[[95,96,97],[94,95,96],[93,95,97],[92,96,97],[89,90,91],[86,87,88],[83,84,85],[80,81,82],[79,80,81],[78,80,82],
[77,81,82],[76,89,90],[75,83,84],[74,86,87],[71,72,73],[68,69,70],[65,66,67],[63,64,69],[61,62,66],[59,60,72],
[58,90,91],[57,87,88],[56,84,85],[55,66,77],[54,69,78],[53,72,79],[51,52,58],[50,51,57],[49,51,56],[61,65,66],
[59,71,72],[63,68,69],[55,66,67],[53,72,73],[54,69,70],[60,72,79],[64,69,78],[62,66,77],[49,51,58],[51,52,57],
[50,51,56],[48,58,91],[47,57,88],[46,56,85],[52,58,90],[49,56,84],[50,57,87],[53,79,80],[55,77,81],[54,78,82],
[45,76,89],[44,74,86],[43,75,83],[63,64,74],[59,60,75],[61,62,76],[42,78,80],[41,77,82],[40,79,81],[39,76,90],
[38,75,84],[37,74,87],[39,61,76],[37,63,74],[38,59,75],[36,55,67],[35,54,70],[34,53,73],[42,64,78],[41,62,77],
[40,60,79],[44,64,74],[45,62,76],[43,60,75],[42,53,80],[40,55,81],[41,54,82],[39,52,90],[37,50,87],[38,49,84],
[33,63,68],[32,61,65],[31,59,71],[47,52,57],[46,50,56],[48,49,58],[39,47,52],[38,48,49],[37,46,50],[34,42,53],
[36,40,55],[35,41,54],[42,44,64],[40,43,60],[41,45,62],[32,39,61],[31,38,59],[33,37,63],[32,39,47],[33,37,46],
[31,38,48],[34,42,44],[35,41,45],[36,40,43],[30,89,91],[29,83,85],[28,86,88],[27,45,89],[26,43,83],[25,44,86],
[24,47,88],[23,46,85],[22,48,91],[22,30,91],[24,28,88],[23,29,85],[27,30,89],[25,28,86],[26,29,83],[24,32,47],
[22,31,48],[23,33,46],[25,34,44],[26,36,43],[27,35,45],[20,21,30],[18,19,28],[16,17,29],[15,68,70],[14,65,67],
[13,71,73],[12,34,73],[11,36,67],[10,35,70],[9,32,65],[8,31,71],[7,33,68],[7,15,68],[8,13,71],[9,14,65],
[12,13,73],[11,14,67],[10,15,70],[18,24,28],[16,23,29],[20,22,30],[10,27,35],[11,26,36],[12,25,34],[9,24,32],
[7,23,33],[8,22,31],[21,27,30],[17,26,29],[19,25,28],[5,6,15],[3,4,13],[1,2,14],[5,10,15],[3,12,13],
[1,11,14],[6,7,15],[2,9,14],[4,8,13],[9,18,24],[8,20,22],[7,16,23],[10,21,27],[12,19,25],[11,17,26],
[5,10,21],[1,11,17],[3,12,19],[6,7,16],[4,8,20],[2,9,18],[20,21,94],[16,17,93],[18,19,92],[5,21,94],
[3,19,92],[1,17,93],[6,16,93],[2,18,92],[4,20,94],[5,6,95],[1,2,97],[3,4,96],[5,94,95],[3,92,96],
[1,93,97],[6,93,95],[4,94,96],[2,92,97]];
###############################################################

