#SurfaceInfo: 168 Vertices, 1512 Edges, 1008 Faces, IsOrientable=true
 #Vertices of faces:
vof1:=[[166,167,168],[165,166,167],[164,166,168],[163,167,168],[160,161,162],[157,158,159],[154,155,156],[151,152,153],[149,150,152],[147,148,151],
[145,146,153],[144,160,161],[143,160,162],[142,161,162],[139,140,141],[136,137,138],[133,134,135],[131,132,155],[129,130,154],[127,128,156],
[124,125,126],[121,122,123],[135,149,152],[141,145,153],[138,147,151],[131,154,155],[129,154,156],[127,155,156],[120,139,140],[119,133,134],
[118,136,137],[117,157,158],[116,157,159],[115,158,159],[114,150,152],[113,146,153],[112,148,151],[109,110,111],[108,127,155],[107,131,154],
[106,129,156],[103,104,105],[100,101,102],[97,98,99],[95,96,98],[93,94,101],[91,92,104],[90,138,151],[89,141,153],[88,135,152],
[90,104,111],[89,101,110],[88,98,109],[85,86,87],[82,83,84],[79,80,81],[80,83,86],[80,85,86],[79,80,83],[82,83,86],
[76,77,78],[73,74,75],[70,71,72],[95,97,98],[91,103,104],[93,100,101],[90,111,151],[88,109,152],[89,110,153],[68,69,163],
[66,67,164],[64,65,165],[65,85,87],[67,79,81],[69,82,84],[62,63,86],[60,61,80],[58,59,83],[58,108,127],[62,106,129],
[60,107,131],[56,57,86],[54,55,80],[52,53,83],[51,68,113],[50,66,114],[49,64,112],[56,57,106],[54,55,107],[52,53,108],
[111,151,161],[110,153,162],[109,152,160],[76,77,95],[70,71,93],[73,74,91],[49,91,103],[50,95,97],[51,93,100],[54,80,85],
[56,82,86],[52,79,83],[68,69,84],[64,65,87],[66,67,81],[58,83,127],[62,86,129],[60,80,131],[48,117,136],[47,116,139],
[46,115,133],[45,151,161],[44,152,160],[43,153,162],[42,86,129],[41,80,131],[40,83,127],[39,54,85],[38,56,82],[37,52,79],
[36,56,106],[35,54,107],[34,52,108],[50,76,95],[49,73,91],[51,70,93],[50,66,81],[49,64,87],[51,68,84],[73,96,98],
[70,92,104],[76,94,101],[133,136,139],[33,38,43],[32,39,45],[31,37,44],[29,30,138],[27,28,141],[25,26,135],[23,24,122],
[21,22,123],[19,20,121],[31,44,78],[32,45,75],[33,43,72],[24,33,38],[22,31,37],[20,32,39],[70,81,104],[76,87,101],
[73,84,98],[43,73,96],[44,70,92],[45,76,94],[45,65,161],[44,67,160],[43,69,162],[36,53,56],[34,52,55],[35,54,57],
[39,45,54],[37,44,52],[38,43,56],[41,90,131],[40,88,127],[42,89,129],[46,133,136],[47,133,139],[48,136,139],[50,76,81],
[51,70,84],[49,73,87],[78,109,110],[75,109,111],[72,110,111],[112,118,136],[113,120,139],[114,119,133],[70,117,157],[73,115,158],
[76,116,159],[85,141,150],[82,135,148],[79,138,146],[18,29,73],[17,25,76],[16,27,70],[39,114,145],[38,112,149],[37,113,147],
[84,114,152],[81,112,151],[87,113,153],[15,46,96],[14,47,94],[13,48,92],[55,80,93],[53,83,91],[57,86,95],[68,78,163],
[66,75,164],[64,72,165],[65,85,155],[67,79,156],[69,82,154],[38,58,108],[37,60,107],[39,62,106],[76,78,129],[70,72,131],
[73,75,127],[77,78,127],[71,72,129],[74,75,131],[24,45,151],[20,44,152],[22,43,153],[40,76,83],[42,70,86],[41,73,80],
[39,46,115],[37,47,116],[38,48,117],[12,121,129],[11,123,131],[10,122,127],[9,127,149],[8,131,147],[7,129,145],[13,26,42],
[15,28,41],[14,30,40],[16,24,151],[17,22,153],[18,20,152],[72,123,131],[75,122,127],[78,121,129],[10,78,127],[11,75,131],
[12,72,129],[77,127,149],[71,129,145],[74,131,147],[38,58,117],[39,62,115],[37,60,116],[6,68,78],[5,64,72],[4,66,75],
[70,86,95],[73,80,93],[76,83,91],[84,130,152],[87,132,153],[81,128,151],[15,46,79],[13,48,85],[14,47,82],[7,39,145],
[9,38,149],[8,37,147],[39,46,96],[38,48,92],[37,47,94],[27,70,131],[29,73,127],[25,76,129],[79,146,156],[82,148,154],
[85,150,155],[78,110,163],[72,111,165],[75,109,164],[16,70,157],[17,76,159],[18,73,158],[39,114,119],[38,112,118],[37,113,120],
[12,19,121],[10,23,122],[11,21,123],[25,82,135],[27,85,141],[29,79,138],[40,76,81],[41,73,87],[42,70,84],[46,112,136],
[48,113,139],[47,114,133],[8,90,131],[7,89,129],[9,88,127],[24,45,54],[22,43,56],[20,44,52],[53,56,91],[54,57,95],
[52,55,93],[45,65,155],[43,69,154],[44,67,156],[44,70,117],[45,76,116],[43,73,115],[84,98,114],[87,101,113],[81,104,112],
[24,38,108],[20,39,106],[22,37,107],[31,78,109],[33,72,110],[32,75,111],[82,144,160],[85,143,162],[79,142,161],[3,130,154],
[2,132,155],[1,128,156],[91,142,162],[95,144,161],[93,143,160],[68,131,132],[64,127,128],[66,129,130],[3,121,122],[2,121,123],
[1,122,123],[67,149,150],[69,145,146],[65,147,148],[47,137,138],[48,134,135],[46,140,141],[34,139,141],[35,133,135],[36,136,138],
[53,124,125],[55,124,126],[57,125,126],[86,87,118],[80,81,119],[83,84,120],[90,138,157],[88,135,158],[89,141,159],[78,90,104],
[75,89,101],[72,88,98],[16,98,109],[18,101,110],[17,104,111],[90,95,96],[89,91,92],[88,93,94],[103,105,154],[97,99,155],
[100,102,156],[18,108,155],[17,106,156],[16,107,154],[83,141,150],[86,138,146],[80,135,148],[18,29,95],[16,27,91],[17,25,93],
[112,149,163],[113,147,164],[114,145,165],[22,77,95],[20,74,91],[24,71,93],[49,103,161],[51,100,162],[50,97,160],[53,68,108],
[57,64,106],[55,66,107],[11,50,114],[10,51,113],[12,49,112],[61,68,113],[59,64,112],[63,66,114],[3,30,138],[2,26,135],
[1,28,141],[27,28,146],[25,26,150],[29,30,148],[22,117,123],[20,116,121],[24,115,122],[19,20,30],[23,24,28],[21,22,26],
[41,90,156],[40,88,154],[42,89,155],[34,55,128],[35,57,132],[36,53,130],[65,130,161],[69,128,162],[67,132,160],[70,81,140],
[73,84,137],[76,87,134],[43,55,96],[44,57,92],[45,53,94],[44,78,133],[45,75,136],[43,72,139],[13,24,33],[15,20,32],
[14,22,31],[71,74,77],[21,53,90],[23,57,88],[19,55,89],[88,141,166],[89,138,168],[90,135,167],[22,99,100],[20,97,105],
[24,102,103],[6,46,57],[4,48,53],[5,47,55],[34,35,36],[14,27,67],[15,25,65],[13,29,69],[81,113,158],[87,114,157],
[84,112,159],[45,98,126],[44,101,124],[43,104,125],[67,71,136],[69,74,133],[65,77,139],[13,111,137],[15,109,134],[14,110,140],
[57,88,166],[53,90,167],[55,89,168],[13,33,137],[14,31,140],[15,32,134],[43,65,139],[44,69,133],[45,67,136],[45,53,98],
[43,55,104],[44,57,101],[81,140,158],[84,137,159],[87,134,157],[15,65,130],[14,67,132],[13,69,128],[34,36,130],[34,35,128],
[35,36,132],[55,96,128],[53,94,130],[57,92,132],[13,24,28],[14,22,26],[15,20,30],[14,27,146],[15,25,150],[13,29,148],
[19,30,148],[23,28,146],[21,26,150],[4,53,68],[5,55,66],[6,57,64],[97,105,160],[102,103,161],[99,100,162],[49,130,161],
[50,132,160],[51,128,162],[22,95,100],[24,93,103],[20,91,97],[112,159,163],[114,157,165],[113,158,164],[83,141,166],[80,135,167],
[86,138,168],[16,40,154],[18,42,155],[17,41,156],[17,64,106],[16,66,107],[18,68,108],[16,98,126],[17,104,125],[18,101,124],
[78,104,133],[72,98,139],[75,101,136],[78,90,96],[75,89,92],[72,88,94],[89,155,159],[90,156,157],[88,154,158],[2,135,158],
[1,141,159],[3,138,157],[83,120,150],[80,119,148],[86,118,146],[19,55,126],[23,57,125],[21,53,124],[47,55,124],[46,57,126],
[48,53,125],[35,90,135],[34,88,141],[36,89,138],[6,46,141],[5,47,138],[4,48,135],[27,67,149],[29,69,145],[25,65,147],
[34,77,139],[36,71,136],[35,74,133],[67,71,150],[65,77,148],[69,74,146],[47,111,137],[46,110,140],[48,109,134],[3,30,122],
[1,28,123],[2,26,121],[61,68,132],[63,66,130],[59,64,128],[18,95,161],[17,93,160],[16,91,162],[3,103,154],[1,100,156],
[2,97,155],[90,95,144],[88,93,143],[89,91,142],[3,78,121],[1,75,122],[2,72,123],[16,31,109],[17,32,111],[18,33,110],
[24,102,108],[22,99,107],[20,105,106],[11,98,114],[12,104,112],[10,101,113],[44,117,123],[43,115,122],[45,116,121],[45,126,155],
[44,124,156],[43,125,154],[25,52,93],[29,54,95],[27,56,91],[24,54,71],[20,52,74],[22,56,77],[8,21,90],[7,19,89],
[9,23,88],[47,63,114],[46,59,112],[48,61,113],[40,81,113],[42,84,112],[41,87,114],[25,82,144],[29,79,142],[27,85,143],
[12,19,49],[11,21,50],[10,23,51],[37,84,120],[39,81,119],[38,87,118],[111,145,165],[110,149,163],[109,147,164],[102,146,156],
[99,150,155],[105,148,154],[27,68,131],[25,66,129],[29,64,127],[74,77,149],[71,74,147],[71,77,145],[3,84,130],[1,81,128],
[2,87,132],[47,82,160],[46,79,161],[48,85,162],[70,95,140],[76,91,134],[73,93,137],[20,60,116],[24,62,115],[22,58,117],
[13,26,111],[14,30,110],[15,28,109],[7,39,96],[8,37,94],[9,38,92],[4,11,75],[5,12,72],[6,10,78],[16,24,157],
[18,20,158],[17,22,159],[56,151,152],[54,152,153],[52,151,153],[12,113,146],[11,112,148],[10,114,150],[117,145,158],[115,147,159],
[116,149,157],[120,122,140],[119,123,134],[118,121,137],[103,141,145],[97,138,147],[100,135,149],[60,61,77],[58,59,71],[62,63,74],
[59,83,123],[63,86,122],[61,80,121],[32,35,107],[31,34,108],[33,36,106],[3,132,153],[1,130,152],[2,128,151],[13,85,124],
[14,82,126],[15,79,125],[6,25,68],[4,29,66],[5,27,64],[10,16,151],[12,18,152],[11,17,153],[21,30,40],[19,28,41],
[23,26,42],[15,33,41],[14,32,40],[13,31,42],[32,35,40],[33,36,41],[31,34,42],[63,122,140],[59,123,134],[61,121,137],
[12,54,152],[11,52,153],[10,56,151],[2,52,151],[3,54,153],[1,56,152],[6,10,16],[5,12,18],[4,11,17],[71,97,147],
[74,100,149],[77,103,145],[19,28,49],[23,26,51],[21,30,50],[25,68,144],[27,64,143],[29,66,142],[12,40,113],[11,42,112],
[10,41,114],[8,21,40],[9,23,42],[7,19,41],[54,58,71],[52,62,74],[56,60,77],[6,25,52],[4,29,54],[5,27,56],
[3,103,132],[2,97,128],[1,100,130],[30,120,122],[26,118,121],[28,119,123],[34,61,77],[35,63,74],[36,59,71],[25,115,147],
[27,116,149],[29,117,145],[47,85,124],[48,79,125],[46,82,126],[6,103,141],[5,97,138],[4,100,135],[83,123,166],[80,121,167],
[86,122,168],[145,158,164],[147,159,163],[149,157,165],[10,21,150],[11,19,148],[12,23,146],[13,31,148],[14,32,146],[15,33,150],
[13,28,124],[15,30,125],[14,26,126],[33,106,137],[32,107,134],[31,108,140],[22,58,159],[24,62,157],[20,60,158],[26,111,145],
[28,109,147],[30,110,149],[3,37,84],[2,38,87],[1,39,81],[102,108,146],[105,106,148],[99,107,150],[47,63,111],[46,59,110],
[48,61,109],[35,90,144],[36,89,142],[34,88,143],[71,120,150],[74,118,146],[77,119,148],[126,155,159],[125,154,158],[124,156,157],
[3,78,96],[2,72,94],[1,75,92],[11,98,139],[10,101,136],[12,104,133],[16,19,126],[18,21,124],[17,23,125],[18,33,68],
[16,31,66],[17,32,64],[16,40,162],[17,41,160],[18,42,161],[93,103,137],[91,97,134],[95,100,140],[50,61,132],[49,63,130],
[51,59,128],[47,105,160],[48,99,162],[46,102,161],[4,27,68],[5,25,66],[6,29,64],[7,96,128],[9,92,132],[8,94,130],
[15,34,130],[13,35,128],[14,36,132],[2,140,158],[3,134,157],[1,137,159],[57,101,166],[55,104,168],[53,98,167],[44,69,123],
[45,67,121],[43,65,122],[101,102,107],[98,99,106],[104,105,108],[15,96,118],[13,92,120],[14,94,119],[62,110,162],[58,109,160],
[60,111,161],[101,107,166],[104,108,168],[98,106,167],[15,34,118],[14,36,119],[13,35,120],[40,62,162],[42,60,161],[41,58,160],
[58,61,109],[60,63,111],[59,62,110],[99,106,137],[105,108,140],[102,107,134],[26,96,118],[30,92,120],[28,94,119],[58,126,159],
[60,125,158],[62,124,157],[3,37,96],[1,39,92],[2,38,94],[33,107,150],[32,108,146],[31,106,148],[12,23,133],[11,19,139],
[10,21,136],[26,145,164],[30,149,165],[28,147,163],[69,123,166],[65,122,168],[67,121,167],[6,103,137],[4,100,140],[5,97,134],
[47,85,105],[46,82,102],[48,79,99],[6,29,117],[4,27,116],[5,25,115],[34,50,61],[36,51,59],[35,49,63],[7,97,128],
[9,103,132],[8,100,130],[8,12,40],[7,10,41],[9,11,42],[33,68,144],[32,64,143],[31,66,142],[28,49,124],[26,51,126],
[30,50,125],[71,97,120],[77,103,119],[74,100,118],[6,16,19],[4,17,23],[5,18,21],[2,6,52],[1,5,56],[3,4,54],
[12,54,58],[10,56,60],[11,52,62],[2,63,140],[1,61,137],[3,59,134],[35,40,144],[34,42,143],[36,41,142],[50,69,163],
[51,65,165],[49,67,164],[8,39,85],[7,38,82],[9,37,79],[117,136,143],[115,133,142],[116,139,144],[51,126,165],[49,124,164],
[50,125,163],[31,115,142],[33,116,144],[32,117,143],[7,82,102],[8,85,105],[9,79,99],[50,69,166],[49,67,167],[51,65,168],
[19,139,144],[21,136,143],[23,133,142],[9,37,96],[7,38,94],[8,39,92],[2,6,63],[3,4,59],[1,5,61],[8,12,58],
[9,11,62],[7,10,60],[7,97,120],[8,100,118],[9,103,119],[6,19,117],[5,21,115],[4,23,116],[26,96,164],[28,94,163],
[30,92,165],[6,99,137],[5,102,134],[4,105,140],[58,61,126],[59,62,124],[60,63,125],[40,62,144],[41,58,142],[42,60,143],
[34,50,118],[35,49,120],[36,51,119],[33,107,166],[31,106,167],[32,108,168],[5,61,102],[6,63,99],[4,59,105],[9,62,144],
[8,58,142],[7,60,143],[9,96,164],[8,92,165],[7,94,163],[19,117,144],[23,116,142],[21,115,143],[49,120,167],[51,119,168],
[50,118,166],[7,102,120],[9,99,119],[8,105,118],[32,117,168],[33,116,166],[31,115,167],[61,126,165],[63,125,163],[59,124,164],
[61,102,165],[59,105,164],[63,99,163],[102,120,167],[105,118,166],[99,119,168],[117,144,168],[115,143,167],[116,142,166],[9,144,164],
[7,143,163],[8,142,165],[144,164,168],[142,165,166],[143,163,167],[102,165,167],[99,163,168],[105,164,166]];
###############################################################

#SurfaceInfo: 96 Vertices, 1536 Edges, 1024 Faces, IsOrientable=true
 #Vertices of faces:
vof2:=[[94,95,96],[93,94,95],[92,95,96],[91,94,96],[88,89,90],[86,87,89],[84,85,90],[82,83,88],[80,81,94],[79,80,96],
[79,81,95],[77,78,92],[75,76,91],[73,74,93],[70,71,72],[67,68,69],[64,65,66],[61,62,63],[60,63,65],[59,62,71],
[58,61,68],[70,71,78],[64,65,74],[67,68,76],[56,57,81],[54,55,80],[52,53,79],[49,50,51],[46,47,48],[43,44,45],
[70,77,78],[64,73,74],[67,75,76],[54,55,87],[52,53,83],[56,57,85],[73,75,77],[70,75,77],[67,73,75],[64,73,77],
[54,70,87],[56,67,85],[52,64,83],[42,70,75],[41,64,77],[40,67,73],[39,54,70],[38,52,64],[37,56,67],[37,42,70],
[38,40,67],[39,41,64],[39,54,83],[37,56,87],[38,52,85],[36,49,50],[35,43,44],[34,46,47],[32,33,35],[30,31,36],
[28,29,34],[26,27,29],[24,25,33],[22,23,31],[31,35,69],[29,36,72],[33,34,66],[24,42,90],[26,40,88],[22,41,89],
[21,22,86],[20,26,82],[19,24,84],[24,41,88],[22,40,90],[26,42,89],[32,42,86],[30,41,82],[28,40,84],[36,49,54],
[34,46,52],[35,43,56],[18,36,50],[17,34,47],[16,35,44],[38,40,58],[37,42,59],[39,41,60],[52,59,85],[56,60,87],
[54,58,83],[53,55,77],[53,57,73],[55,57,75],[56,74,81],[52,78,79],[54,76,80],[50,69,80],[47,72,79],[44,66,81],
[15,30,37],[14,28,39],[13,32,38],[58,60,61],[59,60,63],[58,59,62],[23,57,81],[25,53,79],[27,55,80],[61,71,78],
[63,68,76],[62,65,74],[27,38,91],[23,39,93],[25,37,92],[12,15,49],[11,14,46],[10,13,43],[49,59,96],[46,60,95],
[43,58,94],[14,33,80],[13,31,79],[15,29,81],[27,65,95],[23,71,96],[25,68,94],[9,43,58],[8,49,59],[7,46,60],
[6,25,53],[5,27,55],[4,23,57],[11,61,78],[10,62,74],[12,63,76],[53,57,70],[53,55,67],[55,57,64],[14,55,77],
[13,53,73],[15,57,75],[74,76,81],[74,78,79],[76,78,80],[8,56,74],[7,54,76],[9,52,78],[44,50,80],[47,50,79],
[44,47,81],[15,49,96],[13,43,94],[14,46,95],[60,61,71],[58,62,65],[59,63,68],[30,37,92],[32,38,91],[28,39,93],
[23,39,81],[27,38,80],[25,37,79],[12,15,30],[10,13,32],[11,14,28],[21,42,90],[19,40,88],[20,41,89],[20,21,86],
[19,21,84],[19,20,82],[21,41,88],[19,42,89],[20,40,90],[40,42,86],[40,41,84],[41,42,82],[52,59,96],[54,58,94],
[56,60,95],[37,58,59],[39,59,60],[38,58,60],[18,50,69],[16,44,66],[17,47,72],[22,31,69],[26,29,72],[24,33,66],
[30,36,54],[32,35,56],[28,34,52],[39,61,62],[37,61,63],[38,62,63],[59,78,91],[58,76,93],[60,74,92],[5,50,56],
[4,44,52],[6,47,54],[42,53,83],[40,55,87],[41,57,85],[47,48,56],[44,45,54],[50,51,52],[14,19,39],[15,20,37],
[13,21,38],[15,53,77],[13,55,75],[14,57,73],[60,69,80],[59,66,81],[58,72,79],[3,42,75],[2,40,73],[1,41,77],
[39,50,70],[37,44,67],[38,47,64],[9,24,42],[8,22,41],[7,26,40],[6,21,22],[5,19,24],[4,20,26],[17,22,40],
[16,26,42],[18,24,41],[32,42,51],[30,41,48],[28,40,45],[27,29,41],[23,31,42],[25,33,40],[26,27,52],[22,23,54],
[24,25,56],[24,35,69],[26,34,66],[22,36,72],[33,34,74],[29,36,78],[31,35,76],[30,31,56],[28,29,54],[32,33,52],
[19,60,87],[21,58,83],[20,59,85],[2,41,60],[1,42,59],[3,40,58],[26,49,54],[22,43,56],[24,46,52],[12,47,73],
[10,50,77],[11,44,75],[54,73,95],[56,77,96],[52,75,94],[25,32,69],[27,28,66],[23,30,72],[32,46,66],[28,49,72],
[30,43,69],[25,32,46],[23,30,43],[27,28,49],[27,46,66],[25,43,69],[23,49,72],[29,51,78],[31,45,76],[33,48,74],
[6,34,74],[5,36,78],[4,35,76],[22,36,43],[24,35,46],[26,34,49],[23,29,54],[27,33,52],[25,31,56],[32,51,66],
[28,45,72],[30,48,69],[18,27,41],[17,25,40],[16,23,42],[33,40,45],[31,42,51],[29,41,48],[18,24,56],[16,26,52],
[17,22,54],[6,22,72],[4,26,66],[5,24,69],[3,52,75],[1,56,77],[2,54,73],[2,60,69],[3,58,72],[1,59,66],
[13,44,75],[14,47,73],[15,50,77],[47,56,96],[44,54,95],[50,52,94],[26,45,54],[24,51,52],[22,48,56],[13,40,55],
[15,42,53],[14,41,57],[39,50,61],[38,47,62],[37,44,63],[21,38,63],[20,37,61],[19,39,62],[50,57,70],[47,55,64],
[44,53,67],[14,19,77],[15,20,75],[13,21,73],[8,30,56],[9,32,52],[7,28,54],[6,30,54],[5,32,56],[4,28,52],
[9,24,66],[7,26,72],[8,22,69],[11,44,50],[12,44,47],[10,47,50],[18,32,69],[17,30,72],[16,28,66],[37,58,76],
[38,60,74],[39,59,78],[44,52,96],[47,54,94],[50,56,95],[2,21,41],[3,20,40],[1,19,42],[19,20,85],[20,21,83],
[19,21,87],[3,21,42],[1,20,41],[2,19,40],[40,42,83],[41,42,85],[40,41,87],[12,30,73],[11,28,75],[10,32,77],
[6,21,25],[4,20,23],[5,19,27],[30,60,92],[28,58,93],[32,59,91],[8,38,80],[9,39,81],[7,37,79],[19,60,71],
[20,59,68],[21,58,65],[13,16,94],[14,17,95],[15,18,96],[9,42,43],[7,40,46],[8,41,49],[27,73,95],[25,75,94],
[23,77,96],[33,60,80],[31,58,79],[29,59,81],[11,76,78],[12,74,76],[10,74,78],[47,78,92],[44,74,93],[50,76,91],
[3,14,29],[1,13,33],[2,15,31],[26,75,91],[22,73,93],[24,77,92],[11,79,96],[10,81,95],[12,80,94],[2,23,37],
[3,27,39],[1,25,38],[79,81,91],[79,80,93],[80,81,92],[10,80,96],[12,79,95],[11,81,94],[50,59,71],[44,58,68],
[47,60,65],[40,63,65],[42,61,68],[41,62,71],[50,74,92],[47,76,93],[44,78,91],[5,23,50],[6,27,47],[4,25,44],
[19,57,64],[20,53,70],[21,55,67],[13,53,76],[14,55,74],[15,57,78],[52,76,81],[56,78,80],[54,74,79],[8,46,74],
[9,49,78],[7,43,76],[47,69,81],[44,72,80],[50,66,79],[21,30,90],[20,28,89],[19,32,88],[21,26,84],[19,22,82],
[20,24,86],[19,30,89],[20,32,90],[21,28,88],[32,41,84],[28,42,82],[30,40,86],[5,6,53],[4,6,57],[4,5,55],
[11,32,61],[12,28,63],[10,30,62],[7,8,59],[7,9,60],[8,9,58],[14,33,91],[15,29,93],[13,31,92],[4,13,79],
[6,14,80],[5,15,81],[12,23,71],[11,27,65],[10,25,68],[8,65,95],[9,71,96],[7,68,94],[7,8,65],[8,9,71],
[7,9,68],[10,30,68],[11,32,65],[12,28,71],[4,6,13],[4,5,15],[5,6,14],[32,61,84],[30,62,86],[28,63,82],
[72,73,80],[69,77,81],[66,75,79],[9,49,60],[7,43,59],[8,46,58],[54,63,79],[56,62,80],[52,61,81],[5,23,53],
[4,25,55],[6,27,57],[16,79,91],[18,81,92],[17,80,93],[12,45,79],[11,51,81],[10,48,80],[2,12,23],[1,10,25],
[3,11,27],[8,10,95],[7,12,94],[9,11,96],[3,29,93],[2,31,92],[1,33,91],[13,24,92],[14,26,91],[15,22,93],
[4,11,79],[5,10,81],[6,12,80],[26,75,84],[24,77,86],[22,73,82],[50,57,92],[44,53,91],[47,55,93],[11,53,76],
[10,57,78],[12,55,74],[11,16,94],[12,17,95],[10,18,96],[19,64,71],[20,68,70],[21,65,67],[8,80,92],[7,79,93],
[9,81,91],[30,60,90],[32,59,88],[28,58,89],[30,73,89],[32,77,90],[28,75,88],[40,63,83],[41,62,87],[42,61,85],
[1,19,57],[2,21,55],[3,20,53],[47,78,94],[44,74,96],[50,76,95],[13,37,76],[15,39,78],[14,38,74],[16,20,28],
[18,19,32],[17,21,30],[11,50,59],[10,47,60],[12,44,58],[9,50,66],[7,44,72],[8,47,69],[4,28,42],[6,30,40],
[5,32,41],[8,19,30],[7,21,28],[9,20,32],[47,62,92],[50,61,91],[44,63,93],[13,40,65],[14,41,71],[15,42,68],
[21,26,45],[19,22,48],[20,24,51],[50,74,94],[44,78,95],[47,76,96],[14,47,65],[15,50,71],[13,44,68],[2,37,69],
[1,38,66],[3,39,72],[3,14,52],[2,15,54],[1,13,56],[17,54,74],[16,52,76],[18,56,78],[23,29,50],[25,31,44],
[27,33,47],[27,46,74],[25,43,76],[23,49,78],[19,77,85],[21,73,87],[20,75,83],[3,21,63],[2,19,62],[1,20,61],
[33,45,60],[31,51,58],[29,48,59],[18,27,73],[16,23,77],[17,25,75],[36,42,43],[34,41,49],[35,40,46],[6,72,74],
[5,69,78],[4,66,76],[51,66,78],[48,69,74],[45,72,76],[21,25,46],[19,27,49],[20,23,43],[8,86,87],[7,82,83],
[9,84,85],[6,87,89],[4,83,88],[5,85,90],[65,66,85],[71,72,83],[68,69,87],[1,67,69],[3,64,66],[2,70,72],
[13,33,82],[15,31,84],[14,29,86],[25,38,82],[23,37,84],[27,39,86],[43,45,61],[49,51,62],[46,48,63],[27,83,91],
[25,85,92],[23,87,93],[3,12,49],[1,11,46],[2,10,43],[26,53,88],[22,55,89],[24,57,90],[22,60,86],[24,59,84],
[26,58,82],[26,63,89],[24,61,88],[22,62,90],[32,57,86],[28,53,84],[30,55,82],[19,29,34],[20,31,36],[21,33,35],
[17,34,57],[16,35,55],[18,36,53],[13,16,17],[15,16,18],[14,17,18],[8,38,45],[7,37,51],[9,39,48],[29,51,60],
[33,48,58],[31,45,59],[4,35,73],[6,34,77],[5,36,75],[16,17,57],[17,18,53],[16,18,55],[35,55,82],[36,53,84],
[34,57,86],[8,45,61],[9,48,63],[7,51,62],[46,63,89],[49,62,90],[43,61,88],[38,45,82],[39,48,86],[37,51,84],
[13,17,82],[14,18,86],[15,16,84],[3,49,64],[1,46,67],[2,43,70],[23,68,87],[27,71,83],[25,65,85],[32,57,92],
[28,53,91],[30,55,93],[5,17,75],[4,18,73],[6,16,77],[45,51,60],[45,48,59],[48,51,58],[24,61,91],[22,62,92],
[26,63,93],[8,19,29],[7,21,33],[9,20,31],[10,22,60],[12,26,58],[11,24,59],[16,20,36],[17,21,35],[18,19,34],
[3,53,66],[2,55,72],[1,57,69],[63,72,83],[61,66,85],[62,69,87],[35,73,89],[36,75,88],[34,77,90],[31,59,88],
[29,60,90],[33,58,89],[12,22,55],[11,26,53],[10,24,57],[27,77,86],[23,75,84],[25,73,82],[4,11,83],[5,10,85],
[6,12,87],[9,11,85],[8,10,87],[7,12,83],[16,83,91],[17,87,93],[18,85,92],[3,12,45],[2,10,48],[1,11,51],
[23,53,88],[27,57,90],[25,55,89],[49,60,86],[46,58,82],[43,59,84],[29,62,86],[33,63,82],[31,61,84],[6,13,89],
[5,14,90],[4,15,88],[7,65,82],[9,68,84],[8,71,86],[17,27,74],[18,23,78],[16,25,76],[14,52,65],[13,56,68],
[15,54,71],[72,74,94],[66,76,96],[69,78,95],[21,45,46],[20,43,51],[19,48,49],[4,36,42],[6,35,40],[5,34,41],
[9,29,50],[8,33,47],[7,31,44],[13,37,69],[14,38,66],[15,39,72],[66,78,94],[72,76,95],[69,74,96],[3,7,93],
[1,9,91],[2,8,92],[13,24,65],[15,22,68],[14,26,71],[3,11,16],[1,10,18],[2,12,17],[1,52,61],[2,56,62],
[3,54,63],[69,77,85],[66,75,83],[72,73,87],[32,65,67],[28,64,71],[30,68,70],[3,88,89],[1,88,90],[2,89,90],
[31,70,87],[29,64,83],[33,67,85],[22,37,70],[26,39,64],[24,38,67],[35,38,85],[36,37,87],[34,39,83],[16,67,79],
[17,64,80],[18,70,81],[48,65,80],[45,68,79],[51,71,81],[46,62,80],[43,63,79],[49,61,81],[36,77,81],[35,75,79],
[34,73,80],[34,65,80],[36,71,81],[35,68,79],[43,67,79],[49,70,81],[46,64,80],[3,16,88],[2,17,89],[1,18,90],
[3,7,89],[2,8,90],[1,9,88],[4,36,77],[5,34,73],[6,35,75],[45,46,62],[48,49,61],[43,51,63],[12,29,83],
[10,31,87],[11,33,85],[10,35,85],[11,34,83],[12,36,87],[12,22,70],[10,24,67],[11,26,64],[31,70,88],[33,67,89],
[29,64,90],[35,38,89],[34,39,90],[36,37,88],[10,22,37],[11,24,38],[12,26,39],[48,51,71],[45,51,68],[45,48,65],
[5,17,64],[4,18,70],[6,16,67],[32,67,92],[30,70,93],[28,64,91],[13,69,85],[15,72,87],[14,66,83],[1,52,65],
[3,54,71],[2,56,68],[9,29,62],[7,31,61],[8,33,63],[17,27,77],[16,25,73],[18,23,75],[63,72,94],[62,69,95],
[61,66,96],[53,66,94],[57,69,96],[55,72,95],[24,65,91],[26,71,93],[22,68,92],[23,68,88],[27,71,90],[25,65,89],
[49,64,86],[43,70,84],[46,67,82],[16,83,84],[18,85,86],[17,82,87],[3,45,82],[1,51,84],[2,48,86],[13,46,89],
[15,43,88],[14,49,90],[8,29,61],[7,33,62],[9,31,63],[35,65,82],[34,71,86],[36,68,84],[16,36,57],[18,34,55],
[17,35,53],[84,86,89],[82,84,90],[82,86,88],[1,84,86],[2,82,86],[3,82,84],[83,84,89],[85,86,88],[82,87,90],
[35,53,94],[36,57,96],[34,55,95],[29,61,96],[33,62,95],[31,63,94],[1,35,65],[2,36,68],[3,34,71],[13,46,85],
[14,49,83],[15,43,87],[5,64,86],[6,67,82],[4,70,84],[45,65,89],[51,68,88],[48,71,90],[10,35,37],[12,36,39],
[11,34,38],[12,29,70],[11,33,64],[10,31,67],[9,45,62],[8,51,63],[7,48,61],[4,17,77],[6,18,75],[5,16,73],
[7,38,89],[9,37,88],[8,39,90],[16,70,88],[18,64,90],[17,67,89],[43,67,92],[46,64,91],[49,70,93],[34,65,91],
[35,68,92],[36,71,93],[5,16,70],[4,17,67],[6,18,64],[9,37,45],[7,38,48],[8,39,51],[35,37,94],[34,38,95],
[36,39,96],[49,83,93],[43,87,92],[46,85,91],[1,35,92],[3,34,91],[2,36,93],[29,70,96],[31,67,94],[33,64,95],
[45,83,89],[48,87,90],[51,85,88],[1,5,86],[3,4,84],[2,6,82],[5,70,96],[6,64,95],[4,67,94],[1,5,92],
[2,6,93],[3,4,91],[45,83,93],[51,85,91],[48,87,92],[37,45,94],[39,51,96],[38,48,95],[45,93,94],[48,92,95],
[51,91,96],[5,92,96],[4,91,94],[6,93,95]];
###############################################################

#SurfaceInfo: 192 Vertices, 1536 Edges, 1024 Faces, IsOrientable=true
 #Vertices of faces:
vof3:=[[190,191,192],[189,190,191],[188,191,192],[187,190,192],[184,185,186],[181,182,183],[178,179,180],[175,176,177],[172,173,174],[169,170,171],
[166,167,168],[163,164,165],[160,161,162],[157,158,159],[154,155,156],[151,152,153],[148,149,150],[145,146,147],[142,143,144],[139,140,141],
[138,146,176],[137,143,177],[136,140,175],[134,135,173],[132,133,170],[130,131,167],[128,129,162],[126,127,165],[124,125,159],[121,122,123],
[120,122,147],[119,123,144],[118,121,141],[129,171,174],[127,168,171],[125,168,174],[115,116,117],[112,113,114],[109,110,111],[108,113,161],
[107,110,158],[106,116,164],[115,136,164],[109,138,158],[112,137,161],[104,105,131],[102,103,135],[100,101,133],[98,99,164],[96,97,161],
[94,95,158],[94,111,124],[98,117,126],[96,114,128],[107,111,138],[106,117,136],[108,114,137],[93,120,152],[92,118,155],[91,119,149],
[90,113,131],[89,110,133],[88,116,135],[86,87,113],[84,85,116],[82,83,110],[86,87,155],[82,83,149],[84,85,152],[86,118,155],
[84,120,152],[82,119,149],[94,107,111],[96,108,114],[98,106,117],[100,133,149],[102,135,152],[104,131,155],[98,115,164],[96,112,161],
[94,109,158],[82,107,110],[86,108,113],[84,106,116],[90,131,155],[88,135,152],[89,133,149],[115,116,135],[109,110,133],[112,113,131],
[168,171,174],[80,81,120],[79,80,119],[79,81,118],[78,119,154],[77,120,148],[76,118,151],[74,75,177],[72,73,175],[70,71,176],
[95,134,160],[99,130,157],[97,132,163],[68,69,156],[66,67,150],[64,65,153],[62,63,161],[60,61,164],[58,59,158],[57,87,155],
[56,85,152],[55,83,149],[71,137,161],[75,136,164],[73,138,158],[137,143,166],[136,140,172],[138,146,169],[54,130,131],[53,134,135],
[52,132,133],[51,166,167],[50,172,173],[49,169,170],[58,175,176],[62,176,177],[60,175,177],[107,123,138],[108,121,137],[106,122,136],
[172,174,186],[166,168,183],[169,171,180],[80,115,136],[79,109,138],[81,112,137],[82,107,170],[84,106,173],[86,108,167],[48,92,155],
[47,91,149],[46,93,152],[103,125,135],[101,129,133],[105,127,131],[45,129,171],[44,125,174],[43,127,168],[128,129,163],[126,127,157],
[124,125,160],[42,151,152],[41,154,155],[40,148,149],[74,163,164],[72,157,158],[70,160,161],[120,121,122],[118,121,123],[119,122,123],
[114,128,162],[111,124,159],[117,126,165],[112,131,167],[115,135,173],[109,133,170],[145,146,176],[139,140,175],[142,143,177],[90,155,156],
[89,149,150],[88,152,153],[99,164,165],[95,158,159],[97,161,162],[134,173,174],[130,167,168],[132,170,171],[93,120,147],[92,118,141],
[91,119,144],[129,162,174],[125,159,168],[127,165,171],[111,138,176],[114,137,177],[117,136,175],[122,146,147],[121,140,141],[123,143,144],
[39,56,141],[38,57,144],[37,55,147],[57,142,154],[56,139,151],[55,145,148],[61,90,165],[63,89,162],[59,88,159],[54,109,118],
[53,112,120],[52,115,119],[36,166,185],[35,172,179],[34,169,182],[32,33,174],[31,33,168],[31,32,171],[39,151,153],[38,154,156],
[37,148,150],[102,103,112],[104,105,109],[100,101,115],[33,129,170],[31,125,173],[32,127,167],[40,47,149],[42,46,152],[41,48,155],
[70,124,160],[74,128,163],[72,126,157],[44,125,135],[45,129,133],[43,127,131],[31,173,178],[32,167,184],[33,170,181],[82,129,170],
[86,127,167],[84,125,173],[38,143,154],[37,146,148],[39,140,151],[80,100,115],[81,102,112],[79,104,109],[55,147,149],[57,144,155],
[56,141,152],[30,39,56],[29,37,55],[28,38,57],[27,142,154],[26,145,148],[25,139,151],[24,57,154],[23,55,148],[22,56,151],
[49,169,182],[51,166,185],[50,172,179],[36,137,166],[34,138,169],[35,136,172],[52,119,133],[53,120,135],[54,118,131],[31,33,129],
[31,32,125],[32,33,127],[49,93,147],[51,91,144],[50,92,141],[123,138,143],[122,136,146],[121,137,140],[162,174,186],[165,171,180],
[159,168,183],[62,114,177],[60,117,175],[58,111,176],[101,115,173],[105,109,170],[103,112,167],[112,120,121],[115,119,122],[109,118,123],
[61,90,156],[59,88,153],[63,89,150],[61,117,165],[59,111,159],[63,114,162],[33,130,168],[31,132,171],[32,134,174],[58,73,158],
[60,75,164],[62,71,161],[39,64,153],[37,66,150],[38,68,156],[99,130,165],[97,132,162],[95,134,159],[70,145,176],[74,142,177],
[72,139,175],[80,120,148],[81,118,151],[79,119,154],[182,185,189],[179,182,188],[179,185,187],[55,63,83],[56,59,85],[57,61,87],
[21,51,167],[20,49,170],[19,50,173],[52,61,132],[53,63,134],[54,59,130],[27,71,137],[26,73,138],[25,75,136],[104,107,123],
[100,106,122],[102,108,121],[37,62,176],[38,60,177],[39,58,175],[25,81,137],[27,79,138],[26,80,136],[54,107,170],[52,106,173],
[53,108,167],[18,47,91],[17,48,92],[16,46,93],[70,161,177],[72,158,176],[74,164,175],[52,129,163],[53,125,160],[54,127,157],
[63,103,125],[59,105,127],[61,101,129],[26,37,147],[27,38,144],[25,39,141],[56,64,139],[55,66,145],[57,68,142],[15,89,162],
[14,88,159],[13,90,165],[45,54,109],[44,52,115],[43,53,112],[15,36,185],[14,34,182],[13,35,179],[80,81,123],[79,81,122],
[79,80,121],[81,108,120],[79,107,118],[80,106,119],[51,78,154],[50,76,151],[49,77,148],[22,77,120],[23,78,119],[24,76,118],
[73,75,177],[71,75,176],[71,73,175],[74,75,117],[72,73,111],[70,71,114],[101,132,163],[105,130,157],[103,134,160],[62,95,160],
[58,99,157],[60,97,163],[69,101,156],[65,105,153],[67,103,150],[64,65,128],[66,67,126],[68,69,124],[12,63,161],[11,59,158],
[10,61,164],[60,61,128],[62,63,124],[58,59,126],[41,184,185],[42,178,179],[40,181,182],[137,184,186],[138,181,183],[136,178,180],
[9,185,186],[8,179,180],[7,182,183],[82,94,109],[84,98,115],[86,96,112],[94,107,133],[98,106,135],[96,108,131],[84,103,120],
[82,101,119],[86,105,118],[6,109,111],[5,115,117],[4,112,114],[99,116,117],[97,113,114],[95,110,111],[4,108,161],[6,107,158],
[5,106,164],[113,128,161],[110,124,158],[116,126,164],[3,14,142],[2,15,139],[1,13,145],[54,56,65],[53,55,67],[52,57,69],
[9,47,64],[8,48,66],[7,46,68],[16,90,96],[18,88,98],[17,89,94],[3,30,60],[1,28,62],[2,29,58],[3,47,78],
[1,46,77],[2,48,76],[2,83,94],[3,85,98],[1,87,96],[12,97,129],[11,95,125],[10,99,127],[21,66,99],[20,64,97],
[19,68,95],[3,30,47],[2,29,48],[1,28,46],[2,15,83],[1,13,87],[3,14,85],[1,77,96],[3,78,98],[2,76,94],
[12,97,114],[11,95,111],[10,99,117],[21,99,116],[19,95,110],[20,97,113],[85,98,135],[87,96,131],[83,94,133],[86,90,96],
[82,89,94],[84,88,98],[9,47,185],[7,46,182],[8,48,179],[28,62,124],[29,58,126],[30,60,128],[12,128,161],[10,126,164],
[11,124,158],[65,113,128],[69,110,124],[67,116,126],[60,64,97],[62,68,95],[58,66,99],[86,105,130],[84,103,134],[82,101,132],
[101,156,163],[103,150,160],[105,153,157],[4,71,114],[5,75,117],[6,73,111],[24,48,76],[23,47,78],[22,46,77],[4,81,108],
[5,80,106],[6,79,107],[103,108,120],[101,106,119],[105,107,118],[45,54,65],[44,52,69],[43,53,67],[45,82,109],[43,86,112],
[44,84,115],[13,16,90],[15,17,89],[14,18,88],[15,36,162],[13,35,165],[14,34,159],[15,64,139],[13,66,145],[14,68,142],
[21,55,66],[19,57,68],[20,56,64],[61,97,129],[63,95,125],[59,99,127],[54,56,157],[52,57,163],[53,55,160],[6,158,176],
[5,164,175],[4,161,177],[71,74,175],[70,73,177],[72,75,176],[18,47,64],[16,46,68],[17,48,66],[17,92,94],[16,93,96],
[18,91,98],[26,80,147],[27,79,144],[25,81,141],[2,39,58],[3,38,60],[1,37,62],[26,37,176],[25,39,175],[27,38,177],
[81,104,123],[80,102,121],[79,100,122],[54,104,107],[53,102,108],[52,100,106],[25,136,178],[27,137,184],[26,138,181],[59,126,130],
[61,128,132],[63,124,134],[21,51,78],[20,49,77],[19,50,76],[19,52,173],[21,53,167],[20,54,170],[12,63,83],[10,61,87],
[11,59,85],[15,185,189],[13,179,187],[14,182,188],[55,63,103],[57,61,101],[56,59,105],[30,56,65],[28,57,69],[29,55,67],
[24,51,154],[23,49,148],[22,50,151],[27,71,142],[26,73,145],[25,75,139],[2,72,139],[1,70,145],[3,74,142],[9,39,64],
[7,38,68],[8,37,66],[58,73,75],[62,71,73],[60,71,75],[61,74,117],[63,70,114],[59,72,111],[52,61,156],[53,63,150],
[54,59,153],[4,112,121],[6,109,123],[5,115,122],[69,101,173],[67,103,167],[65,105,170],[22,120,135],[24,118,131],[23,119,133],
[25,36,137],[26,35,136],[27,34,138],[50,179,188],[49,182,189],[51,185,187],[137,140,186],[136,146,180],[138,143,183],[62,114,160],
[58,111,157],[60,117,163],[9,162,186],[7,159,183],[8,165,180],[12,31,129],[10,33,127],[11,32,125],[80,100,123],[79,104,121],
[81,102,122],[42,173,178],[40,170,181],[41,167,184],[54,86,127],[53,84,125],[52,82,129],[40,47,182],[41,48,185],[42,46,179],
[43,108,131],[44,106,135],[45,107,133],[68,70,124],[66,72,126],[64,74,128],[33,130,165],[32,134,159],[31,132,162],[49,147,149],
[50,141,152],[51,144,155],[81,140,151],[80,146,148],[79,143,154],[179,182,190],[182,185,192],[179,185,191],[67,98,99],[65,96,97],
[69,94,95],[19,94,124],[20,96,128],[21,98,126],[83,160,162],[87,163,165],[85,157,159],[15,30,39],[13,29,37],[14,28,38],
[27,123,154],[25,121,151],[26,122,148],[24,57,90],[22,56,88],[23,55,89],[49,65,93],[50,69,92],[51,67,91],[38,71,143],
[39,75,140],[37,73,146],[33,180,181],[32,183,184],[31,178,186],[47,182,190],[46,179,191],[48,185,192],[100,123,154],[102,122,148],
[104,121,151],[12,31,186],[11,32,183],[10,33,180],[9,83,162],[8,87,165],[7,85,159],[143,183,184],[146,180,181],[140,178,186],
[6,27,123],[5,26,122],[4,25,121],[30,65,97],[29,67,99],[28,69,95],[19,92,94],[21,91,98],[20,93,96],[38,71,74],
[39,72,75],[37,70,73],[55,89,160],[57,90,163],[56,88,157],[14,18,38],[15,17,39],[13,16,37],[45,49,65],[43,51,67],
[44,50,69],[4,71,143],[6,73,146],[5,75,140],[87,156,163],[85,153,157],[83,150,160],[65,93,113],[67,91,116],[69,92,110],
[19,28,124],[20,30,128],[21,29,126],[48,179,190],[46,182,192],[47,185,191],[24,86,90],[23,82,89],[22,84,88],[69,76,94],
[67,78,98],[65,77,96],[15,30,47],[14,28,46],[13,29,48],[49,149,189],[51,155,187],[50,152,188],[42,69,173],[41,67,167],
[40,65,170],[3,64,74],[1,68,70],[2,66,72],[60,71,142],[58,75,139],[62,73,145],[12,15,83],[11,14,85],[10,13,87],
[19,52,156],[20,54,153],[21,53,150],[25,36,178],[27,34,184],[26,35,181],[54,86,104],[52,82,100],[53,84,102],[2,9,39],
[1,8,37],[3,7,38],[79,100,144],[81,104,141],[80,102,147],[6,26,176],[4,27,177],[5,25,175],[61,74,97],[59,72,99],
[63,70,95],[21,55,103],[20,56,105],[19,57,101],[15,64,189],[14,68,188],[13,66,187],[32,34,159],[31,36,162],[33,35,165],
[43,103,108],[45,105,107],[44,101,106],[4,81,140],[6,79,143],[5,80,146],[24,48,51],[22,46,50],[23,47,49],[44,84,134],
[45,82,132],[43,86,130],[18,60,64],[17,58,66],[16,62,68],[12,128,132],[11,124,134],[10,126,130],[22,85,135],[23,83,133],
[24,87,131],[12,114,160],[10,117,163],[11,111,157],[21,78,116],[19,76,110],[20,77,113],[34,143,166],[35,146,169],[36,140,172],
[26,169,180],[27,166,183],[25,172,186],[42,92,151],[41,91,154],[40,93,148],[44,174,178],[43,168,184],[45,171,181],[33,132,174],
[31,134,168],[32,130,171],[2,89,110],[1,90,113],[3,88,116],[78,100,149],[76,104,155],[77,102,152],[17,83,110],[18,85,116],
[16,87,113],[78,149,189],[77,152,188],[76,155,187],[18,78,116],[16,77,113],[17,76,110],[12,132,174],[10,130,171],[11,134,168],
[32,43,130],[33,45,132],[31,44,134],[4,36,140],[5,35,146],[6,34,143],[32,34,166],[33,35,169],[31,36,172],[6,26,169],
[5,25,172],[4,27,166],[76,104,141],[77,102,147],[78,100,144],[2,9,89],[3,7,88],[1,8,90],[36,174,178],[35,171,181],
[34,168,184],[1,93,113],[3,91,116],[2,92,110],[45,49,181],[44,50,178],[43,51,184],[19,42,92],[20,40,93],[21,41,91],
[6,27,183],[4,25,186],[5,26,180],[9,17,83],[8,16,87],[7,18,85],[92,104,151],[93,102,148],[91,100,154],[21,43,103],
[19,44,101],[20,45,105],[17,58,139],[16,62,145],[18,60,142],[3,64,189],[2,66,187],[1,68,188],[42,69,76],[40,65,77],
[41,67,78],[24,86,104],[22,84,102],[23,82,100],[48,51,190],[47,49,191],[46,50,192],[19,28,156],[21,29,150],[20,30,153],
[23,83,150],[24,87,156],[22,85,153],[12,89,160],[11,88,157],[10,90,163],[18,38,74],[16,37,70],[17,39,72],[30,74,97],
[28,70,95],[29,72,99],[4,143,184],[5,140,178],[6,146,181],[12,15,186],[10,13,180],[11,14,183],[15,47,190],[13,48,192],
[14,46,191],[145,147,150],[139,141,153],[142,144,156],[22,141,153],[24,144,156],[23,147,150],[30,139,153],[28,142,156],[29,145,150],
[15,186,190],[14,183,191],[13,180,192],[18,30,74],[17,29,72],[16,28,70],[24,92,104],[23,91,100],[22,93,102],[9,17,139],
[7,18,142],[8,16,145],[21,41,43],[19,42,44],[20,40,45],[51,184,190],[49,181,191],[50,178,192],[2,92,187],[1,93,188],
[3,91,189],[9,12,89],[8,10,90],[7,11,88],[42,76,141],[41,78,144],[40,77,147],[6,169,183],[5,172,180],[4,166,186],
[4,36,184],[6,34,181],[5,35,178],[32,43,166],[31,44,172],[33,45,169],[12,36,174],[11,34,168],[10,35,171],[18,78,189],
[17,76,187],[16,77,188],[166,186,190],[169,183,191],[172,180,192],[9,12,36],[8,10,35],[7,11,34],[36,184,190],[35,178,192],
[34,181,191],[41,43,166],[40,45,169],[42,44,172],[24,92,187],[23,91,189],[22,93,188],[18,30,189],[17,29,187],[16,28,188],
[9,30,139],[8,29,145],[7,28,142],[24,41,144],[23,40,147],[22,42,141],[9,30,189],[7,28,188],[8,29,187],[24,41,187],
[22,42,188],[23,40,189],[41,166,190],[42,172,192],[40,169,191],[9,36,190],[7,34,191],[8,35,192],[9,189,190],[8,187,192],
[7,188,191],[41,187,190],[40,189,191],[42,188,192]];
###############################################################

