#SurfaceInfo: 168 Vertices, 1512 Edges, 1008 Faces, IsOrientable=true
 #Vertices of faces:
vof1:=[[166,167,168],[164,165,167],[163,164,166],[161,162,166],[160,161,168],[158,159,167],[157,158,168],[155,156,167],[154,155,165],[152,153,164],
[151,152,165],[149,150,166],[147,148,166],[145,146,164],[144,149,163],[143,147,162],[142,145,163],[140,141,161],[139,140,162],[137,138,168],
[135,136,167],[133,134,168],[131,132,167],[129,130,161],[128,137,160],[127,135,159],[126,133,157],[125,131,156],[124,129,160],[122,123,158],
[120,121,158],[118,119,155],[117,122,159],[116,120,157],[115,118,156],[114,138,165],[112,113,164],[111,134,165],[109,110,166],[107,108,166],
[105,106,164],[104,120,155],[103,114,154],[112,130,153],[102,111,151],[104,109,150],[101,107,148],[105,121,146],[100,120,154],[98,99,152],
[97,143,152],[96,101,149],[95,104,147],[93,94,145],[92,98,153],[91,97,151],[90,101,150],[104,132,148],[89,93,146],[88,134,163],
[87,136,162],[86,138,163],[84,85,161],[83,156,162],[90,119,168],[82,95,167],[96,115,168],[80,81,167],[79,112,161],[125,129,149],
[78,147,152],[97,127,145],[77,88,144],[87,89,143],[76,86,142],[84,123,141],[76,83,139],[78,119,138],[95,118,136],[75,96,134],
[80,122,132],[74,129,144],[73,97,142],[71,72,140],[74,126,140],[75,131,137],[107,125,135],[78,109,133],[70,127,131],[68,69,129],
[71,77,141],[67,74,139],[75,82,138],[110,125,136],[78,108,134],[106,127,132],[66,68,130],[65,156,160],[64,148,159],[63,150,157],
[62,113,156],[61,136,160],[60,84,158],[59,105,158],[57,58,155],[58,150,159],[56,148,157],[60,146,156],[94,117,165],[55,70,164],
[89,123,165],[53,54,166],[51,52,166],[49,50,164],[48,109,155],[101,122,137],[75,135,145],[118,133,140],[47,131,149],[46,65,128],
[64,92,127],[63,66,126],[62,125,139],[45,61,124],[57,99,119],[58,102,117],[45,56,116],[60,115,128],[47,94,138],[70,93,113],
[79,123,134],[53,110,140],[51,108,145],[49,98,106],[100,122,128],[44,74,124],[42,43,122],[40,41,120],[38,39,118],[102,116,118],
[79,105,114],[80,112,121],[47,111,135],[49,109,143],[37,107,144],[53,105,130],[65,68,120],[42,103,123],[40,46,121],[38,119,126],
[36,100,117],[35,100,116],[37,115,116],[55,79,138],[113,121,136],[47,81,134],[110,113,143],[79,108,144],[106,130,148],[68,83,104],
[34,146,154],[33,132,153],[41,151,159],[32,106,150],[31,85,148],[30,110,146],[71,113,154],[57,66,152],[29,83,149],[48,86,147],
[29,46,145],[46,153,159],[28,132,151],[85,150,153],[66,146,162],[99,139,163],[69,142,162],[92,141,163],[27,37,161],[25,26,168],
[23,24,167],[21,22,168],[38,62,161],[20,119,147],[98,114,122],[93,111,118],[29,107,137],[34,85,103],[33,90,130],[41,83,102],
[32,104,117],[31,101,116],[30,115,121],[19,71,100],[29,94,96],[48,72,95],[46,77,92],[19,28,91],[85,90,126],[66,89,103],
[48,99,134],[29,69,136],[59,138,141],[37,68,85],[25,90,120],[23,82,152],[21,115,129],[24,81,161],[38,71,79],[73,98,103],
[18,56,98],[17,40,97],[16,28,101],[14,15,104],[13,61,93],[76,101,124],[76,104,151],[77,91,93],[59,88,112],[60,87,112],
[51,84,153],[14,95,154],[28,96,128],[12,80,157],[25,112,123],[40,63,129],[42,64,152],[34,68,97],[56,76,99],[40,85,143],
[61,94,102],[11,73,92],[10,73,91],[14,90,124],[12,89,91],[50,59,134],[27,60,136],[48,54,138],[29,52,156],[59,82,154],
[48,81,157],[40,58,125],[42,56,78],[60,68,127],[17,144,153],[9,130,143],[8,108,141],[7,58,132],[42,106,144],[38,110,142],
[48,103,140],[6,56,137],[20,61,133],[6,92,129],[70,108,139],[103,130,157],[72,116,160],[43,124,157],[77,121,160],[14,31,158],
[28,32,158],[5,12,155],[4,51,165],[22,26,164],[20,52,165],[30,61,155],[6,96,135],[57,95,133],[3,94,131],[88,93,140],
[71,87,145],[86,98,101],[80,84,114],[17,60,77],[9,59,89],[58,69,76],[8,82,123],[55,78,142],[27,118,124],[50,75,151],
[7,91,122],[9,42,74],[9,38,73],[6,69,131],[43,47,107],[20,41,109],[39,70,75],[17,67,70],[20,72,156],[41,57,148],
[6,43,150],[65,84,113],[14,40,60],[28,42,59],[12,58,68],[4,97,117],[22,55,149],[20,89,120],[52,54,158],[26,50,155],
[38,48,61],[44,71,89],[3,71,111],[2,74,98],[15,37,125],[16,49,78],[15,36,127],[45,75,117],[102,125,142],[45,78,139],
[127,128,144],[46,67,68],[64,85,105],[63,84,106],[62,66,109],[23,84,146],[21,105,141],[24,57,150],[36,70,142],[11,53,160],
[49,67,151],[4,99,109],[33,56,149],[45,72,111],[59,98,126],[18,44,77],[7,44,67],[49,82,117],[4,66,67],[5,66,113],
[20,26,136],[6,22,148],[47,54,160],[61,71,75],[28,47,56],[2,128,141],[19,121,127],[5,123,126],[45,104,125],[8,81,119],
[1,83,110],[1,86,108],[2,46,106],[79,93,128],[47,77,122],[75,76,118],[25,28,114],[53,81,115],[39,91,154],[18,100,151],
[126,143,154],[7,36,152],[2,11,149],[4,34,147],[1,67,145],[3,23,163],[13,21,162],[6,24,163],[22,57,162],[33,58,147],
[29,70,111],[11,69,107],[53,84,88],[51,87,105],[49,57,86],[19,79,92],[43,45,86],[8,55,99],[5,93,100],[1,73,140],
[5,14,44],[25,65,105],[18,59,80],[3,17,135],[13,53,79],[34,36,49],[2,35,37],[37,53,63],[3,39,146],[17,29,132],
[18,25,159],[34,57,110],[36,40,66],[11,40,83],[4,42,86],[3,97,139],[13,74,142],[27,81,137],[24,62,147],[14,20,58],
[35,42,92],[35,38,139],[21,38,88],[12,15,121],[15,67,143],[16,73,144],[11,15,130],[19,47,115],[32,46,131],[31,103,119],
[30,83,135],[26,29,159],[37,73,124],[13,72,119],[8,111,137],[19,39,88],[78,101,102],[13,35,103],[3,36,46],[16,35,126],
[1,35,36],[55,92,107],[6,37,83],[3,51,113],[25,52,132],[1,99,102],[8,54,96],[30,52,95],[8,50,94],[10,56,90],
[7,82,111],[10,61,115],[23,70,87],[54,80,90],[50,89,95],[18,19,137],[9,13,133],[10,35,129],[8,86,133],[12,41,95],
[18,43,96],[14,65,80],[23,64,112],[21,63,112],[9,48,90],[27,30,72],[10,44,120],[12,25,60],[10,12,31],[4,16,153],
[2,6,108],[11,74,116],[12,100,124],[31,54,133],[32,52,135],[5,50,114],[26,30,131],[28,44,117],[14,91,116],[39,44,128],
[16,18,123],[27,77,96],[7,76,94],[39,72,94],[8,88,114],[9,16,114],[15,17,65],[10,72,76],[11,21,85],[10,43,102],
[10,11,27],[4,23,106],[21,24,110],[22,23,108],[24,33,107],[22,33,109],[30,62,69],[2,55,88],[49,51,64],[22,53,62],
[26,51,82],[5,20,82],[31,33,43],[32,33,41],[5,39,87],[35,44,97],[4,7,50],[13,39,141],[25,31,81],[67,73,100],
[34,62,87],[36,74,91],[16,43,99],[1,45,69],[15,41,69],[30,65,87],[15,34,63],[2,16,64],[7,41,45],[7,18,32],
[22,52,81],[26,32,80],[19,27,65],[24,51,55],[1,3,55],[17,32,64],[1,13,62],[21,27,54],[23,50,52],[9,31,63],
[33,63,64],[2,17,19],[24,26,54],[5,9,34],[164,166,167],[161,166,168],[158,167,168],[155,165,167],[152,164,165],[149,163,166],
[147,162,166],[145,163,164],[140,161,162],[137,160,168],[135,159,167],[133,157,168],[131,156,167],[129,160,161],[122,158,159],[120,157,158],
[118,155,156],[114,154,165],[112,153,164],[111,151,165],[109,150,166],[107,148,166],[105,146,164],[120,154,155],[98,152,153],[97,151,152],
[101,149,150],[104,147,148],[93,145,146],[88,144,163],[87,143,162],[86,142,163],[84,141,161],[83,139,162],[119,138,168],[95,136,167],
[96,134,168],[80,132,167],[112,130,161],[129,144,149],[143,147,152],[97,142,145],[71,140,141],[74,139,140],[75,137,138],[125,135,136],
[78,133,134],[127,131,132],[68,129,130],[65,128,160],[64,127,159],[63,126,157],[62,125,156],[61,124,160],[84,123,158],[105,121,158],
[57,119,155],[58,117,159],[56,116,157],[60,115,156],[94,138,165],[70,113,164],[123,134,165],[53,110,166],[51,108,166],[49,106,164],
[104,109,155],[122,128,137],[127,135,145],[126,133,140],[125,131,149],[74,124,129],[42,122,123],[40,120,121],[38,118,119],[100,117,122],
[100,116,120],[115,116,118],[79,114,138],[112,113,121],[47,111,134],[109,110,143],[107,108,144],[105,106,130],[68,104,120],[34,103,154],
[33,130,153],[41,102,151],[32,104,150],[31,101,148],[30,121,146],[71,100,154],[57,99,152],[29,96,149],[48,95,147],[29,94,145],
[46,92,153],[28,91,151],[85,90,150],[106,132,148],[66,89,146],[99,134,163],[69,136,162],[138,141,163],[37,85,161],[146,156,162],
[25,90,168],[23,82,167],[21,115,168],[24,81,167],[38,79,161],[78,119,147],[98,103,114],[102,111,118],[101,107,137],[56,98,99],
[40,97,143],[28,96,101],[14,95,104],[61,93,94],[73,92,98],[73,91,97],[90,101,124],[104,132,151],[89,91,93],[59,88,134],
[60,87,136],[48,86,138],[84,85,153],[29,83,156],[90,119,126],[82,95,154],[96,115,128],[80,81,157],[79,112,123],[40,125,129],
[42,78,152],[68,97,127],[17,77,144],[9,89,143],[69,76,142],[8,123,141],[76,99,139],[55,78,138],[27,118,136],[50,75,134],
[7,122,132],[42,74,144],[38,73,142],[48,72,140],[6,131,137],[47,107,135],[20,109,133],[70,75,131],[6,69,129],[77,92,141],
[67,70,139],[59,82,138],[110,113,136],[79,108,134],[66,103,130],[72,156,160],[41,148,159],[43,150,157],[65,113,156],[121,136,160],
[14,60,158],[28,59,158],[12,58,155],[150,153,159],[130,148,157],[4,117,165],[22,55,164],[20,89,165],[52,54,166],[26,50,164],
[48,61,155],[75,96,135],[95,118,133],[47,94,131],[77,88,93],[71,87,89],[76,86,101],[76,83,104],[80,114,122],[71,72,111],
[74,98,126],[37,107,125],[49,78,109],[36,70,127],[58,68,69],[44,71,77],[44,67,74],[75,82,117],[110,125,142],[78,108,139],
[106,127,144],[66,67,68],[64,85,148],[63,106,150],[62,66,113],[20,61,136],[60,84,146],[59,105,141],[57,58,150],[6,56,148],
[94,102,117],[55,70,142],[89,103,123],[53,54,160],[51,52,165],[49,50,151],[48,99,109],[98,101,122],[71,75,145],[93,118,140],
[47,56,149],[2,46,128],[19,92,127],[5,66,126],[45,125,139],[43,45,124],[8,99,119],[45,72,116],[47,54,138],[5,93,113],
[1,110,140],[1,108,145],[2,98,106],[93,100,128],[14,44,124],[43,47,122],[20,41,120],[39,75,118],[25,105,114],[59,80,112],
[3,111,135],[53,79,105],[25,65,120],[46,77,121],[36,49,117],[35,37,116],[37,53,115],[48,81,134],[39,146,154],[17,132,153],
[18,151,159],[34,110,146],[113,143,154],[36,66,152],[11,83,149],[4,86,147],[46,67,145],[3,139,163],[13,142,162],[6,92,163],
[27,81,161],[57,66,162],[22,26,168],[24,62,161],[20,58,147],[70,93,111],[29,69,107],[46,65,68],[42,64,92],[40,63,66],
[38,62,139],[45,61,75],[58,102,125],[45,56,78],[60,127,128],[53,88,140],[51,87,145],[49,86,98],[42,43,86],[40,41,83],
[38,39,88],[101,102,116],[12,80,121],[49,67,143],[37,73,144],[11,53,130],[35,42,103],[36,40,46],[35,38,126],[35,36,100],
[55,79,92],[47,81,115],[79,128,144],[37,68,83],[33,58,132],[32,46,106],[31,85,103],[30,83,110],[3,71,113],[29,46,159],
[25,28,132],[27,37,124],[25,26,159],[23,24,163],[21,22,162],[20,72,119],[29,111,137],[9,90,130],[1,83,102],[45,104,117],
[19,115,121],[18,19,100],[8,94,96],[30,72,95],[19,39,91],[26,29,136],[34,68,85],[10,90,120],[7,82,152],[10,115,129],
[19,71,79],[73,103,140],[18,59,98],[3,17,97],[16,78,101],[15,104,125],[13,79,93],[21,88,112],[23,87,112],[51,84,113],
[25,60,112],[21,63,129],[23,64,152],[4,34,97],[85,126,143],[11,92,107],[10,12,91],[14,80,90],[12,89,95],[20,52,156],
[16,144,153],[15,130,143],[2,108,141],[18,56,137],[13,61,133],[35,92,129],[11,116,160],[12,124,157],[47,77,160],[31,54,158],
[32,52,158],[5,50,155],[48,103,157],[26,30,155],[6,83,135],[57,86,133],[3,46,131],[41,57,95],[6,43,96],[65,80,84],
[33,56,90],[28,32,117],[14,31,116],[30,61,115],[19,28,47],[38,61,71],[17,40,60],[16,28,114],[14,15,65],[76,118,124],
[75,76,151],[77,91,122],[4,51,153],[14,91,154],[28,44,128],[18,25,123],[10,56,76],[11,40,85],[10,61,102],[10,11,73],
[50,59,89],[27,60,77],[48,54,90],[29,52,132],[59,126,154],[14,40,58],[28,42,56],[12,60,68],[8,86,108],[7,58,76],
[4,42,106],[21,38,110],[23,70,108],[5,12,100],[3,39,94],[84,88,114],[5,82,123],[78,102,142],[9,13,74],[9,16,73],
[30,69,131],[33,43,107],[33,41,109],[39,70,87],[15,17,67],[22,57,148],[6,24,150],[9,42,59],[44,97,117],[2,55,149],
[44,89,120],[9,38,48],[2,11,74],[15,121,127],[51,64,105],[53,63,84],[22,62,109],[23,84,106],[21,85,105],[24,57,110],
[4,66,109],[22,33,149],[18,77,96],[4,7,67],[49,51,82],[3,23,146],[39,128,141],[16,123,126],[31,81,119],[67,100,151],
[34,62,147],[24,33,147],[17,29,70],[34,49,57],[8,82,111],[7,36,91],[15,37,63],[16,49,64],[15,34,36],[13,21,141],
[36,74,142],[4,16,99],[7,45,111],[7,18,44],[20,26,82],[6,22,108],[8,81,137],[1,45,86],[22,53,81],[1,67,73],
[11,15,69],[65,87,105],[1,55,99],[5,39,44],[18,32,80],[17,32,135],[13,53,62],[2,16,35],[35,97,139],[19,27,137],
[5,14,20],[26,32,131],[30,52,135],[13,103,119],[1,3,36],[1,13,35],[2,6,37],[24,55,107],[43,99,102],[27,54,96],
[50,52,95],[7,50,94],[9,31,133],[8,54,133],[8,55,88],[12,15,41],[73,100,124],[13,39,72],[2,19,88],[3,51,55],
[25,52,81],[8,50,114],[26,54,80],[10,35,44],[16,18,43],[63,64,112],[10,27,72],[12,25,31],[10,31,43],[74,91,116],
[5,9,114],[72,76,94],[11,21,27],[1,62,69],[27,30,65],[17,19,65],[4,23,50],[21,24,54],[22,23,52],[30,62,87],
[24,26,51],[7,32,41],[5,34,87],[41,45,69],[31,33,63],[32,33,64],[9,34,63],[2,17,64]];
###############################################################

#SurfaceInfo: 288 Vertices, 1728 Edges, 1152 Faces, IsOrientable=true
 #Vertices of faces:
vof2:=[[286,287,288],[284,285,287],[283,284,286],[281,282,286],[280,281,288],[278,279,288],[276,277,287],[275,278,287],[274,276,285],[272,273,285],
[270,271,283],[268,269,286],[267,270,284],[266,272,284],[265,268,282],[263,264,286],[261,262,282],[260,263,283],[258,259,280],[256,257,279],
[254,255,288],[252,253,287],[251,258,281],[250,261,281],[249,256,278],[248,254,279],[247,252,277],[245,246,288],[243,244,277],[242,245,280],
[240,241,287],[238,239,275],[236,237,274],[235,259,273],[233,234,285],[232,257,271],[231,252,286],[230,240,284],[229,240,275],[228,238,278],
[236,249,276],[227,243,276],[226,235,272],[225,233,273],[226,232,270],[224,231,269],[223,240,267],[221,222,285],[219,220,283],[217,218,269],
[215,216,267],[214,221,274],[213,268,284],[211,212,266],[209,210,265],[208,239,262],[207,237,260],[205,206,264],[203,204,282],[201,202,283],
[231,253,288],[200,263,281],[209,266,268],[199,211,272],[198,219,271],[197,217,268],[196,215,270],[195,252,264],[194,208,261],[207,251,263],
[193,205,263],[192,203,262],[191,201,260],[194,235,258],[190,232,256],[189,253,255],[188,241,253],[186,187,282],[184,185,280],[182,183,279],
[180,181,255],[178,179,253],[176,177,251],[175,186,265],[174,254,281],[172,173,250],[171,276,278],[169,170,248],[168,195,247],[167,212,244],
[166,210,242],[164,165,246],[162,163,277],[160,161,280],[230,241,285],[170,223,229],[159,245,278],[169,250,254],[158,172,261],[157,184,259],
[156,182,257],[155,180,254],[154,178,252],[153,176,258],[152,231,246],[151,167,243],[166,228,245],[150,164,245],[149,162,244],[160,214,242],
[190,208,238],[151,207,236],[148,230,234],[147,213,230],[145,146,249],[143,144,279],[141,142,277],[139,140,241],[137,138,275],[135,136,274],
[133,134,273],[132,165,234],[130,131,271],[129,162,252],[127,128,230],[126,142,275],[124,125,228],[122,123,249],[121,145,256],[143,191,248],
[120,141,247],[119,233,276],[118,158,227],[117,270,272],[116,210,225],[115,152,224],[213,269,283],[114,173,218],[113,206,216],[112,168,214],
[111,173,222],[118,181,220],[109,110,269],[107,108,267],[106,192,274],[200,264,282],[105,221,272],[116,227,233],[104,158,243],[107,139,240],
[103,137,239],[135,156,237],[102,133,259],[101,132,233],[102,130,257],[100,129,231],[127,137,240],[126,175,229],[99,124,238],[98,122,236],
[97,222,241],[96,213,220],[95,114,217],[113,190,215],[112,199,221],[155,173,221],[101,118,219],[94,109,218],[107,160,216],[192,198,214],
[167,194,211],[95,166,209],[113,151,205],[93,200,204],[92,202,269],[91,174,200],[90,176,226],[88,89,273],[87,145,226],[85,86,267],
[83,84,213],[82,197,266],[81,116,265],[80,131,262],[78,79,260],[77,154,264],[76,140,204],[111,125,202],[75,109,231],[73,74,200],
[72,86,266],[71,180,199],[70,176,235],[88,225,248],[69,145,232],[68,92,224],[67,85,223],[66,170,198],[83,203,268],[65,201,270],
[64,149,271],[63,121,197],[104,164,196],[62,258,261],[73,219,263],[61,170,192],[60,168,191],[59,238,256],[58,188,189],[57,97,188],
[174,255,280],[159,246,279],[87,146,181],[56,118,179],[90,165,177],[55,115,175],[54,146,187],[63,185,244],[53,183,206],[52,179,255],
[51,75,253],[50,193,251],[49,156,265],[171,275,277],[48,186,261],[66,193,219],[61,197,203],[60,196,201],[149,198,242],[47,121,217],
[104,172,215],[143,197,212],[80,134,239],[78,157,237],[88,154,206],[46,76,203],[125,150,201],[72,120,209],[71,124,211],[45,187,264],
[148,174,185],[96,159,183],[44,87,180],[43,56,178],[55,158,186],[146,186,227],[46,63,184],[42,53,182],[41,179,181],[40,51,179],
[126,177,193],[156,157,175],[114,172,190],[39,159,171],[44,169,223],[43,112,195],[90,95,164],[38,163,171],[37,161,255],[36,119,171],
[35,124,194],[34,122,251],[99,132,193],[33,106,262],[41,103,260],[31,32,174],[30,155,250],[60,61,248],[29,60,247],[28,112,242],
[27,100,246],[30,84,163],[54,161,216],[26,51,241],[55,66,229],[24,25,159],[34,85,250],[45,67,195],[23,124,208],[22,122,207],
[71,99,205],[103,191,225],[21,211,235],[20,215,232],[37,98,189],[31,182,254],[19,160,258],[89,94,259],[49,64,257],[18,155,199],
[53,70,154],[47,139,153],[17,236,243],[24,184,245],[16,149,210],[115,136,214],[31,147,148],[24,96,147],[35,125,140],[119,234,274],
[105,222,273],[65,202,271],[63,69,162],[15,128,164],[34,111,123],[14,143,256],[58,79,191],[57,95,120],[17,227,249],[13,144,212],
[33,90,142],[18,138,218],[53,136,216],[91,128,234],[12,26,230],[13,142,177],[11,150,228],[59,228,249],[19,102,247],[117,266,267],
[32,141,243],[78,150,184],[135,155,182],[16,154,162],[136,153,160],[94,157,229],[10,70,178],[47,145,176],[63,79,212],[28,103,210],
[100,106,165],[9,30,162],[68,85,169],[15,144,246],[35,44,139],[93,138,171],[92,119,136],[105,134,152],[81,132,177],[65,131,189],
[8,69,129],[15,55,127],[79,121,143],[95,104,141],[90,141,196],[49,51,140],[18,42,137],[9,53,135],[46,80,133],[128,144,165],
[42,80,130],[12,14,128],[72,123,228],[102,120,156],[56,158,194],[27,105,117],[52,65,117],[8,55,152],[34,43,173],[55,118,146],
[12,110,213],[7,108,117],[23,106,234],[37,71,151],[76,150,196],[13,64,244],[6,68,119],[5,101,227],[16,169,225],[6,136,224],
[61,66,214],[74,140,222],[39,84,220],[17,32,110],[5,100,108],[4,105,115],[15,22,152],[35,71,167],[57,72,166],[56,172,208],
[50,205,207],[23,69,148],[68,133,233],[58,81,175],[4,126,238],[3,192,236],[53,107,153],[33,41,239],[40,41,237],[19,161,259],
[2,101,193],[14,144,257],[23,100,132],[22,80,137],[10,83,98],[82,209,217],[115,135,221],[57,130,219],[3,94,170],[28,160,168],
[57,131,198],[91,93,119],[91,127,148],[37,84,180],[83,204,265],[48,187,262],[73,220,260],[18,21,109],[74,97,139],[54,86,123],
[88,94,235],[31,183,248],[49,149,232],[44,67,68],[24,43,67],[20,196,226],[54,89,206],[21,199,226],[35,64,202],[13,34,86],
[2,82,179],[11,77,128],[39,74,204],[36,202,218],[7,77,200],[4,134,224],[3,157,223],[62,250,251],[24,185,242],[36,92,217],
[6,85,215],[28,107,137],[101,130,133],[3,100,109],[81,99,126],[98,131,192],[40,156,209],[14,102,195],[23,29,129],[8,22,127],
[10,122,176],[18,112,173],[61,143,168],[64,111,140],[84,161,181],[5,17,109],[5,42,107],[58,116,186],[89,114,222],[37,81,83],
[38,82,117],[48,131,188],[73,79,97],[60,76,125],[29,123,125],[1,21,75],[70,88,183],[69,149,185],[44,47,92],[43,85,172],
[45,87,199],[35,92,153],[12,19,84],[2,46,197],[5,116,132],[9,63,78],[9,11,154],[89,111,218],[7,74,105],[8,122,145],
[68,134,225],[67,102,157],[69,121,190],[15,104,151],[26,48,62],[19,62,163],[14,59,77],[1,79,188],[47,95,97],[8,123,146],
[7,52,174],[38,50,62],[20,49,204],[41,56,220],[23,99,190],[16,166,198],[48,58,65],[1,57,73],[28,116,191],[4,59,110],
[10,81,189],[78,135,175],[25,187,206],[32,147,185],[25,147,183],[36,52,82],[6,20,75],[2,50,51],[97,114,121],[56,70,96],
[104,113,114],[37,99,113],[24,45,112],[15,158,167],[11,164,166],[20,21,93],[16,88,170],[80,98,203],[58,78,201],[29,31,120],
[1,72,211],[4,142,239],[3,106,237],[9,46,150],[20,51,76],[39,83,96],[30,169,180],[77,178,195],[67,133,184],[120,130,182],
[40,49,210],[66,115,126],[36,38,65],[108,139,223],[39,73,93],[129,163,247],[32,142,244],[127,138,229],[25,45,205],[33,87,187],
[41,106,208],[40,103,207],[22,98,151],[70,153,194],[13,33,165],[89,113,161],[27,74,108],[27,39,163],[27,38,159],[52,178,189],
[29,72,124],[2,66,118],[31,60,141],[12,30,62],[6,86,216],[25,26,50],[44,45,71],[22,103,134],[21,94,138],[4,7,32],
[9,42,155],[2,61,76],[5,18,28],[33,54,181],[25,38,48],[64,144,167],[3,17,108],[10,43,96],[7,17,59],[1,86,212],
[47,87,90],[10,34,177],[11,12,59],[14,19,168],[8,29,148],[36,91,138],[52,77,91],[27,129,152],[75,110,224],[13,54,111],
[26,110,147],[40,50,82],[1,6,93],[42,46,101],[11,16,30],[26,75,188],[284,286,287],[281,286,288],[278,287,288],[276,285,287],
[272,284,285],[270,283,284],[268,282,286],[263,283,286],[261,281,282],[258,280,281],[256,278,279],[254,279,288],[252,277,287],[245,280,288],
[243,276,277],[240,275,287],[238,275,278],[236,274,276],[235,272,273],[233,273,285],[232,270,271],[231,269,286],[240,267,284],[221,274,285],
[219,271,283],[217,268,269],[215,267,270],[266,268,284],[211,266,272],[209,265,268],[252,264,286],[208,261,262],[207,260,263],[205,263,264],
[203,262,282],[201,260,283],[235,258,259],[232,256,257],[253,255,288],[241,253,287],[251,263,281],[186,265,282],[184,259,280],[182,257,279],
[180,254,255],[178,252,253],[176,251,258],[250,254,281],[172,250,261],[249,276,278],[169,248,254],[195,247,252],[231,246,288],[167,243,244],
[166,242,245],[164,245,246],[162,244,277],[160,242,280],[208,238,239],[207,236,237],[230,234,285],[213,230,284],[223,229,240],[228,245,278],
[145,249,256],[143,248,279],[141,247,277],[139,240,241],[137,239,275],[135,237,274],[133,259,273],[132,233,234],[130,257,271],[129,231,252],
[127,230,240],[126,229,275],[124,228,238],[122,236,249],[227,233,276],[158,227,243],[226,270,272],[116,225,233],[152,224,231],[222,241,285],
[213,220,283],[114,217,218],[113,215,216],[112,214,221],[173,221,222],[118,219,220],[109,218,269],[107,216,267],[192,214,274],[167,211,212],
[166,209,210],[113,205,206],[200,204,282],[202,269,283],[174,200,281],[199,221,272],[176,226,235],[88,225,273],[145,226,232],[92,224,269],
[85,223,267],[83,213,268],[197,212,266],[116,210,265],[80,239,262],[78,237,260],[154,206,264],[76,203,204],[125,201,202],[75,231,253],
[73,200,263],[72,209,266],[71,199,211],[66,198,219],[197,203,268],[196,201,270],[149,198,271],[121,197,217],[104,196,215],[194,258,261],
[193,219,263],[61,192,203],[60,191,201],[190,238,256],[188,189,253],[97,188,241],[187,264,282],[174,185,280],[159,183,279],[87,180,181],
[56,178,179],[90,176,177],[55,175,186],[146,186,187],[63,184,185],[53,182,183],[179,181,255],[51,179,253],[177,193,251],[156,175,265],
[114,172,173],[159,171,278],[169,170,223],[112,168,195],[90,164,165],[163,171,277],[161,255,280],[119,171,276],[158,186,261],[45,195,264],
[124,194,208],[122,207,251],[99,193,205],[106,192,262],[103,191,260],[194,211,235],[190,215,232],[37,189,255],[31,174,254],[155,173,250],
[61,170,248],[60,168,247],[63,212,244],[28,210,242],[100,165,246],[30,162,163],[160,161,216],[26,230,241],[66,170,229],[24,159,245],
[85,169,250],[104,158,172],[78,157,184],[135,156,182],[155,182,254],[154,162,252],[153,160,258],[94,157,259],[49,156,257],[155,180,199],
[70,154,178],[47,153,176],[151,236,243],[150,184,245],[16,149,162],[136,160,214],[147,148,230],[96,147,213],[87,145,146],[144,246,279],
[142,275,277],[35,139,140],[138,171,275],[119,136,274],[105,134,273],[132,165,177],[65,131,271],[69,129,162],[15,127,128],[35,124,125],
[34,122,123],[121,143,256],[79,143,191],[95,120,141],[146,227,249],[143,144,212],[90,141,142],[51,140,241],[18,137,138],[53,135,136],
[80,133,134],[128,165,234],[80,130,131],[12,128,230],[126,142,177],[125,150,228],[123,228,249],[47,121,145],[191,225,248],[102,120,247],
[56,118,158],[105,117,272],[65,117,270],[55,115,152],[34,111,173],[118,146,181],[110,213,269],[108,117,267],[106,234,274],[104,141,243],
[15,152,246],[71,151,167],[72,166,228],[150,164,196],[64,149,244],[198,214,242],[172,190,208],[151,205,207],[23,148,234],[68,119,233],
[101,118,227],[16,210,225],[115,136,224],[18,173,218],[53,206,216],[61,168,214],[111,140,222],[84,181,220],[17,109,110],[5,107,108],
[77,200,264],[105,115,221],[116,186,227],[107,137,240],[28,103,137],[102,130,133],[101,133,233],[100,109,231],[81,126,175],[99,126,238],
[98,192,236],[107,139,153],[41,103,239],[40,156,237],[19,102,259],[101,132,193],[14,102,257],[23,100,129],[22,127,137],[157,175,229],
[71,99,124],[10,98,122],[95,209,217],[135,155,221],[101,130,219],[3,94,109],[28,107,160],[131,192,198],[91,93,200],[91,148,174],
[89,222,273],[86,266,267],[37,83,84],[82,117,266],[81,83,265],[48,131,262],[73,79,260],[76,125,140],[111,123,125],[21,75,109],
[73,74,97],[37,71,180],[72,86,123],[70,88,235],[88,183,248],[69,149,232],[44,68,92],[43,67,85],[90,196,226],[88,89,206],
[87,199,226],[35,92,202],[34,85,86],[12,84,213],[2,82,197],[81,116,132],[63,78,79],[11,77,154],[74,140,204],[111,202,218],
[7,74,200],[10,70,176],[8,69,145],[68,134,224],[67,157,223],[64,202,271],[63,69,121],[15,104,164],[48,62,261],[19,62,258],
[14,59,256],[58,79,188],[57,95,97],[54,123,146],[52,174,255],[50,62,251],[49,204,265],[149,185,242],[47,92,217],[85,172,215],
[97,114,222],[56,96,220],[95,104,114],[99,113,190],[45,112,199],[89,94,218],[158,167,194],[95,164,166],[104,113,151],[20,93,204],
[16,170,198],[83,98,203],[58,65,201],[46,63,197],[57,73,219],[3,170,192],[28,168,191],[4,59,238],[58,81,189],[57,131,188],
[27,159,246],[2,118,179],[115,135,175],[54,187,206],[32,185,244],[25,183,206],[52,82,179],[20,51,75],[2,50,193],[48,58,186],
[66,126,193],[61,143,197],[60,141,196],[16,88,154],[46,80,203],[78,150,201],[29,72,120],[72,124,211],[120,156,209],[4,134,239],
[3,157,237],[46,76,150],[39,96,159],[44,169,180],[43,178,195],[46,133,184],[42,130,182],[40,41,179],[40,49,51],[102,156,157],
[36,38,171],[44,139,223],[39,93,171],[36,92,119],[23,99,132],[33,187,262],[41,220,260],[34,250,251],[31,32,141],[30,62,250],
[31,60,248],[29,129,247],[24,112,242],[30,84,180],[54,86,216],[26,50,51],[55,127,229],[24,25,45],[45,87,187],[44,45,67],
[23,106,208],[22,103,207],[45,71,205],[103,134,225],[21,94,235],[20,49,232],[37,98,151],[8,22,122],[35,153,194],[33,106,165],
[37,113,161],[7,32,174],[9,30,155],[60,61,76],[29,60,125],[18,28,112],[27,100,108],[39,84,163],[54,161,181],[55,66,118],
[25,38,159],[67,102,195],[23,29,124],[1,21,211],[6,20,215],[98,131,189],[89,161,259],[64,144,257],[18,21,199],[53,70,153],
[47,97,139],[17,32,243],[3,17,236],[31,147,183],[24,43,96],[17,59,249],[13,86,212],[33,87,90],[91,119,234],[13,34,177],
[11,59,228],[19,163,247],[94,138,229],[10,178,189],[122,145,176],[69,148,185],[70,96,183],[44,47,87],[43,56,172],[15,55,158],
[42,53,107],[33,41,181],[114,121,190],[43,112,173],[47,90,95],[38,62,163],[31,120,182],[19,160,168],[49,64,140],[18,42,155],
[9,53,154],[24,67,184],[49,149,210],[66,115,214],[29,31,148],[24,147,185],[74,105,222],[36,65,202],[9,63,162],[11,128,164],
[14,143,168],[58,116,191],[57,120,130],[5,17,227],[13,144,165],[33,142,239],[36,138,218],[6,136,216],[77,91,128],[12,26,62],
[13,142,244],[9,11,150],[92,136,153],[3,100,106],[6,68,85],[68,169,225],[1,79,212],[40,103,210],[27,105,152],[52,65,189],
[8,129,152],[42,80,137],[9,78,135],[14,128,144],[12,14,19],[7,52,117],[27,38,117],[20,76,196],[6,75,224],[39,73,220],
[5,100,132],[12,59,110],[4,115,126],[15,144,167],[15,22,151],[35,64,167],[57,166,198],[41,56,208],[40,50,207],[23,69,190],
[1,57,72],[13,64,111],[6,93,119],[5,42,101],[16,30,169],[2,61,66],[32,110,147],[4,7,105],[22,134,152],[35,44,71],
[25,50,205],[41,106,237],[22,80,98],[10,83,96],[36,82,217],[40,82,209],[8,127,148],[20,21,226],[39,83,204],[4,110,224],
[3,108,223],[14,77,195],[21,93,138],[10,81,177],[79,97,121],[56,70,194],[8,55,146],[10,34,43],[7,17,108],[67,68,133],
[58,78,175],[19,84,161],[2,46,101],[88,94,170],[91,127,138],[25,48,187],[5,18,109],[74,108,139],[54,89,111],[27,39,74],
[7,59,77],[37,81,99],[26,48,188],[1,75,188],[5,28,116],[2,51,76],[89,113,114],[11,16,166],[38,48,65],[1,73,93],
[25,26,147],[36,52,91],[52,77,178],[27,129,163],[38,50,82],[8,29,123],[4,32,142],[9,42,46],[13,33,54],[11,12,30],
[26,75,110],[1,6,86]];
###############################################################

