#SurfaceInfo: 1260 Vertices, 7560 Edges, 5040 Faces, IsOrientable=true
 #Vertices of faces:
vof1:=[[1258,1259,1260],[1256,1257,1259],[1254,1255,1258],[1253,1256,1258],[1251,1252,1260],[1249,1250,1259],[1248,1254,1260],[1246,1247,1257],[1244,1245,1258],[1242,1243,1256\
],
[1241,1251,1259],[1240,1249,1257],[1238,1239,1255],[1236,1237,1253],[1234,1235,1260],[1232,1233,1259],[1230,1231,1254],[1229,1246,1256],[1228,1244,1255],[1227,1242,1253],
[1225,1226,1252],[1223,1224,1250],[1221,1222,1248],[1219,1220,1257],[1217,1218,1258],[1215,1216,1256],[1213,1214,1251],[1211,1212,1249],[1210,1238,1254],[1209,1236,1258],
[1208,1234,1252],[1207,1232,1250],[1206,1230,1248],[1204,1205,1247],[1202,1203,1245],[1200,1201,1243],[1198,1199,1241],[1196,1197,1240],[1194,1195,1255],[1192,1193,1253],
[1190,1191,1260],[1189,1198,1259],[1187,1188,1254],[1185,1186,1246],[1183,1184,1244],[1181,1182,1242],[1180,1225,1251],[1179,1223,1249],[1178,1221,1260],[1177,1219,1247],
[1176,1217,1245],[1175,1215,1243],[1174,1213,1241],[1173,1211,1240],[1171,1172,1239],[1169,1170,1237],[1167,1168,1235],[1165,1166,1233],[1163,1164,1231],[1161,1162,1229],
[1159,1160,1228],[1157,1158,1227],[1155,1156,1252],[1153,1154,1250],[1151,1152,1248],[1149,1150,1257],[1148,1161,1256],[1146,1147,1251],[1144,1145,1249],[1142,1143,1238],
[1140,1141,1236],[1138,1139,1234],[1136,1137,1232],[1134,1135,1230],[1133,1204,1246],[1132,1202,1244],[1131,1200,1242],[1130,1196,1257],[1129,1194,1239],[1128,1192,1237],
[1127,1190,1235],[1126,1189,1233],[1125,1187,1231],[1124,1185,1229],[1123,1183,1228],[1122,1181,1227],[1120,1121,1226],[1118,1119,1224],[1116,1117,1222],[1114,1115,1220],
[1112,1113,1218],[1110,1111,1216],[1108,1109,1214],[1106,1107,1212],[1104,1105,1210],[1103,1209,1218],[1101,1102,1208],[1099,1100,1207],[1097,1098,1206],[1095,1096,1247],
[1093,1094,1245],[1091,1092,1243],[1089,1090,1241],[1087,1088,1240],[1085,1086,1255],[1083,1084,1253],[1082,1104,1254],[1080,1081,1246],[1079,1161,1244],[1077,1078,1242],
[1075,1076,1225],[1073,1074,1223],[1071,1072,1221],[1069,1070,1219],[1067,1068,1217],[1065,1066,1215],[1063,1064,1213],[1061,1062,1211],[1060,1171,1238],[1059,1169,1236],
[1058,1167,1234],[1057,1165,1232],[1056,1163,1230],[1055,1159,1255],[1054,1157,1253],[1053,1155,1226],[1052,1153,1224],[1051,1151,1222],[1050,1149,1220],[1049,1148,1216],
[1048,1146,1214],[1047,1144,1212],[1046,1142,1210],[1045,1140,1209],[1044,1138,1208],[1043,1136,1207],[1042,1134,1206],[1040,1041,1205],[1038,1039,1203],[1036,1037,1201],
[1034,1035,1199],[1032,1033,1197],[1030,1031,1195],[1028,1029,1193],[1026,1027,1191],[1024,1025,1198],[1022,1023,1188],[1020,1021,1186],[1018,1019,1184],[1017,1030,1182],
[1016,1144,1180],[1014,1015,1179],[1013,1178,1191],[1011,1012,1177],[1009,1010,1176],[1007,1008,1175],[1005,1006,1174],[1003,1004,1173],[1001,1002,1239],[1000,1053,1237],
[999,1037,1235],[997,998,1233],[995,996,1231],[994,1127,1229],[1099,1131,1228],[992,993,1227],[990,991,1252],[988,989,1250],[986,987,1248],[985,1144,1251],
[984,1014,1249],[982,983,1238],[980,981,1236],[979,1104,1234],[978,1218,1232],[976,977,1230],[974,975,1204],[972,973,1202],[970,971,1200],[1048,1058,1196],
[968,969,1194],[966,967,1192],[964,965,1190],[962,963,1189],[961,1059,1187],[959,960,1185],[957,958,1183],[955,956,1181],[954,1120,1225],[953,1118,1223],
[952,1116,1221],[951,1114,1219],[950,1112,1217],[949,1110,1215],[1087,1108,1213],[948,1106,1211],[947,1101,1252],[946,1099,1250],[945,1097,1248],[1095,1156,1205],
[944,1093,1203],[943,1091,1201],[942,1089,1199],[941,1087,1197],[940,1085,1195],[1083,1090,1193],[939,1082,1188],[938,1080,1186],[937,1161,1184],[936,1077,1182],
[935,1075,1180],[934,1073,1179],[933,1071,1178],[932,1069,1177],[931,1067,1176],[930,1065,1175],[929,1063,1174],[928,1061,1173],[926,927,1172],[924,925,1170],
[922,923,1168],[920,921,1166],[919,1154,1164],[918,937,1162],[916,917,1160],[914,915,1158],[912,913,1156],[910,911,1152],[908,909,1150],[906,907,1161],
[904,905,1147],[902,903,1145],[900,901,1143],[898,899,1141],[896,897,1139],[895,1002,1137],[894,912,1135],[893,1077,1133],[892,959,1132],[890,891,1131],
[889,1130,1150],[888,903,1129],[886,887,1128],[885,1088,1127],[883,884,1126],[881,882,1125],[879,880,1124],[877,878,1123],[876,945,1122],[874,875,1226],
[872,873,1224],[871,1177,1222],[1001,1172,1220],[869,870,1218],[867,868,1216],[865,866,1214],[863,864,1212],[1007,1207,1210],[862,1050,1209],[1009,1056,1208],
[860,861,1206],[858,859,1247],[857,1083,1245],[856,885,1243],[855,989,1241],[853,854,1240],[852,1077,1246],[851,892,1244],[850,890,1242],[848,849,1225],
[846,847,1223],[844,845,1221],[843,1014,1219],[842,1191,1217],[841,1198,1215],[839,840,1213],[837,838,1211],[835,836,1171],[834,944,1169],[832,833,1167],
[831,874,1165],[829,830,1163],[1159,1175,1179],[938,951,1157],[827,828,1155],[825,826,1153],[823,824,1151],[821,822,1149],[819,820,1148],[818,952,1146],
[817,1003,1142],[816,871,1140],[814,815,1138],[812,813,1136],[810,811,1134],[809,1040,1204],[1000,1038,1202],[808,1036,1200],[1034,1066,1198],[807,1032,1196],
[806,1030,1194],[1028,1072,1192],[805,1026,1190],[804,1024,1189],[803,1022,1187],[992,1020,1185],[802,1018,1183],[801,1017,1181],[800,1011,1247],[799,1009,1245],
[798,1007,1243],[797,1005,1241],[1003,1098,1240],[1000,1096,1170],[796,999,1168],[997,1075,1166],[795,995,1164],[794,994,1162],[793,1131,1160],[792,992,1158],
[963,990,1156],[791,988,1154],[986,1152,1193],[790,985,1147],[789,984,1145],[788,982,1143],[980,1071,1141],[787,1104,1139],[786,1137,1218],[785,976,1135],
[784,974,1133],[783,972,1132],[782,970,1131],[781,1048,1130],[780,968,1129],[779,966,1128],[778,964,1127],[777,962,1126],[776,961,1125],[775,959,1124],
[774,957,1123],[773,955,1122],[771,772,1121],[770,771,1119],[768,769,1117],[766,767,1115],[765,846,1113],[763,764,1111],[762,1094,1109],[761,1092,1107],
[760,787,1105],[759,786,1103],[757,758,1102],[755,756,1100],[753,754,1098],[751,752,1096],[749,750,1090],[747,748,1088],[745,746,1086],[743,744,1084],
[890,1014,1104],[742,849,1081],[740,741,1079],[738,739,1078],[736,737,1076],[734,735,1074],[732,733,1072],[730,731,1070],[729,875,1068],[790,873,1066],
[766,1064,1114],[728,751,1062],[727,976,1060],[817,906,1058],[726,816,1057],[724,725,1056],[723,1055,1086],[722,1054,1084],[741,822,1053],[721,739,1052],
[719,720,1051],[993,1050,1086],[717,718,1049],[716,994,1048],[714,715,1047],[712,713,1046],[710,711,1045],[709,960,1044],[707,708,1043],[706,797,1042],
[704,705,1205],[702,703,1203],[999,1018,1201],[953,1129,1199],[1064,1128,1197],[874,1121,1195],[872,1119,1193],[700,701,1191],[698,699,1198],[696,697,1188],
[694,695,1186],[692,693,1184],[690,691,1182],[881,1176,1180],[689,940,1178],[883,948,1177],[687,688,1174],[685,686,1173],[683,684,1239],[681,682,1237],
[680,986,1235],[679,1190,1233],[941,1100,1231],[678,885,1229],[677,946,1228],[675,676,1227],[674,976,1238],[673,1187,1236],[672,906,1234],[671,726,1232],
[670,724,1230],[668,669,1204],[666,667,1202],[664,665,1200],[663,817,1196],[662,892,1194],[661,890,1192],[660,1150,1189],[658,659,1185],[656,657,1183],
[655,719,1181],[653,654,1120],[651,652,1118],[650,796,1116],[648,649,1114],[647,1095,1112],[646,704,1110],[644,645,1108],[642,643,1106],[1101,1125,1132],
[788,806,1097],[641,913,1095],[639,640,1093],[637,638,1091],[635,636,1089],[633,634,1087],[948,1012,1085],[632,799,1083],[630,631,1082],[629,807,1080],
[877,1015,1075],[628,876,1073],[651,953,1071],[626,627,1069],[624,625,1067],[622,623,1065],[620,621,1063],[618,619,1061],[617,926,1171],[616,924,1169],
[871,922,1167],[920,1155,1165],[615,919,1163],[909,916,1159],[614,914,1157],[613,912,1155],[896,1153,1164],[910,1025,1151],[612,908,1149],[611,906,1148],
[610,904,1146],[670,902,1144],[860,900,1142],[898,1140,1151],[821,896,1138],[609,1002,1136],[608,894,1134],[607,903,1239],[606,886,1237],[853,1088,1235],
[883,965,1233],[756,881,1231],[605,879,1229],[877,1006,1228],[876,1004,1227],[871,1002,1117],[604,1001,1115],[869,1113,1185],[867,974,1111],[714,865,1109],
[603,863,1107],[602,1007,1105],[601,862,1103],[856,1056,1102],[600,1100,1210],[599,860,1098],[820,858,1096],[598,857,1094],[597,856,1092],[989,1090,1152],
[852,1019,1081],[685,851,1079],[596,850,1078],[784,848,1076],[754,846,1074],[844,1024,1072],[595,1014,1070],[594,1068,1191],[593,839,1064],[592,837,1062],
[835,938,1060],[591,944,1059],[590,832,1058],[589,831,1057],[588,829,1056],[587,1055,1175],[725,938,1054],[586,827,1053],[585,825,1052],[691,823,1051],
[584,821,1050],[583,819,1049],[582,818,1048],[581,1016,1047],[580,817,1046],[579,816,1045],[578,814,1044],[577,812,1043],[576,810,1042],[772,927,1041],
[575,1039,1040],[574,772,1037],[572,573,1035],[570,571,1033],[707,1017,1031],[568,569,1029],[567,666,1027],[566,664,1025],[564,565,1023],[667,998,1021],
[915,996,1019],[563,595,1015],[562,594,1013],[560,561,1012],[558,559,1010],[556,557,1008],[555,761,1006],[554,910,1004],[552,553,1002],[551,559,1127],
[550,891,1099],[549,753,993],[548,807,991],[546,547,989],[545,825,987],[724,892,1144],[544,983,1081],[543,669,981],[668,979,1011],[542,870,978],
[540,541,977],[538,539,975],[537,543,973],[535,536,971],[534,716,1058],[532,533,969],[531,806,967],[530,965,1096],[529,705,963],[703,1049,1059],
[568,960,1028],[528,552,958],[527,586,956],[526,839,954],[780,837,953],[628,951,1112],[525,651,950],[524,949,1063],[747,907,1087],[523,933,948],
[522,947,991],[521,946,989],[520,945,987],[542,799,1156],[519,541,944],[518,943,1023],[516,517,942],[515,941,977],[861,940,991],[513,514,939],
[512,862,938],[511,937,943],[510,703,936],[508,509,935],[507,630,934],[505,506,933],[504,871,932],[502,503,931],[501,615,930],[500,929,1054],
[499,605,928],[497,498,1172],[496,973,1170],[494,495,1168],[493,881,1166],[808,1052,1162],[1051,1160,1182],[960,1158,1208],[704,1041,1154],[702,1039,1152],
[491,492,1150],[490,740,1161],[570,665,1147],[488,489,1145],[486,487,1143],[485,689,1141],[483,484,1139],[481,482,1137],[479,480,1135],[714,1126,1133],
[791,866,1130],[786,802,1129],[717,801,1128],[478,650,1124],[476,477,1123],[474,475,1122],[472,473,1226],[471,737,1224],[469,470,1222],[468,853,1220],
[467,1149,1216],[793,1010,1214],[792,1008,1212],[466,1086,1209],[465,799,1208],[464,798,1207],[463,521,1206],[462,839,1225],[461,837,1223],[460,1146,1221],
[765,1112,1219],[459,525,1217],[458,524,1215],[490,907,1213],[457,523,1211],[456,902,1171],[455,905,1169],[454,921,1167],[452,453,1165],[867,899,1163],
[451,1015,1159],[450,628,1157],[449,906,1155],[540,726,1153],[448,724,1151],[447,1084,1148],[445,446,1142],[443,444,1140],[442,504,1138],[613,823,1136],
[441,516,1134],[439,440,1040],[437,438,1038],[435,436,1036],[609,1034,1052],[594,604,1032],[433,434,1030],[432,514,1028],[431,1001,1026],[437,1000,1024],
[430,497,1022],[429,460,1020],[428,539,1018],[426,427,1017],[1011,1047,1057],[613,784,1005],[754,896,1003],[425,752,1000],[424,743,999],[423,433,997],
[422,781,995],[421,733,994],[419,420,1131],[418,657,992],[802,888,990],[801,887,988],[675,853,986],[416,417,985],[415,420,984],[414,909,982],
[413,614,980],[707,891,974],[412,706,972],[844,970,1097],[435,808,1048],[410,411,968],[408,409,966],[406,407,964],[404,405,962],[402,403,961],
[400,401,959],[399,773,957],[576,578,955],[398,771,1120],[397,770,1118],[396,768,1116],[763,1095,1110],[395,762,1108],[761,877,1106],[746,757,1101],
[744,755,1099],[394,753,1097],[393,751,1095],[1093,1106,1109],[730,1091,1107],[749,1089,1141],[392,745,1085],[391,743,1083],[455,1014,1082],[390,742,1080],
[457,738,1077],[687,736,1075],[685,734,1073],[732,1071,1089],[632,730,1069],[834,875,1067],[511,873,1065],[389,766,1063],[388,728,1061],[387,741,1226],
[739,757,1224],[386,719,1222],[675,993,1220],[717,822,1216],[559,994,1214],[557,714,1212],[385,712,1210],[384,710,1209],[707,880,1207],[706,878,1206],
[875,953,1035],[873,1033,1064],[452,874,1031],[403,872,1029],[700,1027,1142],[698,1025,1140],[696,835,1023],[694,703,1021],[383,692,1019],[382,690,1030],
[381,881,1016],[380,689,1013],[379,1010,1180],[378,1008,1179],[377,687,1006],[376,685,1004],[631,683,1002],[681,1053,1068],[375,680,1037],[374,679,998],
[633,941,996],[674,897,983],[673,895,981],[476,672,979],[474,671,978],[592,670,977],[591,668,975],[666,761,973],[554,664,971],[373,892,969],
[483,890,967],[688,963,1150],[372,658,960],[371,656,958],[370,655,956],[653,788,954],[369,796,952],[625,648,951],[368,647,950],[367,646,949],
[523,644,1087],[366,642,948],[638,947,1125],[747,788,945],[365,639,944],[637,727,943],[480,635,942],[364,940,948],[363,632,1090],[362,630,939],
[361,629,938],[360,893,936],[384,935,1015],[359,628,934],[358,651,933],[626,811,932],[357,624,931],[356,622,930],[618,620,929],[618,810,928],
[771,925,927],[355,923,926],[365,921,924],[353,354,918],[352,868,917],[398,544,915],[502,894,913],[350,351,911],[349,452,909],[672,907,982],
[347,348,905],[345,346,903],[454,870,901],[453,868,899],[754,866,897],[864,895,1117],[373,568,959],[344,483,891],[343,688,889],[346,686,888],
[342,607,887],[341,798,885],[340,498,884],[339,493,882],[338,880,1031],[337,749,878],[335,336,875],[334,593,873],[333,498,1050],[332,725,1009],
[555,623,861],[552,614,859],[331,345,1083],[329,330,885],[328,639,855],[327,637,854],[523,726,1077],[439,849,983],[768,847,981],[326,456,845],
[455,843,886],[468,701,842],[530,699,841],[324,325,840],[323,687,838],[321,322,836],[519,683,834],[320,326,833],[347,874,904],[318,319,830],
[512,636,951],[316,317,828],[314,315,826],[313,613,824],[312,496,820],[495,939,952],[350,910,1003],[311,335,815],[334,610,813],[310,658,809],
[586,656,1000],[585,655,808],[412,806,1026],[309,437,805],[308,435,804],[307,803,1181],[753,992,1113],[782,802,804],[307,781,801],[306,800,859],
[305,797,855],[304,854,1098],[303,325,796],[302,795,905],[368,392,794],[301,793,840],[300,792,838],[686,791,859],[298,299,790],[320,789,832],
[531,689,788],[297,787,795],[296,495,785],[294,295,784],[293,416,783],[420,479,782],[292,533,781],[291,779,1064],[290,767,778],[289,358,777],
[395,577,776],[505,775,1178],[288,385,774],[287,384,773],[286,574,1121],[285,749,1119],[284,833,1117],[283,509,1115],[282,994,1113],[281,714,1111],
[615,944,1105],[943,1060,1103],[942,1102,1135],[497,927,1094],[925,973,1092],[494,923,1090],[493,921,1088],[279,280,1086],[277,278,1084],[668,850,1104],
[275,276,1079],[273,274,1078],[272,415,1076],[270,271,1074],[421,962,1072],[387,787,1070],[268,269,1068],[267,299,1066],[266,713,1062],[598,1055,1092],
[597,695,1054],[594,821,1053],[513,608,1051],[609,611,1046],[541,594,1045],[561,789,1044],[264,265,1043],[262,263,1042],[260,261,1205],[259,1021,1203],
[258,539,1201],[256,257,1199],[255,599,1197],[374,946,1195],[254,675,1193],[253,1085,1188],[600,884,1186],[599,882,1184],[252,991,1178],[469,965,1177],
[266,756,1176],[366,632,1174],[251,341,1173],[565,658,1204],[250,656,1202],[249,655,1200],[448,1080,1196],[567,1026,1194],[566,1024,1192],[248,309,1190],
[308,580,1189],[307,524,1187],[247,782,1183],[246,740,1120],[245,738,1118],[478,1111,1116],[246,764,1114],[244,641,1112],[243,762,1110],[696,733,1108],
[242,959,1101],[241,412,1097],[324,525,1093],[323,524,1091],[240,907,1089],[239,987,1082],[238,423,1075],[236,237,1073],[235,413,1071],[234,291,1069],
[635,951,1067],[393,633,1065],[233,886,1063],[232,368,1061],[231,742,926],[230,318,924],[229,816,922],[228,449,920],[227,711,919],[452,883,916],
[403,688,914],[225,226,912],[224,322,1164],[223,299,910],[222,872,908],[221,574,904],[220,285,902],[300,841,900],[219,448,898],[218,322,896],
[216,217,894],[903,937,950],[886,936,949],[393,591,879],[554,730,876],[443,553,871],[225,659,869],[280,322,867],[215,587,865],[214,725,863],
[213,664,1007],[212,534,862],[211,597,1056],[210,442,860],[609,721,858],[608,720,857],[209,562,852],[211,694,851],[428,712,850],[295,746,848],
[208,744,846],[207,394,844],[502,725,835],[206,500,832],[205,499,831],[698,829,1005],[615,711,1175],[204,527,827],[203,532,825],[202,376,823],
[218,463,821],[201,590,819],[200,549,818],[395,796,1016],[198,199,817],[196,197,816],[195,576,814],[522,812,1042],[769,772,1040],[251,575,1038],
[194,574,1036],[193,572,1034],[269,570,1032],[564,1001,1022],[192,667,1020],[915,960,1018],[547,560,1011],[545,558,1009],[556,1007,1027],[191,555,1005],
[190,552,1001],[997,1017,1021],[532,995,1019],[189,548,990],[188,546,988],[314,825,986],[478,892,985],[848,890,984],[187,544,982],[528,543,980],
[247,540,976],[478,538,974],[476,537,972],[474,535,970],[532,675,968],[806,964,966],[650,964,1096],[705,962,1076],[297,703,961],[186,528,957],
[185,527,955],[184,542,1205],[541,1032,1203],[560,1023,1201],[183,516,1199],[182,977,1197],[521,861,1195],[513,1012,1188],[498,862,1186],[339,943,1184],
[703,917,1182],[181,508,1180],[180,630,1179],[502,713,1176],[500,709,1174],[499,708,1173],[705,808,918],[243,704,919],[549,702,911],[491,909,1073],
[653,665,905],[488,651,903],[486,495,901],[485,881,899],[179,483,897],[178,481,895],[177,479,912],[215,714,893],[176,866,889],[175,884,1133],
[405,882,1132],[174,478,880],[304,476,878],[470,474,945],[417,472,875],[415,737,873],[173,468,1172],[172,467,868],[419,793,866],[657,792,864],
[462,849,1107],[461,731,847],[460,729,845],[264,765,843],[262,459,842],[458,841,860],[371,490,840],[370,457,838],[369,836,902],[455,834,935],
[833,915,921],[337,830,899],[171,828,906],[229,726,826],[724,824,863],[650,820,1084],[205,445,1003],[504,596,815],[225,613,813],[170,441,811],
[439,754,809],[169,1052,1066],[168,604,807],[407,433,806],[405,514,1072],[167,431,805],[166,437,804],[165,430,803],[307,460,992],[428,676,802],
[164,426,801],[800,969,1047],[784,797,891],[163,743,796],[422,526,795],[266,421,794],[162,802,963],[210,791,801],[222,416,790],[161,420,789],
[160,414,788],[159,727,785],[408,412,783],[459,782,844],[204,435,781],[410,621,780],[408,619,779],[406,501,778],[158,404,777],[354,402,776],
[400,576,775],[620,773,774],[576,618,773],[157,767,770],[163,768,846],[238,764,1120],[155,156,760],[154,286,759],[153,697,758],[152,756,1094],
[358,728,752],[151,563,750],[149,150,748],[148,641,746],[147,243,744],[146,472,849],[144,145,741],[309,462,739],[701,737,847],[246,699,735],
[244,697,733],[554,695,731],[693,729,1035],[691,790,1033],[171,350,817],[143,723,993],[417,650,722],[145,477,822],[462,475,721],[142,387,720],
[141,718,749],[140,282,716],[256,281,715],[139,713,913],[138,709,1028],[137,559,708],[136,357,705],[372,548,1018],[135,286,940],[325,883,933],
[338,686,958],[335,394,684],[334,682,952],[134,144,986],[133,174,1100],[143,423,678],[132,422,677],[131,676,968],[525,782,976],[230,669,847],
[572,667,845],[199,245,663],[478,662,719],[661,848,1101],[254,492,660],[129,130,659],[128,643,654],[525,640,652],[303,472,650],[127,199,649],
[146,704,742],[126,220,645],[125,132,641],[124,149,640],[411,506,638],[148,393,634],[123,284,631],[283,789,807],[563,749,877],[149,747,876],
[136,198,627],[510,625,949],[390,548,623],[122,445,617],[121,443,616],[365,441,615],[206,613,1165],[205,896,908],[449,564,612],[321,611,835],
[458,610,1134],[555,860,1027],[588,821,1045],[458,587,608],[360,607,684],[399,606,682],[272,605,678],[409,677,1006],[162,676,1004],[120,130,604],
[303,603,849],[167,189,602],[166,188,601],[119,856,1078],[118,600,659],[117,599,657],[477,598,684],[475,597,682],[127,596,648],[313,784,962],
[381,595,603],[283,508,592],[296,494,591],[183,209,589],[211,291,588],[116,317,587],[315,500,725],[115,569,584],[114,204,583],[357,582,808],
[192,356,581],[292,579,1130],[113,181,578],[112,180,577],[573,926,1041],[111,1028,1039],[110,559,1037],[175,1035,1074],[109,649,1033],[108,295,1029],
[213,862,1025],[795,954,1013],[794,1012,1062],[285,771,998],[769,833,996],[509,767,1127],[282,846,1099],[281,764,993],[106,107,991],[124,639,989],
[146,236,987],[104,105,979],[186,301,978],[103,184,977],[102,428,975],[101,150,973],[99,100,971],[212,819,1058],[184,595,967],[97,98,965],
[151,414,963],[96,718,1059],[509,551,958],[95,507,956],[375,947,996],[487,633,945],[632,688,1156],[298,389,942],[320,388,941],[511,934,950],
[342,596,932],[93,94,931],[92,98,930],[91,176,929],[90,117,928],[340,342,1172],[226,348,1170],[89,901,1168],[97,899,1166],[169,181,1162],
[88,377,1160],[376,465,1158],[172,798,1154],[87,521,1152],[86,990,1147],[85,988,1145],[379,759,1143],[378,718,1141],[377,716,1139],[376,715,1137],
[84,859,1130],[256,1129,1137],[255,822,1128],[95,557,1126],[164,964,1124],[83,755,1123],[406,723,1122],[348,445,1171],[346,443,1169],[82,504,1167],
[329,441,1163],[240,982,1159],[644,980,1157],[349,908,1153],[81,564,1149],[321,359,1148],[307,458,1146],[80,588,1138],[79,1046,1136],[111,870,1040],
[78,540,1038],[77,1022,1036],[611,1023,1034],[565,669,1030],[76,604,1026],[207,425,1024],[488,534,1020],[104,816,1011],[75,206,1005],[309,738,999],
[129,308,997],[307,418,995],[85,855,985],[74,854,984],[280,575,974],[73,312,972],[123,241,970],[72,690,968],[71,709,966],[190,419,961],
[167,372,957],[70,166,955],[69,544,771],[68,543,770],[126,285,768],[93,647,763],[67,506,762],[641,757,786],[243,717,755],[191,473,751],
[137,643,1109],[66,640,1107],[65,692,747],[583,702,745],[111,536,740],[64,110,738],[117,673,736],[720,734,1079],[63,240,732],[62,640,730],
[61,129,766],[59,60,728],[741,787,805],[739,786,804],[719,785,803],[190,369,712],[656,710,935],[337,532,706],[235,336,953],[446,648,700],
[191,444,698],[107,643,696],[297,677,694],[116,690,933],[180,378,689],[211,234,685],[511,518,681],[389,517,680],[388,515,679],[58,674,884],
[57,343,673],[486,634,672],[364,485,671],[218,508,670],[494,547,668],[56,545,666],[268,664,1027],[653,747,767],[67,505,648],[232,288,647],
[55,287,646],[490,642,879],[395,506,1125],[54,316,639],[165,314,637],[304,359,635],[263,470,633],[62,251,632],[53,629,911],[192,604,893],
[52,287,1015],[50,51,628],[49,157,651],[48,626,810],[624,889,929],[306,622,928],[571,924,927],[83,355,922],[365,406,920],[317,353,937],
[98,868,916],[151,544,914],[345,872,902],[353,454,900],[402,453,898],[330,607,886],[328,341,1088],[327,340,883],[338,371,879],[47,335,874],
[334,369,872],[869,894,901],[316,865,897],[314,863,895],[78,552,858],[84,331,857],[329,517,856],[411,637,853],[541,726,852],[724,851,1080],
[46,439,848],[311,326,844],[80,324,839],[79,323,837],[264,347,831],[262,318,829],[316,521,827],[496,819,975],[495,715,818],[74,311,814],
[45,610,812],[484,530,1170],[325,916,1168],[687,914,1166],[346,905,1164],[113,368,1162],[44,840,1160],[43,838,1158],[341,686,1154],[298,888,1147],
[320,887,1145],[286,689,1143],[140,795,1139],[495,758,1135],[42,294,1133],[404,416,1132],[358,507,1126],[504,505,1124],[288,503,1123],[287,501,1122],
[498,615,760],[496,759,1060],[77,497,762],[494,623,750],[493,748,911],[279,746,972],[277,744,970],[275,437,741],[273,435,739],[270,283,735],
[155,731,787],[62,268,729],[41,291,1114],[72,713,751],[475,723,1092],[40,695,722],[590,715,1057],[39,611,713],[103,541,711],[409,709,789],
[162,264,708],[257,262,797],[260,562,705],[274,374,1121],[38,254,1119],[152,253,697],[385,600,695],[442,599,693],[250,533,667],[249,531,665],
[448,529,663],[93,567,662],[92,566,661],[91,248,679],[90,580,660],[524,673,687],[170,247,657],[169,654,740],[168,652,738],[649,764,1117],
[138,645,733],[389,524,638],[636,692,907],[523,634,690],[609,631,987],[232,238,877],[55,236,876],[291,627,939],[191,393,623],[37,233,621],
[36,232,619],[617,742,761],[230,554,616],[190,403,614],[299,534,1025],[52,222,612],[449,516,611],[35,221,610],[220,410,670],[79,216,608],
[607,828,937],[606,826,936],[591,605,1105],[214,310,603],[213,551,602],[95,212,601],[520,609,820],[323,598,608],[209,424,1019],[139,596,712],
[208,223,754],[306,526,593],[142,592,780],[202,206,590],[205,589,814],[248,588,698],[587,627,711],[203,401,585],[202,399,691],[463,584,878],
[201,336,583],[156,200,582],[286,395,581],[198,580,618],[196,579,810],[400,577,1042],[70,575,707],[34,569,574],[572,585,666],[76,570,664],
[33,170,563],[159,489,561],[69,557,998],[166,528,553],[344,396,551],[31,32,550],[47,394,549],[30,425,547],[29,77,545],[28,858,1081],
[260,537,669],[94,259,542],[492,539,665],[207,489,534],[337,487,533],[482,529,918],[480,917,1049],[149,244,628],[118,522,861],[259,265,799],
[263,519,852],[518,565,861],[261,517,800],[153,184,515],[27,213,512],[169,510,702],[362,507,752],[258,503,798],[26,498,501],[101,158,496],
[105,573,791],[130,717,781],[139,477,815],[227,475,813],[136,350,471],[470,510,1066],[89,94,853],[39,249,1010],[25,103,1008],[87,280,466],
[120,215,465],[193,214,464],[51,463,827],[309,588,839],[308,837,1046],[285,456,667],[454,699,924],[353,453,663],[52,78,451],[51,77,450],
[278,447,680],[24,426,446],[23,332,444],[46,427,440],[309,424,438],[308,433,436],[120,260,594],[52,182,434],[51,432,513],[28,497,544],
[64,86,429],[22,193,425],[31,391,424],[21,394,433],[168,190,420],[30,418,656],[175,237,417],[109,415,446],[338,685,909],[108,596,614],
[344,559,707],[31,706,891],[26,287,411],[50,101,409],[296,407,803],[187,403,908],[36,238,398],[80,236,397],[27,235,396],[163,233,395],
[67,393,1110],[232,745,1106],[55,730,743],[347,392,843],[345,391,647],[128,455,653],[390,851,1061],[388,677,851],[159,387,473],[471,757,776],
[195,386,470],[102,384,466],[464,815,880],[24,327,452],[302,332,403],[383,721,1081],[120,382,669],[381,589,612],[84,380,579],[343,379,446],
[276,378,444],[377,429,442],[375,473,561],[265,374,471],[182,433,592],[148,591,819],[373,383,794],[215,382,483],[108,294,370],[58,368,606],
[57,113,367],[364,366,709],[20,638,731],[147,351,364],[19,363,923],[265,362,627],[158,361,1060],[360,402,774],[116,358,1055],[42,293,811],
[197,357,404],[18,356,419],[354,770,925],[230,910,923],[96,918,971],[19,434,917],[17,432,915],[603,809,889],[602,888,958],[601,887,956],
[110,772,868],[573,866,1074],[571,649,864],[295,569,1050],[556,666,1009],[16,49,859],[21,423,885],[28,73,855],[241,537,854],[15,233,843],
[74,119,842],[45,118,841],[99,173,840],[377,484,838],[40,218,836],[305,631,834],[32,43,833],[14,273,830],[173,373,824],[208,396,820],
[13,514,952],[295,333,813],[173,800,864],[272,419,797],[271,657,1098],[186,734,793],[127,185,792],[297,783,805],[758,779,939],[114,228,778],
[12,438,777],[219,482,776],[40,252,775],[102,429,774],[11,202,773],[142,154,1121],[141,758,1119],[83,735,1115],[481,733,1113],[145,1109,1111],
[42,339,1103],[25,792,1102],[447,857,1079],[562,678,1076],[174,512,1070],[304,511,1068],[289,684,1055],[91,682,1054],[88,1012,1051],[397,558,1044],
[134,556,1043],[236,472,1118],[145,235,1116],[133,233,1108],[148,745,1093],[147,743,1091],[10,347,1085],[128,408,1082],[9,366,1069],[30,935,1067],
[8,934,1065],[230,701,926],[7,324,922],[32,323,920],[194,904,919],[348,456,912],[275,378,900],[273,636,898],[56,67,879],[426,710,869],
[23,321,867],[210,458,865],[119,678,852],[10,676,850],[107,355,835],[123,277,832],[6,729,831],[75,237,829],[161,479,827],[29,825,995],
[100,823,1004],[47,597,818],[369,385,1016],[52,553,812],[352,768,772],[59,326,575],[111,535,572],[86,110,570],[228,431,564],[425,560,1034],
[77,513,558],[261,371,586],[26,427,1021],[160,481,753],[362,494,548],[493,546,931],[230,319,668],[172,185,540],[202,538,985],[517,537,979],
[515,535,978],[12,424,532],[23,37,568],[60,68,528],[35,54,527],[542,595,612],[516,593,610],[47,169,508],[168,369,630],[138,316,500],
[137,314,499],[237,491,514],[49,427,488],[465,486,715],[381,464,485],[20,479,804],[72,476,634],[71,364,474],[297,302,469],[373,392,468],
[185,300,467],[66,462,759],[20,461,718],[6,143,460],[270,418,765],[162,421,459],[62,294,457],[330,455,509],[17,328,921],[439,569,753],
[250,292,514],[113,372,431],[70,112,437],[203,400,430],[192,533,1047],[125,216,423],[35,124,422],[176,257,419],[12,83,675],[5,414,750],
[4,413,748],[353,452,727],[3,9,412],[14,34,435],[64,410,620],[3,408,618],[404,722,775],[134,157,766],[163,765,812],[238,463,763],
[132,154,786],[482,697,757],[477,755,1094],[144,702,740],[155,736,847],[154,246,734],[200,244,732],[174,387,719],[131,141,717],[225,227,710],
[136,351,704],[168,548,999],[700,737,766],[698,728,735],[125,694,731],[124,692,729],[411,690,790],[7,335,683],[32,334,681],[134,289,680],
[133,887,941],[204,422,946],[325,525,674],[523,671,980],[9,129,658],[8,655,662],[92,146,646],[91,126,644],[90,642,654],[125,341,913],
[284,630,836],[283,510,629],[10,198,626],[57,624,949],[275,390,622],[130,755,1115],[167,499,1105],[166,293,1103],[127,1078,1102],[2,659,1100],
[27,603,1070],[283,561,1062],[257,296,1059],[201,209,1057],[204,479,1049],[291,292,1045],[113,290,1044],[112,289,1043],[284,562,954],[282,550,750],
[281,549,748],[106,807,832],[124,547,831],[236,545,829],[186,449,542],[150,338,543],[99,108,536],[33,531,595],[12,97,530],[407,414,529],
[161,509,552],[29,507,586],[263,522,996],[90,487,520],[58,507,950],[99,325,506],[93,503,584],[92,501,520],[90,181,605],[343,348,496],
[172,697,1041],[87,109,1039],[69,85,489],[181,379,487],[234,376,482],[82,317,454],[206,315,453],[313,329,867],[240,333,451],[312,450,644],
[349,438,540],[81,252,467],[11,359,447],[37,80,442],[36,79,823],[339,440,870],[190,436,1022],[434,565,1035],[432,1033,1039],[82,429,534],
[417,834,855],[415,511,854],[73,203,706],[7,242,401],[310,372,399],[70,156,578],[397,543,1031],[285,337,396],[392,401,583],[217,231,390],
[490,527,536],[64,203,457],[30,129,389],[8,59,388],[386,640,785],[65,122,383],[116,121,382],[42,180,380],[375,389,418],[374,388,662],
[58,826,897],[57,431,895],[56,141,761],[65,268,554],[153,370,585],[67,263,625],[55,367,626],[81,366,490],[54,199,365],[165,197,727],
[195,359,480],[251,363,708],[53,170,361],[192,360,573],[50,359,576],[157,358,620],[198,357,929],[196,356,928],[196,355,502],[36,179,344],
[276,306,686],[142,274,342],[311,336,579],[269,333,760],[270,315,332],[164,345,443],[313,330,828],[115,194,328],[177,327,456],[278,683,983],
[126,681,981],[320,340,456],[89,114,468],[171,274,636],[138,272,317],[137,271,315],[267,312,759],[31,76,412],[176,303,674],[302,348,688],
[226,392,606],[173,301,571],[159,300,484],[22,485,531],[222,293,553],[224,290,756],[34,286,577],[43,95,284],[489,598,925],[15,354,597],
[24,513,587],[26,259,563],[101,149,258],[114,471,946],[99,255,882],[107,252,363],[65,266,616],[251,326,913],[366,564,658],[321,655,934],
[111,246,454],[110,245,453],[155,244,451],[154,450,762],[9,194,241],[146,239,988],[44,226,401],[31,43,224],[9,223,298],[278,439,574],
[28,219,430],[2,191,225],[279,322,350],[47,211,349],[164,210,504],[96,123,562],[19,423,694],[17,237,428],[139,476,746],[227,474,744],
[53,394,592],[214,502,798],[34,204,400],[3,43,376],[46,549,745],[156,575,769],[73,251,457],[63,269,582],[76,192,242],[70,546,1017],
[189,662,763],[146,188,661],[144,314,431],[187,672,957],[528,671,955],[186,465,672],[185,464,671],[142,184,261],[259,582,1032],[258,560,581],
[183,257,619],[48,182,599],[75,131,243],[179,519,983],[178,518,981],[215,367,391],[105,405,413],[174,219,234],[173,261,342],[98,172,258],
[44,225,371],[43,322,370],[171,179,602],[178,229,601],[177,637,863],[66,167,386],[20,166,947],[6,165,499],[39,531,969],[29,151,162],
[150,210,567],[94,222,411],[98,161,409],[95,160,954],[159,200,578],[158,201,621],[49,212,501],[13,760,830],[38,226,758],[383,617,723],
[382,616,722],[381,815,822],[451,721,813],[380,720,811],[354,695,971],[352,434,693],[398,432,691],[351,629,940],[21,112,684],[13,14,682],
[6,126,678],[75,320,677],[347,445,676],[135,242,661],[10,253,660],[38,486,659],[62,380,652],[189,386,649],[71,103,645],[38,229,634],
[56,193,631],[135,625,629],[274,607,693],[38,606,691],[102,385,605],[101,442,1006],[74,537,856],[45,535,600],[144,228,583],[267,581,645],
[40,300,578],[219,305,577],[153,572,1041],[558,561,1037],[134,536,1029],[140,158,1013],[239,680,979],[679,842,978],[343,466,975],[103,732,967],
[297,409,965],[188,473,947],[25,888,942],[194,340,932],[89,916,930],[73,858,1038],[241,260,1036],[25,242,1020],[30,546,997],[1,763,990],
[46,814,984],[122,164,966],[18,783,961],[492,653,770],[245,472,751],[104,405,736],[17,436,712],[24,250,710],[216,505,700],[4,128,696],
[515,600,674],[253,466,673],[1,463,670],[45,530,647],[1,529,646],[56,123,642],[115,639,865],[14,635,878],[168,180,893],[336,401,624],
[31,593,622],[152,570,927],[60,355,735],[93,222,345],[194,298,341],[34,217,901],[268,294,555],[282,331,778],[281,329,777],[48,152,324],
[301,318,842],[178,316,826],[4,350,370],[59,68,311],[391,483,530],[368,372,390],[294,339,351],[169,349,416],[82,125,505],[124,258,288],
[279,299,312],[112,217,275],[270,469,510],[29,264,418],[100,162,262],[255,303,381],[171,189,374],[188,229,254],[48,117,253],[1,87,448],
[99,566,824],[213,248,584],[212,520,580],[12,247,361],[143,284,764],[351,555,742],[82,116,299],[18,441,449],[54,198,221],[165,196,220],
[315,402,936],[22,59,280],[21,214,217],[40,181,385],[178,397,521],[44,208,551],[33,207,550],[155,526,641],[154,243,780],[11,131,206],
[122,195,205],[71,136,711],[201,579,1013],[34,89,568],[567,585,624],[76,566,622],[267,489,560],[265,556,998],[94,493,870],[33,538,665],
[53,207,716],[39,516,800],[26,151,497],[491,539,568],[130,486,533],[21,481,529],[61,136,737],[249,720,793],[215,627,799],[130,308,461],
[131,426,445],[23,122,443],[86,252,460],[11,426,440],[22,723,752],[175,416,654],[109,420,652],[296,338,414],[108,413,882],[1,287,410],
[50,239,408],[6,406,803],[104,187,402],[24,558,1031],[332,556,1029],[288,589,1016],[16,446,1010],[5,444,1008],[22,383,969],[63,382,967],
[108,342,956],[115,293,932],[188,197,931],[18,114,930],[109,343,809],[518,550,623],[16,614,648],[21,330,646],[73,328,644],[241,327,642],
[74,468,843],[32,139,326],[47,227,904],[53,273,319],[23,313,373],[208,218,312],[234,335,880],[139,295,334],[117,306,864],[102,272,305],
[11,271,304],[66,293,805],[228,290,364],[289,363,438],[11,42,384],[276,440,447],[119,274,352],[42,175,271],[72,269,304],[71,267,470],
[41,132,246],[133,512,696],[148,229,324],[147,228,323],[7,9,234],[30,310,635],[8,156,633],[140,231,701],[256,318,699],[224,346,918],
[223,917,923],[300,378,461],[41,219,636],[54,277,500],[61,104,197],[121,522,553],[111,138,193],[110,137,269],[189,199,362],[61,69,187],
[319,626,850],[54,185,247],[18,60,186],[183,424,593],[80,160,178],[20,27,177],[97,337,344],[170,365,571],[176,407,436],[117,250,405],
[165,203,410],[164,331,869],[52,55,163],[51,216,238],[35,49,526],[48,266,459],[83,254,503],[5,37,160],[4,36,235],[159,353,925],
[311,459,810],[50,158,775],[157,354,774],[105,360,477],[301,399,475],[98,135,581],[79,144,235],[19,143,617],[72,131,245],[469,535,845],
[127,141,245],[82,102,132],[26,100,506],[167,187,205],[40,120,461],[38,118,398],[121,313,421],[66,115,557],[355,356,573],[109,386,480],
[276,375,769],[125,298,638],[88,273,716],[49,84,778],[199,406,752],[128,441,783],[78,172,244],[28,85,857],[2,197,473],[63,221,278],
[5,191,371],[106,563,643],[13,237,884],[280,290,485],[264,362,547],[67,262,545],[65,756,767],[319,546,911],[83,247,277],[140,151,361],
[196,331,894],[28,84,448],[45,469,765],[153,226,484],[97,361,914],[44,64,377],[62,302,845],[15,590,818],[39,63,72],[152,224,482],
[170,271,643],[41,422,692],[35,45,288],[177,396,520],[223,480,809],[53,142,811],[179,398,522],[242,519,625],[517,621,777],[176,515,619],
[156,487,830],[150,413,791],[18,279,471],[1,86,466],[450,465,734],[56,127,464],[85,239,447],[270,375,444],[183,434,612],[78,182,432],
[17,417,616],[24,317,415],[184,387,484],[180,305,384],[57,318,379],[360,429,693],[63,357,722],[272,356,645],[27,336,889],[467,660,841],
[143,252,836],[88,721,794],[141,617,779],[277,683,922],[6,681,920],[75,340,919],[255,663,900],[88,104,898],[77,260,586],[233,538,590],
[208,227,508],[59,292,491],[46,200,488],[301,379,462],[81,333,430],[107,421,708],[349,404,727],[35,157,536],[133,518,601],[3,69,129],
[119,126,679],[118,654,660],[149,200,785],[150,256,296],[147,209,339],[22,41,292],[113,224,391],[106,123,718],[93,115,210],[92,177,824],
[14,91,584],[84,87,652],[3,85,202],[81,240,363],[118,175,565],[50,216,231],[60,107,121],[2,61,65],[60,116,279],[2,268,333],
[33,310,425],[48,55,80],[96,276,346],[114,282,701],[12,281,699],[4,171,512],[37,101,539],[249,321,332],[96,209,440],[19,211,438],
[81,400,527],[112,367,893],[121,179,828],[147,201,780],[19,183,779],[15,265,776],[2,174,430],[75,132,428],[10,254,661],[5,103,220],
[105,231,239],[96,100,257],[25,488,732],[61,71,122],[27,68,492],[137,145,760],[51,78,161],[37,163,352],[15,68,74],[138,214,481],
[79,134,700],[14,217,310],[64,248,551],[3,95,580],[87,290,397],[7,44,223],[155,306,769],[248,620,728],[119,195,263],[8,94,582],
[41,193,305],[46,232,589],[90,250,327],[249,302,380],[148,212,526],[17,182,266],[7,76,152],[32,207,598],[5,261,621],[16,344,427],
[92,161,330],[91,328,436],[160,557,569],[220,331,750],[128,329,748],[240,278,289],[57,256,567],[255,275,566],[303,407,663],[29,58,140],
[66,69,267],[36,100,427],[4,153,619],[15,106,259],[25,519,602],[88,451,736],[10,135,221],[213,492,503],[70,319,367],[23,195,352],
[86,253,467],[20,68,106],[16,97,135],[13,105,145],[13,58,231],[16,39,221],[120,218,450],[8,89,491],[33,399,571],[133,538,550],
[1256,1258,1259],[1254,1258,1260],[1251,1259,1260],[1249,1257,1259],[1246,1256,1257],[1244,1255,1258],[1242,1253,1256],[1238,1254,1255],[1236,1253,1258],[1234,1252,1260],
[1232,1250,1259],[1230,1248,1254],[1225,1251,1252],[1223,1249,1250],[1221,1248,1260],[1219,1247,1257],[1217,1245,1258],[1215,1243,1256],[1213,1241,1251],[1211,1240,1249],
[1204,1246,1247],[1202,1244,1245],[1200,1242,1243],[1198,1241,1259],[1196,1240,1257],[1194,1239,1255],[1192,1237,1253],[1190,1235,1260],[1189,1233,1259],[1187,1231,1254],
[1185,1229,1246],[1183,1228,1244],[1181,1227,1242],[1171,1238,1239],[1169,1236,1237],[1167,1234,1235],[1165,1232,1233],[1163,1230,1231],[1161,1229,1256],[1159,1228,1255],
[1157,1227,1253],[1155,1226,1252],[1153,1224,1250],[1151,1222,1248],[1149,1220,1257],[1209,1218,1258],[1148,1216,1256],[1146,1214,1251],[1144,1212,1249],[1142,1210,1238],
[1140,1209,1236],[1138,1208,1234],[1136,1207,1232],[1134,1206,1230],[1120,1225,1226],[1118,1223,1224],[1116,1221,1222],[1114,1219,1220],[1112,1217,1218],[1110,1215,1216],
[1108,1213,1214],[1106,1211,1212],[1104,1210,1254],[1101,1208,1252],[1099,1207,1250],[1097,1206,1248],[1095,1205,1247],[1093,1203,1245],[1091,1201,1243],[1089,1199,1241],
[1087,1197,1240],[1085,1195,1255],[1083,1193,1253],[1178,1191,1260],[1082,1188,1254],[1080,1186,1246],[1161,1184,1244],[1077,1182,1242],[1075,1180,1225],[1073,1179,1223],
[1071,1178,1221],[1069,1177,1219],[1067,1176,1217],[1065,1175,1215],[1063,1174,1213],[1061,1173,1211],[1040,1204,1205],[1038,1202,1203],[1036,1200,1201],[1034,1198,1199],
[1032,1196,1197],[1030,1194,1195],[1028,1192,1193],[1026,1190,1191],[1024,1189,1198],[1022,1187,1188],[1020,1185,1186],[1018,1183,1184],[1017,1181,1182],[1144,1180,1251],
[1014,1179,1249],[1011,1177,1247],[1009,1176,1245],[1007,1175,1243],[1005,1174,1241],[1003,1173,1240],[1001,1172,1239],[1000,1170,1237],[999,1168,1235],[997,1166,1233],
[995,1164,1231],[994,1162,1229],[1131,1160,1228],[992,1158,1227],[990,1156,1252],[988,1154,1250],[986,1152,1248],[1130,1150,1257],[985,1147,1251],[984,1145,1249],
[982,1143,1238],[980,1141,1236],[1104,1139,1234],[1137,1218,1232],[976,1135,1230],[974,1133,1204],[972,1132,1202],[970,1131,1200],[1048,1130,1196],[968,1129,1194],
[966,1128,1192],[964,1127,1190],[962,1126,1189],[961,1125,1187],[959,1124,1185],[957,1123,1183],[955,1122,1181],[926,1171,1172],[924,1169,1170],[922,1167,1168],
[920,1165,1166],[919,1163,1164],[937,1161,1162],[916,1159,1160],[914,1157,1158],[912,1155,1156],[1153,1154,1164],[910,1151,1152],[908,1149,1150],[906,1148,1161],
[904,1146,1147],[902,1144,1145],[900,1142,1143],[898,1140,1141],[896,1138,1139],[1002,1136,1137],[894,1134,1135],[1077,1133,1246],[892,1132,1244],[890,1131,1242],
[903,1129,1239],[886,1128,1237],[1088,1127,1235],[883,1126,1233],[881,1125,1231],[879,1124,1229],[877,1123,1228],[876,1122,1227],[874,1121,1226],[872,1119,1224],
[871,1117,1222],[1001,1115,1220],[869,1113,1218],[867,1111,1216],[865,1109,1214],[863,1107,1212],[1007,1105,1210],[862,1103,1209],[1056,1102,1208],[1100,1207,1210],
[860,1098,1206],[858,1096,1247],[857,1094,1245],[856,1092,1243],[989,1090,1241],[853,1088,1240],[1055,1086,1255],[1054,1084,1253],[852,1081,1246],[851,1079,1244],
[850,1078,1242],[848,1076,1225],[846,1074,1223],[844,1072,1221],[1014,1070,1219],[1068,1191,1217],[1066,1198,1215],[839,1064,1213],[837,1062,1211],[835,1060,1171],
[944,1059,1169],[832,1058,1167],[831,1057,1165],[829,1056,1163],[1055,1159,1175],[938,1054,1157],[827,1053,1155],[825,1052,1153],[823,1051,1151],[821,1050,1149],
[819,1049,1148],[818,1048,1146],[1016,1047,1144],[817,1046,1142],[816,1045,1140],[814,1044,1138],[812,1043,1136],[810,1042,1134],[771,1120,1121],[770,1118,1119],
[768,1116,1117],[766,1114,1115],[765,1112,1113],[763,1110,1111],[762,1108,1109],[761,1106,1107],[787,1104,1105],[786,1103,1218],[757,1101,1102],[755,1099,1100],
[753,1097,1098],[751,1095,1096],[1093,1094,1109],[1091,1092,1107],[749,1089,1090],[747,1087,1088],[745,1085,1086],[743,1083,1084],[1014,1082,1104],[742,1080,1081],
[740,1079,1161],[738,1077,1078],[736,1075,1076],[734,1073,1074],[732,1071,1072],[730,1069,1070],[875,1067,1068],[873,1065,1066],[766,1063,1064],[728,1061,1062],
[976,1060,1238],[1059,1187,1236],[906,1058,1234],[726,1057,1232],[724,1056,1230],[741,1053,1226],[739,1052,1224],[719,1051,1222],[993,1050,1220],[717,1049,1216],
[994,1048,1214],[714,1047,1212],[712,1046,1210],[710,1045,1209],[960,1044,1208],[707,1043,1207],[706,1042,1206],[704,1041,1205],[702,1039,1203],[999,1037,1201],
[953,1035,1199],[1033,1064,1197],[874,1031,1195],[872,1029,1193],[700,1027,1191],[698,1025,1198],[696,1023,1188],[694,1021,1186],[692,1019,1184],[690,1030,1182],
[881,1016,1180],[1015,1159,1179],[689,1013,1178],[948,1012,1177],[1010,1176,1180],[1008,1175,1179],[687,1006,1174],[685,1004,1173],[683,1002,1239],[681,1053,1237],
[680,1037,1235],[679,998,1233],[941,996,1231],[885,1127,1229],[946,1099,1228],[675,993,1227],[947,991,1252],[946,989,1250],[945,987,1248],[674,983,1238],
[673,981,1236],[672,979,1234],[671,978,1232],[670,977,1230],[668,975,1204],[666,973,1202],[664,971,1200],[817,1058,1196],[892,969,1194],[890,967,1192],
[965,1190,1233],[963,1150,1189],[658,960,1185],[656,958,1183],[655,956,1181],[653,954,1120],[651,953,1118],[796,952,1116],[648,951,1114],[647,950,1112],
[646,949,1110],[644,1087,1108],[642,948,1106],[947,1101,1125],[788,945,1097],[913,1095,1156],[639,944,1093],[637,943,1091],[635,942,1089],[633,941,1087],
[940,948,1085],[632,1083,1090],[630,939,1082],[629,938,1080],[893,936,1077],[935,1015,1075],[628,934,1073],[651,933,1071],[626,932,1069],[624,931,1067],
[622,930,1065],[620,929,1063],[618,928,1061],[772,1040,1041],[575,1038,1039],[574,1036,1037],[572,1034,1035],[570,1032,1033],[1017,1030,1031],[568,1028,1029],
[567,1026,1027],[566,1024,1025],[564,1022,1023],[667,1020,1021],[915,1018,1019],[595,1014,1015],[594,1013,1191],[560,1011,1012],[558,1009,1010],[556,1007,1008],
[555,1005,1006],[910,1003,1004],[552,1001,1002],[586,1000,1053],[997,998,1021],[995,996,1019],[559,994,1127],[891,1099,1131],[753,992,993],[548,990,991],
[546,988,989],[825,986,987],[892,985,1144],[890,984,1014],[544,982,983],[543,980,981],[668,979,1104],[870,978,1218],[540,976,977],[538,974,975],
[537,972,973],[535,970,971],[716,1048,1058],[532,968,969],[806,966,967],[964,965,1096],[705,962,963],[703,961,1059],[568,959,960],[528,957,958],
[527,955,956],[839,954,1225],[837,953,1223],[952,1146,1221],[951,1112,1219],[525,950,1217],[524,949,1215],[907,1087,1213],[523,948,1211],[542,1156,1205],
[541,944,1203],[943,1023,1201],[516,942,1199],[941,977,1197],[861,940,1195],[1090,1152,1193],[513,939,1188],[862,938,1186],[937,943,1184],[703,936,1182],
[508,935,1180],[630,934,1179],[505,933,1178],[871,932,1177],[502,931,1176],[615,930,1175],[500,929,1174],[499,928,1173],[497,927,1172],[925,973,1170],
[494,923,1168],[493,921,1166],[808,918,1162],[917,1160,1182],[915,960,1158],[704,919,1154],[702,911,1152],[491,909,1150],[490,907,1161],[665,905,1147],
[488,903,1145],[486,901,1143],[485,899,1141],[483,897,1139],[481,895,1137],[479,912,1135],[714,893,1133],[959,1101,1132],[866,889,1130],[802,888,1129],
[801,887,1128],[884,1126,1133],[882,1125,1132],[478,880,1124],[476,878,1123],[474,945,1122],[472,875,1226],[737,873,1224],[469,1177,1222],[468,1172,1220],
[467,868,1216],[793,866,1214],[792,864,1212],[1050,1086,1209],[799,1009,1208],[798,1007,1207],[521,861,1206],[800,859,1247],[799,1083,1245],[798,885,1243],
[797,855,1241],[854,1098,1240],[462,849,1225],[461,847,1223],[460,845,1221],[765,843,1219],[459,842,1217],[458,841,1215],[490,840,1213],[457,838,1211],
[836,902,1171],[455,834,1169],[833,921,1167],[452,874,1165],[830,899,1163],[628,951,1157],[828,906,1155],[726,826,1153],[724,824,1151],[822,1149,1216],
[820,1084,1148],[445,1003,1142],[443,871,1140],[504,815,1138],[613,813,1136],[441,811,1134],[439,809,1040],[437,1000,1038],[435,808,1036],[1034,1052,1066],
[604,807,1032],[433,806,1030],[514,1028,1072],[431,805,1026],[437,804,1024],[430,803,1022],[460,992,1020],[428,802,1018],[426,801,1017],[800,1011,1047],
[784,797,1005],[754,1003,1098],[752,1000,1096],[743,796,999],[423,997,1075],[422,795,995],[421,794,994],[419,793,1131],[657,792,992],[802,963,990],
[791,801,988],[675,986,1193],[416,790,985],[420,789,984],[414,788,982],[413,980,1071],[727,785,976],[784,891,974],[412,783,972],[782,844,970],
[435,781,1048],[410,780,968],[408,779,966],[406,778,964],[404,777,962],[402,776,961],[400,775,959],[773,774,957],[576,773,955],[926,927,1041],
[924,925,927],[355,922,923],[365,920,921],[353,918,937],[868,916,917],[544,914,915],[894,912,913],[350,910,911],[349,908,909],[672,906,907],
[347,904,905],[345,902,903],[454,900,901],[453,898,899],[754,896,897],[895,1002,1117],[373,892,959],[483,890,891],[688,889,1150],[346,888,903],
[607,886,887],[341,885,1088],[340,883,884],[493,881,882],[338,879,880],[749,877,878],[747,876,945],[335,874,875],[334,872,873],[869,870,901],
[867,868,899],[865,866,897],[863,864,895],[498,862,1050],[725,1009,1056],[555,860,861],[552,858,859],[331,857,1083],[329,856,885],[639,855,989],
[637,853,854],[726,852,1077],[724,851,892],[850,890,1104],[439,848,849],[768,846,847],[326,844,845],[455,843,1014],[701,842,1191],[699,841,1198],
[324,839,840],[323,837,838],[321,835,836],[519,834,944],[320,832,833],[347,831,874],[318,829,830],[512,938,951],[316,827,828],[314,825,826],
[613,823,824],[821,822,1053],[496,819,820],[495,818,952],[350,817,1003],[816,871,922],[311,814,815],[610,812,813],[626,810,811],[658,809,1204],
[656,1000,1202],[655,808,1200],[807,1080,1196],[806,1026,1194],[1024,1072,1192],[309,805,1190],[308,804,1189],[307,803,1187],[992,1113,1185],[782,802,1183],
[307,801,1181],[530,1096,1170],[325,796,1168],[687,1075,1166],[795,905,1164],[368,794,1162],[793,840,1160],[792,838,1158],[688,963,1156],[686,791,1154],
[298,790,1147],[320,789,1145],[689,788,1143],[1071,1089,1141],[787,795,1139],[786,1129,1137],[495,785,1135],[294,784,1133],[416,783,1132],[420,782,1131],
[292,781,1130],[780,953,1129],[779,1064,1128],[767,778,1127],[358,777,1126],[395,776,1125],[505,775,1124],[288,774,1123],[287,773,1122],[574,772,1121],
[285,771,1119],[769,833,1117],[509,767,1115],[282,846,1113],[281,764,1111],[615,760,1105],[759,1060,1103],[758,1102,1135],[756,1100,1231],[497,762,1094],
[761,973,1092],[494,750,1090],[493,748,1088],[279,746,1086],[277,744,1084],[849,983,1081],[275,741,1079],[273,739,1078],[415,737,1076],[270,735,1074],
[421,733,1072],[731,787,1070],[268,729,1068],[299,790,1066],[291,1064,1114],[713,751,1062],[727,943,1060],[816,1011,1057],[723,1055,1092],[695,722,1054],
[609,721,1052],[608,720,1051],[718,1049,1059],[715,1047,1057],[611,713,1046],[541,711,1045],[709,789,1044],[264,708,1043],[262,797,1042],[260,705,1205],
[703,1021,1203],[539,1018,1201],[256,1129,1199],[255,1128,1197],[374,1121,1195],[254,1119,1193],[253,697,1188],[600,695,1186],[599,693,1184],[691,1051,1182],
[940,991,1178],[883,965,1177],[756,881,1176],[632,688,1174],[341,686,1173],[607,684,1239],[606,682,1237],[853,986,1235],[605,678,1229],[677,1006,1228],
[676,1004,1227],[565,669,1204],[250,667,1202],[249,665,1200],[448,663,1196],[567,662,1194],[566,661,1192],[248,679,1190],[580,660,1189],[524,673,1187],
[659,869,1185],[247,657,1183],[719,803,1181],[654,740,1120],[652,738,1118],[478,650,1116],[649,764,1114],[641,1095,1112],[243,704,1110],[645,733,1108],
[643,1106,1109],[412,806,1097],[525,640,1093],[524,638,1091],[636,907,1089],[523,634,1087],[1012,1085,1188],[631,987,1082],[238,877,1075],[236,876,1073],
[235,953,1071],[291,627,1069],[625,951,1067],[393,623,1065],[233,621,1063],[232,619,1061],[617,742,926],[230,616,924],[449,920,1155],[615,711,919],
[452,909,916],[403,614,914],[225,613,912],[322,896,1164],[299,910,1025],[222,612,908],[449,611,906],[221,610,904],[220,670,902],[841,860,900],
[448,898,1151],[218,821,896],[609,631,1002],[216,608,894],[607,903,937],[606,886,936],[591,605,879],[761,877,1006],[554,876,1004],[553,871,1002],
[604,1001,1026],[280,867,974],[215,714,865],[214,603,863],[213,602,1007],[212,601,862],[597,856,1056],[385,600,1210],[442,599,860],[609,820,858],
[598,608,857],[521,989,1152],[209,852,1019],[211,685,851],[596,712,850],[295,784,848],[208,754,846],[207,844,1024],[526,593,839],[592,780,837],
[725,835,938],[591,944,1105],[206,590,832],[205,589,831],[588,698,829],[587,711,1175],[527,586,827],[203,585,825],[202,691,823],[463,584,821],
[201,583,819],[200,582,818],[395,581,1016],[198,580,817],[196,579,816],[576,578,814],[577,812,1042],[576,618,810],[771,772,927],[770,771,925],
[768,769,772],[157,766,767],[163,765,846],[238,763,764],[155,760,787],[154,759,786],[697,757,758],[755,756,1094],[439,753,754],[728,751,752],
[563,749,750],[149,747,748],[148,745,746],[147,743,744],[146,742,849],[144,740,741],[309,738,739],[736,737,847],[246,734,735],[244,732,733],
[554,730,731],[729,875,1035],[790,873,1033],[171,817,906],[229,726,816],[724,725,863],[723,993,1086],[650,722,1084],[145,741,822],[462,721,739],
[387,719,720],[141,717,718],[282,716,994],[281,714,715],[139,712,713],[227,710,711],[709,960,1028],[559,707,708],[706,797,891],[136,704,705],
[510,702,703],[548,999,1018],[700,701,737],[698,699,735],[696,697,733],[694,695,731],[692,693,729],[690,691,790],[286,689,940],[883,933,948],
[687,688,914],[338,685,686],[335,683,684],[334,681,682],[134,680,986],[133,941,1100],[423,678,885],[422,677,946],[675,676,968],[525,674,976],
[523,671,726],[670,724,1144],[230,668,669],[572,666,667],[570,664,665],[199,663,817],[478,662,892],[661,848,890],[492,660,1150],[129,658,659],
[418,656,657],[655,662,719],[128,653,654],[525,651,652],[303,650,796],[127,648,649],[647,763,1095],[146,646,704],[126,644,645],[642,643,654],
[531,788,806],[125,641,913],[124,639,640],[411,637,638],[635,636,951],[393,633,634],[632,799,1156],[284,630,631],[283,629,807],[563,877,1015],
[149,628,876],[198,626,627],[624,625,949],[390,622,623],[410,620,621],[408,618,619],[445,617,1171],[443,616,1169],[504,871,1167],[613,1155,1165],
[441,615,1163],[909,982,1159],[614,980,1157],[896,908,1153],[1025,1140,1151],[564,612,1149],[321,611,1148],[458,610,1146],[860,1027,1142],[588,821,1138],
[609,1046,1136],[458,608,1134],[130,604,1115],[478,974,1111],[714,1109,1111],[603,849,1107],[167,602,1105],[166,601,1103],[856,1078,1102],[600,659,1100],
[599,657,1098],[650,820,1096],[477,598,1094],[475,597,1092],[383,1019,1081],[685,734,1079],[127,596,1078],[784,962,1076],[754,866,1074],[595,603,1070],
[594,1053,1068],[593,873,1064],[283,592,1062],[361,938,1060],[296,591,1059],[590,819,1058],[209,589,1057],[211,588,1056],[116,587,1055],[500,725,1054],
[585,808,1052],[569,584,1050],[204,583,1049],[582,808,1048],[192,581,1047],[308,580,1046],[292,579,1045],[113,578,1044],[112,577,1043],[400,576,1042],
[111,1039,1040],[110,772,1037],[573,1035,1074],[571,649,1033],[707,880,1031],[295,569,1029],[556,666,1027],[213,664,1025],[518,565,1023],[562,954,1013],
[561,1012,1062],[559,1010,1214],[557,1008,1212],[285,667,998],[833,915,996],[509,551,1127],[282,550,1099],[281,549,993],[106,807,991],[124,547,989],
[236,545,987],[669,847,981],[104,979,1011],[186,542,978],[103,541,977],[428,539,975],[150,543,973],[99,536,971],[212,534,1058],[533,969,1047],
[531,595,967],[97,530,965],[414,529,963],[509,552,958],[507,586,956],[526,795,954],[651,903,950],[886,949,1063],[522,947,996],[521,946,1195],
[487,520,945],[511,518,943],[389,517,942],[388,515,941],[514,939,952],[511,937,950],[510,936,949],[455,509,935],[507,934,950],[325,506,933],
[504,596,932],[93,503,931],[92,501,930],[91,929,1054],[90,605,928],[340,498,1172],[348,496,1170],[495,901,1168],[881,899,1166],[169,1052,1162],
[88,1051,1160],[465,1158,1208],[172,1041,1154],[87,1039,1152],[86,570,1147],[85,489,1145],[379,487,1143],[378,689,1141],[377,484,1139],[376,482,1137],
[480,942,1135],[791,859,1130],[717,822,1128],[557,714,1126],[650,964,1124],[477,755,1123],[475,723,1122],[387,473,1226],[471,757,1224],[386,470,1222],
[675,853,1220],[384,466,1209],[464,880,1207],[463,878,1206],[348,456,1171],[346,905,1169],[82,454,1167],[206,453,1165],[329,867,1163],[240,451,1159],
[450,644,1157],[349,540,1153],[81,467,1149],[359,447,1148],[307,460,1146],[446,700,1142],[444,698,1140],[80,442,1138],[79,823,1136],[516,610,1134],
[440,870,1040],[438,540,1038],[436,1022,1036],[609,611,1034],[541,594,1032],[434,565,1030],[432,1028,1039],[425,1000,1024],[77,497,1022],[429,534,1020],
[427,1017,1021],[206,613,1005],[205,896,1003],[309,424,999],[308,433,997],[307,781,995],[733,994,1113],[307,418,992],[888,990,1147],[887,988,1145],
[417,855,985],[415,854,984],[575,707,974],[73,706,972],[241,970,1097],[411,690,968],[409,709,966],[407,806,964],[405,962,1072],[190,403,961],
[242,401,959],[372,399,957],[70,578,955],[398,544,771],[397,543,770],[285,396,768],[395,506,762],[641,746,757],[243,744,755],[394,549,753],
[191,393,751],[640,730,1107],[718,749,1141],[692,747,907],[392,583,745],[391,424,743],[231,390,742],[490,536,740],[64,457,738],[673,687,736],
[240,732,1089],[62,632,730],[417,834,875],[415,511,873],[129,389,766],[59,388,728],[387,741,787],[739,757,786],[386,719,785],[369,385,712],
[384,710,935],[337,706,878],[336,875,953],[403,872,908],[107,696,835],[297,694,703],[65,383,692],[116,382,690],[381,485,881],[180,380,689],
[181,379,1180],[180,378,1179],[377,687,838],[234,376,685],[631,683,834],[511,681,1068],[375,389,680],[374,388,679],[58,674,897],[57,673,895],
[476,634,672],[364,474,671],[508,592,670],[494,591,668],[56,666,761],[268,554,664],[310,372,658],[371,586,656],[370,585,655],[653,747,788],
[369,796,1016],[67,625,648],[232,368,647],[55,367,646],[523,644,980],[366,490,642],[506,638,1125],[54,365,639],[165,637,727],[359,480,635],
[263,633,996],[364,366,948],[251,363,632],[362,507,630],[53,361,629],[192,360,893],[287,384,1015],[50,359,628],[157,358,651],[357,624,929],
[356,622,928],[618,620,773],[575,769,1040],[572,573,1041],[570,571,927],[70,707,1017],[34,568,569],[567,585,666],[76,566,664],[564,565,658],
[33,563,595],[260,562,594],[489,560,561],[558,559,1037],[556,557,998],[555,742,761],[230,554,910],[528,552,553],[344,551,559],[31,550,891],
[168,548,807],[30,546,547],[29,545,825],[28,544,1081],[537,543,669],[547,668,1011],[94,542,870],[540,541,726],[538,539,665],[111,535,536],
[207,534,716],[337,532,533],[529,705,918],[703,917,1049],[244,628,1112],[389,524,1063],[523,690,933],[522,861,991],[520,609,987],[259,542,799],
[519,541,852],[516,517,800],[184,515,977],[432,513,514],[213,512,862],[283,508,509],[67,505,506],[502,503,798],[498,501,615],[499,605,1105],
[26,497,498],[101,496,973],[296,494,495],[491,492,539],[488,489,534],[486,487,533],[485,531,689],[483,484,530],[481,482,529],[479,480,1049],
[573,791,866],[786,802,804],[717,781,801],[139,476,477],[227,474,475],[472,473,751],[136,471,737],[469,470,510],[89,468,853],[249,793,1010],
[25,792,1008],[280,466,1086],[215,465,799],[214,464,798],[463,521,827],[309,462,839],[308,461,837],[459,525,782],[307,458,524],[457,523,1077],
[285,456,902],[455,653,905],[454,921,924],[353,452,453],[52,451,1015],[51,450,628],[448,724,1080],[278,447,1084],[426,445,446],[23,443,444],
[210,442,504],[441,449,516],[46,439,440],[309,437,438],[308,435,436],[120,594,604],[182,433,434],[431,564,1001],[28,430,497],[86,429,460],
[426,427,440],[313,613,784],[22,425,752],[21,423,433],[204,422,781],[190,419,420],[175,416,417],[109,415,420],[338,414,909],[108,413,614],
[344,707,891],[31,412,706],[394,844,1097],[287,410,411],[50,408,409],[406,407,803],[404,405,1132],[187,402,403],[203,400,401],[202,399,773],
[238,398,1120],[236,397,1118],[235,396,1116],[393,1095,1110],[233,395,1108],[232,877,1106],[746,848,1101],[744,846,1099],[745,1093,1106],[730,743,1091],
[347,392,1085],[345,391,1083],[128,455,1082],[390,851,1080],[685,909,1073],[366,632,1069],[834,935,1067],[511,934,1065],[388,851,1061],[24,452,1031],
[332,403,1029],[611,835,1023],[382,669,1030],[381,589,1016],[380,579,1013],[379,446,1010],[378,444,1008],[377,442,1006],[376,823,1004],[375,561,1037],
[265,374,998],[179,897,983],[178,895,981],[476,537,979],[474,535,978],[182,592,977],[591,819,975],[554,695,971],[373,383,969],[382,483,967],
[372,960,1018],[338,371,958],[108,370,956],[160,788,954],[334,369,952],[58,368,950],[57,367,949],[20,638,947],[365,615,944],[351,364,940],
[363,923,1090],[362,627,939],[360,402,936],[321,359,934],[116,358,933],[293,811,932],[197,357,931],[18,356,930],[198,618,929],[196,810,928],
[230,923,926],[354,918,971],[352,434,917],[398,432,915],[502,713,913],[351,629,911],[240,907,982],[302,348,905],[343,809,889],[686,888,958],
[342,887,956],[498,884,1186],[339,882,1184],[111,454,870],[110,453,868],[649,864,1117],[295,333,1050],[332,556,1009],[518,623,861],[16,614,859],
[21,330,885],[73,328,855],[241,327,854],[456,667,845],[233,843,886],[74,468,842],[45,530,841],[99,325,840],[218,322,836],[32,326,833],
[47,874,904],[273,319,830],[317,828,937],[315,826,936],[313,373,824],[208,312,820],[335,815,880],[295,334,813],[310,603,809],[437,741,805],
[435,739,804],[306,800,864],[341,798,1154],[272,305,797],[271,304,1098],[297,302,795],[373,392,794],[186,301,793],[185,300,792],[789,807,832],
[297,787,805],[296,785,803],[293,783,805],[479,782,804],[130,533,781],[291,779,939],[228,290,778],[289,438,777],[219,577,776],[252,775,1178],
[102,385,774],[11,384,773],[154,286,1121],[141,749,1119],[284,764,1117],[283,735,1115],[339,943,1103],[25,942,1102],[152,927,1094],[598,925,1092],
[328,921,1088],[276,447,1079],[119,274,1078],[272,678,1076],[175,271,1074],[174,387,1070],[269,304,1068],[267,470,1066],[266,794,1062],[598,684,1055],
[597,682,1054],[513,1012,1051],[594,821,1045],[558,561,1044],[265,556,1043],[263,522,1042],[184,261,1205],[259,1032,1203],[258,560,1201],[183,257,1199],
[182,599,1197],[266,713,1176],[366,709,1174],[251,708,1173],[246,764,1120],[245,472,1118],[145,1111,1116],[41,246,1114],[67,762,1110],[133,696,1108],
[242,661,1101],[148,324,1093],[147,323,1091],[10,253,1085],[239,408,1082],[237,491,1073],[9,234,1069],[30,635,1067],[8,633,1065],[368,390,1061],
[231,701,926],[318,699,924],[229,324,922],[228,323,920],[227,904,919],[325,883,916],[226,348,912],[224,346,1164],[223,910,923],[194,574,904],
[300,378,900],[219,636,898],[217,894,901],[67,393,879],[55,730,876],[225,710,869],[321,322,867],[458,587,865],[664,1007,1027],[534,862,1025],
[210,458,860],[721,858,1081],[720,857,1079],[562,678,852],[677,694,851],[428,676,850],[355,502,835],[277,500,832],[6,499,831],[75,829,1005],
[204,479,827],[532,825,995],[47,549,818],[104,197,816],[195,205,814],[522,553,812],[251,326,575],[111,193,572],[110,269,570],[192,533,667],
[425,547,560],[77,545,558],[191,555,623],[190,552,614],[424,532,1019],[481,753,1113],[189,362,548],[188,546,931],[69,187,544],[68,528,543],
[319,668,850],[185,247,540],[478,538,985],[12,532,675],[562,705,1076],[23,373,568],[60,186,528],[54,185,527],[184,542,595],[560,1023,1034],
[183,516,593],[169,181,508],[168,180,630],[138,500,709],[137,499,708],[357,705,808],[549,702,745],[492,653,665],[49,488,651],[486,495,715],
[179,344,483],[160,178,481],[20,177,479],[176,419,866],[42,175,1133],[174,478,719],[72,304,476],[71,470,474],[417,472,650],[297,469,965],
[173,373,468],[172,185,467],[66,462,1107],[20,461,731],[6,460,729],[264,418,765],[162,262,459],[371,490,879],[294,370,457],[369,872,902],
[17,915,921],[97,337,899],[122,205,445],[121,443,553],[170,365,441],[168,604,893],[407,433,436],[250,405,514],[167,372,431],[70,166,437],
[165,203,430],[164,426,869],[55,163,743],[216,238,423],[35,422,526],[266,421,459],[117,657,864],[162,676,802],[164,210,801],[83,254,675],
[222,293,416],[161,420,479],[5,160,414],[4,235,413],[159,353,727],[3,408,412],[311,459,844],[34,204,435],[406,501,1122],[158,404,775],
[354,402,774],[355,573,926],[365,571,924],[353,354,925],[352,772,868],[196,502,894],[136,350,351],[349,452,727],[187,672,982],[347,348,445],
[345,346,443],[343,348,688],[276,346,686],[274,342,607],[339,493,870],[338,543,1031],[285,337,749],[311,335,336],[334,593,610],[333,498,760],
[315,332,725],[164,331,345],[313,329,330],[115,328,639],[177,327,637],[278,439,983],[126,768,981],[320,326,456],[330,455,886],[114,468,701],
[12,530,699],[324,325,525],[323,524,687],[519,683,983],[230,318,319],[171,512,636],[138,316,317],[137,314,315],[312,496,759],[495,758,939],
[76,412,1026],[306,686,859],[305,834,855],[304,511,854],[303,325,674],[368,392,606],[173,301,840],[300,484,838],[223,298,299],[108,294,295],
[250,292,533],[290,756,767],[289,358,1055],[286,395,577],[288,385,1016],[34,286,574],[43,284,833],[279,280,322],[277,278,683],[275,276,378],
[273,274,636],[272,317,415],[270,271,315],[313,421,962],[268,269,333],[267,299,312],[354,597,695],[513,587,608],[283,561,789],[264,265,362],
[67,262,263],[260,261,586],[26,259,1021],[101,258,539],[256,257,296],[255,599,882],[374,471,946],[600,674,884],[107,252,991],[65,266,756],
[251,341,913],[250,656,710],[249,321,655],[248,309,588],[247,782,976],[111,246,740],[110,245,738],[155,244,641],[154,243,762],[9,241,412],
[146,239,987],[236,237,829],[211,234,291],[228,449,564],[327,452,883],[302,403,688],[44,225,226],[43,224,322],[222,345,872],[221,278,574],
[126,220,285],[300,467,841],[28,219,448],[216,217,231],[148,393,591],[2,225,659],[215,587,627],[214,502,725],[47,211,597],[96,209,562],
[19,211,694],[17,428,712],[139,295,746],[208,227,744],[53,207,394],[206,315,500],[167,205,499],[191,698,1005],[204,400,527],[203,532,706],
[3,202,376],[218,463,670],[201,590,1057],[46,200,549],[163,395,796],[54,198,199],[165,196,197],[195,359,576],[73,251,1038],[194,241,1036],
[193,425,1034],[269,582,1032],[190,1001,1022],[192,242,1020],[545,666,1009],[546,997,1017],[189,763,990],[146,188,988],[144,314,986],[46,848,984],
[528,671,980],[476,746,972],[474,744,970],[164,964,966],[297,783,961],[186,672,957],[185,671,955],[75,243,919],[549,748,911],[177,456,912],
[215,367,893],[176,889,929],[175,237,884],[405,413,882],[174,234,880],[304,635,878],[470,633,945],[173,342,1172],[98,172,868],[155,731,847],
[62,729,845],[264,347,843],[262,318,842],[44,371,840],[43,370,838],[369,630,836],[337,487,830],[171,179,828],[178,229,826],[177,824,863],
[139,596,815],[225,227,813],[53,170,811],[223,754,809],[169,510,1066],[66,167,805],[20,166,804],[6,165,803],[39,800,969],[151,162,963],
[150,210,791],[222,411,790],[161,409,789],[159,200,785],[128,408,783],[201,621,780],[183,619,779],[49,501,778],[158,621,777],[15,354,776],
[50,576,775],[157,620,774],[653,767,770],[156,760,830],[286,759,1143],[153,226,758],[152,224,756],[358,507,752],[151,414,750],[150,413,748],
[303,472,849],[143,617,723],[417,616,722],[477,815,822],[475,721,813],[142,720,811],[140,716,1139],[256,715,1137],[230,701,847],[246,454,699],
[172,244,697],[434,693,1035],[432,691,1033],[135,629,940],[21,394,684],[13,682,952],[2,174,1100],[6,143,678],[75,132,677],[131,445,676],
[245,453,663],[10,254,660],[130,486,659],[62,640,652],[189,199,649],[351,704,742],[103,220,645],[128,643,696],[132,641,786],[149,640,785],
[148,229,634],[56,123,631],[136,627,711],[510,625,629],[494,548,623],[122,383,617],[121,382,616],[449,542,612],[360,607,693],[399,606,691],
[102,272,605],[101,409,1006],[100,162,1004],[303,381,603],[171,189,602],[188,229,601],[74,119,856],[45,118,600],[48,117,599],[596,614,648],
[381,595,612],[183,589,612],[291,588,1045],[24,317,587],[93,115,584],[114,228,583],[63,357,582],[356,581,645],[84,579,1130],[40,181,578],
[180,305,577],[175,565,1035],[109,1033,1039],[108,536,1029],[140,795,1013],[88,794,1012],[69,771,998],[375,769,996],[143,764,993],[105,239,979],
[301,842,978],[102,466,975],[96,100,971],[103,184,967],[98,409,965],[96,257,1059],[551,602,958],[95,601,956],[375,473,947],[298,888,942],
[320,887,941],[340,342,932],[94,493,931],[98,916,930],[117,306,928],[226,484,1170],[89,916,1168],[97,914,1166],[113,181,1162],[44,377,1160],
[43,376,1158],[95,507,1126],[164,504,1124],[83,503,1123],[78,858,1038],[77,260,1036],[111,138,1028],[25,488,1020],[168,738,999],[30,129,997],
[29,418,995],[1,86,990],[85,239,988],[85,202,985],[74,814,984],[279,312,972],[123,277,970],[72,131,968],[71,122,966],[18,419,961],
[167,187,957],[166,528,955],[68,492,770],[93,662,763],[130,717,755],[137,145,1109],[65,747,767],[117,405,736],[720,734,793],[63,732,967],
[61,737,766],[60,728,735],[190,436,712],[505,648,700],[518,681,981],[517,680,979],[515,679,978],[343,466,673],[465,486,672],[464,485,671],
[45,288,647],[1,287,646],[56,642,879],[316,639,865],[314,637,863],[48,55,626],[336,624,889],[306,593,622],[83,355,735],[199,365,406],
[317,353,454],[151,497,544],[315,402,453],[330,607,828],[194,328,341],[327,340,456],[47,335,394],[316,826,897],[314,431,895],[268,555,1027],
[78,161,552],[84,331,778],[329,517,777],[163,352,768],[59,311,326],[48,80,324],[79,323,608],[178,316,521],[343,496,975],[4,171,350],
[68,74,311],[35,45,610],[113,368,372],[42,294,339],[349,404,416],[82,504,505],[258,288,503],[26,287,501],[158,496,1060],[493,546,911],
[112,275,437],[14,273,435],[270,283,510],[62,268,294],[41,291,292],[39,72,713],[40,385,695],[39,516,611],[29,162,264],[100,257,262],
[255,381,822],[171,274,374],[38,229,254],[48,152,253],[39,249,531],[1,448,529],[93,210,567],[92,566,824],[91,248,584],[90,520,580],
[170,247,361],[169,702,740],[138,481,733],[36,232,238],[55,80,236],[27,235,336],[37,163,233],[82,299,534],[52,222,553],[35,54,221],
[165,220,410],[79,216,700],[59,280,575],[214,217,310],[213,248,551],[95,212,580],[429,442,693],[87,397,521],[183,209,424],[44,208,223],
[33,207,425],[155,306,526],[142,154,780],[11,202,206],[248,698,728],[201,336,579],[156,200,578],[157,354,770],[155,156,769],[153,697,1041],
[358,620,728],[26,151,563],[101,149,150],[148,526,641],[147,243,780],[146,236,472],[144,145,235],[105,145,477],[301,462,475],[142,184,387],
[140,282,701],[256,281,699],[139,326,913],[110,137,559],[136,198,357],[372,390,548],[135,286,581],[79,134,144],[133,174,512],[19,143,423],
[41,132,422],[535,572,845],[127,199,245],[254,492,503],[129,130,308],[82,125,132],[124,149,258],[26,411,506],[123,284,562],[187,205,908],
[360,477,684],[399,475,682],[297,409,677],[120,130,461],[167,189,386],[166,188,947],[38,118,659],[82,116,317],[115,557,569],[114,204,946],
[192,356,573],[112,180,893],[109,386,649],[106,107,643],[104,105,405],[102,132,428],[99,100,506],[148,212,819],[97,98,135],[96,123,718],
[156,487,633],[298,389,638],[320,388,677],[108,342,596],[93,94,222],[92,98,161],[91,176,436],[90,117,250],[34,89,901],[88,377,716],
[376,465,715],[172,258,798],[379,462,759],[378,461,718],[49,84,859],[95,160,557],[83,755,1115],[406,723,752],[128,329,441],[81,366,564],
[80,588,839],[79,837,1046],[78,172,540],[76,192,604],[75,131,206],[28,85,855],[74,537,854],[73,312,644],[123,241,642],[72,634,690],
[71,364,709],[93,345,647],[131,243,717],[2,191,473],[137,271,643],[66,386,640],[144,583,702],[64,86,110],[117,253,673],[63,240,278],
[61,69,129],[59,60,68],[168,190,369],[30,656,935],[16,446,648],[5,191,444],[13,58,884],[57,343,379],[38,486,634],[290,364,485],
[208,218,508],[362,494,547],[56,67,545],[232,288,589],[52,55,287],[54,316,500],[165,314,499],[11,304,359],[195,263,470],[62,251,457],
[53,319,911],[50,51,216],[35,49,157],[48,459,810],[83,277,922],[6,406,920],[151,361,914],[353,663,900],[104,402,898],[331,869,894],
[28,84,857],[517,537,856],[94,411,853],[264,547,831],[262,545,829],[590,715,818],[45,765,812],[77,450,762],[550,623,750],[72,245,751],
[40,722,775],[71,103,711],[162,421,708],[257,419,797],[142,274,1121],[38,758,1119],[152,482,697],[33,531,665],[407,529,663],[92,146,661],
[91,126,679],[90,654,660],[170,271,657],[169,416,654],[168,420,652],[138,272,645],[41,636,692],[5,37,621],[4,36,619],[141,617,761],
[65,554,616],[52,434,612],[1,410,670],[58,606,826],[396,520,820],[32,323,598],[53,142,592],[202,538,590],[46,589,814],[401,585,624],
[14,584,878],[336,401,583],[8,156,582],[3,580,618],[311,579,810],[34,400,577],[439,569,574],[170,563,643],[159,473,561],[66,69,557],
[166,293,553],[208,396,551],[32,207,550],[120,260,669],[118,398,522],[265,627,799],[263,519,625],[261,517,621],[153,515,619],[27,512,1070],
[76,152,570],[207,489,598],[224,482,918],[223,480,917],[105,413,791],[279,350,471],[16,39,1010],[5,103,1008],[1,87,466],[120,450,465],
[56,193,464],[51,238,463],[78,244,451],[239,447,680],[24,415,446],[270,332,444],[12,424,438],[51,78,432],[64,377,429],[46,427,488],
[31,424,593],[394,433,592],[30,389,418],[17,237,417],[296,407,414],[36,179,398],[80,178,397],[27,177,396],[392,468,843],[391,530,647],
[159,387,484],[482,757,776],[195,386,480],[102,305,384],[383,721,794],[120,215,382],[84,380,652],[215,391,483],[113,367,391],[125,638,731],
[147,228,364],[19,363,438],[140,158,361],[360,429,774],[42,380,811],[357,404,722],[272,356,419],[96,346,918],[19,917,923],[27,603,889],
[25,602,888],[133,601,887],[173,571,864],[118,565,861],[15,74,843],[119,679,842],[118,660,841],[40,252,836],[13,14,830],[99,173,824],
[381,464,815],[333,451,813],[173,261,800],[127,792,1102],[141,758,779],[114,282,778],[12,281,777],[42,293,1103],[290,397,1044],[134,289,1043],
[7,683,922],[32,681,920],[194,340,919],[255,275,900],[88,273,898],[23,313,867],[115,210,865],[28,73,858],[85,447,857],[119,263,852],
[10,626,850],[106,123,832],[124,729,831],[51,161,827],[36,100,823],[15,597,818],[52,163,812],[24,513,558],[160,569,753],[515,535,600],
[37,539,568],[35,527,536],[47,227,508],[292,491,514],[302,469,845],[143,252,460],[270,469,765],[57,113,431],[81,400,430],[24,426,710],
[125,423,694],[124,422,692],[64,203,410],[134,157,536],[132,154,246],[149,200,244],[131,141,245],[7,234,335],[32,139,334],[153,572,585],
[3,9,129],[8,388,662],[125,298,341],[143,284,836],[10,198,221],[217,275,390],[147,201,209],[113,224,290],[112,289,684],[95,284,954],
[282,331,750],[281,329,748],[18,186,449],[150,296,338],[99,108,882],[12,97,361],[161,330,509],[29,58,507],[90,181,487],[92,177,520],
[14,91,682],[87,109,652],[3,69,85],[81,240,333],[211,349,438],[81,252,363],[37,80,160],[36,79,235],[70,156,575],[73,203,457],
[7,76,242],[8,59,491],[60,107,355],[61,65,122],[60,116,121],[42,180,384],[219,234,482],[56,127,141],[2,65,268],[33,310,399],
[81,490,527],[33,170,571],[159,489,925],[337,344,396],[31,32,43],[30,310,425],[29,77,586],[241,260,537],[94,259,582],[15,259,265],
[153,184,484],[27,213,492],[199,362,752],[50,101,158],[105,360,573],[8,89,94],[25,103,732],[87,280,290],[138,193,214],[52,78,182],
[51,77,513],[278,289,680],[23,321,332],[22,41,193],[31,224,391],[109,343,446],[46,232,745],[265,471,776],[24,250,327],[249,302,332],
[276,375,444],[147,339,351],[197,404,727],[19,183,434],[17,182,432],[16,49,427],[15,233,590],[40,120,218],[193,305,631],[13,237,514],
[186,465,734],[127,185,464],[82,102,429],[397,558,1031],[134,556,1029],[133,233,538],[10,347,676],[9,366,658],[8,655,934],[7,152,324],
[119,126,678],[75,237,428],[144,228,431],[5,261,371],[26,100,427],[23,37,352],[47,169,349],[66,267,759],[20,106,718],[270,375,418],
[17,328,436],[70,112,367],[125,216,505],[35,124,288],[176,257,619],[12,83,247],[5,220,750],[4,128,748],[14,34,217],[64,248,620],
[134,700,766],[1,463,763],[155,451,736],[154,450,734],[200,488,732],[92,330,646],[91,328,644],[90,327,642],[57,567,624],[275,566,622],
[213,503,584],[212,501,520],[181,385,605],[69,267,489],[218,312,450],[86,252,467],[11,440,447],[37,101,442],[209,339,440],[7,44,401],
[226,392,401],[189,374,662],[4,153,370],[319,367,626],[107,363,708],[196,355,356],[36,344,427],[142,261,342],[276,306,769],[176,303,407],
[301,399,571],[159,300,578],[22,531,969],[137,269,760],[106,259,563],[17,266,616],[7,9,223],[174,219,430],[191,225,371],[322,350,370],
[9,194,298],[63,72,269],[188,254,661],[267,560,581],[48,182,266],[179,519,602],[178,518,601],[158,201,1013],[13,145,760],[22,383,723],
[63,382,722],[88,451,721],[249,380,720],[274,352,693],[38,398,691],[10,135,661],[253,467,660],[71,267,645],[135,242,625],[38,226,606],
[115,194,932],[89,114,930],[88,104,736],[4,512,696],[6,126,681],[176,515,674],[21,529,646],[14,310,635],[31,76,622],[75,320,340],
[294,351,555],[301,318,379],[116,279,299],[255,303,663],[84,87,448],[150,256,567],[99,255,566],[196,220,331],[22,280,485],[21,214,481],
[70,319,546],[61,71,136],[11,131,426],[23,122,195],[118,175,654],[50,231,239],[61,104,187],[66,115,293],[188,197,473],[18,114,471],
[109,480,809],[133,518,550],[53,273,716],[11,42,271],[41,219,305],[119,195,352],[54,247,277],[18,60,279],[20,27,68],[16,97,344],
[121,179,522],[122,164,443],[121,313,828],[3,43,95],[98,258,581],[29,140,151],[49,212,526],[21,112,217],[62,302,380],[45,469,535],
[40,300,461],[25,242,519],[18,441,783],[86,253,466],[22,59,292],[44,64,551],[33,538,550],[89,491,568],[240,289,363],[96,276,440],
[58,140,231],[57,256,318],[2,61,197],[39,63,221],[19,617,779],[2,333,430],[107,121,421],[15,68,106],[13,105,231],[16,135,221]];
###############################################################

