#SurfaceInfo: 84 Vertices, 672 Edges, 448 Faces, IsOrientable=false
#Vertices of faces:
vof1:=[[82,83,84],[81,82,83],[80,82,84],[79,83,84],[76,77,78],[73,74,75],[70,71,72],[71,75,81],[72,77,80],[74,78,79],
[67,68,69],[64,65,66],[61,62,63],[59,60,62],[57,58,68],[55,56,65],[52,53,54],[50,51,53],[48,49,51],[47,50,52],
[46,49,54],[46,47,48],[44,45,73],[43,45,70],[43,44,76],[50,52,53],[46,48,49],[43,44,45],[42,57,68],[41,58,68],
[40,59,62],[40,55,65],[42,56,65],[41,60,62],[58,75,81],[60,77,80],[57,74,79],[56,72,80],[59,78,79],[55,71,81],
[39,61,62],[38,67,68],[37,64,65],[36,62,63],[35,68,69],[34,65,66],[43,55,76],[44,58,76],[44,60,73],[45,56,73],
[45,57,70],[43,59,70],[32,33,42],[30,31,41],[28,29,40],[26,27,51],[24,25,54],[22,23,47],[21,37,46],[20,38,50],
[19,36,48],[18,35,49],[17,34,53],[16,39,52],[47,59,60],[54,55,56],[51,57,58],[43,72,77],[44,74,78],[45,71,75],
[42,61,63],[41,64,66],[40,67,69],[27,76,77],[24,76,78],[25,73,74],[23,70,71],[26,70,72],[22,73,75],[74,75,83],
[71,72,82],[77,78,84],[15,43,66],[14,43,63],[13,44,61],[14,45,67],[15,44,69],[13,45,64],[11,12,43],[9,10,44],
[7,8,43],[5,6,45],[3,4,44],[1,2,45],[11,30,46],[5,31,53],[1,29,49],[3,28,50],[9,33,48],[7,32,52],
[1,4,77],[6,11,74],[8,9,71],[5,12,78],[7,10,75],[2,3,72],[8,20,25],[2,19,24],[12,18,22],[10,21,26],
[4,17,23],[6,16,27],[61,68,77],[65,67,74],[62,66,71],[63,65,78],[62,69,75],[64,68,72],[9,44,61],[11,43,66],
[7,43,63],[1,45,67],[5,45,64],[3,44,69],[5,6,53],[11,12,46],[3,4,50],[9,10,48],[1,2,49],[7,8,52],
[11,30,74],[3,28,72],[5,31,78],[1,29,77],[7,32,75],[9,33,71],[2,3,19],[8,9,20],[1,4,17],[5,12,18],
[6,11,16],[7,10,21],[4,61,77],[6,67,74],[8,66,71],[12,63,78],[2,64,72],[10,69,75],[12,22,75],[6,27,77],
[8,25,74],[2,24,78],[10,26,72],[4,23,71],[68,72,82],[68,77,84],[65,78,84],[65,74,83],[62,75,83],[62,71,82],
[14,43,72],[15,44,78],[13,44,74],[13,45,75],[14,45,71],[15,43,77],[14,42,63],[15,40,69],[13,41,64],[15,41,66],
[14,40,67],[13,42,61],[30,37,46],[31,34,53],[33,36,48],[29,35,49],[32,39,52],[28,38,50],[18,22,35],[17,23,34],
[21,26,37],[20,25,38],[16,27,39],[19,24,36],[26,51,70],[27,51,76],[24,54,76],[22,47,73],[23,47,70],[25,54,73],
[12,43,59],[6,45,57],[8,43,55],[10,44,58],[4,44,60],[2,45,56],[35,64,68],[34,65,67],[38,61,68],[39,62,66],
[37,63,65],[36,62,69],[54,55,81],[51,57,79],[47,59,79],[47,60,80],[51,58,81],[54,56,80],[32,42,68],[33,42,65],
[30,41,68],[28,40,65],[29,40,62],[31,41,62],[15,32,33],[13,28,29],[14,30,31],[14,24,25],[15,22,23],[13,26,27],
[19,21,46],[18,21,49],[18,19,48],[16,17,52],[17,20,53],[16,20,50],[35,55,76],[34,58,76],[39,56,73],[37,60,73],
[38,59,70],[36,57,70],[17,40,59],[21,42,57],[19,40,55],[16,41,58],[18,41,60],[20,42,56],[3,58,75],[9,60,77],
[1,57,74],[5,56,72],[11,55,71],[7,59,78],[39,46,61],[38,48,67],[37,52,64],[36,50,63],[34,49,66],[35,53,69],
[29,53,54],[31,49,51],[33,50,51],[28,47,48],[30,47,52],[32,46,54],[52,54,61],[51,53,66],[48,51,63],[47,50,67],
[46,47,64],[49,54,69],[19,39,46],[18,38,48],[17,37,52],[16,36,50],[20,35,53],[21,34,49],[16,17,40],[18,21,42],
[19,21,40],[17,20,42],[18,19,41],[16,20,41],[9,52,61],[11,53,66],[7,48,63],[1,50,67],[3,49,69],[5,46,64],
[54,61,81],[47,64,79],[47,67,80],[54,69,80],[51,63,81],[51,66,79],[38,59,61],[35,55,64],[34,58,67],[39,56,66],
[36,57,69],[37,60,63],[12,17,59],[6,21,57],[8,19,55],[10,16,58],[2,20,56],[4,18,60],[29,54,73],[33,51,76],
[32,54,76],[31,51,70],[30,47,70],[28,47,73],[22,35,76],[23,34,76],[26,37,73],[25,38,70],[24,36,70],[27,39,73],
[15,32,39],[15,33,36],[14,30,37],[14,31,34],[13,29,35],[13,28,38],[14,25,42],[15,23,40],[13,26,42],[13,27,41],
[14,24,40],[15,22,41],[12,32,46],[6,29,53],[8,30,52],[10,28,48],[2,31,49],[4,33,50],[3,19,58],[9,20,60],
[1,17,57],[5,18,56],[7,21,59],[11,16,55],[2,52,64],[4,46,61],[6,48,67],[12,50,63],[10,53,69],[8,49,66],
[3,12,75],[6,9,77],[1,8,74],[5,10,72],[2,7,78],[4,11,71],[14,28,72],[15,31,78],[13,30,74],[15,29,77],
[14,33,71],[13,32,75],[32,68,82],[29,62,82],[30,68,84],[28,65,84],[33,65,83],[31,62,83],[1,12,50],[6,7,48],
[3,8,49],[2,9,52],[4,5,46],[10,11,53],[12,32,82],[6,29,82],[8,30,84],[2,31,83],[4,33,83],[10,28,84],
[14,33,37],[13,32,38],[14,28,34],[15,31,39],[15,29,36],[13,30,35],[22,33,76],[23,32,76],[26,29,73],[25,31,70],
[27,28,73],[24,30,70],[3,12,17],[6,9,21],[1,8,19],[5,10,16],[4,11,18],[2,7,20],[59,61,81],[55,64,79],
[58,67,80],[60,63,81],[56,66,79],[57,69,80],[18,25,42],[21,23,40],[17,26,42],[19,27,41],[20,22,41],[16,24,40],
[21,34,59],[16,36,55],[20,35,60],[19,39,58],[18,38,56],[17,37,57],[34,59,81],[37,57,80],[36,55,79],[38,56,79],
[39,58,80],[35,60,81],[1,19,27],[7,20,22],[3,17,26],[9,21,23],[11,18,25],[5,16,24],[27,28,34],[22,33,37],
[26,29,36],[23,32,38],[25,31,39],[24,30,35],[1,12,82],[6,7,82],[3,8,84],[2,9,83],[10,11,84],[4,5,83],
[27,34,81],[22,37,80],[26,36,79],[23,38,79],[24,35,81],[25,39,80],[1,27,82],[7,22,82],[3,26,84],[9,23,83],
[5,24,83],[11,25,84],[27,81,82],[22,80,82],[26,79,84],[23,79,83],[25,80,84],[24,81,83]];
 #---------------------------------------------------

#SurfaceInfo: 168 Vertices, 1344 Edges, 896 Faces, IsOrientable=true
#Vertices of faces:
 vof2:=[[166,167,168],[165,166,167],[164,166,168],[163,167,168],[160,161,162],[158,159,161],[157,158,160],[154,155,15\
6],[151,152,153],[149,150,152],
[146,147,148],[144,145,155],[142,143,147],[142,149,160],[146,154,161],[144,151,158],[144,154,155],[142,146,147],[149,\
151,152],[141,158,161],
[140,158,160],[139,160,161],[136,137,138],[133,134,135],[130,131,132],[128,129,131],[126,127,132],[124,125,129],[122,\
123,125],[121,123,127],
[118,119,120],[115,116,117],[113,114,152],[111,112,155],[109,110,147],[107,108,155],[105,106,152],[103,104,147],[101,\
102,155],[99,100,152],
[97,98,147],[154,156,161],[146,148,161],[149,150,160],[151,153,158],[142,143,160],[144,145,158],[126,159,161],[128,16\
0,162],[121,158,159],
[130,161,162],[124,157,160],[122,157,158],[125,127,131],[126,148,161],[128,150,160],[121,153,158],[130,156,161],[122,\
145,158],[124,143,160],
[99,113,152],[101,111,155],[97,109,147],[102,107,155],[98,103,147],[100,105,152],[96,118,119],[95,119,120],[94,118,12\
0],[93,115,116],
[92,115,117],[91,116,117],[111,130,131],[109,126,127],[113,128,131],[107,122,125],[105,121,127],[103,124,125],[90,96,\
126],[89,94,128],
[88,92,121],[87,93,130],[86,95,122],[85,91,124],[82,83,84],[79,80,81],[76,77,78],[73,74,75],[89,94,120],[85,91,116],
[87,93,115],[86,95,119],[90,96,118],[88,92,117],[101,111,131],[99,113,131],[97,109,127],[102,107,125],[100,105,127],[\
98,103,125],
[96,126,148],[94,128,150],[92,121,153],[93,130,156],[91,124,143],[95,122,145],[72,125,131],[71,127,131],[70,125,127],\
[69,133,134],
[68,136,137],[67,134,135],[66,137,138],[65,133,135],[64,136,138],[129,131,132],[123,127,132],[123,125,129],[157,159,1\
62],[71,159,162],
[72,157,162],[70,157,159],[129,132,139],[123,129,140],[123,132,141],[71,105,159],[72,111,162],[71,113,162],[70,103,15\
7],[70,109,159],
[72,107,157],[132,139,148],[129,140,150],[123,141,145],[129,139,143],[132,141,156],[123,140,153],[99,101,123],[97,100\
,129],[98,102,132],
[71,94,105],[72,95,111],[70,96,103],[71,92,113],[72,93,107],[70,91,109],[97,129,143],[99,123,153],[101,123,145],[98,1\
32,148],
[102,132,156],[100,129,150],[69,133,153],[66,137,145],[64,138,150],[68,136,148],[67,134,156],[65,135,143],[63,69,153]\
,[62,68,148],
[61,66,145],[60,67,156],[59,65,143],[58,64,150],[57,71,94],[56,72,95],[55,70,91],[54,70,96],[53,71,92],[52,72,93],
[99,133,153],[101,137,145],[97,135,143],[100,138,150],[102,134,156],[98,136,148],[49,50,51],[46,47,48],[43,44,45],[48\
,85,116],
[45,87,115],[47,86,119],[50,88,117],[51,90,118],[44,89,120],[47,101,131],[51,98,125],[50,99,131],[48,97,127],[45,102,\
125],
[44,100,127],[42,71,131],[41,72,125],[40,72,131],[39,70,125],[38,70,127],[37,71,127],[42,96,148],[41,94,150],[39,92,1\
53],
[37,93,156],[38,95,145],[40,91,143],[35,36,119],[33,34,116],[31,32,115],[29,30,120],[27,28,117],[25,26,118],[43,44,89\
],
[46,47,86],[46,48,85],[43,45,87],[49,50,88],[49,51,90],[47,101,119],[50,99,117],[51,98,118],[48,97,116],[44,100,120],
[45,102,115],[42,47,131],[41,51,125],[39,45,125],[40,50,131],[38,44,127],[37,48,127],[42,71,96],[41,72,94],[39,70,92]\
,
[37,71,93],[40,72,91],[38,70,95],[54,70,85],[56,72,87],[53,71,89],[52,72,86],[55,70,90],[57,71,88],[48,99,133],
[47,100,138],[51,101,137],[45,97,135],[44,98,136],[50,102,134],[42,62,148],[39,63,153],[37,60,156],[40,59,143],[41,58\
,150],
[38,61,145],[24,43,46],[23,46,49],[22,43,49],[44,48,77],[45,51,74],[47,50,80],[21,47,80],[20,50,80],[19,44,77],
[18,48,77],[17,45,74],[16,51,74],[24,43,89],[24,46,85],[22,43,87],[23,49,88],[22,49,90],[23,46,86],[37,60,110],
[41,58,104],[39,63,108],[42,62,112],[40,59,114],[38,61,106],[37,48,133],[42,47,138],[41,51,137],[39,45,135],[40,50,13\
4],
[38,44,136],[71,88,96],[72,87,94],[72,86,91],[70,90,92],[71,89,93],[70,85,95],[33,97,116],[31,102,115],[29,100,120],
[27,99,117],[35,101,119],[25,98,118],[79,80,88],[73,74,87],[76,77,85],[80,81,86],[74,75,90],[77,78,89],[15,75,79],
[14,76,81],[13,73,78],[24,42,114],[23,41,108],[24,39,104],[22,40,112],[23,37,106],[22,38,110],[44,83,98],[51,84,101],
[48,82,99],[47,82,100],[50,84,102],[45,83,97],[53,89,108],[54,85,112],[56,87,106],[57,88,104],[55,90,114],[52,86,110]\
,
[24,55,114],[23,53,108],[24,57,104],[22,54,112],[22,52,110],[23,56,106],[14,76,85],[15,79,88],[13,78,89],[13,73,87],
[14,81,86],[15,75,90],[41,108,137],[42,114,138],[40,112,134],[39,104,135],[38,110,136],[37,106,133],[27,82,99],[33,83\
,97],
[29,82,100],[35,84,101],[25,83,98],[31,84,102],[80,86,91],[80,88,96],[74,87,94],[77,85,95],[77,89,93],[74,90,92],
[16,59,114],[19,63,108],[21,60,110],[17,61,106],[18,62,112],[20,58,104],[24,89,108],[24,85,112],[22,87,106],[23,88,10\
4],
[23,86,110],[22,90,114],[21,47,82],[19,44,83],[16,51,84],[18,48,82],[17,45,83],[20,50,84],[82,83,164],[82,84,165],
[83,84,163],[14,15,23],[13,15,22],[13,14,24],[31,85,124],[33,88,121],[29,90,126],[35,89,128],[27,87,130],[25,86,122],
[28,109,126],[32,113,128],[34,107,122],[26,105,121],[30,111,130],[36,103,124],[12,73,78],[11,75,79],[10,76,81],[24,42\
,103],
[24,39,113],[22,40,109],[23,37,107],[23,41,105],[22,38,111],[9,97,100],[8,99,101],[7,98,102],[9,55,91],[7,54,96],
[8,56,95],[8,53,92],[7,52,93],[9,57,94],[63,69,85],[60,67,88],[61,66,90],[58,64,86],[62,68,89],[59,65,87],
[12,39,108],[11,40,114],[10,42,112],[10,37,110],[12,38,106],[11,41,104],[8,53,101],[7,54,102],[7,52,98],[9,57,97],
[8,56,99],[9,55,100],[12,39,73],[10,42,81],[11,40,79],[10,37,76],[11,41,75],[12,38,78],[31,69,85],[33,67,88],
[29,66,90],[35,68,89],[25,64,86],[27,65,87],[36,42,103],[32,39,113],[28,40,109],[34,37,107],[30,38,111],[26,41,105],
[25,34,122],[28,29,126],[32,35,128],[26,33,121],[31,36,124],[27,30,130],[12,108,137],[12,106,133],[11,114,138],[10,11\
2,134],
[10,110,136],[11,104,135],[24,103,108],[24,112,113],[22,106,109],[23,104,107],[22,111,114],[23,105,110],[9,80,91],[7,\
80,96],
[7,77,93],[8,74,92],[9,74,94],[8,77,95],[31,84,163],[33,83,164],[29,82,164],[27,82,165],[25,83,163],[35,84,165],
[15,61,90],[14,63,85],[15,60,88],[13,59,87],[14,58,86],[13,62,89],[13,24,57],[14,23,56],[15,23,53],[15,22,54],
[14,24,55],[13,22,52],[21,60,82],[19,63,83],[16,59,84],[18,62,82],[20,58,84],[17,61,83],[49,101,102],[43,97,98],
[46,99,100],[39,124,157],[42,128,162],[37,121,159],[40,130,162],[41,122,157],[38,126,159],[114,137,152],[112,133,155]\
,[110,138,147],
[108,136,155],[104,134,147],[106,135,152],[13,142,146],[14,149,151],[15,144,154],[6,130,132],[5,126,132],[4,124,129],\
[3,128,129],
[2,122,123],[1,121,123],[2,141,158],[1,140,158],[6,141,161],[4,139,160],[5,139,161],[3,140,160],[62,113,114],[58,107,\
108],
[60,105,106],[59,111,112],[63,103,104],[61,109,110],[79,81,158],[76,78,160],[73,75,161],[14,15,168],[13,14,167],[13,1\
5,166],
[43,49,82],[43,46,84],[46,49,83],[45,51,132],[44,48,129],[47,50,123],[6,94,105],[4,95,111],[1,96,103],[5,92,113],
[2,91,109],[3,93,107],[9,26,118],[7,36,119],[7,34,116],[8,32,115],[8,30,120],[9,28,117],[29,30,139],[35,36,140],
[25,26,141],[27,28,141],[33,34,140],[31,32,139],[16,29,114],[19,35,108],[21,25,110],[17,27,106],[20,33,104],[18,31,11\
2],
[16,29,139],[19,35,140],[21,25,141],[17,27,141],[20,33,140],[18,31,139],[29,62,114],[35,58,108],[25,61,110],[27,60,10\
6],
[31,59,112],[33,63,104],[1,36,140],[6,26,141],[4,30,139],[2,28,141],[5,32,139],[3,34,140],[1,96,121],[4,95,124],
[6,94,130],[3,93,128],[5,92,126],[2,91,122],[2,61,109],[6,60,105],[4,59,111],[1,63,103],[3,58,107],[5,62,113],
[2,50,123],[6,51,132],[5,45,132],[4,44,129],[1,47,123],[3,48,129],[2,79,158],[1,81,158],[6,75,161],[3,76,160],
[5,73,161],[4,78,160],[11,135,152],[12,137,152],[12,133,155],[11,138,147],[10,134,147],[10,136,155],[49,60,82],[49,61\
,83],
[43,59,84],[43,62,82],[46,63,83],[46,58,84],[15,53,144],[14,55,149],[13,52,146],[13,57,142],[15,54,154],[14,56,151],
[13,62,166],[14,58,167],[15,61,168],[14,63,168],[15,60,166],[13,59,167],[7,80,116],[9,80,118],[8,77,115],[7,77,119],
[9,74,117],[8,74,120],[105,110,138],[111,114,137],[112,113,133],[106,109,135],[104,107,134],[103,108,136],[9,28,29],[\
9,26,33],
[8,32,35],[8,27,30],[7,31,36],[7,25,34],[28,40,130],[36,42,128],[30,38,126],[34,37,121],[26,41,122],[32,39,124],
[40,79,162],[39,73,157],[37,76,159],[42,81,162],[38,78,159],[41,75,157],[49,53,101],[49,54,102],[43,52,98],[46,55,100\
],
[46,56,99],[43,57,97],[35,68,165],[31,69,163],[29,66,164],[33,67,164],[27,65,165],[25,64,163],[9,142,149],[8,144,151]\
,
[7,146,154],[68,155,156],[69,145,155],[66,152,153],[67,147,148],[64,143,147],[65,150,152],[2,69,134],[1,66,138],[6,68\
,137],
[4,64,136],[3,65,133],[5,67,135],[53,96,119],[55,95,120],[52,94,118],[57,93,116],[54,92,115],[56,91,117],[11,50,51],
[12,44,45],[10,47,48],[105,149,159],[111,144,162],[113,151,162],[109,142,159],[107,154,157],[103,146,157],[36,139,148\
],[26,140,150],
[30,141,145],[32,140,153],[28,139,143],[34,141,156],[21,28,80],[20,36,80],[19,34,77],[18,30,77],[16,32,74],[17,26,74]\
,
[12,68,155],[11,66,152],[12,65,152],[11,67,147],[10,69,155],[10,64,147],[68,156,165],[67,148,164],[65,150,165],[69,14\
5,163],
[64,143,163],[66,153,164],[81,144,162],[78,149,159],[75,146,157],[79,151,162],[73,154,157],[76,142,159],[19,34,121],[\
16,32,124],
[21,28,130],[20,36,128],[17,26,122],[18,30,126],[9,29,149],[9,33,142],[8,35,144],[7,25,146],[7,31,154],[8,27,151],
[105,138,149],[111,137,144],[113,133,151],[109,135,142],[103,136,146],[107,134,154],[28,80,116],[36,80,118],[34,77,11\
5],[30,77,119],
[26,74,120],[32,74,117],[53,119,144],[55,120,149],[52,118,146],[57,116,142],[56,117,151],[54,115,154],[2,79,134],[1,8\
1,138],
[6,75,137],[3,76,133],[5,73,135],[4,78,136],[2,11,50],[6,11,51],[5,12,45],[4,12,44],[3,10,48],[1,10,47],
[2,61,69],[6,60,68],[4,59,64],[3,58,65],[5,62,67],[1,63,66],[53,96,121],[55,95,124],[52,94,130],[57,93,128],
[56,91,122],[54,92,126],[3,34,156],[1,36,148],[6,26,150],[4,30,145],[2,28,143],[5,32,153],[18,28,139],[16,36,139],
[19,26,140],[21,30,141],[17,34,141],[20,32,140],[49,53,60],[49,54,61],[43,52,59],[43,57,62],[46,56,58],[46,55,63],
[29,62,166],[33,63,168],[35,58,167],[25,61,168],[31,59,167],[27,60,166],[53,60,68],[55,63,66],[54,61,69],[52,59,64],
[57,62,67],[56,58,65],[3,10,64],[1,10,69],[6,11,67],[2,11,66],[5,12,68],[4,12,65],[21,30,119],[19,26,120],
[16,36,118],[18,28,116],[20,32,117],[17,34,115],[79,134,154],[81,138,149],[75,137,144],[76,133,151],[73,135,142],[78,\
136,146],
[29,149,166],[33,142,168],[31,154,167],[35,144,167],[27,151,166],[25,146,168],[19,53,121],[16,55,124],[21,52,130],[20\
,57,128],
[18,54,126],[17,56,122],[81,119,144],[78,120,149],[75,118,146],[76,116,142],[73,115,154],[79,117,151],[3,156,165],[1,\
148,164],
[6,150,165],[4,145,163],[5,153,164],[2,143,163],[21,52,64],[19,53,68],[16,55,66],[18,54,69],[17,56,65],[20,57,67],
[81,149,166],[78,146,168],[75,144,167],[76,151,166],[73,142,168],[79,154,167],[21,81,119],[19,78,120],[16,75,118],[18\
,76,116],
[17,73,115],[20,79,117],[3,64,165],[5,68,164],[2,66,163],[1,69,164],[4,65,163],[6,67,165],[21,64,165],[19,68,164],
[16,66,163],[18,69,164],[20,67,165],[17,65,163],[21,81,166],[19,78,168],[16,75,167],[18,76,166],[20,79,167],[17,73,16\
8],
[21,165,166],[19,164,168],[16,163,167],[18,164,166],[17,163,168],[20,165,167]];
 #---------------------------------------------------

#SurfaceInfo: 336 Vertices, 2688 Edges, 1792 Faces, IsOrientable=true
#Vertices of faces:
 vof3:=[[334,335,336],[333,334,335],[332,334,336],[331,335,336],[328,329,330],[325,326,327],[322,323,324],[319,320,32\
1],[316,317,318],[313,314,315],
[310,311,312],[307,308,309],[305,306,308],[302,303,304],[300,301,311],[298,299,303],[303,308,311],[300,310,311],[298,\
302,303],[305,307,308],
[295,296,297],[292,293,294],[289,290,291],[286,287,288],[283,284,285],[280,281,282],[277,278,279],[276,303,308],[275,\
303,311],[274,308,311],
[314,318,329],[315,320,328],[317,321,330],[271,272,273],[268,269,270],[266,267,313],[264,265,316],[262,263,319],[260,\
261,316],[258,259,319],
[256,257,313],[255,260,272],[254,262,271],[253,256,272],[252,266,273],[251,264,271],[250,258,273],[247,248,249],[245,\
246,249],[242,243,244],
[239,240,241],[237,238,241],[235,236,244],[233,234,249],[231,232,244],[229,230,241],[227,228,249],[225,226,244],[223,\
224,241],[222,271,272],
[221,271,273],[220,272,273],[244,268,269],[241,268,270],[249,269,270],[276,317,321],[275,315,320],[274,314,318],[218,\
219,276],[216,217,274],
[214,215,275],[212,213,276],[210,211,275],[208,209,274],[205,206,207],[202,203,204],[199,200,201],[196,197,198],[193,\
194,195],[190,191,192],
[218,245,246],[214,239,240],[212,237,238],[216,235,236],[210,242,243],[208,247,248],[189,255,260],[188,252,266],[187,\
251,264],[186,253,256],
[185,254,262],[184,250,258],[183,276,321],[182,275,320],[181,274,318],[180,276,317],[179,274,314],[178,275,315],[233,\
247,249],[231,242,244],
[229,239,241],[225,235,244],[223,237,241],[227,245,249],[234,249,269],[232,244,268],[230,241,268],[228,249,270],[224,\
241,270],[226,244,269],
[221,266,273],[222,262,271],[222,256,272],[220,260,272],[220,258,273],[221,264,271],[212,256,313],[218,266,313],[210,\
264,316],[216,262,319],
[214,260,316],[208,258,319],[206,274,311],[194,276,303],[203,275,311],[200,276,308],[197,275,303],[191,274,308],[269,\
280,281],[270,289,290],
[268,286,287],[268,283,284],[270,277,278],[269,292,293],[177,229,230],[176,233,234],[175,231,232],[174,223,224],[173,\
225,226],[172,227,228],
[171,254,271],[170,252,273],[169,255,272],[168,253,272],[167,251,271],[166,250,273],[165,266,267],[164,262,263],[163,\
256,257],[162,264,265],
[161,260,261],[160,258,259],[158,159,248],[156,157,243],[154,155,240],[152,153,246],[150,151,236],[148,149,238],[147,\
182,221],[146,178,220],
[145,180,222],[144,181,222],[143,179,220],[142,183,221],[141,164,263],[140,162,265],[139,160,259],[138,161,261],[137,\
163,257],[136,165,267],
[135,168,253],[134,167,251],[133,171,254],[132,169,255],[131,166,250],[130,170,252],[166,176,273],[170,172,273],[171,\
173,271],[169,177,272],
[168,174,272],[167,175,271],[137,173,225],[140,172,227],[141,174,223],[139,177,229],[138,176,233],[136,175,231],[129,\
172,228],[128,173,226],
[127,177,230],[127,176,234],[128,174,224],[129,175,232],[267,269,280],[263,268,283],[265,269,292],[261,270,289],[257,\
268,286],[259,270,277],
[165,221,266],[164,222,262],[163,222,256],[162,221,264],[160,220,258],[161,220,260],[232,268,287],[230,268,284],[228,\
270,290],[234,269,293],
[226,269,281],[224,270,278],[155,189,260],[153,188,266],[149,186,256],[157,187,264],[151,185,262],[159,184,258],[126,\
229,239],[125,225,235],
[124,233,247],[123,231,242],[122,227,245],[121,223,237],[182,287,320],[180,278,317],[179,293,314],[178,284,315],[183,\
290,321],[181,281,318],
[200,212,276],[206,208,274],[194,218,276],[203,214,275],[191,216,274],[197,210,275],[205,206,311],[193,194,303],[199,\
200,308],[202,203,311],
[190,191,308],[196,197,303],[218,245,313],[212,237,313],[210,242,316],[216,235,319],[208,247,319],[214,239,316],[295,\
296,313],[296,297,319],
[295,297,316],[129,298,302],[128,305,307],[127,300,310],[154,315,328],[152,321,330],[148,317,330],[150,318,329],[158,\
314,329],[156,320,328],
[120,186,253],[119,188,252],[118,185,254],[117,189,255],[116,184,250],[115,187,251],[113,114,287],[111,112,293],[109,\
110,290],[107,108,281],
[105,106,284],[103,104,278],[120,200,310],[118,191,298],[117,203,305],[119,194,300],[115,197,307],[116,206,302],[102,\
109,110],[101,107,108],
[100,113,114],[99,105,106],[98,111,112],[97,103,104],[115,126,197],[116,125,206],[120,122,200],[118,124,191],[117,123\
,203],[119,121,194],
[120,186,217],[119,188,211],[116,184,215],[117,189,209],[115,187,219],[118,185,213],[116,250,302],[120,253,310],[118,\
254,298],[117,255,305],
[119,252,300],[115,251,307],[96,154,315],[95,152,321],[94,150,318],[93,148,317],[92,156,320],[91,158,314],[129,206,30\
2],[128,197,307],
[127,200,310],[129,191,298],[127,194,300],[128,203,305],[156,243,328],[158,248,329],[154,240,328],[152,246,330],[150,\
236,329],[148,238,330],
[239,297,316],[245,295,313],[237,296,313],[247,297,319],[242,295,316],[235,296,319],[95,197,210],[96,206,208],[92,194\
,218],[94,200,212],
[91,203,214],[93,191,216],[114,202,311],[108,205,311],[104,193,303],[112,190,308],[106,196,303],[110,199,308],[104,27\
8,317],[114,287,320],
[110,290,321],[112,293,314],[108,281,318],[106,284,315],[123,133,231],[121,132,223],[126,135,229],[124,130,233],[122,\
131,227],[125,134,225],
[109,155,189],[107,153,188],[113,149,186],[111,157,187],[105,151,185],[103,159,184],[109,228,290],[105,230,284],[113,\
232,287],[111,234,293],
[107,226,281],[103,224,278],[90,263,268],[89,257,268],[88,261,270],[87,267,269],[86,259,270],[85,265,269],[91,137,225\
],[92,139,229],
[96,136,231],[94,138,233],[95,141,223],[93,140,227],[84,128,224],[83,127,230],[82,128,226],[81,129,232],[80,129,228],\
[79,127,234],
[133,171,248],[134,167,240],[132,169,243],[131,166,236],[130,170,238],[135,168,246],[88,176,273],[85,172,273],[89,173\
,271],[87,175,271],
[86,177,272],[90,174,272],[78,137,163],[77,139,160],[76,138,161],[75,141,164],[74,136,165],[73,140,162],[165,182,221]\
,[164,180,222],
[163,181,222],[162,183,221],[161,179,220],[160,178,220],[71,72,324],[69,70,323],[67,68,322],[70,72,268],[67,71,270],[\
68,69,269],
[65,66,271],[63,64,273],[61,62,272],[60,316,317],[59,319,320],[58,313,314],[57,319,321],[56,313,315],[55,316,318],[86\
,145,165],
[89,147,161],[88,142,163],[87,144,160],[85,143,164],[90,146,162],[146,310,312],[142,302,304],[147,298,299],[144,307,3\
09],[145,305,306],
[143,300,301],[54,255,265],[53,250,263],[52,254,259],[51,252,257],[50,253,267],[49,251,261],[62,112,278],[65,104,287]\
,[66,110,281],
[63,106,290],[61,108,284],[64,114,293],[63,65,326],[61,64,325],[62,66,327],[74,311,312],[76,308,309],[75,303,304],[78\
,301,311],
[77,299,303],[73,306,308],[144,289,291],[147,277,279],[146,280,282],[145,292,294],[143,286,288],[142,283,285],[147,29\
0,291],[145,281,282],
[146,293,294],[143,284,285],[144,278,279],[142,287,288],[48,236,244],[47,243,244],[46,248,249],[45,240,241],[44,238,2\
41],[43,246,249],
[42,261,316],[41,267,313],[40,265,316],[39,263,319],[38,259,319],[37,257,313],[156,157,228],[158,159,230],[152,153,23\
2],[154,155,234],
[148,149,226],[150,151,224],[145,159,248],[142,155,240],[143,157,243],[144,153,246],[146,151,236],[147,149,238],[84,1\
46,178],[83,145,180],
[79,142,183],[82,147,182],[81,144,181],[80,143,179],[48,144,222],[47,147,221],[46,143,220],[44,145,222],[45,146,220],\
[43,142,221],
[182,204,287],[180,195,278],[183,201,290],[181,207,281],[179,192,293],[178,198,284],[126,239,250],[125,235,253],[124,\
247,255],[123,242,252],
[121,237,254],[122,245,251],[156,159,258],[150,155,260],[149,158,256],[148,157,264],[153,154,266],[151,152,262],[52,2\
67,280],[54,263,283],
[51,261,289],[53,265,292],[50,259,277],[49,257,286],[62,137,173],[65,140,172],[66,141,174],[64,139,177],[63,136,175],\
[61,138,176],
[37,129,172],[38,128,173],[40,127,177],[39,127,176],[41,128,174],[42,129,175],[135,243,253],[134,248,251],[133,240,25\
4],[132,246,255],
[130,236,252],[131,238,250],[36,170,172],[35,171,173],[34,169,177],[33,167,175],[32,166,176],[31,168,174],[71,141,263\
],[67,140,265],
[72,139,259],[68,138,261],[69,137,257],[70,136,267],[169,290,296],[170,281,297],[167,293,296],[171,284,295],[168,287,\
297],[166,278,295],
[153,219,299],[155,215,301],[157,211,304],[159,209,312],[149,213,309],[151,217,306],[48,98,209],[47,99,215],[46,101,2\
17],[44,102,219],
[45,100,211],[43,97,213],[102,219,299],[101,217,306],[100,211,304],[98,209,312],[97,213,309],[99,215,301],[32,166,278\
],[34,169,290],
[31,168,287],[36,170,281],[35,171,284],[33,167,293],[36,37,172],[35,38,173],[34,40,177],[32,39,176],[33,42,175],[31,4\
1,174],
[48,98,222],[47,99,221],[46,101,220],[44,102,222],[43,97,221],[45,100,220],[150,224,260],[156,228,258],[152,232,262],\
[158,230,256],
[154,234,266],[148,226,264],[147,149,158],[145,156,159],[143,148,157],[142,150,155],[146,151,152],[144,153,154],[40,5\
3,265],[39,54,263],
[41,52,267],[42,51,261],[37,49,257],[38,50,259],[45,211,241],[44,219,241],[43,213,249],[46,217,249],[47,215,244],[48,\
209,244],
[48,130,236],[45,133,240],[47,135,243],[46,134,248],[43,132,246],[44,131,238],[147,290,296],[145,281,297],[146,293,29\
6],[143,284,295],
[142,287,297],[144,278,295],[46,143,285],[47,147,291],[45,146,294],[48,144,279],[43,142,288],[44,145,282],[74,159,312\
],[78,155,301],
[76,149,309],[73,151,306],[77,153,299],[75,157,304],[69,137,323],[71,141,324],[67,140,322],[72,139,324],[70,136,323],\
[68,138,322],
[71,250,263],[67,255,265],[72,254,259],[70,253,267],[68,251,261],[69,252,257],[62,137,327],[65,140,326],[66,141,327],\
[64,139,325],
[63,136,326],[61,138,325],[62,173,278],[63,175,290],[65,172,287],[64,177,293],[61,176,284],[66,174,281],[50,253,277],\
[49,251,286],
[52,254,280],[54,255,283],[53,250,292],[51,252,289],[104,204,287],[106,201,290],[110,207,281],[112,195,278],[108,198,\
284],[114,192,293],
[84,146,312],[79,142,304],[81,144,309],[83,145,306],[80,143,301],[82,147,299],[86,145,248],[89,147,238],[88,142,240],\
[85,143,243],
[87,144,246],[90,146,236],[37,56,313],[38,57,319],[40,55,316],[42,60,316],[39,59,319],[41,58,313],[145,165,294],[144,\
160,291],
[147,161,279],[143,164,288],[142,163,285],[146,162,282],[147,277,298],[145,292,305],[146,280,310],[144,289,307],[142,\
283,302],[143,286,300],
[243,253,328],[248,251,329],[240,254,328],[246,255,330],[238,250,330],[236,252,329],[165,182,204],[160,178,198],[161,\
179,192],[164,180,195],
[163,181,207],[162,183,201],[65,89,271],[66,87,271],[63,88,273],[64,85,273],[61,90,272],[62,86,272],[84,128,178],[79,\
127,183],
[83,127,180],[82,128,182],[80,129,179],[81,129,181],[67,86,270],[72,89,268],[70,90,268],[68,87,269],[69,85,269],[71,8\
8,270],
[109,157,228],[105,159,230],[113,153,232],[111,155,234],[103,151,224],[107,149,226],[60,104,317],[59,114,320],[56,106\
,315],[57,110,321],
[55,108,318],[58,112,314],[74,114,311],[78,108,311],[77,106,303],[75,104,303],[73,110,308],[76,112,308],[169,235,296]\
,[166,242,295],
[171,245,295],[170,239,297],[167,237,296],[168,247,297],[37,129,206],[38,128,197],[40,127,200],[42,129,191],[41,128,2\
03],[39,127,194],
[239,250,302],[235,253,310],[247,255,305],[242,252,300],[245,251,307],[237,254,298],[157,188,211],[159,189,209],[153,\
187,219],[149,185,213],
[151,186,217],[155,184,215],[115,126,250],[118,124,255],[119,121,254],[116,125,253],[120,122,251],[117,123,252],[78,9\
1,137],[77,92,139],
[76,94,138],[75,95,141],[73,93,140],[74,96,136],[133,231,248],[134,225,240],[132,223,243],[131,227,236],[130,233,238]\
,[135,229,246],
[94,150,212],[95,152,210],[92,156,218],[96,154,208],[93,148,216],[91,158,214],[102,109,155],[101,107,153],[100,113,14\
9],[99,105,151],
[97,103,159],[98,111,157],[127,328,329],[128,329,330],[129,328,330],[305,310,331],[300,302,332],[298,307,333],[30,325\
,326],[29,325,327],
[28,326,327],[27,322,323],[26,323,324],[25,322,324],[67,68,222],[71,72,221],[69,70,220],[29,68,69],[30,70,72],[28,67,\
71],
[25,65,66],[27,61,62],[26,63,64],[24,86,165],[23,85,164],[22,89,161],[21,88,163],[20,87,160],[19,90,162],[54,212,265]\
,
[52,210,259],[53,218,263],[51,208,257],[49,216,261],[50,214,267],[63,65,241],[62,66,249],[61,64,244],[18,63,106],[17,\
66,110],
[16,62,112],[15,65,104],[14,64,114],[13,61,108],[218,246,312],[216,236,304],[214,240,309],[210,243,306],[208,248,299]\
,[212,238,301],
[111,216,262],[113,214,260],[109,212,256],[107,208,258],[105,210,264],[103,218,266],[38,179,274],[41,183,276],[42,178\
,275],[40,182,275],
[39,181,274],[37,180,276],[24,219,276],[23,217,274],[22,215,275],[21,213,276],[20,209,274],[19,211,275],[109,216,217]\
,[107,214,215],
[113,208,209],[111,212,213],[103,210,211],[105,218,219],[169,205,207],[166,202,204],[171,199,201],[170,196,198],[167,\
193,195],[168,190,192],
[12,206,207],[11,197,198],[10,194,195],[9,203,204],[8,191,192],[7,200,201],[76,133,161],[74,132,165],[73,135,162],[75\
,130,164],
[78,131,163],[77,134,160],[166,236,315],[167,240,321],[168,246,318],[171,248,317],[169,243,314],[170,238,320],[11,87,\
175],[8,89,173],
[12,88,176],[10,85,172],[7,90,174],[9,86,177],[96,231,279],[95,223,294],[94,233,288],[93,227,285],[91,225,291],[92,22\
9,282],
[84,188,224],[83,187,230],[80,186,228],[79,185,234],[82,184,226],[81,189,232],[11,90,263],[12,87,267],[7,88,261],[8,8\
5,265],
[9,89,257],[10,86,259],[35,109,189],[34,107,188],[32,113,186],[31,111,187],[33,103,184],[36,105,185],[123,133,207],[1\
21,132,198],
[126,135,195],[124,130,201],[125,134,204],[122,131,192],[25,95,197],[26,96,206],[26,92,194],[27,94,200],[25,93,191],[\
27,91,203],
[54,108,205],[49,104,193],[51,106,196],[52,110,199],[50,112,190],[53,114,202],[96,193,315],[95,190,321],[94,202,318],\
[93,196,317],
[91,199,314],[92,205,320],[117,209,327],[120,217,325],[119,211,325],[116,215,326],[118,213,326],[115,219,327],[100,11\
4,324],[99,106,323],
[97,104,322],[102,110,324],[101,108,322],[98,112,323],[126,197,231],[122,200,223],[124,191,225],[121,194,227],[123,20\
3,229],[125,206,233],
[34,35,36],[31,32,33],[49,50,53],[51,52,54],[130,132,133],[131,134,135],[282,285,291],[279,288,294],[16,23,312],[14,2\
2,304],
[15,24,309],[13,20,306],[18,19,301],[17,21,299],[6,111,277],[5,113,292],[4,109,280],[3,105,289],[2,107,283],[1,103,28\
6],
[7,22,137],[8,19,141],[11,23,140],[12,24,139],[10,20,136],[9,21,138],[69,166,230],[68,171,224],[70,169,234],[71,170,2\
32],
[67,168,226],[72,167,228],[90,179,242],[89,183,239],[88,182,237],[85,178,235],[86,181,245],[87,180,247],[25,47,260],[\
25,48,258],
[26,46,262],[27,44,266],[27,45,264],[26,43,256],[15,196,327],[14,205,326],[13,202,327],[18,193,325],[17,190,326],[16,\
199,325],
[6,114,135],[4,106,133],[3,108,130],[1,112,134],[5,104,131],[2,110,132],[11,16,23],[7,14,22],[12,15,24],[10,13,20],
[9,17,21],[8,18,19],[1,112,323],[6,114,324],[5,104,322],[4,106,323],[2,110,324],[3,108,322],[120,193,325],[116,190,32\
6],
[115,202,327],[117,196,327],[118,205,326],[119,199,325],[15,51,196],[14,54,205],[17,50,190],[16,52,199],[13,53,202],[\
18,49,193],
[26,46,96],[25,47,95],[27,44,94],[27,45,91],[25,48,93],[26,43,92],[27,200,223],[27,203,229],[25,197,231],[26,206,233]\
,
[26,194,227],[25,191,225],[8,85,235],[11,90,242],[9,89,239],[10,86,245],[12,87,247],[7,88,237],[166,187,230],[167,186\
,228],
[168,184,226],[171,188,224],[170,189,232],[169,185,234],[35,81,189],[34,84,188],[32,80,186],[31,83,187],[33,82,184],[\
36,79,185],
[122,223,294],[124,225,291],[125,233,288],[126,231,279],[121,227,285],[123,229,282],[96,193,279],[95,190,294],[94,202\
,288],[93,196,285],
[92,205,282],[91,199,291],[12,88,182],[11,87,180],[7,90,179],[8,89,183],[10,85,178],[9,86,181],[8,173,265],[10,172,25\
9],
[11,175,263],[12,176,267],[9,177,257],[7,174,261],[166,193,315],[167,190,321],[168,202,318],[171,196,317],[170,205,32\
0],[169,199,314],
[6,73,135],[5,78,131],[4,76,133],[3,75,130],[1,77,134],[2,74,132],[133,161,207],[132,165,198],[135,162,195],[134,160,\
204],
[131,163,192],[130,164,201],[12,139,206],[11,140,197],[7,137,200],[8,141,191],[10,136,194],[9,138,203],[70,169,205],[\
69,166,202],
[68,171,199],[71,170,196],[72,167,193],[67,168,190],[12,123,207],[11,121,198],[8,122,192],[10,126,195],[7,124,201],[9\
,125,204],
[6,111,213],[1,103,211],[3,105,219],[5,113,209],[4,109,217],[2,107,215],[36,105,218],[35,109,216],[34,107,214],[32,11\
3,208],
[31,111,212],[33,103,210],[38,179,242],[37,180,247],[41,183,239],[40,182,237],[42,178,235],[39,181,245],[21,37,276],[\
20,38,274],
[19,40,275],[24,41,276],[23,39,274],[22,42,275],[111,262,277],[113,260,292],[109,256,280],[103,266,286],[105,264,289]\
,[107,258,283],
[23,218,312],[22,216,304],[24,214,309],[21,208,299],[19,212,301],[20,210,306],[238,301,320],[246,312,318],[248,299,31\
7],[243,306,314],
[236,304,315],[240,309,321],[16,50,112],[14,53,114],[15,49,104],[13,54,108],[17,52,110],[18,51,106],[54,109,212],[52,\
105,210],
[53,103,218],[51,107,208],[50,113,214],[49,111,216],[24,165,219],[23,164,217],[22,161,215],[21,163,213],[19,162,211],\
[20,160,209],
[26,63,262],[25,66,260],[27,61,266],[25,65,258],[26,64,256],[27,62,264],[29,69,230],[29,68,224],[28,71,232],[28,67,22\
6],
[30,72,228],[30,70,234],[27,99,323],[27,97,322],[25,101,322],[26,102,324],[26,98,323],[25,100,324],[30,217,325],[29,2\
11,325],
[28,215,326],[28,209,327],[29,219,327],[30,213,326],[22,137,323],[23,140,322],[19,141,324],[24,139,324],[21,138,322],\
[20,136,323],
[150,212,265],[152,210,259],[156,218,263],[154,208,257],[158,214,267],[148,216,261],[247,305,331],[235,310,331],[239,\
302,332],[237,298,333],
[245,307,333],[242,300,332],[169,207,235],[166,204,242],[171,201,245],[170,198,239],[168,192,247],[167,195,237],[74,1\
14,135],[77,106,133],
[78,108,130],[73,110,132],[76,112,134],[75,104,131],[24,67,86],[19,70,90],[22,72,89],[21,71,88],[23,69,85],[20,68,87]\
,
[127,183,328],[128,178,329],[129,179,328],[127,180,329],[129,181,330],[128,182,330],[18,63,88],[17,66,87],[16,62,86],\
[15,65,89],
[13,61,90],[14,64,85],[6,277,298],[5,292,305],[4,280,310],[3,289,307],[1,286,300],[2,283,302],[16,84,312],[14,79,304]\
,
[15,81,309],[13,83,306],[17,82,299],[18,80,301],[15,137,327],[18,138,325],[14,140,326],[13,141,327],[16,139,325],[17,\
136,326],
[46,285,291],[45,279,294],[43,288,294],[48,279,288],[44,282,285],[47,282,291],[44,131,135],[48,130,133],[47,134,135],\
[46,131,134],
[43,130,132],[45,132,133],[63,211,241],[65,219,241],[66,213,249],[61,209,244],[64,215,244],[62,217,249],[41,52,54],[4\
0,50,53],
[42,51,52],[39,51,54],[38,49,50],[37,49,53],[43,230,256],[47,224,260],[48,228,258],[46,232,262],[45,226,264],[44,234,\
266],
[68,98,222],[70,100,220],[72,99,221],[69,101,220],[67,102,222],[71,97,221],[35,36,37],[34,35,38],[34,36,40],[31,32,39\
],
[31,33,41],[32,33,42],[109,157,188],[105,159,189],[113,153,187],[111,155,184],[107,149,185],[103,151,186],[165,204,29\
4],[160,198,291],
[161,192,279],[164,195,288],[162,201,282],[163,207,285],[37,56,206],[38,57,197],[40,55,200],[42,60,191],[39,59,194],[\
41,58,203],
[86,231,248],[88,225,240],[85,223,243],[90,227,236],[87,229,246],[89,233,238],[57,110,207],[55,108,198],[58,112,195],\
[60,104,204],
[59,114,192],[56,106,201],[71,115,250],[67,118,255],[72,119,254],[70,116,253],[69,117,252],[68,120,251],[253,277,328]\
,[251,286,329],
[254,280,328],[255,283,330],[252,289,329],[250,292,330],[78,91,155],[77,92,153],[76,94,149],[73,93,151],[75,95,157],[\
74,96,159],
[144,154,295],[142,150,297],[147,158,296],[145,156,297],[146,152,296],[143,148,295],[32,173,278],[34,175,290],[31,172\
,287],[33,177,293],
[36,174,281],[35,176,284],[102,155,299],[101,153,306],[100,149,304],[99,151,301],[98,157,312],[97,159,309],[320,321,3\
34],[317,318,335],
[314,315,336],[295,305,310],[297,298,307],[296,300,302],[156,297,298],[148,295,305],[154,295,310],[152,296,302],[158,\
296,300],[150,297,307],
[299,317,335],[306,314,336],[304,315,336],[301,320,334],[309,321,334],[312,318,335],[91,155,299],[92,153,306],[94,149\
,304],[93,151,301],
[96,159,309],[95,157,312],[11,16,139],[7,14,140],[12,15,137],[8,18,138],[10,13,141],[9,17,136],[14,85,223],[17,87,229\
],
[16,86,231],[15,89,233],[18,88,225],[13,90,227],[182,283,330],[180,289,329],[183,277,328],[178,286,329],[181,292,330]\
,[179,280,328],
[23,69,117],[21,71,115],[20,68,120],[24,67,118],[22,72,119],[19,70,116],[44,74,135],[48,77,133],[43,78,130],[45,73,13\
2],
[47,76,134],[46,75,131],[30,44,234],[29,43,230],[29,47,224],[30,48,228],[28,45,226],[28,46,232],[28,161,215],[29,165,\
219],
[28,160,209],[30,164,217],[30,163,213],[29,162,211],[50,113,187],[53,103,186],[49,111,184],[54,109,188],[51,107,185],\
[52,105,189],
[16,50,84],[14,53,79],[15,49,81],[13,54,83],[18,51,80],[17,52,82],[63,262,277],[65,258,283],[66,260,292],[62,264,289]\
,
[64,256,280],[61,266,286],[21,35,37],[20,34,38],[19,36,40],[22,32,42],[24,33,41],[23,31,39],[41,239,332],[40,237,333]\
,
[42,235,331],[39,245,333],[38,242,332],[37,247,331],[23,36,218],[22,35,216],[24,34,214],[21,32,208],[20,33,210],[19,3\
1,212],
[1,63,211],[3,65,219],[6,66,213],[4,62,217],[2,64,215],[5,61,209],[72,99,193],[67,102,190],[69,101,202],[71,97,196],
[68,98,199],[70,100,205],[56,139,206],[57,140,197],[55,137,200],[58,138,203],[60,141,191],[59,136,194],[57,161,207],[\
55,165,198],
[58,162,195],[60,160,204],[56,164,201],[59,163,192],[6,73,298],[5,78,305],[4,76,310],[3,75,307],[2,74,302],[1,77,300]\
,
[150,173,265],[152,172,259],[156,175,263],[158,176,267],[148,174,261],[154,177,257],[12,123,182],[11,121,180],[8,122,\
183],[10,126,178],
[9,125,181],[7,124,179],[121,207,285],[123,201,282],[122,204,294],[124,198,291],[126,192,279],[125,195,288],[32,80,17\
3],[34,84,175],
[31,83,172],[33,82,177],[35,81,176],[36,79,174],[166,187,193],[167,186,190],[168,184,202],[171,188,196],[169,185,199]\
,[170,189,205],
[8,207,235],[11,204,242],[10,201,245],[9,198,239],[7,195,237],[12,192,247],[27,99,223],[27,97,229],[25,101,231],[26,1\
02,233],
[25,100,225],[26,98,227],[45,91,279],[43,92,294],[48,93,288],[46,96,291],[47,95,282],[44,94,285],[14,41,54],[17,40,50\
],
[16,42,52],[15,39,51],[18,38,49],[13,37,53],[120,193,279],[116,190,294],[115,202,288],[117,196,285],[119,199,291],[11\
8,205,282],
[3,21,322],[4,20,323],[2,19,324],[1,22,323],[6,24,324],[5,23,322],[91,120,279],[92,116,294],[93,115,288],[94,117,285]\
,
[95,118,282],[96,119,291],[11,122,204],[7,125,195],[12,126,192],[8,121,207],[9,124,198],[10,123,201],[84,156,175],[79\
,148,174],
[80,150,173],[83,152,172],[82,154,177],[81,158,176],[99,187,193],[102,186,190],[101,184,202],[97,188,196],[100,189,20\
5],[98,185,199],
[14,41,332],[17,40,333],[16,42,331],[15,39,333],[13,37,331],[18,38,332],[3,21,35],[4,20,34],[2,19,36],[1,22,32],
[5,23,31],[6,24,33],[1,63,277],[3,65,283],[6,66,292],[4,62,289],[5,61,286],[2,64,280],[50,84,187],[53,79,186],
[49,81,184],[54,83,188],[52,82,189],[51,80,185],[30,56,164],[28,57,161],[29,55,165],[30,59,163],[29,58,162],[28,60,16\
0],
[30,44,74],[28,46,75],[30,48,77],[29,43,78],[28,45,73],[29,47,76],[22,35,119],[24,34,118],[23,36,117],[21,32,115],
[19,31,116],[20,33,120],[123,182,283],[121,180,289],[122,183,277],[126,178,286],[124,179,280],[125,181,292],[14,99,22\
3],[17,97,229],
[16,101,231],[15,102,233],[13,98,227],[18,100,225],[11,56,139],[7,57,140],[12,55,137],[8,58,138],[9,59,136],[10,60,14\
1],
[91,299,335],[92,306,336],[94,304,336],[93,301,334],[95,312,335],[96,309,334],[73,156,298],[78,148,305],[76,154,310],\
[75,150,307],
[77,158,300],[74,152,302],[96,119,334],[95,118,335],[91,120,335],[92,116,336],[93,115,334],[94,117,336],[30,56,74],[2\
8,60,73],
[28,57,75],[29,58,78],[29,55,76],[30,59,77],[1,122,277],[3,123,283],[6,125,292],[4,121,289],[5,126,286],[2,124,280],
[3,35,119],[4,34,118],[2,36,117],[1,32,115],[6,33,120],[5,31,116],[14,99,332],[17,97,333],[16,101,331],[15,102,333],
[18,100,332],[13,98,331],[84,99,187],[79,102,186],[81,101,184],[83,97,188],[80,98,185],[82,100,189],[74,83,152],[73,8\
4,156],
[75,80,150],[78,79,148],[76,82,154],[77,81,158],[11,56,122],[7,57,125],[12,55,126],[8,58,121],[10,60,123],[9,59,124],
[83,97,333],[84,99,332],[80,98,331],[79,102,333],[81,101,331],[82,100,332],[1,115,334],[3,119,334],[6,120,335],[4,118\
,335],
[2,117,336],[5,116,336],[1,56,122],[3,60,123],[6,57,125],[4,58,121],[2,59,124],[5,55,126],[56,74,83],[60,73,84],
[57,75,80],[58,78,79],[59,77,81],[55,76,82],[56,83,333],[60,84,332],[57,80,331],[58,79,333],[55,82,332],[59,81,331],
[1,56,334],[3,60,334],[6,57,335],[4,58,335],[5,55,336],[2,59,336],[56,333,334],[60,332,334],[57,331,335],[58,333,335]\
,
[59,331,336],[55,332,336]];
 #---------------------------------------------------

#SurfaceInfo: 300 Vertices, 3000 Edges, 2000 Faces, IsOrientable=true
#Vertices of faces:
 vof4:=[[298,299,300],[297,298,299],[296,298,300],[295,299,300],[292,293,294],[289,290,291],[286,287,288],[283,284,28\
5],[282,289,290],[281,290,291],
[280,286,287],[279,283,284],[278,284,285],[277,287,288],[274,275,276],[271,272,273],[268,269,270],[266,267,293],[264,\
265,292],[262,263,294],
[261,266,267],[260,262,263],[259,264,265],[256,257,258],[253,254,255],[250,251,252],[247,248,249],[244,245,246],[241,\
242,243],[269,272,275],
[238,239,240],[235,236,237],[232,233,234],[229,230,231],[226,227,228],[223,224,225],[220,221,222],[217,218,219],[214,\
215,216],[211,212,213],
[226,227,267],[223,224,264],[217,218,262],[214,215,266],[211,212,263],[220,221,265],[209,210,282],[208,210,277],[206,\
207,281],[205,207,279],
[203,204,278],[202,204,280],[201,211,263],[200,223,264],[199,217,262],[198,220,265],[197,226,267],[196,214,266],[195,\
230,236],[194,229,233],
[193,232,235],[204,229,230],[210,235,236],[207,232,233],[192,195,236],[191,193,235],[190,195,230],[189,194,233],[188,\
193,232],[187,194,229],
[203,204,230],[202,204,229],[206,207,233],[209,210,236],[205,207,232],[208,210,235],[186,201,211],[185,200,223],[184,\
197,226],[183,199,217],
[182,196,214],[181,198,220],[178,179,180],[175,176,177],[172,173,174],[169,170,171],[166,167,168],[163,164,165],[162,\
269,272],[161,272,275],
[160,269,275],[162,238,239],[160,238,240],[161,239,240],[230,236,260],[232,235,261],[229,233,259],[158,159,238],[156,\
157,240],[154,155,240],
[152,153,239],[150,151,239],[148,149,238],[147,232,261],[146,229,259],[145,236,260],[144,230,260],[143,233,259],[142,\
235,261],[141,172,173],
[140,178,179],[139,178,180],[138,172,174],[137,175,176],[136,175,177],[166,167,188],[166,168,190],[163,164,189],[169,\
170,191],[169,171,187],
[163,165,192],[162,224,272],[160,215,275],[161,218,272],[162,221,269],[160,227,269],[161,212,275],[161,224,239],[161,\
215,240],[162,227,238],
[162,218,239],[160,212,240],[160,221,238],[209,236,252],[206,233,252],[205,232,255],[208,235,258],[203,230,255],[202,\
229,258],[186,211,242],
[185,223,248],[184,226,245],[181,220,248],[182,214,245],[183,217,242],[172,187,229],[175,189,233],[172,191,235],[178,\
190,230],[178,188,232],
[175,192,236],[133,134,135],[130,131,132],[127,128,129],[125,126,131],[123,124,128],[121,122,134],[119,120,134],[117,\
118,131],[115,116,128],
[114,124,210],[113,122,210],[112,126,204],[111,116,204],[110,120,207],[109,118,207],[108,117,126],[108,118,125],[107,\
115,124],[107,116,123],
[106,120,121],[106,119,122],[104,105,204],[102,103,207],[100,101,210],[99,101,149],[98,103,153],[97,105,155],[96,102,\
157],[95,104,159],
[94,100,151],[93,101,158],[92,100,152],[91,104,148],[90,105,156],[89,102,154],[88,103,150],[85,86,87],[82,83,84],[79,\
80,81],
[80,174,176],[83,173,179],[86,177,180],[240,253,254],[238,256,257],[239,250,251],[257,258,261],[250,252,259],[253,255\
,261],[256,258,259],
[254,255,260],[251,252,260],[149,247,248],[155,244,245],[153,241,242],[151,248,249],[157,242,243],[159,245,246],[108,\
247,249],[107,241,243],
[106,244,246],[172,261,266],[178,261,267],[172,259,264],[175,259,265],[178,260,262],[175,260,263],[166,227,267],[169,\
224,264],[169,215,266],
[166,218,262],[163,221,265],[163,212,263],[87,99,191],[85,95,187],[82,94,192],[84,98,189],[81,96,188],[79,97,190],[14\
8,180,261],
[156,174,261],[158,177,259],[154,176,260],[152,173,259],[150,179,260],[85,86,95],[82,83,94],[86,87,99],[79,80,97],[83\
,84,98],
[80,81,96],[86,148,180],[80,156,174],[86,158,177],[80,154,176],[83,150,179],[83,152,173],[97,105,190],[99,101,191],[9\
5,104,187],
[98,103,189],[94,100,192],[96,102,188],[104,148,261],[100,152,259],[105,156,261],[103,150,260],[101,158,259],[102,154\
,260],[172,180,261],
[174,178,261],[172,177,259],[176,178,260],[175,179,260],[173,175,259],[123,127,128],[125,130,131],[119,133,134],[121,\
134,135],[117,131,132],
[115,128,129],[114,123,124],[111,115,116],[113,121,122],[112,125,126],[109,117,118],[110,119,120],[115,124,210],[117,\
126,204],[119,122,210],
[116,123,204],[118,125,207],[120,121,207],[91,104,204],[92,100,210],[93,101,210],[89,102,207],[88,103,207],[90,105,20\
4],[108,117,247],
[108,125,249],[107,115,241],[106,119,246],[106,121,244],[107,123,243],[99,149,247],[98,153,241],[97,155,244],[94,151,\
249],[95,159,246],
[96,157,243],[166,190,267],[169,191,264],[169,187,266],[166,188,262],[163,189,263],[163,192,265],[141,172,266],[137,1\
75,265],[140,178,267],
[139,178,262],[138,172,264],[136,175,263],[87,172,191],[85,172,187],[79,178,190],[82,175,192],[81,178,188],[84,175,18\
9],[157,211,242],
[151,223,248],[149,220,248],[155,214,245],[159,226,245],[153,217,242],[229,258,261],[236,252,259],[230,255,261],[235,\
258,259],[233,252,260],
[232,255,260],[212,240,242],[224,239,248],[227,238,245],[221,238,248],[218,239,242],[215,240,245],[166,227,269],[166,\
218,272],[169,224,272],
[169,215,275],[163,212,275],[163,221,269],[147,257,261],[146,250,259],[142,253,261],[143,256,259],[144,251,260],[145,\
254,260],[152,239,250],
[156,240,253],[154,240,254],[158,238,256],[148,238,257],[150,239,251],[78,121,155],[77,117,149],[76,119,159],[78,125,\
151],[76,115,153],
[77,123,157],[74,75,234],[72,73,231],[70,71,237],[174,231,258],[180,231,255],[177,237,252],[176,234,252],[179,234,255\
],[173,237,258],
[69,114,157],[68,111,153],[67,110,159],[66,112,151],[65,113,155],[64,109,149],[219,271,272],[213,274,275],[216,275,27\
6],[222,268,269],
[228,269,270],[225,272,273],[101,149,223],[103,153,211],[100,151,220],[104,159,214],[102,157,217],[105,155,226],[141,\
226,228],[137,223,225],
[140,214,216],[138,220,222],[139,211,213],[136,217,219],[186,242,257],[185,248,254],[184,245,250],[181,248,253],[183,\
242,256],[182,245,251],
[203,247,255],[205,249,255],[209,246,252],[206,244,252],[208,241,258],[202,243,258],[162,221,223],[162,220,224],[161,\
211,218],[160,214,227],
[161,212,217],[160,215,226],[69,161,224],[68,161,215],[64,162,218],[66,162,227],[65,160,221],[67,160,212],[142,155,24\
0],[147,159,238],
[145,157,240],[144,153,239],[143,149,238],[146,151,239],[63,113,223],[62,114,220],[61,109,211],[60,110,217],[59,112,2\
14],[58,111,226],
[57,62,114],[56,63,113],[55,60,110],[54,59,112],[53,58,111],[52,61,109],[133,145,240],[127,146,239],[132,144,239],[13\
0,147,238],
[135,143,238],[129,142,240],[63,162,223],[62,162,220],[61,161,211],[60,161,217],[58,160,226],[59,160,214],[69,220,224\
],[64,211,218],
[66,214,227],[68,215,226],[67,212,217],[65,221,223],[51,153,211],[50,155,226],[49,149,223],[48,157,217],[47,151,220],\
[46,159,214],
[101,113,223],[100,114,220],[105,111,226],[103,109,211],[104,112,214],[102,110,217],[58,228,269],[63,225,272],[60,219\
,272],[61,213,275],
[59,216,275],[62,222,269],[110,147,159],[109,143,149],[114,145,157],[111,144,153],[112,146,151],[113,142,155],[66,151\
,162],[69,157,161],
[68,153,161],[67,159,160],[64,149,162],[65,155,160],[174,243,258],[180,247,255],[177,246,252],[176,244,252],[173,241,\
258],[179,249,255],
[141,228,270],[137,225,273],[139,213,274],[140,216,276],[136,219,271],[138,222,268],[72,231,258],[70,237,252],[71,237\
,258],[74,234,255],
[73,231,255],[75,234,252],[125,130,151],[123,127,157],[115,129,153],[119,133,159],[121,135,155],[117,132,149],[148,18\
6,257],[154,185,254],
[152,184,250],[156,181,253],[150,182,251],[158,183,256],[45,147,257],[44,146,250],[43,142,253],[42,143,256],[41,145,2\
54],[40,144,251],
[169,270,272],[166,269,274],[166,272,276],[169,268,275],[163,269,271],[163,273,275],[240,242,257],[239,248,254],[238,\
245,250],[238,248,253],
[240,245,251],[239,242,256],[77,149,220],[77,157,211],[78,155,214],[76,159,226],[76,153,217],[78,151,223],[141,226,26\
6],[137,223,265],
[140,214,267],[136,217,263],[138,220,264],[139,211,262],[42,98,241],[43,99,247],[40,97,244],[44,95,246],[41,94,249],[\
45,96,243],
[39,114,123],[38,113,121],[37,111,115],[36,112,125],[35,110,119],[34,109,117],[121,206,244],[117,203,247],[125,205,24\
9],[115,208,241],
[123,202,243],[119,209,246],[86,91,95],[83,92,94],[86,93,99],[80,90,97],[80,89,96],[83,88,98],[80,154,157],[83,151,15\
2],
[86,149,158],[80,155,156],[86,148,159],[83,150,153],[91,117,204],[92,115,210],[93,119,210],[89,121,207],[90,123,204],\
[88,125,207],
[87,172,180],[85,172,177],[79,176,178],[82,175,179],[84,173,175],[81,174,178],[104,187,266],[100,192,265],[105,190,26\
7],[101,191,264],
[103,189,263],[102,188,262],[102,232,260],[104,229,261],[100,236,259],[105,230,261],[103,233,260],[101,235,259],[68,1\
11,286],[66,112,285],
[69,114,288],[67,110,291],[64,109,283],[65,113,289],[75,215,245],[70,227,245],[74,224,248],[73,221,248],[72,212,242],\
[71,218,242],
[68,75,184],[67,72,183],[64,71,186],[69,74,181],[66,70,182],[65,73,185],[70,206,283],[73,205,291],[75,209,288],[72,20\
8,289],
[74,203,286],[71,202,285],[65,73,291],[66,70,283],[68,75,288],[67,72,289],[64,71,285],[69,74,286],[69,75,215],[67,73,\
221],
[68,74,224],[64,70,227],[66,71,218],[65,72,212],[75,209,245],[70,206,245],[72,208,242],[71,202,242],[74,203,248],[73,\
205,248],
[61,68,286],[58,65,289],[62,66,285],[63,64,283],[59,67,291],[60,69,288],[34,111,286],[38,109,283],[37,113,289],[36,11\
0,291],
[35,114,288],[39,112,285],[104,229,285],[102,232,291],[103,233,283],[100,236,288],[101,235,289],[105,230,286],[117,20\
3,286],[123,202,285],
[121,206,283],[125,205,291],[119,209,288],[115,208,289],[69,156,181],[68,152,184],[67,158,183],[64,148,186],[65,154,1\
85],[66,150,182],
[74,181,255],[73,185,255],[72,183,258],[71,186,258],[75,184,252],[70,182,252],[110,147,205],[114,145,209],[113,142,20\
8],[112,146,202],
[111,144,203],[109,143,206],[63,162,168],[62,162,167],[60,161,171],[59,160,165],[58,160,164],[61,161,170],[83,88,125]\
,[86,91,117],
[83,92,115],[86,93,119],[80,90,123],[80,89,121],[104,226,266],[100,223,265],[102,211,262],[105,214,267],[101,220,264]\
,[103,217,263],
[44,246,250],[42,241,256],[45,243,257],[41,249,254],[40,244,251],[43,247,253],[138,169,268],[139,166,274],[140,166,27\
6],[141,169,270],
[137,163,273],[136,163,271],[81,174,243],[85,177,246],[87,180,247],[79,176,244],[82,179,249],[84,173,241],[130,151,16\
2],[127,157,161],
[129,153,161],[135,155,160],[132,149,162],[133,159,160],[55,60,272],[57,62,269],[56,63,272],[53,58,269],[52,61,275],[\
54,59,275],
[39,100,114],[38,101,113],[34,103,109],[37,105,111],[36,104,112],[35,102,110],[47,83,151],[46,86,159],[49,86,149],[48\
,80,157],
[50,80,155],[51,83,153],[69,77,220],[64,77,211],[66,78,214],[68,76,226],[65,78,223],[67,76,217],[133,240,257],[129,24\
0,251],
[127,239,254],[130,238,250],[132,239,256],[135,238,253],[93,282,289],[89,281,291],[92,277,288],[90,280,286],[88,279,2\
83],[91,278,285],
[172,268,270],[175,271,273],[178,274,276],[33,197,199],[32,196,200],[31,198,201],[188,267,293],[189,265,292],[191,266\
,293],[187,264,292],
[192,263,294],[190,262,294],[133,135,245],[127,129,242],[130,132,248],[113,193,210],[112,194,204],[111,195,204],[110,\
193,207],[109,194,207],
[114,195,210],[96,107,124],[94,108,126],[95,106,120],[97,106,122],[99,108,118],[98,107,116],[85,87,169],[79,81,166],[\
82,84,163],
[174,176,255],[177,180,258],[173,179,252],[93,158,246],[89,154,244],[92,152,241],[90,156,243],[88,150,249],[91,148,24\
7],[205,253,279],
[208,257,277],[209,251,282],[203,254,278],[206,250,281],[202,256,280],[34,204,280],[38,207,279],[37,210,282],[36,207,\
281],[35,210,277],
[39,204,278],[137,201,263],[139,197,267],[141,200,264],[138,196,266],[140,199,262],[136,198,265],[51,139,180],[47,138\
,174],[46,140,179],
[50,141,173],[48,136,177],[49,137,176],[30,167,188],[29,164,189],[28,171,187],[27,170,191],[26,165,192],[25,168,190],\
[172,229,237],
[178,231,232],[175,233,237],[172,231,235],[175,234,236],[178,230,234],[39,145,236],[34,143,233],[36,146,229],[37,144,\
230],[38,142,235],
[35,147,232],[158,159,199],[156,157,198],[152,153,197],[154,155,200],[148,149,201],[150,151,196],[148,159,267],[154,1\
57,263],[151,152,264],
[150,153,262],[155,156,266],[149,158,265],[91,95,194],[90,97,195],[92,94,195],[93,99,193],[89,96,193],[88,98,194],[34\
,42,98],
[38,43,99],[37,40,97],[36,44,95],[35,45,96],[39,41,94],[167,270,272],[165,269,274],[170,272,276],[171,273,275],[164,2\
68,275],
[168,269,271],[45,147,188],[44,146,187],[42,143,189],[43,142,191],[40,144,190],[41,145,192],[50,116,226],[49,122,223]\
,[51,118,211],
[46,126,214],[47,124,220],[48,120,217],[38,135,143],[39,127,146],[34,132,144],[36,130,147],[35,133,145],[37,129,142],\
[24,83,107],
[23,86,108],[22,80,106],[21,83,108],[20,86,106],[19,80,107],[61,69,169],[62,64,166],[63,66,166],[59,65,163],[60,68,16\
9],
[58,67,163],[174,177,179],[173,176,180],[230,233,235],[229,232,236],[24,51,118],[20,46,126],[23,49,122],[22,50,116],[\
19,48,120],
[21,47,124],[18,42,189],[17,45,188],[16,41,192],[15,44,187],[14,40,190],[13,43,191],[155,200,266],[149,201,265],[159,\
199,267],
[157,198,263],[151,196,264],[153,197,262],[35,232,236],[38,233,235],[36,229,232],[37,230,235],[39,229,236],[34,230,23\
3],[35,133,147],
[39,127,145],[34,132,143],[36,130,146],[38,135,142],[37,129,144],[30,167,270],[26,165,274],[27,170,276],[25,168,271],\
[29,164,268],
[28,171,273],[48,174,177],[50,173,176],[46,177,179],[49,176,180],[51,173,180],[47,174,179],[136,158,265],[139,148,267\
],[137,154,263],
[141,152,264],[140,150,262],[138,156,266],[50,141,200],[49,137,201],[51,139,197],[47,138,196],[48,136,198],[46,140,19\
9],[34,42,280],
[38,43,279],[37,40,282],[36,44,281],[39,41,278],[35,45,277],[61,87,169],[62,81,166],[63,79,166],[59,82,163],[58,84,16\
3],
[60,85,169],[24,96,107],[20,97,106],[22,95,106],[23,94,108],[19,98,107],[21,99,108],[96,124,193],[95,120,194],[97,122\
,195],
[94,126,195],[98,116,194],[99,118,193],[92,111,195],[91,109,194],[89,113,193],[93,110,193],[88,112,194],[90,114,195],\
[37,195,210],
[35,193,210],[34,194,204],[36,194,207],[39,195,204],[38,193,207],[147,188,267],[146,187,264],[142,191,266],[145,192,2\
63],[144,190,262],
[143,189,265],[30,188,293],[29,189,292],[27,191,293],[28,187,292],[25,190,294],[26,192,294],[33,158,199],[33,152,197]\
,[32,154,200],
[31,156,198],[31,148,201],[32,150,196],[172,237,270],[175,237,271],[178,234,276],[178,231,274],[172,231,268],[175,234\
,273],[90,243,280],
[88,249,279],[93,246,282],[89,244,281],[91,247,278],[92,241,277],[19,80,121],[20,86,117],[23,86,119],[24,83,125],[22,\
80,123],
[21,83,115],[133,257,277],[129,251,282],[127,254,278],[130,250,281],[135,253,279],[132,256,280],[61,69,77],[62,64,77]\
,[63,66,78],
[59,65,78],[60,68,76],[58,67,76],[51,83,108],[50,80,107],[47,83,107],[46,86,108],[49,86,106],[48,80,106],[38,101,143]\
,
[39,100,146],[34,103,144],[35,102,145],[37,105,142],[36,104,147],[55,167,272],[57,165,269],[56,170,272],[53,168,269],\
[52,164,275],
[54,171,275],[14,79,244],[18,84,241],[17,81,243],[15,85,246],[13,87,247],[16,82,249],[69,138,169],[64,139,166],[67,13\
6,163],
[66,140,166],[65,137,163],[68,141,169],[158,246,250],[152,241,256],[154,244,251],[156,243,257],[148,247,253],[150,249\
,254],[104,116,226],
[105,126,214],[100,122,223],[102,118,211],[103,120,217],[101,124,220],[147,205,253],[145,209,251],[144,203,254],[143,\
206,250],[142,208,257],
[146,202,256],[174,181,255],[176,185,255],[177,183,258],[179,182,252],[173,184,252],[180,186,258],[229,237,285],[231,\
232,291],[231,235,289],
[233,237,283],[234,236,288],[230,234,286],[34,98,111],[38,99,109],[37,97,113],[36,95,110],[39,94,112],[35,96,114],[13\
3,209,245],
[135,206,245],[129,208,242],[130,205,248],[132,203,248],[127,202,242],[65,89,291],[67,93,289],[64,91,285],[69,90,286]\
,[66,88,283],
[68,92,288],[132,162,168],[133,160,165],[130,162,167],[127,161,171],[129,161,170],[135,160,164],[61,117,286],[62,123,\
285],[63,121,283],
[59,125,291],[58,115,289],[60,119,288],[67,158,221],[69,156,215],[65,154,212],[68,152,224],[66,150,218],[64,148,227],\
[193,289,291],
[194,283,285],[195,286,288],[78,196,200],[77,198,201],[76,197,199],[78,88,121],[77,90,117],[76,92,119],[78,89,125],[7\
7,91,123],
[76,93,115],[173,228,237],[180,213,231],[174,222,231],[177,219,237],[179,216,234],[176,225,234],[108,179,180],[107,17\
3,174],[106,176,177],
[134,164,165],[128,170,171],[131,167,168],[57,236,237],[52,233,234],[54,229,231],[53,230,231],[55,232,234],[56,235,23\
7],[18,186,201],
[17,183,199],[15,182,196],[13,185,200],[16,181,198],[14,184,197],[25,192,195],[30,191,193],[26,190,195],[28,189,194],\
[29,187,194],
[27,188,193],[63,97,168],[60,95,171],[59,94,165],[62,96,167],[58,98,164],[61,99,170],[104,227,285],[101,221,289],[102\
,212,291],
[100,224,288],[103,218,283],[105,215,286],[51,61,68],[50,58,65],[47,62,66],[46,59,67],[49,63,64],[48,60,69],[39,57,28\
5],
[38,56,283],[34,52,286],[37,53,289],[36,54,291],[35,55,288],[12,69,75],[11,67,73],[10,68,74],[9,66,71],[8,65,72],
[7,64,70],[137,200,292],[139,201,294],[136,199,294],[141,197,293],[138,198,292],[140,196,293],[20,132,158],[19,135,15\
6],[23,133,148],
[22,127,154],[21,129,150],[24,130,152],[7,70,184],[12,75,182],[11,73,181],[10,74,185],[8,72,186],[9,71,183],[53,221,2\
89],
[52,215,286],[54,212,291],[57,227,285],[55,224,288],[56,218,283],[98,134,164],[99,128,170],[97,131,168],[96,131,167],\
[95,128,171],
[94,134,165],[108,179,216],[107,174,222],[106,177,219],[108,180,213],[106,176,225],[107,173,228],[78,88,196],[77,90,1\
98],[76,92,197],
[78,89,200],[76,93,199],[77,91,201],[132,158,221],[135,156,215],[133,148,227],[127,154,212],[130,152,224],[129,150,21\
8],[20,132,168],
[23,133,165],[22,127,171],[24,130,167],[19,135,164],[21,129,170],[47,66,88],[48,69,90],[51,68,92],[50,65,89],[46,67,9\
3],
[49,64,91],[228,237,285],[213,231,291],[222,231,289],[219,237,283],[225,234,288],[216,234,286],[29,103,120],[28,104,1\
16],[25,105,126],
[26,100,122],[27,101,124],[30,102,118],[7,64,139],[12,69,138],[11,67,136],[9,66,140],[10,68,141],[8,65,137],[18,186,2\
41],
[17,183,243],[15,182,246],[14,184,244],[16,181,249],[13,185,247],[35,55,167],[39,57,165],[38,56,170],[36,54,171],[37,\
53,168],
[34,52,164],[104,147,227],[100,146,224],[101,143,221],[105,142,215],[103,144,218],[102,145,212],[51,61,108],[50,58,10\
7],[47,62,107],
[46,59,108],[48,60,106],[49,63,106],[63,78,97],[60,76,95],[59,78,94],[62,77,96],[61,77,99],[58,76,98],[19,88,121],
[20,90,117],[23,92,119],[24,89,125],[21,93,115],[22,91,123],[55,234,273],[54,231,274],[57,237,270],[56,237,271],[52,2\
34,276],
[53,231,268],[28,137,292],[25,136,294],[26,139,294],[30,141,293],[27,140,293],[29,138,292],[31,142,266],[32,144,262],\
[33,143,265],
[31,147,267],[32,145,263],[33,146,264],[26,39,195],[25,37,195],[30,35,193],[27,38,193],[29,34,194],[28,36,194],[116,1\
94,285],
[118,193,291],[124,193,289],[122,195,288],[126,195,286],[120,194,283],[50,137,200],[49,139,201],[51,141,197],[47,140,\
196],[46,136,199],
[48,138,198],[20,136,158],[24,141,152],[23,139,148],[22,137,154],[19,138,156],[21,140,150],[25,192,271],[30,191,270],\
[29,187,268],
[27,188,276],[28,189,273],[26,190,274],[35,57,236],[38,52,233],[36,55,232],[37,56,235],[34,53,230],[39,54,229],[200,2\
66,292],
[201,265,294],[199,267,294],[198,263,292],[197,262,293],[196,264,293],[16,192,198],[13,191,200],[18,189,201],[15,187,\
196],[14,190,197],
[17,188,199],[135,206,279],[133,209,277],[129,208,282],[127,202,278],[132,203,280],[130,205,281],[33,158,250],[33,152\
,256],[32,154,251],
[31,156,257],[32,150,254],[31,148,253],[92,98,111],[91,99,109],[89,97,113],[93,95,110],[90,96,114],[88,94,112],[24,96\
,118],
[20,97,126],[22,95,116],[23,94,122],[21,99,124],[19,98,120],[61,87,117],[62,81,123],[63,79,121],[59,82,125],[60,85,11\
9],
[58,84,115],[42,243,280],[43,249,279],[40,246,282],[44,244,281],[45,241,277],[41,247,278],[48,174,181],[50,176,185],[\
46,177,183],
[49,180,186],[51,173,184],[47,179,182],[133,147,253],[129,144,254],[127,145,251],[132,143,250],[130,146,256],[135,142\
,257],[31,104,105],
[33,100,101],[32,102,103],[167,227,228],[168,218,219],[165,212,213],[171,224,225],[170,215,216],[164,221,222],[57,114\
,192],[56,113,191],
[52,109,189],[54,112,187],[55,110,188],[53,111,190],[6,39,123],[5,37,115],[4,38,121],[3,36,125],[2,34,117],[1,35,119]\
,
[19,48,243],[21,47,249],[24,51,241],[20,46,246],[22,50,244],[23,49,247],[18,84,137],[14,79,139],[17,81,140],[15,85,13\
8],
[16,82,136],[13,87,141],[16,41,253],[17,45,256],[13,43,254],[15,44,251],[18,42,257],[14,40,250],[41,133,253],[40,132,\
250],
[42,135,257],[44,127,251],[45,130,256],[43,129,254],[19,42,243],[21,43,249],[20,40,246],[22,44,244],[24,45,241],[23,4\
1,247],
[3,82,125],[6,81,123],[5,84,115],[2,87,117],[1,85,119],[4,79,121],[18,31,257],[14,33,250],[17,33,256],[15,32,251],
[16,31,253],[13,32,254],[205,281,300],[206,279,300],[202,278,299],[203,280,299],[209,277,298],[208,282,298],[110,188,\
199],[114,192,198],
[113,191,200],[109,189,201],[111,190,197],[112,187,196],[57,192,271],[56,191,270],[54,187,268],[52,189,273],[53,190,2\
74],[55,188,276],
[50,84,137],[47,81,140],[49,79,139],[48,85,138],[51,87,141],[46,82,136],[6,26,39],[2,29,34],[1,30,35],[5,25,37],
[3,28,36],[4,27,38],[3,55,273],[6,54,274],[1,57,270],[5,56,271],[2,53,268],[4,52,276],[144,168,218],[147,167,227],
[146,171,224],[145,165,212],[143,164,221],[142,170,215],[51,186,241],[48,183,243],[46,182,246],[50,184,244],[49,185,2\
47],[47,181,249],
[12,15,138],[8,18,137],[7,14,139],[10,13,141],[11,16,136],[9,17,140],[30,32,102],[28,31,104],[25,31,105],[26,33,100],
[29,32,103],[27,33,101],[24,167,228],[20,168,219],[21,170,216],[23,165,213],[19,164,222],[22,171,225],[26,92,197],[29\
,88,196],
[28,91,201],[25,90,198],[30,89,200],[27,93,199],[31,266,292],[33,265,294],[31,267,294],[32,263,292],[33,264,293],[32,\
262,293],
[19,29,138],[21,27,140],[20,25,136],[24,30,141],[22,28,137],[23,26,139],[78,97,126],[76,95,116],[78,94,122],[77,99,12\
4],
[76,98,120],[77,96,118],[35,57,167],[37,56,168],[39,54,165],[38,52,170],[34,53,164],[36,55,171],[116,228,285],[120,21\
9,283],
[118,213,291],[124,222,289],[126,216,286],[122,225,288],[24,50,89],[19,47,88],[20,48,90],[23,51,92],[22,49,91],[21,46\
,93],
[62,107,228],[61,108,216],[58,107,222],[59,108,213],[63,106,219],[60,106,225],[92,98,134],[88,94,134],[91,99,128],[89\
,97,131],
[93,95,128],[90,96,131],[57,133,227],[53,132,221],[52,135,215],[54,127,212],[55,130,224],[56,129,218],[11,48,181],[10\
,50,185],
[9,46,183],[8,49,186],[12,47,182],[7,51,184],[8,9,78],[7,12,77],[10,11,76],[74,75,300],[70,71,298],[72,73,299],
[11,110,205],[12,114,209],[8,113,208],[10,111,203],[7,109,206],[9,112,202],[2,32,144],[3,31,147],[6,33,146],[1,32,145\
],
[4,33,143],[5,31,142],[26,79,122],[28,84,116],[29,85,120],[25,82,126],[30,87,118],[27,81,124],[70,184,228],[71,183,21\
9],
[75,182,216],[73,181,222],[74,185,225],[72,186,213],[58,73,222],[62,70,228],[63,71,219],[61,75,216],[60,74,225],[59,7\
2,213],
[82,126,216],[81,124,222],[84,116,228],[87,118,213],[79,122,225],[85,120,219],[9,78,126],[12,77,124],[8,78,122],[11,7\
6,120],
[10,76,116],[7,77,118],[24,184,228],[22,185,225],[20,183,219],[21,182,216],[23,186,213],[19,181,222],[4,26,33],[1,29,\
32],
[5,28,31],[2,30,32],[6,27,33],[3,25,31],[11,16,205],[9,17,202],[12,15,209],[8,18,208],[7,14,206],[10,13,203],
[2,144,168],[3,147,167],[6,146,171],[1,145,165],[5,142,170],[4,143,164],[6,26,79],[3,28,84],[4,27,81],[2,29,85],
[5,25,82],[1,30,87],[11,110,199],[12,114,198],[8,113,200],[7,109,201],[9,112,196],[10,111,197],[70,209,298],[75,206,3\
00],
[73,203,299],[74,205,300],[72,202,299],[71,208,298],[44,54,127],[41,57,133],[40,53,132],[42,52,135],[43,56,129],[45,5\
5,130],
[26,92,134],[29,88,134],[28,91,128],[27,93,128],[25,90,131],[30,89,131],[10,50,184],[12,47,181],[8,49,185],[11,48,183\
],
[9,46,182],[7,51,186],[22,49,79],[24,50,84],[19,47,81],[20,48,85],[21,46,82],[23,51,87],[57,167,271],[56,168,270],
[54,165,268],[52,170,273],[55,171,276],[53,164,274],[17,33,293],[18,31,292],[16,31,294],[13,32,293],[15,32,292],[14,3\
3,294],
[3,82,273],[6,81,274],[5,84,271],[2,87,268],[4,79,276],[1,85,270],[19,29,42],[21,27,43],[23,26,41],[20,25,40],
[24,30,45],[22,28,44],[292,293,297],[293,294,295],[292,294,296],[44,282,290],[45,280,287],[42,277,287],[41,279,284],[\
43,278,284],
[40,281,290],[10,11,284],[8,9,287],[7,12,290],[126,131,280],[124,128,282],[122,134,277],[120,134,279],[116,128,278],[\
118,131,281],
[10,58,228],[12,62,222],[8,63,225],[11,60,219],[9,59,216],[7,61,213],[29,196,297],[27,199,295],[26,197,295],[25,198,2\
96],
[28,201,296],[30,200,297],[3,55,205],[6,54,202],[1,57,209],[5,56,208],[2,53,203],[4,52,206],[184,281,300],[181,279,30\
0],
[185,278,299],[183,280,299],[182,282,298],[186,277,298],[9,216,287],[12,222,290],[10,228,284],[8,225,287],[7,213,290]\
,[11,219,284],
[44,128,282],[45,131,280],[42,134,277],[41,134,279],[40,131,281],[43,128,278],[10,58,73],[12,62,70],[8,63,71],[7,61,7\
5],
[9,59,72],[11,60,74],[29,42,297],[27,43,295],[26,41,295],[25,40,296],[28,44,296],[30,45,297],[17,293,297],[18,292,297\
],
[16,294,295],[14,294,296],[15,292,296],[13,293,295],[10,184,300],[12,181,300],[8,185,299],[11,183,299],[7,186,298],[9\
,182,298],
[44,54,290],[41,57,284],[40,53,290],[42,52,287],[45,55,287],[43,56,284],[54,72,202],[55,74,205],[57,70,209],[56,71,20\
8],
[52,75,206],[53,73,203],[9,196,297],[12,198,296],[8,200,297],[7,201,296],[10,197,295],[11,199,295],[3,16,205],[6,17,2\
02],
[1,15,209],[5,18,208],[2,13,203],[4,14,206],[22,185,278],[19,181,279],[24,184,281],[20,183,280],[23,186,277],[21,182,\
282],
[9,126,280],[12,124,282],[8,122,277],[11,120,279],[7,118,281],[10,116,278],[6,22,79],[3,24,84],[4,19,81],[2,20,85],
[1,23,87],[5,21,82],[3,167,271],[6,171,276],[2,168,270],[1,165,268],[4,164,274],[5,170,273],[3,25,131],[4,26,134],
[1,29,134],[5,28,128],[2,30,131],[6,27,128],[82,216,273],[81,222,274],[84,228,271],[87,213,268],[85,219,270],[79,225,\
276],
[2,20,280],[5,21,282],[6,22,278],[1,23,277],[3,24,281],[4,19,279],[5,18,273],[3,16,271],[4,14,274],[6,17,276],
[2,13,270],[1,15,268],[9,280,297],[12,282,296],[10,278,295],[8,277,297],[11,279,295],[7,281,296],[54,72,290],[57,70,2\
84],
[53,73,290],[52,75,287],[56,71,284],[55,74,287],[9,72,298],[10,73,300],[12,70,300],[8,71,299],[11,74,299],[7,75,298],
[18,45,297],[17,42,297],[16,43,295],[13,41,295],[15,40,296],[14,44,296],[3,45,131],[4,42,134],[1,41,134],[5,43,128],
[6,44,128],[2,40,131],[216,273,287],[228,271,284],[222,274,290],[219,270,284],[225,276,287],[213,268,290],[2,15,40],[\
3,18,45],
[5,16,43],[6,14,44],[4,17,42],[1,13,41],[72,290,298],[75,287,298],[70,284,300],[73,290,300],[74,287,299],[71,284,299]\
,
[2,280,297],[3,281,296],[5,282,296],[6,278,295],[4,279,295],[1,277,297],[15,268,290],[18,273,287],[16,271,284],[14,27\
4,290],
[17,276,287],[13,270,284],[2,15,297],[3,18,296],[5,16,296],[6,14,295],[1,13,297],[4,17,295],[15,290,298],[18,287,298]\
,
[16,284,300],[14,290,300],[13,284,299],[17,287,299],[15,297,298],[18,296,298],[16,296,300],[14,295,300],[17,295,299],\
[13,297,299]];
 #---------------------------------------------------

