#SurfaceInfo: 432 Vertices, 2592 Edges, 1728 Faces, IsOrientable=true
 #Vertices of faces:
vof1:=[[430,431,432],[429,430,431],[428,430,432],[427,431,432],[424,425,426],[421,422,423],[418,419,420],[415,416,417],[412,413,414],[409,410,411],
[406,407,408],[403,404,405],[400,401,402],[397,398,399],[394,395,396],[391,392,393],[388,389,390],[386,387,414],[384,385,411],[382,383,408],
[380,381,402],[378,379,405],[376,377,399],[373,374,375],[370,371,372],[367,368,369],[364,365,366],[361,362,363],[358,359,360],[355,356,357],
[352,353,354],[349,350,351],[347,348,381],[345,346,379],[343,344,377],[340,341,342],[337,338,339],[334,335,336],[331,332,333],[328,329,330],
[325,326,327],[323,324,332],[321,322,329],[319,320,326],[317,318,343],[315,316,347],[313,314,345],[312,317,374],[311,313,371],[310,315,368],
[309,312,387],[308,311,385],[307,310,383],[305,306,320],[303,304,322],[301,302,324],[301,303,305],[300,346,413],[299,344,407],[298,348,410],
[313,389,425],[315,390,422],[317,388,419],[296,297,387],[294,295,385],[292,293,383],[290,291,303],[288,289,305],[286,287,301],[283,284,285],
[280,281,282],[277,278,279],[276,281,379],[275,284,377],[274,278,381],[271,272,273],[268,269,270],[265,266,267],[272,332,389],[269,329,390],
[266,326,388],[263,264,359],[261,262,362],[259,260,365],[261,270,341],[263,273,338],[259,267,335],[256,257,258],[253,254,255],[250,251,252],
[249,254,300],[248,257,298],[247,251,299],[246,253,343],[245,250,347],[244,256,345],[243,311,343],[242,312,347],[241,310,345],[249,338,390],
[247,335,389],[248,341,388],[243,338,359],[241,341,362],[242,335,365],[239,240,271],[238,239,265],[238,240,268],[239,271,332],[240,268,329],
[238,265,326],[276,280,281],[274,277,278],[275,283,284],[243,249,253],[242,247,250],[241,248,256],[238,239,240],[243,249,338],[241,248,341],
[242,247,335],[248,256,257],[249,253,254],[247,250,251],[243,253,343],[241,256,345],[242,250,347],[271,272,332],[265,266,326],[268,269,329],
[261,341,362],[259,335,365],[263,338,359],[236,237,395],[234,235,396],[232,233,394],[230,231,320],[228,229,322],[226,227,324],[223,224,225],
[220,221,222],[217,218,219],[216,290,291],[215,288,289],[214,286,287],[213,294,385],[212,296,387],[211,292,383],[210,300,346],[209,299,344],
[208,298,348],[252,315,422],[255,317,419],[258,313,425],[259,260,380],[263,264,376],[261,262,378],[207,261,270],[206,263,273],[205,259,267],
[204,275,377],[203,276,379],[202,274,381],[286,301,303],[290,303,305],[288,301,305],[315,347,368],[317,343,374],[313,345,371],[305,319,320],
[301,323,324],[303,321,322],[289,305,306],[287,301,302],[291,303,304],[297,312,387],[293,310,383],[295,311,385],[239,331,332],[238,325,326],
[240,328,329],[340,341,388],[334,335,389],[337,338,390],[244,345,379],[246,343,377],[245,347,381],[243,311,371],[241,310,368],[242,312,374],
[281,346,379],[278,348,381],[284,344,377],[272,389,425],[266,388,419],[269,390,422],[247,299,407],[249,300,413],[248,298,410],[247,332,389],
[248,326,388],[249,329,390],[269,270,341],[266,267,335],[272,273,338],[201,211,328],[200,212,325],[199,213,331],[197,198,228],[195,196,226],
[193,194,230],[190,191,192],[187,188,189],[184,185,186],[182,183,370],[180,181,373],[178,179,367],[176,177,246],[174,175,244],[172,173,245],
[171,323,418],[170,321,424],[169,319,421],[167,168,380],[165,166,376],[163,164,378],[161,162,396],[159,160,395],[157,158,394],[155,156,395],
[153,154,394],[151,152,396],[225,424,425],[222,418,419],[219,421,422],[150,394,395],[149,394,396],[148,395,396],[147,391,392],[146,392,393],
[145,391,393],[227,312,317],[231,310,315],[229,311,313],[157,323,332],[159,319,326],[161,321,329],[144,320,326],[143,324,332],[142,322,329],
[156,331,333],[154,328,330],[152,325,327],[141,326,327],[140,332,333],[139,329,330],[147,347,348],[146,343,344],[145,345,346],[146,364,365],
[145,358,359],[147,361,362],[138,373,374],[137,367,368],[136,370,371],[271,380,381],[268,376,377],[265,378,379],[146,382,408],[145,386,414],
[147,384,411],[135,388,389],[134,389,390],[133,388,390],[196,381,402],[198,377,399],[194,379,405],[373,386,387],[367,382,383],[370,384,385],
[132,383,408],[131,387,414],[130,385,411],[129,341,342],[128,335,336],[127,338,339],[263,362,363],[259,359,360],[261,365,366],[126,318,343],
[125,314,345],[124,316,347],[123,352,353],[122,349,350],[121,355,356],[120,355,357],[119,349,351],[118,352,354],[290,380,402],[288,376,399],
[286,378,405],[117,307,383],[116,309,387],[115,308,385],[114,367,369],[113,373,375],[112,370,372],[111,317,318],[110,313,314],[109,315,316],
[339,348,410],[336,346,413],[342,344,407],[108,315,390],[107,317,388],[106,313,389],[197,271,273],[195,265,267],[193,268,270],[198,256,258],
[196,253,255],[194,250,252],[244,256,331],[246,253,325],[245,250,328],[186,311,343],[192,310,345],[189,312,347],[262,362,369],[260,365,375],
[264,359,372],[283,285,346],[277,279,344],[280,282,348],[284,285,303],[278,279,301],[281,282,305],[105,183,189],[104,181,192],[103,179,186],
[102,301,356],[101,305,353],[100,303,350],[188,258,360],[191,255,366],[185,252,363],[124,158,195],[125,160,193],[126,162,197],[193,278,375],
[197,281,369],[195,284,372],[119,306,315],[120,304,313],[118,302,317],[122,307,341],[123,309,335],[121,308,338],[111,225,380],[109,222,378],
[110,219,376],[99,197,351],[98,193,354],[97,195,357],[95,96,177],[93,94,175],[91,92,173],[145,231,414],[147,227,411],[146,229,408],
[90,137,368],[89,138,374],[88,136,371],[87,137,367],[86,138,373],[85,136,370],[147,361,391],[145,358,393],[146,364,392],[146,365,382],
[147,362,384],[145,359,386],[147,348,392],[145,346,391],[146,344,393],[152,274,325],[156,275,331],[154,276,328],[141,308,327],[139,309,330],
[140,307,333],[140,143,332],[141,144,326],[139,142,329],[84,196,402],[83,198,399],[82,194,405],[132,279,408],[130,282,411],[131,285,414],
[121,355,358],[122,349,361],[123,352,364],[118,200,352],[119,201,349],[120,199,355],[81,288,399],[80,286,405],[79,290,402],[113,373,386],
[112,370,384],[114,367,382],[116,131,387],[115,130,385],[117,132,383],[78,195,357],[77,197,351],[76,193,354],[111,302,317],[109,306,315],
[110,304,313],[111,225,318],[109,222,316],[110,219,314],[100,122,350],[102,121,356],[101,123,353],[112,195,372],[113,193,375],[114,197,369],
[185,263,363],[191,261,366],[188,259,360],[125,160,314],[124,158,316],[126,162,318],[225,290,380],[222,286,378],[219,288,376],[99,119,351],
[97,120,357],[98,118,354],[117,122,307],[115,121,308],[116,123,309],[129,307,341],[127,308,338],[128,309,335],[162,197,281],[158,195,284],
[160,193,278],[284,303,350],[281,305,353],[278,301,356],[261,365,375],[259,359,372],[263,362,369],[262,281,369],[264,284,372],[260,278,375],
[126,186,343],[124,189,347],[125,192,345],[105,189,312],[104,192,310],[103,186,311],[198,256,377],[194,250,379],[196,253,381],[198,258,360],
[194,252,363],[196,255,366],[99,197,271],[98,193,268],[97,195,265],[108,134,390],[107,133,388],[106,135,389],[108,119,315],[106,120,313],
[107,118,317],[110,339,410],[109,342,407],[111,336,413],[127,339,348],[129,342,344],[128,336,346],[155,172,173],[151,174,175],[153,176,177],
[225,321,424],[219,319,421],[222,323,418],[75,167,168],[74,165,166],[73,163,164],[149,157,394],[148,161,396],[150,159,395],[150,153,394],
[149,151,396],[148,155,395],[168,271,380],[164,265,378],[166,268,376],[155,156,333],[151,152,327],[153,154,330],[157,171,323],[161,170,321],
[159,169,319],[178,367,383],[182,370,385],[180,373,387],[187,188,258],[184,185,252],[190,191,255],[124,195,196],[125,193,194],[126,197,198],
[181,190,192],[179,184,186],[183,187,189],[105,183,370],[103,179,367],[104,181,373],[201,250,328],[200,253,325],[199,256,331],[197,228,273],
[193,230,270],[195,226,267],[122,269,341],[121,272,338],[123,266,335],[157,247,332],[159,248,326],[161,249,329],[72,249,413],[71,248,410],
[70,247,407],[225,272,425],[219,269,422],[222,266,419],[281,285,346],[279,284,344],[278,282,348],[151,242,374],[155,243,371],[153,241,368],
[174,244,379],[172,245,381],[176,246,377],[134,334,389],[133,337,390],[135,340,388],[239,244,331],[240,245,328],[238,246,325],[147,347,368],
[145,345,371],[146,343,374],[279,301,323],[282,305,319],[285,303,321],[227,297,312],[229,295,311],[231,293,310],[118,287,302],[120,291,304],
[119,289,306],[102,288,301],[100,286,303],[101,290,305],[109,261,378],[111,259,380],[110,263,376],[205,259,401],[207,261,404],[206,263,398],
[202,271,381],[203,265,379],[204,268,377],[214,228,286],[216,230,290],[215,226,288],[210,283,346],[208,280,348],[209,277,344],[227,255,317],
[229,258,313],[231,252,315],[211,328,383],[213,331,385],[212,325,387],[186,217,218],[192,220,221],[189,223,224],[144,230,320],[143,226,324],
[142,228,322],[160,236,395],[158,232,394],[162,234,396],[68,69,382],[66,67,384],[64,65,386],[91,141,384],[95,140,382],[93,139,386],
[115,175,244],[116,177,246],[117,173,245],[170,382,424],[169,386,421],[171,384,418],[167,320,380],[163,322,378],[165,324,376],[63,159,160],
[62,157,158],[61,161,162],[154,223,394],[152,217,396],[156,220,395],[107,201,211],[108,199,213],[106,200,212],[175,198,228],[173,194,230],
[177,196,226],[178,179,239],[182,183,238],[180,181,240],[87,260,380],[85,262,378],[86,264,376],[116,207,270],[115,205,267],[117,206,273],
[190,204,275],[184,202,274],[187,203,276],[210,240,300],[208,238,298],[209,239,299],[124,237,395],[125,235,396],[126,233,394],[230,231,277],
[226,227,283],[228,229,280],[97,231,320],[99,227,324],[98,229,322],[70,218,219],[71,224,225],[72,221,222],[100,223,225],[101,217,219],
[102,220,222],[157,276,280],[159,275,283],[161,274,277],[60,240,271],[59,238,268],[58,239,265],[360,363,366],[103,104,105],[160,163,424],
[162,165,418],[158,167,421],[161,201,393],[157,199,392],[159,200,391],[140,200,211],[139,199,212],[141,201,213],[57,104,337],[56,103,334],
[55,105,340],[54,107,138],[53,108,137],[52,106,136],[51,57,104],[50,55,105],[49,56,103],[48,53,137],[47,52,136],[46,54,138],
[200,211,391],[201,213,393],[199,212,392],[60,240,300],[58,239,299],[59,238,298],[180,210,240],[182,208,238],[178,209,239],[107,141,201],
[106,140,200],[108,139,199],[107,138,211],[106,136,212],[108,137,213],[100,154,223],[101,152,217],[102,156,220],[124,220,395],[126,223,394],
[125,217,396],[63,160,163],[61,162,165],[62,158,167],[62,157,280],[61,161,277],[63,159,283],[99,165,324],[98,163,322],[97,167,320],
[87,320,380],[86,324,376],[85,322,378],[116,246,270],[117,245,273],[115,244,267],[91,171,384],[93,169,386],[95,170,382],[64,139,386],
[66,141,384],[68,140,382],[95,116,177],[91,117,173],[93,115,175],[45,162,234],[44,160,236],[43,158,232],[144,173,230],[142,175,228],
[143,177,226],[208,228,280],[210,226,283],[209,230,277],[118,287,292],[119,289,294],[120,291,296],[99,227,297],[97,231,293],[98,229,295],
[179,239,244],[181,240,245],[183,238,246],[57,133,337],[55,135,340],[56,134,334],[100,225,272],[102,222,266],[101,219,269],[70,218,247],
[72,221,249],[71,224,248],[157,247,276],[161,249,274],[159,248,275],[87,121,272],[85,123,266],[86,122,269],[103,105,370],[104,105,373],
[103,104,367],[181,190,204],[183,187,203],[179,184,202],[124,196,237],[126,198,233],[125,194,235],[159,169,391],[157,171,392],[161,170,393],
[58,164,265],[59,166,268],[60,168,271],[73,163,424],[75,167,421],[74,165,418],[150,159,200],[149,157,199],[148,161,201],[140,143,211],
[141,144,213],[139,142,212],[154,187,276],[156,190,275],[152,184,274],[69,365,382],[65,359,386],[67,362,384],[85,262,370],[86,264,373],
[87,260,367],[147,227,283],[146,229,280],[145,231,277],[53,108,134],[52,106,135],[54,107,133],[196,363,366],[198,360,366],[194,360,363],
[84,177,196],[83,175,198],[82,173,194],[104,310,337],[105,312,340],[103,311,334],[116,131,207],[117,132,206],[115,130,205],[114,382,424],
[112,384,418],[113,386,421],[72,222,286],[70,219,288],[71,225,290],[160,314,424],[162,318,418],[158,316,421],[228,273,286],[226,267,288],
[230,270,290],[184,231,252],[190,227,255],[187,229,258],[178,328,383],[180,325,387],[182,331,385],[155,173,333],[153,177,330],[151,175,327],
[150,153,241],[148,155,243],[149,151,242],[127,348,392],[128,346,391],[129,344,393],[90,147,368],[89,146,374],[88,145,371],[99,202,271],
[97,203,265],[98,204,268],[174,250,379],[176,256,377],[172,253,381],[124,189,223],[125,192,220],[126,186,217],[109,261,375],[110,263,369],
[111,259,372],[260,278,356],[264,284,350],[262,281,353],[162,281,285],[160,278,282],[158,279,284],[132,279,323],[130,282,319],[131,285,321],
[349,361,391],[352,364,392],[355,358,393],[119,201,250],[120,199,256],[118,200,253],[79,101,290],[81,102,288],[80,100,286],[129,307,333],
[127,308,327],[128,309,330],[99,108,119],[98,107,118],[97,106,120],[188,259,401],[185,263,398],[191,261,404],[225,318,321],[219,314,319],
[222,316,323],[110,304,339],[111,302,336],[109,306,342],[100,117,122],[101,116,123],[102,115,121],[76,113,193],[77,114,197],[78,112,195],
[42,237,246],[41,235,245],[40,233,244],[39,299,318],[38,300,314],[37,298,316],[35,36,93],[33,34,95],[31,32,91],[30,66,67],
[29,64,65],[28,68,69],[93,133,139],[95,134,140],[91,135,141],[102,425,426],[101,419,420],[100,422,423],[132,415,416],[130,416,417],
[131,415,417],[406,424,426],[412,421,423],[409,418,420],[148,412,413],[149,406,407],[150,409,410],[132,403,404],[130,397,398],[131,400,401],
[48,413,414],[47,407,408],[46,410,411],[208,401,402],[209,398,399],[210,404,405],[49,412,414],[50,406,408],[51,409,411],[77,397,399],
[76,403,405],[78,400,402],[164,306,320],[168,302,324],[166,304,322],[307,310,358],[308,311,364],[309,312,361],[337,339,375],[334,336,369],
[340,342,372],[63,356,357],[62,350,351],[61,353,354],[78,364,366],[76,361,363],[77,358,360],[42,374,375],[41,368,369],[40,371,372],
[27,241,362],[26,243,359],[25,242,365],[24,257,258],[23,251,252],[22,254,255],[241,254,300],[243,251,299],[242,257,298],[21,96,177],
[20,92,173],[19,94,175],[95,96,356],[93,94,350],[91,92,353],[55,186,218],[57,189,224],[56,192,221],[18,214,228],[17,215,226],
[16,216,230],[180,205,401],[182,206,398],[178,207,404],[66,151,374],[64,153,368],[68,155,371],[72,112,413],[70,113,407],[71,114,410],
[49,151,174],[50,153,176],[51,155,172],[55,73,164],[57,74,166],[56,75,168],[21,110,410],[20,111,413],[19,109,407],[61,276,328],
[63,274,325],[62,275,331],[141,251,308],[140,254,307],[139,257,309],[15,87,137],[14,85,136],[13,86,138],[88,132,136],[90,131,137],
[89,130,138],[12,231,414],[11,229,408],[10,227,411],[36,82,405],[32,84,402],[34,83,399],[279,304,408],[285,306,414],[282,302,411],
[82,121,358],[83,123,364],[84,122,361],[31,200,352],[33,199,355],[35,201,349],[81,129,399],[80,128,405],[79,127,402],[78,287,357],
[76,289,354],[77,291,351],[33,99,234],[31,97,232],[35,98,236],[65,76,81],[67,78,80],[69,77,79],[9,54,356],[8,52,350],
[7,53,353],[63,293,404],[61,295,398],[62,297,401],[11,204,223],[10,202,220],[12,203,217],[8,58,223],[9,59,220],[7,60,217],
[190,214,403],[187,216,400],[184,215,397],[23,216,355],[24,214,352],[22,215,349],[8,11,223],[7,12,217],[9,10,220],[215,349,397],
[216,355,400],[214,352,403],[22,35,349],[24,31,352],[23,33,355],[36,82,121],[32,84,122],[34,83,123],[61,276,295],[62,275,297],
[63,274,293],[18,190,214],[16,187,216],[17,184,215],[56,75,192],[55,73,186],[57,74,189],[8,94,350],[7,92,353],[9,96,356],
[21,96,110],[20,92,111],[19,94,109],[23,216,252],[22,215,255],[24,214,258],[22,254,307],[24,257,309],[23,251,308],[27,241,300],
[25,242,298],[26,243,299],[42,66,374],[40,68,371],[41,64,368],[69,77,360],[65,76,363],[67,78,366],[78,287,364],[77,291,358],
[76,289,361],[54,63,356],[52,62,350],[53,61,353],[40,342,372],[42,339,375],[41,336,369],[82,307,358],[84,309,361],[83,308,364],
[55,164,306],[56,168,302],[57,166,304],[78,80,400],[77,79,397],[76,81,403],[77,129,399],[78,127,402],[76,128,405],[51,302,411],
[49,306,414],[50,304,408],[36,210,405],[34,209,399],[32,208,402],[12,48,414],[10,46,411],[11,47,408],[88,132,403],[89,130,397],
[90,131,400],[21,150,410],[19,149,407],[20,148,413],[49,151,412],[51,155,409],[50,153,406],[48,112,413],[46,114,410],[47,113,407],
[180,208,401],[182,209,398],[178,210,404],[149,406,426],[150,409,420],[148,412,423],[132,404,415],[131,401,417],[130,398,416],[135,141,251],
[133,139,257],[134,140,254],[29,65,81],[28,69,79],[30,67,80],[30,66,151],[28,68,155],[29,64,153],[33,34,234],[35,36,236],
[31,32,232],[35,93,133],[31,91,135],[33,95,134],[71,77,114],[72,78,112],[70,76,113],[285,306,342],[279,304,339],[282,302,336],
[39,318,321],[37,316,323],[38,314,319],[188,297,401],[185,295,398],[191,293,404],[81,129,333],[79,127,327],[80,128,330],[81,102,426],
[80,100,423],[79,101,420],[131,321,415],[132,323,416],[130,319,417],[95,260,356],[91,262,353],[93,264,350],[109,337,375],[111,340,372],
[110,334,369],[58,124,223],[60,126,217],[59,125,220],[33,99,202],[35,98,204],[31,97,203],[150,241,254],[149,242,257],[148,243,251],
[61,178,328],[62,182,331],[63,180,325],[10,190,227],[11,187,229],[12,184,231],[131,137,207],[130,138,205],[132,136,206],[311,334,364],
[310,337,358],[312,340,361],[21,84,177],[20,82,173],[19,83,175],[7,53,134],[9,54,133],[8,52,135],[25,69,365],[27,67,362],
[26,65,359],[156,190,403],[152,184,397],[154,187,400],[31,150,200],[35,148,201],[33,149,199],[73,406,424],[74,409,418],[75,412,421],
[8,58,164],[7,60,168],[9,59,166],[12,183,203],[10,179,202],[11,181,204],[15,87,121],[13,86,122],[14,85,123],[100,272,422],
[101,269,419],[102,266,425],[57,133,224],[56,134,221],[55,135,218],[183,237,246],[179,233,244],[181,235,245],[99,234,297],[98,236,295],
[97,232,293],[287,292,357],[291,296,351],[289,294,354],[18,208,228],[16,209,230],[17,210,226],[41,245,273],[40,244,267],[42,246,270],
[87,164,320],[85,166,322],[86,168,324],[63,283,357],[61,277,354],[62,280,351],[63,163,404],[62,167,401],[61,165,398],[124,202,220],
[126,204,223],[125,203,217],[180,205,210],[178,207,209],[182,206,208],[60,300,314],[59,298,316],[58,299,318],[49,103,174],[51,104,172],
[50,105,176],[15,48,137],[13,46,138],[14,47,136],[119,174,250],[118,172,253],[120,176,256],[72,273,286],[70,267,288],[71,270,290],
[114,314,424],[113,316,421],[112,318,418],[90,147,283],[88,145,277],[89,146,280],[169,349,391],[170,355,393],[171,352,392],[196,237,363],
[194,235,360],[198,233,366],[103,262,370],[104,260,367],[105,264,373],[218,247,276],[224,248,275],[221,249,274],[144,173,333],[142,175,327],
[143,177,330],[45,162,285],[43,158,279],[44,160,282],[93,115,169],[95,116,170],[91,117,171],[99,108,165],[97,106,167],[98,107,163],
[100,117,154],[102,115,156],[101,116,152],[138,143,211],[136,142,212],[137,144,213],[64,108,139],[68,106,140],[66,107,141],[129,213,393],
[127,212,392],[128,211,391],[40,233,406],[42,237,409],[41,235,412],[38,142,300],[37,144,298],[39,143,299],[27,36,93],[25,32,91],
[26,34,95],[40,191,192],[42,185,186],[41,188,189],[84,252,422],[82,258,425],[83,255,419],[6,213,294],[5,212,296],[4,211,292],
[3,236,237],[2,232,233],[1,234,235],[39,86,269],[37,87,272],[38,85,266],[11,118,292],[12,120,296],[10,119,294],[45,81,234],
[44,80,236],[43,79,232],[51,57,294],[49,56,296],[50,55,292],[47,52,86],[46,54,87],[48,53,85],[39,47,86],[38,48,85],
[37,46,87],[6,57,294],[4,55,292],[5,56,296],[6,129,213],[4,128,211],[5,127,212],[37,144,333],[39,143,330],[38,142,327],
[10,119,174],[12,120,176],[11,118,172],[54,87,164],[53,85,166],[52,86,168],[50,292,357],[49,296,351],[51,294,354],[3,183,237],
[1,181,235],[2,179,233],[37,272,422],[39,269,419],[38,266,425],[73,233,406],[74,237,409],[75,235,412],[26,34,65],[25,32,69],
[27,36,67],[21,84,422],[19,83,419],[20,82,425],[27,93,264],[26,95,260],[25,91,262],[81,234,426],[79,232,420],[80,236,423],
[3,36,236],[1,34,234],[2,32,232],[43,79,397],[45,81,403],[44,80,400],[40,191,342],[41,188,336],[42,185,339],[41,64,412],
[42,66,409],[40,68,406],[27,142,300],[26,143,299],[25,144,298],[82,214,258],[83,215,255],[84,216,252],[41,74,189],[42,73,186],
[40,75,192],[8,11,292],[9,10,294],[7,12,296],[64,108,165],[66,107,163],[68,106,167],[115,156,169],[117,154,171],[116,152,170],
[103,174,262],[105,176,264],[104,172,260],[58,112,318],[59,113,316],[60,114,314],[90,283,357],[89,280,351],[88,277,354],[41,72,273],
[42,71,270],[40,70,267],[136,142,206],[138,143,205],[137,144,207],[58,124,202],[59,125,203],[60,126,204],[188,234,297],[191,232,293],
[185,236,295],[39,321,415],[38,319,417],[37,323,416],[45,285,342],[44,282,336],[43,279,339],[35,133,224],[33,134,221],[31,135,218],
[29,81,333],[30,80,330],[28,79,327],[7,134,254],[8,135,251],[9,133,257],[163,404,415],[165,398,416],[167,401,417],[150,254,420],
[148,251,423],[149,257,426],[18,180,208],[17,178,210],[16,182,209],[15,48,112],[14,47,113],[13,46,114],[30,151,412],[28,155,409],
[29,153,406],[20,35,148],[19,33,149],[21,31,150],[88,156,403],[90,154,400],[89,152,397],[12,48,183],[11,47,181],[10,46,179],
[36,205,210],[32,206,208],[34,207,209],[71,77,129],[70,76,128],[72,78,127],[50,57,304],[49,55,306],[51,56,302],[53,61,178],
[54,63,180],[52,62,182],[287,334,364],[289,340,361],[291,337,358],[67,233,366],[65,237,363],[69,235,360],[22,82,307],[23,83,308],
[24,84,309],[96,110,334],[94,109,337],[92,111,340],[8,94,164],[9,96,166],[7,92,168],[10,18,190],[12,17,184],[11,16,187],
[224,275,297],[221,274,293],[218,276,295],[15,36,121],[14,34,123],[13,32,122],[23,33,202],[24,31,203],[22,35,204],[169,349,397],
[171,352,403],[170,355,400],[296,297,429],[292,293,428],[294,295,427],[224,297,429],[218,295,427],[221,293,428],[7,296,429],[9,294,427],
[8,292,428],[96,287,334],[92,289,340],[94,291,337],[18,54,180],[16,52,182],[17,53,178],[64,165,416],[68,167,417],[66,163,415],
[7,254,420],[9,257,426],[8,251,423],[20,35,224],[21,31,218],[19,33,221],[23,58,202],[22,60,204],[24,59,203],[15,58,112],
[13,60,114],[14,59,113],[88,156,169],[89,152,170],[90,154,171],[41,72,74],[40,70,75],[42,71,73],[22,82,214],[24,84,216],
[23,83,215],[27,142,206],[25,144,207],[26,143,205],[30,64,412],[29,68,406],[28,66,409],[45,191,342],[43,185,339],[44,188,336],
[43,169,397],[44,170,400],[45,171,403],[2,32,206],[1,34,207],[3,36,205],[188,234,426],[185,236,423],[191,232,420],[26,172,260],
[25,174,262],[27,176,264],[15,36,67],[13,32,69],[14,34,65],[67,73,233],[69,75,235],[65,74,237],[21,37,422],[20,38,425],
[19,39,419],[3,48,183],[2,46,179],[1,47,181],[50,90,357],[51,88,354],[49,89,351],[54,94,164],[52,92,168],[53,96,166],
[10,18,174],[11,16,172],[12,17,176],[29,37,333],[28,38,327],[30,39,330],[6,71,129],[5,72,127],[4,70,128],[6,50,57],
[5,51,56],[4,49,55],[39,47,415],[37,46,416],[38,48,417],[214,287,432],[215,289,431],[216,291,430],[94,291,430],[96,287,432],
[92,289,431],[22,214,432],[24,216,430],[23,215,431],[6,50,90],[4,49,89],[5,51,88],[2,46,416],[1,47,415],[3,48,417],
[21,29,37],[19,30,39],[20,28,38],[15,67,73],[14,65,74],[13,69,75],[17,27,176],[18,25,174],[16,26,172],[45,191,420],
[43,185,423],[44,188,426],[2,27,206],[3,26,205],[1,25,207],[6,71,73],[4,70,75],[5,72,74],[43,88,169],[45,90,171],
[44,89,170],[15,23,58],[14,24,59],[13,22,60],[30,64,416],[28,66,415],[29,68,417],[18,54,94],[17,53,96],[16,52,92],
[7,420,429],[8,423,428],[9,426,427],[20,224,429],[19,221,428],[21,218,427],[6,45,90],[4,44,89],[5,43,88],[45,420,429],
[44,426,427],[43,423,428],[2,17,27],[3,16,26],[1,18,25],[6,15,73],[4,13,75],[5,14,74],[19,30,428],[21,29,427],
[20,28,429],[2,30,416],[3,29,417],[1,28,415],[15,23,431],[13,22,432],[14,24,430],[17,96,432],[16,92,431],[18,94,430],
[2,30,428],[1,28,429],[3,29,427],[6,15,431],[5,14,430],[4,13,432],[2,17,432],[1,18,430],[3,16,431],[6,45,429],
[5,43,428],[4,44,427],[2,428,432],[3,427,431],[1,429,430],[6,429,431],[4,427,432],[5,428,430]];
###############################################################

#SurfaceInfo: 432 Vertices, 2592 Edges, 1728 Faces, IsOrientable=true
 #Vertices of faces:
vof2:=[[430,431,432],[429,430,431],[428,430,432],[427,431,432],[424,425,426],[421,422,423],[418,419,420],[417,424,425],[416,418,419],[415,421,422],
[412,413,414],[409,410,411],[406,407,408],[403,404,405],[400,401,402],[397,398,399],[396,412,413],[395,406,407],[394,409,410],[391,392,393],
[388,389,390],[385,386,387],[382,383,384],[379,380,381],[376,377,378],[373,374,375],[370,371,372],[367,368,369],[364,365,366],[361,362,363],
[358,359,360],[357,379,380],[356,376,377],[355,382,383],[354,370,371],[353,367,368],[352,373,374],[351,364,365],[350,358,359],[349,361,362],
[348,357,379],[347,355,382],[346,356,376],[345,354,370],[344,353,367],[343,352,373],[342,349,361],[341,350,358],[340,351,364],[339,348,357],
[338,346,356],[337,347,355],[336,391,392],[335,388,389],[334,385,386],[333,364,404],[332,358,398],[331,361,401],[330,336,391],[329,334,385],
[328,335,388],[327,334,386],[326,336,392],[325,335,389],[324,345,354],[323,343,352],[322,344,353],[321,341,350],[320,340,351],[319,342,349],
[318,337,347],[317,339,348],[316,338,346],[313,314,315],[310,311,312],[307,308,309],[306,342,361],[305,340,364],[304,341,358],[303,338,356],
[302,337,355],[301,339,357],[300,303,356],[299,301,357],[298,302,355],[297,303,338],[296,301,339],[295,302,337],[294,306,342],[293,304,341],
[292,305,340],[291,313,314],[290,307,308],[289,310,311],[307,309,347],[313,315,348],[310,312,346],[288,328,335],[287,329,334],[286,330,336],
[285,327,334],[284,325,335],[283,326,336],[317,339,400],[316,338,403],[318,337,397],[310,324,354],[313,322,353],[307,323,352],[282,319,342],
[281,320,340],[280,321,341],[306,361,401],[305,364,404],[304,358,398],[279,281,300],[278,282,299],[277,280,298],[275,276,288],[273,274,286],
[271,272,287],[270,403,404],[269,397,398],[268,400,401],[267,396,412],[266,394,409],[265,395,406],[350,359,396],[349,362,394],[351,365,395],
[348,379,409],[346,376,406],[347,382,412],[264,318,347],[263,316,346],[262,317,348],[274,319,349],[272,321,350],[276,320,351],[259,260,261],
[256,257,258],[253,254,255],[250,251,252],[247,248,249],[245,246,399],[243,244,405],[241,242,402],[239,240,392],[237,238,386],[235,236,389],
[233,234,320],[231,232,319],[229,230,321],[227,228,330],[225,226,328],[223,224,329],[221,222,303],[219,220,302],[217,218,301],[215,216,366],
[213,214,360],[211,212,363],[208,209,210],[205,206,207],[202,203,204],[200,201,281],[198,199,282],[196,197,280],[194,195,198],[192,193,196],
[190,191,200],[187,188,189],[184,185,186],[181,182,183],[179,180,254],[177,178,251],[175,176,248],[237,259,260],[239,260,261],[235,259,261],
[174,256,257],[173,257,258],[172,256,258],[274,349,416],[276,351,417],[272,350,415],[171,264,318],[170,262,317],[169,263,316],[264,347,421],
[262,348,418],[263,346,424],[168,350,396],[167,349,394],[166,351,395],[271,272,321],[275,276,320],[273,274,319],[266,379,409],[267,382,412],
[265,376,406],[267,359,396],[266,362,394],[265,365,395],[169,284,325],[170,283,326],[171,285,327],[273,286,330],[271,287,329],[275,288,328],
[268,306,401],[269,304,398],[270,305,404],[279,281,320],[277,280,321],[278,282,319],[268,317,400],[269,318,397],[270,316,403],[310,346,406],
[307,347,412],[313,348,409],[165,292,305],[164,294,306],[163,293,304],[226,295,302],[228,297,303],[224,296,301],[279,300,303],[277,298,302],
[278,299,301],[290,307,352],[289,310,354],[291,313,353],[162,203,252],[161,209,249],[160,206,255],[159,188,208],[158,182,205],[157,185,202],
[155,156,364],[153,154,358],[151,152,361],[150,338,368],[149,339,374],[148,337,371],[147,416,418],[146,417,424],[145,415,421],[320,370,372],
[319,367,369],[321,373,375],[157,364,366],[159,358,360],[158,361,363],[365,366,373],[359,360,367],[362,363,370],[203,357,380],[206,355,383],
[209,356,377],[192,282,342],[190,280,341],[194,281,340],[307,323,370],[310,324,367],[313,322,373],[144,338,403],[143,337,397],[142,339,400],
[162,294,342],[161,292,340],[160,293,341],[290,299,357],[291,300,356],[289,298,355],[185,297,338],[188,295,337],[182,296,339],[141,180,290],
[140,178,291],[139,176,289],[138,140,291],[137,141,290],[136,139,289],[180,290,299],[176,289,298],[178,291,300],[135,162,342],[134,160,341],
[133,161,340],[132,142,400],[131,143,397],[130,144,403],[323,362,370],[322,365,373],[324,359,367],[307,320,370],[313,321,373],[310,319,367],
[129,155,364],[128,151,361],[127,153,358],[126,338,368],[125,337,371],[124,339,374],[182,205,296],[185,202,297],[188,208,295],[162,252,294],
[160,255,293],[161,249,292],[143,148,337],[142,149,339],[144,150,338],[203,252,380],[209,249,377],[206,255,383],[158,205,363],[159,208,360],
[157,202,366],[156,157,364],[152,158,361],[154,159,358],[191,253,254],[193,250,251],[195,247,248],[217,241,242],[221,243,244],[219,245,246],
[139,175,176],[141,179,180],[140,177,178],[184,185,338],[187,188,337],[181,182,339],[192,198,282],[194,200,281],[190,196,280],[192,196,342],
[194,198,340],[190,200,341],[202,203,357],[208,209,356],[205,206,355],[215,366,373],[211,363,370],[213,360,367],[290,352,357],[289,354,355],
[291,353,356],[185,224,301],[188,228,303],[182,226,302],[123,164,306],[122,163,304],[121,165,305],[120,310,406],[119,313,409],[118,307,412],
[117,268,317],[116,270,316],[115,269,318],[279,320,372],[277,321,375],[278,319,369],[194,269,304],[192,270,305],[190,268,306],[168,265,365],
[167,267,359],[166,266,362],[129,266,379],[128,267,382],[127,265,376],[114,166,351],[113,168,350],[112,167,349],[146,263,424],[145,264,421],
[147,262,418],[147,274,416],[145,272,415],[146,276,417],[111,173,257],[110,172,258],[109,174,256],[221,279,303],[217,278,301],[219,277,302],
[225,275,328],[227,273,330],[223,271,329],[231,273,319],[229,271,321],[233,275,320],[171,264,285],[169,263,284],[170,262,283],[239,260,392],
[235,261,389],[237,259,386],[108,276,363],[107,274,360],[106,272,366],[105,424,426],[104,418,420],[103,421,423],[101,102,128],[99,100,129],
[97,98,127],[96,111,393],[95,110,387],[94,109,390],[91,92,93],[88,89,90],[85,86,87],[121,204,334],[122,210,336],[123,207,335],
[186,237,294],[183,235,293],[189,239,292],[324,395,425],[323,396,422],[322,394,419],[84,279,318],[83,278,316],[82,277,317],[266,343,424],
[265,344,421],[267,345,418],[81,166,414],[80,168,411],[79,167,408],[78,144,273],[77,142,271],[76,143,275],[73,74,75],[70,71,72],
[67,68,69],[189,201,391],[183,197,388],[186,199,385],[64,65,66],[61,62,63],[58,59,60],[111,161,209],[109,160,206],[110,162,203],
[74,153,154],[68,155,156],[71,151,152],[92,149,374],[86,150,368],[89,148,371],[245,403,405],[241,397,399],[243,400,402],[287,404,405],
[286,398,399],[288,401,402],[123,314,315],[121,311,312],[122,308,309],[57,392,393],[56,386,387],[55,389,390],[215,388,390],[213,385,387],
[211,391,393],[382,384,424],[376,378,418],[379,381,421],[57,380,381],[56,383,384],[55,377,378],[285,352,374],[284,354,371],[283,353,368],
[258,329,385],[257,330,391],[256,328,388],[175,327,386],[179,326,392],[177,325,389],[333,364,420],[331,361,423],[332,358,426],[174,331,401],
[173,332,398],[172,333,404],[95,245,399],[96,241,402],[94,243,405],[115,251,252],[117,248,249],[116,254,255],[100,237,238],[102,235,236],
[98,239,240],[69,234,320],[72,232,319],[75,230,321],[229,230,401],[233,234,398],[231,232,404],[87,228,330],[93,224,329],[90,226,328],
[225,226,245],[223,224,241],[227,228,243],[221,222,296],[219,220,297],[217,218,295],[96,220,302],[94,218,301],[95,222,303],[216,238,366],
[212,236,363],[214,240,360],[215,216,296],[211,212,295],[213,214,297],[208,210,225],[202,204,227],[205,207,223],[54,196,197],[53,198,199],
[52,200,201],[91,195,198],[88,193,196],[85,191,200],[164,194,195],[163,192,193],[165,190,191],[59,182,183],[62,185,186],[65,188,189],
[141,187,189],[140,181,183],[139,184,186],[122,178,251],[121,180,254],[123,176,248],[74,179,254],[68,175,248],[71,177,251],[226,258,295],
[224,257,296],[228,256,297],[163,175,293],[164,179,294],[165,177,292],[169,254,325],[170,248,326],[171,251,327],[168,396,420],[166,395,423],
[167,394,426],[91,169,316],[85,171,318],[88,170,317],[146,347,421],[145,348,418],[147,346,424],[349,407,416],[351,413,417],[350,410,415],
[115,237,260],[116,235,259],[117,239,261],[84,174,257],[82,172,256],[83,173,258],[292,293,294],[142,143,144],[51,104,357],[50,103,355],
[49,105,356],[406,409,412],[74,192,260],[68,190,259],[71,194,261],[64,68,178],[58,74,176],[61,71,180],[48,380,404],[47,377,398],
[46,383,401],[49,93,135],[51,90,134],[50,87,133],[132,223,388],[130,227,385],[131,225,391],[214,241,279],[212,243,277],[216,245,278],
[142,222,225],[144,220,223],[143,218,227],[47,163,189],[46,164,183],[48,165,186],[66,150,295],[63,149,297],[60,148,296],[154,161,251],
[152,160,248],[156,162,254],[45,96,166],[44,94,168],[43,95,167],[42,54,146],[41,53,145],[40,52,147],[415,416,417],[39,115,351],
[38,117,350],[37,116,349],[51,104,134],[49,105,135],[50,103,133],[74,176,192],[71,180,194],[68,178,190],[39,115,237],[38,117,239],
[37,116,235],[407,416,417],[413,415,417],[410,415,416],[37,349,407],[38,350,410],[39,351,413],[42,146,347],[40,147,346],[41,145,348],
[45,166,423],[43,167,426],[44,168,420],[161,171,251],[162,169,254],[160,170,248],[150,258,295],[148,257,296],[149,256,297],[74,254,325],
[68,248,326],[71,251,327],[141,163,189],[139,165,186],[140,164,183],[48,165,191],[47,163,193],[46,164,195],[91,169,195],[85,171,191],
[88,170,193],[42,54,197],[40,52,201],[41,53,199],[208,222,225],[202,218,227],[205,220,223],[66,211,295],[60,215,296],[63,213,297],
[214,240,279],[216,238,278],[212,236,277],[45,96,302],[43,95,303],[44,94,301],[216,222,296],[214,220,297],[212,218,295],[132,223,241],
[131,225,245],[130,227,243],[51,90,226],[50,87,228],[49,93,224],[48,232,404],[46,230,401],[47,234,398],[100,238,366],[98,240,360],
[102,236,363],[115,122,251],[116,121,254],[117,123,248],[84,174,331],[82,172,333],[83,173,332],[174,229,401],[172,231,404],[173,233,398],
[163,175,327],[165,177,325],[164,179,326],[84,257,391],[82,256,388],[83,258,385],[226,258,329],[228,256,328],[224,257,330],[48,57,380],
[47,55,377],[46,56,383],[215,223,388],[211,225,391],[213,227,385],[57,381,393],[55,378,390],[56,384,387],[288,383,401],[286,377,398],
[287,380,404],[226,245,405],[228,243,402],[224,241,399],[96,241,397],[95,245,403],[94,243,400],[95,286,399],[94,287,405],[96,288,402],
[63,92,149],[60,89,148],[66,86,150],[92,285,374],[86,283,368],[89,284,371],[64,68,155],[58,74,153],[61,71,151],[68,156,175],
[71,152,177],[74,154,179],[64,65,73],[61,62,67],[58,59,70],[65,66,78],[59,60,76],[62,63,77],[81,96,166],[79,95,167],
[80,94,168],[47,189,201],[46,183,197],[48,186,199],[77,142,222],[76,143,218],[78,144,220],[132,197,388],[131,201,391],[130,199,385],
[73,74,260],[70,71,261],[67,68,259],[146,344,421],[147,343,424],[145,345,418],[88,277,317],[91,278,316],[85,279,318],[323,396,420],
[322,394,426],[324,395,423],[175,235,293],[177,239,292],[179,237,294],[123,176,335],[122,178,336],[121,180,334],[59,183,235],[65,189,239],
[62,186,237],[91,92,198],[85,86,200],[88,89,196],[95,110,222],[96,111,220],[94,109,218],[86,87,330],[89,90,328],[92,93,329],
[74,75,230],[68,69,234],[71,72,232],[101,102,235],[97,98,239],[99,100,237],[104,333,420],[105,332,426],[103,331,423],[105,384,424],
[103,381,421],[104,378,418],[266,382,424],[265,379,421],[267,376,418],[122,210,309],[123,207,315],[121,204,312],[111,161,393],[110,162,387],
[109,160,390],[152,195,248],[156,191,254],[154,193,251],[214,217,241],[216,219,245],[212,221,243],[57,260,392],[55,261,389],[56,259,386],
[264,285,352],[262,283,353],[263,284,354],[144,231,273],[143,233,275],[142,229,271],[210,225,275],[207,223,271],[204,227,273],[83,217,278],
[82,219,277],[84,221,279],[110,172,203],[109,174,206],[111,173,209],[146,276,363],[145,272,366],[147,274,360],[54,146,263],[52,147,262],
[53,145,264],[114,115,351],[112,116,349],[113,117,350],[100,129,379],[98,127,376],[102,128,382],[166,266,414],[167,267,408],[168,265,411],
[164,194,304],[165,190,306],[163,192,305],[241,279,372],[245,278,369],[243,277,375],[117,261,268],[115,260,269],[116,259,270],[120,406,412],
[118,409,412],[119,406,409],[123,164,314],[121,165,311],[122,163,308],[59,182,302],[62,185,301],[65,188,303],[104,352,357],[105,353,356],
[103,354,355],[211,370,393],[213,367,387],[215,373,390],[50,205,355],[49,208,356],[51,202,357],[192,198,260],[194,200,261],[190,196,259],
[54,196,342],[52,200,341],[53,198,340],[139,175,386],[140,177,389],[141,179,392],[156,157,162],[154,159,161],[152,158,160],[107,208,360],
[106,202,366],[108,205,363],[115,252,380],[116,255,383],[117,249,377],[142,144,149],[143,144,150],[142,143,148],[252,292,294],[249,292,293],
[255,293,294],[205,221,296],[208,217,295],[202,219,297],[129,364,420],[127,358,426],[128,361,423],[69,307,320],[72,310,319],[75,313,321],
[324,359,425],[323,362,422],[322,365,419],[130,144,223],[132,142,225],[131,143,227],[93,135,162],[87,133,161],[90,134,160],[61,180,299],
[64,178,300],[58,176,298],[136,139,184],[137,141,187],[138,140,181],[126,184,338],[124,181,339],[125,187,337],[94,124,390],[96,125,393],
[95,126,387],[64,66,133],[58,60,134],[61,63,135],[78,273,332],[76,275,331],[77,271,333],[52,73,75],[53,67,69],[54,70,72],
[352,395,425],[353,396,422],[354,394,419],[97,127,181],[101,128,184],[99,129,187],[108,187,276],[107,184,274],[106,181,272],[36,189,391],
[35,183,388],[34,186,385],[69,189,292],[75,183,293],[72,186,294],[91,93,184],[88,90,181],[85,87,187],[79,139,408],[81,141,414],
[80,140,411],[33,266,343],[32,265,344],[31,267,345],[207,212,335],[204,216,334],[210,214,336],[30,84,318],[29,82,317],[28,83,316],
[27,413,414],[26,407,408],[25,410,411],[30,412,414],[29,409,411],[28,406,408],[152,280,298],[154,281,300],[156,282,299],[33,272,287],
[32,274,286],[31,276,288],[172,374,375],[173,368,369],[174,371,372],[24,345,370],[23,344,367],[22,343,373],[21,288,335],[20,286,336],
[19,287,334],[44,285,334],[43,283,336],[45,284,335],[47,291,314],[46,289,311],[48,290,308],[18,309,347],[17,312,346],[16,315,348],
[173,221,244],[172,217,242],[174,219,246],[47,191,253],[46,193,250],[48,195,247],[17,110,258],[18,111,257],[16,109,256],[16,113,168],
[17,112,167],[18,114,166],[15,129,266],[14,127,265],[13,128,267],[12,166,362],[11,168,365],[10,167,359],[155,194,269],[153,190,268],
[151,192,270],[115,137,318],[117,138,317],[116,136,316],[21,120,310],[19,118,307],[20,119,313],[92,121,305],[89,123,306],[86,122,304],
[17,185,224],[16,182,226],[18,188,228],[36,129,155],[35,127,153],[34,128,151],[125,371,407],[124,374,413],[126,368,410],[132,298,400],
[130,299,403],[131,300,397],[135,342,408],[133,340,414],[134,341,411],[138,291,359],[137,290,365],[136,289,362],[9,92,100],[8,86,98],
[7,89,102],[7,37,298],[8,38,300],[9,39,299],[7,132,298],[9,130,299],[8,131,300],[86,98,304],[92,100,305],[89,102,306],
[36,155,269],[34,151,270],[35,153,268],[10,291,359],[12,289,362],[11,290,365],[15,36,129],[13,34,128],[14,35,127],[17,112,185],
[18,114,188],[16,113,182],[10,17,167],[12,18,166],[11,16,168],[18,111,309],[16,109,315],[17,110,312],[47,253,314],[48,247,308],
[46,250,311],[21,120,288],[20,119,286],[19,118,287],[174,246,372],[172,242,375],[173,244,369],[37,152,298],[39,156,299],[38,154,300],
[30,133,414],[28,135,408],[29,134,411],[27,374,413],[25,368,410],[26,371,407],[30,137,318],[28,136,316],[29,138,317],[43,214,336],
[45,212,335],[44,216,334],[33,272,343],[31,276,345],[32,274,344],[26,139,408],[25,140,411],[27,141,414],[88,97,181],[85,99,187],
[91,101,184],[87,108,187],[90,106,181],[93,107,184],[36,69,189],[34,72,186],[35,75,183],[125,129,187],[126,128,184],[124,127,181],
[138,181,272],[137,187,276],[136,184,274],[64,300,397],[58,298,400],[61,299,403],[137,365,419],[136,362,422],[138,359,425],[19,69,307],
[21,72,310],[20,75,313],[69,252,292],[72,255,294],[75,249,293],[115,137,380],[117,138,377],[116,136,383],[79,139,386],[80,140,389],
[81,141,392],[53,340,414],[52,341,411],[54,342,408],[24,370,393],[22,373,390],[23,367,387],[104,352,425],[103,354,419],[105,353,422],
[151,176,192],[153,178,190],[155,180,194],[30,120,412],[28,119,406],[29,118,409],[33,266,414],[32,265,411],[31,267,408],[9,100,379],
[7,102,382],[8,98,376],[53,69,264],[54,72,263],[52,75,262],[172,203,374],[173,209,368],[174,206,371],[264,352,395],[263,354,394],
[262,353,396],[15,266,382],[13,267,376],[14,265,379],[103,275,331],[104,271,333],[105,273,332],[9,92,329],[7,89,328],[8,86,330],
[21,176,335],[19,180,334],[20,178,336],[24,145,345],[22,147,343],[23,146,344],[47,201,291],[48,199,290],[46,197,289],[65,78,332],
[62,77,333],[59,76,331],[52,65,73],[54,59,70],[53,62,67],[156,175,282],[154,179,281],[152,177,280],[64,133,155],[61,135,151],
[58,134,153],[63,92,121],[66,86,122],[60,89,123],[96,125,288],[95,126,286],[94,124,287],[18,228,402],[16,226,405],[17,224,399],
[31,288,383],[33,287,380],[32,286,377],[125,381,393],[126,384,387],[124,378,390],[36,84,391],[34,83,385],[35,82,388],[173,221,233],
[174,219,229],[172,217,231],[30,84,331],[28,83,332],[29,82,333],[47,191,234],[48,195,232],[46,193,230],[204,216,222],[210,214,220],
[207,212,218],[66,133,211],[63,135,213],[60,134,215],[17,150,258],[18,148,257],[16,149,256],[44,285,420],[45,284,423],[43,283,426],
[18,42,347],[16,41,348],[17,40,346],[7,37,407],[9,39,413],[8,38,410],[125,407,417],[126,410,416],[124,413,415],[93,157,162],
[90,158,160],[87,159,161],[50,205,221],[51,202,219],[49,208,217],[164,304,314],[163,305,308],[165,306,311],[144,149,231],[142,148,229],
[143,150,233],[57,198,260],[56,196,259],[55,200,261],[83,214,217],[84,212,221],[82,216,219],[210,275,309],[204,273,312],[207,271,315],
[103,133,381],[105,135,384],[104,134,378],[101,175,235],[99,179,237],[97,177,239],[129,323,420],[128,324,423],[127,322,426],[67,259,270],
[73,260,269],[70,261,268],[78,111,220],[76,109,218],[77,110,222],[92,198,285],[89,196,284],[86,200,283],[81,96,397],[80,94,400],
[79,95,403],[130,215,223],[131,213,227],[132,211,225],[114,115,122],[113,117,123],[112,116,121],[100,145,366],[102,146,363],[98,147,360],
[132,241,372],[130,243,375],[131,245,369],[51,226,329],[49,224,330],[50,228,328],[45,59,302],[43,65,303],[44,62,301],[88,236,277],
[85,240,279],[91,238,278],[107,208,222],[108,205,220],[106,202,218],[42,132,197],[41,130,199],[40,131,201],[152,169,195],[154,170,193],
[156,171,191],[48,57,191],[46,56,195],[47,55,193],[141,163,327],[140,164,326],[139,165,325],[74,230,325],[71,232,327],[68,234,326],
[161,171,393],[160,170,390],[162,169,387],[37,59,235],[39,62,237],[38,65,239],[6,425,426],[5,419,420],[4,422,423],[158,182,230],
[157,185,232],[159,188,234],[3,395,407],[2,394,410],[1,396,413],[87,246,399],[90,242,402],[93,244,405],[88,253,255],[85,247,249],
[91,250,252],[229,236,389],[233,240,392],[231,238,386],[203,204,270],[209,210,269],[206,207,268],[111,201,281],[109,197,280],[110,199,282],
[64,73,247],[58,70,253],[61,67,250],[66,78,246],[60,76,242],[63,77,244],[247,250,253],[242,244,246],[78,244,246],[76,242,246],
[77,242,244],[73,247,253],[70,250,253],[67,247,250],[158,230,325],[159,234,326],[157,232,327],[91,238,252],[85,240,249],[88,236,255],
[78,111,201],[77,110,199],[76,109,197],[67,203,270],[70,206,268],[73,209,269],[150,233,240],[149,231,238],[148,229,236],[90,158,402],
[87,159,399],[93,157,405],[3,7,407],[2,8,410],[1,9,413],[6,283,426],[5,285,420],[4,284,423],[1,262,396],[3,264,395],
[2,263,394],[6,104,425],[4,105,422],[5,103,419],[81,233,392],[79,231,386],[80,229,389],[88,97,253],[91,101,250],[85,99,247],
[87,108,246],[93,107,244],[90,106,242],[66,246,372],[63,244,369],[60,242,375],[64,247,308],[61,250,311],[58,253,314],[111,281,309],
[110,282,312],[109,280,315],[114,188,234],[113,182,230],[112,185,232],[34,204,270],[35,207,268],[36,210,269],[42,132,211],[41,130,215],
[40,131,213],[125,129,323],[124,127,322],[126,128,324],[57,198,285],[55,200,283],[56,196,284],[107,204,222],[106,207,218],[108,210,220],
[57,191,234],[55,193,230],[56,195,232],[50,221,233],[49,217,231],[51,219,229],[125,381,417],[124,378,415],[126,384,416],[18,42,402],
[17,40,399],[16,41,405],[66,114,122],[63,112,121],[60,113,123],[133,155,381],[134,153,378],[135,151,384],[101,175,282],[97,177,280],
[99,179,281],[44,53,62],[45,54,59],[43,52,65],[37,59,331],[39,62,333],[38,65,332],[24,100,145],[23,102,146],[22,98,147],
[7,50,328],[8,49,330],[9,51,329],[104,271,315],[105,273,312],[103,275,309],[7,15,382],[8,13,376],[9,14,379],[30,120,331],
[29,118,333],[28,119,332],[19,155,180],[20,153,178],[21,151,176],[24,171,393],[23,169,387],[22,170,390],[33,53,414],[31,54,408],
[32,52,411],[32,138,377],[31,136,383],[33,137,380],[19,69,252],[20,75,249],[21,72,255],[64,81,397],[61,79,403],[58,80,400],
[36,69,264],[35,75,262],[34,72,263],[26,139,325],[25,140,326],[27,141,327],[138,272,343],[136,274,344],[137,276,345],[43,83,214],
[45,84,212],[44,82,216],[30,137,419],[29,138,425],[28,136,422],[27,203,374],[26,206,371],[25,209,368],[30,133,211],[29,134,215],
[28,135,213],[37,152,169],[39,156,171],[38,154,170],[120,125,288],[118,124,287],[119,126,286],[10,17,150],[11,16,149],[12,18,148],
[15,36,84],[14,35,82],[13,34,83],[10,201,291],[11,199,290],[12,197,289],[100,305,308],[102,306,311],[98,304,314],[7,132,372],
[8,131,369],[9,130,375],[416,419,428],[417,425,427],[415,422,429],[30,419,428],[28,422,429],[29,425,427],[381,417,427],[384,416,428],
[378,415,429],[30,42,211],[28,40,213],[29,41,215],[14,44,82],[13,43,83],[15,45,84],[32,138,343],[31,136,344],[33,137,345],
[23,37,169],[22,38,170],[24,39,171],[7,15,372],[9,14,375],[8,13,369],[24,100,308],[22,98,314],[23,102,311],[37,120,331],
[38,119,332],[39,118,333],[33,44,53],[32,43,52],[31,45,54],[19,155,381],[21,151,384],[20,153,378],[120,125,323],[119,126,324],
[118,124,322],[34,107,204],[36,108,210],[35,106,207],[57,114,234],[56,112,232],[55,113,230],[97,280,315],[99,281,309],[101,282,312],
[64,81,308],[58,80,314],[61,79,311],[66,114,372],[60,113,375],[63,112,369],[50,81,233],[51,80,229],[49,79,231],[6,104,315],
[5,103,309],[4,105,312],[2,34,263],[3,36,264],[1,35,262],[5,57,285],[4,56,284],[6,55,283],[3,7,50],[1,9,51],
[2,8,49],[42,158,402],[41,157,405],[40,159,399],[10,150,240],[11,149,238],[12,148,236],[27,67,203],[25,73,209],[26,70,206],
[10,78,201],[12,76,197],[11,77,199],[19,238,252],[21,236,255],[20,240,249],[26,158,325],[27,157,327],[25,159,326],[73,97,253],
[67,99,247],[70,101,250],[76,108,246],[77,106,242],[78,107,244],[322,344,432],[324,345,431],[323,343,430],[120,323,430],[118,322,432],
[119,324,431],[33,345,431],[32,343,430],[31,344,432],[10,78,107],[11,77,106],[12,76,108],[25,73,97],[26,70,101],[27,67,99],
[12,21,236],[10,20,240],[11,19,238],[26,42,158],[25,40,159],[27,41,157],[3,50,81],[2,49,79],[1,51,80],[6,97,315],
[4,101,312],[5,99,309],[5,57,114],[6,55,113],[4,56,112],[2,34,107],[1,35,106],[3,36,108],[24,81,308],[23,79,311],
[22,80,314],[15,114,372],[13,112,369],[14,113,375],[23,37,120],[24,39,118],[22,38,119],[14,33,44],[13,32,43],[15,31,45],
[19,381,427],[21,384,428],[20,378,429],[30,42,428],[29,41,427],[28,40,429],[2,10,107],[1,11,106],[3,12,108],[6,14,113],
[5,15,114],[4,13,112],[2,23,79],[1,22,80],[3,24,81],[25,40,429],[27,41,427],[26,42,428],[10,20,429],[11,19,427],
[12,21,428],[6,25,97],[5,27,99],[4,26,101],[14,33,431],[15,31,432],[13,32,430],[23,120,430],[22,119,431],[24,118,432],
[2,10,429],[3,12,428],[1,11,427],[6,25,429],[4,26,428],[5,27,427],[2,23,430],[3,24,432],[1,22,431],[6,14,431],
[4,13,430],[5,15,432],[2,429,430],[1,427,431],[3,428,432],[6,429,431],[5,427,432],[4,428,430]];
###############################################################

#SurfaceInfo: 336 Vertices, 2688 Edges, 1792 Faces, IsOrientable=true
 #Vertices of faces:
vof3:=[[334,335,336],[333,334,335],[332,335,336],[331,334,336],[328,329,330],[325,326,327],[323,324,326],[322,323,325],[323,325,326],[321,326,327],
[320,322,325],[319,323,324],[318,325,327],[317,322,323],[316,324,326],[313,314,315],[310,311,312],[307,308,309],[306,328,329],[305,328,330],
[304,329,330],[301,302,303],[298,299,300],[295,296,297],[292,293,294],[289,290,291],[286,287,288],[283,284,285],[280,281,282],[277,278,279],
[274,275,276],[271,272,273],[270,301,302],[269,295,296],[268,298,299],[267,286,287],[266,292,293],[265,289,290],[264,306,328],[263,304,329],
[262,305,330],[261,310,311],[260,307,308],[259,313,314],[258,314,315],[257,311,312],[256,308,309],[254,255,281],[252,253,282],[250,251,280],
[248,249,278],[246,247,275],[244,245,272],[241,242,243],[238,239,240],[235,236,237],[265,266,267],[232,233,234],[229,230,231],[226,227,228],
[225,226,227],[224,232,233],[223,229,230],[222,225,226],[221,224,232],[220,223,229],[222,291,328],[220,288,330],[221,294,329],[219,220,288],
[218,221,294],[217,222,291],[216,219,220],[215,217,222],[214,218,221],[213,216,219],[212,214,218],[211,215,217],[210,215,298],[209,214,301],
[208,216,295],[207,213,273],[206,212,276],[205,211,279],[290,292,326],[286,293,325],[287,289,323],[204,220,223],[203,222,225],[202,221,224],
[222,232,328],[221,229,329],[220,226,330],[200,201,204],[198,199,203],[196,197,202],[194,195,223],[192,193,225],[190,191,224],[188,189,247],
[186,187,249],[184,185,245],[182,183,264],[180,181,262],[178,179,263],[188,259,311],[184,261,308],[186,260,314],[176,177,286],[174,175,292],
[172,173,289],[169,170,171],[166,167,168],[163,164,165],[160,161,162],[157,158,159],[154,155,156],[151,152,153],[148,149,150],[145,146,147],
[144,242,248],[143,236,246],[142,239,244],[141,200,201],[140,198,199],[139,196,197],[138,198,203],[137,200,204],[136,196,202],[190,224,300],
[192,225,297],[194,223,303],[135,195,223],[134,191,224],[133,193,225],[147,194,195],[153,190,191],[150,192,193],[232,327,328],[226,324,330],
[229,322,329],[132,220,226],[131,221,229],[130,222,232],[129,211,279],[128,212,276],[127,213,273],[271,290,292],[277,286,293],[274,287,289],
[126,206,276],[125,205,279],[124,207,273],[286,304,325],[289,305,323],[292,306,326],[123,208,295],[122,210,298],[121,209,301],[120,202,224],
[119,204,223],[118,203,225],[201,204,220],[197,202,221],[199,203,222],[213,216,295],[211,215,298],[212,214,301],[117,266,267],[116,265,266],
[115,265,267],[112,113,114],[109,110,111],[106,107,108],[105,119,155],[104,120,158],[103,118,161],[129,264,306],[127,262,305],[128,263,304],
[241,242,250],[235,236,252],[238,239,254],[176,252,282],[174,250,280],[172,254,281],[102,250,251],[101,254,255],[100,252,253],[98,99,257],
[96,97,256],[94,95,258],[95,120,164],[97,118,167],[99,119,170],[111,166,313],[108,169,307],[114,163,310],[91,92,93],[88,89,90],
[85,86,87],[84,101,226],[83,102,232],[82,100,229],[81,262,286],[80,263,292],[79,264,289],[86,248,249],[89,244,245],[92,246,247],
[102,108,183],[101,114,181],[100,111,179],[78,79,280],[77,80,282],[76,81,281],[75,101,189],[74,100,187],[73,102,185],[71,72,182],
[69,70,180],[67,68,178],[131,267,286],[132,265,289],[130,266,292],[66,238,240],[65,235,237],[64,241,243],[110,257,311],[113,256,308],
[107,258,314],[63,247,275],[62,245,272],[61,249,278],[142,261,310],[144,260,307],[143,259,313],[60,268,298],[59,269,295],[58,270,301],
[57,166,195],[56,169,191],[55,163,193],[72,225,227],[70,223,230],[68,224,233],[223,287,323],[225,290,326],[224,293,325],[86,207,213],
[92,205,211],[89,206,212],[199,212,218],[197,213,219],[201,211,217],[66,102,143],[65,101,144],[64,100,142],[86,89,92],[86,166,239],
[89,169,236],[92,163,242],[54,104,110],[53,105,113],[52,103,107],[50,51,201],[48,49,197],[46,47,199],[71,166,242],[69,169,239],
[67,163,236],[45,110,208],[44,113,210],[43,107,209],[42,60,149],[41,58,152],[40,59,146],[63,117,316],[61,116,317],[62,115,318],
[52,95,113],[53,97,110],[54,99,107],[39,113,252],[38,110,250],[37,107,254],[141,158,169],[140,155,166],[139,161,163],[36,40,155],
[35,41,158],[34,42,161],[62,95,178],[61,99,180],[63,97,182],[95,97,99],[33,125,131],[32,126,132],[31,124,130],[33,51,243],
[31,49,240],[32,47,237],[88,113,145],[91,110,151],[85,107,148],[30,95,241],[29,99,235],[28,97,238],[75,95,241],[74,97,238],
[73,99,235],[27,28,238],[26,30,241],[25,29,235],[51,61,243],[47,63,237],[49,62,240],[41,85,148],[40,91,151],[42,88,145],
[31,124,252],[33,125,254],[32,126,250],[95,99,178],[95,97,182],[97,99,180],[52,113,252],[54,107,254],[53,110,250],[40,140,155],
[42,139,161],[41,141,158],[39,113,210],[37,107,209],[38,110,208],[34,42,149],[35,41,152],[36,40,146],[155,166,242],[161,163,236],
[158,169,239],[63,182,316],[62,178,318],[61,180,317],[30,52,95],[28,53,97],[29,54,99],[88,105,113],[91,104,110],[85,103,107],
[33,50,51],[32,46,47],[31,48,49],[151,199,212],[148,201,211],[145,197,213],[46,199,218],[48,197,219],[50,201,217],[86,106,207],
[89,112,206],[92,109,205],[33,225,326],[32,224,325],[31,223,323],[103,142,310],[105,143,313],[104,144,307],[55,176,193],[57,174,195],
[56,172,191],[58,71,301],[59,67,295],[60,69,298],[24,62,245],[23,63,247],[22,61,249],[63,96,97],[62,94,95],[61,98,99],
[86,91,92],[85,86,89],[88,89,92],[71,111,166],[67,114,163],[69,108,169],[57,86,166],[55,92,163],[56,89,169],[97,110,167],
[99,107,170],[95,113,164],[86,239,254],[89,236,252],[92,242,250],[61,116,278],[62,115,272],[63,117,275],[42,60,268],[41,58,270],
[40,59,269],[45,109,110],[43,106,107],[44,112,113],[102,143,259],[100,142,261],[101,144,260],[66,102,251],[64,100,253],[65,101,255],
[64,142,241],[66,143,238],[65,144,235],[53,105,155],[52,103,161],[54,104,158],[39,176,252],[37,172,254],[38,174,250],[71,182,242],
[67,178,236],[69,180,239],[54,110,111],[53,113,114],[52,107,108],[110,151,257],[107,148,258],[113,145,256],[33,64,243],[32,65,237],
[31,66,240],[33,131,267],[32,132,265],[31,130,266],[72,182,227],[68,178,233],[70,180,230],[116,204,265],[115,202,267],[117,203,266],
[117,267,316],[115,265,318],[116,266,317],[75,84,101],[73,83,102],[74,82,100],[100,235,252],[101,238,254],[102,241,250],[77,80,292],
[78,79,289],[76,81,286],[100,111,313],[102,108,307],[101,114,310],[92,93,246],[86,87,248],[89,90,244],[81,172,281],[80,176,282],
[79,174,280],[99,119,257],[97,118,256],[95,120,258],[102,183,185],[101,181,189],[100,179,187],[139,239,244],[141,242,248],[140,236,246],
[166,167,239],[163,164,242],[169,170,236],[59,145,146],[60,148,149],[58,151,152],[36,154,155],[34,160,161],[35,157,158],[129,182,264],
[128,178,263],[127,180,262],[131,176,286],[130,174,292],[132,172,289],[110,188,311],[107,186,314],[113,184,308],[86,186,249],[92,188,247],
[89,184,245],[86,213,295],[89,212,301],[92,211,298],[51,201,220],[47,199,222],[49,197,221],[119,155,204],[120,158,202],[118,161,203],
[40,304,325],[41,306,326],[42,305,323],[126,132,276],[124,130,273],[125,131,279],[129,279,306],[127,273,305],[128,276,304],[262,277,286],
[264,274,289],[263,271,292],[45,123,208],[43,121,209],[44,122,210],[132,220,233],[130,222,230],[131,221,227],[102,232,327],[100,229,322],
[101,226,324],[150,192,207],[147,194,206],[153,190,205],[133,225,290],[134,224,293],[135,223,287],[72,225,297],[68,224,300],[70,223,303],
[37,138,198],[39,137,200],[38,136,196],[141,169,200],[140,166,198],[139,163,196],[26,292,294],[25,286,288],[27,289,291],[145,277,278],
[148,274,275],[151,271,272],[21,278,279],[20,272,273],[19,275,276],[155,280,281],[158,281,282],[161,280,282],[18,90,150],[17,87,153],
[16,93,147],[164,283,284],[170,284,285],[167,283,285],[44,78,171],[45,76,165],[43,77,168],[271,273,313],[277,279,310],[274,276,307],
[116,313,315],[115,307,309],[117,310,312],[112,190,305],[109,192,304],[106,194,306],[15,306,329],[14,304,330],[13,305,328],[12,287,288],
[11,290,291],[10,293,294],[9,48,170],[8,50,167],[7,46,164],[247,296,297],[249,302,303],[245,299,300],[291,301,303],[294,295,297],
[288,298,300],[33,112,114],[32,106,108],[31,109,111],[75,189,313],[73,185,310],[74,187,307],[98,166,313],[96,163,310],[94,169,307],
[82,229,268],[84,226,270],[83,232,269],[6,76,281],[5,78,280],[4,77,282],[120,164,321],[119,170,320],[118,167,319],[60,166,195],
[58,163,193],[59,169,191],[91,93,204],[85,87,202],[88,90,203],[114,181,284],[111,179,283],[108,183,285],[79,264,299],[80,263,302],
[81,262,296],[45,233,234],[43,227,228],[44,230,231],[146,226,228],[149,232,234],[152,229,231],[4,291,328],[6,294,329],[5,288,330],
[214,221,260],[215,222,261],[216,220,259],[62,144,242],[63,142,239],[61,143,236],[176,177,257],[172,173,256],[174,175,258],[53,148,150],
[54,145,147],[52,151,153],[75,169,171],[73,166,168],[74,163,165],[182,183,255],[180,181,253],[178,179,251],[4,164,165],[6,170,171],
[5,167,168],[4,260,314],[6,259,311],[5,261,308],[84,160,162],[82,154,156],[83,157,159],[3,142,244],[2,144,248],[1,143,246],
[64,173,289],[65,175,292],[66,177,286],[70,161,162],[68,155,156],[72,158,159],[152,153,217],[149,150,219],[146,147,218],[43,188,259],
[45,184,261],[44,186,260],[146,179,263],[152,183,264],[149,181,262],[162,185,245],[156,189,247],[159,187,249],[3,119,223],[2,118,225],
[1,120,224],[159,289,305],[156,292,306],[162,286,304],[26,274,287],[25,271,290],[27,277,293],[121,277,301],[123,274,295],[122,271,298],
[132,226,321],[130,232,320],[131,229,319],[176,324,330],[172,327,328],[174,322,329],[190,300,315],[192,297,309],[194,303,312],[134,182,191],
[135,178,195],[133,180,193],[136,147,195],[137,150,193],[138,153,191],[138,157,203],[137,160,204],[136,154,202],[273,276,279],[297,300,303],
[39,54,299],[37,53,302],[38,52,296],[16,185,290],[18,187,293],[17,189,287],[7,159,259],[9,156,261],[8,162,260],[78,146,267],
[76,152,266],[77,149,265],[1,2,3],[22,138,287],[23,136,290],[24,137,293],[121,122,123],[8,35,178],[7,36,180],[9,34,182],
[135,137,285],[134,136,284],[133,138,283],[51,138,329],[49,137,328],[47,136,330],[22,138,283],[24,137,285],[23,136,284],[51,138,157],
[47,136,154],[49,137,160],[8,135,178],[9,134,182],[7,133,180],[133,138,153],[134,136,147],[135,137,150],[136,176,330],[138,174,329],
[137,172,328],[121,123,277],[121,122,271],[122,123,274],[22,26,287],[24,27,293],[23,25,290],[1,2,225],[1,3,224],[2,3,223],
[162,185,290],[159,187,293],[156,189,287],[78,146,179],[77,149,181],[76,152,183],[146,218,267],[149,219,265],[152,217,266],[43,159,259],
[44,162,260],[45,156,261],[64,159,289],[66,162,286],[65,156,292],[68,156,306],[70,162,304],[72,159,305],[3,119,244],[1,120,246],
[2,118,248],[82,156,247],[83,159,249],[84,162,245],[8,214,260],[7,216,259],[9,215,261],[4,165,291],[5,168,288],[6,171,294],
[4,260,328],[5,261,330],[6,259,329],[146,226,321],[149,232,320],[152,229,319],[39,79,299],[38,81,296],[37,80,302],[111,133,283],
[108,135,285],[114,134,284],[91,160,204],[85,154,202],[88,157,203],[60,136,195],[59,138,191],[58,137,193],[120,132,321],[118,131,319],
[119,130,320],[152,264,299],[149,262,296],[146,263,302],[84,160,270],[83,157,269],[82,154,268],[5,78,308],[4,77,314],[6,76,311],
[179,251,283],[183,255,285],[181,253,284],[59,94,169],[60,98,166],[58,96,163],[94,187,307],[96,185,310],[98,189,313],[291,297,303],
[288,300,303],[294,297,300],[8,162,167],[7,159,164],[9,156,170],[52,247,296],[53,249,302],[54,245,299],[12,138,287],[10,137,293],
[11,136,290],[15,51,329],[13,49,328],[14,47,330],[116,300,315],[117,303,312],[115,297,309],[190,305,315],[194,306,312],[192,304,309],
[26,274,307],[27,277,310],[25,271,313],[16,147,218],[17,153,217],[18,150,219],[75,78,171],[74,76,165],[73,77,168],[4,164,283],
[5,167,285],[6,170,284],[44,78,230],[43,77,227],[45,76,233],[75,273,313],[74,276,307],[73,279,310],[6,155,281],[5,161,280],
[4,158,282],[164,284,321],[167,283,319],[170,285,320],[10,294,295],[12,288,298],[11,291,301],[15,106,306],[13,112,305],[14,109,304],
[39,54,111],[38,52,108],[37,53,114],[182,191,242],[180,193,239],[178,195,236],[39,176,324],[38,174,322],[37,172,327],[52,70,161],
[54,72,158],[53,68,155],[3,142,241],[1,143,238],[2,144,235],[66,177,251],[65,175,255],[64,173,253],[100,222,261],[101,221,260],
[102,220,259],[45,109,234],[44,112,231],[43,106,228],[42,229,268],[40,232,269],[41,226,270],[21,116,278],[19,117,275],[20,115,272],
[75,169,200],[74,163,196],[73,166,198],[72,247,297],[70,249,303],[68,245,300],[16,133,290],[18,134,293],[17,135,287],[53,150,207],
[52,153,205],[54,147,206],[44,122,186],[45,123,184],[43,121,188],[262,277,301],[263,271,298],[264,274,295],[21,279,306],[19,276,304],
[20,273,305],[132,276,279],[131,273,279],[130,273,276],[155,204,280],[161,203,282],[158,202,281],[8,35,157],[9,34,160],[7,36,154],
[59,145,278],[58,151,272],[60,148,275],[16,183,185],[17,181,189],[18,179,187],[119,177,257],[120,175,258],[118,173,256],[79,174,258],
[80,176,257],[81,172,256],[27,78,289],[25,76,286],[26,77,292],[101,117,310],[100,116,313],[102,115,307],[18,90,244],[16,93,246],
[17,87,248],[78,267,316],[77,265,318],[76,266,317],[93,116,204],[90,117,203],[87,115,202],[180,230,253],[178,233,251],[182,227,255],
[24,62,144],[22,61,143],[23,63,142],[33,112,225],[31,109,223],[32,106,224],[50,167,217],[46,164,218],[48,170,219],[33,50,114],
[31,48,111],[32,46,108],[29,54,145],[30,52,151],[28,53,148],[35,178,318],[34,182,316],[36,180,317],[62,155,242],[61,161,236],
[63,158,239],[35,152,231],[36,146,228],[34,149,234],[42,145,277],[40,151,271],[41,148,274],[26,241,294],[27,238,291],[25,235,288],
[51,220,233],[49,221,227],[47,222,230],[86,254,295],[92,250,298],[89,252,301],[110,167,188],[113,164,184],[107,170,186],[57,86,186],
[56,89,184],[55,92,188],[139,167,239],[140,170,236],[141,164,242],[101,238,324],[102,241,327],[100,235,322],[33,64,267],[31,66,266],
[32,65,265],[71,111,301],[69,108,298],[67,114,295],[131,176,193],[132,172,191],[130,174,195],[86,91,106],[88,92,109],[85,89,112],
[151,199,257],[145,197,256],[148,201,258],[88,105,313],[85,103,310],[91,104,307],[37,138,209],[39,137,210],[38,136,208],[42,139,305],
[41,141,306],[40,140,304],[97,127,180],[95,129,182],[99,128,178],[51,61,98],[49,62,94],[47,63,96],[52,124,252],[53,126,250],
[54,125,254],[73,83,235],[74,82,238],[75,84,241],[265,290,333],[266,293,331],[267,287,332],[39,248,278],[38,244,272],[37,246,275],
[18,264,328],[16,262,330],[17,263,329],[193,258,315],[195,256,309],[191,257,312],[270,302,320],[269,296,319],[268,299,321],[261,311,318],
[259,314,316],[260,308,317],[22,318,325],[24,316,326],[23,317,323],[214,321,326],[215,319,323],[216,320,325],[213,242,243],[212,239,240],
[211,236,237],[87,321,327],[93,320,322],[90,319,324],[165,316,324],[171,318,327],[168,317,322],[19,43,168],[21,44,171],[20,45,165],
[87,123,153],[90,121,150],[93,122,147],[74,106,194],[75,109,192],[73,112,190],[9,48,157],[7,46,160],[8,50,154],[204,209,214],
[203,208,216],[202,210,215],[151,219,288],[145,217,291],[148,218,294],[21,38,196],[20,37,198],[19,39,200],[192,207,235],[190,205,238],
[194,206,241],[132,186,233],[131,184,227],[130,188,230],[40,201,325],[41,197,326],[42,199,323],[141,149,248],[140,152,246],[139,146,244],
[202,267,270],[203,266,268],[204,265,269],[24,230,245],[23,233,247],[22,227,249],[56,154,172],[57,160,174],[55,157,176],[78,106,207],
[77,109,205],[76,112,206],[33,187,326],[31,185,323],[32,189,325],[21,151,212],[19,145,213],[20,148,211],[41,85,251],[42,88,255],
[40,91,253],[61,121,243],[63,123,237],[62,122,240],[33,34,254],[32,35,250],[31,36,252],[27,28,157],[26,30,154],[25,29,160],
[74,97,210],[75,95,209],[73,99,208],[46,48,50],[34,35,36],[34,35,254],[34,36,252],[35,36,250],[21,151,288],[20,148,294],
[19,145,291],[204,209,269],[203,208,268],[202,210,270],[9,28,157],[7,29,160],[8,30,154],[74,194,210],[73,190,208],[75,192,209],
[121,150,243],[122,147,240],[123,153,237],[50,56,154],[48,55,157],[46,57,160],[19,43,200],[21,44,196],[20,45,198],[28,87,321],
[29,90,319],[30,93,320],[55,168,317],[57,171,318],[56,165,316],[21,212,240],[20,211,237],[19,213,243],[187,214,326],[185,215,323],
[189,216,325],[24,197,326],[22,201,325],[23,199,323],[87,123,327],[93,122,322],[90,121,324],[20,165,324],[21,171,327],[19,168,322],
[216,302,320],[214,299,321],[215,296,319],[22,311,318],[23,308,317],[24,314,316],[83,207,235],[84,206,241],[82,205,238],[95,129,209],
[99,128,208],[97,127,210],[41,197,256],[40,201,258],[42,199,257],[131,193,315],[132,191,312],[130,195,309],[64,267,270],[65,265,269],
[66,266,268],[194,241,327],[192,235,322],[190,238,324],[57,186,233],[55,188,230],[56,184,227],[51,233,247],[47,230,245],[49,227,249],
[33,34,234],[32,35,231],[31,36,228],[35,261,318],[36,260,317],[34,259,316],[28,148,218],[30,151,219],[29,145,217],[48,50,111],
[46,50,114],[46,48,108],[24,230,253],[22,227,255],[23,233,251],[78,207,316],[76,206,317],[77,205,318],[18,244,264],[17,248,263],
[16,246,262],[80,191,257],[81,195,256],[79,193,258],[202,215,281],[204,214,280],[203,216,282],[122,132,186],[121,130,188],[123,131,184],
[21,38,116],[20,37,115],[19,39,117],[75,109,234],[73,112,231],[74,106,228],[41,177,251],[40,173,253],[42,175,255],[39,278,324],
[37,275,327],[38,272,322],[191,213,242],[195,211,236],[193,212,239],[270,285,320],[268,284,321],[269,283,319],[33,94,187],[32,98,189],
[31,96,185],[85,251,283],[91,253,284],[88,255,285],[78,106,308],[77,109,314],[76,112,311],[157,176,269],[154,172,268],[160,174,270],
[139,146,302],[141,149,296],[140,152,299],[39,79,248],[37,80,246],[38,81,244],[152,246,319],[146,244,321],[149,248,320],[18,260,328],
[17,259,329],[16,261,330],[218,267,332],[219,265,333],[217,266,331],[162,290,333],[156,287,332],[159,293,331],[62,122,274],[63,123,277],
[61,121,271],[27,51,157],[25,49,160],[26,47,154],[141,164,218],[140,170,219],[139,167,217],[111,262,301],[114,264,295],[108,263,298],
[41,226,274],[42,229,277],[40,232,271],[102,115,220],[101,117,221],[100,116,222],[3,241,294],[2,235,288],[1,238,291],[54,72,206],
[53,68,207],[52,70,205],[15,91,106],[14,88,109],[13,85,112],[10,254,295],[11,252,301],[12,250,298],[6,62,155],[4,63,158],
[5,61,161],[75,200,273],[73,198,279],[74,196,276],[5,24,285],[4,22,283],[6,23,284],[27,75,78],[26,73,77],[25,74,76],
[16,183,218],[18,179,219],[17,181,217],[26,91,307],[25,88,313],[27,85,310],[139,305,315],[140,304,309],[141,306,312],[93,116,300],
[87,115,297],[90,117,303],[13,49,94],[14,47,96],[15,51,98],[12,138,209],[11,136,208],[10,137,210],[162,167,188],[156,170,186],
[159,164,184],[52,124,247],[54,125,245],[53,126,249],[59,94,278],[60,98,275],[58,96,272],[120,132,279],[119,130,276],[118,131,273],
[7,85,154],[9,91,160],[8,88,157],[38,108,135],[37,114,134],[39,111,133],[165,291,297],[171,294,300],[168,288,303],[72,82,247],
[68,84,245],[70,83,249],[119,177,244],[118,173,248],[120,175,246],[21,68,306],[20,72,305],[19,70,304],[76,183,233],[78,179,230],
[77,181,227],[43,64,159],[45,65,156],[44,66,162],[3,106,224],[2,109,223],[1,112,225],[24,27,144],[23,25,142],[22,26,143],
[60,136,176],[58,137,172],[59,138,174],[16,133,153],[17,135,150],[18,134,147],[8,135,214],[9,134,215],[7,133,216],[94,258,303],
[98,257,297],[96,256,300],[44,71,72],[43,67,68],[45,69,70],[105,119,153],[103,118,147],[104,120,150],[222,226,335],[220,229,336],
[221,232,334],[94,188,189],[98,184,185],[96,186,187],[24,126,206],[22,124,207],[23,125,205],[128,212,215],[129,211,216],[127,213,214],
[141,201,208],[139,197,209],[140,199,210],[135,213,214],[133,211,216],[134,212,215],[16,119,153],[18,118,147],[17,120,150],[43,64,68],
[45,65,70],[44,66,72],[94,168,303],[96,171,300],[98,165,297],[94,188,278],[96,186,272],[98,184,275],[12,197,209],[10,199,210],
[11,201,208],[13,94,189],[14,96,187],[15,98,185],[93,256,300],[87,257,297],[90,258,303],[5,24,206],[6,23,205],[4,22,207],
[117,221,334],[116,222,335],[115,220,336],[226,274,335],[232,271,334],[229,277,336],[23,125,308],[22,124,311],[24,126,314],[127,214,299],
[128,215,296],[129,216,302],[45,69,198],[43,67,200],[44,71,196],[105,153,237],[104,150,243],[103,147,240],[139,192,209],[140,194,210],
[141,190,208],[8,25,88],[7,27,85],[9,26,91],[119,196,276],[118,200,273],[120,198,279],[72,82,206],[70,83,205],[68,84,207],
[27,51,144],[25,49,142],[26,47,143],[6,62,274],[5,61,271],[4,63,277],[162,188,333],[159,184,331],[156,186,332],[141,218,332],
[139,217,331],[140,219,333],[81,244,321],[79,248,320],[80,246,319],[139,302,315],[140,299,309],[141,296,312],[60,176,269],[59,174,270],
[58,172,268],[3,106,308],[1,112,311],[2,109,314],[14,88,285],[13,85,283],[15,91,284],[27,75,234],[25,74,228],[26,73,231],
[38,116,135],[39,117,133],[37,115,134],[80,191,213],[79,193,212],[81,195,211],[175,246,262],[173,248,263],[177,244,264],[83,207,316],
[82,205,318],[84,206,317],[50,111,262],[48,108,263],[46,114,264],[28,183,218],[29,181,217],[30,179,219],[16,35,261],[18,36,260],
[17,34,259],[33,94,234],[31,96,228],[32,98,231],[51,124,247],[49,126,249],[47,125,245],[57,183,233],[56,181,227],[55,179,230],
[64,270,285],[65,269,283],[66,268,284],[123,131,315],[121,130,309],[122,132,312],[41,177,256],[42,175,257],[40,173,258],[20,278,324],
[19,272,322],[21,275,327],[123,194,327],[121,190,324],[122,192,322],[24,197,253],[23,199,251],[22,201,255],[189,216,282],[187,214,280],
[185,215,281],[21,68,240],[19,70,243],[20,72,237],[46,57,318],[50,56,316],[48,55,317],[9,28,321],[8,30,320],[7,29,319],
[129,209,269],[127,210,270],[128,208,268],[3,20,294],[1,19,291],[2,21,288],[10,35,254],[12,36,250],[11,34,252],[183,253,282],
[181,251,280],[179,255,281],[103,142,299],[105,143,296],[104,144,302],[58,71,308],[60,69,311],[59,67,314],[30,69,93],[28,67,87],
[29,71,90],[55,105,168],[57,104,171],[56,103,165],[67,69,71],[103,104,105],[55,103,105],[56,103,104],[57,104,105],[30,67,69],
[28,67,71],[29,69,71],[57,183,253],[55,179,255],[56,181,251],[28,183,282],[30,179,281],[29,181,280],[3,58,308],[2,59,314],
[1,60,311],[143,296,312],[144,302,315],[142,299,309],[105,168,237],[103,165,240],[104,171,243],[69,93,198],[71,90,196],[67,87,200],
[103,127,299],[104,129,302],[105,128,296],[71,125,308],[67,126,314],[69,124,311],[3,20,278],[2,21,275],[1,19,272],[123,194,315],
[122,192,312],[121,190,309],[10,16,35],[11,17,34],[12,18,36],[50,83,316],[46,82,318],[48,84,317],[50,175,262],[46,177,264],
[48,173,263],[9,26,231],[7,27,234],[8,25,228],[14,64,285],[15,66,284],[13,65,283],[60,129,269],[58,128,268],[59,127,270],
[9,81,321],[7,80,319],[8,79,320],[51,124,144],[47,125,143],[49,126,142],[140,194,333],[141,190,332],[139,192,331],[6,274,335],
[4,277,336],[5,271,334],[115,134,336],[116,135,335],[117,133,334],[5,82,206],[4,84,207],[6,83,205],[93,177,256],[90,173,258],
[87,175,257],[13,189,282],[15,185,281],[14,187,280],[12,197,253],[11,201,255],[10,199,251],[188,278,333],[184,275,331],[186,272,332],
[94,168,234],[98,165,231],[96,171,228],[64,68,240],[66,72,237],[65,70,243],[16,119,196],[17,120,198],[18,118,200],[80,135,213],
[79,134,212],[81,133,211],[3,278,333],[1,272,332],[2,275,331],[81,133,334],[80,135,335],[79,134,336],[6,83,335],[4,84,336],
[5,82,334],[14,64,240],[13,65,243],[15,66,237],[9,81,231],[7,80,234],[8,79,228],[50,83,175],[48,84,173],[46,82,177],
[10,16,196],[12,18,200],[11,17,198],[194,315,333],[190,309,332],[192,312,331],[93,177,198],[87,175,200],[90,173,196],[168,234,237],
[171,228,243],[165,231,240],[124,144,315],[126,142,309],[125,143,312],[3,58,128],[1,60,129],[2,59,127],[13,28,282],[14,29,280],
[15,30,281],[12,57,253],[10,56,251],[11,55,255],[28,71,125],[29,69,124],[30,67,126],[55,103,127],[57,105,128],[56,104,129],
[12,57,128],[11,55,127],[10,56,129],[14,29,124],[13,28,125],[15,30,126],[3,128,333],[2,127,331],[1,129,332],[124,315,333],
[125,312,331],[126,309,332],[12,175,200],[11,177,198],[10,173,196],[14,231,240],[13,228,243],[15,234,237],[83,175,335],[82,177,334],
[84,173,336],[81,231,334],[79,228,336],[80,234,335],[14,231,334],[15,234,335],[13,228,336],[12,175,335],[10,173,336],[11,177,334],
[12,128,333],[10,129,332],[11,127,331],[14,124,333],[15,126,332],[13,125,331],[14,333,334],[13,331,336],[15,332,335],[12,333,335],
[11,331,334],[10,332,336]];
###############################################################

