#SurfaceInfo: 448 Vertices, 2688 Edges, 1792 Faces, IsOrientable=true
 #Vertices of faces:
vof1:=[[446,447,448],[444,445,447],[442,443,446],[441,444,446],[439,440,448],[437,438,447],[436,442,448],[434,435,445],[432,433,446],[430,431,444],
[429,439,447],[428,437,445],[426,427,443],[424,425,441],[422,423,448],[420,421,447],[418,419,442],[417,434,444],[416,432,443],[415,430,441],
[413,414,440],[411,412,438],[409,410,436],[407,408,445],[406,420,446],[404,405,444],[402,403,439],[400,401,437],[399,426,442],[398,424,446],
[397,422,440],[396,420,438],[395,418,436],[393,394,435],[391,392,433],[389,390,431],[388,404,429],[386,387,428],[384,385,443],[382,383,441],
[406,421,448],[381,404,447],[380,424,442],[378,379,434],[377,417,432],[375,376,430],[401,413,439],[374,411,437],[373,409,448],[372,407,435],
[371,406,433],[370,404,431],[369,402,429],[368,400,428],[366,367,427],[364,365,425],[362,363,423],[360,361,421],[358,359,419],[356,357,416],
[354,355,415],[352,353,440],[350,351,438],[348,349,436],[381,405,445],[347,432,444],[346,409,439],[345,437,439],[343,344,426],[341,342,424],
[340,399,422],[353,398,420],[338,339,418],[376,393,434],[337,391,432],[336,389,430],[386,392,445],[365,384,427],[335,382,425],[334,421,423],
[381,385,421],[364,419,424],[333,378,417],[335,377,416],[332,375,415],[330,331,414],[328,329,412],[326,327,410],[325,369,408],[324,350,420],
[323,373,405],[322,328,403],[320,321,401],[318,319,397],[317,326,396],[315,316,395],[314,388,435],[313,345,433],[312,371,431],[311,325,429],
[310,311,428],[380,398,443],[347,433,441],[351,422,442],[313,386,434],[309,430,434],[307,308,413],[305,306,411],[304,317,409],[303,374,407],
[373,406,408],[302,306,402],[301,302,400],[339,366,426],[300,362,422],[299,360,420],[298,358,418],[356,363,443],[354,361,441],[327,352,414],
[350,412,414],[297,348,410],[324,405,408],[347,351,405],[326,403,409],[296,343,399],[341,362,398],[297,340,397],[353,396,397],[295,338,395],
[293,294,394],[292,389,392],[290,291,390],[370,372,388],[288,289,387],[383,385,415],[287,333,383],[309,313,406],[286,312,404],[285,380,381],
[284,290,379],[283,287,417],[281,282,376],[279,280,372],[286,370,371],[288,292,370],[278,303,369],[276,277,368],[275,425,427],[274,377,425],
[347,361,423],[285,309,421],[334,342,419],[274,382,416],[273,283,415],[346,373,440],[345,429,438],[351,423,436],[371,407,437],[356,361,426],
[285,354,424],[360,418,426],[271,272,393],[336,376,391],[269,270,389],[268,292,386],[337,355,384],[267,336,382],[381,383,392],[266,270,378],
[273,375,377],[265,266,375],[306,330,413],[302,328,411],[264,369,407],[323,324,406],[278,323,404],[305,328,402],[263,320,400],[318,412,440],
[317,325,438],[315,350,436],[289,314,394],[313,392,435],[312,390,394],[311,368,388],[262,310,387],[309,380,385],[286,383,433],[345,351,380],
[288,379,386],[261,307,401],[260,305,374],[317,373,411],[262,303,372],[371,408,428],[263,302,369],[259,301,368],[257,258,367],[255,256,365],
[254,358,363],[252,253,359],[250,251,357],[249,355,357],[349,353,395],[248,296,349],[334,384,432],[299,346,398],[345,346,347],[247,252,344],
[246,342,366],[245,248,399],[349,363,398],[243,244,339],[242,246,365],[241,275,335],[334,341,364],[334,385,416],[250,254,364],[267,333,337],
[239,240,335],[237,238,332],[236,410,414],[235,340,410],[346,380,405],[304,396,403],[324,401,403],[235,348,397],[352,396,422],[234,245,395],
[309,417,431],[382,385,430],[318,350,413],[299,315,409],[324,402,413],[323,400,411],[232,233,366],[298,339,362],[360,399,419],[230,231,358],
[254,255,356],[239,354,356],[300,316,352],[299,350,410],[229,298,348],[228,231,343],[339,341,344],[234,338,340],[348,353,418],[227,228,338],
[270,293,393],[375,389,391],[266,290,389],[237,384,415],[226,333,382],[286,381,391],[269,290,378],[283,332,377],[225,281,375],[279,390,435],
[287,292,431],[278,313,429],[276,312,428],[251,275,367],[249,274,365],[361,363,427],[285,361,425],[342,359,367],[224,274,357],[223,273,355],
[346,353,360],[341,349,423],[309,345,371],[250,344,356],[342,354,357],[222,271,376],[226,336,337],[221,269,336],[224,355,365],[223,267,335],
[225,266,333],[220,273,335],[219,265,332],[217,218,331],[215,216,329],[213,214,327],[307,320,325],[211,212,322],[209,210,321],[207,208,319],
[213,308,326],[206,316,319],[261,321,325],[260,261,311],[205,211,308],[204,209,306],[203,304,330],[202,261,374],[325,373,412],[201,210,306],
[200,201,302],[199,203,327],[203,322,414],[198,236,297],[324,351,396],[207,326,329],[229,296,300],[299,340,362],[196,197,297],[196,304,397],
[194,195,295],[193,387,394],[310,388,400],[192,303,387],[268,370,379],[286,376,379],[192,310,372],[314,370,407],[301,320,369],[191,202,368],
[279,312,393],[276,278,386],[286,378,393],[285,377,391],[204,216,330],[190,211,328],[323,374,401],[189,215,328],[188,189,320],[213,318,329],
[307,317,330],[196,315,318],[264,277,314],[313,323,388],[278,312,387],[202,305,311],[187,263,310],[190,215,307],[186,189,305],[306,308,317],
[191,301,303],[311,402,408],[185,190,302],[184,186,301],[231,257,366],[255,344,364],[338,358,362],[228,252,358],[194,352,395],[183,296,348],
[334,347,360],[230,252,343],[341,343,366],[245,295,340],[182,243,338],[246,359,427],[248,254,419],[285,337,417],[239,342,416],[208,236,331],
[206,235,327],[304,322,331],[321,329,403],[181,235,319],[236,326,352],[180,234,316],[207,308,318],[304,315,319],[179,232,339],[183,298,300],
[299,300,399],[178,230,298],[181,316,327],[180,229,297],[182,228,296],[177,234,297],[176,227,295],[174,175,294],[270,272,292],[172,173,291],
[171,268,372],[169,170,289],[283,378,383],[271,281,287],[167,168,284],[222,282,287],[165,166,282],[163,164,280],[169,272,288],[162,277,280],
[221,222,283],[161,167,272],[160,165,270],[159,268,293],[158,222,336],[287,390,392],[157,166,270],[156,157,266],[155,159,289],[159,284,394],
[154,314,368],[153,193,262],[163,288,291],[187,260,264],[152,171,262],[151,263,264],[150,154,259],[149,357,367],[220,267,355],[275,364,384],
[265,281,333],[148,158,332],[237,337,354],[160,173,293],[147,167,290],[146,172,290],[158,269,283],[145,146,281],[169,279,291],[271,292,293],
[171,276,279],[237,240,275],[226,238,274],[144,274,332],[143,225,273],[147,172,271],[142,146,269],[148,265,267],[141,147,266],[140,221,273],
[139,142,265],[215,217,330],[186,209,320],[151,260,310],[189,211,307],[188,209,305],[202,259,303],[138,200,301],[321,322,412],[164,193,294],
[162,192,289],[268,284,294],[282,291,379],[137,192,280],[193,288,314],[136,191,277],[163,272,279],[268,276,280],[264,278,374],[135,188,263],
[137,277,289],[136,187,262],[190,200,261],[138,186,260],[134,191,262],[133,185,263],[132,184,259],[130,131,258],[128,129,256],[231,233,254],
[126,127,253],[125,129,251],[124,249,251],[245,343,349],[232,243,248],[122,123,247],[121,233,246],[179,244,248],[248,359,363],[119,120,244],
[118,121,242],[117,149,241],[125,233,250],[124,240,242],[116,238,241],[178,179,245],[115,122,233],[114,119,231],[128,255,257],[239,242,255],
[113,179,298],[112,120,231],[244,253,344],[111,112,228],[110,128,251],[109,242,249],[128,247,367],[108,149,224],[107,223,224],[121,250,253],
[144,226,237],[143,221,226],[117,224,256],[106,223,240],[140,225,226],[105,220,241],[104,144,219],[103,319,331],[177,229,316],[227,243,296],
[102,113,295],[194,300,315],[114,127,257],[247,255,258],[101,122,252],[100,126,252],[113,230,245],[99,100,243],[125,246,253],[232,254,257],
[239,246,256],[194,197,236],[183,195,235],[98,235,295],[97,182,234],[101,126,232],[96,100,230],[102,227,229],[95,101,228],[94,178,234],
[93,96,227],[172,174,293],[142,165,281],[146,167,271],[145,165,269],[158,219,267],[92,156,265],[282,284,390],[118,149,258],[116,220,249],
[149,250,275],[91,148,238],[237,239,241],[90,145,225],[109,240,251],[105,238,249],[106,144,224],[91,143,223],[147,156,222],[92,142,221],
[89,148,223],[88,141,225],[104,140,220],[87,139,219],[85,86,218],[83,84,216],[81,82,214],[79,80,212],[77,78,210],[76,82,208],
[205,213,218],[75,206,208],[201,204,321],[74,84,205],[73,79,204],[72,203,216],[185,201,261],[71,83,210],[69,70,201],[68,72,199],
[76,203,212],[67,103,198],[76,207,216],[75,197,199],[196,203,214],[66,195,198],[135,185,202],[65,74,216],[73,74,211],[71,78,215],
[69,71,189],[81,213,217],[196,199,213],[77,83,215],[64,70,189],[210,212,308],[63,77,190],[62,64,186],[61,81,208],[60,199,206],
[81,205,331],[204,217,329],[59,103,181],[103,207,236],[58,180,181],[72,207,212],[98,183,194],[97,178,183],[67,181,214],[57,180,197],
[94,182,183],[56,177,198],[55,98,176],[54,280,294],[134,187,277],[184,200,260],[53,133,259],[154,264,276],[78,80,217],[63,73,209],
[70,79,211],[52,77,209],[133,188,202],[51,52,200],[205,210,322],[152,154,193],[150,151,192],[50,192,259],[49,138,191],[48,52,188],
[53,184,187],[52,73,190],[47,63,186],[46,135,191],[47,64,185],[45,48,184],[126,130,257],[96,119,243],[100,122,232],[99,119,230],
[113,176,229],[44,111,227],[244,247,359],[68,103,218],[66,177,206],[43,102,195],[194,196,198],[42,99,182],[60,197,208],[56,195,206],
[57,98,181],[43,97,180],[101,111,179],[44,96,178],[41,102,180],[40,95,182],[55,94,177],[39,93,176],[38,59,175],[166,168,272],
[66,67,173],[159,170,171],[36,37,170],[56,75,168],[157,160,282],[55,58,166],[35,37,164],[161,169,175],[34,162,164],[57,67,161],
[43,56,160],[33,159,173],[141,157,222],[41,66,166],[32,39,157],[31,33,155],[35,159,168],[54,131,153],[35,163,173],[34,152,155],
[50,151,154],[130,150,153],[90,141,158],[57,60,173],[43,57,167],[41,58,172],[39,41,146],[36,169,174],[155,169,171],[55,66,172],
[30,32,146],[29,55,147],[28,30,142],[27,36,164],[26,155,162],[36,161,294],[160,174,291],[25,54,137],[54,163,193],[127,136,137],
[33,163,168],[49,135,151],[131,137,170],[115,136,152],[46,138,151],[123,134,153],[132,133,187],[50,126,132],[24,242,258],[108,241,256],
[107,144,240],[89,143,238],[139,156,221],[23,219,220],[22,88,219],[58,75,174],[29,43,165],[32,56,167],[21,55,165],[88,145,158],
[20,21,156],[161,166,284],[19,92,148],[18,21,145],[23,140,144],[22,139,143],[21,43,147],[17,29,142],[16,90,148],[17,30,141],
[19,90,140],[15,18,139],[79,85,217],[64,71,201],[48,69,200],[70,74,204],[51,69,188],[62,63,185],[14,62,184],[31,54,175],
[130,134,162],[53,122,150],[153,154,171],[13,51,138],[26,152,164],[123,150,162],[50,115,137],[49,122,136],[14,48,135],[53,114,136],
[12,47,138],[46,126,134],[13,47,133],[45,119,132],[11,25,129],[120,123,233],[50,127,152],[26,37,129],[10,110,124],[34,121,123],
[112,114,244],[120,132,134],[25,37,118],[10,117,118],[115,125,131],[9,118,124],[80,116,117],[49,114,150],[34,127,128],[95,112,179],
[46,50,120],[114,130,253],[13,53,112],[27,34,110],[8,24,109],[25,123,128],[24,86,108],[84,107,108],[25,121,127],[9,110,117],
[80,106,109],[85,105,108],[83,104,107],[42,95,113],[26,115,258],[13,46,100],[26,125,130],[110,125,256],[14,53,100],[12,101,132],
[7,14,96],[11,26,118],[65,109,116],[24,121,149],[78,91,105],[86,109,129],[84,105,124],[65,106,117],[74,91,106],[16,92,140],
[79,89,107],[87,88,143],[79,104,116],[23,77,87],[38,199,218],[59,198,214],[58,98,197],[41,97,195],[93,111,178],[32,176,177],
[29,40,176],[12,49,119],[40,99,113],[6,45,111],[115,120,247],[21,44,102],[5,45,99],[32,94,98],[29,93,97],[45,49,101],
[4,12,96],[30,42,102],[4,14,95],[21,42,94],[5,20,93],[56,59,174],[30,41,157],[18,39,156],[32,57,160],[20,39,145],
[28,29,141],[3,28,139],[24,27,131],[8,108,129],[85,107,124],[83,89,116],[23,74,105],[22,73,104],[2,20,92],[19,73,91],
[3,18,90],[23,78,106],[22,71,91],[1,17,92],[16,77,89],[2,17,88],[19,71,104],[15,69,87],[8,31,82],[10,37,82],
[10,65,218],[36,61,75],[9,72,84],[70,87,89],[8,37,68],[10,76,85],[36,67,68],[65,76,86],[33,68,75],[61,76,214],
[9,80,81],[16,23,70],[78,85,212],[2,22,64],[9,11,61],[35,38,60],[8,81,84],[38,72,103],[58,59,168],[8,72,80],
[33,61,67],[2,16,52],[65,83,205],[3,22,52],[1,63,87],[3,16,64],[3,6,48],[10,31,68],[60,66,161],[60,82,175],
[30,44,94],[39,40,97],[11,155,175],[25,153,170],[45,62,135],[12,51,133],[1,19,69],[15,19,63],[4,15,62],[5,15,51],
[1,7,48],[3,7,47],[1,6,47],[14,46,112],[5,13,111],[6,13,99],[7,12,95],[7,28,93],[11,38,86],[35,59,82],
[6,17,44],[5,28,42],[4,18,44],[4,17,40],[27,35,170],[31,110,131],[24,31,34],[27,61,86],[11,33,54],[15,28,90],
[1,20,88],[6,18,40],[2,5,62],[2,4,51],[9,27,38],[7,20,42],[444,446,447],[442,446,448],[439,447,448],[437,445,447],
[434,444,445],[432,443,446],[430,441,444],[426,442,443],[424,441,446],[422,440,448],[420,438,447],[418,436,442],[413,439,440],[411,437,438],
[409,436,448],[407,435,445],[406,433,446],[404,431,444],[402,429,439],[400,428,437],[393,434,435],[391,432,433],[389,430,431],[404,429,447],
[386,428,445],[384,427,443],[382,425,441],[421,423,448],[381,421,447],[419,424,442],[378,417,434],[377,416,432],[375,415,430],[366,426,427],
[364,424,425],[362,422,423],[360,420,421],[358,418,419],[417,432,444],[356,416,443],[354,415,441],[352,414,440],[350,412,438],[348,410,436],
[405,408,445],[398,420,446],[347,405,444],[403,409,439],[401,437,439],[343,399,426],[341,398,424],[340,397,422],[353,396,420],[338,395,418],
[330,413,414],[328,411,412],[326,409,410],[369,407,408],[324,406,420],[323,404,405],[328,402,403],[320,400,401],[399,422,442],[318,397,440],
[317,396,438],[315,395,436],[314,394,435],[313,392,433],[312,390,431],[311,388,429],[310,387,428],[380,385,443],[383,433,441],[373,406,448],
[351,380,442],[379,386,434],[376,430,434],[307,401,413],[305,374,411],[317,373,409],[303,372,407],[371,406,408],[370,388,404],[302,369,402],
[301,368,400],[293,393,394],[389,391,392],[290,389,390],[288,386,387],[384,385,415],[333,382,383],[309,406,421],[286,381,404],[285,380,424],
[290,378,379],[283,377,417],[281,375,376],[374,407,437],[279,372,435],[286,371,433],[292,370,431],[278,369,429],[276,368,428],[275,367,427],
[274,365,425],[361,363,423],[285,361,421],[342,359,419],[274,357,416],[273,355,415],[346,353,440],[345,351,438],[349,423,436],[381,392,445],
[345,346,439],[345,371,437],[344,356,426],[342,354,424],[339,418,426],[271,376,393],[336,337,391],[269,336,389],[292,386,392],[355,365,384],
[267,335,382],[334,385,421],[381,383,385],[266,333,378],[273,335,377],[265,332,375],[257,366,367],[255,364,365],[358,362,363],[360,361,426],
[252,358,359],[250,356,357],[354,355,357],[352,353,395],[350,351,436],[296,348,349],[380,381,405],[334,347,432],[299,346,409],[252,343,344],
[341,342,366],[245,340,399],[349,353,398],[243,338,339],[337,384,432],[336,382,430],[246,365,427],[275,335,425],[334,341,423],[254,364,419],
[333,337,417],[239,335,416],[237,332,415],[236,331,414],[318,329,412],[235,327,410],[325,373,408],[299,350,420],[346,373,405],[304,322,403],
[321,401,403],[235,319,397],[326,352,396],[234,316,395],[313,388,435],[345,347,433],[309,371,431],[325,429,438],[311,408,428],[363,398,443],
[347,361,441],[309,313,434],[309,385,430],[308,318,413],[306,317,411],[304,315,409],[306,402,413],[302,400,411],[232,339,366],[298,300,362],
[299,360,399],[230,298,358],[254,356,363],[354,356,361],[316,327,352],[350,410,414],[229,297,348],[324,351,405],[347,351,423],[228,296,343],
[339,341,362],[234,297,340],[348,353,397],[227,295,338],[217,330,331],[215,328,329],[213,326,327],[320,325,369],[324,350,413],[323,373,411],
[211,322,328],[209,320,321],[207,318,319],[308,317,326],[315,316,319],[314,368,388],[313,345,429],[312,371,428],[261,311,325],[260,310,311],
[346,380,398],[351,396,422],[278,313,386],[211,307,308],[209,305,306],[304,317,330],[202,303,374],[201,302,306],[200,301,302],[300,352,422],
[298,348,418],[203,327,414],[322,412,414],[236,297,410],[324,402,408],[326,329,403],[296,300,399],[299,362,398],[196,297,397],[304,396,397],
[194,295,395],[193,294,394],[279,291,390],[310,372,388],[192,289,387],[287,383,392],[313,323,406],[278,312,404],[268,284,379],[287,417,431],
[282,376,379],[192,280,372],[370,371,407],[288,314,370],[301,303,369],[191,277,368],[361,425,427],[285,377,425],[334,360,419],[382,385,416],
[283,383,415],[373,412,440],[353,360,418],[272,279,393],[286,376,391],[270,292,389],[268,276,386],[270,378,393],[375,377,391],[266,375,389],
[204,306,330],[190,302,328],[263,264,369],[323,324,401],[278,323,374],[189,305,328],[188,263,320],[307,317,325],[315,318,350],[277,289,314],
[312,387,394],[202,311,368],[187,262,310],[309,345,380],[190,261,307],[186,260,305],[191,262,303],[185,263,302],[184,259,301],[174,293,294],
[172,290,291],[268,370,372],[169,288,289],[281,287,333],[286,312,393],[285,381,391],[167,284,290],[222,283,287],[165,281,282],[163,279,280],
[286,370,379],[272,288,292],[278,303,387],[276,277,280],[274,332,377],[285,309,417],[334,342,416],[226,274,382],[221,273,283],[285,337,354],
[167,271,272],[222,336,376],[165,269,270],[268,292,293],[267,337,355],[158,267,336],[157,266,270],[225,273,375],[156,265,266],[264,314,407],
[305,311,402],[263,310,400],[159,289,394],[390,392,435],[284,390,394],[193,262,387],[286,378,383],[288,291,379],[261,374,401],[260,264,374],
[171,262,372],[154,259,368],[149,258,367],[224,256,365],[246,253,359],[249,251,357],[220,249,355],[248,349,363],[247,255,344],[239,246,342],
[248,399,419],[244,339,344],[242,249,365],[220,241,335],[334,364,384],[250,275,364],[265,267,333],[223,240,335],[148,238,332],[299,340,410],
[324,396,403],[245,349,395],[323,388,400],[233,246,366],[231,254,358],[239,255,356],[237,239,354],[231,343,366],[341,344,364],[338,340,362],
[228,338,358],[160,270,293],[147,266,290],[225,226,333],[146,269,290],[158,283,332],[145,225,281],[271,287,292],[276,279,312],[240,251,275],
[238,249,274],[342,357,367],[144,224,274],[143,223,273],[346,347,360],[147,222,271],[221,226,336],[142,221,269],[223,224,355],[148,223,267],
[141,225,266],[140,220,273],[139,219,265],[130,257,258],[128,255,256],[126,252,253],[125,250,251],[243,248,296],[122,247,252],[179,245,248],
[119,243,244],[121,242,246],[149,241,275],[233,250,254],[239,240,242],[237,238,241],[235,295,340],[183,235,348],[178,234,245],[299,300,315],
[122,232,233],[179,298,339],[119,230,231],[254,255,257],[229,300,316],[113,229,298],[112,228,231],[182,234,338],[111,227,228],[237,275,384],
[269,283,378],[128,251,367],[359,363,427],[247,359,367],[149,224,357],[341,343,349],[250,253,344],[226,237,337],[144,219,332],[103,218,331],
[207,216,329],[181,214,327],[203,212,322],[210,321,322],[206,208,319],[177,206,316],[321,325,412],[205,213,308],[196,203,304],[210,306,308],
[199,206,327],[177,198,297],[207,236,326],[227,229,296],[180,197,297],[102,195,295],[203,216,330],[189,307,320],[196,213,318],[194,196,315],
[215,307,330],[186,301,320],[114,231,257],[101,228,252],[182,183,296],[100,230,252],[113,245,295],[99,182,243],[232,248,254],[197,208,236],
[195,206,235],[304,319,331],[98,181,235],[194,236,352],[97,180,234],[101,179,232],[178,183,298],[96,178,230],[180,181,316],[102,180,229],
[95,182,228],[94,177,234],[93,176,227],[85,217,218],[83,215,216],[81,213,214],[79,211,212],[77,209,210],[76,207,208],[201,261,321],
[200,260,261],[74,205,211],[73,204,209],[185,202,261],[71,201,210],[69,200,201],[72,199,203],[103,198,236],[196,197,199],[194,195,198],
[192,259,303],[151,192,310],[135,191,202],[264,276,278],[74,204,216],[73,190,211],[71,189,215],[69,188,189],[213,217,329],[187,264,277],
[188,202,305],[133,187,263],[77,190,215],[64,186,189],[138,191,301],[63,185,190],[62,184,186],[230,245,343],[81,208,331],[205,322,331],
[204,321,329],[103,181,319],[207,212,308],[183,194,300],[98,176,295],[54,175,294],[163,173,291],[137,170,289],[159,168,284],[282,287,390],
[166,282,284],[162,164,280],[134,162,277],[161,169,272],[159,171,268],[166,270,272],[155,162,289],[134,153,262],[163,193,288],[184,187,260],
[136,152,262],[135,151,263],[53,150,259],[159,173,293],[146,271,281],[169,171,279],[154,171,276],[172,271,293],[142,265,281],[78,215,217],
[63,186,209],[138,151,260],[70,189,211],[52,188,209],[133,202,259],[51,138,200],[152,164,193],[150,162,192],[268,280,294],[50,137,192],
[154,193,314],[49,136,191],[48,135,188],[136,137,277],[53,136,187],[52,190,200],[47,138,186],[46,134,191],[47,133,185],[45,132,184],
[59,174,175],[66,172,173],[36,169,170],[56,167,168],[157,222,282],[55,165,166],[35,163,164],[156,221,222],[57,161,167],[43,160,165],
[141,158,222],[41,157,166],[39,156,157],[33,155,159],[54,153,193],[152,155,171],[151,154,264],[150,153,154],[219,220,267],[90,148,158],
[57,160,173],[43,147,167],[41,146,172],[145,158,269],[39,145,146],[169,174,291],[144,237,240],[143,226,238],[88,143,225],[55,147,172],
[30,142,146],[92,148,265],[29,141,147],[92,140,221],[28,139,142],[36,164,294],[161,284,294],[160,282,291],[54,137,280],[163,168,272],
[50,132,259],[24,131,258],[108,129,256],[121,127,253],[109,129,251],[105,124,249],[123,128,247],[244,248,359],[120,244,247],[118,124,242],
[116,117,241],[107,124,240],[89,116,238],[115,125,233],[120,231,233],[110,124,251],[109,116,249],[107,108,224],[89,107,223],[121,149,250],
[140,144,226],[139,143,221],[106,117,224],[91,106,223],[90,140,225],[23,105,220],[22,104,219],[127,128,257],[242,255,258],[100,232,243],
[125,246,256],[239,241,256],[126,232,257],[96,227,243],[58,172,174],[29,142,165],[32,146,167],[21,145,165],[88,158,219],[20,92,156],
[117,118,149],[104,116,220],[19,91,148],[18,90,145],[106,109,240],[91,105,238],[23,106,144],[22,91,143],[21,147,156],[17,92,142],
[16,89,148],[17,88,141],[19,104,140],[15,87,139],[130,131,153],[25,128,129],[50,126,127],[26,125,129],[122,123,150],[121,123,233],
[112,179,244],[119,120,132],[25,118,121],[111,178,179],[115,122,136],[49,114,119],[95,113,179],[46,112,120],[114,244,253],[13,111,112],
[34,110,128],[24,109,242],[24,108,149],[110,117,256],[105,108,241],[104,107,144],[176,177,229],[42,102,113],[114,127,136],[115,247,258],
[49,101,122],[46,100,126],[99,113,230],[13,99,100],[125,130,253],[98,194,197],[97,183,195],[40,97,182],[101,126,132],[14,96,100],
[44,102,227],[12,95,101],[44,94,178],[7,93,96],[26,118,258],[23,87,219],[38,86,218],[72,84,216],[59,82,214],[72,80,212],
[78,210,212],[60,82,208],[199,213,218],[56,75,206],[81,84,205],[79,204,217],[83,205,210],[70,201,204],[68,75,199],[76,203,214],
[66,67,198],[58,75,197],[196,198,214],[41,66,195],[65,76,216],[61,75,208],[60,66,206],[58,59,181],[41,58,180],[72,103,207],
[94,98,183],[93,97,178],[57,67,181],[43,57,180],[42,94,182],[32,56,177],[29,55,176],[80,81,217],[64,185,201],[48,184,200],
[126,130,134],[12,96,119],[53,100,122],[45,99,119],[40,113,176],[6,44,111],[67,68,103],[55,66,177],[21,43,102],[5,42,99],
[57,60,197],[43,56,195],[32,57,98],[29,43,97],[45,101,111],[4,44,96],[30,41,102],[4,40,95],[21,55,94],[20,39,93],
[85,86,108],[83,84,107],[8,81,82],[79,80,116],[23,77,78],[10,76,82],[65,205,218],[74,84,105],[73,79,104],[71,83,104],
[69,70,87],[8,68,72],[76,85,212],[62,135,185],[65,74,106],[73,74,91],[71,78,91],[19,69,71],[77,83,89],[16,64,70],
[63,77,87],[2,62,64],[9,61,81],[38,60,199],[38,59,103],[61,67,214],[56,59,198],[55,58,98],[132,134,187],[13,53,133],
[78,80,106],[19,63,73],[70,79,89],[16,52,77],[51,133,188],[2,51,52],[50,152,154],[49,150,151],[12,49,138],[3,48,52],
[14,53,184],[22,52,73],[1,47,63],[14,46,135],[3,47,64],[6,45,48],[10,68,218],[32,39,176],[11,38,175],[33,67,173],
[153,170,171],[25,37,170],[33,75,168],[58,166,168],[26,37,164],[155,169,175],[34,123,162],[36,67,161],[56,160,174],[66,161,166],
[32,157,160],[31,34,155],[35,159,170],[34,127,152],[46,50,151],[114,130,150],[35,60,173],[27,34,164],[26,130,162],[25,127,137],
[33,54,163],[45,49,135],[115,131,137],[13,46,138],[120,123,134],[12,132,133],[36,75,174],[30,141,157],[18,139,156],[79,85,107],
[22,64,71],[1,48,69],[23,70,74],[15,51,69],[15,62,63],[4,14,62],[31,54,131],[5,13,51],[26,115,152],[50,115,120],
[7,14,48],[53,112,114],[7,12,47],[6,13,47],[36,37,68],[35,37,82],[60,161,175],[31,33,68],[35,59,168],[28,90,141],
[39,41,97],[30,32,94],[28,30,42],[27,36,61],[11,26,155],[11,25,54],[27,131,170],[25,123,153],[87,89,143],[2,22,88],
[20,88,145],[20,21,42],[1,19,92],[18,21,44],[16,23,140],[3,22,139],[17,29,40],[3,16,90],[17,30,44],[15,19,90],
[4,15,18],[31,82,175],[11,86,129],[8,37,129],[10,85,124],[24,34,121],[10,37,118],[10,65,117],[110,125,131],[9,84,124],
[9,27,110],[8,80,109],[9,80,117],[78,85,105],[9,11,118],[65,83,116],[65,86,109],[2,16,92],[1,87,88],[14,95,112],
[5,93,111],[18,39,40],[28,29,93],[3,7,28],[24,27,86],[8,84,108],[2,5,20],[3,6,18],[1,6,17],[2,4,17],
[10,31,110],[8,24,31],[7,42,95],[6,40,99],[5,45,62],[4,12,51],[9,38,72],[61,76,86],[11,33,61],[5,15,28],
[27,35,38],[1,7,20]];
###############################################################

#SurfaceInfo: 96 Vertices, 2688 Edges, 1792 Faces, IsOrientable=true
 #Vertices of faces:
vof2:=[[94,95,96],[92,93,95],[90,91,96],[89,92,94],[87,88,94],[85,86,93],[84,90,95],[82,83,95],[80,81,91],[78,79,89],
[77,87,96],[76,85,92],[75,83,96],[73,74,92],[71,72,88],[69,70,86],[67,68,84],[66,82,93],[65,80,90],[64,78,94],
[75,82,94],[63,74,93],[61,62,90],[59,60,83],[57,58,81],[55,56,79],[53,54,77],[52,75,76],[51,83,91],[58,73,89],
[50,71,87],[49,69,85],[48,67,95],[63,73,95],[47,62,91],[67,88,89],[45,46,87],[44,50,85],[42,43,75],[41,48,74],
[39,40,72],[45,70,77],[37,38,68],[36,51,66],[35,65,82],[34,63,64],[33,75,88],[32,74,86],[40,61,84],[31,59,82],
[30,57,80],[46,55,78],[36,53,96],[71,75,92],[47,61,96],[67,87,92],[29,46,88],[28,44,86],[53,84,93],[27,76,80],
[26,31,78],[25,26,82],[23,24,63],[36,55,62],[21,22,60],[35,56,66],[20,41,54],[20,33,52],[33,51,64],[19,32,58],
[18,50,83],[49,57,73],[28,47,48],[17,63,83],[16,62,81],[53,79,88],[22,50,76],[24,42,83],[48,61,73],[15,39,71],
[15,45,69],[37,67,74],[19,51,93],[82,85,90],[59,63,94],[29,45,94],[28,50,93],[53,90,92],[39,65,83],[14,27,81],
[13,26,79],[77,78,91],[51,76,89],[12,65,71],[11,64,69],[24,60,67],[27,62,73],[9,10,47],[8,18,67],[37,46,64],
[19,44,80],[13,17,43],[10,29,41],[18,38,51],[7,36,72],[7,17,34],[33,48,66],[17,32,84],[7,16,40],[31,42,74],
[30,39,61],[14,29,36],[13,28,71],[6,47,75],[11,46,72],[14,44,70],[68,78,93],[13,65,76],[10,31,64],[10,25,75],
[8,23,74],[36,45,61],[5,21,59],[5,35,55],[41,53,62],[7,33,91],[32,54,89],[80,83,87],[73,78,85],[42,47,95],
[35,39,95],[14,76,91],[13,31,89],[78,87,90],[51,85,94],[50,69,75],[21,49,74],[12,34,72],[4,11,70],[3,60,68],
[66,86,90],[33,65,84],[32,64,96],[3,49,59],[32,48,57],[25,55,84],[10,43,53],[8,41,75],[12,46,61],[11,44,87],
[5,29,31],[12,28,40],[2,52,53],[7,27,71],[26,54,69],[3,6,26],[24,37,47],[31,55,63],[20,32,42],[4,64,86],
[19,38,60],[4,6,28],[17,58,71],[6,16,77],[37,53,76],[14,22,38],[24,25,62],[23,61,88],[15,21,50],[4,19,39],
[3,14,85],[13,47,59],[21,29,82],[2,28,63],[25,60,65],[27,34,58],[4,26,56],[54,67,91],[52,89,90],[3,50,65],
[47,49,64],[24,31,48],[27,40,63],[2,9,62],[18,43,88],[45,64,73],[19,35,50],[17,23,42],[29,30,48],[18,23,37],
[44,51,72],[4,66,88],[17,38,86],[16,79,84],[69,74,82],[61,67,80],[25,29,96],[23,28,92],[18,69,96],[21,57,92],
[34,65,88],[3,24,84],[33,80,95],[32,78,95],[57,76,82],[17,30,62],[16,25,56],[22,43,54],[9,41,52],[51,81,87],
[58,79,85],[50,66,77],[17,49,76],[16,48,94],[22,30,42],[9,46,48],[16,36,39],[45,53,71],[37,59,77],[24,40,51],
[2,55,82],[43,63,72],[44,45,74],[27,32,92],[3,13,22],[1,35,78],[1,34,51],[4,12,85],[11,38,59],[57,60,79],
[8,28,33],[7,23,53],[19,48,81],[7,20,43],[14,19,21],[2,13,16],[6,40,85],[11,21,89],[2,14,66],[41,65,78],
[13,20,34],[4,10,20],[10,46,59],[8,27,44],[9,45,93],[7,19,69],[16,21,54],[22,34,80],[4,9,78],[3,29,42],
[29,39,73],[1,14,47],[1,13,67],[43,50,59],[27,41,49],[11,68,77],[36,75,86],[35,84,87],[34,85,96],[9,31,49],
[28,46,84],[10,24,36],[8,61,71],[12,47,70],[11,22,67],[1,5,46],[1,12,44],[26,52,93],[7,18,76],[31,54,57],
[6,9,25],[15,36,63],[18,33,42],[27,33,86],[26,32,60],[16,58,83],[6,20,81],[20,37,79],[57,62,83],[55,73,88],
[27,39,93],[9,14,90],[13,18,94],[52,57,94],[42,55,93],[17,39,90],[49,68,83],[10,22,77],[8,9,76],[66,71,96],
[17,69,92],[16,67,96],[6,15,46],[15,37,44],[33,72,92],[32,70,82],[40,68,80],[31,58,66],[6,30,65],[11,36,95],
[14,71,95],[13,15,25],[10,15,23],[5,36,74],[35,51,59],[41,42,89],[10,33,70],[8,22,32],[1,37,83],[1,73,80],
[26,47,86],[26,35,88],[12,16,90],[11,53,94],[6,57,90],[6,32,68],[3,16,78],[20,25,48],[39,43,68],[41,45,91],
[54,70,71],[7,24,38],[4,29,54],[1,3,11],[21,70,80],[2,22,78],[1,4,58],[50,55,67],[49,72,90],[3,28,56],
[7,47,68],[19,31,56],[40,48,65],[2,12,27],[11,26,43],[5,73,91],[12,35,89],[4,7,57],[38,54,55],[11,17,79],
[10,68,69],[5,19,67],[22,25,63],[9,23,39],[61,63,69],[21,39,87],[8,29,34],[3,8,53],[26,42,76],[12,30,55],
[25,52,66],[64,81,82],[19,63,79],[18,77,92],[28,80,94],[5,24,30],[14,74,77],[8,19,40],[2,45,85],[29,44,58],
[13,32,53],[35,60,91],[34,62,89],[4,52,65],[38,42,64],[24,39,79],[12,66,81],[16,43,60],[11,40,75],[21,56,72],
[2,7,70],[41,56,68],[39,46,75],[37,61,93],[12,69,91],[5,34,87],[3,52,95],[34,45,95],[25,37,91],[23,80,89],
[6,69,87],[21,37,85],[30,54,75],[46,52,74],[10,40,66],[2,5,65],[12,43,64],[58,59,93],[37,55,94],[14,75,93],
[5,26,33],[17,60,94],[53,56,73],[22,52,69],[58,61,77],[2,15,49],[19,25,92],[4,59,92],[5,27,47],[5,18,40],
[23,62,64],[19,30,88],[23,72,96],[17,40,56],[6,33,74],[29,60,81],[28,62,79],[18,60,93],[25,51,95],[36,56,59],
[21,24,52],[35,72,86],[8,20,38],[29,56,69],[1,10,90],[31,75,80],[30,86,87],[46,60,85],[9,13,81],[28,38,52],
[54,61,81],[36,50,70],[22,49,71],[18,44,84],[3,57,96],[16,38,45],[20,36,80],[40,52,55],[10,27,67],[5,9,69],
[12,18,21],[45,47,57],[9,43,51],[3,15,80],[48,72,83],[70,73,84],[42,66,94],[13,69,95],[8,15,30],[26,39,77],
[47,51,53],[41,57,86],[44,68,96],[16,34,49],[20,23,84],[8,21,91],[3,58,70],[14,24,41],[1,38,56],[52,72,81],
[21,63,65],[33,50,89],[44,57,88],[3,55,86],[30,68,82],[22,35,96],[9,34,92],[28,73,96],[35,68,92],[41,59,88],
[9,71,84],[17,41,80],[29,33,78],[15,79,82],[35,62,74],[31,51,70],[22,40,58],[1,23,50],[1,30,49],[26,44,48],
[40,42,91],[48,77,89],[37,41,95],[34,82,91],[4,63,89],[23,60,66],[6,43,95],[38,61,78],[13,35,57],[10,34,55],
[40,45,89],[7,59,90],[27,54,94],[19,42,90],[12,23,29],[11,28,30],[23,52,70],[7,15,93],[15,54,83],[9,86,94],
[6,38,70],[22,37,81],[21,62,66],[2,17,88],[39,41,70],[14,46,68],[13,44,91],[43,52,91],[33,59,96],[10,17,35],
[18,81,86],[2,20,56],[38,57,63],[39,55,81],[8,31,87],[24,71,82],[15,81,92],[43,74,80],[3,5,72],[14,20,35],
[45,72,79],[58,64,76],[13,30,85],[27,52,77],[22,39,94],[11,20,73],[56,64,71],[35,37,70],[12,31,53],[5,23,57],
[17,44,52],[28,35,45],[12,24,32],[60,71,74],[56,76,87],[23,58,95],[47,55,92],[5,15,43],[60,69,89],[28,32,51],
[9,56,77],[29,43,86],[4,8,72],[34,60,70],[17,47,50],[29,49,67],[66,76,84],[17,31,96],[26,45,83],[9,79,80],
[15,52,73],[10,57,93],[5,28,90],[12,68,94],[14,61,94],[13,87,93],[18,54,90],[5,77,85],[12,59,76],[6,55,71],
[37,69,72],[63,66,67],[18,46,62],[24,33,58],[32,56,61],[13,40,70],[6,18,31],[27,36,60],[26,62,71],[25,70,88],
[22,23,86],[36,84,89],[41,55,96],[28,83,88],[68,73,86],[19,47,84],[18,41,58],[21,26,96],[2,24,92],[20,45,67],
[20,50,90],[3,18,39],[28,31,37],[4,42,87],[38,48,85],[12,79,95],[7,25,87],[23,54,85],[9,44,63],[14,15,32],
[9,35,58],[18,34,56],[4,49,91],[5,38,89],[49,75,79],[5,81,95],[20,21,58],[13,41,72],[17,46,51],[1,6,93],
[55,58,69],[34,54,74],[3,27,88],[24,34,86],[17,48,93],[37,40,57],[42,70,79],[1,7,81],[20,39,47],[43,61,82],
[10,83,85],[8,59,73],[5,70,94],[24,69,88],[9,30,60],[64,77,84],[15,47,78],[11,34,66],[10,21,95],[59,81,84],
[33,56,57],[24,44,78],[3,51,61],[18,30,45],[6,27,35],[26,34,37],[14,18,73],[10,16,44],[43,62,85],[38,65,92],
[9,40,96],[29,37,90],[23,26,49],[43,57,84],[14,16,33],[26,63,81],[2,19,86],[28,43,58],[6,29,76],[30,53,63],
[51,65,77],[6,24,94],[60,73,75],[5,68,71],[35,49,61],[31,39,91],[14,23,87],[44,54,95],[4,50,95],[3,91,92],
[47,82,89],[52,79,87],[36,42,85],[30,66,78],[42,44,65],[3,48,64],[2,59,80],[33,55,60],[58,67,75],[8,17,77],
[50,53,81],[22,47,56],[2,42,61],[11,19,41],[44,59,62],[27,56,83],[10,18,79],[19,76,96],[72,80,93],[13,74,83],
[7,29,77],[28,54,76],[42,72,77],[29,62,93],[1,8,94],[7,35,75],[7,31,85],[9,21,42],[13,33,61],[16,23,82],
[20,71,78],[27,38,82],[18,36,78],[12,26,67],[4,5,53],[12,57,77],[42,68,81],[16,46,86],[20,30,96],[46,63,91],
[30,70,92],[47,60,72],[32,37,65],[2,6,89],[55,77,80],[36,68,88],[12,22,93],[9,11,83],[10,28,81],[8,68,79],
[6,36,91],[37,71,89],[22,33,45],[25,58,68],[23,56,91],[7,21,28],[24,50,73],[40,74,78],[43,48,87],[30,56,95],
[8,55,83],[12,15,41],[29,40,92],[48,70,76],[38,39,66],[17,45,81],[8,26,90],[9,32,50],[15,35,42],[2,11,57],
[28,41,60],[33,62,68],[34,52,61],[11,27,31],[14,26,40],[26,46,80],[20,49,94],[41,63,87],[33,39,85],[24,45,76],
[4,14,17],[62,67,70],[1,54,79],[13,24,77],[2,39,64],[15,51,67],[32,49,66],[2,8,95],[30,52,59],[46,50,57],
[21,61,86],[4,18,82],[27,79,96],[26,36,92],[16,31,92],[22,88,90],[29,83,84],[25,64,80],[19,23,78],[15,58,90],
[25,27,50],[22,36,48],[1,42,71],[1,48,69],[37,43,66],[40,53,82],[63,75,77],[72,76,78],[13,29,38],[1,25,45],
[7,32,55],[25,54,72],[27,42,46],[12,38,75],[11,74,81],[31,52,68],[7,65,94],[54,64,93],[71,86,91],[3,62,75],
[47,74,88],[14,65,79],[13,36,64],[25,86,89],[39,44,89],[4,24,80],[5,17,25],[3,45,66],[56,67,85],[12,20,83],
[52,64,67],[44,53,60],[16,30,51],[15,56,94],[65,67,86],[16,41,50],[33,49,53],[1,21,84],[1,2,96],[66,69,80],
[19,52,83],[3,10,89],[5,32,75],[12,25,74],[14,31,72],[2,54,68],[21,64,88],[41,84,85],[13,66,73],[40,54,59],
[9,38,88],[10,61,76],[15,38,96],[2,37,75],[44,49,55],[63,70,90],[36,58,65],[20,51,69],[6,72,73],[2,60,87],
[5,16,76],[18,25,49],[1,32,39],[14,43,55],[46,54,66],[34,50,68],[11,25,61],[4,22,62],[62,65,69],[7,46,95],
[67,72,82],[17,21,78],[10,65,73],[8,35,64],[6,19,34],[4,16,37],[46,53,58],[44,56,75],[8,47,66],[1,43,92],
[15,34,48],[39,74,76],[31,45,65],[29,50,79],[16,42,73],[11,91,93],[60,64,90],[19,62,94],[11,24,90],[48,59,71],
[27,69,84],[7,9,67],[40,49,87],[10,19,71],[8,25,85],[6,23,59],[8,36,57],[26,41,51],[70,78,83],[22,51,73],
[3,20,63],[38,53,80],[59,79,86],[11,23,65],[20,44,82],[32,62,72],[24,35,54],[38,49,95],[48,79,91],[81,85,88],
[22,46,82],[8,16,69],[27,30,37],[75,78,81],[3,7,74],[35,48,53],[34,75,84],[27,43,78],[11,15,33],[11,55,76],
[51,57,71],[22,31,84],[4,60,61],[1,36,52],[47,58,87],[5,20,93],[40,50,64],[1,41,82],[1,33,63],[19,49,77],
[14,30,64],[6,21,53],[51,74,79],[32,45,59],[13,19,46],[4,74,96],[53,83,86],[6,17,67],[31,50,61],[2,18,48],
[2,29,51],[28,36,49],[63,68,76],[32,88,91],[10,32,87],[19,43,45],[56,74,90],[7,26,73],[20,46,92],[28,77,82],
[7,30,89],[4,15,84],[47,54,65],[16,88,93],[38,62,87],[14,83,89],[92,94,95],[90,95,96],[87,94,96],[85,92,93],
[82,93,95],[80,90,91],[78,89,94],[83,91,96],[73,89,92],[71,87,88],[69,85,86],[67,84,95],[75,88,94],[74,86,93],
[61,84,90],[59,82,83],[57,80,81],[55,78,79],[53,77,96],[75,76,92],[63,83,95],[62,81,91],[79,88,89],[45,77,87],
[50,76,85],[42,75,83],[48,73,74],[39,71,72],[45,69,70],[37,67,68],[51,66,93],[65,82,90],[63,64,94],[47,75,96],
[67,74,92],[46,72,88],[44,70,86],[68,84,93],[35,66,82],[65,76,80],[31,64,78],[25,75,82],[23,63,74],[36,61,62],
[21,59,60],[57,58,73],[35,55,56],[41,53,54],[33,52,75],[33,51,91],[32,58,89],[50,83,87],[49,73,85],[47,48,95],
[29,82,94],[28,63,93],[53,62,90],[60,65,83],[27,58,81],[26,56,79],[54,77,91],[52,76,89],[18,51,83],[50,65,71],
[49,64,69],[24,48,67],[27,63,73],[9,47,62],[18,67,88],[45,46,64],[19,44,50],[17,42,43],[29,41,48],[39,40,61],
[18,37,38],[36,51,72],[17,34,63],[33,66,88],[17,32,86],[16,40,84],[31,74,82],[30,61,80],[46,78,87],[29,36,96],
[28,71,92],[39,73,95],[14,47,91],[13,67,89],[44,51,85],[43,50,75],[41,49,74],[12,40,72],[11,70,77],[38,60,68],
[36,66,86],[35,65,84],[34,64,96],[32,42,74],[31,49,59],[30,48,57],[46,55,84],[10,36,53],[8,71,75],[12,47,61],
[11,67,87],[5,29,46],[12,28,44],[52,53,93],[7,27,76],[26,31,54],[6,25,26],[23,24,37],[36,55,63],[21,22,50],
[20,41,52],[20,33,42],[33,64,86],[19,32,60],[6,28,47],[17,58,83],[6,16,81],[37,53,79],[14,22,76],[24,62,83],
[61,73,88],[15,45,71],[15,50,69],[19,39,93],[14,85,90],[13,59,94],[61,69,96],[21,87,92],[29,34,88],[4,28,86],
[3,53,84],[27,33,80],[26,32,78],[26,76,82],[24,31,63],[30,55,62],[3,22,60],[25,56,66],[20,43,54],[51,64,81],
[19,58,79],[18,50,77],[49,57,76],[28,48,94],[16,25,62],[23,53,88],[24,30,42],[46,48,61],[15,36,39],[37,74,77],
[19,40,51],[2,82,85],[43,59,63],[29,44,45],[3,28,50],[32,53,92],[30,39,65],[14,27,44],[3,13,26],[35,78,91],
[34,51,89],[4,12,65],[11,38,64],[24,60,79],[2,27,62],[9,10,41],[8,18,33],[37,47,64],[19,67,80],[13,17,76],
[10,29,31],[7,34,72],[7,17,23],[48,66,81],[17,79,84],[7,16,43],[14,21,29],[2,13,28],[6,40,75],[11,21,72],
[2,14,70],[41,68,78],[13,34,65],[4,10,64],[10,46,75],[8,44,74],[45,61,93],[5,35,59],[5,31,55],[7,69,91],
[21,54,89],[34,80,87],[4,78,85],[3,42,95],[45,57,94],[50,55,93],[17,90,92],[39,68,83],[14,19,81],[13,16,79],
[22,77,78],[9,51,76],[12,66,71],[11,17,69],[16,60,67],[62,64,73],[10,24,47],[8,61,67],[15,37,46],[15,44,80],
[13,22,43],[38,51,59],[7,24,36],[33,48,72],[32,70,84],[7,40,68],[31,42,66],[14,36,95],[13,71,95],[11,46,59],
[9,78,93],[10,15,25],[8,15,23],[36,45,74],[5,19,21],[41,62,89],[7,33,70],[22,32,54],[1,80,83],[1,73,78],
[26,42,47],[26,35,39],[9,13,31],[16,78,90],[51,53,94],[15,21,49],[12,27,34],[4,11,26],[57,86,90],[28,33,84],
[32,68,96],[3,16,49],[20,32,48],[20,25,84],[10,43,68],[8,41,91],[1,12,46],[1,11,44],[2,52,66],[7,53,71],
[54,69,75],[3,6,65],[4,6,9],[58,70,71],[6,68,77],[37,76,91],[14,24,38],[4,29,39],[1,3,14],[1,13,47],
[21,70,82],[2,22,63],[25,29,60],[1,34,58],[1,4,56],[54,55,67],[52,72,90],[47,49,68],[19,31,48],[40,63,65],
[26,43,88],[45,73,91],[35,50,89],[18,23,42],[4,57,88],[38,55,86],[68,69,82],[22,25,96],[9,23,92],[35,45,95],
[31,80,89],[6,87,90],[37,85,94],[21,52,74],[4,54,70],[3,11,68],[10,66,90],[5,33,65],[12,32,64],[3,58,59],
[6,32,57],[25,37,55],[11,43,53],[14,41,75],[44,84,87],[8,28,40],[2,45,53],[27,49,71],[5,26,69],[8,19,38],
[17,60,71],[16,58,77],[53,56,76],[22,38,52],[24,25,51],[23,58,61],[4,19,92],[3,85,96],[47,59,92],[25,48,65],
[5,67,91],[12,89,90],[5,27,40],[2,9,49],[5,18,43],[19,35,88],[29,30,54],[44,72,96],[4,58,66],[17,38,56],
[6,69,74],[23,28,62],[18,60,69],[21,57,62],[3,5,24],[33,78,95],[32,51,95],[17,30,49],[39,81,87],[45,79,85],
[14,66,77],[16,54,94],[11,22,30],[9,14,46],[16,36,56],[56,59,77],[24,40,52],[2,55,88],[43,72,86],[8,27,32],
[1,35,51],[57,79,82],[2,12,16],[40,58,85],[41,65,88],[10,20,34],[4,8,20],[19,63,69],[16,21,39],[8,22,34],
[3,8,29],[29,56,73],[1,10,67],[27,39,41],[36,75,80],[35,86,87],[34,60,85],[28,46,52],[54,61,71],[47,50,70],
[22,49,67],[26,60,93],[18,76,84],[31,57,96],[9,25,52],[16,45,83],[20,37,81],[20,79,80],[54,57,83],[52,55,73],
[10,27,93],[5,9,90],[12,18,94],[18,73,96],[35,57,92],[24,71,84],[41,80,95],[17,35,62],[31,51,87],[23,50,66],
[16,44,48],[22,40,42],[9,48,77],[37,41,59],[34,55,82],[4,63,72],[27,77,92],[12,30,85],[23,57,60],[2,7,20],
[6,43,85],[11,40,89],[38,65,78],[13,20,35],[10,33,59],[9,40,45],[7,19,90],[22,80,94],[29,42,90],[36,50,59],
[30,75,86],[12,23,70],[1,5,30],[23,26,52],[7,18,93],[15,63,79],[27,86,94],[6,20,38],[13,18,44],[43,52,57],
[41,42,55],[17,39,46],[10,22,23],[8,9,30],[66,67,96],[16,33,96],[6,15,30],[69,72,92],[68,73,80],[11,79,95],
[13,15,32],[5,34,74],[38,42,89],[10,35,70],[1,37,93],[26,81,86],[40,70,80],[49,72,83],[28,31,56],[2,19,56],
[7,47,57],[9,39,43],[38,61,63],[8,31,53],[12,55,69],[64,71,82],[18,81,92],[28,43,80],[14,35,74],[29,58,76],
[13,30,53],[43,60,91],[52,65,77],[42,64,76],[24,39,94],[11,73,75],[41,56,72],[56,68,71],[39,75,79],[35,37,61],
[12,31,91],[5,23,87],[44,52,95],[52,61,94],[42,87,93],[18,39,90],[10,77,85],[8,59,76],[55,71,96],[6,18,46],
[37,44,57],[24,33,92],[32,61,82],[18,31,58],[11,27,36],[14,26,71],[13,25,70],[5,36,89],[28,37,83],[19,47,86],
[11,66,94],[3,15,78],[18,41,45],[1,7,38],[21,26,80],[2,24,78],[20,50,67],[20,49,90],[3,18,56],[17,40,48],
[5,70,73],[12,22,35],[4,7,87],[38,54,85],[10,69,95],[25,63,87],[23,39,85],[15,81,82],[9,44,58],[9,35,60],
[18,34,62],[4,52,91],[12,81,95],[20,21,56],[3,27,52],[24,34,45],[23,72,80],[21,37,65],[10,18,40],[2,5,15],
[12,15,43],[58,75,93],[14,17,93],[55,60,94],[52,69,87],[25,91,92],[5,47,53],[30,68,88],[20,23,96],[40,56,57],
[6,33,89],[60,72,81],[62,70,79],[22,56,69],[46,60,74],[13,61,81],[1,54,81],[28,38,45],[12,21,24],[20,45,47],
[43,51,61],[3,55,80],[48,83,85],[59,73,84],[42,70,94],[13,24,69],[39,64,77],[15,47,51],[24,41,86],[34,49,66],
[23,64,84],[8,21,95],[52,59,81],[21,63,91],[33,50,57],[24,44,88],[3,61,86],[18,30,82],[27,35,96],[26,34,92],
[34,50,95],[23,82,89],[21,42,85],[40,66,78],[2,42,65],[43,48,64],[59,80,93],[26,33,45],[8,17,94],[50,53,73],
[42,61,77],[11,19,25],[4,59,62],[27,47,56],[19,30,96],[13,33,74],[7,29,81],[28,54,79],[25,58,95],[35,42,72],
[29,62,69],[1,8,90],[7,31,75],[30,56,87],[7,46,85],[9,42,81],[6,36,70],[22,37,71],[3,10,57],[16,38,82],
[20,36,78],[40,55,92],[27,67,82],[9,69,80],[18,21,78],[12,26,77],[12,41,57],[42,44,68],[16,34,86],[3,70,92],
[9,11,34],[10,28,73],[8,35,68],[9,71,86],[17,41,50],[29,33,49],[31,52,70],[1,23,49],[26,44,49],[40,82,91],
[63,77,89],[6,34,91],[4,37,89],[37,43,95],[59,88,90],[23,29,78],[28,30,51],[15,54,93],[15,52,83],[9,56,94],
[38,39,70],[22,45,81],[21,66,84],[2,17,96],[41,60,70],[46,58,68],[44,56,91],[13,38,57],[10,55,81],[43,62,74],
[3,45,72],[8,72,79],[14,20,73],[10,17,44],[7,28,35],[24,32,50],[71,74,78],[48,76,87],[23,56,95],[8,47,55],
[48,69,89],[5,28,32],[29,43,92],[34,48,70],[17,47,88],[29,67,86],[39,66,76],[17,31,45],[8,26,83],[9,50,79],
[15,42,73],[11,57,93],[28,60,90],[62,68,94],[28,76,96],[31,68,92],[9,83,84],[17,25,80],[51,67,70],[22,58,90],
[1,25,50],[26,36,48],[42,71,91],[60,66,73],[2,6,95],[61,76,78],[25,45,89],[7,32,59],[25,27,54],[19,42,46],
[12,29,38],[11,28,81],[7,15,94],[3,62,66],[14,68,79],[13,36,91],[40,59,96],[18,25,86],[46,57,63],[39,44,55],
[2,8,87],[4,24,82],[15,38,92],[4,74,80],[5,25,72],[21,58,64],[13,41,85],[22,31,39],[11,20,83],[56,64,67],
[37,70,90],[12,53,83],[5,57,71],[17,52,67],[44,60,89],[12,25,68],[14,31,61],[13,40,87],[2,18,54],[5,81,85],
[12,59,79],[6,55,76],[31,37,72],[30,63,66],[24,35,58],[34,56,61],[27,30,60],[26,46,62],[70,83,88],[22,73,86],
[47,84,89],[21,28,88],[2,68,86],[19,41,84],[26,41,96],[9,63,67],[14,15,33],[49,79,91],[35,49,75],[5,38,95],
[20,58,69],[13,72,73],[17,51,77],[1,6,94],[43,55,58],[40,54,74],[27,38,88],[3,20,39],[6,27,31],[26,37,40],
[4,14,18],[10,16,76],[62,67,85],[36,65,92],[9,38,96],[2,29,37],[36,57,84],[14,16,23],[26,63,90],[28,36,58],
[6,29,93],[53,63,81],[51,65,69],[6,24,73],[2,60,75],[5,68,76],[25,49,61],[32,39,91],[14,43,87],[46,54,95],
[14,65,94],[13,64,93],[24,54,90],[5,75,77],[12,74,76],[6,59,71],[27,37,69],[33,53,58],[32,56,75],[36,60,64],
[19,62,71],[25,85,88],[23,59,86],[41,58,87],[1,21,96],[1,2,92],[45,65,67],[50,64,90],[4,16,42],[38,48,53],
[7,25,74],[23,54,65],[20,44,63],[14,32,72],[4,49,95],[22,46,51],[34,54,68],[3,64,88],[22,48,93],[27,42,79],
[39,47,74],[1,43,82],[10,19,83],[8,16,73],[5,20,94],[16,69,88],[29,77,84],[47,72,78],[10,21,61],[75,81,84],
[33,56,85],[44,75,78],[3,51,74],[30,45,59],[6,35,53],[34,37,75],[27,43,84],[44,54,59],[4,50,61],[22,47,82],
[1,52,79],[1,36,42],[30,70,78],[3,48,91],[2,64,80],[33,60,61],[15,58,67],[8,57,77],[50,68,81],[11,15,41],
[44,62,65],[56,74,83],[10,79,87],[13,29,83],[7,55,77],[54,72,76],[62,72,93],[12,67,75],[4,5,17],[46,86,91],
[20,30,92],[47,60,87],[32,37,66],[24,77,80],[22,36,88],[12,20,93],[7,9,21],[2,11,61],[22,33,62],[19,34,52],
[11,31,65],[14,40,64],[46,53,80],[19,49,94],[1,41,63],[1,33,39],[19,45,76],[13,19,77],[2,39,89],[32,49,55],
[30,52,64],[27,46,50],[21,53,86],[74,79,96],[8,36,85],[2,48,59],[11,33,55],[27,78,83],[18,48,79],[72,77,82],
[31,84,85],[20,51,71],[18,36,49],[7,26,67],[4,53,60],[16,46,92],[10,32,65],[36,52,68],[10,71,89],[11,23,91],
[7,30,95],[14,55,83],[29,40,50],[63,70,76],[38,66,80],[17,78,81],[9,32,88],[15,35,48],[2,51,57],[28,41,82],
[33,63,68],[11,24,76],[16,31,50],[8,25,64],[6,19,23],[15,56,90],[1,48,71],[1,69,84],[43,45,66],[40,49,53],
[38,62,75],[74,81,88],[3,63,75],[65,79,86],[44,53,82],[16,30,37],[16,41,51],[8,66,69],[3,7,89],[1,32,45],
[13,46,66],[4,22,84],[6,67,72],[6,17,21],[7,65,73],[35,54,64],[47,54,66],[15,34,84],[29,51,79],[88,91,93],
[19,43,78],[11,74,90],[83,86,89],[4,15,96],[47,58,65],[5,16,93],[38,49,87],[26,51,73],[20,46,82],[28,49,77],
[32,62,87],[14,30,89]];
###############################################################

