#SurfaceInfo: 180 Vertices, 2700 Edges, 1800 Faces, IsOrientable=true
 #Vertices of faces:
vof1:=[[178,179,180],[177,178,179],[176,179,180],[175,178,180],[172,173,174],[170,171,173],[169,170,172],[168,172,173],[167,170,172],[166,170,173],
[163,164,165],[160,161,162],[157,158,159],[154,155,156],[151,152,153],[148,149,150],[147,154,155],[146,154,156],[147,151,152],[145,151,153],
[146,148,149],[145,148,150],[142,143,144],[140,141,143],[139,141,144],[138,139,144],[137,140,141],[136,142,143],[135,140,143],[134,142,144],
[133,139,141],[141,144,170],[143,144,172],[141,143,173],[148,151,154],[130,131,132],[127,128,129],[125,126,129],[124,126,128],[123,127,128],
[122,127,129],[121,124,126],[120,124,128],[119,125,126],[118,125,129],[116,117,146],[115,117,147],[115,116,145],[119,121,126],[120,123,128],
[118,122,129],[112,113,114],[109,110,111],[106,107,108],[103,104,105],[100,101,102],[97,98,99],[95,96,158],[93,94,162],[91,92,165],
[90,96,159],[89,94,161],[88,92,164],[112,113,121],[113,114,120],[109,110,118],[106,107,122],[107,108,123],[110,111,119],[87,103,104],
[86,97,98],[85,103,105],[84,97,99],[83,100,101],[82,100,102],[81,82,87],[80,83,86],[79,84,85],[93,111,119],[90,108,123],
[88,109,118],[91,106,122],[95,114,120],[89,112,121],[81,87,103],[80,83,100],[81,82,100],[79,84,97],[79,85,103],[80,86,97],
[88,133,164],[95,138,158],[91,136,165],[89,134,161],[93,137,162],[90,135,159],[78,80,81],[77,79,80],[76,79,81],[89,91,166],
[88,95,168],[90,93,167],[75,116,117],[74,115,116],[73,115,117],[72,120,123],[71,118,122],[70,119,121],[75,91,92],[73,95,96],
[73,88,92],[74,93,94],[74,90,96],[75,89,94],[69,75,91],[68,74,90],[67,73,95],[66,73,88],[65,75,89],[64,74,93],
[75,92,116],[75,94,117],[73,96,117],[73,92,115],[74,94,115],[74,96,116],[70,89,121],[72,90,123],[72,95,120],[71,91,122],
[70,93,119],[71,88,118],[91,136,166],[89,134,166],[88,133,168],[90,135,167],[93,137,167],[95,138,168],[78,81,103],[77,80,100],
[76,79,97],[76,81,100],[78,80,97],[77,79,103],[62,63,101],[60,61,99],[58,59,104],[57,60,102],[56,62,105],[55,58,98],
[54,64,154],[53,66,148],[52,68,154],[51,69,151],[50,67,148],[49,65,151],[47,48,68],[45,46,69],[44,47,64],[42,43,66],
[41,42,67],[40,45,65],[38,39,47],[37,38,45],[37,39,42],[151,154,160],[148,151,163],[148,154,157],[60,130,131],[62,131,132],
[58,130,132],[47,141,170],[45,144,170],[42,144,172],[42,141,173],[45,143,173],[47,143,172],[66,138,139],[69,134,142],[68,137,140],
[65,136,142],[67,133,139],[64,135,140],[36,89,91],[35,90,93],[34,88,95],[38,101,102],[37,104,105],[39,98,99],[60,93,111],
[60,90,108],[62,89,112],[58,95,114],[62,91,106],[58,88,109],[62,89,153],[60,90,155],[58,95,150],[60,93,156],[62,91,152],
[58,88,149],[60,99,172],[62,101,170],[58,98,172],[58,104,173],[60,102,170],[62,105,173],[60,61,64],[58,59,67],[57,60,68],
[62,63,69],[55,58,66],[56,62,65],[38,45,101],[38,47,102],[37,42,104],[39,42,98],[39,47,99],[37,45,105],[33,69,134],
[32,66,138],[31,68,137],[30,65,136],[29,64,135],[28,67,133],[47,135,170],[45,136,170],[45,134,173],[42,138,173],[47,137,172],
[42,133,172],[60,111,130],[60,108,131],[62,112,132],[58,114,132],[58,109,130],[62,106,131],[47,52,68],[45,51,69],[47,54,64],
[42,53,66],[45,49,65],[42,50,67],[45,46,144],[47,48,141],[44,47,143],[42,43,144],[40,45,143],[41,42,141],[68,154,160],
[69,151,160],[65,151,163],[64,154,157],[66,148,157],[67,148,163],[36,71,91],[34,72,95],[35,70,93],[36,70,89],[34,71,88],
[35,72,90],[27,77,100],[26,78,97],[25,76,97],[24,78,103],[23,76,100],[22,77,103],[131,135,167],[131,136,166],[130,133,168],
[132,138,168],[130,137,167],[132,134,166],[61,94,117],[57,96,117],[63,92,115],[59,96,116],[55,92,116],[56,94,115],[64,93,140],
[66,88,139],[69,91,142],[68,90,140],[65,89,142],[67,95,139],[49,51,62],[52,54,60],[50,53,58],[35,36,116],[34,35,115],
[34,36,117],[102,131,140],[101,131,142],[99,130,140],[98,130,139],[104,132,139],[105,132,142],[21,22,27],[20,24,26],[19,23,25],
[18,66,67],[17,64,68],[16,65,69],[26,48,68],[27,44,64],[22,43,66],[25,41,67],[23,40,65],[24,46,69],[15,128,129],
[14,126,128],[13,126,129],[93,117,147],[90,117,146],[95,116,146],[91,115,145],[88,116,145],[89,115,147],[13,113,120],[14,110,118],
[14,107,122],[15,110,119],[13,107,123],[15,113,121],[66,87,104],[65,83,101],[67,86,98],[69,85,105],[64,82,102],[68,84,99],
[13,27,120],[14,25,122],[15,24,119],[13,22,123],[15,26,121],[14,23,118],[27,90,146],[24,89,147],[26,93,147],[22,95,146],
[25,88,145],[23,91,145],[15,113,128],[15,110,129],[13,107,129],[14,110,126],[13,113,126],[14,107,128],[44,52,60],[46,49,62],
[40,51,62],[48,54,60],[43,50,58],[41,53,58],[37,131,142],[39,132,139],[37,130,139],[39,131,140],[38,132,142],[38,130,140],
[18,67,98],[18,66,104],[16,69,105],[16,65,101],[17,68,99],[17,64,102],[21,27,64],[21,22,66],[20,26,68],[19,25,67],
[19,23,65],[20,24,69],[89,105,142],[93,99,140],[95,104,139],[88,98,139],[91,101,142],[90,102,140],[22,43,103],[24,46,103],
[27,44,100],[26,48,97],[23,40,100],[25,41,97],[36,70,117],[36,71,116],[35,72,116],[34,72,117],[34,71,115],[35,70,115],
[66,87,157],[69,85,160],[65,83,163],[68,84,160],[64,82,157],[67,86,163],[43,105,144],[40,102,143],[44,101,143],[46,104,144],
[41,99,141],[48,98,141],[33,103,134],[32,103,138],[31,97,137],[30,100,136],[29,100,135],[28,97,133],[90,117,155],[95,116,150],
[93,117,156],[89,115,153],[88,116,149],[91,115,152],[61,64,117],[59,67,116],[57,68,117],[63,69,115],[56,65,115],[55,66,116],
[111,130,133],[108,131,136],[112,132,138],[114,132,134],[106,131,135],[109,130,137],[102,136,170],[101,135,170],[99,133,172],[104,134,173],
[98,137,172],[105,138,173],[45,51,101],[47,52,102],[42,50,104],[45,49,105],[47,54,99],[42,53,98],[76,77,107],[77,78,113],
[76,78,110],[135,136,174],[134,138,169],[133,137,171],[57,93,154],[61,90,154],[63,89,151],[56,91,151],[55,95,148],[59,88,148],
[12,66,67],[11,65,69],[10,64,68],[9,136,143],[8,138,144],[7,133,141],[6,137,141],[5,135,143],[4,134,144],[122,127,136],
[118,125,133],[119,125,137],[120,124,138],[121,124,134],[123,127,135],[3,80,81],[2,79,81],[1,79,80],[113,138,158],[110,133,164],
[110,137,162],[107,136,165],[107,135,159],[113,134,161],[38,62,173],[39,60,170],[38,60,172],[37,58,172],[37,62,170],[39,58,173],
[7,60,68],[9,60,64],[8,62,69],[6,58,67],[5,62,65],[4,58,66],[23,63,92],[26,61,94],[24,56,94],[22,59,96],
[27,57,96],[25,55,92],[27,77,87],[26,78,85],[25,76,83],[24,78,84],[22,77,82],[23,76,86],[47,57,135],[45,63,136],
[47,61,137],[45,56,134],[42,55,133],[42,59,138],[32,66,96],[33,69,94],[31,68,94],[28,67,92],[29,64,96],[30,65,92],
[62,136,153],[60,135,156],[60,137,155],[58,133,150],[58,138,149],[62,134,152],[3,27,102],[3,23,101],[1,26,99],[1,25,98],
[2,22,104],[2,24,105],[27,32,96],[23,28,92],[26,33,94],[24,31,94],[25,30,92],[22,29,96],[27,57,135],[23,63,136],
[26,61,137],[25,55,133],[22,59,138],[24,56,134],[7,68,119],[9,64,123],[4,66,120],[8,69,121],[6,67,118],[5,65,122],
[3,27,81],[3,23,80],[1,25,80],[1,26,79],[2,24,79],[2,22,81],[122,136,153],[123,135,156],[119,137,155],[118,133,150],
[121,134,152],[120,138,149],[9,60,143],[8,62,144],[7,60,141],[6,58,141],[5,62,143],[4,58,144],[8,113,138],[7,110,133],
[6,110,137],[4,113,134],[9,107,136],[5,107,135],[12,66,96],[11,69,94],[12,67,92],[11,65,92],[10,64,96],[10,68,94],
[55,71,148],[56,70,151],[59,72,148],[61,70,154],[57,72,154],[63,71,151],[60,137,171],[62,136,174],[60,135,174],[58,133,171],
[62,134,169],[58,138,169],[47,57,93],[45,63,89],[45,56,91],[42,55,95],[42,59,88],[47,61,90],[77,87,113],[76,83,107],
[78,85,113],[78,84,110],[76,86,110],[77,82,107],[38,40,62],[37,43,58],[39,48,60],[37,46,62],[39,41,58],[38,44,60],
[27,52,102],[23,51,101],[26,54,99],[25,53,98],[24,49,105],[22,50,104],[3,102,136],[2,105,138],[1,99,133],[3,101,135],
[1,98,137],[2,104,134],[108,127,136],[109,125,137],[112,124,138],[114,124,134],[106,127,135],[111,125,133],[27,87,157],[26,85,160],
[25,83,163],[24,84,160],[23,86,163],[22,82,157],[38,132,172],[37,131,172],[39,131,173],[39,132,170],[37,130,170],[38,130,173],
[33,89,105],[28,88,98],[30,91,101],[29,90,102],[31,93,99],[32,95,104],[113,128,158],[110,129,164],[107,129,165],[107,128,159],
[113,126,161],[110,126,162],[70,117,155],[71,116,150],[72,117,156],[71,115,153],[70,115,152],[72,116,149],[40,100,135],[43,103,134],
[48,97,133],[46,103,138],[41,97,137],[44,100,136],[20,69,115],[21,66,116],[20,68,117],[19,65,115],[21,64,117],[19,67,116],
[18,104,144],[16,105,144],[18,98,141],[16,101,143],[17,102,143],[17,99,141],[24,119,147],[27,120,146],[26,121,147],[23,118,145],
[25,122,145],[22,123,146],[14,15,81],[13,15,80],[13,14,79],[135,136,176],[133,137,177],[134,138,175],[20,89,151],[19,88,148],
[20,93,154],[19,91,151],[21,95,148],[21,90,154],[52,96,154],[50,96,148],[54,94,154],[49,94,151],[51,92,151],[53,92,148],
[38,39,144],[37,39,143],[37,38,141],[82,87,96],[84,85,94],[83,86,92],[92,118,165],[94,119,161],[92,122,164],[96,120,159],
[94,121,162],[96,123,158],[69,70,75],[68,70,74],[67,71,73],[66,72,73],[64,72,74],[65,71,75],[43,105,113],[40,102,107],
[44,101,107],[48,98,110],[46,104,113],[41,99,110],[8,24,89],[7,26,93],[6,25,88],[5,23,91],[4,22,95],[9,27,90],
[13,27,127],[14,25,125],[15,24,124],[13,22,124],[14,23,127],[15,26,125],[26,70,161],[27,72,158],[23,71,164],[25,71,165],
[24,70,162],[22,72,159],[68,70,162],[66,72,158],[69,70,161],[65,71,165],[67,71,164],[64,72,159],[80,118,165],[79,121,162],
[81,123,158],[79,119,161],[80,122,164],[81,120,159],[50,87,96],[52,82,96],[54,84,94],[53,86,92],[51,83,92],[49,85,94],
[20,85,89],[21,87,95],[19,86,88],[21,82,90],[20,84,93],[19,83,91],[13,80,127],[14,79,125],[15,81,124],[13,79,124],
[15,80,125],[14,81,127],[17,38,141],[16,37,143],[18,39,144],[16,38,144],[18,37,141],[17,39,143],[20,115,154],[21,116,154],
[20,117,151],[21,117,148],[19,116,151],[19,115,148],[27,72,156],[25,71,150],[24,70,152],[22,72,149],[23,71,153],[26,70,155],
[27,128,158],[23,129,164],[25,129,165],[22,128,159],[24,126,162],[26,126,161],[33,105,113],[29,102,107],[32,104,113],[28,98,110],
[31,99,110],[30,101,107],[18,130,173],[17,131,172],[18,132,172],[17,130,170],[16,131,173],[16,132,170],[27,108,127],[25,109,125],
[24,112,124],[22,114,124],[26,111,125],[23,106,127],[3,82,135],[3,83,136],[2,87,138],[1,86,133],[1,84,137],[2,85,134],
[46,85,113],[43,87,113],[41,86,110],[40,83,107],[44,82,107],[48,84,110],[5,45,91],[7,47,93],[6,42,88],[8,45,89],
[9,47,90],[4,42,95],[70,74,151],[70,75,154],[71,73,151],[72,73,154],[71,75,148],[72,74,148],[12,96,154],[11,94,154],
[12,92,151],[11,92,148],[10,94,151],[10,96,148],[8,24,113],[7,26,110],[6,25,110],[9,27,107],[5,23,107],[4,22,113],
[92,122,153],[94,119,155],[92,118,150],[96,120,149],[96,123,156],[94,121,152],[27,135,176],[23,136,176],[26,137,177],[24,134,175],
[22,138,175],[25,133,177],[27,52,157],[26,54,160],[25,53,163],[22,50,157],[24,49,160],[23,51,163],[38,40,135],[37,43,134],
[39,48,133],[37,46,138],[38,44,136],[39,41,137],[58,141,169],[60,143,171],[62,144,174],[60,141,174],[58,144,171],[62,143,169],
[26,33,79],[22,29,81],[27,32,81],[23,28,80],[24,31,79],[25,30,80],[68,119,147],[66,120,146],[69,121,147],[67,118,145],
[64,123,146],[65,122,145],[41,48,130],[43,46,132],[40,44,131],[36,147,154],[34,145,151],[35,147,151],[34,146,154],[35,146,148],
[36,145,148],[52,54,117],[50,53,116],[49,51,115],[34,36,92],[35,36,94],[34,35,96],[5,102,131],[9,101,131],[7,98,130],
[6,99,130],[4,105,132],[8,104,132],[22,27,180],[23,25,179],[24,26,178],[109,111,141],[106,108,143],[112,114,144],[131,141,167],
[132,143,166],[131,144,166],[130,144,168],[132,141,168],[130,143,167],[111,141,167],[114,144,168],[112,144,166],[109,141,168],[108,143,167],
[106,143,166],[8,104,124],[4,105,124],[6,99,125],[5,102,127],[7,98,125],[9,101,127],[34,67,145],[35,68,147],[34,66,146],
[36,69,147],[36,65,145],[35,64,146],[131,141,169],[132,143,171],[132,141,174],[130,143,169],[131,144,171],[130,144,174],[52,117,157],
[54,117,160],[53,116,163],[49,115,160],[51,115,163],[50,116,157],[36,92,153],[34,96,149],[35,96,156],[35,94,155],[36,94,152],
[34,92,150],[22,113,180],[23,107,179],[24,113,178],[26,110,178],[25,110,179],[27,107,180],[35,73,151],[34,74,151],[34,75,154],
[36,73,154],[36,74,148],[35,75,148],[5,45,131],[4,42,132],[8,45,132],[6,42,130],[9,47,131],[7,47,130],[16,46,132],
[18,43,132],[18,41,130],[17,48,130],[17,44,131],[16,40,131],[68,111,162],[66,114,158],[64,108,159],[69,112,161],[67,109,164],
[65,106,165],[17,38,135],[16,37,134],[17,39,137],[18,39,133],[16,38,136],[18,37,138],[33,79,113],[29,81,107],[32,81,113],
[28,80,110],[30,80,107],[31,79,110],[26,126,177],[23,129,176],[27,128,176],[25,129,177],[22,128,175],[24,126,175],[25,109,150],
[24,112,152],[23,106,153],[22,114,149],[26,111,155],[27,108,156],[12,115,154],[11,116,154],[12,117,151],[11,117,148],[10,115,148],
[10,116,151],[46,85,89],[43,87,95],[41,86,88],[40,83,91],[48,84,93],[44,82,90],[52,82,135],[54,84,137],[51,83,136],
[50,87,138],[49,85,134],[53,86,133],[80,127,165],[79,125,162],[81,124,158],[79,124,161],[81,127,159],[80,125,164],[47,155,156],
[42,149,150],[45,152,153],[35,57,157],[36,63,163],[36,56,160],[34,59,157],[35,61,160],[34,55,163],[63,101,122],[61,99,119],
[57,102,123],[59,104,120],[55,98,118],[56,105,121],[80,122,176],[80,118,177],[79,119,177],[81,123,176],[81,120,175],[79,121,175],
[102,123,176],[99,119,177],[101,122,176],[98,118,177],[105,121,175],[104,120,175],[57,123,157],[63,122,163],[55,118,163],[61,119,160],
[56,121,160],[59,120,157],[47,108,156],[47,111,155],[42,114,149],[45,112,152],[45,106,153],[42,109,150],[79,129,177],[80,126,177],
[81,126,175],[81,129,176],[79,128,175],[80,128,176],[36,73,163],[35,73,157],[35,75,160],[34,74,157],[36,74,160],[34,75,163],
[16,51,136],[17,52,135],[18,53,133],[18,50,138],[16,49,134],[17,54,137],[16,46,89],[17,48,93],[18,43,95],[18,41,88],
[16,40,91],[17,44,90],[79,113,180],[80,107,180],[81,107,179],[81,113,178],[79,110,179],[80,110,178],[35,68,156],[34,66,150],
[34,67,149],[36,69,153],[35,64,155],[36,65,152],[12,115,163],[11,116,163],[12,117,157],[11,117,160],[10,116,157],[10,115,160],
[45,131,169],[42,132,171],[42,130,169],[45,132,174],[47,130,174],[47,131,171],[98,125,164],[105,124,161],[101,127,165],[102,127,159],
[99,125,162],[104,124,158],[68,111,167],[66,114,168],[69,112,166],[67,109,168],[65,106,166],[64,108,167],[150,163,164],[149,157,158],
[152,160,161],[156,157,159],[155,160,162],[153,163,165],[28,88,163],[30,91,163],[33,89,160],[32,95,157],[31,93,160],[29,90,157],
[98,150,164],[105,152,161],[102,156,159],[101,153,165],[99,155,162],[104,149,158],[11,89,160],[10,93,160],[12,95,157],[12,88,163],
[10,90,157],[11,91,163],[73,150,163],[73,149,157],[75,152,160],[74,156,157],[75,153,163],[74,155,160],[28,122,163],[30,118,163],
[29,120,157],[33,119,160],[32,123,157],[31,121,160],[102,106,176],[99,109,177],[104,112,175],[101,108,176],[105,114,175],[98,111,177],
[66,150,168],[65,152,166],[68,156,167],[64,155,167],[69,153,166],[67,149,168],[16,51,89],[17,52,93],[18,53,95],[18,50,88],
[17,54,90],[16,49,91],[79,129,180],[80,126,180],[81,126,179],[81,129,178],[80,128,178],[79,128,179],[45,106,174],[45,112,169],
[42,109,171],[42,114,169],[47,111,171],[47,108,174],[76,78,128],[77,78,129],[76,77,126],[32,103,128],[30,100,129],[33,103,126],
[31,97,126],[28,97,129],[29,100,128],[3,82,128],[3,83,129],[2,87,128],[1,86,129],[2,85,126],[1,84,126],[30,86,129],
[31,85,126],[33,84,126],[29,87,128],[28,83,129],[32,82,128],[3,76,128],[1,78,129],[3,77,129],[1,76,126],[2,77,126],
[2,78,128],[100,129,180],[97,129,178],[103,126,180],[97,126,179],[100,128,179],[103,128,178],[28,76,122],[30,76,118],[29,77,120],
[33,78,119],[31,78,121],[32,77,123],[50,73,150],[53,73,149],[51,75,152],[54,74,156],[52,74,155],[49,75,153],[98,150,168],
[105,152,166],[102,156,167],[104,149,168],[101,153,166],[99,155,167],[105,114,169],[102,106,174],[99,109,171],[104,112,169],[98,111,171],
[101,108,174],[11,51,89],[10,52,93],[12,53,95],[12,50,88],[11,49,91],[10,54,90],[11,12,71],[10,12,72],[10,11,70],
[14,15,97],[13,15,103],[13,14,100],[63,71,83],[55,71,86],[56,70,85],[57,72,82],[61,70,84],[59,72,87],[9,100,123],
[7,97,119],[4,103,120],[6,97,118],[8,103,121],[5,100,122],[97,111,162],[97,109,164],[103,114,158],[100,108,159],[100,106,165],
[103,112,161],[83,106,176],[86,109,177],[82,108,176],[85,112,175],[84,111,177],[87,114,175],[15,85,175],[14,83,176],[14,86,177],
[15,84,177],[13,87,175],[13,82,176],[4,103,112],[7,97,109],[6,97,111],[8,103,114],[5,100,108],[9,100,106],[59,87,114],
[61,84,111],[63,83,106],[55,86,109],[56,85,112],[57,82,108],[15,97,162],[14,97,164],[13,103,158],[13,100,159],[15,103,161],
[14,100,165],[97,119,178],[100,123,180],[100,122,179],[97,118,179],[103,121,178],[103,120,180],[11,51,71],[10,54,70],[11,49,70],
[12,50,72],[10,52,72],[12,53,71],[54,140,156],[49,142,153],[50,139,150],[51,142,152],[53,139,149],[52,140,155],[30,71,86],
[31,70,85],[33,70,84],[29,72,87],[32,72,82],[28,71,83],[98,168,171],[105,166,169],[102,167,174],[104,168,169],[99,167,171],
[101,166,174],[3,77,123],[2,78,121],[3,76,122],[1,76,118],[2,77,120],[1,78,119],[37,171,174],[39,169,174],[38,169,171],
[43,168,173],[41,168,172],[44,167,170],[48,167,172],[46,166,173],[40,166,170],[44,52,123],[46,49,121],[40,51,122],[48,54,119],
[43,50,120],[41,53,118],[37,112,142],[39,109,139],[37,114,139],[39,111,140],[38,108,140],[38,106,142],[16,106,170],[18,114,173],
[17,111,172],[18,109,172],[16,112,173],[17,108,170],[21,87,123],[20,85,119],[20,84,121],[19,86,122],[19,83,118],[21,82,120],
[21,52,123],[20,54,119],[20,49,121],[19,51,122],[21,50,120],[19,53,118],[43,59,168],[44,57,167],[48,61,167],[41,55,168],
[46,56,166],[40,63,166],[44,106,170],[46,114,173],[41,111,172],[48,109,172],[40,108,170],[43,112,173],[3,44,123],[2,46,121],
[3,40,122],[1,48,119],[1,41,118],[2,43,120],[37,168,171],[39,167,174],[38,166,169],[39,168,169],[37,166,174],[38,167,171],
[49,112,142],[53,109,139],[50,114,139],[54,111,140],[51,106,142],[52,108,140],[85,119,178],[87,123,180],[86,122,179],[83,118,179],
[82,120,180],[84,121,178],[18,59,114],[17,61,111],[16,63,106],[18,55,109],[17,57,108],[16,56,112],[4,37,112],[7,39,109],
[8,37,114],[6,39,111],[9,38,106],[5,38,108],[33,49,70],[28,53,71],[30,51,71],[31,54,70],[29,52,72],[32,50,72],
[15,84,161],[15,85,162],[14,83,164],[14,86,165],[13,82,158],[13,87,159],[84,147,155],[85,147,152],[83,145,153],[87,146,149],
[86,145,150],[82,146,156],[34,53,59],[35,52,61],[35,54,57],[36,49,63],[34,50,55],[36,51,56],[8,85,124],[4,87,124],
[6,86,125],[5,83,127],[9,82,127],[7,84,125],[7,84,155],[5,83,153],[8,85,152],[4,87,149],[9,82,156],[6,86,150],
[84,147,161],[82,146,158],[85,147,162],[83,145,164],[87,146,159],[86,145,165],[17,57,155],[18,59,150],[17,61,156],[16,63,152],
[16,56,153],[18,55,149],[85,124,178],[87,124,180],[86,125,179],[83,127,179],[84,125,178],[82,127,180],[53,59,168],[54,57,167],
[52,61,167],[51,56,166],[49,63,166],[50,55,168],[21,35,52],[20,35,54],[20,36,49],[19,36,51],[19,34,53],[21,34,50],
[33,49,112],[28,53,109],[30,51,106],[29,52,108],[32,50,114],[31,54,111],[4,37,168],[6,39,168],[7,39,167],[5,38,166],
[9,38,167],[8,37,166],[2,43,112],[1,48,109],[3,44,106],[2,46,114],[3,40,108],[1,41,111],[10,73,75],[11,73,74],
[12,74,75],[11,12,35],[10,11,34],[10,12,36],[40,44,127],[41,48,125],[43,46,124],[49,75,147],[50,73,146],[53,73,145],
[51,75,145],[54,74,147],[52,74,146],[31,78,125],[30,76,127],[29,77,127],[32,77,124],[28,76,125],[33,78,124],[29,44,127],
[30,40,127],[28,41,125],[33,46,124],[31,48,125],[32,43,124],[10,73,146],[12,74,146],[11,73,145],[12,75,145],[10,75,147],
[11,74,147],[49,147,161],[50,146,158],[53,145,164],[54,147,162],[52,146,159],[51,145,165],[10,20,36],[10,21,34],[12,21,35],
[11,20,35],[12,19,36],[11,19,34],[77,127,179],[77,124,178],[78,124,180],[78,125,179],[76,125,178],[76,127,180],[2,33,112],
[1,31,111],[1,28,109],[3,30,106],[2,32,114],[3,29,108],[8,49,166],[4,50,168],[6,53,168],[7,54,167],[9,52,167],
[5,51,166],[9,17,156],[7,17,155],[4,18,149],[6,18,150],[8,16,152],[5,16,153],[15,31,33],[14,28,30],[13,29,32],
[5,9,170],[4,8,173],[6,7,172],[57,61,74],[56,63,75],[55,59,73],[77,158,159],[78,161,162],[76,164,165],[140,172,174],
[142,173,174],[139,171,173],[142,169,170],[140,170,171],[139,169,172],[19,73,75],[20,74,75],[21,73,74],[17,171,174],[18,169,171],
[16,169,174],[15,77,175],[14,77,176],[14,78,177],[13,78,175],[13,76,176],[15,76,177],[44,140,156],[40,142,153],[41,139,150],
[46,142,152],[48,140,155],[43,139,149],[10,57,155],[12,59,150],[10,61,156],[11,63,152],[12,55,149],[11,56,153],[44,140,174],
[40,142,174],[41,139,171],[46,142,169],[43,139,169],[48,140,171],[77,158,175],[77,159,176],[78,162,177],[76,164,177],[76,165,176],
[78,161,175],[21,57,74],[20,61,74],[19,55,73],[21,59,73],[19,63,75],[20,56,75],[7,140,172],[9,140,170],[6,139,172],
[4,139,173],[5,142,170],[8,142,173],[5,16,174],[9,17,174],[7,17,171],[4,18,169],[8,16,169],[6,18,171],[2,15,33],
[1,15,31],[1,14,28],[3,14,30],[3,13,29],[2,13,32],[15,77,179],[14,77,178],[14,78,180],[13,78,179],[15,76,180],
[13,76,178],[10,21,156],[11,19,153],[12,19,150],[11,20,152],[12,21,149],[10,20,155],[10,57,146],[10,61,147],[12,59,146],
[11,63,145],[11,56,147],[12,55,145],[29,44,156],[30,40,153],[28,41,150],[33,46,152],[32,43,149],[31,48,155],[8,49,161],
[4,50,158],[6,53,164],[7,54,162],[5,51,165],[9,52,159],[31,33,147],[29,32,146],[28,30,145],[2,4,8],[1,6,7],
[3,5,9],[57,61,140],[55,59,139],[56,63,142],[43,59,158],[44,57,159],[48,61,162],[41,55,164],[40,63,165],[46,56,161],
[2,8,161],[2,4,158],[1,6,164],[3,9,159],[3,5,165],[1,7,162],[31,61,147],[29,57,146],[28,55,145],[33,56,147],
[30,63,145],[32,59,146],[7,61,140],[9,57,140],[6,55,139],[8,56,142],[5,63,142],[4,59,139],[21,59,158],[19,55,164],
[19,63,165],[20,61,162],[20,56,161],[21,57,159],[44,159,176],[43,158,175],[48,162,177],[41,164,177],[46,161,175],[40,165,176],
[21,29,156],[19,30,153],[19,28,150],[20,33,152],[20,31,155],[21,32,149],[2,13,178],[1,15,179],[1,14,178],[3,14,180],
[3,13,179],[2,15,180],[5,44,174],[9,40,174],[7,41,171],[4,46,169],[6,48,171],[8,43,169],[2,161,178],[2,158,180],
[1,164,179],[3,165,179],[3,159,180],[1,162,178],[7,41,177],[9,40,176],[5,44,176],[6,48,177],[4,46,175],[8,43,175],
[20,31,161],[21,29,158],[19,30,164],[19,28,165],[21,32,159],[20,33,162],[7,31,61],[9,29,57],[5,30,63],[6,28,55],
[4,32,59],[8,33,56],[31,161,178],[29,158,180],[30,164,179],[28,165,179],[33,162,178],[32,159,180],[7,31,177],[9,29,176],
[5,30,176],[6,28,177],[8,33,175],[4,32,175],[31,177,178],[29,176,180],[30,176,179],[28,177,179],[32,175,180],[33,175,178]];
###############################################################

#SurfaceInfo: 450 Vertices, 2700 Edges, 1800 Faces, IsOrientable=true
 #Vertices of faces:
vof2:=[[448,449,450],[447,448,449],[446,448,450],[445,449,450],[442,443,444],[439,440,441],[436,437,438],[435,442,443],[434,436,437],[433,439,440],
[430,431,432],[427,428,429],[424,425,426],[421,422,423],[418,419,420],[415,416,417],[414,421,422],[413,422,423],[412,418,419],[411,419,420],
[410,415,416],[409,416,417],[406,407,408],[403,404,405],[400,401,402],[399,400,401],[398,403,404],[397,406,407],[396,404,405],[395,407,408],
[394,401,402],[393,400,402],[392,406,408],[391,403,405],[388,389,390],[385,386,387],[382,383,384],[379,380,381],[376,377,378],[375,382,383],
[374,382,384],[373,376,377],[375,376,378],[373,379,380],[374,379,381],[370,371,372],[367,368,369],[364,365,366],[373,376,379],[375,376,382],
[374,379,382],[361,362,363],[358,359,360],[355,356,357],[353,354,389],[352,353,390],[352,354,388],[350,351,368],[348,349,365],[346,347,371],
[344,345,364],[342,343,370],[340,341,367],[361,362,384],[361,363,381],[358,359,378],[355,356,377],[355,357,380],[358,360,383],[339,353,389],
[339,352,388],[338,354,389],[337,354,388],[338,352,390],[337,353,390],[335,336,353],[333,334,352],[331,332,354],[358,383,386],[355,380,385],
[358,378,387],[355,377,387],[361,381,385],[361,384,386],[335,339,353],[333,338,352],[336,337,353],[331,337,354],[332,338,354],[334,339,352],
[330,340,367],[330,350,368],[329,346,371],[329,342,370],[328,348,365],[328,344,364],[326,327,339],[324,325,338],[322,323,337],[320,321,329],
[318,319,330],[316,317,328],[315,370,371],[314,364,365],[313,367,368],[376,382,385],[379,382,387],[376,379,386],[347,371,395],[351,368,394],
[341,367,399],[349,365,396],[345,364,398],[343,370,397],[312,347,395],[311,345,398],[310,351,394],[309,341,399],[308,343,397],[307,349,396],
[315,371,395],[315,370,397],[313,368,394],[313,367,399],[314,365,396],[314,364,398],[361,379,386],[355,376,385],[361,382,385],[355,379,387],
[358,376,386],[358,382,387],[320,329,346],[321,329,342],[318,330,340],[316,328,344],[317,328,348],[319,330,350],[326,335,339],[324,333,338],
[322,331,337],[323,336,337],[327,334,339],[325,332,338],[304,305,306],[301,302,303],[298,299,300],[295,296,297],[292,293,294],[289,290,291],
[287,288,332],[286,288,333],[284,285,335],[283,285,334],[281,282,336],[280,282,331],[284,327,393],[283,326,393],[287,324,392],[286,325,392],
[281,322,391],[280,323,391],[278,279,352],[276,277,353],[274,275,354],[285,388,389],[282,388,390],[288,389,390],[374,385,386],[375,386,387],
[373,385,387],[273,393,400],[272,393,402],[271,392,406],[270,391,405],[269,391,403],[268,392,408],[267,399,400],[266,395,408],[265,398,403],
[264,397,406],[263,394,402],[262,396,405],[320,321,379],[316,317,376],[318,319,382],[285,352,353],[282,353,354],[288,352,354],[318,383,386],
[320,380,385],[319,384,386],[321,381,385],[316,377,387],[317,378,387],[319,369,384],[320,372,380],[321,372,381],[318,369,383],[316,366,377],
[317,366,378],[261,301,302],[260,304,305],[259,289,290],[258,298,299],[257,295,296],[256,292,293],[301,303,397],[298,300,398],[295,297,394],
[304,306,399],[289,291,395],[292,294,396],[276,285,353],[278,285,352],[274,282,354],[275,288,354],[279,288,352],[277,282,353],[255,266,408],
[254,267,400],[253,265,403],[252,264,406],[251,262,405],[250,263,402],[273,304,400],[272,295,402],[269,298,403],[270,292,405],[268,289,408],
[271,301,406],[318,374,386],[320,374,385],[319,375,386],[321,373,385],[317,373,387],[316,375,387],[284,285,327],[283,285,326],[287,288,324],
[286,288,325],[280,282,323],[281,282,322],[272,283,393],[273,284,393],[268,287,392],[271,286,392],[269,280,391],[270,281,391],[285,335,388],
[285,334,389],[282,331,390],[288,332,390],[288,333,389],[282,336,388],[321,355,379],[318,361,382],[316,358,376],[320,361,379],[319,358,382],
[317,355,376],[249,324,333],[248,327,334],[247,322,331],[246,326,335],[245,323,336],[244,325,332],[316,344,359],[320,346,363],[318,340,362],
[319,350,360],[317,348,356],[321,342,357],[243,315,397],[242,313,394],[241,313,399],[240,314,398],[239,315,395],[238,314,396],[262,307,396],
[267,309,399],[266,312,395],[265,311,398],[264,308,397],[263,310,394],[235,236,237],[232,233,234],[229,230,231],[227,228,355],[225,226,358],
[223,224,361],[222,299,311],[221,290,312],[220,293,307],[219,305,309],[218,296,310],[217,302,308],[239,243,392],[241,242,393],[238,240,391],
[283,284,339],[280,281,337],[286,287,338],[250,327,393],[252,324,392],[255,325,392],[253,322,391],[251,323,391],[254,326,393],[330,383,384],
[328,377,378],[329,380,381],[216,367,369],[215,371,372],[214,370,372],[213,364,366],[212,365,366],[211,368,369],[215,363,381],[213,359,378],
[212,356,377],[211,360,383],[214,357,380],[216,362,384],[278,339,389],[275,338,390],[276,339,388],[279,338,389],[274,337,390],[277,337,388],
[210,215,363],[209,212,356],[208,211,360],[207,214,357],[206,216,362],[205,213,359],[204,215,371],[203,211,368],[202,216,367],[201,214,370],
[200,212,365],[199,213,364],[216,330,384],[211,330,383],[214,329,380],[213,328,378],[215,329,381],[212,328,377],[198,232,233],[197,235,236],
[196,236,237],[195,233,234],[194,229,230],[193,230,231],[192,221,290],[191,218,296],[190,219,305],[189,222,299],[188,217,302],[187,220,293],
[276,284,339],[278,283,339],[279,286,338],[275,287,338],[277,281,337],[274,280,337],[243,252,392],[239,255,392],[242,250,393],[240,253,391],
[238,251,391],[241,254,393],[264,302,308],[262,293,307],[263,296,310],[267,305,309],[266,290,312],[265,299,311],[244,255,325],[246,254,326],
[249,252,324],[248,250,327],[245,251,323],[247,253,322],[223,320,361],[227,321,355],[228,317,355],[224,318,361],[225,319,358],[226,316,358],
[278,333,389],[279,334,389],[275,331,390],[277,335,388],[274,332,390],[276,336,388],[249,271,286],[247,269,280],[244,268,287],[248,272,283],
[245,270,281],[246,273,284],[255,259,266],[254,260,267],[253,258,265],[252,261,264],[251,256,262],[250,257,263],[215,320,372],[214,321,372],
[216,318,369],[211,319,369],[212,317,366],[213,316,366],[243,301,397],[240,298,398],[242,295,394],[241,304,399],[238,292,396],[239,289,395],
[318,362,374],[320,363,374],[319,360,375],[321,357,373],[316,359,375],[317,356,373],[257,272,295],[260,273,304],[261,271,301],[258,269,298],
[259,268,289],[256,270,292],[276,285,326],[278,285,327],[274,282,322],[277,282,323],[279,288,324],[275,288,325],[184,185,186],[181,182,183],
[178,179,180],[176,177,369],[174,175,366],[172,173,372],[171,304,309],[170,289,312],[169,295,310],[168,298,311],[167,301,308],[166,292,307],
[165,283,284],[164,286,287],[163,280,281],[172,397,407],[176,399,401],[177,394,401],[175,398,404],[174,396,404],[173,395,407],[224,374,384],
[223,374,381],[227,373,380],[226,375,378],[228,373,377],[225,375,383],[165,326,327],[163,322,323],[164,324,325],[176,330,368],[177,330,367],
[175,328,365],[172,329,371],[174,328,364],[173,329,370],[196,256,293],[195,257,296],[198,261,302],[194,259,290],[197,260,305],[193,258,299],
[203,297,394],[201,303,397],[202,306,399],[199,300,398],[200,294,396],[204,291,395],[241,313,402],[243,315,408],[238,314,403],[240,314,405],
[242,313,400],[239,315,406],[182,249,333],[182,248,334],[185,247,331],[179,246,335],[185,244,332],[179,245,336],[162,304,400],[161,295,402],
[160,289,408],[159,298,403],[158,301,406],[157,292,405],[165,254,400],[164,255,408],[163,253,403],[165,250,402],[163,251,405],[164,252,406],
[340,369,384],[350,369,383],[342,372,380],[346,372,381],[344,366,378],[348,366,377],[156,272,327],[155,273,326],[154,271,324],[153,268,325],
[152,269,322],[151,270,323],[165,242,400],[165,241,402],[164,243,408],[163,238,403],[164,239,406],[163,240,405],[162,313,400],[161,313,402],
[160,315,408],[158,315,406],[157,314,405],[159,314,403],[150,203,297],[149,201,303],[148,204,291],[147,202,306],[146,199,300],[145,200,294],
[165,272,327],[165,273,326],[164,268,325],[164,271,324],[163,270,323],[163,269,322],[224,340,384],[225,350,383],[227,342,380],[223,346,381],
[228,348,377],[226,344,378],[172,201,397],[176,202,399],[177,203,394],[175,199,398],[174,200,396],[173,204,395],[176,368,401],[177,367,401],
[175,365,404],[173,370,407],[172,371,407],[174,364,404],[165,254,284],[164,255,287],[165,250,283],[164,252,286],[163,251,281],[163,253,280],
[144,167,308],[143,168,311],[142,166,307],[141,170,312],[140,171,309],[139,169,310],[172,342,372],[176,340,369],[177,350,369],[173,346,372],
[174,348,366],[175,344,366],[162,304,309],[161,295,310],[159,298,311],[158,301,308],[157,292,307],[160,289,312],[181,182,249],[184,185,247],
[182,183,248],[178,179,246],[179,180,245],[185,186,244],[196,237,256],[194,229,259],[195,234,257],[197,235,260],[193,231,258],[198,232,261],
[156,278,327],[155,276,326],[154,279,324],[153,275,325],[151,277,323],[152,274,322],[156,257,272],[151,256,270],[154,261,271],[155,260,273],
[153,259,268],[152,258,269],[224,363,374],[227,356,373],[226,360,375],[228,357,373],[225,359,375],[223,362,374],[182,278,333],[182,279,334],
[185,275,331],[179,277,335],[179,276,336],[185,274,332],[188,198,302],[192,194,290],[189,193,299],[191,195,296],[190,197,305],[187,196,293],
[138,264,302],[137,267,305],[136,266,290],[135,265,299],[134,262,293],[133,263,296],[176,216,330],[177,211,330],[172,214,329],[174,212,328],
[173,215,329],[175,213,328],[215,223,320],[214,227,321],[216,224,318],[211,225,319],[213,226,316],[212,228,317],[245,251,256],[244,255,259],
[248,250,257],[246,254,260],[247,253,258],[249,252,261],[241,254,304],[239,255,289],[242,250,295],[238,251,292],[243,252,301],[240,253,298],
[248,278,283],[249,279,286],[246,276,284],[244,275,287],[247,274,280],[245,277,281],[203,208,211],[204,210,215],[202,206,216],[199,205,213],
[200,209,212],[201,207,214],[130,131,132],[127,128,129],[124,125,126],[176,177,313],[172,173,315],[174,175,314],[133,169,295],[134,166,292],
[137,171,304],[135,168,298],[138,167,301],[136,170,289],[155,284,335],[151,281,336],[153,287,332],[152,280,331],[156,283,334],[154,286,333],
[123,278,279],[122,274,275],[121,276,277],[121,335,336],[122,331,332],[123,333,334],[210,346,347],[207,342,343],[206,340,341],[205,344,345],
[209,348,349],[208,350,351],[148,312,347],[146,311,345],[150,310,351],[147,309,341],[145,307,349],[149,308,343],[138,249,271],[135,247,269],
[136,244,268],[137,246,273],[133,248,272],[134,245,270],[161,203,368],[162,202,367],[157,200,365],[159,199,364],[158,201,370],[160,204,371],
[128,210,363],[125,209,356],[131,208,360],[125,207,357],[131,205,359],[128,206,362],[120,215,347],[119,216,341],[118,211,351],[117,214,343],
[116,213,345],[115,212,349],[116,146,345],[119,147,341],[120,148,347],[117,149,343],[118,150,351],[115,145,349],[114,210,347],[113,209,349],
[112,208,351],[111,207,343],[110,206,341],[109,205,345],[121,151,336],[121,155,335],[122,153,332],[123,154,333],[123,156,334],[122,152,331],
[133,169,195],[138,167,198],[134,166,196],[136,170,194],[137,171,197],[135,168,193],[127,128,210],[124,125,209],[130,131,208],[125,126,207],
[128,129,206],[131,132,205],[121,245,277],[122,244,275],[123,248,278],[123,249,279],[121,246,276],[122,247,274],[137,254,304],[136,255,289],
[133,250,295],[138,252,301],[135,253,298],[134,251,292],[119,216,224],[117,214,227],[116,213,226],[115,212,228],[118,211,225],[120,215,223],
[176,216,341],[177,211,351],[172,214,343],[174,212,349],[175,213,345],[173,215,347],[138,264,271],[135,265,269],[133,263,272],[137,267,273],
[134,262,270],[136,266,268],[108,187,196],[107,192,194],[106,188,198],[105,190,197],[104,189,193],[103,191,195],[128,224,363],[125,227,356],
[131,226,360],[125,228,357],[128,223,362],[131,225,359],[155,178,260],[156,183,257],[151,180,256],[154,181,261],[153,186,259],[152,184,258],
[133,183,248],[138,181,249],[134,180,245],[135,184,247],[136,186,244],[137,178,246],[159,199,311],[162,202,309],[157,200,307],[161,203,310],
[160,204,312],[158,201,308],[143,146,311],[141,148,312],[139,150,310],[140,147,309],[144,149,308],[142,145,307],[155,254,284],[153,255,287],
[156,250,283],[154,252,286],[152,253,280],[151,251,281],[161,368,401],[162,367,401],[157,365,404],[160,371,407],[159,364,404],[158,370,407],
[206,224,340],[207,227,342],[210,223,346],[205,226,344],[208,225,350],[209,228,348],[162,176,313],[161,177,313],[160,173,315],[159,175,314],
[157,174,314],[158,172,315],[156,182,278],[154,182,279],[153,185,275],[152,185,274],[151,179,277],[155,179,276],[237,245,256],[229,244,259],
[234,248,257],[235,246,260],[232,249,261],[231,247,258],[175,199,344],[172,201,342],[176,202,340],[177,203,350],[173,204,346],[174,200,348],
[164,243,271],[163,240,269],[165,242,272],[165,241,273],[163,238,270],[164,239,268],[150,203,208],[148,204,210],[147,202,206],[146,199,205],
[149,201,207],[145,200,209],[102,105,108],[101,103,106],[100,104,107],[147,414,421],[146,411,420],[150,412,418],[148,413,423],[149,410,415],
[145,409,417],[182,232,234],[185,229,231],[179,235,237],[99,223,224],[98,227,228],[97,225,226],[109,222,311],[114,221,312],[110,219,309],
[113,220,307],[111,217,308],[112,218,310],[239,243,407],[238,240,404],[241,242,401],[97,359,360],[98,356,357],[99,362,363],[116,344,359],
[117,342,357],[120,346,363],[119,340,362],[118,350,360],[115,348,356],[97,116,359],[99,119,362],[99,120,363],[97,118,360],[98,115,356],
[98,117,357],[112,218,412],[111,217,410],[113,220,409],[109,222,411],[110,219,414],[114,221,413],[146,205,420],[150,208,418],[148,210,423],
[147,206,421],[145,209,417],[149,207,415],[116,199,344],[117,201,342],[118,203,350],[115,200,348],[120,204,346],[119,202,340],[156,182,234],
[154,182,232],[153,185,229],[151,179,237],[155,179,235],[152,185,231],[99,206,224],[97,205,226],[97,208,225],[98,207,227],[98,209,228],
[99,210,223],[158,243,407],[159,240,404],[161,242,401],[162,241,401],[157,238,404],[160,239,407],[139,150,412],[143,146,411],[141,148,413],
[140,147,414],[142,145,409],[144,149,410],[109,199,311],[111,201,308],[112,203,310],[113,200,307],[114,204,312],[110,202,309],[101,103,195],
[101,106,198],[102,108,196],[102,105,197],[100,107,194],[100,104,193],[116,132,146],[119,129,147],[115,124,145],[120,127,148],[118,130,150],
[117,126,149],[121,237,245],[122,229,244],[122,231,247],[123,234,248],[123,232,249],[121,235,246],[243,264,271],[240,265,269],[242,263,272],
[241,267,273],[239,266,268],[238,262,270],[160,173,347],[161,177,351],[162,176,341],[158,172,343],[157,174,349],[159,175,345],[117,125,227],
[116,131,226],[118,131,225],[115,125,228],[120,128,223],[119,128,224],[137,155,254],[136,153,255],[133,156,250],[138,154,252],[134,151,251],
[135,152,253],[133,183,195],[138,181,198],[134,180,196],[135,184,193],[137,178,197],[136,186,194],[121,155,178],[122,153,186],[123,156,183],
[121,151,180],[122,152,184],[123,154,181],[114,127,210],[113,124,209],[112,130,208],[111,126,207],[109,132,205],[110,129,206],[128,421,423],
[125,415,417],[131,418,420],[95,96,139],[93,94,140],[91,92,142],[89,90,143],[87,88,144],[85,86,141],[140,305,306],[144,302,303],
[139,296,297],[143,299,300],[141,290,291],[142,293,294],[110,306,341],[114,291,347],[111,303,343],[112,297,351],[109,300,345],[113,294,349],
[112,139,297],[111,144,303],[110,140,306],[114,141,291],[113,142,294],[109,143,300],[95,139,296],[93,140,305],[85,141,290],[87,144,302],
[91,142,293],[89,143,299],[119,128,421],[120,128,423],[115,125,417],[116,131,420],[118,131,418],[117,125,415],[158,303,343],[160,291,347],
[159,300,345],[161,297,351],[157,294,349],[162,306,341],[94,140,414],[96,139,412],[88,144,410],[90,143,411],[92,142,409],[86,141,413],
[123,183,232],[121,178,237],[123,181,234],[121,180,235],[122,184,229],[122,186,231],[101,183,195],[102,178,197],[101,181,198],[102,180,196],
[100,184,193],[100,186,194],[158,243,264],[160,239,266],[159,240,265],[161,242,263],[157,238,262],[162,241,267],[97,208,418],[99,210,423],
[97,205,420],[99,206,421],[98,207,415],[98,209,417],[137,155,235],[136,153,229],[133,156,234],[138,154,232],[135,152,231],[134,151,237],
[109,116,199],[111,117,201],[113,115,200],[112,118,203],[110,119,202],[114,120,204],[110,129,414],[111,126,410],[114,127,413],[109,132,411],
[113,124,409],[112,130,412],[97,116,132],[99,119,129],[99,120,127],[97,118,130],[98,117,126],[98,115,124],[414,430,431],[412,424,425],
[410,427,428],[411,424,426],[409,427,429],[413,430,432],[84,137,305],[83,136,290],[82,138,302],[81,133,296],[80,134,293],[79,135,299],
[129,414,430],[126,410,427],[132,411,424],[127,413,430],[124,409,427],[130,412,424],[82,138,232],[80,134,237],[81,133,234],[84,137,235],
[79,135,231],[83,136,229],[94,414,431],[96,412,425],[88,410,428],[90,411,426],[86,413,432],[92,409,429],[84,93,305],[83,85,290],
[79,89,299],[82,87,302],[81,95,296],[80,91,293],[78,112,139],[77,111,144],[76,109,143],[75,110,140],[74,113,142],[73,114,141],
[99,129,423],[98,126,417],[97,132,418],[98,124,415],[99,127,421],[97,130,420],[101,183,232],[102,178,237],[101,181,234],[102,180,235],
[100,186,231],[100,184,229],[158,264,303],[160,266,291],[159,265,300],[161,263,297],[162,267,306],[157,262,294],[112,118,418],[109,116,420],
[111,117,415],[113,115,417],[114,120,423],[110,119,421],[178,180,236],[181,183,233],[184,186,230],[171,260,267],[167,261,264],[170,259,266],
[168,258,265],[169,257,263],[166,256,262],[84,178,260],[81,183,257],[80,180,256],[82,181,261],[79,184,258],[83,186,259],[82,167,261],
[79,168,258],[83,170,259],[80,166,256],[81,169,257],[84,171,260],[84,178,236],[82,181,233],[81,183,233],[83,186,230],[79,184,230],
[80,180,236],[167,264,303],[169,263,297],[170,266,291],[168,265,300],[166,262,294],[171,267,306],[84,93,105],[83,85,107],[79,89,104],
[82,87,106],[80,91,108],[81,95,103],[72,94,431],[71,96,425],[70,88,428],[69,90,426],[68,92,429],[67,86,432],[129,423,430],
[126,417,427],[132,418,424],[130,420,424],[127,421,430],[124,415,427],[74,113,417],[78,112,418],[77,111,415],[76,109,420],[73,114,423],
[75,110,421],[82,101,232],[80,102,237],[81,101,234],[84,102,235],[83,100,229],[79,100,231],[65,66,101],[63,64,102],[61,62,100],
[130,132,419],[127,129,422],[124,126,416],[139,169,191],[144,167,188],[143,168,189],[140,171,190],[141,170,192],[142,166,187],[149,217,303],
[150,218,297],[148,221,291],[146,222,300],[147,219,306],[145,220,294],[76,132,146],[78,130,150],[75,129,147],[74,124,145],[77,126,149],
[73,127,148],[60,78,139],[59,77,144],[58,75,140],[57,76,143],[56,73,141],[55,74,142],[57,76,426],[60,78,425],[59,77,428],
[56,73,432],[55,74,429],[58,75,431],[73,148,221],[78,150,218],[76,146,222],[75,147,219],[74,145,220],[77,149,217],[55,142,187],
[56,141,192],[60,139,191],[59,144,188],[57,143,189],[58,140,190],[76,132,419],[78,130,419],[75,129,422],[74,124,416],[73,127,422],
[77,126,416],[169,218,297],[167,217,303],[166,220,294],[168,222,300],[171,219,306],[170,221,291],[65,82,101],[61,79,100],[62,83,100],
[63,84,102],[64,80,102],[66,81,101],[54,69,90],[53,67,86],[52,72,94],[51,70,88],[50,71,96],[49,68,92],[82,167,188],
[79,168,189],[83,170,192],[80,166,187],[84,171,190],[81,169,191],[73,423,430],[74,417,427],[78,418,424],[76,420,424],[77,415,427],
[75,421,430],[81,103,233],[80,108,236],[84,105,236],[83,107,230],[79,104,230],[82,106,233],[47,48,430],[45,46,424],[43,44,427],
[42,435,442],[41,435,443],[40,434,436],[39,434,437],[38,433,439],[37,433,440],[65,198,233],[63,197,236],[64,196,236],[66,195,233],
[62,194,230],[61,193,230],[86,192,221],[96,191,218],[94,190,219],[90,189,222],[92,187,220],[88,188,217],[40,103,191],[38,108,187],
[41,107,192],[39,106,188],[42,104,189],[37,105,190],[87,167,198],[95,169,195],[93,171,197],[91,166,196],[89,168,193],[85,170,194],
[65,87,198],[66,95,195],[63,93,197],[64,91,196],[62,85,194],[61,89,193],[36,42,442],[35,40,436],[34,39,437],[33,41,443],
[32,38,439],[31,37,440],[40,103,434],[38,108,433],[41,107,435],[39,106,434],[37,105,433],[42,104,435],[65,103,233],[63,108,236],
[64,105,236],[66,106,233],[61,107,230],[62,104,230],[47,73,430],[45,78,424],[43,74,427],[46,76,424],[48,75,430],[44,77,427],
[53,86,192],[50,96,191],[52,94,190],[54,90,189],[51,88,188],[49,92,187],[95,169,218],[87,167,217],[91,166,220],[89,168,222],
[85,170,221],[93,171,219],[38,55,187],[41,56,192],[40,60,191],[39,59,188],[37,58,190],[42,57,189],[73,86,221],[78,96,218],
[75,94,219],[76,90,222],[77,88,217],[74,92,220],[62,83,192],[66,81,191],[65,82,188],[61,79,189],[64,80,187],[63,84,190],
[73,422,432],[76,419,426],[78,419,425],[77,416,428],[75,422,431],[74,416,429],[48,414,422],[45,412,419],[46,411,419],[44,410,416],
[43,409,416],[47,413,422],[42,89,90],[39,87,88],[40,95,96],[37,93,94],[41,85,86],[38,91,92],[60,218,412],[59,217,410],
[55,220,409],[57,222,411],[56,221,413],[58,219,414],[48,58,414],[46,57,411],[45,60,412],[44,59,410],[47,56,413],[43,55,409],
[48,422,432],[47,422,431],[45,419,426],[46,419,425],[44,416,429],[43,416,428],[37,58,72],[38,55,68],[41,56,67],[40,60,71],
[42,57,69],[39,59,70],[60,95,218],[59,87,217],[55,91,220],[57,89,222],[58,93,219],[56,85,221],[36,42,90],[35,40,96],
[34,39,88],[32,38,92],[31,37,94],[33,41,86],[39,65,87],[40,66,95],[37,63,93],[38,64,91],[42,61,89],[41,62,85],
[53,62,192],[50,66,191],[51,65,188],[49,64,187],[52,63,190],[54,61,189],[47,73,86],[46,76,90],[45,78,96],[43,74,92],
[44,77,88],[48,75,94],[62,104,435],[66,106,434],[65,103,434],[63,108,433],[64,105,433],[61,107,435],[28,29,30],[25,26,27],
[22,23,24],[21,65,66],[20,61,62],[19,63,64],[20,104,107],[19,105,108],[21,103,106],[29,67,432],[29,72,431],[26,71,425],
[23,70,428],[26,69,426],[23,68,429],[49,91,108],[53,85,107],[54,89,104],[50,95,103],[52,93,105],[51,87,106],[20,54,104],
[20,53,107],[19,52,105],[21,51,106],[19,49,108],[21,50,103],[28,29,72],[22,23,68],[25,26,71],[23,24,70],[29,30,67],
[26,27,69],[29,48,432],[29,47,431],[26,46,425],[26,45,426],[23,44,429],[23,43,428],[19,37,63],[20,41,62],[21,39,65],
[21,40,66],[19,38,64],[20,42,61],[54,57,89],[50,60,95],[51,59,87],[49,55,91],[52,58,93],[53,56,85],[53,62,435],
[54,61,435],[50,66,434],[51,65,434],[52,63,433],[49,64,433],[31,48,94],[33,47,86],[36,46,90],[35,45,96],[34,44,88],
[32,43,92],[47,56,67],[48,58,72],[44,59,70],[43,55,68],[45,60,71],[46,57,69],[17,18,435],[15,16,434],[13,14,433],
[10,11,12],[7,8,9],[4,5,6],[5,11,445],[8,11,447],[5,8,446],[3,425,426],[2,428,429],[1,431,432],[4,442,444],
[9,443,444],[7,440,441],[12,437,438],[10,439,441],[6,436,438],[8,28,30],[11,22,24],[5,25,27],[1,47,48],[2,43,44],
[3,45,46],[36,57,426],[35,60,425],[34,59,428],[32,55,429],[31,58,431],[33,56,432],[54,69,442],[53,67,443],[52,72,440],
[51,70,437],[49,68,439],[50,71,436],[14,37,72],[13,38,68],[17,41,67],[15,40,71],[16,39,70],[18,42,69],[4,69,442],
[9,67,443],[7,72,440],[12,70,437],[6,71,436],[10,68,439],[3,36,426],[3,35,425],[2,34,428],[1,33,432],[1,31,431],
[2,32,429],[5,25,445],[11,24,445],[8,30,446],[5,27,446],[8,28,447],[11,22,447],[4,5,444],[10,11,441],[5,6,438],
[7,8,441],[11,12,438],[8,9,444],[3,46,69],[1,47,67],[1,48,72],[2,44,70],[3,45,71],[2,43,68],[17,53,435],
[18,54,435],[15,50,434],[16,51,434],[13,49,433],[14,52,433],[36,54,57],[35,50,60],[34,51,59],[32,49,55],[33,53,56],
[31,52,58],[17,20,41],[18,20,42],[13,19,38],[15,21,40],[16,21,39],[14,19,37],[14,28,72],[17,30,67],[13,22,68],
[15,25,71],[18,27,69],[16,24,70],[20,54,442],[20,53,443],[19,52,440],[21,51,437],[21,50,436],[19,49,439],[29,31,48],
[29,33,47],[26,36,46],[26,35,45],[23,32,43],[23,34,44],[17,18,444],[13,14,441],[15,16,438],[7,9,29],[4,6,26],
[10,12,23],[5,11,448],[5,8,449],[8,11,450],[27,36,442],[25,35,436],[24,34,437],[30,33,443],[28,31,440],[22,32,439],
[7,29,31],[9,29,33],[4,26,36],[12,23,34],[10,23,32],[6,26,35],[17,30,444],[14,28,441],[16,24,438],[18,27,444],
[15,25,438],[13,22,441],[5,444,448],[11,441,448],[5,438,449],[8,444,450],[11,438,450],[8,441,449],[27,442,446],[30,443,446],
[28,440,447],[24,437,445],[22,439,447],[25,436,445],[3,25,35],[3,27,36],[2,24,34],[1,30,33],[2,22,32],[1,28,31],
[17,20,442],[18,20,443],[13,19,440],[15,21,437],[14,19,439],[16,21,436],[14,31,52],[18,36,54],[15,35,50],[16,34,51],
[13,32,49],[17,33,53],[3,4,69],[1,9,67],[1,7,72],[2,12,70],[2,10,68],[3,6,71],[7,14,31],[9,17,33],
[4,18,36],[10,13,32],[12,16,34],[6,15,35],[1,7,30],[1,9,28],[3,4,25],[2,10,24],[2,12,22],[3,6,27],
[14,439,447],[17,442,446],[18,443,446],[13,440,447],[16,436,445],[15,437,445],[30,444,448],[28,441,448],[25,438,450],[24,438,449],
[22,441,449],[27,444,450],[7,14,447],[9,17,446],[4,18,446],[10,13,447],[6,15,445],[12,16,445],[7,30,448],[9,28,448],
[4,25,450],[10,24,449],[6,27,450],[12,22,449],[7,447,448],[9,446,448],[4,446,450],[10,447,449],[12,445,449],[6,445,450]];
###############################################################

