#SurfaceInfo: 441 Vertices, 9261 Edges, 6174 Faces, IsOrientable=true
Vertices of faces:
 vof1:=[[439,440,441],[438,439,440],[437,439,441],[436,440,441],[433,434,435],[430,431,432],[427,428,429],[424,425,42\
6],[421,422,423],[418,419,420],
[415,416,417],[413,414,419],[410,411,412],[408,409,411],[406,407,416],[413,418,419],[406,415,416],[408,410,411],[404,\
405,432],[402,403,429],
[401,403,435],[399,400,432],[398,405,435],[397,400,429],[394,395,396],[391,392,393],[388,389,390],[385,386,387],[382,\
383,384],[379,380,381],
[395,421,422],[380,424,425],[389,421,423],[383,422,423],[392,425,426],[386,424,426],[376,377,378],[373,374,375],[370,\
371,372],[369,397,400],
[368,398,405],[367,404,405],[366,402,403],[365,399,400],[364,401,403],[364,376,377],[365,377,378],[369,370,371],[368,\
371,372],[367,373,374],
[366,374,375],[394,395,421],[391,392,425],[379,380,424],[388,389,423],[385,386,426],[382,383,422],[361,362,363],[358,\
359,360],[355,356,357],
[411,416,419],[353,354,356],[351,352,357],[349,350,355],[347,348,441],[345,346,440],[343,344,439],[340,341,342],[337,\
338,339],[334,335,336],
[331,332,333],[328,329,330],[327,331,332],[326,328,329],[325,329,330],[324,328,330],[323,332,333],[322,331,333],[319,\
320,321],[316,317,318],
[313,314,315],[310,311,312],[307,308,309],[305,306,311],[303,304,308],[300,301,302],[298,299,301],[297,313,314],[296,\
319,320],[295,316,317],
[294,319,321],[293,316,318],[292,313,315],[291,327,331],[290,323,332],[289,325,329],[288,324,330],[287,322,333],[286,\
326,328],[283,284,285],
[280,281,282],[283,284,295],[284,285,296],[280,281,293],[281,282,292],[283,285,297],[280,282,294],[279,305,311],[278,\
298,301],[278,303,308],
[277,300,301],[277,310,311],[279,307,308],[276,291,331],[275,289,329],[274,288,330],[273,286,328],[272,287,333],[271,\
290,332],[297,313,403],
[296,319,400],[295,316,405],[294,319,403],[292,313,405],[293,316,400],[278,285,316],[277,284,313],[278,280,313],[279,\
282,316],[277,281,319],
[279,283,319],[269,270,301],[267,268,311],[265,266,308],[263,264,311],[261,262,301],[259,260,301],[258,261,311],[257,\
259,308],[256,263,308],
[340,341,405],[337,338,400],[334,335,403],[254,255,376],[252,253,378],[251,252,373],[249,250,375],[248,249,370],[247,\
254,372],[245,246,377],
[243,244,377],[242,244,374],[240,241,371],[239,246,371],[238,241,374],[235,236,237],[232,233,234],[229,230,231],[227,\
228,236],[225,226,233],
[223,224,230],[222,259,308],[221,261,301],[220,263,308],[219,261,311],[218,259,301],[217,263,311],[254,334,403],[252,\
340,405],[249,335,403],
[254,341,405],[252,337,400],[249,338,400],[262,269,301],[260,270,301],[264,267,311],[256,265,308],[257,266,308],[258,\
268,311],[278,301,316],
[277,311,313],[278,308,313],[279,311,316],[279,308,319],[277,301,319],[285,316,405],[284,313,403],[283,319,400],[282,\
316,400],[281,319,403],
[280,313,405],[216,276,291],[215,275,289],[214,274,288],[213,272,287],[212,273,286],[211,271,290],[285,297,338],[283,\
295,334],[280,293,335],
[284,296,340],[282,294,341],[281,292,337],[210,318,334],[209,314,337],[208,321,340],[207,317,335],[206,320,341],[205,\
315,338],[205,220,396],
[208,218,384],[207,221,387],[206,222,381],[209,217,393],[210,219,390],[349,350,432],[353,354,435],[351,352,429],[204,\
345,346],[203,347,348],
[202,343,344],[278,285,396],[277,284,384],[278,280,387],[279,282,381],[279,283,390],[277,281,393],[201,309,381],[200,\
302,384],[199,312,393],
[198,304,396],[197,306,390],[196,299,387],[267,390,428],[266,396,431],[269,384,434],[268,393,427],[265,381,430],[270,\
387,433],[195,217,425],
[194,218,422],[193,222,424],[192,220,421],[191,221,426],[190,219,423],[188,189,273],[186,187,275],[184,185,274],[183,\
185,272],[182,187,276],
[181,189,271],[179,180,274],[177,178,276],[176,177,275],[174,175,273],[173,179,272],[172,174,271],[169,170,171],[167,\
168,170],[164,165,166],
[161,162,163],[159,160,165],[157,158,162],[241,247,346],[246,248,345],[241,251,347],[246,253,343],[244,255,344],[244,\
250,348],[155,156,297],
[153,154,296],[151,152,295],[149,150,292],[147,148,293],[145,146,294],[143,144,409],[141,142,407],[139,140,414],[137,\
138,420],[135,136,417],
[133,134,412],[132,205,390],[131,209,381],[130,206,387],[129,210,384],[128,208,396],[127,207,393],[125,126,273],[123,\
124,272],[121,122,275],
[119,120,276],[117,118,274],[115,116,271],[114,343,420],[113,348,412],[112,344,407],[111,347,414],[110,346,417],[109,\
345,409],[108,330,402],
[107,329,399],[106,332,404],[105,333,401],[104,328,398],[103,331,397],[104,277,393],[103,277,384],[106,279,390],[105,\
278,396],[108,279,381],
[107,278,387],[102,209,314],[101,208,321],[100,210,318],[99,207,317],[98,205,315],[97,206,320],[208,260,384],[209,264\
,393],[205,256,396],
[210,258,390],[207,262,387],[206,257,381],[220,285,396],[218,284,384],[221,280,387],[222,282,381],[217,281,393],[219,\
283,390],[349,379,432],
[353,382,435],[351,391,429],[352,388,429],[350,394,432],[354,385,435],[204,234,345],[204,237,346],[203,231,347],[202,\
224,343],[203,226,348],
[202,228,344],[96,252,373],[95,254,372],[94,249,375],[93,254,376],[92,249,370],[91,252,378],[90,240,371],[89,243,377]\
,[89,242,374],
[90,238,374],[88,239,371],[88,245,377],[235,236,304],[229,230,299],[227,236,312],[225,233,302],[223,230,306],[232,233\
,309],[284,321,340],
[285,315,338],[280,317,335],[283,318,334],[281,314,337],[282,320,341],[87,215,275],[86,216,276],[85,213,272],[84,212,\
273],[83,214,274],
[82,211,271],[256,265,283],[258,268,284],[257,266,280],[262,269,281],[260,270,285],[264,267,282],[254,284,403],[252,2\
85,405],[254,280,405],
[249,281,403],[249,283,400],[252,282,400],[221,301,316],[220,308,313],[219,311,316],[218,301,319],[217,311,313],[222,\
308,319],[129,130,254],
[128,131,252],[127,132,249],[81,135,283],[80,133,285],[79,139,281],[78,137,284],[77,143,280],[76,141,282],[172,229,29\
7],[178,232,295],
[180,225,292],[175,235,293],[176,223,294],[173,227,296],[241,389,392],[246,383,386],[244,380,395],[216,401,407],[215,\
398,417],[212,402,412],
[213,404,414],[211,397,409],[214,399,420],[74,75,174],[72,73,177],[70,71,179],[187,328,432],[185,332,435],[185,329,42\
9],[189,331,432],
[187,333,429],[189,330,435],[69,156,214],[68,148,216],[67,152,212],[66,150,211],[65,154,215],[64,146,213],[96,226,434\
],[92,237,431],
[91,228,427],[95,234,430],[93,224,428],[94,231,433],[63,194,368],[62,193,367],[61,191,364],[60,192,365],[59,195,369],\
[58,190,366],
[128,152,328],[130,150,332],[132,154,329],[129,156,330],[127,146,333],[131,148,331],[59,211,234],[62,213,231],[61,216\
,228],[63,215,237],
[60,214,224],[58,212,226],[340,347,434],[337,343,427],[335,348,433],[334,344,428],[338,345,431],[341,346,430],[172,21\
2,413],[175,211,415],
[178,215,408],[180,213,410],[176,216,418],[173,214,406],[152,174,195],[156,179,193],[150,174,190],[148,177,194],[154,\
177,191],[146,179,192],
[162,411,419],[165,416,419],[170,411,416],[120,361,362],[126,358,359],[118,359,360],[116,361,363],[122,358,360],[124,\
362,363],[57,355,356],
[56,356,357],[55,355,357],[124,364,401],[122,365,399],[118,366,402],[116,367,404],[120,369,397],[126,368,398],[174,39\
4,421],[174,385,426],
[177,388,423],[179,391,425],[179,382,422],[177,379,424],[69,364,376],[68,365,378],[64,366,375],[67,367,373],[65,369,3\
70],[66,368,372],
[208,276,340],[209,273,337],[206,274,341],[207,275,335],[210,271,334],[205,272,338],[208,218,413],[205,220,408],[207,\
221,410],[206,222,415],
[210,219,406],[209,217,418],[174,225,226],[179,223,224],[177,235,237],[177,227,228],[174,232,234],[179,229,231],[116,\
252,340],[118,249,335],
[126,254,341],[124,254,334],[120,249,338],[122,252,337],[65,304,410],[64,299,408],[68,312,413],[69,306,415],[66,309,4\
06],[67,302,418],
[58,269,418],[62,270,408],[59,265,406],[63,266,410],[60,267,415],[61,268,413],[54,133,224],[53,137,237],[52,143,228],\
[51,139,234],
[50,135,226],[49,141,231],[132,304,410],[127,299,408],[128,302,418],[129,306,415],[131,312,413],[130,309,406],[69,222\
,415],[68,218,413],
[64,220,408],[65,221,410],[67,217,418],[66,219,406],[105,208,276],[108,209,273],[107,206,274],[104,207,275],[106,205,\
272],[103,210,271],
[78,137,208],[79,139,209],[80,133,205],[81,135,210],[77,143,207],[76,141,206],[131,252,352],[128,252,354],[127,249,35\
3],[129,254,351],
[132,249,349],[130,254,350],[48,172,297],[47,175,293],[46,178,295],[45,180,292],[44,173,296],[43,176,294],[327,404,41\
4],[323,401,407],
[325,402,412],[326,399,420],[322,397,409],[324,398,417],[191,300,364],[195,305,369],[190,310,366],[194,298,368],[193,\
303,367],[192,307,365],
[173,214,417],[172,212,420],[176,216,414],[175,211,407],[178,215,412],[180,213,409],[174,190,225],[177,194,235],[177,\
191,227],[179,193,229],
[174,195,232],[179,192,223],[172,208,413],[175,206,415],[178,205,408],[180,207,410],[176,209,418],[173,210,406],[276,\
340,434],[273,337,427],
[272,338,431],[274,341,430],[271,334,428],[275,335,433],[124,234,362],[120,231,361],[122,226,360],[126,224,358],[116,\
228,363],[118,237,359],
[57,198,355],[57,196,356],[56,199,357],[55,197,357],[55,201,355],[56,200,356],[116,340,361],[122,337,358],[118,335,36\
0],[126,341,359],
[124,334,363],[120,338,362],[128,328,432],[130,332,435],[132,329,429],[129,330,435],[131,331,432],[127,333,429],[132,\
154,215],[131,148,216],
[129,156,214],[130,150,211],[127,146,213],[128,152,212],[96,212,226],[93,214,224],[95,211,234],[94,213,231],[91,216,2\
28],[92,215,237],
[59,195,211],[62,193,213],[61,191,216],[63,194,215],[58,190,212],[60,192,214],[96,347,434],[95,346,430],[92,345,431],\
[91,343,427],
[94,348,433],[93,344,428],[69,156,376],[68,148,378],[64,146,375],[66,150,372],[67,152,373],[65,154,370],[70,179,422],\
[74,174,421],
[72,177,423],[75,174,426],[71,179,425],[73,177,424],[152,174,394],[148,177,379],[156,179,382],[150,174,385],[154,177,\
388],[146,179,391],
[124,216,401],[116,213,404],[122,214,399],[120,211,397],[126,215,398],[118,212,402],[69,124,364],[68,122,365],[64,118\
,366],[67,116,367],
[66,126,368],[65,120,369],[119,120,327],[125,126,326],[117,118,324],[115,116,323],[123,124,322],[121,122,325],[114,17\
9,420],[111,179,414],
[113,174,412],[112,177,407],[109,174,409],[110,177,417],[107,391,399],[108,385,402],[103,394,397],[106,382,404],[104,\
379,398],[105,388,401],
[42,139,414],[41,143,409],[40,137,420],[39,135,417],[38,141,407],[37,133,412],[68,128,396],[66,129,384],[65,127,393],\
[64,132,390],
[67,131,381],[69,130,387],[241,346,392],[246,345,383],[241,347,389],[246,343,386],[244,348,380],[244,344,395],[151,23\
2,295],[149,225,292],
[155,229,297],[153,227,296],[145,223,294],[147,235,293],[169,170,411],[159,165,416],[167,170,416],[157,162,411],[161,\
162,419],[164,165,419],
[192,218,319],[195,221,316],[190,220,313],[194,219,316],[191,222,319],[193,217,313],[78,268,284],[76,267,282],[81,265\
,283],[79,269,281],
[80,270,285],[77,266,280],[86,276,378],[87,275,370],[85,272,375],[84,273,373],[82,271,372],[83,274,376],[89,206,243],\
[88,208,245],
[89,205,242],[90,209,238],[90,210,240],[88,207,239],[96,116,252],[94,118,249],[95,126,254],[91,122,252],[92,120,249],\
[93,124,254],
[65,236,304],[64,230,299],[68,236,312],[67,233,302],[69,230,306],[66,233,309],[174,203,226],[177,204,237],[177,202,22\
8],[174,204,234],
[179,203,231],[179,202,224],[189,394,432],[187,379,432],[185,382,435],[185,391,429],[189,385,435],[187,388,429],[98,1\
26,205],[97,120,206],
[99,116,207],[102,124,209],[101,118,208],[100,122,210],[179,183,272],[174,188,273],[177,186,275],[179,184,274],[174,1\
81,271],[177,182,276],
[254,284,321],[252,285,315],[254,280,317],[252,282,320],[249,283,318],[249,281,314],[218,284,422],[220,285,421],[221,\
280,426],[219,283,423],
[222,282,424],[217,281,425],[258,390,428],[256,396,431],[264,393,427],[262,387,433],[257,381,430],[260,384,434],[107,\
299,387],[103,302,384],
[104,312,393],[106,306,390],[105,304,396],[108,309,381],[144,194,205],[138,191,209],[142,192,210],[136,195,206],[134,\
193,207],[140,190,208],
[78,103,121],[76,108,123],[81,106,125],[79,104,115],[80,105,117],[77,107,119],[53,184,428],[50,186,431],[51,183,433],\
[54,188,434],
[49,182,427],[52,181,430],[168,248,423],[166,255,422],[160,253,424],[158,251,421],[163,250,425],[171,247,426],[336,40\
2,429],[342,404,432],
[342,398,435],[339,399,432],[339,397,429],[336,401,435],[108,358,420],[104,360,412],[103,363,407],[105,361,414],[106,\
362,409],[107,359,417],
[111,121,200],[110,123,201],[113,119,196],[112,125,197],[109,117,198],[114,115,199],[48,193,343],[44,191,346],[46,195\
,348],[43,192,347],
[47,194,344],[45,190,345],[54,71,372],[52,72,373],[49,70,370],[50,75,378],[51,74,376],[53,73,375],[64,282,326],[67,28\
3,322],
[68,280,324],[65,284,323],[69,285,327],[66,281,325],[165,376,378],[170,370,372],[162,373,375],[169,386,424],[167,389,\
421],[164,383,423],
[159,380,425],[157,395,422],[161,392,426],[374,406,415],[371,413,418],[377,408,410],[55,433,434],[57,427,428],[56,430\
,431],[129,130,313],
[127,132,319],[128,131,316],[311,389,392],[308,380,395],[301,383,386],[36,214,420],[35,215,417],[34,212,412],[33,216,\
407],[32,213,414],
[31,211,409],[74,75,233],[70,71,230],[72,73,236],[139,150,332],[137,154,329],[133,156,330],[141,146,333],[135,152,328\
],[143,148,331],
[55,189,330],[56,187,328],[55,185,332],[57,185,329],[56,189,331],[57,187,333],[237,276,431],[228,275,427],[226,271,43\
4],[231,274,433],
[224,272,428],[234,273,430],[61,280,364],[62,282,367],[59,281,369],[58,283,366],[60,285,365],[63,284,368],[182,215,40\
8],[181,212,413],
[188,211,415],[186,216,418],[183,214,406],[184,213,410],[148,194,389],[156,193,392],[150,190,395],[154,191,380],[146,\
192,383],[152,195,386],
[88,269,270],[89,265,266],[90,267,268],[194,263,264],[192,261,262],[193,258,261],[195,259,260],[191,256,263],[190,257\
,259],[259,320,321],
[263,314,315],[261,317,318],[327,332,394],[323,333,382],[326,329,379],[322,331,388],[325,330,391],[324,328,385],[296,\
393,400],[295,381,405],
[293,396,400],[297,387,403],[292,384,405],[294,390,403],[158,276,331],[163,275,329],[171,274,330],[166,271,332],[160,\
273,328],[168,272,333],
[281,293,308],[285,296,311],[284,295,308],[282,292,301],[280,294,311],[283,297,301],[36,267,428],[34,269,434],[35,266\
,431],[33,268,427],
[32,270,433],[31,265,430],[194,365,422],[190,368,423],[193,364,424],[195,367,425],[192,366,421],[191,369,426],[184,18\
5,324],[188,189,326],
[183,185,322],[186,187,325],[181,189,323],[182,187,327],[176,275,380],[178,276,389],[180,274,392],[175,273,386],[172,\
271,395],[173,272,383],
[165,176,177],[162,172,174],[162,179,180],[170,177,178],[170,174,175],[165,173,179],[92,167,168],[95,169,171],[93,164\
,166],[96,157,158],
[91,159,160],[94,161,163],[51,251,347],[50,247,346],[52,248,345],[53,253,343],[54,250,348],[49,255,344],[151,152,285]\
,[153,154,283],
[145,146,281],[149,150,280],[147,148,282],[155,156,284],[126,263,273],[118,259,274],[120,259,276],[124,263,272],[116,\
261,271],[122,261,275],
[125,273,360],[123,272,361],[115,271,362],[119,276,363],[121,275,359],[117,274,358],[129,344,407],[127,348,412],[128,\
347,414],[131,343,420],
[132,345,409],[130,346,417],[112,268,344],[110,266,346],[111,270,347],[113,269,348],[114,267,343],[109,265,345],[64,1\
08,330],[67,106,332],
[69,105,333],[68,107,329],[66,104,328],[65,103,331],[328,356,398],[330,357,402],[332,355,404],[329,355,399],[333,356,\
401],[331,357,397],
[138,268,420],[134,270,412],[140,269,414],[144,266,409],[142,267,407],[136,265,417],[132,205,423],[131,209,424],[127,\
207,425],[129,210,422],
[130,206,426],[128,208,421],[247,262,281],[253,257,280],[250,264,282],[255,260,285],[251,256,283],[248,258,284],[96,3\
58,373],[93,359,376],
[95,363,372],[94,362,375],[91,361,378],[92,360,370],[354,364,385],[353,368,382],[351,369,391],[352,366,388],[350,365,\
394],[349,367,379],
[183,233,330],[181,236,328],[188,230,332],[186,233,331],[182,230,329],[184,236,333],[110,194,254],[114,192,252],[111,\
193,252],[113,190,249],
[109,195,249],[112,191,254],[53,326,417],[49,323,414],[51,327,409],[52,322,407],[50,324,412],[54,325,420],[114,123,22\
8],[112,121,224],
[110,119,234],[113,115,231],[111,117,226],[109,125,237],[125,264,379],[115,258,382],[121,262,391],[117,257,385],[119,\
260,394],[123,256,388],
[91,207,356],[92,208,356],[94,206,355],[95,209,357],[93,205,355],[96,210,357],[169,184,361],[164,181,360],[159,188,36\
2],[161,186,363],
[157,182,359],[167,183,358],[397,401,404],[398,399,402],[70,347,394],[72,344,382],[75,348,391],[71,343,379],[74,345,3\
88],[73,346,385],
[74,276,411],[72,272,416],[73,273,416],[71,275,419],[70,271,419],[75,274,411],[109,295,423],[114,294,424],[113,292,42\
5],[110,293,426],
[111,297,421],[112,296,422],[262,320,347],[258,315,343],[257,314,345],[260,318,348],[256,321,346],[264,317,344],[33,2\
36,371],[36,230,374],
[35,236,377],[31,233,374],[32,230,377],[34,233,371],[123,242,276],[125,238,275],[119,245,271],[117,243,273],[115,240,\
272],[121,239,274],
[30,280,435],[29,282,432],[28,281,429],[27,285,432],[26,283,429],[25,284,435],[104,248,429],[105,253,432],[106,250,42\
9],[108,251,432],
[107,255,435],[103,247,435],[74,161,347],[72,169,345],[75,167,346],[73,164,343],[71,157,348],[70,159,344],[262,294,39\
2],[257,292,386],
[258,297,383],[264,293,380],[260,295,395],[256,296,389],[54,162,233],[49,165,236],[51,162,230],[52,170,233],[53,165,2\
30],[50,170,236],
[45,115,165],[47,119,162],[43,123,170],[46,125,165],[48,117,170],[44,121,162],[140,200,232],[136,201,225],[142,197,22\
9],[138,199,235],
[144,198,227],[134,196,223],[147,361,425],[155,359,423],[149,363,424],[145,362,426],[151,358,422],[153,360,421],[293,\
321,426],[294,315,424],
[297,320,421],[296,317,422],[295,314,423],[292,318,425],[262,347,400],[256,346,403],[258,343,405],[260,348,400],[264,\
344,405],[257,345,403],
[108,152,251],[104,154,248],[105,148,253],[106,146,250],[103,150,247],[107,156,255],[200,247,435],[198,253,432],[196,\
255,435],[199,248,429],
[201,251,432],[197,250,429],[45,165,269],[48,170,270],[44,162,268],[47,162,266],[46,165,265],[43,170,267],[130,399,40\
2],[132,401,404],
[129,397,404],[127,398,399],[131,398,402],[128,397,401],[92,212,356],[95,216,357],[91,213,356],[96,214,357],[93,215,3\
55],[94,211,355],
[61,207,356],[59,209,357],[62,206,355],[58,210,357],[63,208,356],[60,205,355],[164,172,360],[159,175,362],[169,180,36\
1],[161,176,363],
[167,173,358],[157,178,359],[124,169,184],[116,159,188],[118,167,183],[126,164,181],[120,161,186],[122,157,182],[30,1\
07,435],[29,108,432],
[28,104,429],[27,105,432],[25,103,435],[26,106,429],[157,348,391],[161,347,394],[159,344,382],[164,343,379],[167,346,\
385],[169,345,388],
[75,346,411],[73,343,416],[74,347,411],[72,345,416],[70,344,419],[71,348,419],[114,294,392],[111,297,383],[112,296,38\
9],[113,292,386],
[110,293,380],[109,295,395],[264,317,380],[262,320,392],[257,314,386],[258,315,383],[256,321,389],[260,318,395],[49,2\
36,377],[54,233,374],
[50,236,371],[51,230,374],[52,233,371],[53,230,377],[48,117,273],[46,125,275],[43,123,276],[47,119,271],[45,115,272],\
[44,121,274],
[121,162,233],[115,165,236],[119,162,230],[123,170,233],[117,170,236],[125,165,230],[125,367,379],[115,368,382],[121,\
369,391],[117,364,385],
[123,366,388],[119,365,394],[255,260,295],[251,256,296],[247,262,294],[253,257,292],[248,258,297],[250,264,293],[99,3\
32,355],[98,328,356],
[102,333,356],[101,330,357],[97,331,357],[100,329,355],[268,317,344],[269,318,348],[266,321,346],[270,320,347],[267,3\
15,343],[265,314,345],
[109,125,360],[114,123,361],[112,121,359],[110,119,363],[111,117,358],[113,115,362],[112,224,268],[114,228,267],[110,\
234,266],[113,231,269],
[109,237,265],[111,226,270],[109,205,423],[112,210,422],[114,209,424],[113,207,425],[110,206,426],[111,208,421],[26,1\
54,283],[25,156,284],
[30,150,280],[29,148,282],[27,152,285],[28,146,281],[52,248,322],[51,251,327],[54,250,325],[50,247,324],[53,253,326],\
[49,255,323],
[94,161,289],[95,169,288],[91,159,286],[92,167,287],[93,164,290],[96,157,291],[218,271,395],[219,272,383],[222,273,38\
6],[217,275,380],
[221,274,392],[220,276,389],[165,176,346],[165,173,347],[162,180,343],[170,178,344],[162,172,345],[170,175,348],[51,1\
62,179],[50,170,177],
[54,162,174],[52,170,174],[49,165,177],[53,165,179],[182,327,349],[181,323,354],[184,324,353],[188,326,350],[186,325,\
352],[183,322,351],
[353,368,423],[350,365,422],[354,364,424],[351,369,426],[349,367,425],[352,366,421],[36,49,267],[34,51,269],[35,52,26\
6],[31,50,265],
[32,54,270],[33,53,268],[191,294,311],[195,293,308],[193,292,301],[192,296,311],[190,297,301],[194,295,308],[41,285,3\
11],[40,281,308],
[38,283,301],[39,282,301],[42,284,308],[37,280,311],[95,160,328],[96,166,332],[92,158,331],[91,163,329],[94,171,330],\
[93,168,333],
[74,158,276],[72,168,272],[73,160,273],[71,163,275],[75,171,274],[70,166,271],[122,296,393],[126,295,381],[120,293,39\
6],[118,297,387],
[124,294,390],[116,292,384],[40,396,400],[41,393,400],[42,381,405],[37,390,403],[38,387,403],[39,384,405],[140,328,38\
5],[134,333,382],
[136,332,394],[144,329,379],[138,331,388],[142,330,391],[73,324,385],[70,327,394],[72,323,382],[71,326,379],[74,322,3\
88],[75,325,391],
[261,275,318],[259,274,321],[259,276,320],[263,273,315],[261,271,317],[263,272,314],[114,192,261],[110,194,263],[112,\
191,263],[113,190,259],
[109,195,259],[111,193,261],[121,192,262],[125,194,264],[123,191,256],[119,195,260],[115,193,258],[117,190,257],[88,2\
70,412],[88,269,414],
[89,266,409],[89,265,417],[90,268,420],[90,267,407],[194,365,389],[193,364,392],[190,368,395],[195,367,386],[192,366,\
383],[191,369,380],
[183,330,406],[181,328,413],[188,332,415],[186,331,418],[184,333,410],[182,329,408],[61,280,435],[62,282,432],[59,281\
,429],[58,283,429],
[63,284,435],[60,285,432],[255,285,365],[253,280,364],[250,282,367],[247,281,369],[251,283,366],[248,284,368],[243,27\
3,430],[242,276,431],
[238,275,427],[245,271,434],[239,274,433],[240,272,428],[57,230,329],[57,236,333],[56,233,331],[56,236,328],[55,230,3\
32],[55,233,330],
[56,189,323],[55,189,326],[56,187,325],[57,187,327],[55,185,322],[57,185,324],[70,139,150],[71,137,154],[75,133,156],\
[74,143,148],
[73,135,152],[72,141,146],[67,139,332],[64,133,330],[69,141,333],[65,143,331],[68,137,329],[66,135,328],[75,183,233],\
[72,184,236],
[71,182,230],[70,188,230],[73,181,236],[74,186,233],[32,414,433],[36,420,428],[35,417,431],[34,412,434],[31,409,430],\
[33,407,427],
[35,182,215],[31,188,211],[34,181,212],[33,186,216],[32,184,213],[36,183,214],[156,311,392],[148,311,389],[150,308,39\
5],[152,301,386],
[146,301,383],[154,308,380],[31,374,406],[36,374,415],[35,377,410],[32,377,408],[33,371,413],[34,371,418],[70,159,380\
],[71,157,395],
[72,169,386],[75,167,389],[74,161,392],[73,164,383],[170,360,370],[165,361,378],[162,358,373],[165,359,376],[170,363,\
372],[162,362,375],
[48,193,228],[43,192,226],[44,191,234],[46,195,231],[47,194,224],[45,190,237],[54,71,360],[52,72,362],[51,74,361],[49\
,70,363],
[53,73,358],[50,75,359],[64,144,282],[67,138,283],[66,142,281],[68,140,280],[69,136,285],[65,134,284],[110,123,242],[\
112,125,238],
[113,119,245],[109,117,243],[111,121,239],[114,115,240],[108,183,358],[105,184,361],[104,181,360],[106,188,362],[107,\
182,359],[103,186,363],
[64,108,326],[67,106,322],[69,105,327],[66,104,325],[65,103,323],[68,107,324],[336,357,402],[342,355,404],[342,356,39\
8],[339,355,399],
[336,356,401],[339,357,397],[95,171,426],[92,168,423],[93,166,422],[91,160,424],[94,163,425],[96,158,421],[54,55,434]\
,[51,55,433],
[53,57,428],[52,56,430],[49,57,427],[50,56,431],[169,253,424],[167,251,421],[159,250,425],[157,255,422],[161,247,426]\
,[164,248,423],
[78,121,200],[76,123,201],[81,125,197],[79,115,199],[77,119,196],[80,117,198],[49,182,370],[54,188,372],[52,181,373],\
[50,186,378],
[53,184,375],[51,183,376],[77,161,207],[80,167,205],[76,169,206],[79,159,209],[81,164,210],[78,157,208],[264,379,427]\
,[258,382,428],
[262,391,433],[257,385,430],[260,394,434],[256,388,431],[151,285,421],[149,280,426],[153,283,423],[145,281,425],[155,\
284,422],[147,282,424],
[195,249,314],[194,254,321],[190,249,318],[192,252,315],[191,254,317],[193,252,320],[174,203,358],[177,202,361],[179,\
203,362],[177,204,360],
[179,202,359],[174,204,363],[33,65,236],[36,64,230],[35,68,236],[31,67,233],[34,66,233],[32,69,230],[96,116,261],[94,\
118,259],
[95,126,263],[91,122,261],[93,124,263],[92,120,259],[89,195,206],[88,190,208],[89,194,205],[90,191,209],[88,193,207],\
[90,192,210],
[234,273,373],[231,274,376],[224,272,375],[237,276,378],[226,271,372],[228,275,370],[114,252,352],[111,252,354],[113,\
249,353],[112,254,351],
[110,254,350],[109,249,349],[78,103,268],[76,108,267],[81,106,265],[79,104,269],[77,107,266],[80,105,270],[169,276,41\
1],[157,274,411],
[161,271,419],[159,272,416],[164,275,419],[167,273,416],[180,346,392],[178,347,389],[172,344,395],[176,348,380],[173,\
345,383],[175,343,386],
[41,153,227],[42,151,232],[39,149,225],[38,155,229],[40,147,235],[37,145,223],[125,326,417],[115,323,414],[119,327,40\
9],[123,322,407],
[121,325,420],[117,324,412],[42,139,255],[41,143,251],[37,133,247],[40,137,250],[39,135,253],[38,141,248],[65,127,319\
],[67,131,316],
[69,130,313],[66,129,313],[68,128,316],[64,132,319],[129,323,407],[131,326,420],[127,325,412],[128,327,414],[130,324,\
417],[132,322,409],
[73,346,424],[70,347,422],[72,344,423],[75,348,426],[74,345,421],[71,343,425],[148,227,378],[150,232,372],[156,223,37\
6],[146,229,375],
[152,225,373],[154,235,370],[51,96,347],[50,95,346],[54,94,348],[52,92,345],[49,93,344],[53,91,343],[130,342,435],[12\
8,342,432],
[129,336,435],[132,339,429],[127,336,429],[131,339,432],[132,215,423],[131,216,424],[129,214,422],[130,211,426],[128,\
212,421],[127,213,425],
[96,212,358],[94,213,362],[93,214,359],[95,211,363],[92,215,360],[91,216,361],[136,195,211],[134,193,213],[138,191,21\
6],[144,194,215],
[142,192,214],[140,190,212],[340,361,414],[341,359,417],[337,358,420],[335,360,412],[338,362,409],[334,363,407],[83,1\
24,234],[87,120,231],
[86,122,226],[82,126,224],[85,118,237],[84,116,228],[57,106,198],[55,103,197],[57,104,196],[56,108,199],[56,105,200],\
[55,107,201],
[273,360,427],[272,361,431],[275,359,433],[276,363,434],[274,358,430],[271,362,428],[51,213,409],[53,214,417],[49,216\
,414],[52,211,407],
[54,212,420],[50,215,412],[195,232,348],[190,225,345],[194,235,344],[191,227,346],[192,223,347],[193,229,343],[92,105\
,208],[94,107,206],
[95,108,209],[91,104,207],[96,103,210],[93,106,205],[131,343,413],[127,348,408],[128,347,418],[129,344,415],[130,346,\
406],[132,345,410],
[121,133,224],[125,137,237],[123,143,228],[119,139,234],[115,141,231],[117,135,226],[138,268,413],[140,269,418],[142,\
267,415],[134,270,408],
[136,265,406],[144,266,410],[107,299,391],[103,302,394],[104,312,379],[106,306,382],[108,309,385],[105,304,388],[114,\
179,183],[111,179,184],
[113,174,181],[112,177,186],[110,177,182],[109,174,188],[101,118,212],[102,124,216],[99,116,213],[100,122,214],[98,12\
6,215],[97,120,211],
[154,187,388],[152,189,394],[148,187,379],[156,185,382],[146,185,391],[150,189,385],[195,221,305],[190,220,310],[193,\
217,303],[194,219,298],
[192,218,307],[191,222,300],[48,172,208],[46,178,205],[45,180,207],[47,175,206],[44,173,210],[43,176,209],[69,124,222\
],[68,122,218],
[67,116,217],[64,118,220],[66,126,219],[65,120,221],[124,146,147],[120,148,149],[122,154,155],[116,145,150],[126,152,\
153],[118,151,156],
[89,286,291],[88,288,290],[90,287,289],[203,252,386],[202,252,389],[203,249,383],[204,249,380],[202,254,392],[204,254\
,395],[82,84,233],
[83,85,230],[86,87,236],[78,332,428],[79,329,433],[81,333,431],[76,328,427],[77,330,430],[80,331,434],[60,313,381],[5\
8,316,393],
[59,313,390],[61,316,384],[63,319,387],[62,319,396],[31,286,357],[34,290,357],[36,287,355],[32,288,355],[35,291,356],\
[33,289,356],
[47,48,342],[43,46,339],[44,45,336],[144,205,311],[138,209,308],[142,210,301],[136,206,301],[140,208,308],[134,207,31\
1],[163,250,393],
[166,255,384],[171,247,387],[160,253,381],[158,251,396],[168,248,390],[84,103,407],[82,108,420],[86,104,412],[87,105,\
414],[85,107,417],
[83,106,409],[48,343,354],[46,348,349],[43,347,352],[47,344,350],[44,346,351],[45,345,353],[71,121,372],[70,115,370],\
[75,117,378],
[74,119,376],[73,125,375],[72,123,373],[229,282,326],[235,284,323],[232,281,325],[223,285,327],[227,280,324],[225,283\
,322],[43,419,420],
[47,416,417],[45,411,412],[44,407,416],[48,414,419],[46,409,411],[163,418,420],[160,415,417],[171,410,412],[158,408,4\
09],[168,406,407],
[166,413,414],[302,369,400],[312,368,405],[309,366,403],[299,365,400],[304,364,403],[306,367,405],[291,327,339],[290,\
323,342],[289,325,339],
[288,324,336],[286,326,342],[287,322,336],[255,340,376],[253,341,378],[250,337,375],[247,335,372],[251,338,373],[248,\
334,370],[24,247,254],
[23,248,249],[22,254,255],[21,251,252],[20,252,253],[19,249,250],[48,244,377],[43,244,374],[45,241,371],[46,241,374],\
[47,246,377],
[44,246,371],[228,236,239],[233,234,238],[230,231,243],[224,230,242],[236,237,245],[226,233,240],[105,297,338],[106,2\
95,334],[107,293,335],
[103,296,340],[104,292,337],[108,294,341],[110,216,291],[112,215,289],[111,214,288],[113,211,290],[114,213,287],[109,\
212,286],[139,209,291],
[133,205,289],[135,210,288],[141,206,290],[143,207,287],[137,208,286],[33,122,210],[31,126,205],[36,124,209],[35,120,\
206],[32,118,208],
[34,116,207],[206,243,326],[208,245,323],[205,242,327],[209,238,325],[207,239,324],[210,240,322],[86,347,378],[85,345\
,375],[84,343,373],
[83,346,376],[87,348,370],[82,344,372],[43,75,294],[48,72,297],[47,71,293],[46,70,295],[45,73,292],[44,74,296],[41,16\
1,409],
[40,157,420],[39,164,417],[38,169,407],[42,159,414],[37,167,412],[65,187,393],[64,185,390],[68,187,396],[66,189,384],\
[69,185,387],
[67,189,381],[234,314,362],[231,320,361],[226,318,360],[224,315,358],[237,321,359],[228,317,363],[198,355,417],[199,3\
57,407],[197,357,420],
[200,356,412],[196,356,414],[201,355,409],[108,273,374],[105,276,377],[106,272,374],[107,274,377],[103,271,371],[104,\
275,371],[32,132,304],
[31,129,306],[33,128,302],[36,130,309],[35,127,299],[34,131,312],[58,261,418],[60,263,415],[62,259,408],[59,263,406],\
[61,261,413],
[63,259,410],[51,139,309],[53,137,304],[54,133,306],[50,135,302],[52,143,312],[49,141,299],[42,342,415],[37,336,406],\
[39,342,413],
[41,339,418],[38,336,410],[40,339,408],[57,286,415],[57,290,413],[56,287,406],[56,288,410],[55,291,408],[55,289,418],\
[255,298,313],
[251,307,316],[247,300,313],[248,310,319],[253,303,316],[250,305,319],[81,215,336],[79,213,339],[76,216,342],[78,214,\
342],[77,211,336],
[80,212,339],[242,376,389],[238,372,380],[240,373,383],[243,375,386],[239,378,392],[245,370,395],[18,74,321],[17,72,3\
15],[16,71,317],
[15,73,314],[14,75,320],[13,70,318],[33,135,302],[34,143,312],[36,139,309],[32,137,304],[35,141,299],[31,133,306],[18\
,74,296],
[17,72,297],[16,71,293],[14,75,294],[15,73,292],[13,70,295],[243,345,375],[242,346,376],[239,347,378],[240,343,373],[\
238,344,372],
[245,348,370],[110,216,342],[114,213,339],[112,215,336],[111,214,342],[109,212,339],[113,211,336],[110,209,291],[112,\
205,289],[111,210,288],
[114,207,287],[113,206,290],[109,208,286],[22,255,313],[21,251,316],[24,247,313],[23,248,319],[19,250,319],[20,253,31\
6],[79,327,339],
[76,323,342],[81,324,336],[78,326,342],[77,322,336],[80,325,339],[309,314,366],[299,320,365],[306,315,367],[302,318,3\
69],[304,321,364],
[312,317,368],[55,163,418],[57,160,415],[57,166,413],[55,158,408],[56,168,406],[56,171,410],[46,161,409],[43,157,420]\
,[48,159,414],
[47,164,417],[45,167,412],[44,169,407],[206,229,326],[208,235,323],[209,232,325],[205,223,327],[210,225,322],[207,227\
,324],[119,376,426],
[121,372,422],[115,370,425],[125,375,423],[123,373,424],[117,378,421],[84,357,407],[82,357,420],[85,355,417],[83,355,\
409],[87,356,414],
[86,356,412],[255,298,384],[253,303,381],[250,305,393],[248,310,390],[251,307,396],[247,300,387],[163,393,420],[160,3\
81,417],[166,384,414],
[171,387,412],[168,390,407],[158,396,409],[44,336,410],[47,342,413],[48,342,415],[45,336,406],[43,339,408],[46,339,41\
8],[286,357,415],
[290,357,413],[287,355,406],[288,355,410],[289,356,418],[291,356,408],[59,300,313],[60,298,313],[62,305,319],[58,307,\
316],[61,303,316],
[63,310,319],[80,212,331],[81,215,333],[79,213,329],[76,216,328],[78,214,332],[77,211,330],[58,261,393],[59,263,390],\
[62,259,396],
[60,263,381],[63,259,387],[61,261,384],[83,230,243],[87,236,239],[86,236,245],[84,233,238],[82,233,240],[85,230,242],\
[24,254,392],
[23,249,383],[21,252,389],[22,254,395],[19,249,380],[20,252,386],[89,286,342],[89,291,339],[90,287,336],[88,290,342],\
[88,288,336],
[90,289,339],[18,321,426],[17,315,424],[14,320,421],[13,318,425],[15,314,423],[16,317,422],[124,146,222],[120,148,221\
],[122,154,218],
[116,150,217],[118,156,220],[126,152,219],[48,208,244],[46,205,241],[43,209,244],[44,210,246],[47,206,246],[45,207,24\
1],[221,243,305],
[219,242,298],[220,245,310],[217,239,303],[222,238,300],[218,240,307],[154,187,396],[152,189,384],[148,187,393],[156,\
185,390],[150,189,381],
[146,185,387],[134,255,408],[144,253,410],[138,248,413],[140,247,418],[136,251,406],[142,250,415],[343,354,413],[348,\
349,408],[347,352,418],
[344,350,415],[346,351,406],[345,353,410],[93,106,295],[96,103,296],[92,105,297],[94,107,293],[95,108,294],[91,104,29\
2],[229,282,343],
[232,281,348],[227,280,346],[225,283,345],[223,285,347],[235,284,344],[87,120,348],[86,122,347],[82,126,344],[83,124,\
346],[85,118,345],
[84,116,343],[340,376,414],[341,378,417],[337,375,420],[335,372,412],[334,370,407],[338,373,409],[128,342,365],[127,3\
36,369],[131,339,367],
[130,342,364],[129,336,368],[132,339,366],[232,372,380],[229,375,386],[223,376,389],[225,373,383],[235,370,395],[227,\
378,392],[64,137,319],
[65,141,319],[67,143,316],[69,139,313],[68,135,316],[66,133,313],[164,275,371],[169,276,377],[157,274,377],[161,271,3\
71],[167,273,374],
[159,272,374],[84,103,268],[82,108,267],[83,106,265],[86,104,269],[85,107,266],[87,105,270],[234,314,373],[231,320,37\
6],[224,315,375],
[237,321,378],[228,317,370],[226,318,372],[96,261,418],[94,259,408],[95,263,406],[91,261,413],[92,259,410],[93,263,41\
5],[33,65,187],
[36,64,185],[35,68,187],[31,67,189],[32,69,185],[34,66,189],[204,360,380],[203,358,386],[202,361,389],[203,362,383],[\
204,363,395],
[202,359,392],[193,320,361],[192,315,358],[195,314,362],[191,317,363],[194,321,359],[190,318,360],[151,340,421],[149,\
341,426],[153,338,423],
[145,335,425],[147,337,424],[155,334,422],[79,391,433],[80,394,434],[81,388,431],[76,379,427],[77,385,430],[78,382,42\
8],[53,81,197],
[49,79,199],[54,78,200],[50,80,198],[52,76,201],[51,77,196],[12,96,421],[11,95,426],[10,92,423],[9,94,425],[8,91,424]\
,
[7,93,422],[33,336,356],[34,336,357],[32,342,355],[35,342,356],[31,339,357],[36,339,355],[104,325,371],[105,327,377],\
[108,326,374],
[106,322,374],[107,324,377],[103,323,371],[105,184,338],[106,188,334],[107,182,335],[108,183,341],[104,181,337],[103,\
186,340],[48,228,239],
[44,234,238],[46,231,243],[47,224,242],[43,226,240],[45,237,245],[64,144,311],[67,138,308],[66,142,301],[69,136,301],\
[65,134,311],
[68,140,308],[31,205,406],[36,209,415],[35,206,410],[34,207,418],[32,208,408],[33,210,413],[101,414,433],[102,420,428\
],[97,417,431],
[99,412,434],[100,407,427],[98,409,430],[43,75,183],[48,72,184],[47,71,182],[46,70,188],[44,74,186],[45,73,181],[66,1\
35,288],
[67,139,291],[64,133,289],[69,141,290],[68,137,286],[65,143,287],[57,230,286],[57,236,290],[56,233,287],[56,236,288],\
[55,233,289],
[55,230,291],[240,322,428],[239,324,433],[242,327,431],[243,326,430],[245,323,434],[238,325,427],[255,340,365],[253,3\
41,364],[250,337,367],
[247,335,369],[248,334,368],[251,338,366],[42,332,415],[37,330,406],[39,328,413],[41,331,418],[40,329,408],[38,333,41\
0],[239,364,392],
[242,365,389],[243,367,386],[245,368,395],[238,369,380],[240,366,383],[42,342,381],[37,336,390],[41,339,393],[38,336,\
387],[40,339,396],
[39,342,384],[33,122,296],[31,126,295],[35,120,293],[32,118,297],[34,116,292],[36,124,294],[73,160,314],[71,163,317],\
[74,158,321],
[72,168,315],[70,166,318],[75,171,320],[41,205,311],[40,209,308],[38,210,301],[39,206,301],[37,207,311],[42,208,308],\
[51,269,309],
[53,268,304],[54,270,306],[50,265,302],[49,267,299],[52,266,312],[34,248,322],[36,251,327],[31,250,325],[33,247,324],\
[32,253,326],
[35,255,323],[237,260,265],[224,256,268],[234,264,266],[226,258,270],[231,257,269],[228,262,267],[262,302,400],[258,3\
12,405],[256,309,403],
[260,299,400],[264,306,405],[257,304,403],[70,115,368],[71,121,369],[75,117,364],[74,119,365],[72,123,366],[73,125,36\
7],[199,407,429],
[201,409,432],[198,417,432],[197,420,429],[200,412,435],[196,414,435],[40,122,157],[41,120,161],[39,126,164],[38,124,\
169],[37,118,167],
[42,116,159],[33,128,397],[36,130,402],[32,132,401],[31,129,404],[34,131,398],[35,127,399],[46,265,411],[45,269,411],\
[44,268,416],
[47,266,416],[43,267,419],[48,270,419],[47,53,377],[46,51,374],[48,49,377],[43,54,374],[44,52,371],[45,50,371],[95,12\
3,233],
[94,119,230],[96,121,233],[91,115,236],[93,125,230],[92,117,236],[48,273,354],[46,275,349],[43,276,352],[47,271,350],\
[45,272,353],
[44,274,351],[146,147,361],[154,155,359],[148,149,363],[145,150,362],[151,156,358],[152,153,360],[99,213,362],[101,21\
2,358],[102,216,361],
[100,214,359],[97,211,363],[98,215,360],[180,346,424],[178,347,422],[172,344,423],[176,348,426],[175,343,425],[173,34\
5,421],[54,55,212],
[51,55,213],[53,57,214],[49,57,216],[52,56,211],[50,56,215],[170,360,427],[165,361,431],[165,359,433],[170,363,434],[\
162,362,428],
[162,358,430],[33,186,378],[35,182,370],[31,188,372],[34,181,373],[36,183,376],[32,184,375],[74,143,392],[70,139,380]\
,[71,137,395],
[73,135,383],[72,141,386],[75,133,389],[56,127,325],[56,129,323],[57,130,324],[55,131,326],[55,132,322],[57,128,327],\
[89,125,417],
[88,117,412],[88,115,414],[89,119,409],[90,123,407],[90,121,420],[117,135,190],[121,133,192],[125,137,194],[123,143,1\
91],[115,141,193],
[119,139,195],[110,242,263],[112,238,263],[113,245,259],[109,243,259],[114,240,261],[111,239,261],[138,216,388],[136,\
211,394],[144,215,379],
[134,213,382],[140,212,385],[142,214,391],[89,195,293],[88,193,292],[88,190,297],[90,192,296],[89,194,295],[90,191,29\
4],[215,353,423],
[213,349,425],[216,354,424],[214,350,422],[212,352,421],[211,351,426],[73,324,353],[70,327,349],[74,322,351],[72,323,\
354],[71,326,350],
[75,325,352],[51,96,179],[50,95,177],[54,94,174],[52,92,174],[53,91,179],[49,93,177],[92,158,287],[96,166,291],[95,16\
0,288],
[93,168,290],[91,163,286],[94,171,289],[25,156,311],[30,150,308],[28,146,301],[29,148,311],[26,154,308],[27,152,301],\
[109,167,205],
[112,164,210],[111,157,208],[114,159,209],[113,161,207],[110,169,206],[114,352,361],[111,354,358],[113,353,362],[112,\
351,359],[109,349,360],
[110,350,363],[269,275,318],[266,274,321],[270,276,320],[267,273,315],[265,272,314],[268,271,317],[139,255,295],[143,\
251,296],[137,250,293],
[133,247,294],[141,248,297],[135,253,292],[148,169,253],[146,159,250],[152,167,251],[156,157,255],[154,164,248],[150,\
161,247],[71,172,360],
[72,175,362],[74,180,361],[70,176,363],[75,178,359],[73,173,358],[61,207,435],[62,206,432],[59,209,429],[58,210,429],\
[60,205,432],
[63,208,435],[98,212,356],[101,214,357],[102,213,356],[99,211,355],[97,216,357],[100,215,355],[161,302,394],[164,312,\
379],[157,299,391],
[159,306,382],[169,304,388],[167,309,385],[176,346,411],[180,343,416],[173,347,411],[178,344,419],[175,348,419],[172,\
345,416],[114,183,392],
[110,182,380],[109,188,395],[111,184,383],[113,181,386],[112,186,389],[218,318,395],[217,317,380],[221,320,392],[220,\
321,389],[222,314,386],
[219,315,383],[27,56,105],[26,57,106],[28,57,104],[29,56,108],[25,55,103],[30,55,107],[42,200,232],[39,201,225],[38,1\
97,229],
[40,199,235],[37,196,223],[41,198,227],[213,215,436],[212,216,437],[211,214,438],[46,286,414],[45,290,417],[43,287,41\
2],[48,288,407],
[44,289,409],[47,291,420],[98,99,174],[101,102,179],[97,100,177],[172,175,249],[173,180,252],[176,178,254],[8,403,429\
],[12,403,435],
[10,405,432],[11,400,432],[7,400,429],[9,405,435],[124,147,429],[120,149,432],[116,145,435],[122,155,429],[118,151,43\
5],[126,153,432],
[84,332,428],[86,329,433],[83,333,431],[85,330,430],[87,331,434],[82,328,427],[30,316,384],[27,313,381],[26,316,393],\
[28,313,390],
[29,319,396],[25,319,387],[35,199,291],[32,197,288],[34,201,290],[31,200,286],[33,198,289],[36,196,287],[349,395,396]\
,[354,383,384],
[352,392,393],[351,389,390],[350,380,381],[353,386,387],[27,385,387],[26,379,381],[28,382,384],[30,394,396],[25,391,3\
93],[29,388,390],
[21,431,432],[22,434,435],[24,433,435],[23,428,429],[19,427,429],[20,430,432],[6,135,283],[5,133,285],[4,137,284],[3,\
143,280],
[2,141,282],[1,139,281],[59,234,322],[62,231,327],[63,237,324],[60,224,326],[61,228,323],[58,226,325],[65,215,227],[6\
9,214,229],
[64,213,223],[68,216,235],[67,212,232],[66,211,225],[24,340,347],[23,337,343],[22,335,348],[19,334,344],[21,341,346],\
[20,338,345],
[89,278,303],[90,277,310],[89,279,307],[88,278,298],[88,277,300],[90,279,305],[197,300,306],[201,298,309],[200,302,30\
3],[199,307,312],
[196,299,310],[198,304,305],[201,234,381],[197,224,390],[196,231,387],[200,226,384],[199,228,393],[198,237,396],[24,2\
69,384],[19,267,390],
[20,266,396],[21,265,381],[22,270,387],[23,268,393],[161,195,217],[164,194,218],[159,193,222],[167,190,219],[169,191,\
221],[157,192,220],
[37,185,272],[40,187,276],[42,189,273],[41,187,275],[39,189,271],[38,185,274],[137,158,162],[143,162,163],[141,170,17\
1],[135,165,166],
[133,168,170],[139,160,165],[244,250,299],[241,247,309],[246,248,304],[241,251,302],[246,253,312],[244,255,306],[56,1\
41,142],[56,133,134],
[57,139,140],[55,143,144],[55,137,138],[57,135,136],[206,387,398],[209,381,399],[205,390,397],[210,384,401],[208,396,\
404],[207,393,402],
[86,170,216],[87,165,215],[82,162,211],[85,165,213],[84,170,212],[83,162,214],[90,199,371],[90,197,374],[89,198,377],\
[89,201,374],
[88,196,377],[88,200,371],[19,234,345],[22,237,346],[20,231,347],[21,224,343],[24,228,344],[23,226,348],[209,264,307]\
,[205,256,305],
[210,258,300],[206,257,298],[207,262,310],[208,260,303],[33,104,277],[34,103,277],[36,106,279],[32,107,278],[35,105,2\
78],[31,108,279],
[293,321,391],[294,315,385],[297,320,388],[296,317,394],[292,318,379],[295,314,382],[103,188,197],[108,181,199],[106,\
184,198],[104,182,196],
[107,183,201],[105,186,200],[83,234,415],[87,231,410],[86,226,413],[84,228,418],[82,224,406],[85,237,408],[148,227,43\
1],[150,232,434],
[156,223,433],[146,229,428],[154,235,427],[152,225,430],[17,193,228],[14,192,226],[13,195,231],[18,191,234],[16,194,2\
24],[15,190,237],
[49,332,363],[54,329,360],[52,333,362],[51,331,361],[50,330,359],[53,328,358],[130,142,281],[128,138,283],[131,140,28\
0],[129,136,285],
[132,134,284],[127,144,282],[70,150,269],[71,154,268],[72,146,267],[73,152,265],[74,148,266],[75,156,270],[140,328,38\
1],[134,333,390],
[136,332,384],[142,330,387],[144,329,393],[138,331,396],[16,122,393],[17,124,390],[15,126,381],[18,120,396],[13,116,3\
84],[14,118,387],
[38,403,426],[42,405,424],[40,400,421],[41,400,425],[37,403,423],[39,405,422],[14,190,301],[18,195,308],[16,192,311],\
[15,194,308],
[17,191,311],[13,193,301],[38,195,283],[41,193,285],[42,191,284],[39,192,282],[40,190,281],[37,194,280],[89,182,349],\
[88,181,354],
[88,184,353],[90,186,352],[90,183,351],[89,188,350],[79,347,400],[76,344,405],[81,346,403],[78,343,405],[77,345,403],\
[80,348,400],
[58,108,152],[63,104,154],[59,103,150],[61,105,148],[60,107,156],[62,106,146],[200,247,364],[201,251,365],[198,253,36\
7],[196,255,368],
[197,250,369],[199,248,366],[95,200,216],[91,198,213],[93,196,215],[96,201,214],[94,197,211],[92,199,212],[60,64,355]\
,[58,66,357],
[61,65,356],[59,67,357],[63,68,356],[62,69,355],[161,176,234],[159,175,231],[167,173,226],[169,180,228],[164,172,237]\
,[157,178,224],
[124,160,184],[116,163,188],[118,158,183],[126,168,181],[122,166,182],[120,171,186],[14,170,267],[15,165,269],[17,170\
,270],[18,162,268],
[16,162,266],[13,165,265],[65,138,199],[64,142,197],[68,144,198],[66,140,200],[67,136,201],[69,134,196],[155,224,423]\
,[149,234,424],
[151,226,422],[145,231,426],[153,237,421],[147,228,425],[300,303,305],[298,307,310],[238,239,243],[240,242,245],[143,\
240,268],[139,242,265],
[133,238,267],[141,245,270],[137,243,266],[135,239,269],[1,376,391],[5,372,394],[6,378,388],[2,370,379],[3,373,385],[\
4,375,382],
[62,89,299],[59,90,309],[60,89,306],[61,88,312],[58,90,302],[63,88,304],[137,307,374],[141,300,371],[143,305,374],[13\
9,303,377],
[135,298,377],[133,310,371],[42,124,382],[37,126,385],[39,122,379],[40,118,391],[41,116,394],[38,120,388],[42,103,238\
],[39,108,240],
[38,106,243],[40,104,245],[41,105,239],[37,107,242],[30,148,340],[26,152,337],[27,156,341],[25,154,335],[28,150,334],\
[29,146,338],
[73,378,437],[74,373,437],[70,376,438],[72,370,436],[71,375,436],[75,372,438],[39,60,258],[38,59,257],[37,63,256],[40\
,58,260],
[41,62,262],[42,61,264],[64,142,355],[69,134,355],[66,140,357],[68,144,356],[65,138,356],[67,136,357],[95,200,364],[9\
1,198,367],
[93,196,368],[96,201,365],[92,199,366],[94,197,369],[61,148,340],[58,152,337],[60,156,341],[63,154,335],[62,146,338],\
[59,150,334],
[60,64,107],[61,65,105],[62,69,106],[58,66,108],[59,67,103],[63,68,104],[42,103,191],[39,108,192],[40,104,190],[37,10\
7,194],
[38,106,195],[41,105,193],[16,192,282],[14,190,281],[13,193,285],[18,195,283],[15,194,280],[17,191,284],[17,124,382],\
[14,118,391],
[13,116,394],[18,120,388],[15,126,385],[16,122,379],[130,142,294],[127,144,293],[131,140,292],[129,136,295],[132,134,\
297],[128,138,296],
[17,228,311],[14,226,301],[18,234,308],[16,224,311],[13,231,301],[15,237,308],[103,188,238],[108,181,240],[107,183,24\
2],[106,184,243],
[105,186,239],[104,182,245],[42,314,382],[37,315,385],[40,321,391],[38,320,388],[39,318,379],[41,317,394],[264,307,37\
4],[256,305,374],
[258,300,371],[260,303,377],[262,310,371],[257,298,377],[65,90,199],[64,90,197],[67,89,201],[68,89,198],[66,88,200],[\
69,88,196],
[170,199,212],[170,200,216],[165,198,213],[165,196,215],[162,201,214],[162,197,211],[284,396,404],[280,393,402],[285,\
390,397],[282,387,398],
[283,384,401],[281,381,399],[89,255,306],[89,250,299],[88,248,304],[88,253,312],[90,251,302],[90,247,309],[137,158,37\
4],[143,163,374],
[141,171,371],[133,168,371],[139,160,377],[135,166,377],[15,139,165],[16,143,162],[14,141,170],[13,135,165],[17,133,1\
70],[18,137,162],
[37,93,185],[42,95,189],[38,94,185],[41,91,187],[39,96,189],[40,92,187],[164,218,237],[161,217,234],[159,222,231],[16\
7,219,226],
[157,220,224],[169,221,228],[155,224,390],[145,231,387],[151,226,384],[153,237,396],[149,234,381],[147,228,393],[201,\
234,415],[200,226,413],
[197,224,406],[196,231,410],[198,237,408],[199,228,418],[62,89,278],[59,90,279],[58,90,277],[60,89,279],[63,88,278],[\
61,88,277],
[65,227,431],[68,235,427],[67,232,434],[66,225,430],[69,229,428],[64,223,433],[62,299,327],[63,304,324],[59,309,322],\
[60,306,326],
[61,312,323],[58,302,325],[19,234,322],[22,237,324],[20,231,327],[21,224,326],[23,226,325],[24,228,323],[6,128,283],[\
3,131,280],
[5,129,285],[2,127,282],[1,130,281],[4,132,284],[21,148,431],[24,156,433],[23,146,428],[19,154,427],[20,152,430],[22,\
150,434],
[26,328,381],[29,333,390],[28,332,384],[27,330,387],[30,331,396],[25,329,393],[34,201,298],[31,200,303],[33,198,305],\
[36,196,310],
[35,199,307],[32,197,300],[27,313,385],[26,316,379],[28,313,382],[30,316,394],[29,319,388],[25,319,391],[49,84,332],[\
53,82,328],
[54,86,329],[52,83,333],[51,87,331],[50,85,330],[12,150,403],[10,148,405],[11,152,400],[7,146,400],[9,156,405],[8,154\
,403],
[8,124,429],[9,116,435],[12,118,435],[10,126,432],[11,120,432],[7,122,429],[18,403,426],[17,405,424],[14,400,421],[13\
,400,425],
[16,405,422],[15,403,423],[42,200,238],[39,201,240],[38,197,243],[40,199,245],[41,198,239],[37,196,242],[25,55,143],[\
27,56,141],
[26,57,139],[29,56,133],[28,57,135],[30,55,137],[173,226,411],[176,234,411],[180,228,416],[178,224,419],[172,237,416]\
,[175,231,419],
[164,194,312],[167,190,309],[169,191,304],[161,195,302],[157,192,299],[159,193,306],[22,208,435],[20,206,432],[23,210\
,429],[24,207,435],
[19,209,429],[21,205,432],[71,172,249],[72,175,249],[74,180,252],[70,176,254],[75,178,254],[73,173,252],[152,167,265]\
,[150,161,269],
[154,164,268],[148,169,266],[156,157,270],[146,159,267],[13,265,272],[16,266,274],[15,269,275],[17,270,276],[18,268,2\
71],[14,267,273],
[79,352,361],[80,349,360],[81,351,359],[76,350,363],[78,354,358],[77,353,362],[59,160,288],[60,168,290],[61,163,286],\
[62,171,289],
[63,158,287],[58,166,291],[94,98,174],[92,99,174],[96,102,179],[95,100,177],[93,97,177],[91,101,179],[90,294,351],[89\
,293,349],
[88,292,354],[88,297,353],[89,295,350],[90,296,352],[1,214,391],[5,211,394],[6,216,388],[2,215,379],[4,213,382],[3,21\
2,385],
[143,240,261],[139,242,263],[133,238,263],[141,245,259],[135,239,261],[137,243,259],[6,135,190],[5,133,192],[4,137,19\
4],[3,143,191],
[1,139,195],[2,141,193],[89,125,182],[88,117,181],[88,115,184],[90,123,186],[89,119,188],[90,121,183],[56,127,142],[5\
6,129,134],
[57,130,140],[55,131,144],[57,128,136],[55,132,138],[83,162,428],[86,170,427],[87,165,431],[85,165,433],[82,162,430],\
[84,170,434],
[172,224,423],[173,237,421],[180,234,424],[178,226,422],[176,231,426],[175,228,425],[97,332,363],[98,329,360],[99,333\
,362],[100,330,359],
[101,328,358],[102,331,361],[30,148,363],[26,152,360],[27,156,358],[25,154,359],[28,150,362],[29,146,361],[42,273,354\
],[41,275,349],
[40,276,352],[39,271,350],[38,274,351],[37,272,353],[44,52,65],[47,53,68],[46,51,67],[48,49,69],[45,50,66],[43,54,64]\
,
[232,265,411],[225,269,411],[227,268,416],[235,266,416],[229,270,419],[223,267,419],[40,122,421],[38,124,426],[41,120\
,425],[39,126,422],
[42,116,424],[37,118,423],[153,417,432],[147,407,429],[149,409,432],[155,420,429],[151,412,435],[145,414,435],[74,266\
,365],[72,267,366],
[75,270,364],[70,269,368],[73,265,367],[71,268,369],[257,277,304],[256,277,309],[260,279,299],[264,278,306],[262,279,\
302],[258,278,312],
[239,257,269],[242,260,265],[243,264,266],[240,256,268],[238,262,267],[245,258,270],[244,270,306],[241,269,309],[246,\
268,304],[241,265,302],
[246,266,312],[244,267,299],[160,184,314],[163,188,317],[158,183,321],[168,181,315],[171,186,320],[166,182,318],[140,\
342,381],[144,339,393],
[136,342,384],[134,336,390],[138,339,396],[142,336,387],[239,247,364],[242,251,365],[243,253,367],[240,248,366],[238,\
250,369],[245,255,368],
[42,124,332],[38,120,333],[37,126,330],[39,122,328],[40,118,329],[41,116,331],[30,340,365],[27,341,364],[26,337,367],\
[25,335,369],
[29,338,366],[28,334,368],[84,322,428],[86,324,433],[83,327,431],[85,326,430],[82,325,427],[87,323,434],[230,286,414]\
,[236,290,417],
[233,287,412],[236,288,407],[233,289,409],[230,291,420],[67,260,291],[66,257,288],[64,262,289],[68,264,286],[69,258,2\
90],[65,256,287],
[205,397,406],[209,399,415],[206,398,410],[210,401,413],[207,402,418],[208,404,408],[48,238,239],[47,240,242],[45,242\
,245],[43,240,245],
[44,238,243],[46,239,243],[183,201,341],[184,198,338],[188,197,334],[182,196,335],[186,200,340],[181,199,337],[199,32\
5,371],[200,323,371],
[198,327,377],[201,326,374],[197,322,374],[196,324,377],[33,104,336],[35,105,342],[34,103,336],[31,108,339],[36,106,3\
39],[32,107,342],
[49,199,291],[53,197,288],[54,200,286],[50,198,289],[51,196,287],[52,201,290],[79,376,391],[80,372,394],[81,378,388],\
[76,370,379],
[78,375,382],[77,373,385],[17,193,361],[14,192,358],[13,195,362],[18,191,363],[15,190,360],[16,194,359],[86,135,269],\
[82,133,267],
[84,143,268],[83,139,265],[87,141,270],[85,137,266],[64,137,307],[65,141,300],[67,143,305],[69,139,303],[66,133,310],\
[68,135,298],
[79,122,347],[81,124,346],[78,116,343],[80,120,348],[76,126,344],[77,118,345],[24,285,347],[23,282,343],[20,283,345],\
[22,281,348],
[19,284,344],[21,280,346],[349,395,408],[353,386,410],[352,392,418],[354,383,413],[350,380,415],[351,389,406],[156,35\
1,390],[154,349,396],
[152,354,384],[148,352,393],[146,353,387],[150,350,381],[243,304,305],[242,298,309],[245,299,310],[239,302,303],[240,\
307,312],[238,300,306],
[89,307,339],[89,303,342],[90,310,336],[88,298,342],[90,305,339],[88,300,336],[24,340,392],[23,337,383],[22,335,395],\
[19,334,380],
[20,338,386],[21,341,389],[83,243,415],[87,239,410],[86,245,413],[84,238,418],[85,242,408],[82,240,406],[19,263,390],\
[20,259,396],
[21,263,381],[23,261,393],[24,261,384],[22,259,387],[212,331,437],[211,330,438],[214,332,438],[215,333,436],[216,328,\
437],[213,329,436],
[59,300,303],[60,298,310],[63,307,310],[58,298,307],[61,303,305],[62,300,305],[48,288,415],[43,287,408],[44,289,410],\
[47,291,413],
[46,286,418],[45,290,406],[16,393,420],[14,387,412],[17,390,407],[15,381,417],[18,396,409],[13,384,414],[30,298,384],\
[27,303,381],
[26,305,393],[28,310,390],[29,307,396],[25,300,387],[6,378,421],[1,376,426],[5,372,422],[2,370,425],[4,375,423],[3,37\
3,424],
[207,215,227],[209,212,232],[206,214,229],[208,216,235],[210,211,225],[205,213,223],[57,124,160],[55,116,163],[55,118\
,158],[56,126,168],
[56,120,171],[57,122,166],[79,327,400],[76,323,405],[81,324,403],[78,326,405],[80,325,400],[77,322,403],[19,267,319],\
[20,266,316],
[24,269,313],[23,268,319],[21,265,316],[22,270,313],[109,208,303],[110,209,307],[112,205,305],[111,210,300],[113,206,\
298],[114,207,310],
[19,243,345],[22,242,346],[20,239,347],[21,240,343],[23,245,348],[24,238,344],[16,293,391],[14,294,385],[17,297,388],\
[13,295,382],
[18,296,394],[15,292,379],[33,135,277],[34,143,277],[36,139,279],[32,137,278],[31,133,279],[35,141,278],[73,215,353],\
[72,216,354],
[70,213,349],[71,214,350],[74,211,351],[75,212,352],[143,183,392],[141,181,386],[139,182,380],[137,188,395],[133,186,\
389],[135,184,383],
[55,98,212],[56,100,215],[55,102,213],[57,101,214],[57,97,216],[56,99,211],[34,292,373],[36,294,376],[33,296,378],[32\
,297,375],
[35,293,370],[31,295,372],[29,65,311],[25,64,311],[30,67,308],[26,68,308],[27,66,301],[28,69,301],[12,340,421],[11,34\
1,426],
[8,337,424],[10,338,423],[9,335,425],[7,334,422],[33,187,397],[32,185,401],[36,185,402],[35,187,399],[34,189,398],[31\
,189,404],
[96,121,418],[91,115,413],[94,119,408],[93,125,415],[92,117,410],[95,123,406],[109,167,374],[114,159,374],[112,164,37\
1],[110,169,377],
[111,157,377],[113,161,371],[232,360,380],[229,358,386],[223,361,389],[225,362,383],[227,359,392],[235,363,395],[98,3\
73,409],[101,376,414],
[102,375,420],[97,378,417],[100,370,407],[99,372,412],[93,139,295],[96,143,296],[92,141,297],[94,137,293],[91,135,292\
],[95,133,294],
[34,138,248],[36,136,251],[31,142,250],[33,140,247],[35,134,255],[32,144,253],[38,210,246],[41,205,241],[37,207,241],\
[40,209,244],
[42,208,244],[39,206,246],[146,222,314],[154,218,318],[156,220,321],[150,217,317],[152,219,315],[148,221,320],[84,357\
,415],[82,357,413],
[85,355,406],[83,355,410],[86,356,408],[87,356,418],[46,161,188],[45,167,181],[43,157,183],[48,159,184],[44,169,186],\
[47,164,182],
[309,314,373],[299,320,376],[306,315,375],[302,318,372],[312,317,370],[304,321,378],[109,339,366],[110,342,364],[113,\
336,369],[114,339,367],
[112,336,368],[111,342,365],[138,140,277],[134,144,278],[136,142,279],[47,307,420],[43,310,412],[46,303,414],[45,298,\
417],[48,300,407],
[44,305,409],[202,213,215],[204,212,216],[203,211,214],[97,100,187],[101,102,185],[98,99,189],[172,175,259],[176,178,\
263],[173,180,261],
[182,244,427],[181,246,430],[184,246,428],[186,241,431],[188,244,434],[183,241,433],[22,364,377],[20,365,377],[23,369\
,371],[24,368,371],
[19,366,374],[21,367,374],[100,335,336],[97,340,342],[98,337,339],[102,338,339],[99,334,336],[101,341,342],[168,311,3\
12],[171,301,302],
[158,308,309],[163,306,311],[166,299,301],[160,304,308],[284,305,306],[285,300,302],[282,310,312],[283,303,304],[280,\
307,309],[281,298,299],
[297,303,314],[295,305,317],[296,300,320],[292,310,315],[294,307,321],[293,298,318],[245,246,411],[243,244,411],[238,\
241,416],[242,244,416],
[240,241,419],[239,246,419],[222,244,259],[219,241,261],[217,241,263],[220,244,263],[218,246,259],[221,246,261],[131,\
341,352],[127,337,353],
[128,338,354],[132,334,349],[129,340,351],[130,335,350],[151,190,313],[153,194,316],[145,193,313],[149,195,316],[147,\
191,319],[155,192,319],
[3,124,322],[1,120,327],[4,126,326],[5,122,325],[2,116,323],[6,118,324],[78,179,414],[76,177,417],[80,174,409],[79,17\
9,420],
[81,177,407],[77,174,412],[341,391,399],[337,385,402],[334,394,397],[340,388,401],[335,379,398],[338,382,404],[251,32\
2,397],[255,327,404],
[250,326,399],[248,323,401],[253,324,398],[247,325,402],[307,352,365],[305,349,369],[300,351,364],[303,354,367],[310,\
353,366],[298,350,368],
[173,365,417],[175,369,407],[180,367,409],[172,366,420],[178,368,412],[176,364,414],[46,62,270],[43,58,269],[48,61,26\
8],[44,59,265],
[45,63,266],[47,60,267],[54,167,224],[50,164,226],[53,157,237],[51,159,234],[49,169,231],[52,161,228],[4,93,230],[2,9\
1,236],
[3,95,233],[1,94,230],[5,96,233],[6,92,236],[135,237,260],[143,234,264],[139,231,257],[137,224,256],[133,226,258],[14\
1,228,262],
[28,34,322],[29,36,327],[26,31,325],[25,33,324],[30,35,323],[27,32,326],[101,418,433],[102,413,428],[99,408,434],[100\
,415,427],
[98,410,430],[97,406,431],[12,96,383],[11,95,380],[10,92,395],[9,94,386],[7,93,389],[8,91,392],[75,151,340],[74,149,3\
41],
[73,153,338],[70,145,335],[71,155,334],[72,147,337],[141,235,319],[143,225,316],[139,223,313],[137,229,319],[133,232,\
313],[135,227,316],
[128,291,365],[130,288,364],[127,289,369],[131,286,367],[132,287,366],[129,290,368],[4,255,408],[2,253,410],[3,247,41\
8],[1,250,415],
[5,251,406],[6,248,413],[21,123,424],[24,121,422],[23,115,425],[19,125,423],[20,117,421],[22,119,426],[279,314,366],[\
278,321,364],
[277,318,369],[277,317,368],[279,315,367],[278,320,365],[52,87,411],[54,85,411],[50,82,416],[51,84,419],[49,83,416],[\
53,86,419],
[7,251,272],[12,248,271],[11,250,273],[9,253,274],[10,255,276],[8,247,275],[10,276,395],[9,274,386],[7,272,389],[12,2\
71,383],
[11,273,380],[8,275,392],[4,230,255],[2,236,253],[3,233,247],[1,230,250],[6,236,248],[5,233,251],[52,87,161],[54,85,1\
67],
[49,83,169],[50,82,164],[53,86,157],[51,84,159],[291,352,365],[289,349,369],[288,351,364],[286,354,367],[290,350,368]\
,[287,353,366],
[8,247,325],[7,251,322],[12,248,323],[9,253,324],[10,255,327],[11,250,326],[334,349,397],[340,351,401],[341,352,399],\
[337,353,402],
[338,354,404],[335,350,398],[53,239,419],[52,245,411],[54,243,411],[50,238,416],[51,240,419],[49,242,416],[178,244,26\
3],[172,246,259],
[180,246,261],[175,244,259],[176,241,263],[173,241,261],[47,267,307],[43,269,310],[45,266,298],[46,270,303],[44,265,3\
05],[48,268,300],
[109,279,366],[110,278,364],[113,277,369],[111,278,365],[112,277,368],[114,279,367],[150,277,317],[148,278,320],[152,\
279,315],[146,279,314],
[154,277,318],[156,278,321],[38,246,428],[41,241,431],[37,241,433],[40,244,427],[39,246,430],[42,244,434],[34,63,138]\
,[31,62,142],
[33,59,140],[36,58,136],[32,61,144],[35,60,134],[101,121,418],[102,115,413],[99,119,408],[100,125,415],[97,123,406],[\
98,117,410],
[100,187,397],[101,185,401],[98,189,404],[99,189,398],[102,185,402],[97,187,399],[10,338,382],[11,341,391],[7,334,394\
],[12,340,388],
[9,335,379],[8,337,385],[110,294,307],[114,292,310],[112,295,305],[109,297,303],[113,293,298],[111,296,300],[235,267,\
319],[225,266,316],
[232,270,313],[223,269,313],[227,265,316],[229,268,319],[1,327,400],[3,322,403],[2,323,405],[6,324,403],[4,326,405],[\
5,325,400],
[204,208,216],[203,206,214],[203,210,211],[202,207,215],[202,205,213],[204,209,212],[16,307,420],[13,303,414],[18,305\
,409],[14,310,412],
[15,298,417],[17,300,407],[24,261,422],[23,261,425],[19,263,423],[22,259,426],[21,263,424],[20,259,421],[148,307,352]\
,[156,300,351],
[154,305,349],[152,303,354],[150,298,350],[146,310,353],[4,395,408],[2,386,410],[6,383,413],[3,392,418],[5,389,406],[\
1,380,415],
[19,284,306],[21,280,309],[24,285,302],[22,281,299],[23,282,312],[20,283,304],[79,122,179],[77,118,174],[81,124,177],\
[80,120,174],
[78,116,179],[76,126,177],[86,135,260],[83,139,257],[87,141,262],[84,143,264],[85,137,256],[82,133,258],[99,103,336],\
[100,104,336],
[97,105,342],[98,108,339],[101,107,342],[102,106,339],[70,196,335],[73,198,338],[72,199,337],[71,197,334],[75,200,340\
],[74,201,341],
[397,406,431],[399,415,427],[404,408,434],[402,418,433],[401,413,428],[398,410,430],[128,260,291],[130,257,288],[127,\
262,289],[131,264,286],
[132,256,287],[129,258,290],[78,230,414],[76,236,417],[77,233,412],[79,230,420],[81,236,407],[80,233,409],[3,124,332]\
,[1,120,333],
[4,126,330],[5,122,328],[6,118,329],[2,116,331],[183,307,321],[184,303,314],[188,305,317],[181,310,315],[182,298,318]\
,[186,300,320],
[218,246,266],[220,244,267],[222,244,270],[219,241,269],[221,246,268],[217,241,265],[173,266,365],[172,267,366],[176,\
270,364],[178,269,368],
[175,268,369],[180,265,367],[153,365,417],[147,369,407],[149,367,409],[155,366,420],[145,364,414],[151,368,412],[101,\
328,341],[97,332,340],
[102,331,338],[98,329,337],[99,333,334],[100,330,335],[161,175,228],[167,172,224],[157,173,237],[159,180,234],[164,17\
8,226],[169,176,231],
[85,411,433],[87,411,431],[82,416,430],[86,419,427],[84,419,434],[83,416,428],[125,182,244],[117,181,246],[115,184,24\
6],[123,186,241],
[121,183,241],[119,188,244],[133,232,263],[143,225,261],[135,227,261],[141,235,259],[139,223,263],[137,229,259],[91,1\
01,392],[96,102,383],
[95,100,380],[92,99,395],[94,98,386],[93,97,389],[17,255,276],[13,251,272],[15,247,275],[14,250,273],[18,248,271],[16\
,253,274],
[75,151,254],[73,153,252],[70,145,254],[74,149,252],[71,155,249],[72,147,249],[22,208,364],[20,206,365],[23,210,369],\
[24,207,368],
[21,205,367],[19,209,366],[168,194,312],[163,193,306],[158,190,309],[160,191,304],[166,192,299],[171,195,302],[228,24\
1,416],[226,246,411],
[234,244,411],[224,241,419],[237,244,416],[231,246,419],[151,313,385],[153,316,379],[145,313,382],[149,316,394],[155,\
319,391],[147,319,388],
[28,34,332],[29,36,333],[25,33,329],[26,31,328],[27,32,330],[30,35,331],[21,123,148],[24,121,156],[23,115,146],[19,12\
5,154],
[22,119,150],[20,117,152],[4,132,334],[3,131,341],[1,130,335],[6,128,338],[2,127,337],[5,129,340],[30,312,323],[28,30\
9,322],
[27,306,326],[29,299,327],[26,302,325],[25,304,324],[60,136,279],[59,142,279],[61,140,277],[63,134,278],[62,144,278],\
[58,138,277],
[147,191,393],[155,192,390],[145,193,387],[151,190,384],[153,194,396],[149,195,381],[135,218,237],[143,217,234],[139,\
222,231],[141,221,228],
[133,219,226],[137,220,224],[4,93,185],[3,95,189],[1,94,185],[6,92,187],[2,91,187],[5,96,189],[90,251,397],[89,255,40\
4],
[89,250,399],[88,248,401],[90,247,402],[88,253,398],[284,305,404],[280,307,402],[285,300,397],[282,310,398],[283,303,\
401],[281,298,399],
[22,257,377],[20,260,377],[21,264,374],[19,256,374],[23,262,371],[24,258,371],[168,228,311],[171,226,301],[158,234,30\
8],[163,224,311],
[160,237,308],[166,231,301],[44,59,257],[43,58,260],[48,61,264],[47,60,258],[45,63,256],[46,62,262],[292,309,373],[29\
5,302,372],
[294,299,376],[293,312,370],[296,304,378],[297,306,375],[57,101,376],[55,98,373],[55,102,375],[56,99,372],[57,97,378]\
,[56,100,370],
[243,288,415],[239,289,410],[245,291,413],[238,286,418],[240,290,406],[242,287,408],[19,243,304],[22,242,309],[20,239\
,302],[21,240,312],
[24,238,306],[23,245,299],[136,303,342],[142,310,336],[138,305,339],[134,300,336],[140,298,342],[144,307,339],[239,24\
7,257],[242,251,260],
[243,253,264],[240,248,256],[245,255,258],[238,250,262],[135,277,304],[143,277,309],[139,279,299],[137,278,306],[141,\
278,312],[133,279,302],
[4,118,423],[2,120,425],[6,122,421],[3,116,424],[5,126,422],[1,124,426],[30,235,363],[26,232,360],[29,223,361],[27,22\
9,358],
[25,227,359],[28,225,362],[2,73,215],[6,72,216],[4,70,213],[3,75,212],[1,71,214],[5,74,211],[59,288,303],[60,290,310]\
,
[61,286,305],[62,289,300],[58,291,298],[63,287,307],[79,352,376],[80,349,372],[81,351,378],[76,350,370],[77,353,373],\
[78,354,375],
[167,232,265],[161,225,269],[164,227,268],[169,235,266],[159,223,267],[157,229,270],[25,143,183],[27,141,181],[28,135\
,184],[26,139,182],
[30,137,188],[29,133,186],[47,201,240],[48,200,238],[44,197,243],[45,196,242],[43,199,245],[46,198,239],[8,57,124],[9\
,55,116],
[12,55,118],[10,56,126],[7,57,122],[11,56,120],[18,150,403],[17,148,405],[14,152,400],[13,146,400],[15,154,403],[16,1\
56,405],
[49,84,291],[53,82,288],[54,86,286],[50,85,289],[52,83,290],[51,87,287],[30,34,298],[27,31,303],[26,33,305],[28,36,31\
0],
[25,32,300],[29,35,307],[19,84,322],[21,85,326],[22,86,324],[20,83,327],[24,87,323],[23,82,325],[44,65,431],[47,68,42\
7],
[46,67,434],[48,69,428],[43,64,433],[45,66,430],[84,201,415],[82,200,413],[85,197,406],[83,196,410],[87,199,418],[86,\
198,408],
[15,93,139],[16,96,143],[14,92,141],[17,95,133],[18,94,137],[13,91,135],[109,158,374],[114,163,374],[113,171,371],[11\
1,166,377],
[110,160,377],[112,168,371],[170,199,325],[170,200,323],[165,196,324],[162,201,326],[162,197,322],[165,198,327],[29,6\
5,90],[25,64,90],
[30,67,89],[26,68,89],[28,69,88],[27,66,88],[38,320,351],[41,317,349],[42,314,354],[37,315,353],[40,321,352],[39,318,\
350],
[161,188,238],[167,181,240],[157,183,242],[159,184,243],[164,182,245],[169,186,239],[142,294,351],[144,293,349],[140,\
292,354],[134,297,353],
[138,296,352],[136,295,350],[17,361,382],[14,358,391],[13,362,394],[18,363,388],[16,359,379],[15,360,385],[15,280,379\
],[16,282,391],
[18,283,394],[14,281,385],[17,284,388],[13,285,382],[6,104,190],[5,108,192],[4,107,194],[3,103,191],[1,106,195],[2,10\
5,193],
[67,103,305],[64,107,307],[65,105,300],[69,106,303],[68,104,298],[66,108,310],[61,340,392],[58,337,383],[63,335,395],\
[59,334,380],
[60,341,389],[62,338,386],[30,96,365],[28,93,368],[27,95,364],[26,91,367],[29,92,366],[25,94,369],[127,142,355],[129,\
134,355],
[130,140,357],[131,144,356],[132,138,356],[128,136,357],[332,376,438],[331,373,437],[333,370,436],[330,372,438],[329,\
375,436],[328,378,437],
[138,140,403],[136,142,400],[134,144,405],[244,286,291],[241,287,289],[246,288,290],[203,252,425],[202,252,422],[204,\
249,426],[203,249,421],
[204,254,423],[202,254,424],[82,84,189],[86,87,187],[83,85,185],[47,48,278],[44,45,277],[43,46,279],[18,175,235],[13,\
180,225],
[15,178,232],[14,172,229],[16,173,227],[17,176,223],[4,350,355],[6,353,356],[5,352,357],[3,351,357],[1,349,355],[2,35\
4,356],
[276,348,441],[274,345,440],[271,343,439],[273,344,439],[275,347,441],[272,346,440],[156,297,440],[152,295,439],[148,\
293,441],[150,292,439],
[146,294,440],[154,296,441],[48,235,304],[47,229,299],[45,227,312],[44,225,302],[43,232,309],[46,223,306],[65,99,317]\
,[68,101,321],
[64,98,315],[66,100,318],[69,97,320],[67,102,314],[42,110,255],[41,114,251],[37,112,247],[40,109,250],[38,113,248],[3\
9,111,253],
[177,361,436],[174,358,438],[179,362,438],[179,359,436],[177,360,437],[174,363,437],[77,161,433],[80,167,431],[76,169\
,430],[79,159,427],
[78,157,434],[81,164,428],[8,95,328],[7,96,332],[12,92,331],[9,91,329],[10,93,333],[11,94,330],[32,54,117],[33,53,121\
],
[34,51,115],[35,52,119],[36,49,123],[31,50,125],[30,218,271],[28,219,272],[27,222,273],[26,217,275],[29,220,276],[25,\
221,274],
[147,170,348],[155,162,345],[151,170,344],[145,165,346],[149,162,343],[153,165,347],[99,161,289],[98,167,287],[100,16\
4,290],[97,169,288],
[101,157,291],[102,159,286],[99,196,332],[98,198,328],[102,199,333],[101,200,330],[100,197,329],[97,201,331],[84,138,\
235],[86,140,232],
[85,144,227],[87,134,223],[83,136,225],[82,142,229],[361,425,441],[359,423,440],[362,426,440],[358,422,439],[360,421,\
441],[363,424,439],
[69,166,258],[67,158,260],[64,163,262],[66,171,257],[68,160,264],[65,168,256],[220,260,279],[222,264,278],[221,257,27\
7],[217,262,279],
[218,258,278],[219,256,277],[232,257,411],[225,260,411],[227,264,416],[235,256,416],[223,258,419],[229,262,419],[18,5\
2,65],[16,53,68],
[13,51,67],[17,49,69],[15,50,66],[14,54,64],[79,187,361],[77,185,362],[78,189,358],[81,185,359],[80,187,360],[76,189,\
363],
[9,156,315],[11,152,318],[7,146,320],[12,150,314],[10,148,317],[8,154,321],[37,93,130],[39,96,131],[42,95,129],[40,92\
,127],
[38,94,132],[41,91,128],[8,280,393],[9,282,387],[12,283,384],[11,281,381],[10,284,396],[7,285,390],[60,130,294],[58,1\
31,292],
[59,129,295],[62,132,297],[63,127,293],[61,128,296],[70,433,438],[73,431,437],[74,430,437],[72,427,436],[75,434,438],\
[71,428,436],
[70,376,441],[73,378,440],[74,373,440],[75,372,441],[71,375,439],[72,370,439],[25,37,256],[28,38,257],[29,41,262],[30\
,42,264],
[27,39,258],[26,40,260],[39,60,219],[38,59,222],[42,61,217],[37,63,220],[41,62,221],[40,58,218],[31,171,243],[35,168,\
242],
[32,163,239],[34,158,245],[33,160,238],[36,166,240],[50,53,54],[49,51,52],[217,221,222],[218,219,220],[182,365,441],[\
184,364,440],
[186,369,441],[188,367,439],[183,366,440],[181,368,439],[19,38,175],[21,39,173],[22,37,178],[23,40,172],[20,41,180],[\
24,42,176],
[21,39,219],[24,42,217],[19,38,222],[22,37,220],[23,40,218],[20,41,221],[182,376,441],[188,375,439],[186,372,441],[18\
1,370,439],
[184,378,440],[183,373,440],[37,60,130],[40,63,127],[39,58,131],[42,59,129],[41,61,128],[38,62,132],[218,219,256],[21\
8,220,258],
[221,222,264],[219,220,260],[217,221,257],[217,222,262],[171,232,257],[158,225,260],[160,227,264],[168,235,256],[163,\
229,262],[166,223,258],
[70,361,441],[71,358,439],[74,362,440],[73,359,440],[72,363,439],[75,360,441],[50,54,125],[53,54,117],[51,52,115],[49\
,52,119],
[49,51,123],[50,53,121],[161,433,438],[167,431,437],[169,430,437],[159,427,436],[157,434,438],[164,428,436],[185,362,\
438],[189,358,438],
[185,359,436],[187,361,436],[189,363,437],[187,360,437],[30,42,110],[27,39,111],[25,37,112],[28,38,113],[26,40,109],[\
29,41,114],
[12,67,314],[9,64,315],[11,66,318],[10,65,317],[8,68,321],[7,69,320],[18,65,99],[16,68,101],[13,67,102],[17,69,97],
[14,64,98],[15,66,100],[297,364,440],[292,368,439],[293,365,441],[296,369,441],[295,367,439],[294,366,440],[154,321,4\
41],[146,320,440],
[156,315,440],[152,318,439],[150,314,439],[148,317,441],[147,276,348],[155,274,345],[149,271,343],[145,272,346],[153,\
275,347],[151,273,344],
[16,21,173],[13,20,180],[18,19,175],[17,24,176],[15,22,178],[14,23,172],[16,53,227],[18,52,235],[13,51,225],[14,54,22\
9],
[17,49,223],[15,50,232],[44,225,277],[48,235,278],[43,232,279],[47,229,278],[46,223,279],[45,227,277],[77,83,185],[79\
,87,187],
[76,84,189],[78,82,189],[81,85,185],[80,86,187],[254,424,439],[252,425,441],[254,423,440],[249,421,441],[252,422,439]\
,[249,426,440],
[109,220,279],[112,219,277],[110,222,278],[113,221,277],[114,217,279],[111,218,278],[5,128,357],[3,130,357],[1,127,35\
5],[4,129,355],
[2,131,356],[6,132,356],[30,96,218],[28,93,219],[27,95,222],[26,91,217],[25,94,221],[29,92,220],[6,104,353],[5,108,35\
2],
[4,107,350],[3,103,351],[2,105,354],[1,106,349],[8,280,379],[12,283,394],[9,282,391],[11,281,385],[7,285,382],[10,284\
,388],
[147,170,325],[151,170,323],[145,165,324],[149,162,326],[153,165,327],[155,162,322],[67,109,158],[64,114,163],[66,113\
,171],[69,111,166],
[65,112,168],[68,110,160],[15,93,130],[18,94,132],[16,96,131],[14,92,127],[13,91,128],[17,95,129],[20,83,136],[23,82,\
142],
[19,84,138],[24,87,134],[22,86,140],[21,85,144],[87,241,287],[84,244,291],[85,241,289],[83,246,290],[82,246,288],[86,\
244,286],
[26,182,260],[25,183,256],[29,186,262],[30,188,264],[27,181,258],[28,184,257],[2,73,431],[1,71,428],[6,72,427],[4,70,\
433],
[5,74,430],[3,75,434],[30,84,235],[27,82,229],[28,83,225],[26,86,232],[25,85,227],[29,87,223],[20,44,302],[23,47,299]\
,
[24,46,306],[22,43,309],[21,45,312],[19,48,304],[31,243,288],[32,239,289],[34,245,291],[36,240,290],[33,238,286],[35,\
242,287],
[22,257,411],[20,260,411],[21,264,416],[19,256,416],[23,262,419],[24,258,419],[10,194,396],[9,193,387],[12,190,384],[\
8,191,393],
[11,195,381],[7,192,390],[58,138,218],[60,136,219],[59,142,222],[61,140,217],[62,144,221],[63,134,220],[29,276,299],[\
25,274,304],
[30,271,312],[28,272,309],[26,275,302],[27,273,306],[31,198,328],[34,196,332],[36,199,333],[32,200,330],[35,201,331],\
[33,197,329],
[35,168,194],[32,163,193],[34,158,190],[33,160,191],[31,171,195],[36,166,192],[17,110,255],[13,114,251],[15,112,247],\
[14,109,250],
[16,111,253],[18,113,248],[77,411,433],[80,411,431],[76,416,430],[79,419,427],[81,416,428],[78,419,434],[8,328,341],[\
7,332,340],
[12,331,338],[9,329,337],[11,330,335],[10,333,334],[153,182,365],[147,186,369],[149,188,367],[155,183,366],[151,181,3\
68],[145,184,364],
[70,99,196],[73,98,198],[72,102,199],[74,97,201],[75,101,200],[71,100,197],[99,103,289],[101,107,291],[100,104,290],[\
97,105,288],
[102,106,286],[98,108,287],[118,174,438],[120,174,437],[122,179,436],[124,177,436],[126,177,437],[116,179,438],[204,2\
63,423],[203,261,425],
[202,261,422],[204,259,426],[203,259,421],[202,263,424],[5,142,400],[4,144,405],[6,140,403],[2,134,405],[1,136,400],[\
3,138,403],
[60,110,294],[58,114,292],[59,112,295],[62,109,297],[61,111,296],[63,113,293],[33,101,121],[34,102,115],[35,99,119],[\
31,100,125],
[32,98,117],[36,97,123],[41,180,431],[38,175,428],[37,178,433],[40,172,427],[42,176,434],[39,173,430],[53,163,239],[5\
2,158,245],
[51,166,240],[54,171,243],[49,168,242],[50,160,238],[8,95,325],[7,96,322],[12,92,323],[9,91,324],[11,94,326],[10,93,3\
27],
[87,99,161],[85,98,167],[83,97,169],[82,100,164],[84,102,159],[86,101,157],[276,395,441],[274,386,440],[271,383,439],\
[273,380,439],
[272,389,440],[275,392,441],[142,320,351],[144,317,349],[140,314,354],[134,315,353],[136,318,350],[138,321,352],[47,8\
4,201],[48,82,200],
[44,85,197],[45,83,196],[46,86,198],[43,87,199],[136,288,303],[142,290,310],[138,286,305],[134,289,300],[144,287,307]\
,[140,291,298],
[8,57,376],[9,55,373],[12,55,375],[10,56,372],[11,56,370],[7,57,378],[44,247,257],[46,250,262],[43,251,260],[48,253,2\
64],
[45,248,256],[47,255,258],[103,305,404],[107,307,402],[105,300,397],[104,298,399],[108,310,398],[106,303,401],[29,90,\
397],[25,90,402],
[30,89,404],[26,89,399],[27,88,398],[28,88,401],[135,218,304],[133,219,302],[143,217,309],[139,222,299],[137,220,306]\
,[141,221,312],
[4,185,334],[3,189,341],[1,185,335],[6,187,338],[5,189,340],[2,187,337],[168,228,241],[171,226,246],[158,234,244],[16\
3,224,241],
[166,231,246],[160,237,244],[151,254,385],[153,252,379],[145,254,382],[149,252,394],[147,249,388],[155,249,391],[63,9\
9,395],[62,98,386],
[59,100,380],[58,102,383],[60,97,389],[61,101,392],[167,232,263],[161,225,261],[164,227,261],[169,235,259],[157,229,2\
59],[159,223,263],
[161,175,238],[167,172,240],[157,173,242],[159,180,243],[169,176,239],[164,178,245],[173,218,266],[172,220,267],[176,\
222,270],[178,219,269],
[180,217,265],[175,221,268],[3,332,376],[2,331,373],[1,333,370],[4,330,372],[5,328,378],[6,329,375],[44,397,431],[47,\
399,427],
[46,404,434],[43,402,433],[45,398,430],[48,401,428],[86,128,260],[83,130,257],[87,127,262],[84,131,264],[82,129,258],\
[85,132,256],
[21,292,309],[24,295,302],[19,297,306],[22,294,299],[20,296,304],[23,293,312],[4,118,395],[2,120,386],[6,122,383],[3,\
116,392],
[1,124,380],[5,126,389],[123,148,307],[119,150,298],[117,152,303],[121,156,300],[115,146,310],[125,154,305],[16,183,3\
07],[13,184,303],
[18,188,305],[14,181,310],[17,186,300],[15,182,298],[204,208,364],[203,206,365],[203,210,369],[202,207,368],[204,209,\
366],[202,205,367],
[10,361,382],[11,358,391],[7,362,394],[12,363,388],[8,360,385],[9,359,379],[30,34,63],[27,31,62],[26,33,59],[28,36,58\
],
[29,35,60],[25,32,61],[18,150,277],[17,148,278],[14,152,279],[13,146,279],[16,156,278],[15,154,277],[235,267,307],[22\
5,266,298],
[232,270,303],[223,269,310],[229,268,300],[227,265,305],[125,178,244],[117,172,246],[121,173,241],[115,180,246],[119,\
175,244],[123,176,241],
[100,349,397],[101,351,401],[97,352,399],[102,353,402],[99,350,398],[98,354,404],[287,353,373],[291,352,376],[289,349\
,372],[288,351,378],
[286,354,375],[290,350,370],[78,230,255],[76,236,253],[77,233,247],[79,230,250],[80,233,251],[81,236,248],[103,121,43\
8],[105,117,437],
[107,119,438],[108,123,437],[106,125,436],[104,115,436],[5,111,200],[3,110,201],[1,113,196],[4,112,197],[6,109,198],[\
2,114,199],
[166,219,242],[171,222,238],[163,221,243],[168,220,245],[158,218,240],[160,217,239],[63,138,402],[58,136,399],[59,140\
,401],[61,144,404],
[60,134,398],[62,142,397],[168,178,245],[171,175,238],[158,172,240],[163,180,243],[160,176,239],[166,173,242],[30,144\
,404],[27,134,398],
[26,136,399],[28,140,401],[29,142,397],[25,138,402],[103,351,438],[107,350,438],[104,353,436],[108,352,437],[106,349,\
436],[105,354,437],
[5,128,200],[3,130,201],[1,127,196],[4,129,197],[2,131,199],[6,132,198],[5,27,111],[4,25,112],[6,26,109],[2,29,114],
[3,30,110],[1,28,113],[123,167,437],[121,161,438],[115,164,436],[117,169,437],[125,159,436],[119,157,438],[166,219,22\
3],[158,218,225],
[168,220,235],[171,222,232],[160,217,227],[163,221,229],[40,63,402],[38,62,397],[39,58,399],[42,59,401],[41,61,404],[\
37,60,398],
[125,227,305],[123,235,307],[119,225,298],[117,232,303],[121,229,300],[115,223,310],[5,288,378],[1,290,370],[6,286,37\
5],[4,289,372],
[3,291,376],[2,287,373],[30,63,99],[27,62,98],[26,59,100],[28,58,102],[25,61,101],[29,60,97],[110,222,299],[111,218,3\
04],
[113,221,312],[114,217,309],[109,220,306],[112,219,302],[47,78,255],[48,76,253],[44,77,247],[46,79,250],[43,80,251],[\
45,81,248],
[35,99,350],[32,98,354],[34,102,353],[36,97,352],[31,100,349],[33,101,351],[5,142,320],[4,144,317],[6,140,314],[2,134\
,315],
[3,138,321],[1,136,318],[167,204,263],[161,203,261],[164,202,261],[169,204,259],[159,202,263],[157,203,259],[118,395,\
438],[120,386,437],
[122,383,436],[126,389,437],[116,392,438],[124,380,436],[105,288,397],[103,289,404],[107,291,402],[104,290,399],[108,\
287,398],[106,286,401],
[71,82,100],[70,87,99],[75,86,101],[73,85,98],[72,84,102],[74,83,97],[17,60,110],[13,58,114],[15,59,112],[14,62,109],
[18,63,113],[16,61,111],[10,35,194],[9,32,193],[12,34,190],[8,33,191],[7,36,192],[11,31,195],[24,78,419],[22,77,411],
[20,80,411],[21,76,416],[19,81,416],[23,79,419],[31,198,288],[34,196,291],[36,199,290],[33,197,286],[35,201,287],[32,\
200,289],
[22,43,402],[20,44,397],[23,47,399],[24,46,404],[19,48,401],[21,45,398],[30,47,84],[27,48,82],[25,44,85],[26,46,86],
[29,43,87],[28,45,83],[4,178,433],[5,173,430],[2,180,431],[1,175,428],[3,176,434],[6,172,427],[155,183,256],[153,182,\
260],
[147,186,262],[149,188,264],[145,184,257],[151,181,258],[87,168,241],[82,171,246],[84,158,244],[85,163,241],[86,160,2\
44],[83,166,246],
[20,136,288],[23,142,290],[19,138,286],[24,134,289],[22,140,291],[21,144,287],[96,155,322],[95,147,325],[92,151,323],\
[91,145,324],
[93,153,327],[94,149,326],[11,335,385],[7,340,382],[8,341,379],[12,338,394],[9,337,391],[10,334,388],[96,138,218],[93\
,136,219],
[95,142,222],[91,140,217],[92,134,220],[94,144,221],[254,385,439],[252,379,441],[254,382,440],[249,391,440],[252,394,\
439],[249,388,441],
[80,86,128],[77,83,130],[79,87,127],[76,84,131],[81,85,132],[78,82,129],[13,223,279],[18,225,277],[17,235,278],[14,23\
2,279],
[15,227,277],[16,229,278],[53,163,227],[52,158,235],[51,166,225],[54,171,229],[50,160,232],[49,168,223],[16,21,183],[\
15,22,182],
[13,20,184],[18,19,188],[14,23,181],[17,24,186],[147,276,299],[155,274,304],[149,271,312],[145,272,309],[151,273,306]\
,[153,275,302],
[321,395,441],[320,386,440],[315,389,440],[318,383,439],[317,392,441],[314,380,439],[202,295,367],[204,294,366],[204,\
297,364],[203,293,365],
[202,292,368],[203,296,369],[15,100,130],[18,99,132],[16,101,131],[14,98,127],[17,97,129],[13,102,128],[8,68,110],[12\
,67,109],
[9,64,114],[11,66,113],[7,69,111],[10,65,112],[185,334,438],[189,341,438],[185,335,436],[187,338,436],[187,337,437],[\
189,340,437],
[54,125,178],[53,117,172],[50,121,173],[52,115,180],[51,123,176],[49,119,175],[10,70,361],[11,71,358],[7,74,362],[8,7\
5,360],
[9,73,359],[12,72,363],[173,218,256],[178,219,260],[176,222,262],[175,221,264],[180,217,257],[172,220,258],[9,183,373\
],[8,182,376],
[7,184,378],[12,188,375],[11,181,370],[10,186,372],[21,219,292],[24,217,295],[19,222,297],[22,220,294],[23,218,293],[\
20,221,296],
[8,130,399],[12,132,404],[7,128,401],[11,127,398],[9,131,402],[10,129,397],[61,78,163],[62,80,171],[58,79,166],[59,81\
,160],
[63,77,158],[60,76,168],[8,110,399],[7,111,401],[11,113,398],[12,109,404],[9,114,402],[10,112,397],[8,100,130],[10,97\
,129],
[9,101,131],[12,99,132],[11,98,127],[7,102,128],[20,80,171],[23,79,166],[19,81,160],[24,78,163],[21,76,168],[22,77,15\
8],
[16,61,78],[17,60,76],[18,63,77],[13,58,79],[15,59,81],[14,62,80],[202,219,292],[202,217,295],[203,218,293],[203,221,\
296],
[204,222,297],[204,220,294],[9,21,183],[8,22,182],[7,20,184],[12,19,188],[10,24,186],[11,23,181],[123,158,235],[125,1\
63,227],
[115,168,223],[119,166,225],[117,160,232],[121,171,229],[334,388,441],[341,379,441],[335,385,439],[340,382,440],[338,\
394,439],[337,391,440],
[94,144,149],[96,138,155],[92,134,151],[93,136,153],[95,142,147],[91,140,145],[155,173,256],[153,178,260],[147,176,26\
2],[149,175,264],
[151,172,258],[145,180,257],[6,53,172],[4,54,178],[5,50,173],[2,52,180],[1,49,175],[3,51,176],[10,70,87],[11,71,82],
[12,72,84],[9,73,85],[7,74,83],[8,75,86],[198,288,397],[200,289,404],[196,291,402],[199,290,399],[197,286,401],[201,2\
87,398],
[321,395,438],[320,386,437],[317,392,438],[314,380,436],[318,383,436],[315,389,437],[8,33,351],[10,35,350],[9,32,354]\
,[12,34,353],
[11,31,349],[7,36,352],[30,47,78],[27,48,76],[25,44,77],[26,46,79],[28,45,81],[29,43,80],[110,147,299],[111,155,304],
[113,149,312],[114,145,309],[112,153,302],[109,151,306],[5,20,288],[1,23,290],[6,19,286],[4,24,289],[2,21,287],[3,22,\
291],
[21,37,398],[22,40,402],[20,38,397],[23,39,399],[19,42,401],[24,41,404],[13,219,223],[15,217,227],[18,218,225],[17,22\
0,235],
[16,221,229],[14,222,232],[123,167,204],[121,161,203],[115,164,202],[117,169,204],[119,157,203],[125,159,202],[5,27,3\
20],[4,25,317],
[6,26,314],[1,28,318],[3,30,321],[2,29,315],[81,132,198],[80,128,200],[77,130,201],[79,127,196],[78,129,197],[76,131,\
199],
[334,351,438],[341,350,438],[335,353,436],[340,354,437],[338,349,436],[337,352,437],[30,99,144],[25,101,138],[27,98,1\
34],[26,100,136],
[29,97,142],[28,102,140],[87,168,178],[82,171,175],[84,158,172],[85,163,180],[83,166,173],[86,160,176],[53,81,155],[5\
0,80,153],
[54,78,151],[49,79,147],[52,76,149],[51,77,145],[2,52,149],[6,53,155],[4,54,151],[5,50,153],[3,51,145],[1,49,147],
[81,155,173],[80,153,178],[77,145,180],[79,147,176],[76,149,175],[78,151,172],[13,202,219],[15,202,217],[18,203,218],\
[14,204,222],
[17,204,220],[16,203,221],[30,321,438],[27,320,437],[25,317,438],[26,314,436],[29,315,437],[28,318,436],[76,199,399],\
[81,198,397],
[78,197,401],[80,200,404],[77,201,398],[79,196,402],[10,87,178],[11,82,175],[12,84,172],[9,85,180],[8,86,176],[7,83,1\
73],
[99,144,149],[101,138,155],[98,134,151],[100,136,153],[102,140,145],[97,142,147],[334,351,441],[341,350,441],[335,353\
,439],[340,354,440],
[337,352,440],[338,349,439],[121,171,203],[119,166,203],[117,160,204],[123,158,204],[125,163,202],[115,168,202],[9,21\
,37],[12,19,42],
[8,22,40],[7,20,38],[11,23,39],[10,24,41],[16,30,78],[17,27,76],[18,25,77],[13,26,79],[14,29,80],[15,28,81],
[5,20,171],[1,23,166],[6,19,160],[4,24,163],[3,22,158],[2,21,168],[8,100,351],[10,97,350],[9,101,354],[12,99,353],
[7,102,352],[11,98,349],[110,147,399],[112,153,397],[111,155,401],[113,149,398],[109,151,404],[114,145,402],[37,145,2\
02],[41,153,202],
[42,151,204],[39,149,203],[40,147,204],[38,155,203],[16,149,203],[17,151,204],[13,153,202],[15,145,202],[18,155,203],\
[14,147,204],
[9,37,202],[11,39,203],[7,38,203],[8,40,204],[10,41,202],[12,42,204],[4,163,202],[5,171,203],[1,166,203],[6,160,204],
[2,168,202],[3,158,204],[99,353,439],[100,351,441],[97,350,441],[101,354,440],[98,349,439],[102,352,440],[76,147,399]\
,[81,153,397],
[78,155,401],[79,145,402],[80,151,404],[77,149,398],[16,30,438],[17,27,437],[18,25,438],[13,26,436],[15,28,436],[14,2\
9,437],
[11,76,175],[7,81,173],[8,79,176],[10,80,178],[12,78,172],[9,77,180],[2,99,149],[6,101,155],[4,98,151],[5,100,153],
[1,97,147],[3,102,145],[9,77,149],[11,76,147],[7,81,153],[10,80,151],[12,78,155],[8,79,145],[4,98,439],[5,100,441],
[1,97,441],[2,99,439],[3,102,440],[6,101,440],[4,9,202],[5,11,203],[1,7,203],[2,10,202],[3,12,204],[6,8,204],
[16,149,438],[14,147,437],[13,153,436],[17,151,437],[18,155,438],[15,145,436],[9,149,438],[11,147,437],[7,153,436],[1\
0,151,437],
[8,145,436],[12,155,438],[4,9,439],[5,11,441],[1,7,441],[2,10,439],[6,8,440],[3,12,440],[9,438,439],[11,437,441],
[7,436,441],[10,437,439],[12,438,440],[8,436,440]];
 #---------------------------------------------------

