#SurfaceInfo: 504 Vertices, 4536 Edges, 3024 Faces, IsOrientable=true
 #Vertices of faces:
vof1:=[[502,503,504],[501,502,503],[500,503,504],[499,502,504],[496,497,498],[493,494,495],[490,491,492],[487,488,489],[484,485,486],[481,482,483],
[478,479,480],[475,476,477],[472,473,474],[469,470,471],[466,467,468],[463,464,465],[460,461,462],[458,459,482],[456,457,479],[454,455,485],
[451,452,453],[448,449,450],[445,446,447],[444,478,479],[443,484,485],[442,481,482],[441,484,486],[440,478,480],[439,481,483],[436,437,438],
[433,434,435],[430,431,432],[427,428,429],[424,425,426],[421,422,423],[418,419,420],[415,416,417],[412,413,414],[411,456,488],[410,458,491],
[409,454,494],[408,456,479],[407,458,482],[406,454,485],[404,405,454],[402,403,456],[400,401,458],[399,466,467],[398,460,461],[397,463,464],
[453,472,473],[450,475,476],[447,469,470],[396,496,497],[395,496,498],[394,497,498],[392,393,463],[390,391,466],[388,389,460],[387,455,472],
[386,457,475],[385,459,469],[382,383,384],[379,380,381],[376,377,378],[374,375,469],[372,373,472],[370,371,475],[369,493,494],[368,487,488],
[367,490,491],[364,365,366],[361,362,363],[358,359,360],[390,418,419],[388,412,413],[392,415,416],[355,356,357],[354,374,469],[353,370,475],
[352,372,472],[376,377,469],[379,380,475],[382,383,472],[351,383,384],[350,377,378],[349,380,381],[404,406,454],[400,407,458],[402,408,456],
[348,372,373],[347,374,375],[346,370,371],[447,459,469],[453,455,472],[450,457,475],[388,398,460],[392,397,463],[390,399,466],[345,396,496],
[344,394,497],[343,395,498],[342,428,470],[341,425,476],[340,422,473],[337,338,339],[334,335,336],[331,332,333],[330,387,455],[329,386,457],
[328,385,459],[327,380,393],[326,377,391],[325,383,389],[324,427,428],[323,421,422],[322,424,425],[321,419,420],[320,413,414],[319,416,417],
[378,411,456],[381,409,454],[384,410,458],[316,317,318],[315,316,317],[314,316,318],[313,317,318],[311,312,362],[309,310,359],[307,308,365],
[306,332,380],[305,338,377],[304,335,383],[302,303,323],[300,301,324],[298,299,322],[296,297,298],[294,295,300],[292,293,302],[290,291,391],
[288,289,393],[286,287,389],[284,285,361],[282,283,364],[280,281,358],[311,380,393],[309,383,389],[307,377,391],[327,380,449],[325,383,452],
[326,377,446],[279,322,425],[278,323,422],[277,324,428],[322,369,424],[323,367,421],[324,368,427],[276,321,419],[275,319,416],[274,320,413],
[273,384,410],[272,381,409],[271,378,411],[270,320,414],[269,321,420],[268,319,417],[364,384,458],[361,378,456],[358,381,454],[267,342,428],
[266,341,425],[265,340,422],[264,331,332],[263,337,338],[262,334,335],[261,328,385],[260,330,387],[259,329,386],[351,383,437],[349,380,431],
[350,377,434],[334,404,406],[337,400,407],[331,402,408],[348,373,427],[346,371,421],[347,375,424],[258,450,457],[257,453,455],[256,447,459],
[255,390,399],[254,392,397],[253,388,398],[252,345,396],[251,344,394],[250,343,395],[354,376,469],[352,382,472],[353,379,475],[311,355,356],
[307,355,357],[309,356,357],[302,390,418],[300,392,415],[298,388,412],[248,249,337],[246,247,331],[244,245,334],[242,243,276],[240,241,275],
[238,239,274],[338,369,493],[332,367,490],[335,368,487],[237,336,493],[236,339,490],[235,333,487],[234,350,421],[233,349,427],[232,351,424],
[231,320,364],[230,319,358],[229,321,361],[227,228,329],[225,226,328],[223,224,330],[390,419,427],[388,413,421],[392,416,424],[330,358,359],
[328,364,365],[329,361,362],[246,336,384],[248,333,381],[244,339,378],[309,428,470],[311,422,473],[307,425,476],[222,337,339],[221,331,333],
[220,334,336],[330,380,455],[329,377,457],[328,383,459],[219,301,384],[218,299,378],[217,303,381],[214,215,216],[211,212,213],[208,209,210],
[207,315,390],[206,313,388],[205,314,392],[203,204,429],[201,202,426],[199,200,423],[198,387,394],[197,385,395],[196,386,396],[194,195,322],
[192,193,323],[190,191,324],[200,229,317],[202,231,318],[204,230,316],[189,219,301],[188,217,303],[187,218,299],[203,208,209],[201,211,212],
[199,214,215],[186,214,216],[185,208,210],[184,211,213],[215,216,297],[212,213,295],[209,210,293],[183,302,390],[182,298,388],[181,300,392],
[180,248,337],[179,244,334],[178,246,331],[242,243,292],[238,239,296],[240,241,294],[177,336,493],[176,333,487],[175,339,490],[179,229,361],
[180,230,358],[178,231,364],[225,226,480],[223,224,483],[227,228,486],[184,413,421],[186,419,427],[185,416,424],[248,274,381],[246,276,384],
[244,275,378],[219,336,384],[217,333,381],[218,339,378],[174,380,455],[173,383,459],[172,377,457],[171,307,357],[170,309,356],[169,311,355],
[224,330,359],[228,329,362],[226,328,365],[319,330,358],[321,329,361],[320,328,364],[349,390,427],[351,392,424],[350,388,421],[220,237,336],
[222,236,339],[221,235,333],[311,356,422],[307,355,425],[309,357,428],[201,270,414],[203,268,417],[199,269,420],[358,381,407],[364,384,408],
[361,378,406],[272,303,381],[271,299,378],[273,301,384],[168,354,376],[167,353,379],[166,352,382],[254,392,478],[253,388,484],[255,390,481],
[258,392,457],[256,390,459],[257,388,455],[251,333,394],[252,339,396],[250,336,395],[259,356,386],[261,355,385],[260,357,387],[225,296,298],
[227,292,302],[223,294,300],[165,284,361],[164,280,358],[163,282,364],[162,290,291],[161,288,289],[160,286,287],[322,338,369],[324,335,368],
[323,332,367],[242,276,419],[238,274,413],[240,275,416],[328,383,452],[330,380,449],[329,377,446],[233,348,427],[232,347,424],[234,346,421],
[220,334,406],[221,331,408],[222,337,407],[249,263,337],[245,262,334],[247,264,331],[298,322,412],[302,323,418],[300,324,415],[332,380,490],
[335,383,487],[338,377,493],[309,359,470],[307,365,476],[311,362,473],[213,313,317],[210,314,318],[216,315,316],[311,380,431],[309,383,437],
[307,377,434],[265,278,422],[267,277,428],[266,279,425],[205,436,437],[207,430,431],[206,433,434],[188,396,497],[189,394,498],[187,395,496],
[264,392,393],[262,388,389],[263,390,391],[158,159,233],[156,157,234],[154,155,232],[153,169,245],[152,171,247],[151,170,249],[261,404,405],
[259,400,401],[260,402,403],[254,360,431],[255,363,434],[253,366,437],[150,259,417],[149,261,420],[148,260,414],[147,222,290],[146,220,286],
[145,221,288],[144,240,418],[143,242,412],[142,238,415],[242,437,438],[238,431,432],[240,434,435],[141,341,437],[140,340,434],[139,342,431],
[137,138,218],[135,136,219],[133,134,217],[213,393,463],[216,389,460],[210,391,466],[132,210,257],[131,213,256],[130,216,258],[186,345,371],
[184,343,375],[185,344,373],[129,439,483],[128,440,480],[127,441,486],[280,442,481],[284,443,484],[282,444,478],[126,415,417],[125,418,420],
[124,412,414],[123,441,484],[122,439,481],[121,440,478],[224,433,435],[226,430,432],[228,436,438],[120,428,429],[119,422,423],[118,425,426],
[203,444,479],[199,442,482],[201,443,485],[220,373,472],[222,375,469],[221,371,475],[451,452,463],[445,446,460],[448,449,466],[133,275,480],
[135,274,486],[137,276,483],[147,386,475],[146,385,469],[145,387,472],[142,218,429],[144,219,423],[143,217,426],[117,319,411],[116,320,409],
[115,321,410],[114,183,249],[113,181,247],[112,182,245],[184,248,249],[185,244,245],[186,246,247],[239,274,304],[241,275,306],[243,276,305],
[218,237,493],[219,235,487],[217,236,490],[155,230,319],[159,229,321],[157,231,320],[111,227,329],[110,223,330],[109,225,328],[220,311,393],
[221,307,391],[222,309,389],[108,279,322],[107,278,323],[106,277,324],[213,273,410],[216,271,411],[210,272,409],[105,351,437],[104,350,434],
[103,349,431],[252,328,345],[250,330,343],[251,329,344],[102,262,335],[101,263,338],[100,264,332],[249,261,328],[247,259,329],[245,260,330],
[204,311,312],[200,307,308],[202,309,310],[129,306,332],[128,304,335],[127,305,338],[154,302,303],[158,298,299],[156,300,301],[284,285,297],
[280,281,293],[282,283,295],[297,298,418],[293,302,415],[295,300,412],[110,286,389],[109,290,391],[111,288,393],[414,417,420],[133,135,137],
[115,116,117],[181,182,183],[99,121,472],[98,123,469],[97,122,475],[224,226,228],[96,246,359],[95,244,365],[94,248,362],[120,278,449],
[119,279,446],[118,277,452],[203,242,491],[199,238,494],[201,240,488],[109,219,477],[111,218,474],[110,217,471],[150,163,243],[149,164,239],
[148,165,241],[94,95,96],[93,94,95],[92,95,96],[91,94,96],[163,243,405],[164,239,403],[165,241,401],[90,149,164],[89,150,163],
[88,148,165],[169,219,477],[171,217,471],[170,218,474],[160,203,242],[162,201,240],[161,199,238],[111,393,474],[110,389,471],[109,391,477],
[283,295,412],[285,297,418],[281,293,415],[87,156,300],[86,154,302],[85,158,298],[129,189,306],[127,188,305],[128,187,304],[102,335,400],
[100,332,404],[101,338,402],[102,262,396],[101,263,394],[100,264,395],[84,104,434],[83,105,437],[82,103,431],[103,270,349],[105,269,351],
[104,268,350],[108,279,446],[106,277,452],[107,278,449],[155,161,230],[157,160,231],[159,162,229],[81,109,225],[80,110,223],[79,111,227],
[109,290,328],[111,288,329],[110,286,330],[78,276,305],[77,275,306],[76,274,304],[150,243,305],[149,239,304],[148,241,306],[94,184,248],
[96,186,246],[95,185,244],[184,249,261],[185,245,260],[186,247,259],[75,226,430],[74,224,433],[73,228,436],[148,264,393],[150,263,391],
[149,262,389],[72,187,496],[71,188,497],[70,189,498],[69,261,404],[68,260,402],[67,259,400],[171,247,449],[170,249,446],[169,245,452],
[206,293,433],[207,295,430],[205,297,436],[123,231,484],[121,230,478],[122,229,481],[66,280,481],[65,282,478],[64,284,484],[63,154,155],
[62,156,157],[61,158,159],[196,254,360],[198,253,366],[197,255,363],[126,417,438],[124,414,435],[125,420,432],[206,301,434],[205,303,437],
[207,299,431],[133,137,483],[133,135,480],[135,137,486],[116,117,320],[115,117,319],[115,116,321],[99,220,472],[97,221,475],[98,222,469],
[181,183,247],[182,183,249],[181,182,245],[123,146,469],[121,145,472],[122,147,475],[98,123,441],[99,121,440],[97,122,439],[111,142,218],
[110,143,217],[109,144,219],[203,444,491],[201,443,488],[199,442,494],[120,278,428],[118,277,425],[119,279,422],[118,452,463],[120,449,466],
[119,446,460],[226,228,432],[224,228,438],[224,226,435],[280,293,442],[282,295,444],[284,297,443],[125,298,418],[124,300,412],[126,302,415],
[129,332,439],[127,338,441],[128,335,440],[114,249,328],[113,247,329],[112,245,330],[186,328,345],[185,329,344],[184,330,343],[132,210,272],
[130,216,271],[131,213,273],[213,220,393],[216,222,389],[210,221,391],[155,319,411],[157,320,409],[159,321,410],[137,218,237],[133,217,236],
[135,219,235],[218,429,493],[217,426,490],[219,423,487],[150,259,401],[149,261,405],[148,260,403],[213,451,463],[210,448,466],[216,445,460],
[129,276,483],[127,274,486],[128,275,480],[147,222,386],[145,221,387],[146,220,385],[141,253,437],[139,254,431],[140,255,434],[238,415,432],
[240,418,435],[242,412,438],[242,341,437],[238,342,431],[240,340,434],[60,265,278],[59,266,279],[58,267,277],[204,311,431],[202,309,437],
[200,307,434],[216,258,315],[213,256,313],[210,257,314],[246,359,470],[248,362,473],[244,365,476],[180,248,382],[178,246,376],[179,244,379],
[152,247,264],[151,249,263],[153,245,262],[220,311,406],[222,309,407],[221,307,408],[154,232,347],[156,234,346],[158,233,348],[252,328,452],
[251,329,446],[250,330,449],[242,292,491],[240,294,488],[238,296,494],[143,242,419],[142,238,413],[144,240,416],[162,222,290],[161,221,288],
[160,220,286],[260,357,414],[259,356,417],[261,355,420],[164,333,394],[163,336,395],[165,339,396],[256,263,390],[257,262,388],[258,264,392],
[159,168,376],[155,167,379],[157,166,382],[154,272,303],[156,273,301],[158,271,299],[199,417,420],[201,414,420],[203,414,417],[57,381,407],
[56,378,406],[55,384,408],[72,356,422],[71,357,428],[70,355,425],[221,235,371],[222,236,375],[220,237,373],[184,375,413],[185,373,416],
[186,371,419],[54,321,329],[53,320,328],[52,319,330],[95,226,365],[94,228,362],[96,224,359],[93,169,355],[92,171,357],[91,170,356],
[248,274,374],[244,275,372],[246,276,370],[216,297,410],[213,295,409],[210,293,411],[184,213,410],[185,210,409],[186,216,411],[203,208,479],
[201,211,485],[199,214,482],[138,187,218],[136,189,219],[134,188,217],[204,230,312],[202,231,310],[200,229,308],[108,194,322],[106,190,324],
[107,192,323],[120,203,429],[119,199,423],[118,201,426],[189,387,394],[188,386,396],[187,385,395],[322,338,412],[324,335,415],[323,332,418],
[163,178,364],[164,180,358],[165,179,361],[227,302,486],[223,300,483],[225,298,480],[349,390,481],[351,392,478],[350,388,484],[174,380,490],
[172,377,493],[173,383,487],[177,219,336],[175,218,339],[176,217,333],[183,315,390],[181,314,392],[182,313,388],[102,131,387],[100,132,386],
[101,130,385],[51,65,276],[50,66,274],[49,64,275],[116,479,480],[117,482,483],[115,485,486],[48,190,289],[47,192,291],[46,194,287],
[45,367,491],[44,368,488],[43,369,494],[45,126,360],[44,124,366],[43,125,363],[61,358,360],[63,364,366],[62,361,363],[48,365,366],
[47,359,360],[46,362,363],[80,284,313],[81,280,315],[79,282,314],[253,272,481],[255,273,478],[254,271,484],[135,473,474],[137,470,471],
[133,476,477],[98,428,461],[97,425,467],[99,422,464],[43,170,486],[44,169,480],[45,171,483],[116,466,468],[117,460,462],[115,463,465],
[152,458,459],[151,454,455],[153,456,457],[72,152,266],[70,151,267],[71,153,265],[94,144,418],[96,142,415],[95,143,412],[60,360,431],
[58,366,437],[59,363,434],[42,150,417],[41,148,414],[40,149,420],[130,258,480],[132,257,486],[131,256,483],[141,263,341],[139,262,342],
[140,264,340],[142,180,429],[143,178,426],[144,179,423],[95,159,233],[94,155,232],[96,157,234],[47,153,169],[48,151,170],[46,152,171],
[40,344,373],[41,345,371],[42,343,375],[79,332,333],[80,335,336],[81,338,339],[349,366,381],[350,360,378],[351,363,384],[141,345,496],
[139,343,498],[140,344,497],[377,415,469],[383,418,472],[380,412,475],[183,302,406],[181,300,407],[182,298,408],[70,213,317],[71,210,318],
[72,216,316],[178,184,331],[179,186,334],[180,185,337],[165,198,284],[163,196,282],[164,197,280],[57,356,386],[55,357,387],[56,355,385],
[39,251,333],[38,252,339],[37,250,336],[226,272,480],[228,273,486],[224,271,483],[165,184,421],[163,185,424],[164,186,427],[170,309,439],
[169,311,441],[171,307,440],[156,274,381],[154,275,378],[158,276,384],[60,186,214],[59,184,211],[58,185,208],[201,212,262],[199,215,263],
[203,209,264],[36,201,202],[35,199,200],[34,203,204],[205,314,349],[206,313,351],[207,315,350],[135,229,317],[137,230,316],[133,231,318],
[194,195,335],[190,191,332],[192,193,338],[147,198,394],[146,196,396],[145,197,395],[74,86,99],[75,87,98],[73,85,97],[33,55,187],
[32,57,189],[31,56,188],[30,152,303],[29,151,299],[28,153,301],[57,90,115],[55,89,117],[56,88,116],[27,37,210],[26,38,213],
[25,39,216],[30,43,165],[29,44,163],[28,45,164],[110,263,428],[109,264,425],[111,262,422],[146,233,414],[145,234,417],[147,232,420],
[223,238,463],[227,240,466],[225,242,460],[242,247,346],[238,249,347],[240,245,348],[144,292,399],[143,296,398],[142,294,397],[144,393,399],
[142,389,397],[143,391,398],[223,238,347],[225,242,346],[227,240,348],[147,232,394],[146,233,396],[145,234,395],[201,262,422],[203,264,425],
[199,263,428],[43,165,421],[45,164,427],[44,163,424],[38,74,252],[39,75,251],[37,73,250],[27,37,336],[25,39,333],[26,38,339],
[57,90,386],[56,88,385],[55,89,387],[147,165,198],[145,164,197],[146,163,196],[60,186,334],[59,184,331],[58,185,337],[165,178,184],
[164,179,186],[163,180,185],[39,72,216],[38,70,213],[37,71,210],[141,369,496],[140,367,497],[139,368,498],[156,366,381],[154,360,378],
[158,363,384],[81,192,338],[79,190,332],[80,194,335],[96,234,306],[95,233,304],[94,232,305],[24,46,152],[23,47,153],[22,48,151],
[22,42,343],[24,41,345],[23,40,344],[144,179,292],[142,180,294],[143,178,296],[141,215,263],[140,209,264],[139,212,262],[257,273,486],
[256,271,483],[258,272,480],[42,150,375],[40,149,373],[41,148,371],[30,152,458],[28,153,456],[29,151,454],[72,152,303],[71,153,301],
[70,151,299],[57,115,465],[56,116,468],[55,117,462],[30,43,486],[28,45,483],[29,44,480],[99,111,422],[98,110,428],[97,109,425],
[135,317,473],[133,318,476],[137,316,470],[226,272,481],[224,271,484],[228,273,478],[197,280,315],[196,282,314],[198,284,313],[70,267,317],
[71,265,318],[72,266,316],[48,349,366],[46,351,363],[47,350,360],[79,282,333],[81,280,339],[80,284,336],[60,61,360],[58,63,366],
[59,62,363],[131,171,483],[132,170,486],[130,169,480],[43,363,369],[45,360,367],[44,366,368],[48,190,365],[46,194,362],[47,192,359],
[116,466,480],[115,463,486],[117,460,483],[74,99,224],[73,97,228],[75,98,226],[28,206,301],[29,207,299],[30,205,303],[42,417,438],
[40,420,432],[41,414,435],[126,196,360],[125,197,363],[124,198,366],[63,155,364],[61,159,358],[62,157,361],[65,255,478],[64,254,484],
[66,253,481],[67,175,218],[69,177,219],[68,176,217],[173,326,487],[174,325,490],[172,327,493],[205,349,481],[207,350,484],[206,351,478],
[191,332,418],[193,338,412],[195,335,415],[33,187,385],[31,188,386],[32,189,387],[108,194,287],[107,192,291],[106,190,289],[55,138,187],
[56,134,188],[57,136,189],[39,208,479],[38,214,482],[37,211,485],[66,274,374],[64,275,372],[65,276,370],[48,91,170],[46,92,171],
[47,93,169],[95,159,226],[96,157,224],[94,155,228],[114,373,416],[112,371,419],[113,375,413],[21,236,375],[20,237,373],[19,235,371],
[57,72,356],[56,70,355],[55,71,357],[33,55,408],[31,56,406],[32,57,407],[34,203,414],[35,199,417],[36,201,420],[256,263,341],
[258,264,340],[257,262,342],[30,165,396],[28,164,394],[29,163,395],[233,357,414],[232,355,420],[234,356,417],[292,399,491],[296,398,494],
[294,397,488],[65,252,452],[66,250,449],[64,251,446],[183,311,406],[182,307,408],[181,309,407],[152,264,459],[153,262,457],[151,263,455],
[180,382,429],[179,379,423],[178,376,426],[244,327,476],[246,326,470],[248,325,473],[36,202,437],[34,204,431],[35,200,434],[60,214,265],
[58,208,267],[59,211,266],[242,247,341],[240,245,340],[238,249,342],[380,412,438],[377,415,432],[383,418,435],[139,254,343],[140,255,344],
[141,253,345],[130,220,385],[131,221,387],[132,222,386],[51,129,276],[49,128,275],[50,127,274],[182,426,490],[181,429,493],[183,423,487],
[135,235,474],[137,237,471],[133,236,477],[27,210,221],[26,213,220],[25,216,222],[102,131,273],[101,130,271],[100,132,272],[309,332,439],
[307,335,440],[311,338,441],[125,298,408],[126,302,406],[124,300,407],[228,279,432],[226,277,435],[224,278,438],[86,99,440],[85,97,439],
[87,98,441],[123,146,414],[122,147,420],[121,145,417],[118,238,463],[119,242,460],[120,240,466],[183,247,346],[181,245,348],[182,249,347],
[115,319,485],[116,321,479],[117,320,482],[45,444,491],[43,442,494],[44,443,488],[278,428,461],[279,422,464],[277,425,467],[94,144,184],
[96,142,186],[95,143,185],[76,156,274],[78,158,276],[77,154,275],[79,227,466],[81,225,460],[80,223,463],[133,160,231],[135,162,229],
[137,161,230],[270,314,349],[268,315,350],[269,313,351],[60,82,431],[59,84,434],[58,83,437],[111,262,396],[109,264,395],[110,263,394],
[73,85,158],[74,86,154],[75,87,156],[281,415,469],[283,412,475],[285,418,472],[90,115,149],[88,116,148],[89,117,150],[170,439,474],
[171,440,471],[169,441,477],[93,94,418],[92,95,412],[91,96,415],[123,231,310],[122,229,308],[121,230,312],[154,272,347],[158,271,348],
[156,273,346],[183,258,315],[181,257,314],[182,256,313],[216,410,445],[213,409,451],[210,411,448],[159,168,410],[157,166,409],[155,167,411],
[52,112,330],[53,114,328],[54,113,329],[293,433,442],[297,436,443],[295,430,444],[135,298,480],[137,302,486],[133,300,483],[97,161,221],
[99,160,220],[98,162,222],[110,143,419],[109,144,416],[111,142,413],[184,261,410],[186,259,411],[185,260,409],[150,305,401],[148,306,403],
[149,304,405],[186,290,328],[184,286,330],[185,288,329],[108,249,446],[106,245,452],[107,247,449],[69,332,404],[67,335,400],[68,338,402],
[72,128,187],[71,127,188],[70,129,189],[148,393,474],[150,391,477],[149,389,471],[163,178,405],[165,179,401],[164,180,403],[120,160,203],
[118,162,201],[119,161,199],[18,57,148],[17,56,150],[16,55,149],[458,491,499],[454,494,500],[456,488,501],[408,473,479],[406,470,485],
[407,476,482],[128,398,461],[129,397,464],[127,399,467],[18,81,450],[16,79,453],[17,80,447],[249,411,488],[247,409,494],[245,410,491],
[233,493,495],[234,487,489],[232,490,492],[234,405,454],[233,401,458],[232,403,456],[179,449,450],[178,446,447],[180,452,453],[83,445,447],
[82,451,453],[84,448,450],[317,379,381],[316,382,384],[318,376,378],[126,494,495],[124,491,492],[125,488,489],[310,453,473],[308,447,470],
[312,450,476],[305,421,423],[304,424,426],[306,427,429],[102,387,433],[101,385,430],[100,386,436],[49,64,156],[51,65,154],[50,66,158],
[46,287,439],[47,291,440],[48,289,441],[40,45,126],[41,43,125],[42,44,124],[80,288,313],[79,290,314],[81,286,315],[60,253,272],
[58,255,273],[59,254,271],[97,281,467],[99,283,464],[98,285,461],[45,111,171],[43,109,170],[44,110,169],[151,161,267],[152,160,266],
[153,162,265],[233,349,485],[232,351,482],[234,350,479],[82,246,336],[84,248,333],[83,244,339],[15,327,449],[14,326,446],[13,325,452],
[55,367,421],[56,368,427],[57,369,424],[276,321,495],[274,320,489],[275,319,492],[179,270,320],[178,268,319],[180,269,321],[12,364,458],
[11,358,454],[10,361,456],[300,331,402],[298,334,404],[302,337,400],[71,375,424],[72,373,427],[70,371,421],[256,289,447],[257,291,453],
[258,287,450],[16,254,397],[17,253,398],[18,255,399],[267,280,342],[266,282,341],[265,284,340],[67,312,362],[69,308,365],[68,310,359],
[9,306,380],[8,305,377],[7,304,383],[24,301,324],[23,299,322],[22,303,323],[6,296,297],[5,292,293],[4,294,295],[289,322,393],
[287,323,389],[291,324,391],[52,285,361],[53,281,358],[54,283,364],[21,315,317],[20,313,318],[19,314,316],[36,74,433],[34,73,436],
[35,75,430],[6,148,264],[5,149,262],[4,150,263],[72,273,496],[71,271,497],[70,272,498],[69,75,261],[67,73,259],[68,74,260],
[33,171,449],[31,169,452],[32,170,446],[205,297,492],[207,295,495],[206,293,489],[25,229,481],[26,231,484],[27,230,478],[66,280,367],
[64,284,369],[65,282,368],[43,63,154],[44,61,158],[45,62,156],[196,237,254],[197,235,255],[198,236,253],[126,289,438],[125,291,432],
[124,287,435],[299,308,431],[303,312,437],[301,310,434],[3,297,410],[2,293,411],[1,295,409],[207,248,374],[205,246,370],[206,244,372],
[60,92,357],[58,93,355],[59,91,356],[54,87,321],[52,85,319],[53,86,320],[72,167,422],[70,168,425],[71,166,428],[46,57,381],
[47,55,384],[48,56,378],[159,376,448],[157,382,445],[155,379,451],[164,333,400],[165,339,404],[163,336,402],[246,376,497],[248,382,496],
[244,379,498],[60,278,489],[59,279,492],[58,277,495],[78,305,433],[76,304,436],[77,306,430],[16,155,161],[17,157,160],[18,159,162],
[81,109,310],[79,111,308],[80,110,312],[84,104,396],[82,103,394],[83,105,395],[103,270,369],[104,268,368],[105,269,367],[102,400,492],
[101,402,489],[100,404,495],[100,362,395],[101,365,394],[102,359,396],[80,188,305],[79,187,304],[81,189,306],[87,300,315],[85,298,314],
[86,302,313],[97,243,405],[99,241,401],[98,239,403],[90,107,164],[89,106,163],[88,108,165],[67,162,240],[68,161,238],[69,160,242],
[16,169,219],[17,170,218],[18,171,217],[92,96,220],[91,94,221],[93,95,222],[209,212,215],[359,362,365],[423,426,429],[156,288,343],
[158,286,345],[154,290,344],[1,126,439],[3,124,440],[2,125,441],[28,61,267],[29,63,266],[30,62,265],[12,60,191],[11,59,193],
[10,58,195],[7,8,9],[21,52,289],[20,54,291],[19,53,287],[259,260,261],[229,230,231],[196,197,198],[106,107,108],[90,107,108],
[88,106,108],[89,106,107],[16,155,169],[18,159,171],[17,157,170],[107,164,400],[108,165,404],[106,163,402],[376,448,497],[379,451,498],
[382,445,496],[205,246,497],[206,244,498],[207,248,496],[196,197,237],[197,198,235],[196,198,236],[27,229,230],[26,230,231],[25,229,231],
[297,400,492],[295,404,495],[293,402,489],[206,372,489],[205,370,492],[207,374,495],[75,260,261],[73,259,261],[74,259,260],[67,73,162],
[69,75,160],[68,74,161],[36,78,433],[35,77,430],[34,76,436],[21,52,315],[19,53,314],[20,54,313],[52,285,289],[53,281,287],
[54,283,291],[21,289,322],[19,287,323],[20,291,324],[3,6,297],[1,4,295],[2,5,293],[6,148,296],[4,150,294],[5,149,292],
[22,303,312],[24,301,310],[23,299,308],[7,9,306],[7,8,304],[8,9,305],[67,100,362],[68,102,359],[69,101,365],[267,280,367],
[266,282,368],[265,284,369],[16,219,397],[17,218,398],[18,217,399],[70,168,421],[72,167,427],[71,166,424],[70,272,371],[72,273,373],
[71,271,375],[300,315,331],[302,313,337],[298,314,334],[12,191,458],[10,195,456],[11,193,454],[275,279,492],[276,277,495],[274,278,489],
[87,321,495],[86,320,489],[85,319,492],[15,33,449],[14,32,446],[13,31,452],[28,161,267],[30,162,265],[29,160,266],[16,151,161],
[18,153,162],[17,152,160],[99,283,401],[97,281,405],[98,285,403],[60,253,357],[59,254,356],[58,255,355],[80,188,288],[81,189,286],
[79,187,290],[41,43,63],[40,45,62],[42,44,61],[46,126,439],[48,125,441],[47,124,440],[289,438,441],[287,435,439],[291,432,440],
[45,49,156],[44,50,158],[43,51,154],[102,433,492],[100,436,495],[101,430,489],[81,306,429],[79,304,426],[80,305,423],[81,310,473],
[80,312,476],[79,308,470],[305,421,433],[306,427,430],[304,424,436],[58,126,495],[60,125,489],[59,124,492],[46,317,381],[48,318,378],
[47,316,384],[19,316,382],[20,318,376],[21,317,379],[83,289,447],[84,287,450],[82,291,453],[179,270,450],[180,269,453],[178,268,447],
[83,244,445],[84,248,448],[82,246,451],[234,405,479],[232,403,482],[233,401,485],[40,126,494],[41,125,488],[42,124,491],[234,454,489],
[232,456,492],[233,458,495],[178,405,446],[180,403,452],[179,401,449],[108,249,488],[106,245,491],[107,247,494],[3,261,410],[1,260,409],
[2,259,411],[110,169,419],[111,171,413],[109,170,416],[97,161,243],[98,162,239],[99,160,241],[133,300,402],[137,302,400],[135,298,404],
[386,436,443],[385,430,444],[387,433,442],[52,112,361],[54,113,364],[53,114,358],[122,308,447],[121,312,450],[123,310,453],[1,439,474],
[2,441,477],[3,440,471],[281,467,469],[285,461,472],[283,464,475],[75,156,343],[74,154,344],[73,158,345],[84,111,396],[82,110,394],
[83,109,395],[59,84,91],[58,83,93],[60,82,92],[269,288,313],[270,290,314],[268,286,315],[81,450,460],[80,447,463],[79,453,466],
[76,156,288],[77,154,290],[78,158,286],[128,278,461],[127,277,467],[129,279,464],[45,111,444],[44,110,443],[43,109,442],[320,351,482],
[321,350,479],[319,349,485],[69,119,242],[67,120,240],[68,118,238],[54,87,441],[53,86,440],[52,85,439],[1,126,406],[2,125,408],
[3,124,407],[58,102,273],[60,100,272],[59,101,271],[25,95,222],[27,94,221],[26,96,220],[235,255,474],[236,253,477],[237,254,471],
[51,129,397],[50,127,399],[49,128,398],[93,132,222],[92,130,220],[91,131,221],[18,255,344],[17,253,345],[16,254,343],[9,380,438],
[7,383,435],[8,377,432],[249,342,411],[245,340,410],[247,341,409],[62,214,265],[61,208,267],[63,211,266],[36,312,437],[35,310,434],
[34,308,431],[325,473,479],[327,476,482],[326,470,485],[382,423,429],[376,426,429],[379,423,426],[6,264,459],[4,263,455],[5,262,457],
[399,491,499],[397,488,501],[398,494,500],[233,357,493],[234,356,487],[232,355,490],[30,359,396],[29,362,395],[28,365,394],[256,282,341],
[257,280,342],[258,284,340],[33,408,473],[32,407,476],[31,406,470],[18,57,72],[16,55,71],[17,56,70],[159,226,448],[155,228,451],
[157,224,445],[66,367,374],[65,368,370],[64,369,372],[56,134,368],[57,136,369],[55,138,367],[107,257,291],[108,258,287],[106,256,289],
[25,205,481],[26,207,484],[27,206,478],[13,174,325],[15,172,327],[14,173,326],[67,175,312],[68,176,310],[69,177,308],[12,155,364],
[10,157,361],[11,159,358],[125,197,291],[124,198,287],[126,196,289],[29,63,207],[30,62,205],[28,61,206],[190,359,365],[192,359,362],
[194,362,365],[103,363,369],[105,360,367],[104,366,368],[31,130,169],[32,132,170],[33,131,171],[11,59,62],[12,60,61],[10,58,63],
[282,333,400],[284,336,402],[280,339,404],[87,197,315],[86,198,313],[85,196,314],[98,110,312],[97,109,310],[99,111,308],[46,57,465],
[48,56,468],[47,55,462],[28,456,501],[30,458,499],[29,454,500],[18,148,371],[16,149,373],[17,150,375],[257,273,496],[258,272,498],
[256,271,497],[140,209,212],[139,212,215],[141,209,215],[179,292,320],[180,294,321],[178,296,319],[23,153,322],[22,151,323],[24,152,324],
[22,288,343],[23,290,344],[24,286,345],[18,81,192],[17,80,194],[16,79,190],[64,156,366],[66,158,363],[65,154,360],[141,270,369],
[140,269,367],[139,268,368],[60,191,334],[58,195,337],[59,193,331],[27,82,336],[26,83,339],[25,84,333],[34,73,250],[35,75,251],
[36,74,252],[43,55,421],[44,57,424],[45,56,427],[167,201,422],[166,199,428],[168,203,425],[105,234,395],[104,233,396],[103,232,394],
[144,322,393],[143,324,391],[142,323,389],[166,409,451],[167,411,448],[168,410,445],[116,148,474],[115,149,471],[117,150,477],[120,133,160],
[119,137,161],[118,135,162],[143,185,288],[144,184,286],[142,186,290],[69,309,332],[68,311,338],[67,307,335],[183,258,487],[182,256,490],
[181,257,493],[183,311,346],[182,307,347],[181,309,348],[34,123,414],[35,121,417],[36,122,420],[21,113,375],[19,112,371],[20,114,373],
[93,191,418],[91,195,415],[92,193,412],[65,252,255],[64,251,254],[66,250,253],[42,278,438],[41,277,435],[40,279,432],[48,91,349],
[47,93,350],[46,92,351],[97,228,478],[98,226,481],[99,224,484],[267,317,473],[266,316,470],[265,318,476],[28,460,483],[29,466,480],
[30,463,486],[72,128,303],[70,129,299],[71,127,301],[94,305,401],[95,304,405],[96,306,403],[39,72,208],[37,71,211],[38,70,214],
[147,165,178],[146,163,180],[145,164,179],[31,90,386],[32,89,387],[33,88,385],[223,272,347],[225,273,346],[227,271,348],[269,469,471],
[270,472,474],[268,475,477],[91,459,482],[92,457,479],[93,455,485],[46,467,468],[48,461,462],[47,464,465],[18,450,492],[16,453,489],
[17,447,495],[55,85,149],[57,87,148],[56,86,150],[13,117,411],[15,115,410],[14,116,409],[114,183,363],[112,182,366],[113,181,360],
[133,190,275],[137,192,276],[135,194,274],[133,134,281],[135,136,283],[137,138,285],[4,146,286],[5,145,288],[6,147,290],[62,327,393],
[61,325,389],[63,326,391],[73,342,470],[75,340,473],[74,341,476],[348,372,438],[346,370,432],[347,374,435],[282,352,372],[280,353,370],
[284,354,374],[12,239,296],[11,241,294],[10,243,292],[162,291,504],[160,287,503],[161,289,502],[26,225,296],[25,227,292],[27,223,294],
[174,254,478],[172,255,481],[173,253,484],[122,388,455],[123,392,457],[121,390,459],[128,168,354],[129,166,352],[127,167,353],[201,270,337],
[199,269,331],[203,268,334],[36,361,406],[34,364,408],[35,358,407],[140,177,493],[139,175,490],[141,176,487],[180,230,399],[178,231,397],
[179,229,398],[3,174,455],[1,172,457],[2,173,459],[25,212,295],[26,209,293],[27,215,297],[94,187,299],[95,189,301],[96,188,303],
[191,200,317],[195,204,316],[193,202,318],[8,206,388],[7,205,392],[9,207,390],[195,197,385],[193,196,386],[191,198,387],[195,215,322],
[191,212,324],[193,209,323],[49,200,423],[51,202,426],[50,204,429],[15,228,279],[13,224,278],[14,226,277],[116,182,426],[115,183,423],
[117,181,429],[244,327,444],[248,325,443],[246,326,442],[65,100,452],[64,102,446],[66,101,449],[3,19,235],[1,21,236],[2,20,237],
[114,312,416],[113,310,413],[112,308,419],[39,129,479],[37,128,485],[38,127,482],[76,327,493],[78,325,490],[77,326,487],[69,214,219],
[67,208,218],[68,211,217],[234,306,462],[233,304,468],[232,305,465],[22,48,147],[23,47,146],[24,46,145],[23,40,168],[24,41,166],
[22,42,167],[112,367,497],[114,368,498],[113,369,496],[12,39,75],[10,37,73],[11,38,74],[19,393,399],[21,391,398],[20,389,397],
[28,54,252],[30,53,250],[29,52,251],[12,24,438],[11,22,432],[10,23,435],[1,120,176],[2,119,175],[3,118,177],[19,31,341],
[20,32,340],[21,33,342],[1,21,342],[3,19,341],[2,20,340],[76,327,444],[77,326,442],[78,325,443],[50,117,429],[51,116,426],
[49,115,423],[195,197,215],[193,196,209],[191,198,212],[1,176,457],[3,177,455],[2,175,459],[37,128,168],[39,129,166],[38,127,167],
[7,123,392],[9,121,390],[8,122,388],[27,223,297],[26,225,293],[25,227,295],[10,23,243],[12,24,239],[11,22,241],[11,27,294],
[10,25,292],[12,26,296],[12,372,438],[10,374,435],[11,370,432],[19,62,393],[21,63,391],[20,61,389],[5,24,145],[6,22,147],
[4,23,146],[133,190,281],[137,192,285],[135,194,283],[48,147,462],[47,146,465],[46,145,468],[93,128,485],[91,127,482],[92,129,479],
[102,405,446],[101,401,449],[100,403,452],[19,31,90],[21,33,88],[20,32,89],[147,178,397],[146,180,399],[145,179,398],[94,187,401],
[96,188,403],[95,189,405],[128,303,354],[127,301,353],[129,299,352],[28,54,460],[30,53,463],[29,52,466],[73,266,470],[74,265,476],
[75,267,473],[97,174,478],[99,173,484],[98,172,481],[93,191,317],[92,193,318],[91,195,316],[77,258,487],[76,257,493],[78,256,490],
[116,182,474],[117,181,477],[115,183,471],[24,166,451],[22,167,448],[23,168,445],[144,215,322],[142,209,323],[143,212,324],[105,234,462],
[103,232,465],[104,233,468],[167,201,337],[168,203,334],[166,199,331],[43,55,85],[44,57,87],[45,56,86],[191,268,334],[193,269,331],
[195,270,337],[64,182,366],[65,181,360],[66,183,363],[139,175,215],[141,176,209],[140,177,212],[28,252,501],[29,251,500],[30,250,499],
[97,310,413],[99,308,419],[98,312,416],[284,374,402],[280,370,404],[282,372,400],[11,62,327],[10,63,326],[12,61,325],[31,130,341],
[33,131,342],[32,132,340],[103,114,363],[104,112,366],[105,113,360],[197,291,504],[196,289,502],[198,287,503],[12,39,155],[11,38,159],
[10,37,157],[13,117,174],[14,116,173],[15,115,172],[27,206,215],[25,205,212],[26,207,209],[13,224,445],[15,228,451],[14,226,448],
[256,282,352],[258,284,354],[257,280,353],[140,357,493],[139,355,490],[141,356,487],[230,399,499],[229,398,500],[231,397,501],[5,123,457],
[4,122,455],[6,121,459],[36,114,312],[34,112,308],[35,113,310],[62,69,214],[63,68,211],[61,67,208],[13,342,411],[14,341,409],
[15,340,410],[8,22,432],[7,23,435],[9,24,438],[21,49,398],[20,51,397],[19,50,399],[26,96,303],[27,94,299],[25,95,301],
[1,120,406],[3,118,407],[2,119,408],[54,252,441],[52,251,439],[53,250,440],[68,118,177],[67,120,176],[69,119,175],[84,91,459],
[82,92,457],[83,93,455],[74,341,344],[73,342,345],[75,340,343],[269,467,469],[268,464,475],[270,461,472],[3,269,471],[2,268,477],
[1,270,474],[36,112,361],[35,114,358],[34,113,364],[195,385,444],[191,387,442],[193,386,443],[3,235,261],[2,237,259],[1,236,260],
[40,168,494],[42,167,491],[41,166,488],[244,444,445],[246,442,451],[248,443,448],[46,317,467],[47,316,464],[48,318,461],[433,450,492],
[430,453,489],[436,447,495],[43,51,202],[44,50,204],[45,49,200],[348,438,441],[346,432,440],[347,435,439],[5,188,288],[6,187,290],
[4,189,286],[172,255,355],[173,253,357],[174,254,356],[136,283,401],[138,285,403],[134,281,405],[15,33,279],[13,31,278],[14,32,277],
[18,85,492],[17,87,495],[16,86,489],[190,275,279],[194,274,278],[192,276,277],[191,200,458],[193,202,454],[195,204,456],[214,219,397],
[211,217,399],[208,218,398],[112,267,367],[113,265,369],[114,266,368],[65,67,100],[64,68,102],[66,69,101],[7,306,462],[9,305,465],
[8,304,468],[87,148,296],[85,149,292],[86,150,294],[3,6,174],[2,5,173],[1,4,172],[36,78,406],[35,77,407],[34,76,408],
[73,162,504],[74,161,502],[75,160,503],[12,75,260],[11,74,259],[10,73,261],[9,207,496],[7,205,497],[8,206,498],[112,448,497],
[113,445,496],[114,451,498],[69,309,348],[68,311,346],[67,307,347],[34,123,250],[36,122,252],[35,121,251],[22,143,288],[23,142,290],
[24,144,286],[107,257,496],[106,256,497],[108,258,498],[136,369,372],[138,367,374],[134,368,370],[18,72,208],[17,70,214],[16,71,211],
[30,190,359],[28,194,365],[29,192,362],[18,192,344],[16,190,343],[17,194,345],[92,130,351],[91,131,349],[93,132,350],[252,255,474],
[251,254,471],[250,253,477],[292,320,351],[296,319,349],[294,321,350],[42,128,278],[41,127,277],[40,129,279],[76,269,288],[78,268,286],
[77,270,290],[84,111,444],[83,109,442],[82,110,443],[122,447,463],[123,453,466],[121,450,460],[120,133,402],[118,135,404],[119,137,400],
[325,405,479],[326,401,485],[327,403,482],[141,270,450],[139,268,447],[140,269,453],[20,114,376],[21,113,379],[19,112,382],[58,102,126],
[59,101,124],[60,100,125],[33,81,473],[31,79,470],[32,80,476],[79,379,426],[80,382,423],[81,376,429],[46,126,465],[47,124,462],
[48,125,468],[41,63,207],[42,61,206],[40,62,205],[18,153,371],[17,152,375],[16,151,373],[28,161,243],[29,160,241],[30,162,239],
[223,272,371],[227,271,375],[225,273,373],[168,421,433],[166,424,436],[167,427,430],[22,175,312],[23,177,308],[24,176,310],[21,153,322],
[20,152,324],[19,151,323],[83,285,289],[82,283,291],[84,281,287],[52,315,331],[54,313,337],[53,314,334],[372,454,489],[374,458,495],
[370,456,492],[27,82,229],[25,84,231],[26,83,230],[87,197,237],[85,196,236],[86,198,235],[107,297,400],[106,293,402],[108,295,404],
[155,169,419],[157,170,416],[159,171,413],[89,107,494],[88,106,491],[90,108,488],[153,223,371],[151,225,373],[152,227,375],[33,81,376],
[32,80,382],[31,79,379],[102,126,465],[100,125,468],[101,124,462],[102,325,405],[100,327,403],[101,326,401],[84,281,444],[82,283,443],
[83,285,442],[131,296,349],[132,294,350],[130,292,351],[30,190,239],[29,192,241],[28,194,243],[9,107,496],[8,108,498],[7,106,497],
[87,237,296],[86,235,294],[85,236,292],[200,374,458],[204,370,456],[202,372,454],[18,85,208],[16,86,211],[17,87,214],[33,190,279],
[32,192,277],[31,194,278],[6,174,187],[4,172,189],[5,173,188],[141,433,450],[140,430,453],[139,436,447],[89,168,494],[90,166,488],
[88,167,491],[12,236,260],[10,235,261],[11,237,259],[35,114,266],[36,112,267],[34,113,265],[1,77,270],[2,78,268],[3,76,269],
[66,69,175],[65,67,176],[64,68,177],[250,346,440],[251,347,439],[252,348,441],[78,120,406],[76,119,408],[77,118,407],[21,49,153],
[19,50,151],[20,51,152],[8,22,175],[9,24,176],[7,23,177],[62,69,348],[61,67,347],[63,68,346],[36,114,451],[35,113,445],
[34,112,448],[5,123,250],[6,121,251],[4,122,252],[84,231,501],[83,230,499],[82,229,500],[141,174,356],[140,173,357],[139,172,355],
[13,444,445],[14,443,448],[15,442,451],[40,205,212],[41,207,209],[42,206,215],[38,159,413],[37,157,416],[39,155,419],[103,114,376],
[104,112,382],[105,113,379],[130,341,344],[131,342,345],[132,340,343],[120,374,402],[119,372,400],[118,370,404],[252,474,501],[250,477,499],
[251,471,500],[195,270,461],[193,269,467],[191,268,464],[43,85,202],[45,86,200],[44,87,204],[53,168,334],[52,166,331],[54,167,337],
[144,175,215],[143,177,212],[142,176,209],[64,182,474],[66,183,471],[65,181,477],[76,257,353],[78,256,352],[77,258,354],[93,317,467],
[92,318,461],[91,316,464],[97,174,413],[98,172,416],[99,173,419],[73,266,504],[75,267,503],[74,265,502],[52,123,466],[54,121,460],
[53,122,463],[26,303,354],[27,299,352],[25,301,353],[136,187,401],[134,189,405],[138,188,403],[147,214,397],[145,208,398],[146,211,399],
[42,93,128],[40,92,129],[41,91,127],[105,147,462],[104,145,468],[103,146,465],[194,283,345],[190,281,343],[192,285,344],[5,24,451],
[4,23,445],[6,22,448],[19,62,90],[20,61,89],[21,63,88],[12,136,372],[11,134,370],[10,138,374],[11,27,327],[12,26,325],
[10,25,326],[24,144,239],[22,143,241],[23,142,243],[107,223,297],[108,227,295],[106,225,293],[7,123,462],[8,122,468],[9,121,465],
[37,168,433],[38,167,430],[39,166,436],[84,175,459],[83,177,455],[82,176,457],[197,215,504],[198,212,503],[196,209,502],[50,117,174],
[51,116,173],[49,115,172],[76,195,444],[78,193,443],[77,191,442],[1,13,342],[2,15,340],[3,14,341],[105,147,214],[103,146,211],
[104,145,208],[25,326,353],[26,325,354],[27,327,352],[53,122,468],[54,121,465],[52,123,462],[42,93,467],[41,91,464],[40,92,461],
[144,175,239],[142,176,243],[143,177,241],[76,195,461],[77,191,464],[78,193,467],[66,471,500],[64,474,501],[65,477,499],[132,281,343],
[130,285,344],[131,283,345],[38,174,413],[39,173,419],[37,172,416],[42,215,504],[41,209,502],[40,212,503],[50,141,174],[49,139,172],
[51,140,173],[84,175,501],[82,176,500],[83,177,499],[4,35,445],[6,34,448],[5,36,451],[62,90,348],[63,88,346],[61,89,347],
[49,153,223],[51,152,227],[50,151,225],[78,120,352],[77,118,354],[76,119,353],[5,250,346],[4,252,348],[6,251,347],[8,66,175],
[7,64,177],[9,65,176],[1,13,77],[3,14,76],[2,15,78],[35,266,504],[34,265,502],[36,267,503],[12,136,236],[11,134,237],
[10,138,235],[53,89,168],[54,88,167],[52,90,166],[37,141,433],[39,139,436],[38,140,430],[136,174,187],[138,173,188],[134,172,189],
[85,202,208],[87,204,214],[86,200,211],[120,200,374],[118,204,370],[119,202,372],[9,107,223],[7,106,225],[8,108,227],[33,190,239],
[31,194,243],[32,192,241],[131,237,296],[130,236,292],[132,235,294],[13,281,444],[15,285,442],[14,283,443],[102,325,465],[101,326,462],
[100,327,468],[33,103,376],[31,105,379],[32,104,382],[33,103,239],[32,104,241],[31,105,243],[103,200,211],[104,202,208],[105,204,214],
[132,138,235],[130,136,236],[131,134,237],[120,200,352],[119,202,353],[118,204,354],[8,51,227],[9,49,223],[7,50,225],[4,90,348],
[6,89,347],[5,88,346],[4,35,504],[5,36,503],[6,34,502],[37,50,141],[38,51,140],[39,49,139],[38,136,174],[37,134,172],
[39,138,173],[13,132,281],[14,131,283],[15,130,285],[8,66,500],[9,65,499],[7,64,501],[15,78,467],[14,76,461],[13,77,464],
[175,239,501],[177,241,499],[176,243,500],[42,467,504],[40,461,503],[41,464,502],[53,89,468],[52,90,462],[54,88,465],[327,352,468],
[325,354,465],[326,353,462],[89,352,468],[88,354,465],[90,353,462],[103,239,501],[105,243,500],[104,241,499],[15,467,504],[14,461,503],
[13,464,502],[38,51,136],[37,50,134],[39,49,138],[6,89,502],[5,88,503],[4,90,504],[8,51,500],[7,50,501],[9,49,499],
[15,130,136],[14,131,134],[13,132,138],[103,200,352],[105,204,354],[104,202,353],[89,352,502],[90,353,504],[88,354,503],[51,136,500],
[49,138,499],[50,134,501],[15,136,504],[13,138,502],[14,134,503],[103,352,501],[104,353,499],[105,354,500],[352,501,502],[354,500,503],
[353,499,504],[136,500,504],[134,501,503],[138,499,502]];
###############################################################

#SurfaceInfo: 192 Vertices, 4608 Edges, 3072 Faces, IsOrientable=true
 #Vertices of faces:
vof2:=[[190,191,192],[189,190,191],[188,191,192],[187,190,192],[184,185,186],[182,183,185],[181,182,186],[181,183,184],[178,179,180],[175,176,177],
[172,173,174],[169,170,171],[166,167,168],[163,164,165],[160,161,162],[157,158,159],[154,155,156],[151,152,153],[148,149,150],[145,146,147],
[144,168,186],[143,165,185],[142,171,184],[141,165,179],[140,168,173],[139,171,176],[138,149,158],[137,146,161],[136,152,155],[134,135,161],
[132,133,158],[130,131,155],[129,148,190],[128,145,192],[127,151,191],[148,151,188],[145,148,189],[145,151,187],[126,145,189],[125,151,187],
[124,148,188],[148,151,190],[145,151,191],[145,148,192],[123,128,151],[122,127,148],[121,129,145],[119,120,141],[117,118,139],[115,116,140],
[113,114,179],[111,112,173],[109,110,176],[106,107,108],[103,104,105],[100,101,102],[119,123,128],[115,121,129],[117,122,127],[99,126,145],
[98,124,148],[97,125,151],[128,151,190],[127,148,192],[129,145,191],[95,96,110],[93,94,114],[91,92,112],[90,110,172],[89,114,175],
[88,112,178],[119,125,187],[115,126,189],[117,124,188],[86,87,133],[84,85,135],[82,83,131],[82,150,159],[86,147,162],[84,153,156],
[80,81,171],[78,79,168],[76,77,165],[75,170,186],[74,167,185],[73,164,184],[70,71,72],[67,68,69],[64,65,66],[63,72,139],
[62,69,141],[61,66,140],[119,125,163],[117,124,169],[115,126,166],[97,115,189],[99,117,188],[98,119,187],[81,95,110],[79,91,112],
[77,93,114],[89,114,164],[88,112,167],[90,110,170],[60,114,175],[59,110,172],[58,112,178],[106,107,160],[100,101,154],[103,104,157],
[96,109,110],[92,111,112],[94,113,114],[96,128,190],[94,129,191],[92,127,192],[57,99,126],[56,97,125],[55,98,124],[119,123,141],
[115,121,140],[117,122,139],[54,71,110],[53,65,112],[52,68,114],[51,82,169],[50,84,163],[49,86,166],[47,48,74],[45,46,75],
[43,44,73],[41,42,48],[39,40,44],[37,38,46],[40,91,142],[42,95,143],[38,93,144],[65,120,134],[68,118,130],[71,116,132],
[48,149,158],[46,152,155],[44,146,161],[36,134,135],[35,130,131],[34,132,133],[54,128,145],[53,127,151],[52,129,148],[114,120,141],
[112,116,140],[110,118,139],[110,169,176],[112,166,173],[114,163,179],[106,108,166],[100,102,163],[103,105,169],[65,82,181],[71,84,183],
[68,86,182],[33,99,177],[32,97,174],[31,98,180],[41,76,182],[37,78,181],[39,80,183],[45,161,190],[47,155,192],[43,158,191],
[30,33,159],[29,31,156],[28,32,162],[27,91,181],[26,93,182],[25,95,183],[29,101,135],[30,104,131],[28,107,133],[24,136,178],
[23,137,172],[22,138,175],[23,28,111],[24,29,113],[22,30,109],[51,179,186],[49,176,185],[50,173,184],[44,151,157],[46,148,160],
[48,145,154],[21,141,166],[20,139,163],[19,140,169],[65,163,181],[68,169,182],[71,166,183],[33,99,173],[32,97,179],[31,98,176],
[33,56,177],[31,57,180],[32,55,174],[46,97,174],[48,98,180],[44,99,177],[57,102,163],[56,105,169],[55,108,166],[23,54,145],
[24,53,151],[22,52,148],[18,93,144],[17,91,142],[16,95,143],[25,40,142],[26,42,143],[27,38,144],[103,120,134],[106,118,130],
[100,116,132],[71,114,116],[65,110,120],[68,112,118],[43,71,73],[47,68,74],[45,65,75],[41,42,117],[37,38,119],[39,40,115],
[86,106,166],[82,103,169],[84,100,163],[51,110,169],[49,112,166],[50,114,163],[68,114,120],[71,110,118],[65,112,116],[54,71,128],
[53,65,127],[52,68,129],[35,87,130],[34,85,132],[36,83,134],[36,135,186],[35,131,185],[34,133,184],[47,48,149],[43,44,146],
[45,46,152],[38,46,155],[40,44,161],[42,48,158],[80,96,171],[76,94,165],[78,92,168],[116,164,184],[118,167,185],[120,170,186],
[15,70,71],[14,64,65],[13,67,68],[72,124,139],[66,126,140],[69,125,141],[84,135,183],[86,133,182],[82,131,181],[68,86,147],
[71,84,153],[65,82,150],[12,123,141],[11,122,139],[10,121,140],[56,97,112],[57,99,110],[55,98,114],[100,154,178],[103,157,175],
[106,160,172],[58,104,178],[60,107,175],[59,101,172],[114,141,164],[110,139,170],[112,140,167],[81,110,125],[77,114,126],[79,112,124],
[63,97,115],[61,98,119],[62,99,117],[117,169,176],[119,163,179],[115,166,173],[96,109,128],[94,113,129],[92,111,127],[23,86,140],
[24,84,141],[22,82,139],[19,74,160],[20,75,157],[21,73,154],[72,74,181],[66,73,182],[69,75,183],[19,81,135],[21,79,131],
[20,77,133],[13,72,185],[15,66,184],[14,69,186],[72,125,159],[66,124,162],[69,126,156],[140,142,173],[139,143,176],[141,144,179],
[68,165,179],[71,171,176],[65,168,173],[9,71,72],[8,65,66],[7,68,69],[53,63,139],[52,61,140],[54,62,141],[56,79,174],
[55,77,180],[57,81,177],[6,99,106],[5,98,103],[4,97,100],[2,3,158],[1,3,155],[1,2,161],[30,63,185],[28,61,184],
[29,62,186],[5,58,77],[4,59,79],[6,60,81],[48,151,156],[46,145,162],[44,148,159],[63,79,181],[62,81,183],[61,77,182],
[54,62,82],[53,63,86],[52,61,84],[20,64,77],[21,70,79],[19,67,81],[15,66,122],[13,72,123],[14,69,121],[45,125,159],
[43,126,156],[47,124,162],[9,72,181],[7,69,183],[8,66,182],[72,74,125],[69,75,126],[66,73,124],[41,49,182],[39,50,183],
[37,51,181],[46,158,191],[48,161,190],[44,155,192],[20,53,139],[21,54,141],[19,52,140],[74,148,160],[73,145,154],[75,151,157],
[15,50,184],[14,51,186],[13,49,185],[77,88,126],[81,89,125],[79,90,124],[86,140,167],[82,139,170],[84,141,164],[19,160,172],
[21,154,178],[20,157,175],[12,135,141],[10,133,140],[11,131,139],[7,68,147],[8,65,150],[9,71,153],[120,166,186],[118,163,185],
[116,169,184],[71,96,171],[65,92,168],[68,94,165],[15,71,176],[13,68,179],[14,65,173],[125,141,144],[126,140,142],[124,139,143],
[47,134,149],[45,132,152],[43,130,146],[38,155,180],[42,158,177],[40,161,174],[81,135,186],[77,133,184],[79,131,185],[71,103,128],
[68,100,129],[65,106,127],[86,96,106],[82,94,103],[84,92,100],[114,116,185],[110,120,184],[112,118,186],[25,142,173],[27,144,179],
[26,143,176],[23,54,86],[22,52,82],[24,53,84],[24,46,97],[23,44,99],[22,48,98],[23,111,127],[22,109,128],[24,113,129],
[101,137,172],[107,138,175],[104,136,178],[30,131,181],[28,133,182],[29,135,183],[51,57,110],[50,55,114],[49,56,112],[18,93,182],
[16,95,183],[17,91,181],[87,106,130],[83,103,134],[85,100,132],[41,117,176],[39,115,173],[37,119,179],[68,74,120],[65,75,116],
[71,73,118],[30,33,56],[28,32,55],[29,31,57],[61,98,176],[62,99,173],[63,97,179],[57,65,163],[55,71,166],[56,68,169],
[15,129,158],[13,127,155],[14,128,161],[10,153,170],[11,147,164],[12,150,167],[37,170,185],[39,164,186],[41,167,184],[35,169,170],
[36,163,164],[34,166,167],[16,24,163],[17,22,169],[18,23,166],[34,43,148],[36,45,145],[35,47,151],[35,160,161],[36,157,158],
[34,154,155],[11,58,181],[12,59,183],[10,60,182],[55,154,156],[56,160,162],[57,157,159],[16,80,186],[18,76,184],[17,78,185],
[40,57,192],[42,55,190],[38,56,191],[34,143,165],[36,142,171],[35,144,168],[57,170,171],[55,164,165],[56,167,168],[46,62,105],
[44,61,102],[48,63,108],[37,149,188],[39,152,187],[41,146,189],[90,144,186],[89,142,184],[88,143,185],[4,145,146],[5,151,152],
[6,148,149],[12,38,49],[10,40,51],[11,42,50],[34,146,147],[36,152,153],[35,149,150],[31,129,152],[32,127,146],[33,128,149],
[135,172,173],[131,178,179],[133,175,176],[20,38,133],[19,42,135],[21,40,131],[84,138,158],[82,137,161],[86,136,155],[57,138,149],
[55,136,152],[56,137,146],[134,161,188],[130,155,189],[132,158,187],[85,95,96],[83,91,92],[87,93,94],[90,126,172],[88,125,178],
[89,124,175],[92,151,188],[96,145,187],[94,148,189],[126,129,190],[124,127,191],[125,128,192],[107,108,153],[101,102,150],[104,105,147],
[76,99,145],[80,97,151],[78,98,148],[119,128,175],[117,127,172],[115,129,178],[41,76,96],[39,80,92],[37,78,94],[45,57,161],
[43,55,158],[47,56,155],[27,91,94],[26,93,96],[25,92,95],[24,101,136],[23,107,137],[22,104,138],[23,28,176],[22,30,179],
[24,29,173],[44,87,157],[48,83,154],[46,85,160],[2,44,151],[3,48,145],[1,46,148],[20,110,125],[19,112,124],[21,114,126],
[45,58,104],[43,59,101],[47,60,107],[12,123,177],[10,121,180],[11,122,174],[80,96,134],[78,92,130],[76,94,132],[69,125,177],
[66,126,180],[72,124,174],[35,59,87],[36,60,83],[34,58,85],[18,45,144],[16,47,143],[17,43,142],[30,103,120],[29,100,116],
[28,106,118],[11,43,71],[10,45,65],[12,47,68],[40,78,115],[38,76,119],[42,80,117],[10,22,148],[11,24,151],[12,23,145],
[18,56,177],[16,55,174],[17,57,180],[46,138,174],[44,136,177],[48,137,180],[9,168,178],[7,171,172],[8,165,175],[42,44,121],
[40,46,123],[38,48,122],[146,149,152],[22,108,146],[23,102,152],[24,105,149],[155,158,161],[25,138,145],[27,137,151],[26,136,148],
[9,155,175],[7,161,178],[8,158,172],[46,47,53],[44,45,54],[43,48,52],[46,146,190],[44,149,191],[48,152,192],[11,103,115],
[12,100,117],[10,106,119],[76,111,175],[80,113,172],[78,109,178],[90,161,178],[89,158,172],[88,155,175],[45,54,164],[43,52,167],
[47,53,170],[7,46,53],[9,48,52],[8,44,54],[46,47,146],[43,48,152],[44,45,149],[136,142,177],[137,143,180],[138,144,174],
[48,137,192],[44,136,191],[46,138,190],[12,23,47],[10,22,45],[11,24,43],[16,47,93],[17,43,95],[18,45,91],[1,12,177],
[3,11,174],[2,10,180],[43,83,101],[47,85,107],[45,87,104],[21,114,171],[20,110,168],[19,112,165],[87,109,157],[85,111,160],
[83,113,154],[3,48,150],[1,46,153],[2,44,147],[23,130,176],[24,132,173],[22,134,179],[25,104,138],[26,101,136],[27,107,137],
[91,94,155],[92,95,161],[93,96,158],[26,96,134],[27,94,132],[25,92,130],[1,76,96],[2,78,94],[3,80,92],[57,97,161],
[56,98,155],[55,99,158],[45,57,144],[47,56,143],[43,55,142],[9,128,175],[7,129,178],[8,127,172],[25,76,145],[26,78,148],
[27,80,151],[40,78,98],[38,76,99],[42,80,97],[33,107,153],[31,104,147],[32,101,150],[126,172,190],[124,175,191],[125,178,192],
[83,91,146],[85,95,149],[87,93,152],[41,85,96],[39,83,92],[37,87,94],[119,134,188],[115,132,187],[117,130,189],[155,161,188],
[158,161,187],[155,158,189],[57,105,149],[56,108,146],[55,102,152],[9,86,155],[8,84,158],[7,82,161],[38,102,133],[40,108,131],
[42,105,135],[64,90,144],[70,89,142],[67,88,143],[12,38,60],[11,42,59],[10,40,58],[31,71,129],[33,65,128],[32,68,127],
[128,149,156],[129,152,162],[127,146,159],[5,70,152],[6,64,149],[4,67,146],[36,109,153],[35,111,150],[34,113,147],[146,152,189],
[149,152,187],[146,149,188],[42,50,121],[38,49,122],[40,51,123],[9,35,168],[7,36,171],[8,34,165],[56,168,178],[55,165,175],
[57,171,172],[44,102,121],[48,108,122],[46,105,123],[24,35,149],[23,36,152],[22,34,146],[4,138,145],[6,136,148],[5,137,151],
[42,146,190],[40,152,192],[38,149,191],[16,174,186],[18,177,184],[17,180,185],[17,57,159],[18,56,162],[16,55,156],[18,76,119],
[16,80,117],[17,78,115],[11,58,71],[12,59,68],[10,60,65],[35,59,161],[34,58,155],[36,60,158],[59,87,183],[58,85,181],
[60,83,182],[1,43,148],[2,47,151],[3,45,145],[16,24,101],[18,23,107],[17,22,104],[61,102,150],[62,105,147],[63,108,153],
[115,131,178],[119,133,175],[117,135,172],[34,43,143],[35,47,144],[36,45,142],[56,160,167],[57,157,170],[55,154,164],[36,157,164],
[34,154,167],[35,160,170],[23,34,166],[24,36,163],[22,35,169],[37,170,188],[41,167,189],[39,164,187],[49,120,182],[51,116,181],
[50,118,183],[38,48,161],[42,44,155],[40,46,158],[40,57,65],[38,56,68],[42,55,71],[30,74,120],[28,73,118],[29,75,116],
[18,31,182],[17,32,181],[16,33,183],[51,57,138],[49,56,137],[50,55,136],[74,101,137],[75,107,138],[73,104,136],[24,105,129],
[22,108,128],[23,102,127],[24,46,85],[22,48,83],[23,44,87],[25,135,173],[26,133,176],[27,131,179],[116,170,185],[120,167,184],
[118,164,186],[96,106,145],[94,103,148],[92,100,151],[30,71,103],[28,65,106],[29,68,100],[80,134,149],[76,132,152],[78,130,146],
[69,158,177],[72,161,174],[66,155,180],[125,128,144],[124,127,143],[126,129,142],[15,28,176],[14,29,173],[13,30,179],[65,92,188],
[68,94,189],[71,96,187],[120,143,166],[116,144,169],[118,142,163],[7,11,147],[8,12,150],[9,10,153],[12,135,167],[10,133,170],
[11,131,164],[7,19,172],[8,20,175],[9,21,178],[84,138,164],[86,136,167],[82,137,170],[90,124,126],[89,124,125],[88,125,126],
[15,50,129],[14,51,128],[13,49,127],[10,74,148],[12,73,145],[11,75,151],[20,38,53],[19,42,52],[21,40,54],[74,125,177],
[73,124,174],[75,126,180],[7,132,183],[8,130,182],[9,134,181],[8,67,81],[9,64,77],[7,70,79],[13,123,177],[15,122,174],
[14,121,180],[21,43,126],[19,47,124],[20,45,125],[81,90,183],[77,89,182],[79,88,181],[48,151,160],[46,145,157],[44,148,154],
[47,60,81],[45,58,77],[43,59,79],[2,129,158],[1,128,161],[3,127,155],[29,90,186],[30,88,185],[28,89,184],[41,61,176],
[39,62,173],[37,63,179],[30,56,181],[29,57,183],[28,55,182],[52,53,84],[53,54,86],[52,54,82],[6,87,106],[4,85,100],
[5,83,103],[57,81,186],[56,79,185],[55,77,184],[93,98,111],[95,99,113],[91,97,109],[74,108,155],[75,105,161],[73,102,158],
[1,89,99],[2,88,98],[3,90,97],[26,58,146],[25,60,152],[27,59,149],[23,66,119],[22,72,115],[24,69,117],[6,102,126],
[5,108,124],[4,105,125],[5,136,145],[6,138,151],[4,137,148],[101,184,185],[104,184,186],[107,185,186],[19,182,185],[21,183,184],
[20,181,186],[20,183,185],[19,181,184],[21,182,186],[104,182,183],[107,181,183],[101,181,182],[7,37,149],[9,41,146],[8,39,152],
[31,81,152],[33,79,149],[32,77,146],[16,90,163],[18,89,166],[17,88,169],[15,16,158],[13,18,155],[14,17,161],[40,91,175],
[38,93,172],[42,95,178],[28,48,74],[29,44,73],[30,46,75],[41,48,131],[37,46,135],[39,44,133],[121,145,172],[123,151,178],
[122,148,175],[80,81,167],[78,79,164],[76,77,170],[81,123,171],[79,122,168],[77,121,165],[75,128,170],[73,129,164],[74,127,167],
[24,70,72],[22,64,66],[23,67,69],[63,72,164],[62,69,167],[61,66,170],[85,86,87],[83,84,85],[82,83,87],[24,82,159],
[22,86,162],[23,84,156],[57,122,126],[55,123,124],[56,121,125],[23,96,190],[24,92,192],[22,94,191],[37,107,160],[39,104,157],
[41,101,154],[34,60,114],[35,58,112],[36,59,110],[49,81,95],[51,77,93],[50,79,91],[8,99,188],[7,97,189],[9,98,187],
[41,49,129],[39,50,128],[37,51,127],[46,137,191],[48,136,190],[44,138,192],[114,117,185],[112,119,186],[110,115,184],[84,92,94],
[86,92,96],[82,94,96],[18,103,128],[16,106,127],[17,100,129],[19,43,130],[20,47,134],[21,45,132],[38,101,180],[40,107,174],
[42,104,177],[113,169,184],[109,166,186],[111,163,185],[94,133,140],[92,131,139],[96,135,141],[20,64,123],[19,67,122],[21,70,121],
[66,122,146],[69,121,152],[72,123,149],[21,30,63],[20,28,61],[19,29,62],[5,52,58],[6,54,60],[4,53,59],[32,57,177],
[33,55,180],[31,56,174],[6,31,99],[4,33,97],[5,32,98],[61,86,184],[62,84,186],[63,82,185],[61,77,107],[62,81,101],
[63,79,104],[44,64,159],[48,70,156],[46,67,162],[35,63,181],[34,61,182],[36,62,183],[2,127,161],[3,128,158],[1,129,155],
[41,78,191],[39,76,190],[37,80,192],[28,146,180],[30,149,174],[29,152,177],[15,69,145],[14,72,151],[13,66,148],[18,48,124],
[17,46,125],[16,44,126],[42,126,164],[38,124,167],[40,125,170],[22,37,168],[23,41,165],[24,39,171],[111,134,137],[113,130,136],
[109,132,138],[3,62,134],[2,63,130],[1,61,132],[42,94,101],[38,92,107],[40,96,104],[44,60,96],[48,58,94],[46,59,92],
[61,87,158],[62,85,161],[63,83,155],[27,103,168],[26,106,165],[25,100,171],[86,103,146],[84,106,152],[82,100,149],[18,64,78],
[16,67,76],[17,70,80],[49,70,80],[51,67,76],[50,64,78],[27,86,103],[25,82,100],[26,84,106],[36,62,85],[35,63,83],
[34,61,87],[85,127,161],[87,128,158],[83,129,155],[63,82,130],[62,84,134],[61,86,132],[42,62,101],[40,63,104],[38,61,107],
[44,64,96],[46,67,92],[48,70,94],[32,98,177],[31,99,174],[33,97,180],[64,123,159],[67,122,162],[70,121,156],[94,101,140],
[96,104,141],[92,107,139],[86,113,184],[82,111,185],[84,109,186],[18,103,146],[17,100,149],[16,106,152],[59,92,96],[60,94,96],
[58,92,94],[84,94,133],[82,96,135],[86,92,131],[46,134,137],[44,132,138],[48,130,136],[34,114,117],[36,110,115],[35,112,119],
[37,107,112],[41,101,114],[39,104,110],[23,41,84],[24,39,82],[22,37,86],[42,72,164],[40,66,170],[38,69,167],[22,66,191],
[23,69,190],[24,72,192],[1,73,129],[2,74,127],[3,75,128],[18,128,170],[17,129,164],[16,127,167],[20,123,171],[21,121,165],
[19,122,168],[57,79,122],[56,77,121],[55,81,123],[18,48,131],[16,44,133],[17,46,135],[29,44,60],[28,48,58],[30,46,59],
[95,151,178],[91,148,175],[93,145,172],[16,76,158],[17,80,161],[18,78,155],[90,111,163],[89,109,166],[88,113,169],[15,16,90],
[13,18,89],[14,17,88],[104,177,182],[101,180,181],[107,174,183],[21,132,186],[20,134,185],[19,130,184],[15,136,145],[13,137,148],
[14,138,151],[4,40,125],[6,42,126],[5,38,124],[22,72,168],[24,69,171],[23,66,165],[58,66,146],[59,72,149],[60,69,152],
[1,8,99],[3,7,97],[2,9,98],[25,34,60],[27,36,59],[26,35,58],[24,70,117],[23,67,119],[22,64,115],[43,80,167],
[47,76,170],[45,78,164],[57,119,186],[55,115,184],[56,117,185],[6,87,138],[5,83,136],[4,85,137],[53,54,59],[52,54,60],
[52,53,58],[39,41,61],[37,41,63],[37,39,62],[29,90,177],[28,89,180],[30,88,174],[1,128,132],[2,129,130],[3,127,134],
[47,81,101],[45,77,107],[43,79,104],[37,151,160],[41,148,154],[39,145,157],[31,81,90],[32,77,89],[33,79,88],[21,30,43],
[20,28,45],[19,29,47],[14,72,180],[13,66,177],[15,69,174],[104,132,183],[101,130,182],[107,134,181],[16,125,126],[18,124,126],
[17,124,125],[7,19,43],[9,21,45],[8,20,47],[7,11,149],[8,12,152],[9,10,146],[23,65,188],[22,71,187],[24,68,189],
[15,28,74],[13,30,75],[14,29,73],[99,127,143],[97,129,142],[98,128,144],[63,66,155],[61,69,158],[62,72,161],[76,81,152],
[77,78,146],[79,80,149],[66,103,148],[69,106,145],[72,100,151],[116,125,170],[118,126,164],[120,124,167],[25,37,135],[27,41,131],
[26,39,133],[24,85,87],[23,83,87],[22,83,85],[74,137,191],[73,136,190],[75,138,192],[51,77,138],[49,81,137],[50,79,136],
[19,32,181],[21,31,182],[20,33,183],[14,30,74],[15,29,75],[13,28,73],[40,65,175],[42,71,178],[38,68,172],[8,170,188],
[9,164,187],[7,167,189],[23,34,96],[22,35,94],[24,36,92],[63,157,164],[61,160,170],[62,154,167],[81,160,167],[79,154,164],
[77,157,170],[19,62,147],[21,63,153],[20,61,150],[16,38,101],[17,42,104],[18,40,107],[1,43,89],[3,45,90],[2,47,88],
[21,87,183],[20,85,181],[19,83,182],[18,64,119],[17,70,115],[16,67,117],[16,23,156],[18,22,162],[17,24,159],[20,174,186],
[19,180,185],[21,177,184],[42,86,146],[38,82,149],[40,84,152],[4,33,138],[5,32,137],[6,31,136],[102,121,125],[108,122,126],
[105,123,124],[57,121,172],[55,122,175],[56,123,178],[8,34,39],[9,35,41],[7,36,37],[24,25,35],[22,27,34],[23,26,36],
[152,177,189],[146,180,188],[149,174,187],[36,109,183],[34,113,182],[35,111,181],[5,52,70],[4,53,67],[6,54,64],[39,128,156],
[37,127,159],[41,129,162],[6,102,133],[4,105,135],[5,108,131],[9,85,86],[7,82,87],[8,83,84],[32,57,105],[33,55,102],
[31,56,108],[74,155,188],[73,158,189],[75,161,187],[41,78,85],[37,80,87],[39,76,83],[28,91,146],[29,93,152],[30,95,149],
[78,175,191],[80,178,192],[76,172,190],[32,101,185],[33,107,186],[31,104,184],[40,98,111],[42,97,109],[38,99,113],[9,50,128],
[7,49,129],[8,51,127],[2,42,94],[1,40,96],[3,38,92],[91,108,155],[93,102,158],[95,105,161],[27,107,168],[25,104,171],
[26,101,165],[113,130,176],[111,134,179],[109,132,173],[46,125,153],[44,126,147],[48,124,150],[93,111,160],[91,109,157],[95,113,154],
[20,37,168],[21,39,171],[19,41,165],[85,107,185],[87,104,186],[83,101,184],[3,11,62],[1,12,61],[2,10,63],[43,49,95],
[45,50,91],[47,51,93],[37,137,192],[39,138,190],[41,136,191],[47,122,146],[45,123,149],[43,121,152],[76,111,137],[78,109,138],
[80,113,136],[11,103,168],[12,100,171],[10,106,165],[8,44,81],[7,46,79],[9,48,77],[10,74,177],[11,75,180],[12,73,174],
[131,138,164],[133,137,170],[135,136,167],[50,105,129],[49,102,127],[51,108,128],[38,53,161],[40,54,158],[42,52,155],[49,120,122],
[51,116,123],[50,118,121],[30,71,129],[29,68,127],[28,65,128],[40,58,71],[42,59,68],[38,60,65],[119,133,188],[117,135,189],
[115,131,187],[55,142,182],[57,144,183],[56,143,181],[58,98,155],[60,99,158],[59,97,161],[25,76,130],[27,80,132],[26,78,134],
[22,45,142],[24,43,143],[23,47,144],[120,143,180],[118,142,177],[116,144,174],[64,90,161],[67,88,155],[70,89,158],[3,6,146],
[1,5,149],[2,4,152],[6,161,162],[4,155,156],[5,158,159],[3,44,162],[1,48,159],[2,46,156],[57,151,153],[55,145,147],
[56,148,150],[171,179,184],[168,176,186],[165,173,185],[93,98,140],[91,97,139],[95,99,141],[74,89,108],[75,88,105],[73,90,102],
[75,89,99],[74,90,97],[73,88,98],[25,128,152],[27,127,149],[26,129,146],[66,119,138],[69,117,137],[72,115,136],[105,122,125],
[102,123,126],[108,121,124],[6,151,155],[4,148,158],[5,145,161],[175,177,180],[174,178,180],[172,174,177],[117,179,180],[119,173,174],
[115,176,177],[23,108,140],[22,105,139],[24,102,141],[19,74,139],[20,75,141],[21,73,140],[49,74,181],[51,75,183],[50,73,182],
[58,72,185],[59,69,186],[60,66,184],[7,72,159],[8,69,156],[9,66,162],[10,131,155],[12,133,158],[11,135,161],[76,108,182],
[80,102,183],[78,105,181],[45,84,190],[47,82,192],[43,86,191],[31,156,189],[33,159,187],[32,162,188],[28,78,162],[30,80,159],
[29,76,156],[25,164,183],[27,170,181],[26,167,182],[29,67,101],[28,64,107],[30,70,104],[107,133,150],[101,135,147],[104,131,153],
[5,22,175],[4,24,178],[6,23,172],[28,111,187],[29,113,188],[30,109,189],[140,179,186],[139,173,184],[141,176,185],[50,96,173],
[49,94,176],[51,92,179],[139,163,166],[140,163,169],[141,166,169],[15,21,166],[13,19,169],[14,20,163],[63,115,128],[62,117,129],
[61,119,127],[46,100,178],[44,106,172],[48,103,175],[9,97,112],[7,99,110],[8,98,114],[96,116,164],[92,120,170],[94,118,167],
[15,44,70],[14,46,64],[13,48,67],[36,71,186],[34,68,184],[35,65,185],[6,25,40],[4,27,38],[5,26,42],[71,114,177],
[68,112,180],[65,110,174],[15,57,102],[13,55,108],[14,56,105],[33,144,173],[31,142,176],[32,143,179],[166,179,183],[169,173,182],
[163,176,181],[54,164,173],[53,170,179],[52,167,176],[7,53,96],[8,54,94],[9,52,92],[89,115,182],[90,119,183],[88,117,181],
[33,46,157],[31,44,154],[32,48,160],[9,64,104],[7,70,101],[8,67,107],[8,36,130],[7,35,132],[9,34,134],[130,143,166],
[132,142,163],[134,144,169],[75,107,163],[73,104,166],[74,101,169],[18,31,88],[17,32,90],[16,33,89],[120,171,182],[118,168,183],
[116,165,181],[64,108,144],[70,105,142],[67,102,143],[11,59,159],[10,58,162],[12,60,156],[31,71,165],[32,68,168],[33,65,171],
[149,156,162],[146,156,159],[152,159,162],[67,124,146],[64,125,149],[70,126,152],[58,109,153],[59,113,147],[60,111,150],[19,38,102],
[21,42,105],[20,40,108],[117,130,140],[119,134,139],[115,132,141],[70,83,146],[67,85,149],[64,87,152],[33,153,161],[32,150,155],
[31,147,158],[1,76,102],[3,80,105],[2,78,108],[13,57,97],[14,55,99],[15,56,98],[94,147,155],[96,153,158],[92,150,161],
[23,130,132],[22,130,134],[24,132,134],[85,111,120],[83,113,118],[87,109,116],[3,53,150],[2,52,147],[1,54,153],[112,114,171],
[110,112,165],[110,114,168],[43,83,162],[45,87,156],[47,85,159],[3,153,174],[2,150,180],[1,147,177],[3,17,95],[2,18,91],
[1,16,93],[11,136,142],[12,137,143],[10,138,144],[14,89,172],[15,88,175],[13,90,178],[12,117,160],[10,119,157],[11,115,154],
[45,103,115],[47,106,119],[43,100,117],[111,153,175],[109,147,178],[113,150,172],[78,139,178],[80,141,172],[76,140,175],[139,140,141],
[71,91,138],[68,95,136],[65,93,137],[165,168,171],[51,125,173],[50,126,176],[49,124,179],[112,176,183],[110,179,182],[114,173,181],
[9,26,82],[8,25,86],[7,27,84],[118,141,181],[120,140,183],[116,139,182],[3,53,95],[1,54,93],[2,52,91],[116,119,139],
[115,118,141],[117,120,140],[111,120,171],[109,116,165],[113,118,168],[115,171,182],[117,165,181],[119,168,183],[167,176,181],[164,173,182],
[170,179,183],[33,144,157],[32,143,160],[31,142,154],[2,13,108],[1,15,102],[3,14,105],[9,82,112],[8,86,114],[7,84,110],
[9,97,104],[8,98,107],[7,99,101],[33,46,178],[32,48,175],[31,44,172],[15,166,175],[14,163,172],[13,169,178],[107,163,169],
[104,163,166],[101,166,169],[7,96,173],[9,92,179],[8,94,176],[139,144,173],[140,143,179],[141,142,176],[71,140,186],[65,141,185],
[68,139,184],[4,24,134],[6,23,132],[5,22,130],[53,107,150],[54,104,153],[52,101,147],[67,101,124],[70,104,126],[64,107,125],
[164,176,183],[170,173,181],[167,179,182],[78,83,162],[76,87,156],[80,85,159],[156,162,189],[159,162,188],[156,159,187],[32,113,188],
[31,109,189],[33,111,187],[45,84,115],[43,86,117],[47,82,119],[78,105,142],[76,108,144],[80,102,143],[12,133,160],[11,135,154],
[10,131,157],[12,31,158],[11,33,161],[10,32,155],[9,26,162],[7,27,159],[8,25,156],[60,66,111],[58,72,109],[59,69,113],
[49,118,181],[50,116,182],[51,120,183],[74,139,178],[73,140,175],[75,141,172],[19,139,166],[20,141,169],[21,140,163],[19,24,102],
[21,22,105],[20,23,108],[117,160,180],[115,154,177],[119,157,174],[117,166,179],[115,163,176],[119,169,173],[5,175,180],[6,172,177],
[4,174,178],[6,147,155],[5,150,161],[4,153,158],[129,146,156],[128,152,159],[127,149,162],[25,128,164],[26,129,167],[27,127,170],
[75,99,163],[73,98,166],[74,97,169],[89,108,140],[90,102,141],[88,105,139],[74,75,89],[73,74,90],[73,75,88],[15,98,140],
[14,99,141],[13,97,139],[93,130,140],[95,132,141],[91,134,139],[51,173,185],[49,179,184],[50,176,186],[57,111,153],[56,113,150],
[55,109,147],[2,46,150],[1,48,147],[3,44,153],[6,43,162],[5,47,159],[4,45,156],[6,153,161],[5,147,158],[4,150,155],
[6,70,146],[4,64,152],[5,67,149],[71,165,173],[65,171,179],[68,168,176],[2,4,38],[3,6,40],[1,5,42],[46,64,156],
[48,67,159],[44,70,162],[43,80,105],[45,78,108],[47,76,102],[64,145,161],[70,148,158],[67,151,155],[11,22,142],[10,23,144],
[12,24,143],[76,130,166],[78,134,169],[80,132,163],[112,144,183],[114,143,181],[110,142,182],[28,131,187],[30,135,189],[29,133,188],
[36,40,71],[35,38,65],[34,42,68],[30,62,129],[28,63,128],[29,61,127],[105,120,122],[108,118,121],[102,116,123],[66,131,138],
[72,135,136],[69,133,137],[15,44,81],[13,48,77],[14,46,79],[30,80,136],[29,76,137],[28,78,138],[45,50,96],[47,51,92],
[43,49,94],[11,62,136],[10,63,138],[12,61,137],[51,125,153],[49,124,150],[50,126,147],[112,113,176],[109,114,173],[110,111,179],
[101,165,168],[104,165,171],[107,168,171],[64,91,108],[70,95,105],[67,93,102],[78,153,175],[76,150,172],[80,147,178],[78,85,139],
[76,83,140],[80,87,141],[49,74,188],[51,75,187],[50,73,189],[6,25,133],[5,26,131],[4,27,135],[39,60,156],[41,58,162],
[37,59,159],[113,139,182],[111,141,181],[109,140,183],[71,177,189],[65,174,187],[68,180,188],[57,121,124],[56,123,126],[55,122,125],
[102,125,173],[105,124,179],[108,126,176],[33,119,138],[31,115,136],[32,117,137],[20,153,174],[21,147,177],[19,150,180],[20,67,85],
[19,70,83],[21,64,87],[43,89,115],[45,90,119],[47,88,117],[19,94,147],[20,92,150],[21,96,153],[34,53,96],[36,52,92],
[35,54,94],[71,91,178],[65,93,175],[68,95,172],[13,57,73],[14,55,74],[15,56,75],[19,32,38],[20,33,40],[21,31,42],
[77,91,138],[79,95,136],[81,93,137],[24,87,116],[22,85,120],[23,83,118],[45,66,103],[43,72,100],[47,69,106],[15,57,74],
[14,56,73],[13,55,75],[11,125,149],[10,124,146],[12,126,152],[64,104,132],[67,107,134],[70,101,130],[69,110,174],[66,114,177],
[72,112,180],[31,32,90],[31,33,88],[32,33,89],[129,130,143],[127,134,144],[128,132,142],[88,174,177],[90,177,180],[89,174,180],
[54,59,173],[53,58,179],[52,60,176],[71,87,138],[65,85,137],[68,83,136],[1,8,36],[2,9,34],[3,7,35],[58,66,153],
[60,69,150],[59,72,147],[31,66,165],[32,72,168],[33,69,171],[15,21,136],[14,20,138],[13,19,137],[59,132,186],[58,134,185],
[60,130,184],[108,177,182],[105,180,181],[102,174,183],[14,15,88],[13,15,90],[13,14,89],[29,60,67],[30,59,70],[28,58,64],
[18,131,153],[17,135,147],[16,133,150],[57,79,151],[55,81,145],[56,77,148],[20,112,171],[19,114,168],[21,110,165],[1,16,73],
[3,17,75],[2,18,74],[7,42,72],[8,38,69],[9,40,66],[101,112,114],[104,110,114],[107,110,112],[46,100,134],[48,103,130],
[44,106,132],[84,133,190],[86,131,191],[82,135,192],[59,96,116],[58,92,120],[60,94,118],[18,88,146],[16,89,152],[17,90,149],
[101,139,140],[107,139,141],[104,140,141],[11,123,159],[12,121,156],[10,122,162],[82,130,132],[86,132,134],[84,130,134],[64,96,164],
[70,94,167],[67,92,170],[36,85,130],[34,87,134],[35,83,132],[87,115,128],[85,119,127],[83,117,129],[25,27,86],[26,27,84],
[25,26,82],[12,171,174],[10,165,177],[11,168,180],[20,37,137],[19,41,136],[21,39,138],[9,50,105],[8,51,108],[7,49,102],
[28,91,157],[30,95,154],[29,93,160],[32,105,185],[31,108,184],[33,102,186],[9,85,185],[8,83,184],[7,87,186],[26,36,37],
[25,35,41],[27,34,39],[76,81,160],[77,78,157],[79,80,154],[63,66,157],[62,72,154],[61,69,160],[58,98,128],[59,97,129],
[60,99,127],[16,23,188],[17,24,189],[18,22,187],[16,116,125],[17,120,124],[18,118,126],[7,30,43],[8,29,47],[9,28,45],
[47,101,122],[43,104,121],[45,107,123],[57,64,119],[56,67,117],[55,70,115],[25,34,37],[26,35,39],[27,36,41],[2,6,42],
[3,5,38],[1,4,40],[40,90,111],[38,88,113],[42,89,109],[53,80,161],[52,78,155],[54,76,158],[37,95,151],[39,93,145],
[41,91,148],[8,18,170],[7,16,167],[9,17,164],[66,74,191],[72,75,192],[69,73,190],[39,41,82],[37,39,86],[37,41,84],
[34,70,117],[35,67,119],[36,64,115],[42,86,113],[40,84,109],[38,82,111],[99,116,174],[97,120,180],[98,118,177],[16,38,61],
[18,40,63],[17,42,62],[49,52,70],[50,54,64],[51,53,67],[3,146,160],[2,152,154],[1,149,157],[1,138,159],[2,136,156],
[3,137,162],[121,147,164],[122,150,167],[123,153,170],[30,57,192],[28,56,191],[29,55,190],[34,131,148],[35,135,151],[36,133,145],
[11,13,181],[10,15,182],[12,14,183],[27,46,62],[26,48,63],[25,44,61],[39,95,186],[37,91,185],[41,93,184],[25,80,186],
[27,78,185],[26,76,184],[12,49,62],[11,50,63],[10,51,61],[53,78,112],[52,76,114],[54,80,110],[51,82,160],[49,86,154],
[50,84,157],[65,134,160],[71,132,157],[68,130,154],[10,73,184],[11,74,185],[12,75,186],[2,83,131],[3,85,135],[1,87,133],
[150,159,191],[147,162,190],[153,156,192],[89,136,164],[88,137,167],[90,138,170],[12,125,163],[11,124,169],[10,126,166],[24,97,154],
[22,98,157],[23,99,160],[77,88,191],[79,90,192],[81,89,190],[6,45,159],[4,47,162],[5,43,156],[62,82,151],[61,84,145],
[63,86,148],[6,73,81],[5,74,77],[4,75,79],[79,159,174],[81,156,177],[77,162,180],[99,106,137],[97,100,136],[98,103,138],
[40,151,156],[38,148,159],[42,145,162],[2,3,188],[1,2,189],[1,3,187],[22,27,112],[23,26,114],[24,25,110],[4,14,30],
[5,13,28],[6,15,29],[99,135,143],[98,133,144],[97,131,142],[23,65,77],[24,68,81],[22,71,79],[6,39,61],[4,37,62],
[5,41,63],[37,103,112],[39,100,110],[41,106,114],[28,51,76],[30,50,78],[29,49,80],[3,64,190],[2,67,192],[1,70,191],
[6,159,191],[5,156,192],[4,162,190],[88,150,191],[89,147,190],[90,153,192],[1,87,187],[3,85,188],[2,83,189],[30,78,112],
[29,80,110],[28,76,114],[12,62,163],[10,61,166],[11,63,169],[88,137,162],[90,138,159],[89,136,156],[3,82,160],[1,84,157],
[2,86,154],[6,16,61],[4,17,62],[5,18,63],[99,116,135],[98,118,133],[97,120,131],[35,67,192],[36,64,190],[34,70,191],
[25,53,80],[26,54,76],[27,52,78],[40,90,151],[42,89,145],[38,88,148],[1,4,191],[3,5,190],[2,6,192],[36,41,106],
[34,37,103],[35,39,100],[3,57,64],[1,55,70],[2,56,67],[6,8,29],[5,9,28],[4,7,30],[65,76,160],[68,80,154],
[71,78,157],[7,12,186],[9,11,185],[8,10,184],[91,105,185],[95,102,186],[93,108,184],[28,51,157],[29,49,160],[30,50,154],
[20,106,137],[21,103,138],[19,100,136],[25,27,62],[25,26,61],[26,27,63],[11,74,123],[10,73,122],[12,75,121],[88,146,160],
[90,149,157],[89,152,154],[79,135,192],[81,133,190],[77,131,191],[19,26,114],[20,27,112],[21,25,110],[62,79,151],[63,77,148],
[61,81,145],[20,98,138],[21,97,136],[19,99,137],[1,36,138],[3,35,137],[2,34,136],[129,135,143],[128,131,142],[127,133,144],
[66,106,114],[72,103,112],[69,100,110],[11,13,125],[12,14,126],[10,15,124],[24,81,116],[22,79,120],[23,77,118],[81,93,156],
[77,91,162],[79,95,159],[34,53,131],[36,52,133],[35,54,135],[30,57,124],[29,55,125],[28,56,126],[71,79,189],[68,81,188],
[65,77,187],[49,62,136],[51,61,137],[50,63,138],[6,45,96],[5,43,94],[4,47,92],[30,136,164],[28,138,170],[29,137,167],
[2,66,131],[1,69,133],[3,72,135],[30,62,192],[29,61,190],[28,63,191],[36,40,156],[34,42,162],[35,38,159],[28,131,148],
[29,133,145],[30,135,151],[11,22,112],[12,24,110],[10,23,114],[67,82,151],[64,84,145],[70,86,148],[5,67,74],[6,70,73],
[4,64,75],[6,39,153],[5,41,147],[4,37,150],[4,14,45],[5,13,47],[6,15,43],[27,46,150],[25,44,153],[26,48,147],
[26,49,184],[25,50,186],[27,51,185],[74,75,79],[73,75,81],[73,74,77],[127,162,180],[128,159,174],[129,156,177],[4,123,153],
[6,121,147],[5,122,150],[19,24,154],[20,23,160],[21,22,157],[12,31,125],[10,32,126],[11,33,124],[51,133,160],[50,131,157],
[49,135,154],[53,78,83],[54,80,85],[52,76,87],[121,164,176],[123,170,173],[122,167,179],[4,134,160],[5,130,154],[6,132,157],
[97,104,154],[99,101,160],[98,107,157],[2,13,188],[3,14,187],[1,15,189],[13,167,181],[14,170,183],[15,164,182],[39,53,95],
[41,54,93],[37,52,91],[16,59,116],[18,60,118],[17,58,120],[87,100,134],[83,106,132],[85,103,130],[101,112,122],[107,110,123],
[104,114,121],[7,42,113],[9,40,109],[8,38,111],[59,82,132],[60,84,130],[58,86,134],[31,66,74],[33,69,73],[32,72,75],
[88,108,177],[89,102,174],[90,105,180],[16,57,73],[18,55,74],[17,56,75],[43,105,115],[47,102,117],[45,108,119],[20,60,67],
[21,58,64],[19,59,70],[18,20,153],[16,19,150],[17,21,147],[59,102,173],[60,108,176],[58,105,179],[39,60,86],[37,59,84],
[41,58,82],[27,39,135],[25,41,133],[26,37,131],[16,49,188],[18,51,187],[17,50,189],[64,91,164],[67,93,170],[70,95,167],
[51,66,153],[50,72,147],[49,69,150],[14,15,81],[13,14,79],[13,15,77],[9,105,120],[7,102,116],[8,108,118],[64,132,156],
[70,130,162],[67,134,159],[2,32,38],[1,31,42],[3,33,40],[71,87,173],[68,83,176],[65,85,179],[57,111,141],[55,109,140],
[56,113,139],[41,91,134],[39,93,130],[37,95,132],[13,101,139],[15,104,140],[14,107,141],[76,98,166],[80,99,163],[78,97,169],
[58,128,164],[60,127,170],[59,129,167],[83,117,166],[85,119,169],[87,115,163],[6,154,177],[5,160,180],[4,157,174],[19,94,166],
[21,96,163],[20,92,169],[57,74,178],[55,75,172],[56,73,175],[49,52,118],[51,53,120],[50,54,116],[45,66,111],[47,69,113],
[43,72,109],[78,142,153],[80,143,147],[76,144,150],[32,112,113],[33,110,111],[31,109,114],[26,162,189],[25,156,187],[27,159,188],
[101,124,168],[107,125,171],[104,126,165],[71,89,140],[68,88,139],[65,90,141],[85,139,144],[87,141,142],[83,140,143],[8,18,176],
[9,17,179],[7,16,173],[53,107,169],[52,101,166],[54,104,163],[93,166,175],[91,169,178],[95,163,172],[31,33,172],[32,33,178],
[31,32,175],[82,112,144],[84,110,142],[86,114,143],[66,144,157],[72,142,154],[69,143,160],[84,115,171],[82,119,168],[86,117,165],
[111,171,174],[113,168,180],[109,165,177],[33,116,119],[32,117,120],[31,115,118],[27,119,120],[25,115,116],[26,117,118],[74,113,179],
[73,109,176],[75,111,173],[74,79,179],[73,77,176],[75,81,173],[27,119,150],[26,117,147],[25,115,153],[67,74,113],[64,75,111],
[70,73,109],[25,62,116],[26,61,118],[27,63,120],[33,116,172],[31,118,175],[32,120,178],[83,93,166],[87,95,163],[85,91,169],
[8,52,118],[7,54,116],[9,53,120],[60,86,165],[59,84,171],[58,82,168],[59,102,167],[58,105,164],[60,108,170],[16,57,141],
[17,56,139],[18,55,140],[85,103,179],[83,106,176],[87,100,173],[16,49,59],[17,50,58],[18,51,60],[37,52,132],[39,53,130],
[41,54,134],[13,167,188],[15,164,189],[14,170,187],[13,101,160],[14,107,157],[15,104,154],[18,121,176],[16,123,173],[17,122,179],
[50,72,131],[49,69,135],[51,66,133],[5,18,122],[6,16,121],[4,17,123],[109,129,177],[111,128,174],[113,127,180],[26,49,189],
[25,50,187],[27,51,188],[14,45,111],[15,43,109],[13,47,113],[39,142,153],[37,144,150],[41,143,147],[67,82,144],[70,86,143],
[64,84,142],[11,32,112],[10,31,114],[12,33,110],[2,32,66],[3,33,72],[1,31,69],[30,91,164],[29,95,167],[28,93,170],
[30,124,168],[28,126,165],[29,125,171],[53,131,169],[54,135,163],[52,133,166],[93,132,156],[91,130,162],[95,134,159],[14,81,116],
[15,77,118],[13,79,120],[13,31,125],[15,33,124],[14,32,126],[66,106,144],[69,100,143],[72,103,142],[36,50,138],[35,51,137],
[34,49,136],[20,60,98],[19,59,99],[21,58,97],[62,79,189],[61,81,188],[63,77,187],[19,26,154],[21,25,157],[20,27,160],
[79,129,135],[77,128,131],[81,127,133],[31,74,123],[32,75,121],[33,73,122],[16,19,100],[17,21,103],[18,20,106],[50,89,154],
[51,90,157],[49,88,160],[91,105,115],[93,108,119],[95,102,117],[7,12,113],[8,10,111],[9,11,109],[65,76,98],[71,78,97],
[68,80,99],[6,8,96],[4,7,92],[5,9,94],[3,57,178],[2,56,175],[1,55,172],[36,106,156],[35,100,159],[34,103,162],
[4,160,191],[6,157,192],[5,154,190],[30,90,151],[28,88,148],[29,89,145],[25,53,83],[27,52,87],[26,54,85],[35,62,192],
[34,63,191],[36,61,190],[39,116,135],[37,120,131],[41,118,133],[3,59,82],[2,58,86],[1,60,84],[89,102,156],[90,105,159],
[88,108,162],[62,96,163],[63,92,169],[61,94,166],[30,112,122],[28,114,121],[29,110,123],[83,143,189],[85,144,188],[87,142,187],
[65,90,153],[71,89,147],[68,88,150],[6,154,191],[4,157,190],[5,160,192],[50,141,165],[51,139,171],[49,140,168],[50,89,165],
[49,88,168],[51,90,171],[36,50,141],[34,49,140],[35,51,139],[35,62,96],[36,61,94],[34,63,92],[30,90,122],[29,89,123],
[28,88,121],[102,106,156],[103,108,162],[100,105,159],[3,59,178],[1,60,172],[2,58,175],[65,98,153],[68,99,150],[71,97,147],
[26,154,191],[27,160,192],[25,157,190],[62,143,189],[63,142,187],[61,144,188],[28,93,165],[29,95,171],[30,91,168],[33,72,122],
[32,66,121],[31,69,123],[10,13,31],[12,15,33],[11,14,32],[67,106,144],[64,103,142],[70,100,143],[39,116,142],[41,118,143],
[37,120,144],[14,111,116],[13,113,120],[15,109,118],[79,109,129],[81,113,127],[77,111,128],[72,131,169],[66,133,166],[69,135,163],
[18,121,122],[17,122,123],[16,121,123],[13,160,191],[15,154,190],[14,157,192],[52,93,132],[54,95,134],[53,91,130],[49,59,189],
[51,60,188],[50,58,187],[16,100,141],[18,106,140],[17,103,139],[102,167,188],[108,170,187],[105,164,189],[60,98,165],[58,97,168],
[59,99,171],[8,52,96],[9,53,94],[7,54,92],[25,83,93],[26,85,91],[27,87,95],[62,116,172],[63,120,178],[61,118,175],
[12,67,113],[11,70,109],[10,64,111],[91,115,153],[93,119,150],[95,117,147],[79,103,179],[81,100,173],[77,106,176],[118,169,171],
[120,163,165],[116,166,168],[113,120,165],[111,116,168],[109,118,171],[118,143,169],[120,144,163],[116,142,166],[35,52,96],[34,54,92],
[36,53,94],[79,103,109],[77,106,111],[81,100,113],[10,64,103],[11,70,100],[12,67,106],[10,13,191],[11,14,192],[12,15,190],
[72,122,169],[69,123,163],[66,121,166],[52,93,165],[53,91,168],[54,95,171],[62,143,172],[61,144,175],[63,142,178],[26,91,191],
[27,95,192],[25,93,190],[91,98,153],[95,97,147],[93,99,150],[59,178,189],[58,175,187],[60,172,188],[102,106,188],[100,105,189],
[103,108,187],[90,121,122],[88,121,123],[89,122,123],[36,100,141],[35,103,139],[34,106,140],[89,98,165],[90,99,171],[88,97,168],
[35,52,103],[34,54,106],[36,53,100],[89,98,122],[90,99,121],[88,97,123],[91,98,191],[93,99,190],[95,97,192],[143,172,188],
[142,178,189],[144,175,187],[10,103,191],[12,106,190],[11,100,192],[100,113,189],[103,109,187],[106,111,188],[122,143,169],[121,142,166],
[123,144,163],[52,113,165],[54,109,171],[53,111,168],[52,113,189],[53,111,188],[54,109,187],[52,103,191],[53,100,192],[54,106,190],
[122,143,188],[123,144,187],[121,142,189],[98,122,191],[97,123,192],[99,121,190],[122,188,191],[121,189,190],[123,187,192],[52,189,191],
[54,187,190],[53,188,192]];
###############################################################

