#SurfaceInfo: 672 Vertices, 10752 Edges, 7168 Faces, IsOrientable=true
 #Vertices of faces:
vof1:=[[670,671,672],[669,670,671],[668,671,672],[667,670,672],[664,665,666],[661,662,663],[658,659,660],[660,663,666],[655,656,657],[652,653,654],
[649,650,651],[646,647,648],[643,644,645],[640,641,642],[637,638,639],[634,635,636],[631,632,633],[630,655,656],[629,655,657],[628,656,657],
[627,663,666],[626,660,663],[625,660,666],[622,623,624],[619,620,621],[616,617,618],[613,614,615],[610,611,612],[607,608,609],[664,665,667],
[658,659,669],[661,662,668],[604,605,606],[601,602,603],[598,599,600],[636,658,671],[639,665,672],[633,662,672],[639,664,670],[633,661,671],
[636,659,670],[597,611,620],[596,614,617],[595,608,623],[592,593,594],[589,590,591],[586,587,588],[583,584,585],[580,581,582],[577,578,579],
[574,575,576],[571,572,573],[568,569,570],[637,638,642],[631,632,645],[634,635,648],[566,567,578],[564,565,581],[562,563,584],[563,565,580],
[564,567,577],[562,566,583],[561,661,663],[560,659,660],[561,658,660],[559,662,663],[559,665,666],[560,664,666],[556,557,558],[553,554,555],
[550,551,552],[547,548,549],[544,545,546],[541,542,543],[538,539,540],[535,536,537],[533,534,537],[531,532,540],[528,529,530],[526,527,530],
[523,524,525],[520,521,522],[517,518,519],[516,634,659],[515,638,665],[514,632,661],[514,631,662],[516,635,658],[515,637,664],[662,665,672],
[659,664,670],[658,661,671],[511,512,513],[509,510,545],[508,510,548],[506,507,557],[505,507,554],[503,504,551],[502,504,542],[510,511,512],
[507,512,513],[504,511,513],[509,510,511],[506,507,512],[508,510,512],[502,504,511],[503,504,513],[505,507,513],[499,500,501],[496,497,498],
[493,494,495],[490,491,492],[487,488,489],[484,485,486],[483,503,513],[482,509,511],[481,506,512],[480,505,513],[479,502,511],[478,508,512],
[475,476,477],[473,474,476],[470,471,472],[468,469,472],[467,474,477],[466,469,471],[465,473,474],[464,470,471],[463,467,477],[462,466,469],
[461,475,476],[460,468,472],[459,464,471],[458,463,477],[457,465,474],[456,460,472],[455,461,476],[454,462,469],[453,459,471],[452,456,472],
[451,458,477],[450,457,474],[449,454,469],[448,455,476],[448,455,511],[449,454,512],[451,458,513],[453,459,513],[450,457,512],[452,456,511],
[445,446,447],[442,443,444],[439,440,441],[436,437,438],[433,434,435],[430,431,432],[428,429,596],[426,427,597],[424,425,595],[422,423,596],
[420,421,595],[418,419,597],[424,457,512],[418,459,513],[420,456,511],[428,454,512],[426,455,511],[422,458,513],[442,443,596],[436,437,596],
[445,446,595],[433,434,595],[430,431,597],[439,440,597],[420,511,595],[426,511,597],[424,512,595],[422,513,596],[418,513,597],[428,512,596],
[415,416,417],[413,414,416],[410,411,412],[407,408,409],[405,406,411],[403,404,408],[433,512,595],[436,512,596],[442,513,596],[430,513,597],
[439,511,597],[445,511,595],[413,415,416],[403,407,408],[405,410,411],[433,436,512],[439,445,511],[430,442,513],[402,436,507],[401,430,504],
[400,442,507],[399,445,510],[398,433,510],[397,439,504],[436,442,507],[433,445,510],[430,439,504],[395,396,422],[393,394,418],[391,392,426],
[389,390,428],[387,388,420],[385,386,424],[424,442,478],[418,436,483],[420,430,482],[428,445,481],[426,433,479],[422,439,480],[384,393,418],
[383,389,428],[383,395,422],[382,387,420],[382,385,424],[384,391,426],[383,428,445],[383,422,439],[382,424,442],[384,418,436],[382,420,430],
[384,426,433],[436,442,656],[430,439,655],[433,445,657],[380,381,488],[378,379,494],[376,377,497],[374,375,485],[372,373,500],[370,371,491],
[403,594,662],[413,588,665],[415,588,664],[407,594,661],[410,591,659],[405,591,658],[368,369,628],[366,367,629],[364,365,630],[362,363,628],
[360,361,630],[358,359,629],[356,357,366],[354,355,362],[352,353,360],[350,351,358],[348,349,364],[346,347,368],[344,345,639],[342,343,639],
[340,341,636],[338,339,636],[336,337,633],[334,335,633],[383,445,657],[384,436,656],[382,442,656],[382,430,655],[384,433,657],[383,439,655],
[413,415,639],[405,410,636],[403,407,633],[430,442,630],[433,436,628],[439,445,629],[332,333,485],[330,331,500],[328,329,494],[326,327,497],
[324,325,491],[322,323,488],[320,321,393],[318,319,395],[316,317,389],[314,315,385],[312,313,387],[310,311,391],[439,505,629],[436,503,628],
[433,502,628],[442,508,630],[445,506,629],[430,509,630],[380,392,488],[378,396,494],[376,390,497],[372,394,500],[370,388,491],[374,386,485],
[313,588,665],[319,591,658],[317,591,659],[321,594,661],[311,594,662],[315,588,664],[342,415,639],[344,413,639],[334,403,633],[340,410,636],
[336,407,633],[338,405,636],[382,446,655],[384,431,656],[383,443,655],[383,437,657],[384,440,657],[382,434,656],[356,366,629],[350,358,629],
[348,364,630],[346,368,628],[354,362,628],[352,360,630],[499,500,655],[496,497,656],[493,494,656],[490,491,657],[484,485,657],[487,488,655],
[309,482,509],[308,481,506],[307,479,502],[306,480,505],[305,478,508],[304,483,503],[466,572,597],[470,576,595],[468,570,596],[475,575,596],
[467,573,595],[473,569,597],[381,388,657],[375,390,656],[373,396,656],[371,392,655],[377,386,657],[379,394,655],[303,484,657],[302,499,655],
[301,496,656],[300,493,656],[299,490,657],[298,487,655],[297,308,481],[296,307,479],[295,304,483],[294,309,482],[293,305,478],[292,306,480],
[291,308,506],[290,305,508],[289,307,502],[288,306,505],[287,304,503],[286,309,509],[285,313,588],[284,321,594],[284,319,591],[283,317,591],
[283,315,588],[285,311,594],[446,500,655],[431,497,656],[437,491,657],[440,485,657],[443,488,655],[434,494,656],[336,407,500],[342,415,485],
[344,413,491],[338,405,494],[334,403,488],[340,410,497],[282,318,395],[281,316,389],[280,314,385],[279,312,387],[278,310,391],[277,320,393],
[356,505,629],[350,506,629],[348,508,630],[354,502,628],[352,509,630],[346,503,628],[328,396,494],[330,394,500],[326,390,497],[322,392,488],
[332,386,485],[324,388,491],[596,612,624],[595,615,621],[597,609,618],[627,662,665],[626,658,661],[625,659,664],[389,443,596],[393,440,597],
[385,446,595],[391,431,597],[387,434,595],[395,437,596],[320,395,396],[318,393,394],[314,389,390],[312,391,392],[316,385,386],[310,387,388],
[327,353,497],[331,351,500],[329,355,494],[323,349,488],[333,357,485],[325,347,491],[276,320,321],[275,318,319],[274,312,313],[273,314,315],
[272,310,311],[271,316,317],[268,269,270],[266,267,269],[263,264,265],[260,261,262],[258,259,264],[256,257,261],[254,255,374],[252,253,380],
[251,253,372],[249,250,378],[248,255,370],[247,250,376],[244,245,246],[241,242,243],[239,240,246],[236,237,238],[234,235,243],[232,233,238],
[231,271,290],[230,276,288],[229,272,286],[228,273,291],[227,275,287],[226,274,289],[225,302,442],[224,299,439],[225,303,436],[223,298,445],
[224,300,430],[223,301,433],[222,506,608],[221,502,623],[220,505,620],[219,503,614],[218,509,611],[217,508,617],[216,331,351],[215,323,349],
[214,333,357],[213,327,353],[212,329,355],[211,325,347],[276,320,395],[272,310,387],[275,318,393],[273,314,389],[271,316,385],[274,312,391],
[336,389,596],[344,393,597],[334,385,595],[338,391,597],[342,395,596],[340,387,595],[210,627,662],[209,627,665],[208,625,664],[207,626,661],
[206,625,659],[205,626,658],[296,479,647],[294,482,646],[297,481,644],[295,483,641],[292,480,640],[293,478,643],[291,404,506],[288,414,505],
[286,406,509],[290,409,508],[287,417,503],[289,412,502],[320,328,396],[318,330,394],[312,322,392],[314,326,390],[310,324,388],[316,332,386],
[356,396,505],[354,392,502],[348,386,508],[350,390,506],[346,394,503],[352,388,509],[281,389,443],[278,391,431],[279,387,434],[280,385,446],
[282,395,437],[277,393,440],[344,347,491],[336,351,500],[338,355,494],[334,349,488],[340,353,497],[342,357,485],[204,446,500],[203,431,497],
[202,437,491],[201,440,485],[200,434,494],[199,443,488],[274,285,313],[276,284,321],[275,284,319],[273,283,315],[271,283,317],[272,285,311],
[256,302,499],[268,303,484],[263,301,496],[260,298,487],[258,300,493],[266,299,490],[251,371,392],[254,381,388],[249,375,390],[247,373,396],
[252,379,394],[248,377,386],[572,597,609],[575,596,624],[570,596,612],[573,595,621],[569,597,618],[576,595,615],[198,361,583],[197,363,581],
[196,367,578],[195,369,580],[194,359,577],[193,365,584],[192,283,399],[191,284,402],[190,283,400],[189,285,398],[188,285,401],[187,284,397],
[185,186,283],[183,184,284],[181,182,285],[365,516,634],[369,516,635],[363,515,638],[359,515,637],[367,514,632],[361,514,631],[180,363,369],
[179,361,365],[178,359,367],[365,382,470],[369,384,473],[361,382,467],[359,383,475],[363,384,466],[367,383,468],[177,245,273],[176,240,276],
[175,233,271],[174,242,274],[173,235,275],[172,237,272],[170,171,271],[168,169,275],[166,167,274],[164,165,272],[162,163,273],[160,161,276],
[203,284,306],[200,283,308],[204,285,307],[201,285,309],[199,284,304],[202,283,305],[231,516,659],[226,515,665],[230,514,661],[229,514,662],
[228,515,664],[227,516,658],[166,561,663],[164,560,666],[170,559,666],[160,560,660],[162,561,660],[168,559,663],[159,244,637],[158,239,632],
[157,241,638],[156,234,635],[155,236,631],[154,232,634],[153,547,548],[152,544,545],[151,556,557],[150,553,554],[149,541,542],[148,550,551],
[317,429,547],[311,427,544],[319,423,550],[315,425,556],[313,421,541],[321,419,553],[147,173,393],[146,176,395],[145,172,387],[144,177,389],
[143,174,391],[142,175,385],[356,365,585],[352,359,579],[354,367,579],[350,369,582],[346,361,585],[348,363,582],[266,526,527],[263,538,539],
[256,533,534],[268,531,532],[260,528,529],[258,535,536],[140,141,400],[138,139,402],[136,137,401],[134,135,398],[132,133,397],[130,131,399],
[128,129,411],[126,127,416],[124,125,408],[391,532,569],[393,539,572],[389,527,570],[385,536,573],[395,529,575],[387,534,576],[291,523,524],
[289,523,525],[286,520,521],[290,517,518],[287,517,519],[288,520,522],[186,494,495],[181,500,501],[185,491,492],[182,485,486],[184,488,489],
[183,497,498],[299,424,425],[302,426,427],[303,420,421],[301,422,423],[298,418,419],[300,428,429],[369,416,417],[363,411,412],[367,414,416],
[365,408,409],[361,406,411],[359,404,408],[433,479,496],[445,481,487],[430,482,493],[439,480,490],[442,478,499],[436,483,484],[368,384,393],
[358,383,389],[366,383,395],[360,382,387],[362,384,391],[364,382,385],[303,380,381],[298,378,379],[299,376,377],[300,374,375],[302,370,371],
[301,372,373],[379,494,642],[373,500,642],[371,491,648],[381,488,648],[377,497,645],[375,485,645],[354,355,489],[356,357,495],[350,351,498],
[346,347,501],[352,353,492],[348,349,486],[343,527,639],[335,534,633],[337,529,633],[339,539,636],[341,536,636],[345,532,639],[123,365,479],
[122,369,482],[121,361,481],[120,359,483],[119,363,480],[118,367,478],[284,522,599],[284,519,605],[283,518,605],[285,521,599],[283,524,602],
[285,525,602],[218,275,466],[222,272,470],[219,273,468],[221,271,467],[217,276,475],[220,274,473],[139,303,341],[131,298,345],[133,299,335],
[137,300,337],[141,302,339],[135,301,343],[141,250,281],[139,250,282],[135,255,279],[137,253,278],[133,253,277],[131,255,280],[116,117,493],
[114,115,490],[112,113,484],[110,111,499],[108,109,487],[106,107,496],[105,598,614],[104,601,617],[103,606,608],[102,603,611],[101,600,623],
[100,604,620],[99,310,532],[98,314,536],[97,320,539],[96,312,534],[95,316,527],[94,318,529],[93,193,437],[92,198,440],[91,196,431],
[90,195,443],[89,194,434],[88,197,446],[87,91,260],[86,93,258],[85,89,266],[84,90,263],[83,92,256],[82,88,268],[143,239,452],
[147,236,451],[142,241,449],[146,232,453],[144,234,450],[145,244,448],[140,187,273],[132,189,275],[136,191,274],[130,188,271],[138,192,276],
[134,190,272],[163,202,400],[161,199,402],[169,203,397],[171,200,399],[167,201,401],[165,204,398],[175,425,463],[176,423,461],[172,421,464],
[177,429,460],[173,419,462],[174,427,465],[81,119,325],[80,121,323],[79,120,333],[78,122,329],[77,123,327],[76,118,331],[92,325,455],
[89,327,457],[88,323,456],[90,331,458],[91,329,459],[93,333,454],[222,243,650],[219,238,649],[218,246,651],[221,246,653],[217,243,652],
[220,238,654],[173,229,542],[176,231,557],[175,226,545],[172,228,548],[174,230,551],[177,227,554],[75,522,599],[74,519,605],[73,525,602],
[72,518,605],[71,521,599],[70,524,602],[218,466,508],[222,470,505],[219,468,502],[221,467,503],[217,475,509],[220,473,506],[141,214,339],
[139,216,341],[135,215,343],[137,211,337],[131,213,345],[133,212,335],[139,215,250],[137,214,253],[133,213,253],[135,216,255],[131,212,255],
[141,211,250],[253,259,277],[255,262,279],[255,265,280],[250,257,282],[250,270,281],[253,267,278],[69,527,639],[68,534,633],[67,529,633],
[66,536,636],[65,539,636],[64,532,639],[351,353,492],[349,357,495],[355,357,489],[349,355,486],[347,353,501],[347,351,498],[108,379,642],
[112,381,648],[110,371,648],[116,375,645],[106,373,642],[114,377,645],[300,337,374],[303,341,380],[298,345,378],[299,335,376],[301,343,372],
[302,339,370],[368,384,460],[358,383,464],[362,384,463],[364,382,461],[366,383,465],[360,382,462],[390,430,493],[394,445,487],[396,433,496],
[386,439,490],[388,436,484],[392,442,499],[123,479,496],[122,482,493],[121,481,487],[120,483,484],[119,480,490],[118,478,499],[365,408,479],
[369,416,482],[367,416,478],[361,411,481],[359,408,483],[363,411,480],[299,425,547],[301,423,553],[302,427,541],[303,421,544],[300,429,556],
[298,419,550],[131,298,418],[133,299,424],[141,302,426],[137,300,428],[135,301,422],[139,303,420],[186,468,495],[181,473,501],[185,467,492],
[182,470,486],[184,466,489],[183,475,498],[186,494,642],[181,500,642],[185,491,648],[182,485,645],[183,497,645],[184,488,648],[231,293,659],
[227,295,658],[226,296,665],[228,297,664],[230,292,661],[229,294,662],[77,168,663],[80,160,660],[76,164,666],[81,162,660],[78,170,666],
[79,166,663],[87,157,241],[83,156,234],[86,158,239],[84,159,244],[82,154,232],[85,155,236],[122,151,557],[119,153,548],[120,152,545],
[123,150,554],[118,149,542],[121,148,551],[425,549,556],[423,550,555],[421,541,546],[429,547,558],[427,543,544],[419,552,553],[176,183,395],
[173,184,393],[174,181,391],[172,182,387],[175,185,385],[177,186,389],[363,460,582],[365,462,585],[361,461,585],[359,465,579],[369,463,582],
[367,464,579],[105,268,531],[102,258,535],[100,266,526],[101,263,538],[103,260,528],[104,256,533],[132,133,583],[140,141,580],[134,135,577],
[138,139,584],[130,131,581],[136,137,578],[63,393,539],[63,395,529],[62,389,527],[62,385,536],[61,387,534],[61,391,532],[124,188,408],
[128,190,411],[126,192,416],[127,189,416],[129,191,411],[125,187,408],[539,572,669],[529,575,668],[532,569,667],[527,570,667],[534,576,668],
[536,573,669],[152,289,523],[151,290,517],[153,291,523],[149,286,520],[148,288,520],[150,287,517],[82,289,525],[86,290,518],[87,288,522],
[83,286,521],[84,287,519],[85,291,524],[203,284,519],[199,284,522],[200,283,518],[204,285,521],[201,285,525],[202,283,524],[177,273,468],
[173,275,466],[172,272,470],[176,276,475],[174,274,473],[175,271,467],[168,218,275],[166,220,274],[164,222,272],[162,219,273],[160,217,276],
[170,221,271],[141,281,400],[139,282,402],[137,278,401],[135,279,398],[131,280,399],[133,277,397],[123,365,470],[122,369,473],[121,361,467],
[120,359,475],[118,367,468],[119,363,466],[266,343,527],[256,335,534],[260,337,529],[263,339,539],[268,345,532],[258,341,536],[350,369,498],
[356,365,495],[352,359,492],[348,363,486],[354,367,489],[346,361,501],[144,358,389],[147,368,393],[146,366,395],[145,360,387],[142,364,385],
[143,362,391],[180,369,417],[180,363,412],[179,361,406],[178,367,414],[178,359,404],[179,365,409],[152,311,544],[151,315,556],[153,317,547],
[150,321,553],[148,319,550],[149,313,541],[156,369,635],[154,365,634],[159,359,637],[155,361,631],[158,367,632],[157,363,638],[166,167,561],
[164,165,560],[170,171,559],[160,161,560],[168,169,559],[162,163,561],[183,187,284],[181,189,285],[185,190,283],[186,192,283],[182,188,285],
[184,191,284],[194,359,515],[196,367,514],[193,365,516],[198,361,514],[197,363,515],[195,369,516],[359,383,577],[365,382,584],[361,382,583],
[363,384,581],[367,383,578],[369,384,580],[285,307,401],[283,308,400],[285,309,398],[284,304,397],[283,305,399],[284,306,402],[214,297,644],
[211,296,647],[215,294,646],[212,295,641],[213,293,643],[216,292,640],[291,363,404],[289,359,412],[288,361,414],[286,367,406],[290,369,409],
[287,365,417],[81,575,624],[76,573,621],[77,569,618],[79,572,609],[78,576,615],[80,570,612],[276,284,605],[275,284,599],[273,283,605],
[274,285,599],[272,285,602],[271,283,602],[204,293,500],[203,296,497],[202,292,491],[201,295,485],[199,297,488],[200,294,494],[60,281,443],
[59,280,446],[58,282,437],[57,278,431],[56,277,440],[55,279,434],[135,396,505],[137,390,506],[139,388,509],[131,394,503],[141,392,502],
[133,386,508],[310,324,651],[314,326,650],[316,332,652],[320,328,654],[318,330,649],[312,322,653],[206,234,659],[208,241,664],[209,244,665],
[205,232,658],[210,239,662],[207,236,661],[275,393,469],[276,395,476],[272,387,471],[274,391,474],[273,389,472],[271,385,477],[124,214,333],
[125,213,327],[127,216,331],[128,211,325],[129,215,323],[126,212,329],[157,505,620],[156,509,611],[158,508,617],[159,503,614],[155,506,608],
[154,502,623],[303,381,436],[298,379,445],[299,377,439],[301,373,433],[300,375,430],[302,371,442],[231,290,516],[226,289,515],[230,288,514],
[229,286,514],[227,287,516],[228,291,515],[177,244,245],[176,239,240],[174,241,242],[173,234,235],[175,232,233],[172,236,237],[336,351,389],
[334,349,385],[338,355,391],[340,353,387],[342,357,395],[344,347,393],[254,255,388],[252,253,394],[251,253,392],[249,250,390],[247,250,396],
[248,255,386],[268,269,303],[266,269,299],[256,261,302],[260,261,298],[263,264,301],[258,264,300],[67,68,514],[65,66,516],[64,69,515],
[81,202,371],[76,204,373],[79,201,375],[78,200,379],[80,199,381],[77,203,377],[460,463,565],[464,465,567],[461,462,562],[136,282,378],
[132,279,370],[134,281,376],[130,278,380],[138,280,374],[140,277,372],[383,574,575],[382,574,576],[384,571,572],[382,571,573],[384,568,569],
[383,568,570],[322,326,382],[330,332,383],[324,328,384],[54,168,352],[53,166,356],[52,164,350],[51,162,346],[50,160,348],[49,170,354],
[115,452,583],[109,448,581],[117,451,578],[107,449,577],[113,450,584],[111,453,580],[47,48,382],[45,46,384],[43,44,383],[187,637,642],
[191,638,642],[188,634,648],[190,631,645],[189,635,648],[192,632,645],[158,442,552],[156,430,555],[155,445,543],[159,436,549],[157,439,546],
[154,433,558],[552,562,563],[555,562,566],[549,563,565],[546,566,567],[558,564,565],[543,564,567],[42,54,387],[41,53,395],[40,49,391],
[39,51,393],[38,52,389],[37,50,385],[36,308,437],[35,304,431],[34,307,440],[33,309,446],[32,305,434],[31,306,443],[36,150,409],
[31,151,417],[34,148,406],[33,153,412],[32,152,404],[35,149,414],[171,262,302],[167,259,301],[165,265,300],[163,257,298],[161,270,299],
[169,267,303],[351,563,584],[349,564,577],[355,566,583],[347,566,578],[353,564,581],[357,563,580],[120,489,495],[121,486,495],[118,492,498],
[123,492,501],[119,498,501],[122,486,489],[30,100,119],[29,105,120],[28,103,121],[27,101,123],[26,102,122],[25,104,118],[58,160,269],
[56,168,269],[60,162,261],[59,170,261],[55,164,264],[57,166,264],[277,478,612],[280,483,624],[282,482,618],[279,480,609],[281,479,615],
[278,481,621],[358,366,579],[362,368,582],[360,364,585],[536,539,591],[529,534,594],[527,532,588],[150,244,637],[151,239,632],[148,241,638],
[149,234,635],[152,232,634],[153,236,631],[52,146,176],[49,147,173],[53,144,177],[50,145,172],[54,142,175],[51,143,174],[352,534,579],
[356,529,585],[350,527,582],[346,539,585],[348,536,582],[354,532,579],[131,198,583],[133,197,581],[141,196,578],[137,195,580],[139,194,577],
[135,193,584],[75,382,470],[72,384,466],[73,383,468],[71,383,475],[70,384,473],[74,382,467],[245,273,662],[240,276,665],[242,274,659],
[233,271,661],[235,275,664],[237,272,658],[161,187,276],[171,190,271],[167,189,274],[165,188,272],[163,192,273],[169,191,275],[199,304,378],
[200,308,374],[204,307,370],[201,309,380],[202,305,376],[203,306,372],[231,473,476],[227,470,472],[226,475,477],[229,468,469],[228,466,471],
[230,467,474],[416,456,460],[411,458,463],[416,457,465],[411,454,462],[408,459,464],[408,455,461],[402,436,491],[400,442,488],[401,430,497],
[399,445,500],[397,439,485],[398,433,494],[350,400,507],[356,402,507],[354,401,504],[348,399,510],[346,397,504],[352,398,510],[60,392,426],
[57,390,428],[59,394,418],[58,388,420],[56,386,424],[55,396,422],[196,378,396],[194,376,390],[195,372,394],[198,370,388],[193,374,386],
[197,380,392],[313,325,665],[319,329,658],[317,327,659],[311,323,662],[315,333,664],[321,331,661],[383,429,443],[383,423,437],[382,425,446],
[384,427,431],[382,421,434],[384,419,440],[436,459,503],[433,455,502],[442,457,508],[430,456,509],[445,454,506],[439,458,505],[328,329,527],
[332,333,534],[326,327,529],[324,325,536],[322,323,539],[330,331,532],[414,434,505],[412,443,502],[417,446,503],[406,437,509],[404,431,506],
[409,440,508],[216,351,425],[215,349,429],[214,357,419],[213,353,427],[212,355,421],[211,347,423],[259,268,270],[258,259,262],[257,266,267],
[256,257,265],[260,262,270],[263,265,267],[253,380,532],[253,372,539],[250,378,529],[250,376,527],[255,374,536],[255,370,534],[237,238,519],
[240,246,525],[245,246,521],[233,238,522],[235,243,524],[242,243,518],[231,271,547],[230,276,553],[229,272,544],[227,275,550],[228,273,556],
[226,274,541],[225,303,566],[224,299,563],[223,298,563],[224,300,564],[225,302,564],[223,301,566],[374,378,380],[370,372,376],[174,175,176],
[172,173,177],[118,119,123],[120,121,122],[256,263,266],[258,260,268],[158,416,577],[159,408,578],[156,416,581],[157,411,580],[154,408,583],
[155,411,584],[270,343,390],[267,345,392],[257,337,396],[259,339,394],[262,335,388],[265,341,386],[112,146,563],[114,147,566],[110,144,563],
[106,145,564],[108,142,564],[116,143,566],[76,245,372],[79,240,374],[78,242,378],[80,233,380],[81,235,370],[77,237,376],[24,123,351],
[23,120,349],[22,121,355],[21,118,347],[20,119,353],[19,122,357],[86,87,270],[83,84,267],[82,87,259],[84,85,257],[82,86,262],
[83,85,265],[194,270,527],[198,262,534],[196,257,529],[193,265,536],[195,259,539],[197,267,532],[78,355,493],[76,351,499],[81,347,490],
[79,357,484],[80,349,487],[77,353,496],[36,249,299],[33,254,302],[32,248,300],[35,252,301],[34,251,303],[31,247,298],[37,227,610],
[39,231,622],[38,226,619],[41,229,607],[40,228,613],[42,230,616],[31,378,606],[35,372,600],[36,376,604],[34,380,598],[33,370,601],
[32,374,603],[23,42,352],[20,37,348],[19,38,350],[24,41,356],[22,39,346],[21,40,354],[125,641,660],[129,640,663],[124,647,666],
[128,644,666],[126,643,660],[127,646,663],[41,222,356],[38,220,350],[37,218,348],[39,221,346],[42,217,352],[40,219,354],[23,42,102],
[21,40,101],[19,38,103],[24,41,100],[20,37,104],[22,39,105],[79,324,484],[78,326,493],[76,322,499],[80,330,487],[77,328,496],
[81,332,490],[249,299,485],[254,302,488],[247,298,500],[248,300,497],[251,303,491],[252,301,494],[31,39,231],[32,38,226],[35,41,229],
[33,40,228],[34,42,230],[36,37,227],[34,520,598],[36,517,604],[33,523,601],[32,523,603],[35,520,600],[31,517,606],[82,198,262],
[85,193,265],[86,194,270],[84,196,257],[83,197,267],[87,195,259],[22,121,346],[24,123,356],[23,120,352],[21,118,354],[19,122,350],
[20,119,348],[245,372,600],[235,370,601],[237,376,604],[240,374,603],[242,378,606],[233,380,598],[106,224,564],[108,225,564],[112,224,563],
[114,225,566],[116,223,566],[110,223,563],[76,372,539],[81,370,534],[80,380,532],[77,376,527],[79,374,536],[78,378,529],[259,270,343],
[259,262,339],[262,270,335],[257,267,345],[265,267,341],[257,265,337],[214,419,613],[216,425,616],[212,421,610],[215,429,607],[211,423,619],
[213,427,622],[270,329,527],[262,333,534],[257,327,529],[265,325,536],[267,331,532],[259,323,539],[194,390,404],[195,394,417],[198,388,406],
[196,396,414],[193,386,409],[197,392,412],[35,60,426],[36,55,422],[33,56,424],[31,57,428],[32,58,420],[34,59,418],[59,339,394],
[57,343,390],[55,337,396],[60,345,392],[56,341,386],[58,335,388],[344,346,504],[342,356,507],[338,354,504],[336,350,507],[340,352,510],
[334,348,510],[158,416,456],[156,416,457],[155,411,458],[159,408,455],[157,411,454],[154,408,459],[231,473,622],[227,470,610],[226,475,619],
[229,468,607],[230,467,616],[228,466,613],[36,202,376],[33,204,370],[34,201,380],[31,199,378],[35,203,372],[32,200,374],[198,307,370],
[197,309,380],[196,304,378],[195,306,372],[194,305,376],[193,308,374],[76,245,662],[79,240,665],[78,242,659],[80,233,661],[77,237,658],
[81,235,664],[332,534,579],[326,529,585],[322,539,585],[328,527,582],[330,532,579],[324,536,582],[50,145,564],[52,146,563],[49,147,566],
[53,144,563],[51,143,566],[54,142,564],[18,358,579],[17,360,585],[17,366,579],[16,368,582],[16,364,585],[18,362,582],[132,534,594],
[140,539,591],[130,532,588],[136,529,594],[134,527,588],[138,536,591],[15,118,498],[14,123,492],[13,119,501],[15,122,489],[13,121,486],
[14,120,495],[105,120,271],[103,121,274],[100,119,272],[102,122,276],[104,118,275],[101,123,273],[38,166,264],[42,160,269],[37,168,269],
[40,162,261],[41,164,264],[39,170,261],[327,479,615],[325,480,609],[323,481,621],[331,478,612],[329,482,618],[333,483,624],[158,349,577],
[159,347,578],[156,353,581],[157,357,580],[155,351,584],[154,355,583],[19,357,563],[24,351,563],[23,349,564],[22,355,566],[20,353,564],
[21,347,566],[87,161,270],[83,165,265],[86,171,262],[84,169,267],[82,167,259],[85,163,257],[33,254,309],[36,249,308],[32,248,305],
[34,251,307],[31,247,306],[35,252,304],[33,302,412],[36,299,409],[32,300,404],[31,298,417],[35,301,414],[34,303,406],[38,389,619],
[37,385,610],[41,395,607],[40,391,613],[42,387,616],[39,393,622],[302,558,564],[299,552,563],[300,543,564],[303,555,566],[301,546,566],
[298,549,563],[159,436,491],[158,442,488],[156,430,497],[155,445,500],[154,433,494],[157,439,485],[187,276,637],[190,271,631],[189,274,635],
[188,272,634],[191,275,638],[192,273,632],[171,190,302],[167,189,301],[165,188,300],[169,191,303],[161,187,299],[163,192,298],[47,75,382],
[45,72,384],[48,74,382],[43,73,383],[44,71,383],[46,70,384],[115,131,583],[109,133,581],[117,141,578],[113,135,584],[111,137,580],
[107,139,577],[53,177,356],[52,176,350],[51,174,346],[49,173,354],[50,172,348],[54,175,352],[150,409,637],[152,404,634],[151,417,632],
[148,406,638],[153,412,631],[149,414,635],[326,382,576],[328,384,569],[330,383,570],[332,383,575],[324,384,572],[322,382,573],[442,552,562],
[439,546,567],[433,558,565],[430,555,562],[436,549,565],[445,543,567],[277,372,478],[282,378,482],[280,374,483],[279,370,480],[278,380,481],
[281,376,479],[116,355,493],[108,349,487],[110,351,499],[114,347,490],[106,353,496],[112,357,484],[229,542,544],[231,547,557],[230,551,553],
[227,550,554],[226,541,545],[228,548,556],[220,238,522],[219,238,519],[222,243,524],[221,246,525],[217,243,518],[218,246,521],[88,456,509],
[90,458,505],[91,459,503],[93,454,506],[92,455,502],[89,457,508],[121,311,323],[119,313,325],[120,315,333],[122,319,329],[118,321,331],
[123,317,327],[202,371,400],[204,373,398],[200,379,399],[199,381,402],[203,377,397],[201,375,401],[425,463,565],[429,460,565],[427,465,567],
[423,461,562],[419,462,562],[421,464,567],[130,188,278],[134,190,281],[132,189,279],[136,191,282],[140,187,277],[138,192,280],[144,450,584],
[143,452,583],[147,451,578],[145,448,581],[146,453,580],[142,449,577],[58,269,303],[56,269,299],[60,261,302],[59,261,298],[57,264,300],
[55,264,301],[123,351,389],[120,349,385],[121,355,391],[122,357,395],[118,347,393],[119,353,387],[150,177,244],[151,176,239],[148,174,241],
[149,173,234],[153,172,236],[152,175,232],[69,291,515],[64,289,515],[66,290,516],[67,288,514],[68,286,514],[65,287,516],[375,430,456],
[371,442,457],[379,445,454],[381,436,459],[377,439,458],[373,433,455],[54,387,471],[53,395,476],[52,389,472],[49,391,474],[50,385,477],
[51,393,469],[234,327,659],[244,325,665],[236,331,661],[232,329,658],[241,333,664],[239,323,662],[33,59,446],[35,57,431],[32,55,434],
[34,56,440],[31,60,443],[36,58,437],[66,200,294],[69,202,292],[64,201,295],[67,199,297],[68,204,293],[65,203,296],[273,605,662],
[276,605,665],[275,599,664],[271,602,661],[272,602,658],[274,599,659],[81,202,575],[76,204,573],[79,201,572],[80,199,570],[77,203,569],
[78,200,576],[305,399,500],[304,397,485],[306,402,491],[309,398,494],[308,400,488],[307,401,497],[382,425,584],[383,423,578],[382,421,583],
[384,427,581],[384,419,580],[383,429,577],[197,515,532],[193,516,536],[194,515,527],[196,514,529],[195,516,539],[198,514,534],[111,184,191],
[115,182,188],[113,185,190],[117,183,187],[107,186,192],[109,181,189],[161,522,560],[171,518,559],[167,525,561],[163,524,561],[165,521,560],
[169,519,559],[180,417,446],[179,406,437],[179,409,440],[178,414,434],[180,412,443],[178,404,431],[142,364,454],[147,368,458],[143,362,456],
[144,358,457],[146,366,459],[145,360,455],[260,268,345],[263,266,343],[258,268,341],[258,260,337],[256,263,339],[256,266,335],[119,123,470],
[121,122,473],[120,121,467],[120,122,475],[118,119,466],[118,123,468],[281,350,400],[282,356,402],[277,346,397],[278,354,401],[279,352,398],
[280,348,399],[172,173,466],[172,177,470],[173,177,468],[175,176,475],[174,175,467],[174,176,473],[168,218,352],[166,220,356],[164,222,350],
[162,219,346],[170,221,354],[160,217,348],[204,245,521],[201,240,525],[200,242,518],[203,237,519],[202,235,524],[199,233,522],[229,294,469],
[231,293,476],[227,295,472],[226,296,477],[230,292,474],[228,297,471],[78,170,355],[77,168,353],[76,164,351],[81,162,347],[79,166,357],
[80,160,349],[429,443,558],[423,437,555],[425,446,549],[427,431,543],[421,434,546],[419,440,552],[30,119,153],[29,120,152],[27,123,150],
[25,118,149],[26,122,151],[28,121,148],[131,416,581],[133,408,583],[141,411,580],[135,416,577],[137,408,578],[139,411,584],[83,85,291],
[82,87,288],[86,87,290],[83,84,286],[84,85,287],[82,86,289],[255,536,669],[255,534,668],[253,532,667],[253,539,669],[250,527,667],
[250,529,668],[192,416,460],[190,411,463],[189,416,465],[187,408,461],[191,411,462],[188,408,464],[186,187,642],[181,191,642],[185,188,648],
[182,190,645],[184,189,648],[183,192,645],[466,486,489],[470,486,495],[467,492,501],[475,492,498],[473,498,501],[468,489,495],[131,198,418],
[133,197,424],[141,196,426],[137,195,428],[139,194,420],[135,193,422],[271,425,547],[273,429,556],[275,419,550],[274,427,541],[276,423,553],
[272,421,544],[416,449,482],[416,448,478],[408,451,479],[411,450,480],[408,452,483],[411,453,481],[121,181,487],[123,186,496],[119,182,490],
[122,183,493],[120,185,484],[118,184,499],[265,386,490],[270,390,493],[262,388,484],[267,392,499],[257,396,496],[259,394,487],[382,462,571],
[384,460,568],[383,465,568],[383,464,574],[382,461,574],[384,463,571],[335,370,376],[337,374,378],[339,370,372],[343,372,376],[345,378,380],
[341,374,380],[116,143,375],[106,145,373],[108,142,379],[110,144,371],[114,147,377],[112,146,381],[351,425,492],[349,429,495],[357,419,489],
[353,427,501],[347,423,498],[355,421,486],[68,352,534],[67,356,529],[69,350,527],[65,346,539],[64,354,532],[66,348,536],[75,470,522],
[72,466,518],[73,468,525],[71,475,521],[74,467,519],[70,473,524],[440,466,508],[434,470,505],[443,468,502],[446,467,503],[431,473,506],
[437,475,509],[253,259,268],[255,258,262],[250,260,270],[250,257,266],[253,263,267],[255,256,265],[92,198,256],[91,196,260],[89,194,266],
[88,197,268],[90,195,263],[93,193,258],[320,539,654],[312,534,653],[318,529,649],[310,532,651],[314,536,650],[316,527,652],[137,250,390],
[139,255,388],[133,255,386],[141,253,392],[135,250,396],[131,253,394],[156,369,498],[154,365,495],[159,359,492],[157,363,486],[155,361,501],
[158,367,489],[87,157,505],[83,156,509],[86,158,508],[84,159,503],[82,154,502],[85,155,506],[291,363,460],[290,369,463],[288,361,461],
[289,359,465],[286,367,464],[287,365,462],[105,268,598],[104,256,601],[102,258,603],[103,260,606],[100,266,604],[101,263,600],[152,289,311],
[151,290,315],[153,291,317],[149,286,313],[150,287,321],[148,288,319],[62,185,385],[62,186,389],[63,184,393],[63,183,395],[61,181,391],
[61,182,387],[137,211,647],[135,215,646],[131,213,643],[133,212,641],[139,216,640],[141,214,644],[124,137,214],[129,139,215],[125,133,213],
[127,135,216],[128,141,211],[126,131,212],[110,116,255],[106,112,253],[108,114,250],[12,181,289],[11,185,290],[10,186,291],[9,182,286],
[8,183,288],[7,184,287],[72,74,571],[71,75,574],[70,73,568],[329,535,663],[333,531,660],[327,538,666],[325,526,663],[331,533,660],
[323,528,666],[7,8,179],[10,11,180],[9,12,178],[318,539,540],[316,536,537],[310,534,537],[312,532,540],[314,527,530],[320,529,530],
[73,90,104],[70,91,102],[75,89,101],[71,93,105],[74,88,103],[72,92,100],[179,414,422],[180,404,428],[179,417,418],[178,406,420],
[180,409,424],[178,412,426],[366,637,639],[362,635,636],[360,634,636],[368,638,639],[364,631,633],[358,632,633],[400,629,655],[402,629,657],
[397,628,657],[399,630,655],[401,628,656],[398,630,656],[10,381,471],[8,371,474],[9,379,469],[11,373,476],[12,377,477],[7,375,472],
[426,622,623],[422,619,620],[420,610,611],[424,616,617],[428,607,608],[418,613,614],[214,626,660],[212,627,663],[211,626,663],[215,625,666],
[216,625,660],[213,627,666],[400,557,558],[402,554,555],[397,551,552],[399,548,549],[401,542,543],[398,545,546],[27,451,637],[29,452,634],
[26,449,632],[30,450,631],[28,453,638],[25,448,635],[72,597,620],[74,595,608],[71,596,614],[73,596,617],[75,595,623],[70,597,611],
[39,561,661],[38,560,659],[41,561,658],[40,559,662],[37,560,664],[42,559,665],[530,614,617],[540,611,620],[537,608,623],[160,633,661],
[168,636,658],[170,636,659],[162,639,664],[166,639,665],[164,633,662],[512,623,624],[511,620,621],[512,614,615],[513,617,618],[511,608,609],
[513,611,612],[212,658,669],[216,661,668],[215,662,668],[214,664,667],[213,659,669],[211,665,667],[124,634,659],[129,638,665],[125,637,664],
[127,635,658],[126,632,661],[128,631,662],[169,598,599],[161,604,605],[163,605,606],[167,599,600],[171,601,602],[165,602,603],[40,636,671],
[39,639,672],[37,633,672],[41,639,670],[42,636,670],[38,633,671],[563,589,590],[564,586,587],[566,592,593],[161,590,591],[167,592,594],
[163,589,591],[165,587,588],[171,586,588],[169,593,594],[250,577,578],[253,580,581],[255,583,584],[97,584,585],[95,581,582],[94,583,585],
[99,577,579],[96,578,579],[98,580,582],[105,403,444],[103,405,435],[100,410,432],[101,407,447],[102,415,441],[104,413,438],[550,552,612],
[556,558,615],[547,549,624],[541,543,621],[553,555,618],[544,546,609],[81,124,371],[76,129,373],[78,125,379],[79,128,375],[77,126,377],
[80,127,381],[134,204,376],[140,202,372],[136,201,378],[132,203,370],[138,199,374],[130,200,380],[246,330,332],[243,324,328],[238,322,326],
[49,170,293],[53,166,296],[50,160,292],[54,168,295],[52,164,294],[51,162,297],[115,452,485],[109,448,500],[113,450,491],[111,453,488],
[117,451,497],[107,449,494],[47,48,537],[43,44,530],[45,46,540],[158,260,552],[156,263,555],[155,256,543],[159,266,549],[157,268,546],
[154,258,558],[40,49,245],[42,54,240],[38,52,242],[41,53,237],[37,50,235],[39,51,233],[36,150,160],[34,148,168],[35,149,166],
[33,153,170],[31,151,162],[32,152,164],[259,301,435],[265,300,432],[257,298,447],[270,299,441],[267,303,438],[262,302,444],[264,358,366],
[269,360,364],[261,362,368],[16,536,539],[18,527,532],[17,529,534],[120,489,571],[121,495,568],[123,501,568],[122,486,574],[119,498,574],
[118,492,571],[29,105,238],[28,103,243],[27,101,246],[26,102,246],[25,104,243],[30,100,238],[58,160,640],[59,170,643],[56,168,641],
[60,162,644],[57,166,647],[55,164,646],[281,314,615],[277,318,612],[278,312,621],[282,320,618],[280,316,624],[279,310,609],[243,609,618],
[238,615,621],[246,612,624],[300,506,557],[302,502,542],[303,509,545],[299,508,548],[301,505,554],[298,503,551],[108,507,557],[116,510,545],
[110,510,548],[112,504,551],[106,504,542],[114,507,554],[156,479,511],[157,483,513],[159,480,513],[155,478,512],[154,482,511],[158,481,512],
[462,466,630],[463,467,628],[461,475,630],[460,468,628],[464,470,629],[465,473,629],[83,446,447],[87,443,444],[82,440,441],[85,437,438],
[86,434,435],[84,431,432],[442,444,449],[433,435,452],[436,438,451],[439,441,453],[430,432,448],[445,447,450],[106,427,597],[110,425,595],
[114,423,596],[108,429,596],[116,421,595],[112,419,597],[83,424,457],[82,418,459],[86,420,456],[87,428,454],[85,422,458],[84,426,455],
[153,403,404],[150,415,417],[151,407,409],[152,410,412],[149,405,406],[148,413,414],[204,424,478],[201,418,483],[200,420,482],[203,426,479],
[202,422,480],[199,428,481],[403,647,662],[413,646,665],[415,643,664],[407,641,661],[405,640,658],[410,644,659],[183,410,591],[181,407,594],
[184,403,594],[186,405,591],[185,413,588],[182,415,588],[35,366,367],[36,364,365],[33,362,363],[32,358,359],[31,368,369],[34,360,361],
[357,366,483],[355,362,482],[353,360,479],[351,358,478],[347,368,480],[349,364,481],[106,344,345],[108,342,343],[114,336,337],[110,340,341],
[116,334,335],[112,338,339],[290,305,306],[291,308,309],[289,305,307],[288,306,307],[286,304,309],[287,304,308],[245,407,500],[240,415,485],
[235,413,491],[242,405,494],[233,403,488],[237,410,497],[64,285,588],[65,284,591],[66,283,591],[67,284,594],[68,285,594],[69,283,588],
[10,466,597],[7,470,595],[9,468,596],[12,475,596],[8,467,595],[11,473,597],[64,468,570],[65,467,573],[67,470,576],[68,475,575],
[66,466,572],[69,473,569],[373,432,656],[375,435,656],[379,444,655],[377,438,657],[371,447,655],[381,441,657],[390,582,656],[396,585,656],
[392,579,655],[388,579,657],[394,585,655],[386,582,657],[117,459,493],[115,455,490],[113,454,484],[111,458,499],[109,456,487],[107,457,496],
[110,111,139],[116,117,133],[114,115,137],[108,109,135],[112,113,141],[106,107,131],[105,483,614],[102,482,611],[100,480,620],[101,479,623],
[104,478,617],[103,481,608],[223,600,623],[223,606,608],[225,598,614],[224,604,620],[224,603,611],[225,601,617],[98,214,314],[97,216,320],
[99,215,310],[94,212,318],[95,213,316],[96,211,312],[99,532,587],[98,536,589],[95,527,586],[94,529,593],[97,539,590],[96,534,592],
[141,195,443],[133,198,440],[139,193,437],[131,197,446],[135,194,434],[137,196,431],[90,443,499],[89,434,496],[93,437,484],[92,440,490],
[88,446,487],[91,431,493],[87,91,284],[86,93,283],[85,89,283],[84,90,284],[82,88,285],[83,92,285],[31,87,260],[36,85,266],
[35,84,263],[34,82,268],[32,86,258],[33,83,256],[40,143,239],[39,147,236],[37,142,241],[41,146,232],[42,145,244],[38,144,234],
[236,451,614],[244,448,611],[234,450,608],[241,449,617],[239,452,623],[232,453,620],[140,214,273],[132,212,275],[130,213,271],[136,211,274],
[134,215,272],[138,216,276],[191,274,405],[189,275,413],[188,271,403],[190,272,410],[187,273,407],[192,276,415],[60,163,400],[58,161,402],
[56,169,397],[59,171,399],[55,165,398],[57,167,401],[176,452,461],[174,449,465],[172,451,464],[177,448,460],[173,450,462],[175,453,463],
[52,175,425],[53,173,419],[51,176,423],[49,172,421],[54,174,427],[50,177,429],[80,121,230],[79,120,226],[78,122,231],[81,119,228],
[76,118,229],[77,123,227],[327,457,643],[323,456,646],[331,458,640],[333,454,644],[329,459,641],[325,455,647],[222,522,650],[220,524,654],
[219,525,649],[217,521,652],[218,518,651],[221,519,653],[143,175,545],[145,173,542],[142,176,557],[144,172,548],[146,174,551],[147,177,554],
[29,157,620],[27,156,611],[28,158,617],[30,159,614],[26,154,623],[25,155,608],[125,327,447],[128,325,432],[129,323,435],[124,333,444],
[126,329,441],[127,331,438],[234,274,474],[241,275,469],[244,276,476],[239,273,472],[236,271,477],[232,272,471],[50,206,234],[52,208,241],
[49,209,244],[53,207,236],[51,205,232],[54,210,239],[134,139,509],[137,140,506],[131,132,503],[130,133,508],[135,138,505],[136,141,502],
[125,293,500],[126,295,485],[128,296,497],[127,292,491],[129,294,494],[124,297,488],[146,214,297],[147,211,296],[143,212,295],[142,215,294],
[144,216,292],[145,213,293],[109,369,409],[111,363,404],[115,365,417],[117,359,412],[113,361,414],[107,367,406],[30,292,661],[25,293,659],
[29,295,658],[26,294,662],[27,296,665],[28,297,664],[72,82,232],[71,85,236],[74,83,234],[75,86,239],[70,84,244],[73,87,241],
[549,556,614],[550,555,611],[541,546,620],[547,558,623],[543,544,608],[552,553,617],[176,183,375],[173,184,371],[174,181,379],[175,185,381],
[177,186,373],[172,182,377],[389,460,582],[385,463,582],[391,465,579],[387,464,579],[395,461,585],[393,462,585],[105,531,661],[102,535,665],
[104,533,664],[100,526,658],[101,538,662],[103,528,659],[132,462,583],[140,460,580],[130,463,581],[136,465,578],[134,464,577],[138,461,584],
[63,539,621],[63,529,615],[62,527,618],[62,536,609],[61,532,612],[61,534,624],[198,572,669],[193,575,668],[195,570,667],[194,576,668],
[197,573,669],[196,569,667],[149,520,659],[153,523,661],[150,517,665],[148,520,664],[152,523,658],[151,517,662],[87,105,522],[83,101,521],
[82,102,525],[86,103,518],[85,104,524],[84,100,519],[182,470,507],[184,466,510],[183,475,510],[186,468,504],[185,467,504],[181,473,507],
[299,332,547],[301,328,553],[302,322,541],[300,326,556],[298,330,550],[303,324,544],[163,368,460],[165,358,464],[161,364,461],[169,360,462],
[167,366,465],[171,362,463],[108,139,642],[110,135,648],[116,131,645],[114,141,645],[112,137,648],[106,133,642],[94,355,357],[99,349,355],
[97,347,351],[96,347,353],[95,351,353],[98,349,357],[66,171,636],[65,169,636],[68,165,633],[67,161,633],[64,167,639],[69,163,639],
[75,289,599],[73,290,602],[74,291,605],[70,286,602],[71,287,599],[72,288,605],[40,214,339],[41,215,343],[42,216,341],[39,213,345],
[37,212,335],[38,211,337],[205,215,250],[208,212,255],[209,216,255],[207,213,253],[206,211,250],[210,214,253],[157,262,279],[159,265,280],
[156,257,282],[154,270,281],[155,267,278],[158,259,277],[47,562,600],[43,567,601],[45,565,604],[48,562,606],[46,565,603],[44,567,598],
[326,375,528],[328,373,526],[330,379,531],[322,371,538],[332,377,533],[324,381,535],[9,118,500],[10,119,491],[7,123,497],[8,121,488],
[11,122,494],[12,120,485],[153,466,622],[150,470,616],[148,467,610],[152,475,607],[149,468,619],[151,473,613],[49,116,432],[50,108,447],
[53,112,438],[52,110,444],[51,114,441],[54,106,435],[277,442,585],[281,433,582],[280,436,582],[282,430,585],[279,439,579],[278,445,579],
[196,282,406],[198,279,414],[195,277,409],[197,278,404],[193,280,417],[194,281,412],[345,606,627],[341,598,625],[339,601,626],[337,603,626],
[343,600,625],[335,604,627],[522,554,600],[519,551,606],[521,545,598],[524,557,603],[518,548,604],[525,542,601],[263,327,592],[266,325,590],
[256,331,586],[260,323,589],[268,333,593],[258,329,587],[40,99,556],[37,98,550],[38,95,541],[42,96,553],[41,94,544],[39,97,547],
[90,236,522],[89,234,518],[93,241,524],[92,244,525],[88,239,521],[91,232,519],[109,113,117],[107,111,115],[52,54,95],[50,53,98],
[51,52,97],[49,53,94],[49,50,99],[51,54,96],[59,107,338],[55,109,336],[58,111,334],[56,117,340],[60,113,344],[57,115,342],
[50,334,371],[52,336,379],[49,338,373],[54,340,375],[51,344,381],[53,342,377],[20,108,500],[23,106,494],[21,116,497],[19,110,488],
[24,112,491],[22,114,485],[146,342,441],[147,344,438],[145,340,432],[143,338,435],[144,336,447],[142,334,444],[6,28,380],[5,27,376],
[4,30,370],[3,26,378],[2,25,372],[1,29,374],[5,250,626],[6,253,626],[3,250,625],[1,255,627],[2,253,627],[4,255,625],
[5,73,389],[1,74,385],[2,72,393],[3,71,395],[4,75,387],[6,70,391],[292,457,612],[293,455,615],[297,459,624],[296,458,609],
[294,454,621],[295,456,618],[161,306,376],[167,307,372],[163,308,378],[165,309,374],[171,305,370],[169,304,380],[216,553,563],[214,556,563],
[215,544,564],[213,547,564],[211,541,566],[212,550,566],[524,603,626],[519,606,627],[522,600,625],[525,601,626],[518,604,627],[521,598,625],
[60,113,117],[55,109,113],[56,109,117],[59,107,115],[58,107,111],[57,111,115],[51,97,344],[53,94,342],[49,99,338],[50,98,334],
[54,96,340],[52,95,336],[111,334,371],[107,338,373],[109,336,379],[117,340,375],[115,342,377],[113,344,381],[1,74,627],[2,72,627],
[3,71,625],[5,73,626],[6,70,626],[4,75,625],[209,216,553],[210,214,556],[206,211,541],[205,215,544],[207,213,547],[208,212,550],
[67,161,306],[64,167,307],[69,163,308],[68,165,309],[66,171,305],[65,169,304],[294,539,621],[292,532,612],[293,529,615],[295,527,618],
[297,534,624],[296,536,609],[105,153,661],[102,150,665],[104,148,664],[100,152,658],[103,149,659],[101,151,662],[1,385,582],[5,389,582],
[2,393,585],[4,387,579],[3,395,585],[6,391,579],[27,296,376],[25,293,372],[28,297,380],[30,292,370],[29,295,374],[26,294,378],
[146,297,441],[147,296,438],[145,293,432],[143,295,435],[142,294,444],[144,292,447],[106,129,494],[108,125,500],[110,124,488],[116,128,497],
[114,126,485],[112,127,491],[108,134,139],[112,137,140],[116,131,132],[106,130,133],[114,136,141],[110,135,138],[50,234,371],[52,241,379],
[49,244,373],[53,236,377],[54,239,375],[51,232,381],[127,344,438],[128,340,432],[129,338,435],[124,334,444],[126,342,441],[125,336,447],
[145,213,542],[147,211,554],[146,214,551],[142,215,557],[143,212,545],[144,216,548],[105,522,650],[104,524,654],[102,525,649],[100,519,653],
[103,518,651],[101,521,652],[52,143,175],[53,145,173],[51,142,176],[49,144,172],[50,147,177],[54,146,174],[60,163,368],[55,165,358],
[58,161,364],[56,169,360],[59,171,362],[57,167,366],[236,271,403],[234,274,405],[241,275,413],[232,272,410],[244,276,415],[239,273,407],
[38,95,144],[39,97,147],[40,99,143],[37,98,142],[41,94,146],[42,96,145],[236,522,614],[234,518,608],[244,525,611],[241,524,617],
[232,519,620],[239,521,623],[35,263,592],[32,258,587],[31,260,589],[36,266,590],[33,256,586],[34,268,593],[90,236,499],[89,234,496],
[93,241,484],[92,244,490],[91,232,493],[88,239,487],[31,73,87],[32,75,86],[35,70,84],[33,74,83],[34,72,82],[36,71,85],
[99,556,587],[98,550,589],[95,541,586],[96,553,592],[97,547,590],[94,544,593],[50,99,215],[49,94,212],[53,98,214],[52,97,216],
[51,96,211],[54,95,213],[40,214,314],[42,216,320],[41,215,310],[37,212,318],[38,211,312],[39,213,316],[223,554,600],[223,551,606],
[224,557,603],[225,545,598],[225,542,601],[224,548,604],[483,549,614],[482,555,611],[480,546,620],[479,558,623],[481,543,608],[478,552,617],
[115,137,648],[109,135,648],[117,133,642],[113,141,645],[107,131,645],[111,139,642],[111,363,458],[109,369,456],[117,359,459],[115,365,455],
[107,367,457],[113,361,454],[106,131,197],[110,139,193],[114,137,196],[116,133,198],[108,135,194],[112,141,195],[45,582,656],[46,582,657],
[48,585,656],[44,579,655],[47,585,655],[43,579,657],[64,82,285],[68,83,285],[69,85,283],[66,86,283],[67,87,284],[65,84,284],
[64,570,588],[66,572,591],[65,573,591],[67,576,594],[69,569,588],[68,575,594],[75,289,305],[70,286,304],[73,290,306],[74,291,309],
[72,288,307],[71,287,308],[106,345,627],[108,343,625],[110,341,625],[112,339,626],[116,335,627],[114,337,626],[105,357,483],[102,355,482],
[101,353,479],[100,347,480],[103,349,481],[104,351,478],[183,375,410],[184,371,403],[181,379,407],[182,377,415],[186,373,405],[185,381,413],
[148,198,414],[150,193,417],[149,196,406],[151,195,409],[152,194,412],[153,197,404],[83,101,457],[82,102,459],[86,103,456],[87,105,454],
[84,100,455],[85,104,458],[20,108,429],[23,106,427],[21,116,421],[19,110,425],[24,112,419],[22,114,423],[10,106,597],[7,110,595],
[9,114,596],[12,108,596],[11,112,597],[8,116,595],[277,442,449],[280,436,451],[282,430,448],[278,445,450],[281,433,452],[279,439,453],
[83,327,447],[87,333,444],[82,329,441],[85,331,438],[84,325,432],[86,323,435],[172,438,451],[177,432,448],[173,447,450],[175,441,453],
[174,444,449],[176,435,452],[464,577,629],[465,578,629],[460,580,628],[462,583,630],[463,581,628],[461,584,630],[64,468,628],[65,467,628],
[68,475,630],[66,466,630],[69,473,629],[67,470,629],[156,282,511],[157,279,513],[158,277,512],[159,280,513],[154,281,511],[155,278,512],
[52,110,548],[50,108,557],[51,114,554],[49,116,545],[53,112,551],[54,106,542],[108,182,507],[116,184,510],[110,183,510],[112,186,504],
[114,181,507],[106,185,504],[246,318,612],[243,310,609],[246,316,624],[243,320,618],[238,312,621],[238,314,615],[160,331,640],[170,327,643],
[168,329,641],[162,333,644],[164,323,646],[166,325,647],[1,29,238],[6,28,243],[5,27,246],[2,25,243],[4,30,238],[3,26,246],
[157,262,444],[159,265,432],[156,257,447],[155,267,438],[158,259,435],[154,270,441],[299,332,441],[301,328,435],[302,322,444],[300,326,432],
[303,324,438],[298,330,447],[153,170,622],[150,160,616],[148,168,610],[151,162,613],[152,164,607],[149,166,619],[49,245,432],[50,235,447],
[53,237,438],[51,233,441],[54,240,435],[52,242,444],[40,245,407],[42,240,415],[37,235,413],[39,233,403],[41,237,410],[38,242,405],
[12,115,485],[9,109,500],[10,113,491],[7,117,497],[11,107,494],[8,111,488],[52,294,454],[51,297,459],[49,293,455],[54,295,456],
[53,296,458],[50,292,457],[129,164,294],[125,170,293],[128,166,296],[126,168,295],[124,162,297],[127,160,292],[246,332,547],[243,328,553],
[243,324,544],[238,322,541],[238,326,556],[246,330,550],[204,306,376],[202,307,372],[201,308,378],[200,304,380],[199,309,374],[203,305,370],
[140,202,506],[136,201,502],[134,204,509],[132,203,503],[130,200,508],[138,199,505],[81,124,228],[76,129,229],[80,127,230],[79,128,226],
[78,125,231],[77,126,227],[553,618,654],[556,615,650],[544,609,651],[541,621,653],[547,624,652],[550,612,649],[110,403,444],[106,405,435],
[116,410,432],[108,407,447],[112,413,438],[114,415,441],[97,277,585],[95,281,582],[94,282,585],[98,280,582],[99,278,579],[96,279,579],
[255,583,627],[250,578,626],[253,580,626],[250,577,625],[255,584,625],[253,581,627],[455,558,615],[457,552,612],[459,549,624],[454,543,621],
[456,555,618],[458,546,609],[161,376,590],[167,372,592],[163,378,589],[165,374,587],[169,380,593],[171,370,586],[553,563,589],[556,563,590],
[544,564,586],[547,564,587],[550,566,592],[541,566,593],[37,161,633],[40,171,636],[42,169,636],[41,167,639],[39,163,639],[38,165,633],
[161,461,605],[163,460,605],[167,465,599],[165,464,602],[169,462,599],[171,463,602],[124,520,659],[129,517,665],[128,517,662],[126,523,661],
[125,520,664],[127,523,658],[198,212,669],[193,216,668],[195,214,667],[194,215,668],[196,211,667],[197,213,669],[63,511,621],[61,513,612],
[63,512,615],[62,513,618],[62,511,609],[61,512,624],[170,528,659],[168,526,658],[160,531,661],[164,538,662],[166,535,665],[162,533,664],
[530,556,614],[540,550,611],[540,541,620],[537,547,623],[530,553,617],[537,544,608],[30,39,661],[25,38,659],[29,41,658],[26,40,662],
[27,42,665],[28,37,664],[29,72,620],[27,70,611],[30,71,614],[28,73,617],[25,74,608],[26,75,623],[450,462,631],[448,460,635],
[453,463,638],[452,461,634],[449,465,632],[451,464,637],[60,400,558],[58,402,555],[56,397,552],[59,399,549],[57,401,543],[55,398,546],
[140,214,626],[132,212,627],[130,213,627],[136,211,626],[138,216,625],[134,215,625],[40,239,671],[39,236,672],[37,241,672],[41,232,670],
[38,234,671],[42,244,670],[418,451,614],[424,449,617],[426,452,623],[428,450,608],[422,453,620],[420,448,611],[223,511,608],[223,512,623],
[224,513,611],[225,513,617],[224,511,620],[225,512,614],[401,432,656],[398,435,656],[400,444,655],[402,438,657],[397,441,657],[399,447,655],
[379,444,469],[373,432,476],[375,435,472],[377,438,477],[381,441,471],[371,447,474],[358,478,632],[366,483,637],[362,482,635],[360,479,634],
[364,481,631],[368,480,638],[161,183,591],[169,184,594],[167,181,594],[163,186,591],[165,182,588],[171,185,588],[180,204,424],[179,202,422],
[179,201,418],[178,200,420],[180,199,428],[178,203,426],[73,104,243],[71,105,238],[72,100,238],[74,103,243],[75,101,246],[70,102,246],
[16,318,539],[16,316,536],[18,312,532],[17,320,529],[17,310,534],[18,314,527],[264,366,639],[264,358,633],[261,368,639],[261,362,636],
[269,364,633],[269,360,636],[36,160,633],[33,170,636],[34,168,636],[31,162,639],[32,164,633],[35,166,639],[46,318,540],[47,316,537],
[48,310,537],[45,312,540],[43,320,530],[44,314,530],[8,124,371],[11,129,373],[9,125,379],[7,128,375],[10,127,381],[12,126,377],
[8,179,414],[7,179,417],[9,178,406],[12,178,412],[10,180,404],[11,180,409],[216,531,660],[215,538,666],[212,526,663],[214,533,660],
[213,528,666],[211,535,663],[400,557,629],[402,554,629],[397,551,628],[398,545,630],[401,542,628],[399,548,630],[72,571,597],[74,571,595],
[71,574,596],[73,568,596],[70,568,597],[75,574,595],[93,105,444],[88,103,435],[92,100,432],[90,104,438],[89,101,447],[91,102,441],
[94,116,355],[99,108,349],[97,110,351],[96,114,347],[98,112,357],[95,106,353],[124,137,634],[129,139,638],[125,133,637],[127,135,635],
[128,141,631],[126,131,632],[137,403,647],[135,413,646],[131,415,643],[133,407,641],[141,410,644],[139,405,640],[10,62,186],[9,61,182],
[11,62,185],[8,63,183],[7,63,184],[12,61,181],[287,321,599],[289,311,599],[290,315,602],[291,317,605],[288,319,605],[286,313,602],
[161,266,604],[171,256,601],[167,263,600],[169,268,598],[165,258,603],[163,260,606],[158,481,489],[154,482,495],[156,479,498],[155,478,501],
[159,480,492],[157,483,486],[137,205,250],[139,208,255],[133,209,255],[141,207,253],[131,210,253],[135,206,250],[196,260,282],[195,263,277],
[198,256,279],[194,266,281],[197,268,278],[193,258,280],[2,253,263],[5,250,266],[4,255,256],[6,253,268],[1,255,258],[3,250,260],
[440,466,622],[437,475,607],[434,470,616],[443,468,619],[446,467,610],[431,473,613],[470,507,522],[466,510,518],[468,504,525],[475,510,521],
[473,507,524],[467,504,519],[143,375,528],[145,373,526],[142,379,531],[144,371,538],[146,381,535],[147,377,533],[3,337,378],[6,345,380],
[5,343,376],[4,335,370],[1,341,374],[2,339,372],[462,489,571],[460,495,568],[461,498,574],[465,501,568],[464,486,574],[463,492,571],
[265,455,490],[257,457,496],[270,459,493],[262,454,484],[259,456,487],[267,458,499],[125,181,487],[129,186,496],[126,182,490],[128,183,493],
[124,184,499],[127,185,484],[153,466,486],[150,470,495],[148,467,501],[152,475,492],[149,468,489],[151,473,498],[186,187,291],[181,191,289],
[185,188,290],[182,190,286],[183,192,288],[184,189,287],[116,255,669],[110,255,668],[112,253,667],[108,250,668],[114,250,667],[106,253,669],
[83,291,424],[86,289,420],[82,288,418],[87,290,428],[84,286,426],[85,287,422],[30,153,403],[27,150,415],[29,152,410],[25,149,405],
[28,148,413],[26,151,407],[141,443,558],[133,440,552],[139,437,555],[131,446,549],[137,431,543],[135,434,546],[94,166,357],[95,164,351],
[99,170,355],[96,168,353],[97,162,347],[98,160,349],[241,294,469],[244,293,476],[234,292,474],[232,297,471],[239,295,472],[236,296,477],
[204,245,478],[201,240,483],[200,242,482],[203,237,479],[199,233,481],[202,235,480],[10,172,466],[7,177,470],[9,173,468],[12,175,475],
[11,176,473],[8,174,467],[282,320,356],[281,314,350],[277,318,346],[278,312,354],[279,310,352],[280,316,348],[260,345,552],[263,343,555],
[256,339,543],[266,335,549],[258,337,558],[268,341,546],[358,457,643],[362,456,646],[368,458,640],[364,454,644],[360,455,647],[366,459,641],
[83,180,446],[86,178,434],[84,178,431],[87,180,443],[85,179,437],[82,179,440],[90,161,522],[89,171,518],[92,167,525],[93,163,524],
[91,169,519],[88,165,521],[109,189,413],[111,191,405],[115,188,403],[113,190,410],[117,187,407],[107,192,415],[515,532,587],[516,536,589],
[515,527,586],[514,529,593],[514,534,592],[516,539,590],[52,425,584],[51,423,578],[49,421,583],[54,427,581],[50,429,577],[53,419,580],
[245,305,500],[240,304,485],[235,306,491],[242,309,494],[237,307,497],[233,308,488],[605,647,662],[605,646,665],[599,643,664],[602,641,661],
[599,644,659],[602,640,658],[35,57,342],[33,59,338],[32,55,336],[31,60,344],[36,58,334],[34,56,340],[234,263,327],[244,266,325],
[236,256,331],[232,258,329],[239,260,323],[241,268,333],[52,54,471],[50,53,476],[51,52,472],[49,53,474],[51,54,469],[49,50,477],
[176,375,456],[175,381,459],[177,373,455],[173,371,457],[172,377,458],[174,379,454],[123,389,460],[120,385,463],[118,393,462],[121,391,465],
[119,387,464],[122,395,461],[55,301,505],[58,303,509],[56,299,508],[60,302,502],[57,300,506],[59,298,503],[97,144,584],[95,145,581],
[99,142,577],[98,146,580],[94,143,583],[96,147,578],[324,381,402],[332,377,397],[326,375,401],[328,373,398],[330,379,399],[322,371,400],
[423,562,600],[427,567,601],[425,565,604],[419,562,606],[421,567,598],[429,565,603],[91,284,503],[93,283,506],[89,283,508],[92,285,502],
[90,284,505],[88,285,509],[220,522,554],[219,519,551],[222,524,557],[221,525,542],[218,521,545],[217,518,548],[300,547,557],[303,541,545],
[301,550,554],[302,542,544],[298,551,553],[299,548,556],[47,442,562],[43,439,567],[45,433,565],[48,430,562],[44,445,567],[46,436,565],
[326,528,576],[328,526,569],[330,531,570],[324,535,572],[322,538,573],[332,533,575],[109,409,637],[111,404,634],[115,417,632],[113,414,635],
[107,406,638],[117,412,631],[48,74,234],[43,73,241],[45,72,232],[47,75,239],[44,71,236],[46,70,244],[30,271,631],[26,273,632],
[27,276,637],[28,275,638],[25,274,635],[29,272,634],[118,155,500],[119,159,491],[123,156,497],[121,158,488],[120,157,485],[122,154,494],
[73,389,619],[75,387,616],[70,391,613],[71,395,607],[72,393,622],[74,385,610],[251,305,307],[247,306,307],[252,304,308],[249,308,309],
[254,304,309],[248,305,306],[19,216,563],[24,214,563],[20,215,564],[23,213,564],[21,212,566],[22,211,566],[30,159,347],[25,155,351],
[29,157,357],[26,154,355],[27,156,353],[28,158,349],[9,15,118],[10,13,119],[12,14,120],[7,14,123],[8,13,121],[11,15,122],
[123,273,568],[118,275,571],[120,271,571],[121,274,568],[122,276,574],[119,272,574],[38,166,541],[41,164,544],[39,170,547],[40,162,556],
[37,168,550],[42,160,553],[333,593,624],[327,592,615],[325,590,609],[329,587,618],[331,586,612],[323,589,621],[132,462,594],[140,460,591],
[130,463,588],[136,465,594],[138,461,591],[134,464,588],[17,388,579],[17,396,585],[16,386,582],[18,390,582],[18,392,579],[16,394,585],
[50,206,564],[52,208,563],[49,209,566],[53,207,563],[54,210,564],[51,205,566],[324,433,582],[332,445,579],[326,442,585],[322,430,585],
[328,436,582],[330,439,579],[80,216,661],[76,215,662],[79,211,665],[78,213,659],[81,214,664],[77,212,658],[422,475,619],[428,468,607],
[418,466,613],[420,470,610],[426,473,622],[424,467,616],[158,260,456],[156,263,457],[155,256,458],[159,266,455],[154,258,459],[157,268,454],
[142,334,348],[143,338,354],[147,344,346],[146,342,356],[144,336,350],[145,340,352],[42,56,341],[40,59,339],[41,57,343],[39,60,345],
[38,55,337],[37,58,335],[35,60,366],[36,55,364],[33,56,362],[32,58,358],[34,59,360],[31,57,368],[282,388,406],[279,396,414],
[277,386,409],[278,390,404],[281,392,412],[280,394,417],[270,329,535],[262,333,531],[257,327,538],[265,325,526],[259,323,528],[267,331,533],
[214,273,613],[216,276,616],[212,275,610],[215,272,607],[213,271,622],[211,274,619],[262,339,601],[259,343,600],[270,335,604],[257,345,606],
[265,337,603],[267,341,598],[106,224,344],[108,225,342],[114,225,336],[112,224,338],[110,223,340],[116,223,334],[47,245,600],[43,235,601],
[45,237,604],[48,242,606],[44,233,598],[46,240,603],[121,230,346],[118,229,354],[120,226,352],[119,228,348],[123,227,356],[122,231,350],
[86,194,576],[84,196,569],[87,195,570],[82,198,572],[83,197,573],[85,193,575],[332,440,490],[324,437,484],[322,443,499],[326,431,493],
[330,446,487],[328,434,496],[249,452,485],[254,453,488],[248,451,497],[247,448,500],[252,449,494],[251,450,491],[31,39,561],[32,38,560],
[35,41,561],[33,40,559],[34,42,559],[36,37,560],[36,365,517],[33,363,523],[32,359,523],[31,369,517],[34,361,520],[35,367,520],
[23,102,494],[21,101,497],[19,103,488],[24,100,491],[22,105,485],[20,104,500],[222,356,522],[220,350,524],[218,348,518],[221,346,519],
[217,352,521],[219,354,525],[58,129,640],[56,125,641],[60,128,644],[59,126,643],[55,127,646],[57,124,647],[271,425,492],[273,429,495],
[276,423,498],[275,419,489],[272,421,486],[274,427,501],[192,291,460],[188,286,464],[190,290,463],[191,287,462],[189,289,465],[187,288,461],
[68,218,352],[67,220,356],[69,222,350],[65,219,346],[66,217,348],[64,221,354],[66,200,290],[69,202,291],[64,201,289],[67,199,288],
[65,203,287],[68,204,286],[119,313,470],[121,311,473],[120,315,467],[122,319,475],[123,317,468],[118,321,466],[372,448,478],[378,449,482],
[376,451,479],[370,450,480],[374,452,483],[380,453,481],[150,177,356],[151,176,350],[148,174,346],[149,173,354],[152,175,352],[153,172,348],
[115,131,416],[109,133,408],[117,141,411],[113,135,416],[107,139,411],[111,137,408],[187,277,299],[190,281,302],[189,279,301],[192,280,298],
[188,278,300],[191,282,303],[302,412,558],[299,409,552],[300,404,543],[303,406,555],[298,417,549],[301,414,546],[87,161,505],[83,165,509],
[86,171,508],[82,167,502],[85,163,506],[84,169,503],[198,307,418],[197,309,424],[196,304,426],[195,306,428],[193,308,422],[194,305,420],
[36,202,575],[33,204,573],[34,201,572],[31,199,570],[32,200,576],[35,203,569],[79,536,650],[78,529,649],[76,539,654],[81,534,653],
[80,532,651],[77,527,652],[559,646,647],[561,640,641],[560,643,644],[622,652,653],[619,653,654],[613,649,650],[607,650,651],[610,649,651],
[616,652,654],[404,647,648],[414,646,648],[417,643,645],[409,641,642],[406,640,642],[412,644,645],[9,286,414],[12,289,404],[11,290,417],
[8,288,406],[10,291,412],[7,287,409],[63,110,116],[61,108,114],[62,106,112],[70,73,523],[71,75,520],[72,74,517],[231,327,666],
[228,333,660],[230,331,660],[226,325,663],[229,323,666],[227,329,663],[7,8,223],[9,12,225],[10,11,224],[73,90,180],[70,91,178],
[75,89,178],[71,93,179],[74,88,180],[72,92,179],[398,414,422],[401,404,428],[399,417,418],[402,406,420],[400,412,426],[397,409,424],
[10,348,471],[9,354,469],[8,346,474],[11,350,476],[7,356,472],[12,352,477],[30,202,450],[29,201,452],[27,203,451],[26,200,449],
[25,204,448],[28,199,453],[105,207,403],[104,208,413],[102,209,415],[101,210,407],[100,205,410],[103,206,405],[391,569,622],[385,573,616],
[387,576,610],[393,572,613],[389,570,607],[395,575,619],[128,129,559],[124,125,560],[126,127,561],[185,186,224],[181,182,225],[183,184,223],
[192,399,503],[189,398,505],[191,402,509],[190,400,502],[187,397,508],[188,401,506],[448,511,555],[449,512,552],[451,513,549],[453,513,546],
[452,511,558],[450,512,543],[479,583,647],[483,578,641],[480,580,640],[482,581,646],[478,577,643],[481,584,644],[249,375,483],[252,379,482],
[251,371,480],[254,381,481],[248,377,479],[247,373,478],[204,291,446],[203,286,431],[199,290,443],[202,287,437],[200,289,434],[201,288,440],
[320,346,394],[318,356,396],[310,354,392],[314,348,386],[312,352,388],[316,350,390],[197,210,627],[198,209,627],[194,206,625],[193,208,625],
[196,205,626],[195,207,626],[185,338,597],[184,340,595],[182,336,596],[181,342,596],[186,344,597],[183,334,595],[269,270,590],[264,265,587],
[261,262,586],[267,269,593],[259,264,592],[257,261,589],[244,246,603],[234,243,606],[241,243,601],[239,246,600],[232,238,604],[236,238,598],
[271,290,588],[276,288,591],[272,286,588],[273,291,591],[274,289,594],[275,287,594],[225,442,624],[223,445,615],[224,430,609],[224,439,618],
[225,436,612],[223,433,621],[222,324,608],[221,332,623],[219,326,614],[220,322,620],[217,328,617],[218,330,611],[13,219,503],[13,217,508],
[14,220,505],[14,218,509],[15,222,506],[15,221,502],[123,186,429],[121,181,427],[119,182,421],[122,183,423],[118,184,419],[120,185,425],
[358,416,449],[362,416,448],[366,408,451],[364,411,450],[368,411,453],[360,408,452],[3,522,560],[6,525,561],[5,524,561],[4,521,560],
[1,518,559],[2,519,559],[111,184,444],[117,183,432],[109,181,447],[107,186,435],[113,185,438],[115,182,441],[66,294,654],[69,292,651],
[64,295,652],[67,297,653],[65,296,650],[68,293,649],[15,231,498],[13,230,501],[13,228,486],[14,227,495],[14,226,492],[15,229,489],
[105,271,672],[102,276,670],[103,274,671],[104,275,672],[101,273,671],[100,272,670],[41,60,264],[38,58,264],[40,56,261],[42,59,269],
[39,57,261],[37,55,269],[21,327,479],[20,331,478],[23,329,482],[22,333,483],[19,323,481],[24,325,480],[18,52,358],[17,53,366],
[16,51,368],[18,49,362],[16,50,364],[17,54,360],[138,248,536],[134,249,527],[140,252,539],[132,254,534],[136,247,529],[130,251,532],
[9,342,507],[10,338,504],[12,336,507],[11,344,504],[8,340,510],[7,334,510],[197,228,412],[198,230,406],[194,226,404],[193,227,409],
[196,229,414],[195,231,417],[74,425,616],[73,429,607],[72,419,613],[75,421,610],[70,427,622],[71,423,619],[66,76,322],[69,80,330],
[64,77,328],[67,81,332],[65,79,324],[68,78,326],[47,300,497],[44,299,485],[45,303,491],[48,302,488],[46,301,494],[43,298,500],
[32,226,412],[35,229,406],[31,231,409],[33,228,404],[36,227,417],[34,230,414],[37,218,319],[40,219,315],[41,222,311],[39,221,317],
[42,217,321],[38,220,313],[40,101,632],[42,102,637],[41,100,634],[38,103,635],[39,105,631],[37,104,638],[125,599,660],[127,602,663],
[129,605,663],[124,599,666],[128,605,666],[126,602,660],[517,647,666],[523,640,663],[523,641,660],[520,644,666],[517,646,663],[520,643,660],
[52,358,449],[50,364,450],[49,362,448],[53,366,451],[54,360,452],[51,368,453],[13,219,228],[13,217,230],[14,220,226],[14,218,227],
[15,221,231],[15,222,229],[271,588,672],[274,594,671],[276,591,670],[272,588,670],[275,594,672],[273,591,671],[197,210,228],[198,209,230],
[194,206,226],[193,208,227],[195,207,231],[196,205,229],[20,478,577],[22,483,578],[24,480,580],[21,479,583],[19,481,584],[23,482,581],
[14,402,509],[13,397,508],[15,401,506],[13,399,503],[15,400,502],[14,398,505],[182,225,421],[183,223,423],[185,224,425],[186,224,429],
[184,223,419],[181,225,427],[228,523,660],[226,523,663],[229,520,666],[231,517,666],[230,520,660],[227,517,663],[226,325,492],[227,329,495],
[231,327,498],[229,323,489],[228,333,486],[230,331,501],[73,180,523],[70,178,523],[75,178,520],[71,179,520],[72,179,517],[74,180,517],
[286,398,414],[289,401,404],[290,399,417],[288,402,406],[287,397,409],[291,400,412],[226,404,647],[229,414,646],[231,417,643],[230,406,640],
[228,412,644],[227,409,641],[572,613,650],[569,622,652],[576,610,649],[573,616,654],[575,619,653],[570,607,651],[32,412,558],[31,409,552],
[36,417,549],[34,414,546],[33,404,543],[35,406,555],[374,452,558],[372,448,555],[378,449,552],[376,451,549],[380,453,546],[370,450,543],
[218,319,475],[221,317,468],[217,321,466],[220,313,470],[219,315,467],[222,311,473],[202,203,287],[202,204,291],[203,204,286],[199,200,290],
[199,201,288],[200,201,289],[65,219,650],[68,218,649],[69,222,651],[66,217,654],[64,221,652],[67,220,653],[187,288,440],[192,291,446],
[188,286,431],[189,289,434],[190,290,443],[191,287,437],[1,348,518],[6,354,525],[3,356,522],[5,350,524],[2,346,519],[4,352,521],
[45,100,491],[46,102,494],[48,103,488],[44,105,485],[43,104,500],[47,101,497],[365,517,647],[363,523,640],[369,517,646],[359,523,641],
[367,520,643],[361,520,644],[230,320,346],[227,318,356],[229,310,354],[231,316,350],[226,312,352],[228,314,348],[236,267,598],[241,262,601],
[239,259,600],[232,270,604],[234,257,606],[244,265,603],[257,538,589],[270,535,590],[262,531,586],[265,526,587],[267,533,593],[259,528,592],
[42,56,637],[40,59,632],[41,57,634],[37,58,638],[39,60,631],[38,55,635],[142,348,471],[143,354,469],[147,346,474],[144,350,476],
[145,352,477],[146,356,472],[398,422,475],[401,428,468],[399,418,466],[402,420,470],[397,424,467],[400,426,473],[324,433,608],[332,445,623],
[326,442,614],[322,430,620],[330,439,611],[328,436,617],[225,593,624],[223,592,615],[224,590,609],[224,587,618],[223,589,621],[225,586,612],
[12,14,507],[7,14,510],[9,15,507],[10,13,504],[11,15,504],[8,13,510],[140,252,308],[132,254,304],[136,247,307],[130,251,305],
[138,248,306],[134,249,309],[73,619,654],[75,616,652],[70,613,649],[71,607,650],[74,610,651],[72,622,653],[47,442,624],[43,439,618],
[45,433,621],[48,430,609],[46,436,612],[44,445,615],[47,300,547],[46,301,550],[48,302,544],[43,298,553],[44,299,556],[45,303,541],
[188,283,506],[187,283,508],[189,284,505],[192,284,503],[191,285,509],[190,285,502],[73,429,603],[75,421,598],[70,427,601],[74,425,604],
[71,423,600],[72,419,606],[222,324,402],[221,332,397],[219,326,401],[220,322,400],[218,330,399],[217,328,398],[12,32,336],[11,31,344],
[10,33,338],[9,35,342],[7,36,334],[8,34,340],[83,90,180],[86,91,178],[84,89,178],[85,92,179],[82,93,179],[87,88,180],
[358,560,643],[368,561,640],[366,561,641],[362,559,646],[364,560,644],[360,559,647],[234,292,651],[244,293,649],[241,294,654],[236,296,650],
[239,295,652],[232,297,653],[125,181,599],[126,182,602],[127,185,602],[124,184,599],[128,183,605],[129,186,605],[3,337,560],[6,345,561],
[5,343,561],[4,335,560],[2,339,559],[1,341,559],[313,602,663],[315,602,660],[317,605,666],[321,599,660],[319,605,663],[311,599,666],
[10,62,348],[9,61,354],[11,62,350],[8,63,346],[12,61,352],[7,63,356],[137,207,403],[135,208,413],[131,209,415],[133,210,407],
[139,206,405],[141,205,410],[63,94,116],[62,95,106],[62,98,112],[61,99,108],[63,97,110],[61,96,114],[185,571,597],[184,571,595],
[182,574,596],[181,568,596],[183,574,595],[186,568,597],[10,404,648],[8,414,648],[7,417,645],[9,406,642],[11,409,642],[12,412,645],
[47,316,390],[43,320,394],[46,318,396],[48,310,392],[44,314,386],[45,312,388],[264,592,633],[269,590,636],[261,586,639],[261,589,636],
[269,593,633],[264,587,639],[74,243,616],[71,238,619],[73,243,607],[70,246,622],[72,238,613],[75,246,610],[161,183,334],[165,182,336],
[171,185,338],[169,184,340],[167,181,342],[163,186,344],[185,438,477],[184,444,469],[182,441,471],[183,432,476],[181,447,474],[186,435,472],
[223,511,555],[223,512,552],[224,513,549],[225,513,546],[225,512,543],[224,511,558],[103,239,671],[104,236,672],[105,241,672],[102,232,670],
[100,244,670],[101,234,671],[60,264,558],[58,264,555],[56,261,552],[59,269,549],[55,269,546],[57,261,543],[25,74,204],[29,72,201],
[30,71,202],[28,73,199],[26,75,200],[27,70,203],[40,171,315],[38,165,313],[37,161,319],[42,169,321],[39,163,317],[41,167,311],
[583,627,647],[584,625,644],[578,626,641],[580,626,640],[581,627,646],[577,625,643],[127,230,414],[128,226,412],[129,229,406],[126,227,417],
[125,231,409],[124,228,404],[200,449,508],[202,450,506],[199,453,505],[201,452,502],[204,448,509],[203,451,503],[238,541,598],[246,547,603],
[243,553,606],[243,544,601],[246,550,600],[238,556,604],[9,109,414],[10,113,412],[12,115,404],[11,107,417],[8,111,406],[7,117,409],
[40,56,407],[42,59,415],[39,57,403],[37,55,413],[38,58,405],[41,60,410],[170,391,622],[160,385,616],[168,387,610],[162,393,613],
[166,395,619],[164,389,607],[117,159,432],[113,155,438],[109,156,447],[111,157,444],[115,154,441],[107,158,435],[21,170,327],[20,160,331],
[23,168,329],[22,162,333],[24,166,325],[19,164,323],[65,324,628],[68,326,630],[67,332,629],[66,322,630],[69,330,629],[64,328,628],
[22,122,423],[20,123,429],[23,121,427],[21,119,421],[19,120,425],[24,118,419],[105,454,631],[102,459,637],[101,457,632],[100,455,634],
[104,458,638],[103,456,635],[103,206,349],[105,207,357],[104,208,351],[102,209,355],[101,210,353],[100,205,347],[288,572,591],[290,570,588],
[291,573,591],[289,576,594],[287,575,594],[286,569,588],[249,483,549],[252,482,555],[247,478,552],[251,480,546],[248,479,558],[254,481,543],
[7,223,554],[8,223,551],[12,225,545],[10,224,548],[11,224,557],[9,225,542],[55,358,416],[57,366,408],[58,364,411],[59,362,416],
[56,360,408],[60,368,411],[18,52,143],[17,53,145],[16,51,142],[18,49,144],[16,50,147],[17,54,146],[126,342,561],[128,340,559],
[129,338,559],[125,336,560],[127,344,561],[124,334,560],[111,371,480],[113,381,481],[109,379,482],[115,377,479],[117,375,483],[107,373,478],
[74,197,627],[72,198,627],[71,193,625],[73,195,626],[75,194,625],[70,196,626],[248,296,536],[254,297,534],[247,293,529],[251,292,532],
[249,295,527],[252,294,539],[64,77,307],[68,78,309],[65,79,304],[67,81,306],[66,76,305],[69,80,308],[17,282,388],[17,279,396],
[16,277,386],[18,278,390],[16,280,394],[18,281,392],[271,571,622],[273,568,613],[275,571,610],[274,568,619],[272,574,607],[276,574,616],
[24,81,214],[19,80,216],[20,76,215],[21,77,212],[23,78,213],[22,79,211],[30,271,492],[26,273,495],[27,276,498],[28,275,489],
[29,272,486],[25,274,501],[86,528,576],[84,526,569],[87,531,570],[82,535,572],[85,533,575],[83,538,573],[55,161,505],[58,165,509],
[56,171,508],[60,167,502],[59,169,503],[57,163,506],[122,154,461],[123,156,460],[121,158,465],[119,159,464],[120,157,463],[118,155,462],
[109,413,637],[111,405,634],[115,403,632],[113,410,635],[107,415,638],[117,407,631],[150,320,356],[151,314,350],[148,318,346],[149,312,354],
[153,316,348],[152,310,352],[94,166,541],[99,170,547],[98,160,553],[95,164,544],[96,168,550],[97,162,556],[137,339,543],[135,341,546],
[131,335,549],[139,343,555],[141,337,558],[133,345,552],[187,291,424],[188,290,428],[191,289,420],[189,287,422],[190,286,426],[192,288,418],
[322,443,619],[332,440,622],[324,437,607],[326,431,613],[328,434,616],[330,446,610],[2,234,263],[5,244,266],[6,241,268],[4,236,256],
[3,239,260],[1,232,258],[260,282,456],[263,277,457],[256,279,458],[266,281,455],[258,280,459],[268,278,454],[463,480,492],[462,481,489],
[460,482,495],[461,479,498],[464,483,486],[465,478,501],[90,161,266],[91,169,268],[89,171,256],[92,167,263],[93,163,260],[88,165,258],
[131,210,632],[137,205,634],[139,208,638],[133,209,637],[135,206,635],[141,207,631],[36,575,633],[33,573,636],[34,572,636],[31,570,639],
[35,569,639],[32,576,633],[245,478,632],[240,483,637],[242,482,635],[237,479,634],[235,480,638],[233,481,631],[88,398,435],[92,401,432],
[89,399,447],[90,402,438],[91,397,441],[93,400,444],[307,418,451],[309,424,449],[304,426,452],[306,428,450],[305,420,448],[308,422,453],
[140,524,626],[132,519,627],[136,525,626],[130,518,627],[134,521,625],[138,522,625],[464,588,637],[462,594,631],[460,591,635],[463,588,638],
[465,594,632],[461,591,634],[30,39,347],[25,38,351],[29,41,357],[26,40,355],[28,37,349],[27,42,353],[143,170,528],[145,168,526],
[142,160,531],[144,164,538],[147,162,533],[146,166,535],[10,127,523],[8,124,520],[11,129,517],[12,126,523],[9,125,520],[7,128,517],
[461,605,647],[460,605,646],[465,599,643],[464,602,641],[463,602,640],[462,599,644],[265,455,558],[257,457,552],[270,459,549],[262,454,543],
[267,458,546],[259,456,555],[97,277,299],[96,279,301],[99,278,300],[95,281,302],[94,282,303],[98,280,298],[112,413,667],[114,415,667],
[116,410,669],[110,403,668],[106,405,669],[108,407,668],[553,589,654],[556,590,650],[544,586,651],[547,587,652],[541,593,653],[550,592,649],
[180,204,306],[179,202,307],[179,201,308],[178,200,304],[178,203,305],[180,199,309],[58,129,164],[60,128,166],[56,125,170],[59,126,168],
[55,127,160],[57,124,162],[52,454,584],[51,459,578],[50,457,577],[49,455,583],[53,458,580],[54,456,581],[47,245,432],[43,235,447],
[46,240,435],[45,237,438],[48,242,444],[44,233,441],[6,243,310],[5,246,316],[2,243,320],[1,238,314],[3,246,318],[4,238,312],
[52,471,548],[49,477,545],[50,476,557],[51,472,554],[53,474,551],[54,469,542],[63,282,511],[61,279,513],[63,277,512],[62,280,513],
[61,278,512],[62,281,511],[557,577,629],[554,578,629],[551,580,628],[545,583,630],[548,584,630],[542,581,628],[10,172,438],[8,174,444],
[7,177,432],[9,173,447],[11,176,435],[12,175,441],[249,281,452],[248,280,451],[247,282,448],[251,278,450],[254,279,453],[252,277,449],
[148,198,212],[150,193,216],[149,196,211],[151,195,214],[153,197,213],[152,194,215],[28,381,413],[29,375,410],[30,371,403],[25,373,405],
[26,379,407],[27,377,415],[75,245,305],[70,240,304],[73,235,306],[74,242,309],[71,233,308],[72,237,307],[65,84,325],[66,86,323],
[68,83,327],[67,87,333],[64,82,329],[69,85,331],[10,106,197],[8,116,198],[11,112,195],[7,110,193],[12,108,194],[9,114,196],
[176,369,456],[175,359,459],[177,365,455],[174,361,454],[173,367,457],[172,363,458],[115,416,648],[109,408,648],[117,411,642],[113,416,645],
[111,408,642],[107,411,645],[16,39,316],[18,38,312],[17,41,310],[18,40,314],[16,37,318],[17,42,320],[52,216,531],[50,215,538],
[49,212,526],[53,214,533],[54,213,528],[51,211,535],[530,556,587],[537,544,593],[540,550,589],[540,541,586],[530,553,592],[537,547,590],
[31,73,561],[32,75,560],[35,70,561],[33,74,559],[36,71,560],[34,72,559],[32,515,587],[31,516,589],[33,515,586],[36,516,590],
[34,514,593],[35,514,592],[99,142,143],[94,143,146],[96,145,147],[97,144,147],[98,142,146],[95,144,145],[504,519,620],[510,518,608],
[507,522,614],[504,525,611],[510,521,623],[507,524,617],[236,403,499],[234,405,496],[241,413,484],[232,410,493],[239,407,487],[244,415,490],
[79,105,650],[78,102,649],[76,104,654],[81,100,653],[77,101,652],[80,103,651],[212,218,545],[211,220,554],[214,219,551],[215,222,557],
[216,217,548],[213,221,542],[60,117,366],[55,113,364],[56,109,362],[59,115,360],[57,111,368],[58,107,358],[96,223,340],[98,223,334],
[97,224,344],[94,225,342],[95,225,336],[99,224,338],[45,232,381],[47,239,375],[48,234,371],[43,241,379],[44,236,377],[46,244,373],
[114,136,181],[108,134,182],[106,130,185],[116,132,184],[110,138,183],[112,140,186],[106,129,627],[108,125,625],[112,127,626],[114,126,626],
[116,128,627],[110,124,625],[296,324,438],[293,326,432],[297,332,441],[295,328,435],[292,330,447],[294,322,444],[296,376,590],[293,372,592],
[297,380,593],[292,370,586],[294,378,589],[295,374,587],[1,45,582],[5,46,582],[2,48,585],[4,44,579],[6,43,579],[3,47,585],
[105,153,486],[102,150,495],[104,148,501],[100,152,492],[101,151,498],[103,149,489],[207,547,563],[208,550,563],[205,544,566],[209,553,566],
[210,556,564],[206,541,564],[264,336,342],[269,334,340],[261,338,344],[1,2,16],[5,6,18],[3,4,17],[563,604,606],[566,598,600],
[564,601,603],[15,524,525],[13,518,519],[14,521,522],[292,538,540],[295,528,530],[297,535,537],[296,533,537],[293,526,530],[294,531,540],
[418,622,624],[426,613,615],[424,610,612],[428,619,621],[422,607,609],[420,616,618],[283,460,463],[284,461,462],[285,464,465],[14,67,68],
[15,64,69],[13,65,66],[308,381,437],[304,375,431],[306,371,443],[307,377,440],[305,373,434],[309,379,446],[8,499,501],[7,493,495],
[12,490,492],[11,496,498],[10,484,486],[9,487,489],[369,448,476],[363,453,471],[359,451,477],[361,450,474],[365,452,472],[367,449,469],
[15,369,628],[15,367,629],[14,359,629],[13,361,630],[13,363,628],[14,365,630],[292,306,570],[296,307,572],[297,308,575],[295,304,569],
[293,305,576],[294,309,573],[282,318,611],[279,312,620],[278,310,608],[277,320,617],[280,314,614],[281,316,623],[302,567,655],[299,565,657],
[301,562,656],[300,565,656],[303,567,657],[298,562,655],[161,199,249],[163,202,247],[167,201,252],[169,203,251],[171,200,254],[165,204,248],
[81,325,537],[80,323,540],[79,333,537],[77,327,530],[76,331,540],[78,329,530],[92,325,572],[91,329,569],[89,327,576],[88,323,573],
[93,333,575],[90,331,570],[243,530,650],[238,540,649],[243,537,652],[246,537,651],[238,530,654],[246,540,653],[173,229,538],[176,231,528],
[172,228,533],[174,230,531],[177,227,526],[175,226,535],[47,322,653],[46,324,651],[48,326,650],[43,332,652],[44,330,649],[45,328,654],
[58,282,337],[60,281,343],[59,280,341],[57,278,345],[55,279,335],[56,277,339],[81,159,624],[80,158,612],[76,155,621],[77,156,618],
[78,154,615],[79,157,609],[77,296,663],[80,297,660],[76,293,666],[81,292,660],[79,295,663],[78,294,666],[122,349,557],[119,351,548],
[123,347,554],[118,353,542],[120,355,545],[121,357,551],[124,188,315],[128,190,313],[126,192,319],[127,189,321],[125,187,317],[129,191,311],
[63,396,433],[63,394,445],[61,392,442],[62,390,430],[62,386,439],[61,388,436],[218,508,612],[220,506,621],[222,505,609],[219,502,615],
[217,509,618],[221,503,624],[124,499,533],[128,493,535],[125,487,528],[126,490,526],[127,484,531],[129,496,538],[609,611,651],[618,620,654],
[608,615,650],[612,614,649],[617,624,652],[621,623,653],[45,322,656],[47,332,655],[48,324,656],[44,326,655],[43,328,657],[46,330,657],
[124,315,533],[125,317,528],[128,313,535],[129,311,538],[127,321,531],[126,319,526],[322,562,656],[324,565,656],[326,562,655],[332,567,655],
[330,567,657],[328,565,657],[318,611,651],[314,614,649],[312,620,654],[310,608,650],[316,623,653],[320,617,652],[159,418,624],[155,428,621],
[157,422,609],[156,420,618],[158,424,612],[154,426,615],[172,296,533],[175,297,535],[177,293,526],[173,292,538],[174,294,531],[176,295,528],
[293,530,576],[292,540,570],[297,537,575],[296,537,572],[294,540,573],[295,530,569],[15,525,628],[13,518,630],[15,524,629],[13,519,628],
[14,521,630],[14,522,629],[547,563,604],[550,563,606],[544,566,598],[541,564,601],[556,564,603],[553,566,600],[45,381,437],[47,375,431],
[48,371,443],[46,373,434],[43,379,446],[44,377,440],[8,403,499],[12,415,490],[11,405,496],[10,413,484],[9,407,487],[7,410,493],
[504,618,620],[507,617,624],[510,608,615],[507,612,614],[510,621,623],[504,609,611],[77,530,587],[80,540,586],[76,540,589],[81,537,593],
[78,530,592],[79,537,590],[15,173,367],[15,176,369],[14,175,359],[13,172,363],[14,177,365],[13,174,361],[64,329,530],[65,325,537],
[66,323,540],[69,331,540],[68,327,530],[67,333,537],[28,308,381],[29,304,375],[30,306,371],[26,309,379],[27,307,377],[25,305,373],
[249,281,343],[248,280,341],[247,282,337],[251,278,345],[252,277,339],[254,279,335],[369,476,557],[363,471,548],[367,469,542],[359,477,545],
[365,472,554],[361,474,551],[2,16,320],[1,16,314],[6,18,310],[4,17,312],[3,17,318],[5,18,316],[56,170,339],[59,168,341],
[55,160,335],[58,164,337],[57,162,345],[60,166,343],[180,306,570],[179,307,572],[179,308,575],[178,304,569],[180,309,573],[178,305,576],
[95,302,567],[97,299,565],[96,301,562],[99,300,565],[98,298,562],[94,303,567],[278,454,608],[279,458,620],[282,456,611],[277,457,617],
[281,455,623],[280,459,614],[45,322,619],[47,332,622],[48,324,607],[44,326,613],[46,330,610],[43,328,616],[86,487,528],[84,490,526],
[85,499,533],[87,484,531],[83,496,538],[82,493,535],[24,81,159],[19,80,158],[20,76,155],[21,77,156],[22,79,157],[23,78,154],
[418,571,622],[426,568,613],[424,571,610],[428,568,619],[420,574,616],[422,574,607],[77,248,296],[80,254,297],[76,247,293],[81,251,292],
[78,252,294],[79,249,295],[264,342,561],[269,334,560],[261,344,561],[269,340,559],[264,336,560],[261,338,559],[11,498,557],[7,495,554],
[8,501,551],[12,492,545],[9,489,542],[10,486,548],[171,254,543],[165,248,558],[161,249,549],[169,251,546],[167,252,555],[163,247,552],
[91,286,569],[89,289,576],[90,290,570],[92,288,572],[88,291,573],[93,287,575],[210,353,542],[209,355,545],[206,349,557],[205,347,554],
[207,357,551],[208,351,548],[20,123,347],[21,119,351],[23,121,357],[19,120,355],[24,118,353],[22,122,349],[46,324,628],[48,326,630],
[43,332,629],[45,328,628],[47,322,630],[44,330,629],[449,508,612],[450,506,621],[453,505,609],[452,502,615],[451,503,624],[448,509,618],
[171,188,315],[165,190,313],[169,189,321],[161,192,319],[167,191,311],[163,187,317],[243,530,616],[238,540,619],[243,537,607],[246,537,622],
[246,540,610],[238,530,613],[61,96,388],[62,98,386],[63,94,396],[61,99,392],[63,97,394],[62,95,390],[296,313,663],[297,315,660],
[293,317,666],[292,321,660],[294,311,666],[295,319,663],[188,283,463],[189,284,462],[187,283,460],[191,285,465],[190,285,464],[192,284,461],
[47,547,653],[46,550,651],[48,544,650],[43,553,652],[45,541,654],[44,556,649],[46,218,612],[47,221,624],[43,217,618],[45,220,621],
[48,222,609],[44,219,615],[15,64,504],[14,67,507],[14,68,510],[15,69,507],[13,66,510],[13,65,504],[63,433,608],[63,445,623],
[62,430,620],[61,442,614],[62,439,611],[61,436,617],[359,451,641],[367,449,643],[365,452,647],[361,450,644],[363,453,640],[369,448,646],
[219,530,650],[221,537,652],[218,540,649],[222,537,651],[220,540,653],[217,530,654],[203,204,251],[200,201,254],[202,203,247],[202,204,248],
[199,200,249],[199,201,252],[325,572,650],[329,569,652],[327,576,649],[323,573,654],[331,570,651],[333,575,653],[226,535,647],[229,538,646],
[231,528,643],[227,526,641],[228,533,644],[230,531,640],[296,324,590],[293,326,592],[297,332,593],[295,328,587],[294,322,589],[292,330,586],
[79,105,486],[78,102,495],[76,104,501],[81,100,492],[80,103,489],[77,101,498],[152,215,222],[153,213,221],[151,214,219],[148,212,218],
[150,216,217],[149,211,220],[35,259,555],[32,265,558],[31,257,552],[36,270,549],[33,262,543],[34,267,546],[10,197,523],[8,198,520],
[9,196,520],[11,195,517],[7,193,517],[12,194,523],[16,39,347],[18,38,351],[17,41,357],[18,40,355],[17,42,353],[16,37,349],
[206,242,635],[205,237,634],[209,240,637],[210,245,632],[208,235,638],[207,233,631],[407,631,668],[413,637,667],[403,632,668],[405,634,669],
[410,635,669],[415,638,667],[154,461,647],[156,460,646],[158,465,643],[159,464,641],[155,462,644],[157,463,640],[17,63,282],[16,62,280],
[17,61,279],[16,63,277],[18,62,281],[18,61,278],[77,307,451],[78,309,449],[79,304,452],[81,306,450],[80,308,453],[76,305,448],
[111,463,480],[113,462,481],[109,460,482],[115,461,479],[107,465,478],[117,464,483],[18,143,170],[17,145,168],[16,142,160],[18,144,164],
[17,146,166],[16,147,162],[55,416,648],[57,408,648],[58,411,642],[59,416,645],[56,408,642],[60,411,645],[454,584,631],[459,578,637],
[457,577,632],[455,583,634],[456,581,635],[458,580,638],[117,159,366],[107,158,358],[113,155,364],[109,156,362],[111,157,368],[115,154,360],
[21,170,391],[20,160,385],[23,168,387],[22,162,393],[19,164,389],[24,166,395],[94,541,598],[99,547,603],[98,553,606],[95,544,601],
[97,556,604],[96,550,600],[117,125,409],[109,127,414],[115,124,404],[113,128,412],[111,129,406],[107,126,417],[129,627,647],[125,625,644],
[127,626,641],[126,626,640],[124,625,643],[128,627,646],[74,197,204],[72,198,201],[70,196,203],[71,193,202],[75,194,200],[73,195,199],
[96,223,555],[98,223,552],[97,224,549],[94,225,546],[99,224,558],[95,225,543],[55,161,334],[57,163,344],[58,165,336],[56,171,338],
[60,167,342],[59,169,340],[576,593,633],[575,592,633],[573,590,636],[570,587,639],[569,586,639],[572,589,636],[45,388,438],[47,390,432],
[43,394,447],[46,396,435],[44,386,441],[48,392,444],[10,438,648],[8,444,648],[7,432,645],[9,447,642],[12,441,645],[11,435,642],
[185,477,571],[184,469,571],[182,471,574],[186,472,568],[181,474,568],[183,476,574],[137,207,339],[135,208,341],[131,209,335],[141,205,337],
[133,210,345],[139,206,343],[136,181,599],[134,182,602],[130,185,602],[132,184,599],[140,186,605],[138,183,605],[2,234,651],[5,244,649],
[6,241,654],[4,236,650],[1,232,653],[3,239,652],[337,358,560],[345,368,561],[341,360,559],[343,366,561],[339,362,559],[335,364,560],
[83,90,266],[86,91,268],[84,89,256],[85,92,263],[87,88,258],[82,93,260],[8,34,514],[12,32,515],[11,31,516],[10,33,515],
[9,35,514],[7,36,516],[73,561,603],[75,560,598],[70,561,601],[74,559,604],[72,559,606],[71,560,600],[73,235,654],[74,242,651],
[75,245,652],[70,240,649],[72,237,653],[71,233,650],[140,308,524],[132,304,519],[138,306,522],[136,307,525],[134,309,521],[130,305,518],
[142,146,472],[142,143,471],[143,146,469],[145,147,474],[144,145,477],[144,147,476],[60,410,631],[56,407,637],[59,415,632],[57,403,634],
[55,413,635],[58,405,638],[538,589,654],[535,590,650],[531,586,651],[526,587,652],[528,592,649],[533,593,653],[100,244,265],[102,232,270],
[103,239,259],[104,236,267],[105,241,262],[101,234,257],[151,228,314],[149,226,312],[150,230,320],[148,227,318],[152,229,310],[153,231,316],
[1,45,100],[5,46,102],[2,48,103],[4,44,105],[3,47,101],[6,43,104],[2,63,346],[3,63,356],[1,62,348],[4,61,352],
[5,62,350],[6,61,354],[192,418,446],[190,426,443],[187,424,440],[188,428,431],[191,420,437],[189,422,434],[218,398,475],[221,401,468],
[217,399,466],[220,402,470],[222,400,473],[219,397,467],[264,374,558],[264,372,555],[261,378,552],[269,376,549],[269,380,546],[261,370,543],
[88,286,398],[92,289,401],[89,290,399],[90,288,402],[93,291,400],[91,287,397],[30,325,492],[26,329,495],[27,327,498],[28,323,489],
[25,331,501],[29,333,486],[180,228,523],[178,226,523],[178,229,520],[179,227,517],[180,231,517],[179,230,520],[225,421,593],[223,423,592],
[224,425,590],[224,429,587],[225,427,586],[223,419,589],[14,222,402],[13,221,397],[15,219,401],[13,218,399],[14,217,398],[15,220,400],
[20,557,577],[22,554,578],[24,551,580],[21,545,583],[23,542,581],[19,548,584],[588,637,672],[594,631,671],[591,635,670],[588,638,670],
[591,634,671],[594,632,672],[210,219,228],[209,217,230],[206,220,226],[208,218,227],[205,222,229],[207,221,231],[52,449,531],[50,450,538],
[49,448,526],[53,451,533],[51,453,535],[54,452,528],[515,569,570],[516,572,573],[514,575,576],[358,567,578],[368,565,581],[360,562,584],
[362,565,580],[364,562,583],[366,567,577],[61,336,342],[62,338,344],[63,334,340],[3,4,599],[5,6,602],[1,2,605],[315,425,477],
[317,429,472],[313,421,471],[321,419,469],[311,427,474],[319,423,476],[86,130,399],[85,140,400],[87,138,402],[84,132,397],[83,134,398],
[82,136,401],[363,369,565],[359,367,567],[361,365,562],[173,476,477],[172,474,476],[174,471,472],[175,469,472],[177,474,477],[176,469,471],
[319,395,498],[317,389,495],[311,391,501],[315,385,492],[321,393,489],[313,387,486],[256,438,499],[266,432,490],[268,444,484],[263,447,496],
[258,441,493],[260,435,487],[252,254,374],[249,252,380],[248,251,372],[249,254,378],[247,251,376],[247,248,370],[142,242,454],[147,237,458],
[143,240,456],[144,235,457],[146,233,459],[145,245,455],[35,91,426],[36,93,422],[31,90,428],[33,88,424],[34,92,418],[32,89,420],
[6,523,603],[4,520,600],[3,520,598],[2,517,604],[1,517,606],[5,523,601],[248,264,372],[251,269,376],[252,264,374],[254,261,378],
[247,261,370],[249,269,380],[142,429,472],[147,423,476],[143,421,471],[146,419,469],[145,427,474],[144,425,477],[84,132,256],[83,134,266],
[86,130,268],[85,140,263],[82,136,260],[87,138,258],[341,360,584],[337,358,578],[335,364,583],[345,368,581],[343,366,577],[339,362,580],
[1,138,605],[3,136,599],[2,140,605],[5,134,602],[6,130,602],[4,132,599],[172,476,574],[175,469,571],[173,477,571],[177,474,568],
[176,471,574],[174,472,568],[438,499,648],[432,490,645],[444,484,648],[447,496,642],[435,487,642],[441,493,645],[256,388,438],[266,390,432],
[268,392,444],[263,394,447],[260,396,435],[258,386,441],[3,94,598],[5,95,601],[6,99,603],[1,98,606],[4,96,600],[2,97,604],
[24,395,498],[19,389,495],[21,391,501],[20,385,492],[23,387,486],[22,393,489],[16,63,334],[18,62,338],[17,63,340],[18,61,336],
[17,61,342],[16,62,344],[142,206,242],[147,205,237],[143,209,240],[146,207,233],[145,210,245],[144,208,235],[6,197,523],[4,198,520],
[3,196,520],[2,195,517],[1,193,517],[5,194,523],[33,88,262],[34,92,267],[32,89,265],[35,91,259],[31,90,257],[36,93,270],
[77,319,498],[78,317,495],[79,313,486],[81,315,492],[76,311,501],[80,321,489],[83,398,496],[82,401,493],[86,399,487],[87,402,484],
[84,397,490],[85,400,499],[242,454,608],[245,455,623],[237,458,620],[240,456,611],[235,457,617],[233,459,614],[95,358,567],[97,368,565],
[96,360,562],[99,362,565],[94,366,567],[98,364,562],[180,516,573],[178,514,576],[180,515,570],[179,516,572],[178,515,569],[179,514,575],
[363,548,565],[365,554,562],[369,557,565],[367,542,567],[361,551,562],[359,545,567],[247,248,337],[252,254,339],[247,251,345],[249,252,343],
[249,254,335],[248,251,341],[14,177,477],[13,174,471],[15,173,476],[15,176,469],[14,175,472],[13,172,474],[91,154,426],[89,156,420],
[88,158,424],[92,159,418],[90,155,428],[93,157,422],[315,477,533],[317,472,528],[313,471,535],[311,474,538],[319,476,526],[321,469,531],
[151,180,228],[149,178,226],[153,180,231],[150,179,230],[152,178,229],[148,179,227],[1,100,265],[3,101,257],[5,102,270],[2,103,259],
[6,104,267],[4,105,262],[403,634,671],[415,632,672],[405,638,670],[413,635,670],[407,637,672],[410,631,671],[237,533,653],[240,528,649],
[233,535,650],[235,538,654],[245,526,652],[242,531,651],[421,576,593],[423,575,592],[425,573,590],[429,570,587],[419,572,589],[427,569,586],
[111,129,647],[117,125,644],[113,128,646],[109,127,641],[107,126,640],[115,124,643],[55,334,648],[57,344,648],[60,342,645],[58,336,642],
[59,340,645],[56,338,642],[584,631,668],[578,637,667],[577,632,668],[583,634,669],[580,638,667],[581,635,669],[14,152,222],[13,153,221],
[15,151,219],[13,148,218],[15,149,220],[14,150,217],[154,535,647],[156,538,646],[158,528,643],[159,526,641],[155,533,644],[157,531,640],
[30,325,650],[26,329,652],[27,327,649],[28,323,654],[29,333,653],[25,331,651],[197,204,251],[198,201,254],[196,203,247],[193,202,248],
[195,199,252],[194,200,249],[77,451,641],[78,449,643],[79,452,647],[81,450,644],[76,448,646],[80,453,640],[2,63,608],[3,63,623],
[1,62,620],[4,61,614],[6,61,617],[5,62,611],[46,218,398],[47,221,401],[43,217,399],[45,220,402],[44,219,397],[48,222,400],
[111,188,463],[117,190,464],[113,189,462],[109,187,460],[115,192,461],[107,191,465],[96,388,555],[95,390,543],[99,392,558],[98,386,552],
[97,394,549],[94,396,546],[448,526,618],[451,533,624],[449,531,612],[450,538,621],[452,528,615],[453,535,609],[16,20,347],[18,21,351],
[17,23,357],[18,19,355],[16,22,349],[17,24,353],[210,219,542],[209,217,545],[207,221,551],[206,220,557],[208,218,548],[205,222,554],
[88,91,286],[89,92,289],[89,90,290],[90,92,288],[91,93,287],[88,93,291],[167,191,555],[171,188,543],[165,190,558],[163,187,552],
[161,192,549],[169,189,546],[20,498,557],[22,495,554],[24,501,551],[21,492,545],[19,486,548],[23,489,542],[264,561,603],[269,560,598],
[264,560,600],[261,561,601],[261,559,606],[269,559,604],[418,446,571],[426,443,568],[424,440,571],[428,431,568],[422,434,574],[420,437,574],
[24,159,366],[19,158,358],[20,155,364],[21,156,362],[23,154,360],[22,157,368],[170,207,339],[168,208,341],[160,209,335],[164,205,337],
[166,206,343],[162,210,345],[18,170,316],[17,168,318],[16,160,320],[18,164,310],[16,162,314],[17,166,312],[28,308,524],[29,304,519],
[30,306,522],[25,305,518],[27,307,525],[26,309,521],[64,219,530],[68,217,530],[65,221,537],[66,218,540],[67,222,537],[69,220,540],
[77,248,587],[80,254,586],[76,247,589],[81,251,593],[79,249,590],[78,252,592],[64,504,618],[67,507,624],[68,510,615],[69,507,612],
[65,504,609],[66,510,621],[8,403,514],[12,415,515],[11,405,516],[10,413,515],[7,410,516],[9,407,514],[43,446,616],[45,437,619],
[48,443,607],[47,431,622],[44,440,613],[46,434,610],[547,604,653],[550,606,651],[544,598,650],[553,600,652],[556,603,649],[541,601,654],
[46,525,628],[48,518,630],[43,524,629],[45,519,628],[44,522,629],[47,521,630],[530,576,616],[540,570,619],[537,575,607],[537,572,622],
[530,569,613],[540,573,610],[172,296,313],[175,297,315],[177,293,317],[173,292,321],[176,295,319],[174,294,311],[2,318,651],[5,314,649],
[6,312,654],[4,310,650],[3,320,652],[1,316,653],[324,565,590],[326,562,592],[332,567,593],[328,565,587],[330,567,586],[322,562,589],
[27,46,525],[26,47,521],[28,43,524],[29,45,519],[30,44,522],[25,48,518],[170,207,316],[168,208,318],[160,209,320],[164,205,310],
[166,206,312],[162,210,314],[446,571,616],[437,574,619],[440,571,613],[443,568,607],[434,574,610],[431,568,622],[64,219,542],[68,217,545],
[66,218,548],[65,221,551],[67,222,554],[69,220,557],[65,535,609],[66,538,621],[68,528,615],[64,526,618],[69,531,612],[67,533,624],
[191,388,555],[188,390,543],[190,392,558],[187,386,552],[189,396,546],[192,394,549],[27,603,649],[30,598,650],[26,600,652],[28,601,654],
[29,604,653],[25,606,651],[109,187,641],[115,192,643],[111,188,647],[117,190,644],[107,191,640],[113,189,646],[421,576,616],[423,575,607],
[425,573,610],[429,570,619],[427,569,613],[419,572,622],[410,516,671],[403,514,671],[415,515,672],[405,516,670],[407,514,672],[413,515,670],
[237,477,533],[240,472,528],[233,471,535],[235,474,538],[242,469,531],[245,476,526],[91,154,535],[89,156,538],[88,158,528],[92,159,526],
[93,157,531],[90,155,533],[14,152,477],[14,150,472],[13,153,471],[15,151,476],[13,148,474],[15,149,469],[248,337,587],[254,339,586],
[251,341,593],[247,345,589],[252,343,592],[249,335,590],[545,567,593],[548,565,590],[554,562,592],[557,565,587],[551,562,589],[542,567,586],
[151,180,516],[149,178,514],[153,180,515],[150,179,516],[148,179,514],[152,178,515],[20,98,364],[22,97,368],[24,94,366],[19,95,358],
[23,96,360],[21,99,362],[2,242,608],[3,245,623],[5,240,611],[1,237,620],[4,233,614],[6,235,617],[46,398,496],[47,401,493],
[43,399,487],[45,402,484],[48,400,499],[44,397,490],[77,319,641],[78,317,643],[79,313,647],[81,315,644],[80,321,640],[76,311,646],
[88,91,262],[89,92,267],[89,90,265],[90,92,257],[88,93,270],[91,93,259],[6,197,251],[5,194,249],[4,198,254],[3,196,247],
[2,195,252],[1,193,248],[16,20,334],[18,21,338],[17,23,340],[18,19,336],[16,22,344],[17,24,342],[20,24,498],[19,22,495],
[21,24,501],[20,21,492],[22,23,489],[19,23,486],[1,98,316],[2,97,318],[3,94,320],[4,96,310],[6,99,312],[5,95,314],
[334,499,648],[338,496,642],[340,493,645],[336,487,642],[344,484,648],[342,490,645],[173,321,571],[172,313,574],[175,315,571],[174,311,568],
[176,319,574],[177,317,568],[4,132,262],[6,130,267],[1,138,265],[3,136,257],[5,134,270],[2,140,259],[337,578,667],[339,580,667],
[341,584,668],[345,581,669],[343,577,668],[335,583,669],[132,256,388],[134,266,390],[130,268,392],[138,258,386],[136,260,396],[140,263,394],
[142,206,429],[147,205,423],[143,209,421],[146,207,419],[144,208,425],[145,210,427],[248,264,603],[251,269,598],[252,264,600],[254,261,601],
[249,269,604],[247,261,606],[20,334,499],[21,338,496],[23,340,493],[19,336,487],[24,342,490],[22,344,484],[91,132,262],[89,130,267],
[90,138,265],[92,136,257],[88,134,270],[93,140,259],[25,48,499],[27,46,496],[26,47,493],[28,43,487],[30,44,490],[29,45,484],
[1,237,248],[6,235,251],[2,242,252],[4,233,254],[3,245,247],[5,240,249],[20,24,98],[19,22,97],[21,24,94],[19,23,95],
[20,21,99],[22,23,96],[337,587,667],[339,586,667],[341,593,668],[345,589,669],[335,590,669],[343,592,668],[152,237,477],[150,240,472],
[151,245,476],[153,233,471],[149,242,469],[148,235,474],[151,516,671],[149,514,671],[153,515,672],[150,516,670],[152,515,670],[148,514,672],
[209,421,616],[206,429,619],[210,427,613],[205,423,607],[207,419,622],[208,425,610],[187,319,641],[192,317,643],[188,313,647],[190,315,644],
[189,311,646],[191,321,640],[27,248,603],[30,251,598],[26,252,600],[28,254,601],[25,247,606],[29,249,604],[132,191,388],[134,188,390],
[130,190,392],[138,187,386],[140,192,394],[136,189,396],[65,91,535],[66,89,538],[68,88,528],[64,92,526],[67,90,533],[69,93,531],
[69,557,587],[64,542,586],[68,545,593],[66,548,590],[65,551,589],[67,554,592],[321,571,616],[313,574,619],[315,571,613],[311,568,607],
[317,568,622],[319,574,610],[98,207,316],[97,208,318],[94,209,320],[96,205,310],[95,210,314],[99,206,312],[132,191,321],[134,188,313],
[130,190,315],[138,187,319],[136,189,311],[140,192,317],[209,321,616],[206,313,619],[210,315,613],[205,311,607],[208,319,610],[207,317,622],
[152,237,670],[148,235,672],[149,242,671],[153,233,672],[150,240,670],[151,245,671],[69,587,667],[64,586,667],[67,592,668],[68,593,668],
[65,589,669],[66,590,669],[20,99,206],[24,98,207],[19,97,208],[21,94,209],[22,96,205],[23,95,210],[27,237,248],[30,235,251],
[26,242,252],[28,233,254],[29,240,249],[25,245,247],[20,25,499],[21,27,496],[23,26,493],[19,28,487],[22,29,484],[24,30,490],
[69,93,140],[65,91,132],[67,90,138],[66,89,130],[64,92,136],[68,88,134],[21,27,209],[20,25,206],[24,30,207],[23,26,210],
[22,29,205],[19,28,208],[65,132,669],[68,134,668],[69,140,667],[66,130,669],[64,136,667],[67,138,668],[27,237,670],[25,245,671],
[30,235,672],[26,242,671],[29,240,670],[28,233,672],[132,209,321],[134,206,313],[140,207,317],[130,210,315],[136,205,311],[138,208,319],
[27,209,670],[25,206,671],[30,207,672],[26,210,671],[28,208,672],[29,205,670],[132,209,669],[134,206,668],[140,207,667],[130,210,669],
[138,208,668],[136,205,667],[209,669,670],[206,668,671],[207,667,672],[210,669,671],[205,667,670],[208,668,672]];
###############################################################

