#SurfaceInfo: 324 Vertices, 1944 Edges, 1296 Faces, IsOrientable=true
 #Vertices of faces:
vof1:=[[322,323,324],[321,322,323],[320,322,324],[319,323,324],[316,317,318],[313,314,315],[310,311,312],[309,316,317],[308,310,311],[307,313,314],
[306,317,318],[305,314,315],[304,311,312],[301,302,303],[298,299,300],[295,296,297],[294,316,318],[293,310,312],[292,313,315],[289,290,291],
[287,288,312],[285,286,318],[283,284,315],[280,281,282],[277,278,279],[274,275,276],[273,275,284],[272,281,288],[271,278,286],[270,294,316],
[269,292,313],[268,293,310],[266,267,287],[264,265,283],[262,263,285],[261,287,312],[260,283,315],[259,285,318],[258,301,302],[257,298,299],
[256,295,296],[254,255,316],[252,253,310],[250,251,313],[247,248,249],[246,266,274],[245,264,277],[244,262,280],[241,242,243],[239,240,246],
[237,238,244],[235,236,245],[234,246,274],[233,244,280],[232,245,277],[231,232,263],[230,233,267],[229,234,265],[237,247,248],[235,247,249],
[239,248,249],[226,227,228],[223,224,225],[220,221,222],[247,250,313],[249,252,310],[248,254,316],[218,219,248],[216,217,249],[214,215,247],
[213,254,255],[212,250,251],[211,252,253],[209,210,296],[207,208,302],[205,206,299],[204,257,298],[203,256,295],[202,258,301],[201,266,274],
[200,262,280],[199,264,277],[204,260,315],[203,259,318],[202,261,312],[197,198,204],[195,196,203],[193,194,202],[192,266,287],[191,262,285],
[190,264,283],[188,189,306],[186,187,304],[184,185,305],[183,218,265],[182,216,263],[181,214,267],[180,253,310],[179,251,313],[178,255,316],
[176,177,262],[174,175,266],[172,173,264],[171,267,287],[170,263,285],[169,265,283],[168,261,287],[167,259,285],[166,260,283],[165,264,265],
[164,262,263],[163,266,267],[162,199,298],[161,200,295],[160,201,301],[159,246,266],[158,244,262],[157,245,264],[156,210,249],[155,206,248],
[154,208,247],[152,153,247],[150,151,248],[148,149,249],[147,242,284],[146,243,288],[145,241,286],[144,246,271],[143,244,273],[142,245,272],
[140,141,297],[138,139,300],[136,137,303],[140,258,302],[138,256,296],[136,257,299],[135,246,251],[134,245,255],[133,244,253],[132,205,255],
[131,209,253],[130,207,251],[129,268,310],[128,269,313],[127,270,316],[126,270,293],[125,268,292],[124,269,294],[123,164,304],[122,165,306],
[121,163,305],[163,269,292],[164,268,293],[165,270,294],[135,239,246],[133,237,244],[134,235,245],[272,280,281],[273,274,275],[271,277,278],
[119,120,240],[117,118,238],[115,116,236],[118,146,309],[120,147,308],[116,145,307],[112,113,114],[112,113,144],[113,114,143],[112,114,142],
[110,111,285],[108,109,287],[106,107,283],[105,109,246],[104,111,244],[103,107,245],[102,112,122],[101,113,121],[100,114,123],[103,106,107],
[104,110,111],[105,108,109],[102,112,144],[100,114,142],[101,113,143],[99,209,238],[98,205,236],[97,207,240],[103,238,298],[104,240,295],
[105,236,301],[101,104,110],[102,105,108],[100,103,106],[96,102,144],[95,101,143],[94,100,142],[103,209,238],[105,205,236],[104,207,240],
[96,102,108],[94,100,106],[95,101,110],[92,93,94],[90,91,95],[88,89,96],[87,227,260],[86,221,259],[85,224,261],[85,103,209],
[86,105,205],[87,104,207],[95,110,142],[94,106,144],[96,108,143],[90,95,142],[88,96,143],[92,94,144],[87,104,227],[85,103,224],
[86,105,221],[90,142,227],[92,144,224],[88,143,221],[104,126,227],[105,125,221],[103,124,224],[90,126,227],[92,124,224],[88,125,221],
[84,194,205],[83,196,207],[82,198,209],[83,90,126],[84,88,125],[82,92,124],[83,90,196],[82,92,198],[84,88,194],[80,81,208],
[78,79,206],[76,77,210],[77,92,198],[79,88,194],[81,90,196],[80,81,90],[76,77,92],[78,79,88],[75,177,291],[74,175,290],
[73,173,289],[80,90,177],[78,88,175],[76,92,173],[90,177,291],[92,173,289],[88,175,290],[72,120,201],[71,116,199],[70,118,200],
[72,88,290],[71,92,289],[70,90,291],[72,201,290],[70,200,291],[71,199,289],[69,115,140],[68,119,138],[67,117,136],[140,199,289],
[138,201,290],[136,200,291],[67,136,291],[69,140,289],[68,138,290],[77,213,282],[79,212,279],[81,211,276],[67,79,291],[69,81,289],
[68,77,290],[181,190,231],[183,191,230],[182,192,229],[83,178,219],[84,180,217],[82,179,215],[67,79,212],[68,77,213],[69,81,211],
[115,116,145],[117,118,146],[119,120,147],[166,273,274],[167,271,277],[168,272,280],[135,225,239],[134,228,235],[133,222,237],[121,163,269],
[122,165,270],[123,164,268],[106,113,144],[108,114,143],[110,112,142],[125,129,268],[126,127,270],[124,128,269],[72,88,89],[70,90,91],
[71,92,93],[131,133,253],[130,135,251],[132,134,255],[140,258,297],[136,257,303],[138,256,300],[96,144,271],[94,142,272],[95,143,273],
[146,288,309],[145,286,307],[147,284,308],[101,104,126],[100,103,124],[102,105,125],[150,155,248],[152,154,247],[148,156,249],[103,157,245],
[105,159,246],[104,158,244],[103,162,298],[105,160,301],[104,161,295],[168,171,287],[166,169,283],[167,170,285],[165,172,264],[164,176,262],
[163,174,266],[165,269,294],[164,270,293],[163,268,292],[129,180,310],[127,178,316],[128,179,313],[165,183,265],[163,181,267],[164,182,263],
[165,188,306],[163,184,305],[164,186,304],[108,192,287],[106,190,283],[110,191,285],[197,204,315],[193,202,312],[195,203,318],[200,280,295],
[199,277,298],[201,274,301],[194,202,258],[198,204,257],[196,203,256],[83,207,302],[82,209,296],[84,205,299],[85,198,209],[86,194,205],
[87,196,207],[98,132,205],[97,130,207],[99,131,209],[213,254,282],[212,250,279],[211,252,276],[218,248,254],[214,247,250],[216,249,252],
[181,190,214],[182,192,216],[183,191,218],[142,245,255],[143,244,253],[144,246,251],[142,226,227],[143,220,221],[144,223,224],[83,126,293],
[82,124,294],[84,125,292],[83,178,255],[82,179,251],[84,180,253],[153,237,247],[151,239,248],[149,235,249],[217,239,249],[215,235,247],
[219,237,248],[224,225,239],[221,222,237],[227,228,235],[230,233,280],[229,234,274],[231,232,277],[168,261,280],[166,260,274],[167,259,277],
[99,237,238],[97,239,240],[98,235,236],[83,218,219],[82,214,215],[84,216,217],[157,190,264],[159,192,266],[158,191,262],[171,233,267],
[169,234,265],[170,232,263],[190,231,263],[192,229,265],[191,230,267],[147,241,242],[145,241,243],[146,242,243],[204,238,298],[202,236,301],
[203,240,295],[67,117,238],[69,115,236],[68,119,240],[156,209,210],[154,207,208],[155,205,206],[205,213,255],[207,212,251],[209,211,253],
[76,210,296],[78,206,299],[80,208,302],[115,140,302],[117,136,299],[119,138,296],[80,177,262],[76,173,264],[78,175,266],[118,200,262],
[116,199,264],[120,201,266],[241,285,286],[242,283,284],[243,287,288],[208,247,313],[206,248,316],[210,249,310],[109,246,271],[107,245,272],
[111,244,273],[73,289,290],[74,290,291],[75,289,291],[79,206,291],[77,210,290],[81,208,289],[122,306,317],[121,305,314],[123,304,311],
[275,284,315],[278,286,318],[281,288,312],[234,240,246],[232,236,245],[233,238,244],[72,120,240],[71,116,236],[70,118,238],[66,140,141],
[65,138,139],[64,136,137],[63,141,297],[62,137,303],[61,139,300],[60,294,318],[59,292,315],[58,293,312],[57,73,173],[56,74,175],
[55,75,177],[77,165,198],[81,164,196],[79,163,194],[53,54,87],[51,52,86],[49,50,85],[54,306,318],[52,304,312],[50,305,315],
[172,173,191],[174,175,190],[176,177,192],[220,222,254],[226,228,250],[223,225,252],[83,152,153],[82,148,149],[84,150,151],[171,189,306],
[170,185,305],[169,187,304],[224,237,261],[227,239,260],[221,235,259],[171,218,265],[170,214,267],[169,216,263],[87,155,260],[85,154,261],
[86,156,259],[53,309,316],[49,307,313],[51,308,310],[48,272,288],[47,271,286],[46,273,284],[45,48,162],[44,47,160],[43,46,161],
[45,280,282],[43,274,276],[44,277,279],[204,241,260],[202,242,261],[203,243,259],[42,111,285],[41,107,283],[40,109,287],[111,116,307],
[107,120,308],[109,118,309],[93,94,252],[91,95,250],[89,96,254],[169,197,198],[170,195,196],[171,193,194],[169,299,300],[170,296,297],
[171,302,303],[138,201,254],[136,200,250],[140,199,252],[62,186,187],[61,184,185],[63,188,189],[64,102,122],[65,100,123],[66,101,121],
[63,301,303],[62,298,300],[61,295,297],[73,309,317],[74,307,314],[75,308,311],[39,112,122],[38,114,123],[37,113,121],[77,127,282],
[81,129,276],[79,128,279],[185,281,282],[189,275,276],[187,278,279],[64,133,195],[65,135,193],[66,134,197],[89,186,191],[91,188,190],
[93,184,192],[132,160,201],[130,161,200],[131,162,199],[160,161,162],[132,160,161],[130,161,162],[131,160,162],[147,204,241],[145,203,243],
[146,202,242],[67,204,238],[68,203,240],[69,202,236],[155,205,213],[156,209,211],[154,207,212],[80,115,302],[76,119,296],[78,117,299],
[155,241,260],[156,243,259],[154,242,261],[80,118,262],[78,120,266],[76,116,264],[42,241,285],[41,242,283],[40,243,287],[42,111,116],
[40,109,118],[41,107,120],[49,208,313],[51,210,310],[53,206,316],[47,109,271],[46,111,273],[48,107,272],[74,206,291],[75,208,289],
[73,210,290],[73,109,309],[75,107,308],[74,111,307],[45,162,282],[43,161,276],[44,160,279],[53,87,309],[51,86,308],[49,85,307],
[87,150,155],[86,148,156],[85,152,154],[48,162,288],[46,161,284],[47,160,286],[103,157,162],[104,158,161],[105,159,160],[89,222,254],
[93,225,252],[91,228,250],[91,174,190],[93,176,192],[89,172,191],[166,169,198],[168,171,194],[167,170,196],[165,172,198],[163,174,194],
[164,176,196],[77,165,269],[79,163,268],[81,164,270],[77,127,178],[79,128,179],[81,129,180],[106,188,190],[110,186,191],[108,184,192],
[165,183,188],[164,182,186],[163,181,184],[64,102,195],[66,101,197],[65,100,193],[50,197,315],[54,195,318],[52,193,312],[61,184,295],
[63,188,301],[62,186,298],[45,280,295],[43,274,301],[44,277,298],[169,299,304],[171,302,306],[170,296,305],[54,87,306],[50,85,305],
[52,86,304],[83,153,302],[84,151,299],[82,149,296],[87,196,256],[85,198,257],[86,194,258],[201,254,282],[199,252,276],[200,250,279],
[98,132,201],[99,131,199],[97,130,200],[173,191,218],[177,192,216],[175,190,214],[218,220,254],[216,223,252],[214,226,250],[83,255,293],
[82,251,294],[84,253,292],[142,226,255],[144,223,251],[143,220,253],[153,224,237],[149,221,235],[151,227,239],[217,224,239],[219,221,237],
[215,227,235],[99,237,261],[98,235,259],[97,239,260],[230,261,280],[231,259,277],[229,260,274],[171,189,218],[169,187,216],[170,185,214],
[83,152,218],[84,150,216],[82,148,214],[169,234,263],[170,232,267],[171,233,265],[157,190,263],[158,191,267],[159,192,265],[94,140,252],
[95,136,250],[96,138,254],[169,197,300],[171,193,303],[170,195,297],[61,185,281],[62,187,278],[63,189,275],[64,122,317],[65,123,311],
[66,121,314],[60,278,318],[58,281,312],[59,275,315],[57,73,317],[55,75,311],[56,74,314],[64,133,137],[66,134,141],[65,135,139],
[61,139,297],[62,137,300],[63,141,303],[36,39,122],[35,37,121],[34,38,123],[33,39,112],[32,38,114],[31,37,113],[127,185,282],
[128,187,279],[129,189,276],[72,234,240],[70,233,238],[71,232,236],[204,288,309],[203,284,308],[202,286,307],[119,137,211],[117,141,213],
[115,139,212],[101,126,241],[102,125,243],[100,124,242],[93,118,184],[89,116,186],[91,120,188],[57,173,206],[56,175,208],[55,177,210],
[60,109,294],[58,107,293],[59,111,292],[121,269,281],[123,268,278],[122,270,275],[106,113,317],[110,112,311],[108,114,314],[125,129,281],
[124,128,275],[126,127,278],[71,93,317],[70,91,311],[72,89,314],[35,131,133],[36,130,135],[34,132,134],[31,258,297],[32,256,300],
[33,257,303],[35,95,273],[36,96,271],[34,94,272],[31,134,197],[32,135,193],[33,133,195],[30,66,140],[29,64,136],[28,65,138],
[27,61,300],[26,62,303],[25,63,297],[27,28,172],[25,30,176],[26,29,174],[121,129,281],[123,127,278],[122,128,275],[71,113,317],
[72,114,314],[70,112,311],[35,95,131],[34,94,132],[36,96,130],[31,197,258],[33,195,257],[32,193,256],[28,65,172],[29,64,174],
[30,66,176],[27,61,172],[25,63,176],[26,62,174],[24,129,189],[23,127,185],[22,128,187],[21,72,234],[20,70,233],[19,71,232],
[61,269,281],[63,270,275],[62,268,278],[64,106,317],[66,108,314],[65,110,311],[58,125,281],[60,126,278],[59,124,275],[57,93,317],
[56,89,314],[55,91,311],[34,134,141],[36,135,139],[35,133,137],[31,139,297],[33,141,303],[32,137,300],[35,37,273],[34,38,272],
[36,39,271],[32,38,135],[33,39,133],[31,37,134],[29,95,136],[30,94,140],[28,96,138],[25,195,297],[27,197,300],[26,193,303],
[147,204,309],[146,202,307],[145,203,308],[67,204,288],[69,202,286],[68,203,284],[141,155,213],[139,154,212],[137,156,211],[80,115,139],
[78,117,141],[76,119,137],[101,155,241],[100,154,242],[102,156,243],[80,118,184],[78,120,188],[76,116,186],[40,125,243],[42,126,241],
[41,124,242],[40,93,118],[41,91,120],[42,89,116],[53,173,206],[51,177,210],[49,175,208],[47,109,294],[48,107,293],[46,111,292],
[57,74,206],[55,73,210],[56,75,208],[60,73,109],[59,74,111],[58,75,107],[87,150,309],[85,152,307],[86,148,308],[157,162,288],
[159,160,286],[158,161,284],[91,174,228],[89,172,222],[93,176,225],[166,172,198],[167,176,196],[168,174,194],[77,178,269],[81,180,270],
[79,179,268],[106,183,188],[108,181,184],[110,182,186],[50,101,197],[52,100,193],[54,102,195],[45,184,295],[44,186,298],[43,188,301],
[153,302,306],[149,296,305],[151,299,304],[87,256,306],[86,258,304],[85,257,305],[98,201,282],[97,200,279],[99,199,276],[173,218,220],
[175,214,226],[177,216,223],[226,255,293],[220,253,292],[223,251,294],[153,217,224],[151,215,227],[149,219,221],[99,230,261],[97,229,260],
[98,231,259],[152,189,218],[148,185,214],[150,187,216],[157,234,263],[159,233,265],[158,232,267],[132,161,276],[131,160,279],[130,162,282],
[24,166,273],[23,168,272],[22,167,271],[21,135,225],[20,133,222],[19,134,228],[39,219,231],[38,217,230],[37,215,229],[18,150,157],
[17,152,159],[16,148,158],[14,15,73],[12,13,74],[10,11,75],[8,9,41],[6,7,42],[4,5,40],[4,35,121],[6,34,123],
[8,36,122],[9,33,112],[7,32,114],[5,31,113],[4,35,40],[8,36,41],[6,34,42],[5,31,40],[9,33,41],[7,32,42],
[10,56,75],[14,55,73],[12,57,74],[15,60,73],[11,58,75],[13,59,74],[38,153,217],[37,151,215],[39,149,219],[37,97,229],
[39,98,231],[38,99,230],[18,150,187],[16,148,185],[17,152,189],[18,157,234],[16,158,232],[17,159,233],[24,37,273],[22,39,271],
[23,38,272],[21,38,135],[19,37,134],[20,39,133],[24,129,166],[22,128,167],[23,127,168],[21,72,225],[19,71,228],[20,70,222],
[4,121,129],[8,122,128],[6,123,127],[7,72,114],[5,71,113],[9,70,112],[147,150,309],[145,148,308],[146,152,307],[67,157,288],
[68,158,284],[69,159,286],[50,101,155],[54,102,156],[52,100,154],[45,80,184],[43,78,188],[44,76,186],[53,173,220],[51,177,223],
[49,175,226],[48,226,293],[47,223,294],[46,220,292],[97,131,279],[98,130,282],[99,132,276],[153,256,306],[151,258,304],[149,257,305],
[40,58,125],[41,59,124],[42,60,126],[40,57,93],[41,55,91],[42,56,89],[34,141,155],[35,137,156],[36,139,154],[31,80,139],
[32,76,137],[33,78,141],[61,178,269],[62,179,268],[63,180,270],[64,106,183],[65,110,182],[66,108,181],[29,95,131],[28,96,130],
[30,94,132],[26,193,256],[27,197,258],[25,195,257],[64,174,228],[66,176,225],[65,172,222],[61,166,172],[62,168,174],[63,167,176],
[12,67,212],[10,69,211],[14,68,213],[15,117,146],[13,115,145],[11,119,147],[3,150,157],[2,148,158],[1,152,159],[10,11,226],
[14,15,223],[12,13,220],[12,22,187],[14,23,185],[10,24,189],[13,19,232],[11,21,234],[15,20,233],[12,22,67],[10,24,69],
[14,23,68],[13,19,145],[15,20,146],[11,21,147],[3,147,150],[1,146,152],[2,145,148],[3,67,157],[1,69,159],[2,68,158],
[11,49,226],[13,53,220],[15,51,223],[10,48,226],[12,46,220],[14,47,223],[10,17,189],[14,16,185],[12,18,187],[11,18,234],
[15,17,233],[13,16,232],[12,57,212],[14,55,213],[10,56,211],[15,60,117],[13,59,115],[11,58,119],[61,166,178],[62,168,179],
[63,167,180],[66,181,225],[65,182,222],[64,183,228],[34,50,155],[36,52,154],[35,54,156],[31,45,80],[32,44,76],[33,43,78],
[26,153,256],[25,149,257],[27,151,258],[29,97,131],[30,99,132],[28,98,130],[4,129,166],[6,127,168],[8,128,167],[7,72,225],
[9,70,222],[5,71,228],[24,37,97],[23,38,99],[22,39,98],[21,38,153],[20,39,149],[19,37,151],[35,40,58],[34,42,60],
[36,41,59],[31,40,57],[32,42,56],[33,41,55],[11,181,231],[15,182,229],[13,183,230],[10,178,219],[14,179,215],[12,180,217],
[117,213,321],[115,212,320],[119,211,319],[57,212,320],[56,211,319],[55,213,321],[60,117,321],[58,119,319],[59,115,320],[10,17,178],
[12,18,180],[14,16,179],[11,18,181],[13,16,183],[15,17,182],[11,49,231],[15,51,229],[13,53,230],[10,48,219],[14,47,215],
[12,46,217],[4,166,178],[8,167,180],[6,168,179],[24,29,97],[22,28,98],[23,30,99],[7,181,225],[5,183,228],[9,182,222],
[21,26,153],[19,27,151],[20,25,149],[34,50,60],[35,54,58],[36,52,59],[31,45,57],[33,43,55],[32,44,56],[3,22,67],
[2,23,68],[1,24,69],[3,21,147],[1,20,146],[2,19,145],[21,53,54],[20,49,50],[19,51,52],[22,45,48],[23,43,46],
[24,44,47],[219,231,322],[215,229,324],[217,230,323],[1,20,50],[2,19,52],[3,21,54],[3,22,45],[1,24,44],[2,23,43],
[20,25,49],[21,26,53],[19,27,51],[22,28,48],[23,30,46],[24,29,47],[48,219,322],[46,217,323],[47,215,324],[49,231,322],
[53,230,323],[51,229,324],[7,18,181],[9,17,182],[5,16,183],[4,17,178],[6,16,179],[8,18,180],[50,60,321],[52,59,320],
[54,58,319],[45,57,320],[44,56,319],[43,55,321],[17,27,28],[18,25,30],[16,26,29],[4,17,28],[6,16,29],[8,18,30],
[7,18,25],[9,17,27],[5,16,26],[1,50,321],[3,54,319],[2,52,320],[28,48,322],[29,47,324],[30,46,323],[25,49,322],
[27,51,324],[26,53,323],[3,45,320],[1,44,319],[2,43,321],[1,6,7],[3,4,5],[2,8,9],[1,7,321],[2,9,320],
[3,5,319],[3,4,320],[2,8,321],[1,6,319],[7,25,322],[5,26,323],[9,27,324],[4,28,322],[8,30,323],[6,29,324],
[7,321,322],[9,320,324],[5,319,323],[4,320,322],[6,319,324],[8,321,323]];
###############################################################

#SurfaceInfo: 324 Vertices, 1944 Edges, 1296 Faces, IsOrientable=true
 #Vertices of faces:
vof2:=[[322,323,324],[321,322,323],[320,323,324],[319,322,324],[316,317,318],[313,314,315],[310,311,312],[309,316,317],[308,310,311],[307,313,314],
[304,305,306],[301,302,303],[298,299,300],[297,301,302],[296,304,305],[295,298,299],[294,307,313],[293,308,310],[292,309,316],[289,290,291],
[286,287,288],[283,284,285],[280,281,282],[277,278,279],[274,275,276],[271,272,273],[268,269,270],[265,266,267],[262,263,264],[259,260,261],
[258,277,278],[257,283,284],[256,280,281],[255,281,282],[254,284,285],[253,278,279],[251,252,269],[249,250,272],[247,248,275],[244,245,246],
[241,242,243],[238,239,240],[237,268,269],[236,271,272],[235,274,275],[234,265,266],[233,259,260],[232,262,263],[231,258,277],[230,257,283],
[229,256,280],[228,255,281],[227,253,278],[226,254,284],[224,225,239],[222,223,242],[220,221,245],[217,218,219],[214,215,216],[211,212,213],
[209,210,218],[207,208,215],[205,206,212],[203,204,277],[201,202,280],[199,200,283],[197,198,202],[195,196,204],[193,194,200],[224,239,309],
[222,242,308],[220,245,307],[192,225,239],[191,223,242],[190,221,245],[234,265,304],[232,262,301],[233,259,298],[230,240,283],[231,243,277],
[229,246,280],[189,228,281],[188,226,284],[187,227,278],[244,245,296],[238,239,295],[241,242,297],[235,247,275],[236,249,272],[237,251,269],
[186,243,249],[185,240,247],[184,246,251],[183,289,290],[182,289,291],[181,290,291],[250,286,287],[252,286,288],[248,287,288],[199,293,308],
[201,292,309],[203,294,307],[208,293,310],[206,294,313],[210,292,316],[180,296,304],[179,297,301],[178,295,298],[228,255,283],[226,254,277],
[227,253,280],[177,241,243],[176,238,240],[175,244,246],[173,174,227],[171,172,226],[169,170,228],[228,234,313],[226,233,316],[227,232,310],
[166,167,168],[163,164,165],[160,161,162],[158,159,258],[156,157,257],[154,155,256],[151,152,153],[148,149,150],[145,146,147],[169,170,186],
[171,172,184],[173,174,185],[144,228,313],[143,227,310],[142,226,316],[174,227,232],[170,228,234],[172,226,233],[141,177,241],[140,175,244],
[139,176,238],[141,183,289],[140,181,290],[139,182,291],[217,250,286],[211,248,287],[214,252,288],[138,182,289],[137,181,291],[136,183,290],
[135,248,288],[134,252,286],[133,250,287],[199,224,293],[203,222,294],[201,220,292],[132,206,294],[131,210,292],[130,208,293],[210,233,316],
[206,234,313],[208,232,310],[177,186,243],[175,184,246],[176,185,240],[195,204,241],[193,200,238],[197,202,244],[199,255,283],[201,253,280],
[203,254,277],[235,240,247],[237,246,251],[236,243,249],[180,244,296],[178,238,295],[179,241,297],[173,187,227],[169,189,228],[171,188,226],
[228,240,283],[227,246,280],[226,243,277],[179,262,301],[178,259,298],[180,265,304],[129,192,239],[128,191,242],[127,190,245],[203,245,307],
[199,242,308],[201,239,309],[209,217,218],[205,211,212],[207,214,215],[125,126,130],[123,124,132],[121,122,131],[120,222,318],[119,224,315],
[118,220,312],[116,117,260],[114,115,266],[112,113,263],[111,198,212],[110,194,218],[109,196,215],[106,107,108],[103,104,105],[100,101,102],
[285,294,301],[282,293,298],[279,292,304],[253,302,308],[255,305,307],[254,299,309],[116,192,266],[114,190,263],[112,191,260],[97,98,99],
[94,95,96],[91,92,93],[90,161,187],[89,164,189],[88,167,188],[86,87,275],[84,85,269],[82,83,272],[81,99,152],[80,96,149],
[79,93,146],[78,85,131],[77,83,132],[76,87,130],[74,75,126],[72,73,124],[70,71,122],[68,69,108],[66,67,105],[64,65,102],
[101,304,306],[104,301,303],[107,298,300],[222,275,276],[224,269,270],[220,272,273],[136,265,267],[137,259,261],[138,262,264],[63,266,267],
[62,260,261],[61,263,264],[138,258,278],[137,257,284],[136,256,281],[152,218,219],[149,212,213],[146,215,216],[106,210,218],[100,206,212],
[103,208,215],[209,210,301],[205,206,298],[207,208,304],[78,203,204],[77,199,200],[76,201,202],[135,204,277],[134,200,283],[133,202,280],
[60,196,204],[59,194,200],[58,198,202],[245,296,311],[239,295,314],[242,297,317],[116,231,243],[114,230,240],[112,229,246],[103,189,281],
[106,187,278],[100,188,284],[178,234,304],[180,232,301],[179,233,298],[222,300,308],[220,303,307],[224,306,309],[310,313,316],[65,67,69],
[76,79,303],[78,81,300],[77,80,306],[86,141,152],[84,139,149],[82,140,146],[57,216,258],[56,219,257],[55,213,256],[70,75,204],
[73,74,202],[71,72,200],[295,296,297],[53,54,116],[51,52,114],[49,50,112],[48,92,178],[47,98,180],[46,95,179],[45,151,189],
[44,148,187],[43,145,188],[145,148,151],[42,55,126],[41,57,122],[40,56,124],[73,74,153],[71,72,147],[70,75,150],[53,54,66],
[49,50,64],[51,52,68],[43,145,151],[45,148,151],[44,145,148],[48,178,234],[46,179,233],[47,180,232],[100,145,188],[106,148,187],
[103,151,189],[85,114,230],[87,116,231],[83,112,229],[50,112,246],[52,114,240],[54,116,243],[296,297,311],[295,297,317],[295,296,314],
[71,134,200],[73,133,202],[75,135,204],[60,78,204],[59,77,200],[58,76,202],[141,152,218],[140,146,215],[139,149,212],[57,146,216],
[55,149,213],[56,152,219],[57,138,258],[55,136,256],[56,137,257],[39,61,264],[38,63,267],[37,62,261],[137,259,284],[136,265,281],
[138,262,278],[222,276,300],[224,270,306],[220,273,303],[79,104,303],[80,101,306],[81,107,300],[107,205,298],[101,207,304],[104,209,301],
[67,68,69],[65,66,67],[64,65,69],[86,141,275],[84,139,269],[82,140,272],[74,126,202],[70,122,204],[72,124,200],[76,130,303],
[77,132,306],[78,131,300],[77,80,149],[78,81,152],[76,79,146],[45,164,189],[43,167,188],[44,161,187],[46,94,95],[47,97,98],
[48,91,92],[53,116,266],[49,112,260],[51,114,263],[255,303,307],[254,306,309],[253,300,308],[180,285,301],[179,282,298],[178,279,304],
[100,101,284],[103,104,281],[106,107,278],[58,111,198],[60,109,196],[59,110,194],[106,110,218],[103,109,215],[100,111,212],[210,294,301],
[208,292,304],[206,293,298],[63,114,266],[61,112,263],[62,116,260],[120,222,275],[118,220,272],[119,224,269],[75,125,126],[71,121,122],
[73,123,124],[78,84,85],[77,82,83],[76,86,87],[97,99,152],[91,93,146],[94,96,149],[68,107,108],[64,101,102],[66,104,105],
[112,113,191],[114,115,190],[116,117,192],[134,252,283],[133,250,280],[135,248,277],[136,183,267],[138,182,264],[137,181,261],[78,203,245],
[76,201,239],[77,199,242],[127,245,311],[128,242,317],[129,239,314],[95,179,262],[98,180,265],[92,178,259],[169,189,216],[171,188,213],
[173,187,219],[203,254,299],[201,253,302],[199,255,305],[106,210,233],[103,208,232],[100,206,234],[222,294,318],[220,292,312],[224,293,315],
[122,131,210],[126,130,208],[124,132,206],[39,170,234],[38,172,233],[37,174,232],[143,310,316],[144,310,313],[142,313,316],[86,151,152],
[84,148,149],[82,145,146],[158,216,258],[154,213,256],[156,219,257],[88,166,167],[90,160,161],[89,163,164],[207,214,252],[209,217,250],
[205,211,248],[228,235,240],[226,236,243],[227,237,246],[180,202,244],[179,204,241],[178,200,238],[141,177,183],[139,176,182],[140,175,181],
[171,175,184],[173,176,185],[169,177,186],[36,162,287],[35,168,288],[34,165,286],[33,317,318],[32,311,312],[31,314,315],[30,316,318],
[29,310,312],[28,313,315],[284,302,308],[281,299,309],[278,305,307],[49,87,275],[51,83,272],[53,85,269],[106,108,196],[100,102,194],
[103,105,198],[28,115,266],[29,113,263],[30,117,260],[192,196,215],[190,194,218],[191,198,212],[89,192,266],[88,191,260],[90,190,263],
[69,108,267],[65,102,264],[67,105,261],[119,164,315],[118,161,312],[120,167,318],[79,93,113],[81,99,117],[80,96,115],[90,187,203],
[88,188,199],[89,189,201],[36,85,131],[34,87,130],[35,83,132],[27,285,294],[26,279,292],[25,282,293],[123,132,166],[125,130,163],
[121,131,160],[74,75,289],[70,71,291],[72,73,290],[24,92,93],[23,95,96],[22,98,99],[39,224,225],[37,220,221],[38,222,223],
[21,283,285],[20,280,282],[19,277,279],[95,237,268],[98,235,274],[92,236,271],[158,233,260],[154,232,263],[156,234,266],[99,231,258],
[96,230,257],[93,229,256],[157,252,269],[159,248,275],[155,250,272],[67,247,248],[65,249,250],[69,251,252],[23,245,246],[22,239,240],
[24,242,243],[138,276,289],[137,270,291],[136,273,290],[135,164,288],[133,167,287],[134,161,286],[115,217,286],[117,214,288],[113,211,287],
[18,141,289],[17,139,291],[16,140,290],[73,128,191],[71,127,190],[75,129,192],[166,195,241],[163,193,238],[160,197,244],[15,199,224],
[14,201,220],[13,203,222],[12,131,292],[11,130,293],[10,132,294],[27,139,238],[26,141,241],[25,140,244],[162,170,186],[168,174,185],
[165,172,184],[16,144,228],[17,142,226],[18,143,227],[159,258,311],[157,257,317],[155,256,314],[151,153,271],[145,147,268],[148,150,274],
[161,162,176],[164,165,177],[167,168,175],[63,166,168],[62,160,162],[61,163,165],[158,159,166],[154,155,160],[156,157,163],[9,149,150],
[8,146,147],[7,152,153],[42,129,151],[41,127,148],[40,128,145],[23,66,312],[24,68,318],[22,64,315],[57,96,111],[55,99,110],
[56,93,109],[44,91,289],[43,97,291],[45,94,290],[62,69,166],[63,65,163],[61,67,160],[9,79,175],[8,81,177],[7,80,176],
[9,79,150],[7,80,153],[8,81,147],[63,158,166],[61,156,163],[62,154,160],[162,170,176],[165,172,177],[168,174,175],[69,166,195],
[67,160,197],[65,163,193],[18,44,289],[16,45,290],[17,43,291],[17,139,142],[16,140,144],[18,141,143],[61,67,247],[62,69,251],
[63,65,249],[99,110,258],[93,109,256],[96,111,257],[92,153,271],[98,150,274],[95,147,268],[15,39,224],[13,38,222],[14,37,220],
[24,92,318],[22,98,315],[23,95,312],[70,97,291],[72,94,290],[74,91,289],[62,123,166],[61,121,160],[63,125,163],[130,157,163],
[131,155,160],[132,159,166],[27,238,285],[25,244,282],[26,241,279],[12,36,131],[10,35,132],[11,34,130],[14,189,201],[13,187,203],
[15,188,199],[119,164,288],[118,161,286],[120,167,287],[96,115,217],[93,113,211],[99,117,214],[75,276,289],[73,273,290],[71,270,291],
[69,252,267],[67,248,261],[65,250,264],[23,96,230],[24,93,229],[22,99,231],[89,192,215],[90,190,218],[88,191,212],[108,192,196],
[105,191,198],[102,190,194],[28,89,266],[30,88,260],[29,90,263],[30,81,117],[28,80,115],[29,79,113],[30,68,318],[29,66,312],
[28,64,315],[32,258,311],[31,256,314],[33,257,317],[168,185,288],[165,184,286],[162,186,287],[36,113,287],[34,115,286],[35,117,288],
[31,164,315],[33,167,318],[32,161,312],[73,128,153],[75,129,150],[71,127,147],[9,171,175],[7,173,176],[8,169,177],[164,177,183],
[167,175,181],[161,176,182],[16,228,235],[18,227,237],[17,226,236],[159,205,248],[155,209,250],[157,207,252],[89,163,238],[90,160,244],
[88,166,241],[86,129,151],[82,128,145],[84,127,148],[30,143,316],[28,142,313],[29,144,310],[27,294,318],[25,293,315],[26,292,312],
[106,158,233],[100,156,234],[103,154,232],[90,203,299],[88,199,305],[89,201,302],[95,237,262],[92,236,259],[98,235,265],[40,128,317],
[42,129,314],[41,127,311],[23,78,245],[24,77,242],[22,76,239],[108,183,267],[105,181,261],[102,182,264],[21,252,283],[19,248,277],
[20,250,280],[73,113,191],[75,117,192],[71,115,190],[49,120,275],[53,119,269],[51,118,272],[63,114,168],[61,112,165],[62,116,162],
[10,210,294],[11,206,293],[12,208,292],[106,110,196],[100,111,194],[103,109,198],[55,59,110],[57,58,111],[56,60,109],[101,284,302],
[107,278,305],[104,281,299],[21,180,285],[19,178,279],[20,179,282],[49,158,260],[53,156,266],[51,154,263],[45,46,94],[44,48,91],
[43,47,97],[45,135,164],[44,134,161],[43,133,167],[139,157,269],[140,155,272],[141,159,275],[9,77,149],[7,78,152],[8,76,146],
[22,64,69],[24,67,68],[23,65,66],[80,101,176],[81,107,177],[79,104,175],[138,276,300],[136,273,303],[137,270,306],[265,281,309],
[262,278,307],[259,284,308],[39,61,225],[38,63,223],[37,62,221],[57,96,138],[56,93,137],[55,99,136],[26,141,218],[27,139,212],
[25,140,215],[49,64,87],[53,66,85],[51,68,83],[159,297,311],[155,296,314],[157,295,317],[23,50,246],[24,54,243],[22,52,240],
[36,85,114],[35,83,112],[34,87,116],[106,148,274],[103,151,271],[100,145,268],[42,43,151],[40,44,145],[41,45,148],[158,169,216],
[156,173,219],[154,171,213],[130,255,303],[131,253,300],[132,254,306],[126,180,202],[124,178,200],[122,179,204],[64,101,207],[66,104,209],
[68,107,205],[56,97,152],[55,94,149],[57,91,146],[60,78,84],[58,76,86],[59,77,82],[73,123,133],[75,125,135],[71,121,134],
[39,48,234],[37,47,232],[38,46,233],[41,122,210],[40,124,206],[42,126,208],[35,168,236],[34,165,235],[36,162,237],[6,309,317],
[5,307,314],[4,308,311],[3,305,306],[2,299,300],[1,302,303],[52,184,251],[54,185,247],[50,186,249],[153,268,270],[147,274,276],
[150,271,273],[39,217,219],[37,211,213],[38,214,216],[195,196,235],[193,194,237],[197,198,236],[186,192,225],[185,190,221],[184,191,223],
[70,111,150],[74,110,153],[72,109,147],[39,170,251],[37,174,249],[38,172,247],[97,189,216],[94,187,219],[91,188,213],[39,84,264],
[37,82,261],[38,86,267],[54,66,133],[52,68,135],[50,64,134],[44,85,230],[43,83,229],[45,87,231],[42,55,181],[40,56,182],
[41,57,183],[7,57,122],[8,55,126],[9,56,124],[49,51,53],[58,59,60],[39,217,251],[38,214,247],[37,211,249],[110,153,268],
[111,150,271],[109,147,274],[52,170,251],[50,174,249],[54,172,247],[50,186,225],[52,184,223],[54,185,221],[168,197,236],[162,193,237],
[165,195,235],[39,48,84],[37,47,82],[38,46,86],[52,125,135],[50,121,134],[54,123,133],[59,60,84],[58,59,82],[58,60,86],
[9,56,97],[7,57,91],[8,55,94],[41,45,231],[42,43,229],[40,44,230],[6,265,309],[4,259,308],[5,262,307],[2,138,300],
[1,136,303],[3,137,306],[2,104,299],[1,101,302],[3,107,305],[55,59,181],[57,58,183],[56,60,182],[72,109,198],[74,110,196],
[70,111,194],[49,53,119],[49,51,120],[51,53,118],[40,102,182],[41,108,183],[42,105,181],[6,40,317],[4,41,311],[5,42,314],
[34,235,265],[36,237,262],[35,236,259],[86,129,267],[84,127,264],[82,128,261],[16,196,235],[17,198,236],[18,194,237],[8,126,169],
[9,124,171],[7,122,173],[29,66,133],[30,68,135],[28,64,134],[102,185,190],[108,186,192],[105,184,191],[14,97,189],[15,91,188],
[13,94,187],[70,97,216],[74,91,213],[72,94,219],[13,38,216],[14,37,213],[15,39,219],[92,153,270],[95,147,276],[98,150,273],
[16,45,87],[17,43,83],[18,44,85],[64,87,207],[68,83,205],[66,85,209],[45,46,135],[43,47,133],[44,48,134],[49,158,169],
[51,154,171],[53,156,173],[21,126,180],[19,124,178],[20,122,179],[10,41,210],[12,42,208],[11,40,206],[36,114,168],[34,116,162],
[35,112,165],[7,23,78],[8,22,76],[9,24,77],[106,158,274],[103,154,271],[100,156,268],[159,205,297],[157,207,295],[155,209,296],
[31,164,183],[32,161,182],[33,167,181],[30,81,143],[29,79,144],[28,80,142],[28,89,302],[29,90,299],[30,88,305],[25,89,215],
[27,88,212],[26,90,218],[23,50,230],[22,52,231],[24,54,229],[21,252,267],[20,250,264],[19,248,261],[75,117,276],[71,115,270],
[73,113,273],[119,185,288],[120,186,287],[118,184,286],[96,138,217],[99,136,214],[93,137,211],[12,36,113],[10,35,117],[11,34,115],
[89,238,285],[88,241,279],[90,244,282],[130,157,255],[132,159,254],[131,155,253],[27,92,318],[26,95,312],[25,98,315],[32,110,258],
[33,111,257],[31,109,256],[61,225,247],[62,221,251],[63,223,249],[139,142,157],[141,143,159],[140,144,155],[22,69,195],[23,65,193],
[24,67,197],[101,170,176],[104,174,175],[107,172,177],[62,123,154],[63,125,158],[61,121,156],[81,127,147],[80,128,153],[79,129,150],
[297,302,320],[295,299,321],[296,305,319],[28,302,320],[30,305,319],[29,299,321],[205,297,320],[209,296,319],[207,295,321],[142,157,255],
[144,155,253],[143,159,254],[11,115,270],[12,113,273],[10,117,276],[25,89,285],[26,90,282],[27,88,279],[81,127,143],[80,128,142],
[79,129,144],[121,156,268],[125,158,274],[123,154,271],[9,24,197],[8,22,195],[7,23,193],[16,87,207],[18,85,209],[17,83,205],
[27,92,270],[25,98,273],[26,95,276],[13,70,216],[15,72,219],[14,74,213],[102,119,185],[105,118,184],[108,120,186],[28,48,134],
[29,47,133],[30,46,135],[21,126,169],[20,122,173],[19,124,171],[20,127,264],[19,128,261],[21,129,267],[6,40,102],[5,42,105],
[4,41,108],[49,119,169],[53,118,173],[51,120,171],[18,70,194],[16,74,196],[17,72,198],[32,60,182],[33,59,181],[31,58,183],
[3,107,172],[1,101,170],[2,104,174],[2,138,217],[3,137,211],[1,136,214],[6,34,265],[4,35,259],[5,36,262],[10,41,231],
[11,40,230],[12,42,229],[9,14,97],[8,13,94],[7,15,91],[48,59,84],[46,60,86],[47,58,82],[36,168,197],[35,165,195],
[34,162,193],[50,225,230],[54,221,229],[52,223,231],[52,125,170],[54,123,172],[50,121,174],[32,110,268],[31,109,274],[33,111,271],
[217,221,251],[211,223,249],[214,225,247],[255,282,324],[253,279,323],[254,285,322],[143,254,322],[144,253,323],[142,255,324],[27,279,323],
[25,285,322],[26,282,324],[12,221,229],[10,223,231],[11,225,230],[5,36,197],[6,34,193],[4,35,195],[2,217,221],[1,214,225],
[3,211,223],[2,121,174],[1,125,170],[3,123,172],[31,47,58],[33,48,59],[32,46,60],[21,119,169],[19,120,171],[20,118,173],
[6,102,119],[4,108,120],[5,105,118],[13,18,70],[15,17,72],[14,16,74],[9,14,197],[7,15,193],[8,13,195],[32,121,268],
[33,123,271],[31,125,274],[20,127,143],[21,129,144],[19,128,142],[11,27,270],[10,26,276],[12,25,273],[17,205,320],[16,207,321],
[18,209,319],[28,48,320],[29,47,321],[30,46,319],[14,16,321],[13,18,319],[15,17,320],[5,20,118],[4,19,120],[6,21,119],
[32,46,319],[33,48,320],[31,47,321],[2,32,121],[3,33,123],[1,31,125],[2,12,221],[3,10,223],[1,11,225],[5,14,197],
[4,13,195],[6,15,193],[12,25,322],[10,26,324],[11,27,323],[20,143,322],[19,142,324],[21,144,323],[5,14,321],[6,15,320],
[4,13,319],[2,12,322],[1,11,323],[3,10,324],[2,32,319],[1,31,321],[3,33,320],[5,20,322],[6,21,323],[4,19,324],
[5,321,322],[4,319,324],[6,320,323],[2,319,322],[3,320,324],[1,321,323]];
###############################################################

#SurfaceInfo: 252 Vertices, 2016 Edges, 1344 Faces, IsOrientable=false
 #Vertices of faces:
vof3:=[[250,251,252],[249,250,251],[248,250,252],[247,251,252],[244,245,246],[241,242,243],[238,239,240],[235,236,237],[232,233,234],[229,230,231],
[226,227,228],[223,224,225],[222,230,234],[221,227,233],[220,224,232],[219,222,227],[218,220,230],[217,221,224],[215,216,224],[213,214,230],
[211,212,227],[209,210,245],[207,208,242],[205,206,239],[202,203,204],[199,200,201],[196,197,198],[193,194,195],[190,191,192],[187,188,189],
[184,185,186],[181,182,183],[178,179,180],[200,204,237],[198,203,236],[197,201,235],[175,176,177],[172,173,174],[169,170,171],[168,176,221],
[167,170,222],[166,173,220],[165,166,172],[164,168,175],[163,167,169],[161,162,177],[159,160,174],[157,158,171],[154,155,156],[151,152,153],
[148,149,150],[146,147,149],[144,145,155],[142,143,152],[140,141,168],[138,139,167],[136,137,166],[135,146,209],[134,142,207],[133,144,205],
[132,134,142],[131,133,144],[130,135,146],[128,129,216],[126,127,214],[124,125,212],[123,128,129],[122,124,125],[121,126,127],[118,119,120],
[115,116,117],[112,113,114],[111,112,113],[110,118,119],[109,115,116],[108,123,128],[107,121,126],[106,122,124],[109,112,115],[111,112,118],
[110,115,118],[105,112,114],[104,115,117],[103,118,120],[118,121,141],[115,122,137],[112,123,139],[105,108,123],[104,106,122],[103,107,121],
[118,147,155],[112,145,152],[115,143,149],[141,143,149],[139,147,155],[137,145,152],[102,139,155],[101,137,152],[100,141,149],[99,101,152],
[98,102,155],[97,100,149],[96,97,149],[95,98,155],[94,99,152],[125,139,177],[127,137,171],[129,141,174],[95,113,155],[96,119,149],
[94,116,152],[161,177,212],[157,171,214],[159,174,216],[141,154,155],[139,151,152],[137,148,149],[125,138,139],[129,140,141],[127,136,137],
[119,146,149],[116,142,152],[113,144,155],[112,115,118],[103,118,121],[105,112,123],[104,115,122],[118,141,155],[112,139,152],[115,137,149],
[125,177,212],[129,174,216],[127,171,214],[167,169,170],[166,172,173],[168,175,176],[93,185,219],[92,182,217],[91,179,218],[90,166,227],
[89,168,230],[88,167,224],[87,199,209],[86,196,207],[85,202,205],[88,211,234],[90,213,232],[89,215,233],[84,86,180],[83,87,183],
[82,85,186],[80,81,204],[78,79,198],[76,77,201],[75,171,236],[74,174,235],[73,177,237],[72,113,172],[71,119,169],[70,116,175],
[69,195,198],[68,189,204],[67,192,201],[66,91,142],[65,93,144],[64,92,146],[62,63,225],[60,61,228],[58,59,231],[62,222,225],
[58,221,231],[60,220,228],[57,86,211],[56,87,213],[55,85,215],[57,86,235],[55,85,236],[56,87,237],[71,79,200],[72,77,203],
[70,81,197],[77,203,245],[79,200,242],[81,197,239],[54,66,195],[53,64,192],[52,65,189],[54,195,198],[52,189,204],[53,192,201],
[53,64,92],[52,65,93],[54,66,91],[51,111,113],[50,109,116],[49,110,119],[48,121,141],[47,123,139],[46,122,137],[105,108,229],
[103,107,226],[104,106,223],[45,137,145],[44,139,147],[43,141,143],[72,95,113],[70,94,116],[71,96,119],[157,208,214],[161,206,212],
[159,210,216],[92,119,146],[93,113,144],[91,116,142],[42,148,150],[41,154,156],[40,151,153],[101,146,147],[102,142,143],[100,144,145],
[39,168,221],[38,166,220],[37,167,222],[130,165,166],[131,164,168],[132,163,167],[169,171,236],[175,177,237],[172,174,235],[132,142,167],
[131,144,168],[130,146,166],[101,146,209],[102,142,207],[100,144,205],[36,184,185],[35,178,179],[34,181,182],[80,198,236],[76,204,237],
[78,201,235],[193,194,220],[187,188,222],[190,191,221],[179,222,227],[182,220,230],[185,221,224],[179,211,227],[185,215,224],[182,213,230],
[203,207,242],[197,209,245],[200,205,239],[199,200,239],[202,203,242],[196,197,245],[37,222,234],[38,220,232],[39,221,233],[107,226,227],
[106,223,224],[108,229,230],[185,219,222],[179,218,220],[182,217,221],[90,219,227],[88,217,224],[89,218,230],[85,202,204],[86,196,198],
[87,199,201],[82,185,186],[84,179,180],[83,182,183],[80,200,204],[76,197,201],[78,198,203],[89,232,233],[88,233,234],[90,232,234],
[73,200,237],[74,197,235],[75,203,236],[203,204,245],[197,198,239],[200,201,242],[85,235,236],[87,236,237],[86,235,237],[222,225,230],
[220,224,228],[221,227,231],[69,193,195],[68,187,189],[67,190,192],[102,139,177],[100,141,174],[101,137,171],[141,154,168],[137,148,166],
[139,151,167],[128,216,224],[124,212,227],[126,214,230],[210,244,245],[206,238,239],[208,241,242],[224,225,232],[230,231,234],[227,228,233],
[33,98,112],[32,99,115],[31,97,118],[30,165,203],[29,164,197],[28,163,200],[165,183,203],[163,180,200],[164,186,197],[27,69,241],
[26,67,244],[25,68,238],[68,110,238],[69,111,241],[67,109,244],[27,173,210],[26,176,206],[25,170,208],[24,27,210],[23,25,208],
[22,26,206],[21,34,181],[20,36,184],[19,35,178],[63,80,236],[61,78,235],[59,76,237],[25,190,221],[27,187,222],[26,193,220],
[40,151,192],[41,154,195],[42,148,189],[48,80,121],[46,76,122],[47,78,123],[49,90,119],[51,89,113],[50,88,116],[18,89,168],
[17,88,167],[16,90,166],[86,181,211],[85,178,215],[87,184,213],[15,109,112],[14,110,115],[13,111,118],[12,96,97],[11,95,98],
[10,94,99],[93,161,162],[91,157,158],[92,159,160],[160,174,198],[158,171,204],[162,177,201],[105,155,156],[104,152,153],[103,149,150],
[42,138,167],[41,136,166],[40,140,168],[16,163,169],[17,164,175],[18,165,172],[27,133,205],[26,134,207],[25,135,209],[24,181,183],
[23,178,180],[22,184,186],[83,245,246],[84,242,243],[82,239,240],[138,244,246],[136,238,240],[140,241,243],[9,32,147],[8,33,143],
[7,31,145],[22,120,145],[23,114,143],[24,117,147],[27,223,233],[25,229,232],[26,226,234],[12,63,185],[11,61,179],[10,59,182],
[24,117,181],[22,120,184],[23,114,178],[6,105,156],[5,103,150],[4,104,153],[12,63,97],[10,59,99],[11,61,98],[40,168,192],
[42,167,189],[41,166,195],[26,134,193],[25,135,190],[27,133,187],[21,86,181],[20,87,184],[19,85,178],[24,147,210],[22,145,206],
[23,143,208],[22,26,226],[24,27,223],[23,25,229],[109,138,244],[111,140,241],[110,136,238],[27,173,205],[25,170,209],[26,176,207],
[13,69,111],[15,67,109],[14,68,110],[15,98,112],[13,97,118],[14,99,115],[173,210,244],[170,208,241],[176,206,238],[27,69,193],
[26,67,190],[25,68,187],[69,85,235],[67,86,237],[68,87,236],[73,180,200],[75,183,203],[74,186,197],[50,88,233],[49,90,234],
[51,89,232],[82,185,222],[83,182,221],[84,179,220],[48,80,200],[47,78,203],[46,76,197],[38,229,232],[39,223,233],[37,226,234],
[63,185,215],[61,179,211],[59,182,213],[30,203,207],[28,200,205],[29,197,209],[80,174,198],[76,171,204],[78,177,201],[179,188,222],
[185,191,221],[182,194,220],[16,146,166],[17,142,167],[18,144,168],[38,148,166],[37,151,167],[39,154,168],[30,130,165],[28,132,163],
[29,131,164],[9,101,147],[7,100,145],[8,102,143],[31,45,145],[33,43,143],[32,44,147],[86,180,198],[87,183,201],[85,186,204],
[87,101,209],[85,100,205],[86,102,207],[75,101,171],[73,102,177],[74,100,174],[92,119,182],[91,116,179],[93,113,185],[52,93,162],
[54,91,158],[53,92,160],[64,151,192],[65,148,189],[66,154,195],[62,63,80],[58,59,76],[60,61,78],[27,62,222],[26,60,220],
[25,58,221],[81,82,239],[79,84,242],[77,83,245],[72,77,95],[71,79,96],[70,81,94],[68,204,245],[69,198,239],[67,201,242],
[54,79,198],[52,81,204],[53,77,201],[55,89,215],[56,90,213],[57,88,211],[63,164,199],[61,163,202],[59,165,196],[83,214,219],
[82,216,218],[84,212,217],[16,120,145],[17,117,147],[18,114,143],[27,128,233],[26,124,234],[25,126,232],[7,31,246],[8,33,240],
[9,32,243],[12,66,185],[10,65,182],[11,64,179],[31,83,246],[33,82,240],[32,84,243],[89,138,246],[90,140,243],[88,136,240],
[24,33,183],[22,32,186],[23,31,180],[18,36,172],[17,35,175],[16,34,169],[16,120,163],[18,114,165],[17,117,164],[42,138,160],
[40,140,158],[41,136,162],[105,155,208],[103,149,206],[104,152,210],[93,161,232],[92,159,234],[91,157,233],[42,160,198],[41,162,201],
[40,158,204],[12,96,229],[10,94,226],[11,95,223],[32,181,211],[31,184,213],[33,178,215],[84,88,217],[82,89,218],[83,90,219],
[18,89,138],[17,88,136],[16,90,140],[90,119,131],[88,116,130],[89,113,132],[76,122,134],[78,123,133],[80,121,135],[41,59,237],
[42,61,235],[40,63,236],[21,34,111],[19,35,110],[20,36,109],[33,165,183],[31,163,180],[32,164,186],[27,128,241],[25,126,238],
[26,124,244],[32,99,181],[31,97,184],[33,98,178],[92,231,234],[91,228,233],[93,225,232],[128,188,224],[126,191,230],[124,194,227],
[188,224,228],[194,227,231],[191,225,230],[107,159,227],[108,161,230],[106,157,224],[63,199,239],[61,202,242],[59,196,245],[18,36,185],
[16,34,182],[17,35,179],[52,169,236],[54,172,235],[53,175,237],[41,59,156],[40,63,153],[42,61,150],[105,208,214],[104,210,216],
[103,206,212],[96,105,229],[95,104,223],[94,103,226],[48,133,141],[46,135,137],[47,134,139],[34,51,111],[36,50,109],[35,49,110],
[161,168,230],[157,167,224],[159,166,227],[113,132,172],[116,130,175],[119,131,169],[52,55,236],[53,56,237],[54,57,235],[66,125,142],
[64,127,146],[65,129,144],[34,133,243],[35,135,240],[36,134,246],[34,133,141],[36,134,139],[35,135,137],[80,135,240],[76,134,246],
[78,133,243],[12,66,125],[10,65,129],[11,64,127],[31,118,148],[33,112,154],[32,115,151],[19,161,206],[21,157,208],[20,159,210],
[45,92,137],[43,93,141],[44,91,139],[3,211,234],[2,215,233],[1,213,232],[4,84,86],[6,82,85],[5,83,87],[80,81,223],
[76,77,229],[78,79,226],[71,169,188],[72,172,194],[70,175,191],[63,225,246],[59,231,243],[61,228,240],[71,172,200],[72,175,203],
[70,169,197],[54,119,120],[53,113,114],[52,116,117],[68,108,128],[69,106,124],[67,107,126],[123,129,242],[121,127,239],[122,125,245],
[118,147,248],[115,143,249],[112,145,247],[27,99,101],[26,97,100],[25,98,102],[2,170,222],[3,173,220],[1,176,221],[4,131,133],
[6,130,135],[5,132,134],[7,211,212],[8,213,214],[9,215,216],[109,207,208],[111,205,206],[110,209,210],[180,226,228],[186,223,225],
[183,229,231],[28,69,235],[30,67,237],[29,68,236],[4,104,183],[6,105,180],[5,103,186],[5,186,225],[4,183,231],[6,180,228],
[29,68,128],[30,67,126],[28,69,124],[6,85,135],[5,87,134],[4,86,133],[118,148,248],[112,154,247],[115,151,249],[11,127,239],
[12,125,245],[10,129,242],[36,91,139],[35,92,137],[34,93,141],[34,231,243],[36,225,246],[35,228,240],[52,55,117],[54,57,120],
[53,56,114],[34,40,51],[36,42,50],[35,41,49],[2,48,133],[3,47,134],[1,46,135],[96,105,180],[94,103,186],[95,104,183],
[21,106,157],[20,107,159],[19,108,161],[124,172,194],[128,169,188],[126,175,191],[45,92,231],[43,93,225],[44,91,228],[32,151,164],
[33,154,165],[31,148,163],[21,111,205],[20,109,207],[19,110,209],[29,40,236],[28,42,235],[30,41,237],[4,90,131],[5,89,132],
[6,88,130],[7,32,211],[9,33,215],[8,31,213],[11,80,223],[12,76,229],[10,78,226],[2,157,233],[1,161,232],[3,159,234],
[109,155,208],[110,152,210],[111,149,206],[36,71,172],[35,72,175],[34,70,169],[7,63,246],[9,59,243],[8,61,240],[67,123,242],
[68,122,245],[69,121,239],[27,62,99],[25,58,98],[26,60,97],[53,113,160],[52,116,162],[54,119,158],[8,102,214],[9,101,216],
[7,100,212],[37,79,226],[39,81,223],[38,77,229],[48,172,200],[46,169,197],[47,175,203],[2,82,222],[1,83,221],[3,84,220],
[74,186,223],[75,183,229],[73,180,226],[27,101,193],[25,102,187],[26,100,190],[1,176,238],[3,173,244],[2,170,241],[145,206,247],
[143,208,249],[147,210,248],[5,83,150],[4,84,153],[6,82,156],[53,130,175],[52,131,169],[54,132,172],[18,138,160],[17,136,162],
[16,140,158],[24,33,82],[23,31,83],[22,32,84],[83,105,214],[84,103,212],[82,104,216],[63,117,164],[59,114,165],[61,120,163],
[55,89,246],[57,88,240],[56,90,243],[81,82,89],[77,83,90],[79,84,88],[62,80,240],[60,78,243],[58,76,246],[65,119,182],
[66,113,185],[64,116,179],[42,180,198],[40,186,204],[41,183,201],[16,145,146],[18,143,144],[17,142,147],[17,179,188],[16,182,194],
[18,185,191],[63,215,239],[59,213,245],[61,211,242],[50,128,233],[51,126,232],[49,124,234],[13,69,85],[14,68,87],[15,67,86],
[29,170,209],[30,176,207],[28,173,205],[20,87,101],[21,86,102],[19,85,100],[122,134,193],[123,133,187],[121,135,190],[161,168,192],
[159,166,195],[157,167,189],[61,98,150],[63,97,153],[59,99,156],[39,55,62],[37,57,60],[38,56,58],[57,60,73],[56,58,75],
[55,62,74],[67,107,125],[68,108,127],[69,106,129],[71,138,188],[70,140,191],[72,136,194],[3,97,211],[1,98,213],[2,99,215],
[19,80,206],[20,76,210],[21,78,208],[117,181,226],[114,178,223],[120,184,229],[67,125,142],[69,129,144],[68,127,146],[148,194,231],
[154,191,225],[151,188,228],[77,99,181],[79,98,178],[81,97,184],[102,128,241],[101,124,244],[100,126,238],[32,52,81],[33,53,77],
[31,54,79],[77,95,99],[81,94,97],[79,96,98],[64,151,228],[66,154,225],[65,148,231],[73,102,241],[74,100,238],[75,101,244],
[31,45,54],[32,44,52],[33,43,53],[30,130,151],[29,131,148],[28,132,154],[37,130,151],[39,132,154],[38,131,148],[80,174,206],
[78,177,208],[76,171,210],[3,13,97],[2,14,99],[1,15,98],[109,138,188],[110,136,194],[111,140,191],[22,117,226],[23,120,229],
[24,114,223],[92,173,217],[91,170,218],[93,176,219],[192,196,207],[195,202,205],[189,199,209],[103,120,246],[105,114,240],[104,117,243],
[145,155,250],[143,152,252],[147,149,251],[3,176,177],[1,170,171],[2,173,174],[53,194,195],[52,191,192],[54,188,189],[2,48,193],
[1,46,187],[3,47,190],[40,51,162],[42,50,158],[41,49,160],[2,14,173],[1,15,170],[3,13,176],[43,53,195],[44,52,192],
[45,54,189],[161,192,207],[157,189,209],[159,195,205],[2,122,193],[3,121,190],[1,123,187],[29,91,170],[30,93,176],[28,92,173],
[145,146,250],[143,144,252],[142,147,251],[62,114,240],[58,120,246],[60,117,243],[55,103,246],[56,104,243],[57,105,240],[16,42,158],
[18,41,160],[17,40,162],[53,130,194],[54,132,188],[52,131,191],[2,174,241],[3,177,244],[1,171,238],[109,155,250],[111,149,251],
[110,152,252],[99,156,215],[97,153,211],[98,150,213],[11,215,239],[10,211,242],[12,213,245],[17,109,188],[18,111,191],[16,110,194],
[84,103,153],[82,104,156],[83,105,150],[174,206,247],[171,210,248],[177,208,249],[20,101,193],[19,100,190],[21,102,187],[75,184,229],
[73,181,226],[74,178,223],[2,24,82],[3,22,84],[1,23,83],[39,81,184],[38,77,181],[37,79,178],[102,128,214],[100,126,212],
[101,124,216],[64,116,162],[65,119,158],[66,113,160],[60,94,97],[62,95,99],[58,96,98],[68,122,146],[69,121,144],[67,123,142],
[7,63,117],[8,61,120],[9,59,114],[11,19,80],[10,21,78],[12,20,76],[7,32,81],[8,31,79],[9,33,77],[6,79,88],
[4,77,90],[5,81,89],[29,148,163],[28,154,165],[30,151,164],[46,128,169],[47,126,175],[48,124,172],[20,107,207],[19,108,209],
[21,106,205],[42,96,180],[41,95,183],[40,94,186],[2,133,157],[1,135,161],[3,134,159],[29,34,40],[30,35,41],[28,36,42],
[23,57,120],[24,56,114],[22,55,117],[34,45,231],[35,44,228],[36,43,225],[36,71,91],[34,70,93],[35,72,92],[148,194,248],
[151,188,249],[154,191,247],[13,85,135],[15,86,133],[14,87,134],[29,50,128],[28,49,124],[30,51,126],[4,65,231],[6,64,228],
[5,66,225],[51,162,190],[49,160,193],[50,158,187],[47,162,190],[48,160,193],[46,158,187],[71,195,202],[70,189,199],[72,192,196],
[107,173,217],[108,176,219],[106,170,218],[11,37,130],[10,38,131],[12,39,132],[4,73,241],[5,75,244],[6,74,238],[71,138,195],
[72,136,192],[70,140,189],[107,125,173],[106,129,170],[108,127,176],[4,60,73],[6,62,74],[5,58,75],[11,37,57],[12,39,55],
[10,38,56],[125,138,184],[129,140,181],[127,136,178],[158,164,199],[162,165,196],[160,163,202],[190,214,219],[193,212,217],[187,216,218],
[37,60,217],[38,58,219],[39,62,218],[57,73,202],[55,74,199],[56,75,196],[217,218,219],[196,199,202],[73,196,202],[75,196,199],
[74,199,202],[39,218,219],[37,217,218],[38,217,219],[60,107,217],[62,106,218],[58,108,219],[55,70,199],[57,71,202],[56,72,196],
[46,158,199],[48,160,202],[47,162,196],[51,190,219],[50,187,218],[49,193,217],[66,160,163],[65,158,164],[64,162,165],[39,138,184],
[38,140,181],[37,136,178],[75,125,184],[74,127,178],[73,129,181],[19,190,214],[21,187,216],[20,193,212],[4,65,241],[6,64,238],
[5,66,244],[11,23,57],[12,22,55],[10,24,56],[29,34,45],[28,36,43],[30,35,44],[14,134,159],[15,133,157],[13,135,161],
[29,50,163],[30,51,164],[28,49,165],[4,9,77],[5,7,81],[6,8,79],[11,19,130],[12,20,132],[10,21,131],[4,60,94],
[5,58,96],[6,62,95],[46,128,214],[48,124,216],[47,126,212],[11,156,215],[12,150,213],[10,153,211],[17,109,250],[16,110,252],
[18,111,251],[171,238,248],[177,244,249],[174,241,247],[130,194,248],[131,191,247],[132,188,249],[16,42,96],[17,40,94],[18,41,95],
[55,103,153],[57,105,150],[56,104,156],[7,60,117],[9,62,114],[8,58,120],[122,146,250],[123,142,251],[121,144,252],[29,71,91],
[28,72,92],[30,70,93],[2,24,122],[1,23,123],[3,22,121],[107,161,207],[106,159,205],[108,157,209],[43,138,195],[45,140,189],
[44,136,192],[14,125,173],[13,127,176],[15,129,170],[24,122,250],[22,121,252],[23,123,251],[66,244,249],[65,241,247],[64,238,248],
[17,94,250],[18,95,251],[16,96,252],[19,130,248],[20,132,249],[21,131,247],[4,9,94],[6,8,95],[5,7,96],[15,108,157],
[13,107,161],[14,106,159],[30,44,70],[28,43,72],[29,45,71],[11,23,156],[10,24,153],[12,22,150],[19,46,214],[20,47,212],
[21,48,216],[14,75,125],[15,73,129],[13,74,127],[39,43,138],[37,44,136],[38,45,140],[50,66,163],[51,65,164],[49,64,165],
[55,70,153],[56,72,156],[57,71,150],[7,60,107],[8,58,108],[9,62,106],[39,51,219],[38,49,217],[37,50,218],[47,73,196],
[48,74,202],[46,75,199],[37,44,50],[38,45,49],[39,43,51],[14,46,75],[13,48,74],[15,47,73],[24,153,250],[22,150,252],
[23,156,251],[44,70,153],[45,71,150],[43,72,156],[9,14,106],[7,13,107],[8,15,108],[19,46,248],[21,48,247],[20,47,249],
[9,94,250],[7,96,252],[8,95,251],[50,66,249],[49,64,248],[51,65,247],[44,50,249],[43,51,247],[45,49,248],[9,14,250],
[8,15,251],[7,13,252],[44,153,250],[43,156,251],[45,150,252],[14,46,248],[15,47,249],[13,48,247],[44,249,250],[45,248,252],
[43,247,251],[14,248,250],[13,247,252],[15,249,251]];
###############################################################

