#SurfaceInfo: 1536 Vertices, 7680 Edges, 5120 Faces, IsOrientable=true
 #Vertices of faces:
vof1:=[[1534,1535,1536],[1533,1534,1535],[1532,1535,1536],[1531,1534,1536],[1528,1529,1530],[1525,1526,1527],[1522,1523,1524],[1519,1520,1521],[1516,1517,1518],[1513,1514,1515\
],
[1510,1511,1512],[1507,1508,1509],[1504,1505,1506],[1503,1507,1508],[1502,1507,1509],[1501,1508,1509],[1498,1499,1500],[1495,1496,1497],[1492,1493,1494],[1489,1490,1491],
[1486,1487,1488],[1483,1484,1485],[1482,1516,1517],[1481,1510,1511],[1480,1513,1514],[1477,1478,1479],[1474,1475,1476],[1471,1472,1473],[1468,1469,1470],[1465,1466,1467],
[1462,1463,1464],[1459,1460,1461],[1456,1457,1458],[1453,1454,1455],[1450,1451,1452],[1447,1448,1449],[1444,1445,1446],[1441,1442,1443],[1438,1439,1440],[1435,1436,1437],
[1432,1433,1434],[1431,1468,1469],[1430,1465,1466],[1429,1462,1463],[1428,1456,1457],[1427,1453,1454],[1426,1459,1460],[1425,1502,1507],[1424,1503,1507],[1423,1501,1508],
[1422,1503,1508],[1421,1501,1509],[1420,1502,1509],[1481,1504,1505],[1480,1505,1506],[1482,1504,1506],[1419,1498,1499],[1418,1483,1484],[1417,1486,1487],[1416,1489,1490],
[1415,1492,1493],[1414,1495,1496],[1411,1412,1413],[1408,1409,1410],[1407,1522,1523],[1406,1519,1520],[1405,1520,1521],[1404,1519,1521],[1403,1522,1524],[1402,1523,1524],
[1399,1400,1401],[1396,1397,1398],[1393,1394,1395],[1392,1477,1478],[1391,1474,1475],[1390,1471,1472],[1387,1388,1389],[1384,1385,1386],[1381,1382,1383],[1378,1379,1380],
[1375,1376,1377],[1372,1373,1374],[1369,1370,1371],[1366,1367,1368],[1363,1364,1365],[1360,1361,1362],[1357,1358,1359],[1354,1355,1356],[1351,1352,1353],[1348,1349,1350],
[1345,1346,1347],[1342,1343,1344],[1339,1340,1341],[1336,1337,1338],[1333,1334,1335],[1332,1366,1367],[1331,1363,1364],[1331,1360,1361],[1330,1351,1352],[1332,1354,1355],
[1330,1357,1358],[1332,1369,1370],[1330,1370,1371],[1331,1369,1371],[1328,1329,1512],[1326,1327,1515],[1324,1325,1518],[1323,1348,1349],[1322,1345,1346],[1321,1342,1343],
[1320,1339,1340],[1319,1333,1334],[1318,1336,1337],[1332,1366,1369],[1330,1357,1370],[1331,1363,1369],[1332,1354,1370],[1330,1351,1371],[1331,1360,1371],[1315,1316,1317],
[1312,1313,1314],[1309,1310,1311],[1306,1307,1308],[1303,1304,1305],[1300,1301,1302],[1299,1315,1316],[1298,1312,1313],[1297,1309,1310],[1296,1306,1307],[1295,1303,1304],
[1294,1300,1301],[1293,1299,1315],[1292,1298,1312],[1291,1295,1303],[1290,1294,1300],[1289,1297,1309],[1288,1296,1306],[1285,1286,1287],[1282,1283,1284],[1279,1280,1281],
[1276,1277,1278],[1273,1274,1275],[1270,1271,1272],[1269,1276,1277],[1268,1270,1271],[1267,1285,1286],[1266,1279,1280],[1265,1273,1274],[1264,1282,1283],[1262,1263,1394],
[1260,1261,1397],[1258,1259,1400],[1256,1257,1393],[1254,1255,1396],[1252,1253,1399],[1251,1269,1276],[1250,1265,1273],[1249,1264,1282],[1248,1267,1285],[1247,1268,1270],
[1246,1266,1279],[1246,1248,1251],[1247,1249,1250],[1243,1244,1245],[1240,1241,1242],[1237,1238,1239],[1234,1235,1236],[1231,1232,1233],[1228,1229,1230],[1225,1226,1227],
[1222,1223,1224],[1219,1220,1221],[1216,1217,1218],[1213,1214,1215],[1210,1211,1212],[1209,1251,1269],[1208,1247,1268],[1207,1250,1265],[1206,1249,1264],[1205,1246,1266],
[1204,1248,1267],[1246,1251,1276],[1249,1250,1273],[1247,1249,1282],[1246,1248,1279],[1247,1250,1270],[1248,1251,1285],[1203,1252,1253],[1202,1256,1257],[1201,1260,1261],
[1200,1258,1259],[1199,1254,1255],[1198,1262,1263],[1195,1196,1197],[1192,1193,1194],[1189,1190,1191],[1187,1188,1193],[1185,1186,1190],[1183,1184,1194],[1181,1182,1196],
[1179,1180,1197],[1177,1178,1191],[1174,1175,1176],[1171,1172,1173],[1168,1169,1170],[1176,1188,1198],[1172,1186,1199],[1173,1184,1202],[1175,1182,1203],[1170,1178,1201],
[1169,1180,1200],[1165,1166,1167],[1162,1163,1164],[1159,1160,1161],[1156,1157,1158],[1153,1154,1155],[1150,1151,1152],[1149,1293,1299],[1148,1292,1298],[1147,1288,1296],
[1146,1290,1294],[1145,1289,1297],[1144,1291,1295],[1143,1238,1276],[1142,1244,1273],[1141,1235,1279],[1140,1241,1282],[1139,1229,1270],[1138,1232,1285],[1135,1136,1137],
[1132,1133,1134],[1129,1130,1131],[1126,1127,1128],[1123,1124,1125],[1120,1121,1122],[1118,1119,1180],[1116,1117,1188],[1114,1115,1184],[1112,1113,1182],[1110,1111,1178],
[1108,1109,1186],[1107,1238,1276],[1106,1244,1273],[1105,1235,1279],[1104,1241,1282],[1103,1232,1285],[1102,1229,1270],[1101,1143,1238],[1100,1141,1235],[1099,1138,1232],
[1098,1139,1229],[1097,1142,1244],[1096,1140,1241],[1095,1150,1151],[1094,1159,1160],[1093,1162,1163],[1092,1156,1157],[1091,1165,1166],[1090,1153,1154],[1089,1159,1161],
[1088,1156,1158],[1087,1165,1167],[1086,1162,1164],[1085,1150,1152],[1084,1153,1155],[1083,1144,1295],[1082,1146,1294],[1081,1149,1299],[1080,1145,1297],[1079,1147,1296],
[1078,1148,1298],[1077,1147,1288],[1076,1148,1292],[1075,1145,1289],[1074,1146,1290],[1073,1144,1291],[1072,1149,1293],[1187,1192,1193],[1185,1189,1190],[1183,1192,1194],
[1181,1195,1196],[1179,1195,1197],[1177,1189,1191],[1176,1188,1193],[1172,1186,1190],[1173,1184,1194],[1175,1182,1196],[1170,1178,1191],[1169,1180,1197],[1174,1175,1203],
[1174,1176,1198],[1171,1172,1199],[1168,1169,1200],[1168,1170,1201],[1171,1173,1202],[1071,1243,1244],[1070,1240,1241],[1069,1237,1238],[1068,1228,1229],[1067,1234,1235],
[1066,1231,1232],[1065,1210,1211],[1064,1213,1214],[1063,1225,1226],[1062,1222,1223],[1061,1219,1220],[1060,1216,1217],[1059,1202,1256],[1058,1201,1260],[1057,1200,1258],
[1056,1199,1254],[1055,1203,1252],[1054,1198,1262],[1143,1246,1276],[1142,1249,1273],[1140,1247,1282],[1141,1248,1279],[1138,1251,1285],[1139,1250,1270],[1053,1208,1268],
[1052,1207,1265],[1051,1206,1264],[1050,1204,1267],[1049,1209,1269],[1048,1205,1266],[1047,1210,1225],[1046,1213,1216],[1045,1219,1222],[1044,1320,1321],[1043,1319,1323],
[1042,1318,1322],[1039,1040,1041],[1036,1037,1038],[1033,1034,1035],[1030,1031,1032],[1027,1028,1029],[1024,1025,1026],[1034,1037,1189],[1028,1031,1192],[1025,1040,1195],
[1023,1325,1416],[1022,1327,1415],[1021,1329,1419],[1020,1328,1414],[1019,1324,1418],[1018,1326,1417],[1016,1017,1036],[1014,1015,1039],[1012,1013,1024],[1010,1011,1030],
[1008,1009,1033],[1006,1007,1027],[1004,1005,1066],[1002,1003,1070],[1000,1001,1067],[998,999,1071],[996,997,1068],[994,995,1069],[1093,1318,1336],[1094,1323,1348],
[1091,1319,1333],[1095,1322,1345],[1090,1321,1342],[1092,1320,1339],[1127,1366,1369],[1121,1357,1370],[1136,1354,1370],[1133,1351,1371],[1124,1360,1371],[1130,1363,1369],
[1168,1328,1329],[1174,1326,1327],[1171,1324,1325],[993,1184,1202],[992,1186,1199],[991,1188,1198],[990,1182,1203],[989,1180,1200],[988,1178,1201],[1175,1176,1369],
[1169,1170,1370],[1172,1173,1371],[1193,1205,1246],[1190,1204,1248],[1194,1206,1249],[1196,1208,1247],[1191,1207,1250],[1197,1209,1251],[1152,1155,1167],[1158,1161,1164],
[986,987,1003],[984,985,999],[982,983,1001],[980,981,995],[978,979,997],[976,977,1005],[973,974,975],[970,971,972],[967,968,969],[964,965,966],
[961,962,963],[958,959,960],[956,957,1035],[954,955,1038],[952,953,1041],[950,951,1029],[948,949,1026],[946,947,1032],[943,944,945],[940,941,942],
[937,938,939],[934,935,936],[931,932,933],[928,929,930],[927,986,1003],[926,980,995],[925,984,999],[924,982,1001],[923,976,1005],[922,978,997],
[982,983,1079],[978,979,1082],[980,981,1081],[984,985,1083],[976,977,1078],[986,987,1080],[921,1158,1161],[920,1161,1164],[919,1158,1164],[918,1152,1167],
[917,1155,1167],[916,1152,1155],[915,983,1001],[914,977,1005],[913,985,999],[912,987,1003],[911,981,995],[910,979,997],[924,1197,1209],[927,1191,1207],
[923,1193,1205],[925,1196,1208],[922,1194,1206],[926,1190,1204],[909,1000,1067],[908,1004,1066],[907,1002,1070],[906,994,1069],[905,998,1071],[904,996,1068],
[903,1001,1067],[902,1003,1070],[901,999,1071],[900,997,1068],[899,995,1069],[898,1005,1066],[897,1022,1327],[896,1020,1328],[895,1023,1325],[894,1021,1329],
[893,1019,1324],[892,1018,1326],[1016,1017,1409],[1010,1011,1412],[1008,1009,1413],[1014,1015,1411],[1012,1013,1408],[1006,1007,1410],[1127,1175,1369],[1121,1170,1370],
[1136,1169,1370],[1133,1172,1371],[1130,1176,1369],[1124,1173,1371],[1039,1040,1195],[1024,1025,1195],[1036,1037,1189],[1033,1034,1189],[1030,1031,1192],[1027,1028,1192],
[1012,1024,1026],[1014,1039,1041],[1010,1030,1032],[1008,1033,1035],[1016,1036,1038],[1006,1027,1029],[1174,1326,1417],[1174,1327,1415],[1168,1328,1414],[1171,1325,1416],
[1168,1329,1419],[1171,1324,1418],[1042,1095,1322],[1044,1090,1321],[1044,1092,1320],[1043,1094,1323],[1042,1093,1318],[1043,1091,1319],[993,1114,1184],[992,1108,1186],
[990,1112,1182],[989,1118,1180],[991,1116,1188],[988,1110,1178],[1129,1130,1363],[1126,1127,1366],[1120,1121,1357],[1135,1136,1354],[1123,1124,1360],[1132,1133,1351],
[891,1052,1265],[890,1048,1266],[889,1051,1264],[888,1053,1268],[887,1050,1267],[886,1049,1269],[885,1143,1246],[884,1138,1251],[883,1141,1248],[882,1142,1249],
[881,1139,1250],[880,1140,1247],[988,1058,1201],[989,1057,1200],[993,1059,1202],[992,1056,1199],[991,1054,1198],[990,1055,1203],[1046,1060,1216],[1047,1065,1210],
[1047,1063,1225],[1046,1064,1213],[1045,1062,1222],[1045,1061,1219],[879,1181,1195],[878,1179,1195],[877,1185,1189],[876,1177,1189],[875,1183,1192],[874,1187,1192],
[873,1171,1202],[872,1168,1201],[871,1168,1200],[870,1171,1199],[869,1174,1198],[868,1174,1203],[1176,1193,1246],[1172,1190,1248],[1173,1194,1249],[1175,1196,1247],
[1169,1197,1251],[1170,1191,1250],[965,1082,1294],[974,1081,1299],[962,1080,1297],[959,1078,1298],[971,1083,1295],[968,1079,1296],[867,1075,1145],[866,1077,1147],
[865,1072,1149],[864,1074,1146],[863,1073,1144],[862,1076,1148],[861,1084,1155],[860,1089,1161],[859,1088,1158],[858,1087,1167],[857,1086,1164],[856,1085,1152],
[1090,1153,1342],[1095,1150,1345],[1092,1156,1339],[1094,1159,1348],[1091,1165,1333],[1093,1162,1336],[867,1096,1140],[865,1101,1143],[864,1098,1139],[862,1099,1138],
[866,1100,1141],[863,1097,1142],[1066,1103,1232],[1070,1104,1241],[1068,1102,1229],[1069,1107,1238],[1071,1106,1244],[1067,1105,1235],[958,964,1391],[961,973,1390],
[967,970,1392],[867,1404,1521],[862,1407,1522],[863,1405,1520],[864,1406,1519],[866,1403,1524],[865,1402,1523],[864,1392,1477],[865,1392,1478],[867,1391,1474],
[862,1390,1471],[866,1391,1475],[863,1390,1472],[854,855,1330],[852,853,1332],[850,851,1331],[847,848,849],[844,845,846],[841,842,843],[838,839,840],
[835,836,837],[832,833,834],[831,1399,1400],[830,1396,1397],[829,1393,1394],[828,886,1367],[827,888,1355],[826,887,1358],[825,891,1352],[824,889,1364],
[823,890,1361],[822,1387,1388],[821,1378,1379],[820,1375,1376],[819,1372,1373],[818,1381,1382],[817,1384,1385],[816,1387,1389],[815,1381,1383],[814,1378,1380],
[813,1372,1374],[812,1384,1386],[811,1375,1377],[808,809,810],[805,806,807],[802,803,804],[799,800,801],[796,797,798],[793,794,795],[792,1332,1355],
[791,1332,1367],[790,1330,1358],[789,1330,1352],[788,1331,1364],[787,1331,1361],[786,1034,1037],[785,1028,1031],[784,1025,1040],[846,1025,1026],[843,1028,1029],
[840,1040,1041],[849,1031,1032],[834,1037,1038],[837,1034,1035],[1017,1036,1262],[1011,1030,1260],[1007,1027,1258],[1009,1033,1252],[1013,1024,1254],[1015,1039,1256],
[783,1315,1317],[782,1300,1302],[781,1312,1314],[780,1303,1305],[779,1309,1311],[778,1306,1308],[820,1293,1315],[819,1292,1312],[818,1291,1303],[821,1290,1300],
[817,1288,1306],[822,1289,1309],[839,1285,1287],[845,1282,1284],[836,1279,1281],[833,1270,1272],[842,1273,1275],[848,1276,1278],[777,1262,1394],[776,1252,1399],
[775,1258,1400],[774,1260,1397],[773,1254,1396],[772,1256,1393],[1114,1115,1342],[1112,1113,1345],[1108,1109,1339],[1110,1111,1333],[1118,1119,1348],[1116,1117,1336],
[771,1104,1282],[770,1107,1276],[769,1106,1273],[768,1105,1279],[767,1102,1270],[766,1103,1285],[766,895,1389],[770,894,1383],[771,893,1374],[768,892,1380],
[769,896,1377],[767,897,1386],[763,764,765],[760,761,762],[757,758,759],[754,755,756],[751,752,753],[748,749,750],[746,747,901],[744,745,903],
[742,743,902],[740,741,898],[738,739,900],[736,737,899],[734,735,1442],[732,733,1439],[730,731,1445],[728,729,1438],[726,727,1441],[724,725,1444],
[722,723,1402],[720,721,1404],[718,719,1407],[716,717,1405],[714,715,1406],[712,713,1403],[711,1163,1519],[710,1154,1522],[709,1166,1523],[708,1151,1524],
[707,1157,1521],[706,1160,1520],[704,705,756],[702,703,762],[700,701,753],[698,699,759],[696,697,750],[694,695,765],[770,1107,1383],[766,1103,1389],
[768,1105,1380],[771,1104,1374],[767,1102,1386],[769,1106,1377],[846,1111,1333],[849,1109,1339],[834,1115,1342],[843,1113,1345],[837,1119,1348],[840,1117,1336],
[767,833,1270],[768,836,1279],[770,848,1276],[769,842,1273],[766,839,1285],[771,845,1282],[715,820,1315],[717,819,1312],[719,818,1303],[723,821,1300],
[721,817,1306],[713,822,1309],[782,1153,1302],[780,1150,1305],[783,1156,1317],[779,1165,1311],[778,1159,1308],[781,1162,1314],[693,778,1306],[692,782,1300],
[691,783,1315],[690,780,1303],[689,779,1309],[688,781,1312],[727,1036,1262],[735,1030,1260],[733,1033,1252],[731,1039,1256],[729,1024,1254],[725,1027,1258],
[777,1017,1262],[772,1015,1256],[776,1009,1252],[775,1007,1258],[774,1011,1260],[773,1013,1254],[785,860,1028],[784,859,1025],[786,857,1037],[785,858,1031],
[786,856,1034],[784,861,1040],[687,808,809],[686,802,803],[685,796,797],[684,793,794],[683,799,800],[682,805,806],[681,809,810],[680,806,807],
[679,803,804],[678,794,795],[677,797,798],[676,800,801],[675,827,888],[674,826,887],[673,828,886],[672,824,889],[671,825,891],[670,823,890],
[669,821,1378],[668,819,1372],[667,818,1381],[666,822,1387],[665,820,1375],[664,817,1384],[813,1052,1372],[816,1048,1387],[812,1051,1384],[811,1053,1375],
[814,1049,1378],[815,1050,1381],[816,895,1389],[811,896,1377],[813,893,1374],[812,897,1386],[814,892,1380],[815,894,1383],[776,831,1399],[775,831,1400],
[774,830,1397],[777,829,1394],[773,830,1396],[772,829,1393],[844,845,1284],[838,839,1287],[835,836,1281],[847,848,1278],[832,833,1272],[841,842,1275],
[820,1293,1376],[819,1292,1373],[818,1291,1382],[821,1290,1379],[822,1289,1388],[817,1288,1385],[845,846,1025],[839,840,1040],[848,849,1031],[836,837,1034],
[842,843,1028],[833,834,1037],[791,852,1332],[787,850,1331],[788,851,1331],[789,854,1330],[792,853,1332],[790,855,1330],[792,827,1355],[791,828,1367],
[790,826,1358],[789,825,1352],[787,823,1361],[788,824,1364],[867,1404,1474],[862,1407,1471],[863,1405,1472],[864,1406,1477],[865,1402,1478],[866,1403,1475],
[868,910,997],[870,914,1005],[873,912,1003],[869,915,1001],[871,911,995],[872,913,999],[867,1140,1391],[863,1142,1390],[862,1138,1390],[866,1141,1391],
[865,1143,1392],[864,1139,1392],[1114,1153,1342],[1112,1150,1345],[1108,1156,1339],[1118,1159,1348],[1116,1162,1336],[1110,1165,1333],[866,1077,1524],[867,1075,1521],
[865,1072,1523],[864,1074,1519],[862,1076,1522],[863,1073,1520],[663,1047,1065],[662,1047,1063],[661,1046,1064],[660,1046,1060],[659,1045,1062],[658,1045,1061],
[808,990,1055],[793,988,1058],[802,989,1057],[799,993,1059],[796,992,1056],[805,991,1054],[657,886,1269],[656,891,1265],[655,889,1264],[654,888,1268],
[653,890,1266],[652,887,1267],[651,1129,1363],[650,1126,1366],[649,1123,1360],[648,1132,1351],[647,1135,1354],[646,1120,1357],[645,991,1116],[644,993,1114],
[643,990,1112],[642,989,1118],[641,988,1110],[640,992,1108],[821,1042,1095],[818,1043,1091],[822,1044,1090],[820,1043,1094],[819,1044,1092],[817,1042,1093],
[639,1012,1026],[638,1014,1041],[637,1010,1032],[636,1008,1035],[635,1006,1029],[634,1016,1038],[633,1130,1176],[632,1127,1175],[631,1133,1172],[630,1124,1173],
[629,1121,1170],[628,1136,1169],[766,895,1325],[770,894,1329],[771,893,1324],[768,892,1326],[767,897,1327],[769,896,1328],[1016,1287,1409],[1010,1284,1412],
[1006,1281,1410],[1008,1275,1413],[1014,1272,1411],[1012,1278,1408],[627,923,1205],[626,922,1206],[625,924,1209],[624,926,1204],[623,925,1208],[622,927,1207],
[943,944,1373],[940,941,1388],[934,935,1385],[931,932,1376],[937,938,1382],[928,929,1379],[837,956,1035],[843,950,1029],[840,952,1041],[846,948,1026],
[849,946,1032],[834,954,1038],[973,974,1390],[964,965,1391],[958,959,1391],[967,968,1392],[970,971,1392],[961,962,1390],[860,921,1161],[859,919,1158],
[857,920,1164],[858,918,1167],[856,916,1152],[861,917,1155],[965,979,1082],[974,981,1081],[962,987,1080],[959,977,1078],[971,985,1083],[968,983,1079],
[885,1176,1246],[883,1172,1248],[882,1173,1249],[881,1170,1250],[880,1175,1247],[884,1169,1251],[868,1174,1417],[869,1174,1415],[871,1168,1414],[873,1171,1416],
[870,1171,1418],[872,1168,1419],[879,1039,1195],[878,1024,1195],[877,1036,1189],[876,1033,1189],[874,1027,1192],[875,1030,1192],[903,924,1001],[902,927,1003],
[898,923,1005],[899,926,995],[900,922,997],[901,925,999],[908,1066,1103],[907,1070,1104],[904,1068,1102],[906,1069,1107],[909,1067,1105],[905,1071,1106],
[678,679,1452],[680,681,1451],[676,677,1450],[621,853,895],[620,854,892],[619,850,896],[618,852,893],[617,855,897],[616,851,894],[614,615,767],
[612,613,768],[610,611,770],[608,609,769],[606,607,766],[604,605,771],[603,930,945],[602,936,939],[601,933,942],[599,600,1446],[597,598,1440],
[595,596,1443],[786,854,855],[784,852,853],[785,850,851],[802,804,1372],[799,801,1381],[796,798,1384],[793,795,1378],[805,807,1375],[808,810,1387],
[663,1367,1368],[662,1364,1365],[660,1355,1356],[658,1361,1362],[659,1352,1353],[661,1358,1359],[1196,1197,1505],[1193,1194,1506],[1190,1191,1504],[753,1225,1227],
[762,1222,1224],[759,1219,1221],[750,1216,1218],[765,1210,1212],[756,1213,1215],[974,1104,1299],[965,1103,1294],[959,1102,1298],[962,1107,1297],[968,1106,1296],
[971,1105,1295],[740,879,1181],[742,878,1179],[738,877,1185],[744,876,1177],[746,874,1187],[736,875,1183],[594,924,1197],[593,923,1193],[592,925,1196],
[591,922,1194],[590,926,1190],[589,927,1191],[588,974,975],[587,962,963],[586,965,966],[585,968,969],[584,971,972],[583,959,960],[845,883,1300],
[839,882,1315],[848,881,1306],[836,880,1312],[833,885,1303],[842,884,1309],[771,1073,1209],[768,1072,1207],[766,1077,1208],[770,1076,1206],[767,1075,1204],
[769,1074,1205],[585,1017,1436],[588,1007,1435],[587,1015,1434],[586,1009,1433],[584,1011,1432],[583,1013,1437],[581,582,1012],[579,580,1014],[577,578,1010],
[575,576,1008],[573,574,1006],[571,572,1016],[569,570,755],[567,568,752],[565,566,758],[563,564,764],[561,562,749],[559,560,761],[558,571,572],
[557,581,582],[556,573,574],[555,579,580],[554,577,578],[553,575,576],[552,572,1016],[551,578,1010],[550,574,1006],[549,576,1008],[548,582,1012],
[547,580,1014],[546,1007,1435],[545,1015,1434],[544,1009,1433],[543,1017,1436],[542,1013,1437],[541,1011,1432],[588,975,1435],[587,963,1434],[586,966,1433],
[585,969,1436],[583,960,1437],[584,972,1432],[540,746,1187],[539,744,1177],[538,740,1181],[537,736,1183],[536,742,1179],[535,738,1185],[534,746,874],
[533,736,875],[532,744,876],[531,738,877],[530,742,878],[529,740,879],[587,962,1107],[588,974,1104],[586,965,1103],[584,971,1105],[583,959,1102],
[585,968,1106],[528,756,1213],[527,750,1216],[526,753,1225],[525,759,1219],[524,762,1222],[523,765,1210],[589,1191,1504],[594,1197,1505],[593,1193,1506],
[592,1196,1505],[591,1194,1506],[590,1190,1504],[522,661,1359],[521,663,1368],[520,658,1362],[519,659,1353],[518,662,1365],[517,660,1356],[516,795,1378],
[515,807,1375],[514,804,1372],[513,801,1381],[512,810,1387],[511,798,1384],[760,786,855],[754,786,854],[763,784,853],[757,785,851],[748,784,852],
[751,785,850],[510,601,942],[509,602,936],[508,601,933],[507,603,945],[506,603,930],[505,602,939],[504,599,1446],[503,600,1446],[502,595,1443],
[501,596,1443],[500,597,1440],[499,598,1440],[614,767,1075],[612,768,1072],[610,770,1076],[608,769,1074],[606,766,1077],[604,771,1073],[498,763,764],
[497,760,761],[496,751,752],[495,754,755],[494,748,749],[493,757,758],[744,903,1425],[742,902,1424],[746,901,1420],[740,898,1421],[736,899,1422],
[738,900,1423],[700,753,1227],[702,762,1224],[698,759,1221],[696,750,1218],[694,765,1212],[704,756,1215],[908,1103,1294],[907,1104,1299],[904,1102,1298],
[906,1107,1297],[905,1106,1296],[909,1105,1295],[594,903,924],[589,902,927],[592,901,925],[593,898,923],[590,899,926],[591,900,922],[492,875,1030],
[491,877,1036],[490,876,1033],[489,879,1039],[488,874,1027],[487,878,1024],[947,965,979],[955,974,981],[957,962,987],[951,959,977],[949,968,983],
[953,971,985],[625,1073,1209],[622,1072,1207],[623,1077,1208],[626,1076,1206],[627,1074,1205],[624,1075,1204],[766,1208,1325],[770,1206,1329],[771,1209,1324],
[768,1207,1326],[769,1205,1328],[767,1204,1327],[581,639,1012],[579,638,1014],[577,637,1010],[575,636,1008],[571,634,1016],[573,635,1006],[486,644,993],
[485,643,990],[484,642,989],[483,641,988],[482,640,992],[481,645,991],[650,913,1126],[647,915,1135],[651,914,1129],[648,911,1132],[649,910,1123],
[646,912,1120],[663,1065,1367],[662,1063,1364],[660,1060,1355],[661,1064,1358],[658,1061,1361],[659,1062,1352],[480,787,823],[479,792,827],[478,791,828],
[477,789,825],[476,788,824],[475,790,826],[619,787,850],[620,789,854],[617,790,855],[618,791,852],[616,788,851],[621,792,853],[842,884,1028],
[845,883,1025],[833,885,1037],[839,882,1040],[836,880,1034],[848,881,1031],[775,831,1286],[776,831,1283],[772,829,1274],[774,830,1271],[777,829,1277],
[773,830,1280],[621,816,895],[619,811,896],[618,813,893],[617,812,897],[616,815,894],[620,814,892],[805,1053,1375],[802,1052,1372],[796,1051,1384],
[793,1049,1378],[808,1048,1387],[799,1050,1381],[681,809,1451],[676,800,1450],[677,797,1450],[679,803,1452],[678,794,1452],[680,806,1451],[585,777,1017],
[587,772,1015],[586,776,1009],[588,775,1007],[583,773,1013],[584,774,1011],[690,833,1303],[688,836,1312],[693,848,1306],[689,842,1309],[692,845,1300],
[691,839,1315],[719,885,1303],[723,883,1300],[715,882,1315],[721,881,1306],[713,884,1309],[717,880,1312],[615,767,833],[613,768,836],[611,770,848],
[609,769,842],[605,771,845],[607,766,839],[474,1107,1383],[473,1104,1374],[472,1103,1389],[471,1105,1380],[470,1106,1377],[469,1102,1386],[633,885,1176],
[632,880,1175],[631,883,1172],[630,882,1173],[628,884,1169],[629,881,1170],[1077,1151,1524],[1075,1157,1521],[1072,1166,1523],[1074,1163,1519],[1073,1160,1520],
[1076,1154,1522],[965,1140,1391],[962,1142,1390],[968,1143,1392],[974,1138,1390],[971,1139,1392],[959,1141,1391],[868,910,1417],[870,914,1418],[869,915,1415],
[871,911,1414],[873,912,1416],[872,913,1419],[722,1402,1478],[720,1404,1474],[718,1407,1471],[716,1405,1472],[712,1403,1475],[714,1406,1477],[940,1289,1388],
[934,1288,1385],[931,1293,1376],[943,1292,1373],[937,1291,1382],[928,1290,1379],[844,1284,1412],[835,1281,1410],[838,1287,1409],[847,1278,1408],[832,1272,1411],
[841,1275,1413],[655,672,889],[657,673,886],[653,670,890],[656,671,891],[652,674,887],[654,675,888],[669,821,1095],[667,818,1091],[666,822,1090],
[665,820,1094],[664,817,1093],[668,819,1092],[687,808,990],[684,793,988],[686,802,989],[682,805,991],[683,799,993],[685,796,992],[860,921,1028],
[859,919,1025],[857,920,1037],[858,918,1031],[856,916,1034],[861,917,1040],[734,735,1260],[732,733,1252],[730,731,1256],[728,729,1254],[724,725,1258],
[726,727,1262],[782,1114,1153],[780,1112,1150],[779,1110,1165],[783,1108,1156],[778,1118,1159],[781,1116,1162],[843,950,1345],[840,952,1336],[834,954,1342],
[846,948,1333],[837,956,1348],[849,946,1339],[468,596,906],[467,599,908],[466,598,907],[465,595,904],[464,600,905],[463,597,909],[993,1424,1503],
[990,1423,1501],[988,1420,1502],[989,1422,1503],[991,1425,1502],[992,1421,1501],[462,1425,1507],[461,1424,1507],[460,1423,1508],[459,1422,1508],[458,1421,1509],
[457,1420,1509],[455,456,1507],[453,454,1509],[451,452,1508],[581,1417,1486],[579,1414,1495],[577,1415,1492],[575,1418,1483],[573,1416,1489],[571,1419,1498],
[816,1098,1123],[811,1100,1135],[813,1101,1132],[812,1099,1129],[815,1096,1120],[814,1097,1126],[450,747,777],[449,745,774],[448,741,776],[447,739,773],
[446,737,772],[445,743,775],[485,823,998],[481,827,1004],[483,828,1002],[484,825,1000],[482,824,994],[486,826,996],[562,1407,1523],[570,1406,1520],
[560,1403,1522],[566,1405,1521],[564,1404,1519],[568,1402,1524],[1310,1397,1398],[1313,1394,1395],[1307,1400,1401],[1304,1399,1401],[1301,1393,1395],[1316,1396,1398],
[443,444,1395],[441,442,1398],[439,440,1401],[438,1481,1504],[437,1481,1505],[436,1480,1506],[435,1480,1505],[434,1482,1506],[433,1482,1504],[432,1417,1487],
[431,1418,1484],[430,1416,1490],[429,1414,1496],[428,1419,1499],[427,1415,1493],[426,1411,1412],[425,1408,1409],[424,1409,1410],[423,1408,1410],[422,1411,1413],
[421,1412,1413],[420,1431,1468],[419,1430,1465],[418,1429,1462],[417,1428,1456],[416,1426,1459],[415,1427,1453],[678,679,1046],[676,677,1045],[680,681,1047],
[597,598,603],[595,596,602],[599,600,601],[650,1348,1350],[647,1345,1347],[651,1342,1344],[646,1339,1341],[648,1333,1335],[649,1336,1338],[702,1004,1005],
[698,1002,1003],[700,1000,1001],[704,998,999],[696,994,995],[694,996,997],[585,1023,1416],[587,1022,1415],[586,1020,1414],[583,1021,1419],[588,1018,1417],
[584,1019,1418],[414,1313,1314],[413,1304,1305],[412,1307,1308],[411,1310,1311],[410,1301,1302],[409,1316,1317],[532,1135,1137],[530,1120,1122],[531,1123,1125],
[533,1132,1134],[529,1129,1131],[534,1126,1128],[408,1053,1208],[407,1052,1207],[406,1051,1206],[405,1050,1204],[404,1048,1205],[403,1049,1209],[402,1058,1260],
[401,1059,1256],[400,1056,1254],[399,1057,1258],[398,1054,1262],[397,1055,1252],[655,1083,1144],[654,1080,1145],[657,1078,1148],[653,1081,1149],[652,1079,1147],
[656,1082,1146],[660,1073,1291],[661,1072,1293],[663,1077,1288],[658,1076,1292],[662,1074,1290],[659,1075,1289],[415,1084,1153],[417,1087,1165],[420,1088,1156],
[419,1086,1162],[416,1089,1159],[418,1085,1150],[558,763,765],[557,757,759],[556,754,756],[553,751,753],[555,760,762],[554,748,750],[397,746,747],
[399,744,745],[398,740,741],[401,738,739],[400,736,737],[402,742,743],[396,745,903],[395,743,902],[394,747,901],[393,741,898],[392,737,899],
[391,739,900],[719,826,1407],[723,828,1402],[721,824,1404],[713,823,1403],[715,827,1406],[717,825,1405],[390,709,1523],[389,708,1524],[388,707,1521],
[387,711,1519],[386,706,1520],[385,710,1522],[534,941,1388],[533,935,1385],[532,944,1373],[531,938,1382],[530,929,1379],[529,932,1376],[655,1016,1287],
[652,1010,1284],[654,1006,1281],[657,1008,1275],[656,1012,1278],[653,1014,1272],[603,645,1116],[602,643,1112],[602,642,1118],[603,644,1114],[601,641,1110],
[601,640,1108],[656,1265,1401],[655,1264,1398],[654,1268,1395],[657,1269,1398],[652,1267,1395],[653,1266,1401],[497,793,1058],[498,802,1057],[496,799,1059],
[495,796,1056],[494,808,1055],[493,805,1054],[401,661,1046],[398,660,1046],[402,663,1047],[400,662,1047],[399,659,1045],[397,658,1045],[384,870,1005],
[383,873,1003],[382,869,1001],[381,871,995],[380,868,997],[379,872,999],[674,806,826],[673,797,828],[672,794,824],[675,800,827],[670,803,823],
[671,809,825],[433,669,1378],[435,668,1372],[436,667,1381],[437,666,1387],[438,664,1384],[434,665,1375],[378,786,857],[377,785,860],[376,784,861],
[375,785,858],[374,784,859],[373,786,856],[432,735,1030],[430,733,1033],[429,727,1036],[431,725,1027],[428,731,1039],[427,729,1024],[787,1153,1302],
[789,1156,1317],[790,1165,1311],[791,1150,1305],[788,1162,1314],[792,1159,1308],[928,937,940],[931,934,943],[1302,1305,1311],[1308,1314,1317],[372,377,860],
[371,373,856],[370,375,858],[369,376,861],[368,374,859],[367,378,857],[384,870,1467],[383,873,1458],[382,869,1461],[381,871,1470],[379,872,1464],
[380,868,1455],[366,497,793],[365,498,802],[364,496,799],[363,495,796],[362,493,805],[361,494,808],[360,389,708],[359,388,707],[358,390,709],
[357,387,711],[356,385,710],[355,386,706],[806,826,1407],[797,828,1402],[794,824,1404],[800,827,1406],[809,825,1405],[803,823,1403],[354,394,747],
[353,391,739],[352,396,745],[352,395,743],[354,393,741],[353,392,737],[415,787,1153],[420,789,1156],[417,790,1165],[418,791,1150],[416,792,1159],
[419,788,1162],[655,1144,1287],[652,1147,1284],[656,1146,1278],[654,1145,1281],[653,1149,1272],[657,1148,1275],[398,660,1054],[401,661,1059],[402,663,1058],
[397,658,1055],[400,662,1056],[399,659,1057],[534,941,1128],[529,932,1131],[533,935,1134],[532,944,1137],[531,938,1125],[530,929,1122],[413,1302,1305],
[412,1308,1317],[410,1302,1311],[411,1305,1311],[414,1308,1314],[409,1314,1317],[384,702,1005],[383,698,1003],[382,700,1001],[380,694,997],[381,696,995],
[379,704,999],[595,602,1112],[600,601,1110],[597,603,1116],[596,602,1118],[599,601,1108],[598,603,1114],[401,679,1046],[398,678,1046],[402,680,1047],
[400,681,1047],[397,677,1045],[399,676,1045],[424,514,1409],[422,513,1413],[426,516,1411],[425,515,1408],[423,511,1410],[421,512,1412],[417,435,1428],
[416,433,1426],[420,436,1431],[419,437,1430],[415,438,1427],[418,434,1429],[431,725,1484],[428,731,1499],[432,735,1487],[430,733,1490],[427,729,1493],
[429,727,1496],[434,665,1482],[433,669,1482],[438,664,1481],[437,666,1481],[435,668,1480],[436,667,1480],[441,655,1398],[443,652,1395],[444,654,1395],
[439,656,1401],[440,653,1401],[442,657,1398],[1269,1316,1398],[1268,1301,1395],[1267,1313,1395],[1266,1307,1401],[1265,1304,1401],[1264,1310,1398],[388,566,1521],
[390,562,1523],[386,570,1520],[385,560,1522],[389,568,1524],[387,564,1519],[486,719,826],[483,723,828],[481,715,827],[484,717,825],[482,721,824],
[485,713,823],[397,450,747],[399,449,745],[398,448,741],[401,447,739],[402,445,743],[400,446,737],[420,1088,1468],[419,1086,1465],[418,1085,1462],
[417,1087,1456],[415,1084,1453],[416,1089,1459],[531,1098,1123],[532,1100,1135],[533,1101,1132],[530,1096,1120],[529,1099,1129],[534,1097,1126],[414,1313,1394],
[412,1307,1400],[413,1304,1399],[411,1310,1397],[409,1316,1396],[410,1301,1393],[577,587,1415],[581,588,1417],[579,586,1414],[573,585,1416],[571,583,1419],
[575,584,1418],[455,462,1507],[456,461,1507],[451,460,1508],[452,459,1508],[453,457,1509],[454,458,1509],[498,763,1057],[497,760,1058],[496,751,1059],
[495,754,1056],[493,757,1054],[494,748,1055],[462,903,1425],[461,902,1424],[457,901,1420],[458,898,1421],[460,900,1423],[459,899,1422],[650,956,1348],
[647,950,1345],[646,946,1339],[648,948,1333],[649,952,1336],[651,954,1342],[351,782,1114],[350,783,1108],[349,780,1112],[348,779,1110],[347,781,1116],
[346,778,1118],[397,732,1252],[402,734,1260],[399,724,1258],[398,726,1262],[401,730,1256],[400,728,1254],[683,993,1503],[687,990,1501],[684,988,1502],
[686,989,1503],[685,992,1501],[682,991,1502],[345,669,1095],[344,665,1094],[343,668,1092],[342,666,1090],[341,667,1091],[340,664,1093],[655,672,1083],
[657,673,1078],[653,670,1081],[656,671,1082],[654,675,1080],[652,674,1079],[426,844,1412],[424,835,1410],[425,838,1409],[423,847,1408],[421,841,1413],
[422,832,1411],[931,934,1288],[934,943,1292],[928,940,1290],[928,937,1291],[931,943,1293],[937,940,1289],[714,1456,1477],[720,1462,1474],[718,1459,1471],
[716,1453,1472],[722,1465,1478],[712,1468,1475],[428,913,1419],[427,915,1415],[432,910,1417],[431,914,1418],[429,911,1414],[430,912,1416],[585,777,1023],
[587,772,1022],[586,776,1020],[588,775,1018],[584,774,1019],[583,773,1021],[673,797,1450],[671,809,1451],[674,806,1451],[672,794,1452],[670,803,1452],
[675,800,1450],[403,793,1049],[407,802,1052],[408,805,1053],[406,796,1051],[405,799,1050],[404,808,1048],[621,816,1098],[619,811,1100],[618,813,1101],
[617,812,1099],[620,814,1097],[616,815,1096],[747,777,1277],[745,774,1271],[743,775,1286],[739,773,1280],[741,776,1283],[737,772,1274],[619,787,1302],
[620,789,1317],[617,790,1311],[618,791,1305],[621,792,1308],[616,788,1314],[479,827,1004],[478,828,1002],[477,825,1000],[480,823,998],[475,826,996],
[476,824,994],[344,1065,1367],[342,1063,1364],[343,1064,1358],[345,1060,1355],[340,1061,1361],[341,1062,1352],[650,913,1350],[647,915,1347],[649,910,1338],
[651,914,1344],[646,912,1341],[648,911,1335],[481,991,1425],[486,993,1424],[485,990,1423],[484,989,1422],[482,992,1421],[483,988,1420],[581,639,1486],
[579,638,1495],[577,637,1492],[575,636,1483],[573,635,1489],[571,634,1498],[404,1205,1328],[406,1206,1329],[405,1204,1327],[408,1208,1325],[403,1209,1324],
[407,1207,1326],[625,660,1073],[622,661,1072],[623,663,1077],[626,658,1076],[624,659,1075],[627,662,1074],[427,487,1024],[430,490,1033],[432,492,1030],
[428,489,1039],[431,488,1027],[429,491,1036],[396,594,903],[395,589,902],[394,592,901],[393,593,898],[392,590,899],[391,591,900],[599,908,1294],
[598,907,1299],[595,904,1298],[596,906,1297],[597,909,1295],[600,905,1296],[704,998,1215],[702,1004,1224],[698,1002,1221],[700,1000,1227],[694,996,1212],
[696,994,1218],[510,601,641],[508,601,640],[507,603,645],[505,602,643],[509,602,642],[506,603,644],[467,504,599],[468,501,596],[464,503,600],
[466,499,598],[463,500,597],[465,502,595],[378,760,786],[373,754,786],[376,763,784],[375,757,785],[377,751,785],[374,748,784],[433,516,1378],
[435,514,1372],[436,513,1381],[438,511,1384],[434,515,1375],[437,512,1387],[521,663,1288],[520,658,1292],[518,662,1290],[519,659,1289],[517,660,1291],
[522,661,1293],[438,589,1504],[437,594,1505],[436,593,1506],[435,592,1505],[433,590,1504],[434,591,1506],[528,556,756],[524,555,762],[525,557,759],
[526,553,753],[527,554,750],[523,558,765],[534,746,1388],[533,736,1385],[532,744,1373],[531,738,1382],[529,740,1376],[530,742,1379],[397,540,746],
[402,536,742],[399,539,744],[398,538,740],[401,535,738],[400,537,736],[339,963,1434],[338,966,1433],[337,969,1436],[336,975,1435],[335,972,1432],
[334,960,1437],[552,655,1016],[551,652,1010],[550,654,1006],[549,657,1008],[548,656,1012],[547,653,1014],[557,581,757],[556,573,754],[555,579,760],
[553,575,751],[554,577,748],[558,571,763],[333,546,1007],[332,541,1011],[331,543,1017],[330,542,1013],[329,544,1009],[328,545,1015],[561,562,1407],
[569,570,1406],[559,560,1403],[565,566,1405],[567,568,1402],[563,564,1404],[633,719,885],[631,723,883],[630,715,882],[629,721,881],[632,717,880],
[628,713,884],[615,690,833],[613,688,836],[611,693,848],[609,689,842],[607,691,839],[605,692,845],[884,921,1028],[883,919,1025],[885,920,1037],
[881,918,1031],[882,917,1040],[880,916,1034],[955,974,1138],[947,965,1140],[953,971,1139],[957,962,1142],[951,959,1141],[949,968,1143],[612,1072,1166],
[608,1074,1163],[604,1073,1160],[606,1077,1151],[610,1076,1154],[614,1075,1157],[474,587,1107],[473,588,1104],[472,586,1103],[470,585,1106],[469,583,1102],
[471,584,1105],[327,1450,1451],[326,1451,1452],[325,1450,1452],[323,324,1479],[321,322,1473],[319,320,1476],[387,1482,1516],[390,1482,1517],[388,1481,1510],
[386,1480,1513],[385,1480,1514],[389,1481,1511],[639,1474,1476],[638,1471,1473],[637,1478,1479],[636,1475,1476],[635,1472,1473],[634,1477,1479],[354,1444,1445],
[352,1438,1439],[353,1441,1442],[318,1447,1448],[317,1447,1449],[316,1448,1449],[315,369,672],[314,371,675],[313,367,670],[312,370,671],[311,372,673],
[310,368,674],[358,1444,1446],[359,1445,1446],[360,1441,1443],[357,1439,1440],[356,1438,1440],[355,1442,1443],[309,1499,1500],[308,1484,1485],[307,1487,1488],
[306,1493,1494],[305,1496,1497],[304,1490,1491],[558,1468,1470],[556,1465,1467],[555,1462,1464],[557,1459,1461],[554,1453,1455],[553,1456,1458],[541,1469,1470],
[545,1466,1467],[543,1454,1455],[544,1460,1461],[546,1463,1464],[542,1457,1458],[1125,1435,1436],[1122,1436,1437],[1128,1435,1437],[1134,1432,1433],[1131,1432,1434],
[1137,1433,1434],[451,452,831],[455,456,829],[453,454,830],[461,812,1129],[462,816,1123],[460,811,1135],[457,813,1132],[459,814,1126],[458,815,1120],
[446,559,772],[445,569,775],[450,563,777],[449,561,774],[448,567,776],[447,565,773],[339,485,998],[336,481,1004],[338,483,1002],[334,484,1000],
[335,486,996],[337,482,994],[967,970,1502],[958,964,1501],[961,973,1503],[886,1245,1367],[888,1236,1355],[887,1242,1358],[891,1239,1352],[890,1230,1361],
[889,1233,1364],[700,1328,1512],[698,1329,1512],[702,1327,1515],[694,1325,1518],[696,1324,1518],[704,1326,1515],[1295,1304,1494],[1299,1316,1491],[1298,1313,1488],
[1297,1310,1497],[1294,1301,1485],[1296,1307,1500],[687,1166,1167],[686,1163,1164],[685,1160,1161],[684,1154,1155],[682,1157,1158],[683,1151,1152],[303,1269,1277],
[302,1268,1271],[301,1267,1286],[300,1266,1280],[299,1264,1283],[298,1265,1274],[1244,1245,1476],[1241,1242,1479],[1238,1239,1476],[1235,1236,1473],[1229,1230,1473],
[1232,1233,1479],[1223,1240,1242],[1217,1243,1245],[1214,1237,1239],[1211,1234,1236],[1226,1228,1230],[1220,1231,1233],[507,1220,1221],[506,1226,1227],[510,1223,1224],
[505,1217,1218],[509,1211,1212],[508,1214,1215],[982,1079,1484],[978,1082,1499],[986,1080,1487],[984,1083,1490],[980,1081,1493],[976,1078,1496],[917,982,1167],
[921,978,1158],[919,984,1164],[920,986,1161],[916,980,1155],[918,976,1152],[318,914,977],[318,913,985],[317,912,987],[317,915,983],[316,910,979],
[316,911,981],[297,867,1096],[296,865,1101],[295,864,1098],[294,862,1099],[293,866,1100],[292,863,1097],[732,865,1149],[726,867,1145],[724,864,1146],
[734,862,1148],[730,866,1147],[728,863,1144],[291,884,1138],[290,885,1143],[289,881,1139],[288,882,1142],[287,883,1141],[286,880,1140],[285,906,994],
[284,909,1000],[283,908,1004],[282,904,996],[281,905,998],[280,907,1002],[426,903,1067],[424,902,1070],[425,901,1071],[423,900,1068],[421,898,1066],
[422,899,1069],[897,1022,1245],[896,1020,1242],[894,1021,1236],[893,1019,1230],[895,1023,1239],[892,1018,1233],[279,1017,1409],[278,1013,1408],[277,1009,1413],
[276,1011,1412],[275,1007,1410],[274,1015,1411],[510,957,1035],[508,955,1038],[507,951,1029],[505,953,1041],[509,949,1026],[506,947,1032],[669,956,957],
[666,952,953],[665,950,951],[668,948,949],[664,954,955],[667,946,947],[285,943,945],[282,940,942],[283,934,936],[284,931,933],[280,937,939],
[281,928,930],[498,619,764],[494,620,749],[497,616,761],[496,621,752],[493,617,758],[495,618,755],[690,740,1421],[688,746,1420],[693,742,1424],
[689,744,1425],[692,736,1422],[691,738,1423],[831,946,1286],[831,954,1283],[829,948,1274],[830,950,1271],[830,952,1280],[829,956,1277],[307,480,787],
[306,479,792],[309,478,791],[304,475,790],[308,476,788],[305,477,789],[547,914,1129],[550,913,1126],[552,910,1123],[548,912,1120],[551,911,1132],
[549,915,1135],[273,485,643],[272,484,642],[271,486,644],[270,483,641],[269,481,645],[268,482,640],[267,953,985],[266,947,979],[265,949,983],
[264,955,981],[263,957,987],[262,951,977],[369,492,875],[371,489,879],[368,491,877],[367,488,874],[372,487,878],[370,490,876],[427,510,942],
[430,509,936],[432,508,933],[428,507,945],[431,505,939],[429,506,930],[272,504,1446],[271,503,1446],[270,502,1443],[269,501,1443],[273,499,1440],
[268,500,1440],[396,760,855],[391,754,854],[395,763,853],[394,757,851],[392,751,850],[393,748,852],[514,804,1485],[515,807,1497],[511,798,1494],
[513,801,1500],[516,795,1488],[512,810,1491],[426,528,1213],[424,527,1216],[425,526,1225],[423,524,1222],[421,523,1210],[422,525,1219],[530,556,878],
[533,555,875],[531,557,877],[529,553,879],[532,554,876],[534,558,874],[504,556,574],[501,558,572],[500,557,582],[503,555,580],[499,553,576],
[502,554,578],[261,546,1435],[260,543,1436],[259,541,1432],[258,545,1434],[257,544,1433],[256,542,1437],[255,563,764],[254,561,749],[253,565,758],
[252,559,761],[251,567,752],[250,569,755],[249,944,1144],[248,941,1147],[247,932,1146],[246,935,1145],[245,929,1149],[244,938,1148],[243,267,985],
[242,262,977],[241,266,979],[240,264,981],[239,265,983],[238,263,987],[237,270,641],[236,269,645],[235,273,643],[234,271,644],[233,268,640],
[232,272,642],[271,486,503],[270,483,502],[269,481,501],[272,484,504],[268,482,500],[273,485,499],[255,619,764],[254,620,749],[253,617,758],
[252,616,761],[250,618,755],[251,621,752],[285,428,945],[282,427,942],[283,430,936],[284,432,933],[281,429,930],[280,431,939],[262,665,951],
[263,669,957],[267,666,953],[264,664,955],[266,667,947],[265,668,949],[426,528,1067],[424,527,1070],[425,526,1071],[423,524,1068],[422,525,1069],
[421,523,1066],[285,906,943],[284,909,931],[283,908,934],[282,904,940],[280,907,937],[281,905,928],[248,730,1147],[247,724,1146],[245,732,1149],
[244,734,1148],[246,726,1145],[249,728,1144],[294,734,862],[297,726,867],[296,732,865],[295,724,864],[293,730,866],[292,728,863],[318,547,914],
[318,550,913],[316,551,911],[317,548,912],[317,549,915],[316,552,910],[917,982,1484],[921,978,1499],[920,986,1487],[918,976,1496],[919,984,1490],
[916,980,1493],[509,1026,1212],[505,1041,1218],[506,1032,1227],[510,1035,1224],[508,1038,1215],[507,1029,1221],[892,1220,1233],[896,1223,1242],[893,1226,1230],
[897,1217,1245],[895,1214,1239],[894,1211,1236],[510,1223,1240],[509,1211,1234],[508,1214,1237],[507,1220,1231],[506,1226,1228],[505,1217,1243],[687,982,1167],
[686,984,1164],[685,986,1161],[684,980,1155],[683,976,1152],[682,978,1158],[810,1316,1491],[804,1301,1485],[795,1313,1488],[801,1307,1500],[807,1310,1497],
[798,1304,1494],[886,1022,1245],[888,1021,1236],[887,1020,1242],[891,1023,1239],[889,1018,1233],[890,1019,1230],[255,450,563],[254,449,561],[253,447,565],
[252,446,559],[250,445,569],[251,448,567],[462,552,1123],[461,547,1129],[457,551,1132],[459,550,1126],[460,549,1135],[458,548,1120],[456,829,956],
[451,831,946],[453,830,952],[454,830,950],[452,831,954],[455,829,948],[259,541,1469],[260,543,1454],[258,545,1466],[261,546,1463],[256,542,1457],
[257,544,1460],[261,1125,1435],[256,1128,1437],[259,1131,1432],[260,1122,1436],[258,1137,1434],[257,1134,1433],[502,554,1453],[499,553,1456],[501,558,1468],
[504,556,1465],[503,555,1462],[500,557,1459],[555,875,1464],[557,877,1461],[558,874,1470],[556,878,1467],[553,879,1458],[554,876,1455],[308,514,1485],
[305,515,1497],[309,513,1500],[307,516,1488],[304,512,1491],[306,511,1494],[269,360,1443],[273,357,1440],[271,359,1446],[268,356,1440],[270,355,1443],
[272,358,1446],[372,487,673],[370,490,671],[369,492,672],[371,489,675],[368,491,674],[367,488,670],[308,476,1484],[309,478,1499],[307,480,1487],
[306,479,1493],[305,477,1496],[304,475,1490],[318,977,1447],[318,985,1448],[317,987,1447],[316,981,1448],[316,979,1449],[317,983,1449],[636,1238,1476],
[638,1235,1473],[637,1232,1479],[635,1229,1473],[634,1241,1479],[639,1244,1476],[319,1245,1476],[323,1242,1479],[324,1233,1479],[320,1239,1476],[321,1236,1473],
[322,1230,1473],[612,687,1166],[608,686,1163],[604,685,1160],[606,683,1151],[614,682,1157],[610,684,1154],[288,957,1142],[291,955,1138],[289,953,1139],
[286,947,1140],[290,949,1143],[287,951,1141],[287,883,919],[291,884,921],[290,885,920],[289,881,918],[286,880,916],[288,882,917],[615,690,1421],
[613,688,1420],[611,693,1424],[609,689,1425],[605,692,1422],[607,691,1423],[275,333,1007],[278,330,1013],[279,331,1017],[274,328,1015],[277,329,1009],
[276,332,1011],[393,577,748],[394,581,757],[396,579,760],[391,573,754],[392,575,751],[395,571,763],[338,1137,1433],[335,1134,1432],[339,1131,1434],
[337,1125,1436],[334,1122,1437],[336,1128,1435],[688,746,1388],[692,736,1385],[689,744,1373],[691,738,1382],[693,742,1379],[690,740,1376],[528,530,556],
[524,533,555],[525,531,557],[526,529,553],[523,534,558],[527,532,554],[231,437,594],[230,433,590],[229,435,592],[228,438,589],[227,434,591],
[226,436,593],[467,504,574],[468,501,572],[463,500,582],[464,503,580],[465,502,578],[466,499,576],[510,641,957],[508,640,955],[507,645,951],
[505,643,953],[506,644,947],[509,642,949],[339,998,1215],[336,1004,1224],[338,1002,1221],[334,1000,1227],[337,994,1218],[335,996,1212],[600,1296,1500],
[598,1299,1491],[595,1298,1488],[596,1297,1497],[597,1295,1494],[599,1294,1485],[391,591,854],[396,594,855],[395,589,853],[394,592,851],[393,593,852],
[392,590,850],[427,487,510],[430,490,509],[432,492,508],[428,489,507],[429,491,506],[431,488,505],[404,700,1328],[406,698,1329],[405,702,1327],
[407,704,1326],[408,694,1325],[403,696,1324],[639,1474,1486],[638,1471,1495],[637,1478,1492],[636,1475,1483],[634,1477,1498],[635,1472,1489],[337,482,1421],
[338,483,1420],[335,486,1424],[334,484,1422],[339,485,1423],[336,481,1425],[344,1245,1367],[342,1233,1364],[345,1236,1355],[343,1242,1358],[341,1239,1352],
[340,1230,1361],[282,475,996],[280,478,1002],[283,479,1004],[284,477,1000],[285,476,994],[281,480,998],[303,747,1277],[302,745,1271],[301,743,1286],
[300,739,1280],[298,737,1274],[299,741,1283],[495,618,1101],[498,619,1100],[493,617,1099],[496,621,1098],[497,616,1096],[494,620,1097],[327,673,1450],
[327,671,1451],[326,672,1452],[325,675,1450],[326,674,1451],[325,670,1452],[561,774,1019],[563,777,1023],[565,773,1021],[559,772,1022],[567,776,1020],
[569,775,1018],[426,844,1213],[424,835,1216],[425,838,1225],[423,847,1222],[422,832,1219],[421,841,1210],[315,672,1083],[310,674,1079],[312,671,1082],
[314,675,1080],[311,673,1078],[313,670,1081],[345,669,956],[341,667,946],[342,666,952],[344,665,950],[343,668,948],[340,664,954],[687,964,1501],
[686,973,1503],[684,970,1502],[683,961,1503],[682,967,1502],[685,958,1501],[646,946,1286],[651,954,1283],[648,948,1274],[647,950,1271],[650,956,1277],
[649,952,1280],[426,462,903],[422,459,899],[424,461,902],[425,457,901],[423,460,900],[421,458,898],[453,457,813],[455,462,816],[456,461,812],
[451,460,811],[454,458,815],[452,459,814],[225,414,1394],[224,411,1397],[223,412,1400],[222,410,1393],[221,409,1396],[220,413,1399],[297,530,1096],
[296,533,1101],[295,531,1098],[294,529,1099],[292,534,1097],[293,532,1100],[387,564,1516],[390,562,1517],[389,568,1511],[388,566,1510],[385,560,1514],
[386,570,1513],[303,1269,1316],[302,1268,1301],[301,1267,1313],[300,1266,1307],[299,1264,1310],[298,1265,1304],[387,665,1482],[390,669,1482],[389,666,1481],
[388,664,1481],[385,667,1480],[386,668,1480],[733,1083,1490],[725,1079,1484],[731,1082,1499],[735,1080,1487],[727,1078,1496],[729,1081,1493],[279,514,1409],
[274,516,1411],[278,515,1408],[277,513,1413],[276,512,1412],[275,511,1410],[381,696,1518],[384,702,1515],[382,700,1512],[383,698,1512],[379,704,1515],
[380,694,1518],[244,938,1125],[248,941,1128],[247,932,1131],[249,944,1137],[245,929,1122],[246,935,1134],[944,1144,1287],[941,1147,1284],[932,1146,1278],
[935,1145,1281],[938,1148,1275],[929,1149,1272],[308,419,788],[306,416,792],[305,420,789],[307,415,787],[304,417,790],[309,418,791],[353,391,1442],
[354,394,1445],[354,393,1444],[352,396,1438],[353,392,1441],[352,395,1439],[359,388,1445],[358,390,1444],[360,389,1441],[357,387,1439],[355,386,1442],
[356,385,1438],[544,869,1461],[545,870,1467],[542,873,1458],[541,871,1470],[543,868,1455],[546,872,1464],[369,376,875],[368,374,877],[372,377,878],
[370,375,876],[367,378,874],[371,373,879],[375,757,1054],[378,760,1058],[374,748,1055],[376,763,1057],[377,751,1059],[373,754,1056],[428,913,1350],
[427,915,1347],[430,912,1341],[432,910,1338],[429,911,1335],[431,914,1344],[522,943,1293],[521,931,1288],[520,934,1292],[518,940,1290],[519,937,1289],
[517,928,1291],[397,540,732],[402,536,734],[399,539,724],[398,538,726],[400,537,728],[401,535,730],[474,577,587],[473,581,588],[472,579,586],
[470,573,585],[471,575,584],[469,571,583],[718,1089,1459],[720,1085,1462],[712,1088,1468],[722,1086,1465],[716,1084,1453],[714,1087,1456],[486,633,719],
[483,631,723],[481,630,715],[482,629,721],[485,628,713],[484,632,717],[441,552,655],[440,547,653],[443,551,652],[444,550,654],[442,549,657],
[439,548,656],[435,514,1428],[436,513,1431],[433,516,1426],[434,515,1429],[437,512,1430],[438,511,1427],[401,447,679],[402,445,680],[397,450,677],
[400,446,681],[399,449,676],[398,448,678],[351,598,1114],[349,595,1112],[348,600,1110],[347,597,1116],[346,596,1118],[350,599,1108],[413,619,1302],
[412,620,1317],[410,617,1311],[411,618,1305],[409,616,1314],[414,621,1308],[625,660,1054],[622,661,1059],[623,663,1058],[626,658,1055],[624,659,1057],
[627,662,1056],[565,809,1405],[559,803,1403],[567,797,1402],[561,806,1407],[563,794,1404],[569,800,1406],[366,403,793],[365,407,802],[363,406,796],
[362,408,805],[361,404,808],[364,405,799],[218,219,318],[216,217,316],[214,215,317],[281,283,1530],[282,285,1529],[280,284,1528],[213,308,309],
[212,304,306],[211,305,307],[209,210,1042],[207,208,1043],[205,206,1044],[204,209,679],[203,205,680],[202,207,677],[201,208,681],[200,210,676],
[199,206,678],[197,198,327],[195,196,326],[193,194,325],[354,1528,1529],[353,1528,1530],[352,1529,1530],[333,1516,1518],[330,1513,1515],[331,1510,1512],
[328,1511,1512],[329,1517,1518],[332,1514,1515],[192,1525,1526],[191,1526,1527],[190,1525,1527],[189,1388,1389],[188,1379,1380],[188,1376,1377],[189,1385,1386],
[187,1373,1374],[187,1382,1383],[359,1428,1457],[356,1430,1466],[355,1429,1463],[358,1431,1469],[360,1426,1460],[357,1427,1454],[186,854,892],[185,850,896],
[184,852,893],[183,851,894],[182,855,897],[181,853,895],[936,939,1527],[933,942,1526],[930,945,1525],[1019,1349,1350],[1023,1346,1347],[1021,1343,1344],
[1022,1340,1341],[1020,1337,1338],[1018,1334,1335],[180,1210,1225],[179,1219,1222],[178,1213,1216],[188,1320,1321],[187,1318,1322],[189,1319,1323],[177,1286,1287],
[176,1283,1284],[175,1277,1278],[174,1280,1281],[173,1271,1272],[172,1274,1275],[1263,1394,1469],[1261,1397,1454],[1259,1400,1466],[1257,1393,1463],[1253,1399,1457],
[1255,1396,1460],[1111,1130,1131],[1115,1136,1137],[1113,1133,1134],[1109,1127,1128],[1117,1121,1122],[1119,1124,1125],[171,1069,1237],[170,1068,1228],[169,1071,1243],
[168,1070,1240],[167,1066,1231],[166,1067,1234],[711,1060,1217],[709,1065,1211],[708,1061,1220],[706,1062,1223],[707,1063,1226],[710,1064,1214],[535,1094,1160],
[540,1092,1157],[536,1093,1163],[538,1091,1166],[539,1090,1154],[537,1095,1151],[165,1101,1238],[164,1100,1235],[163,1099,1232],[162,1098,1229],[161,1096,1241],
[160,1097,1244],[159,755,756],[158,761,762],[157,752,753],[156,764,765],[155,749,750],[154,758,759],[153,734,1442],[152,732,1439],[151,730,1445],
[150,724,1444],[149,728,1438],[148,726,1441],[366,731,1445],[365,727,1441],[364,733,1439],[363,725,1444],[361,735,1442],[362,729,1438],[379,722,723],
[382,714,715],[383,718,719],[384,720,721],[380,712,713],[381,716,717],[147,711,1163],[146,709,1166],[145,710,1154],[144,708,1151],[143,707,1157],
[142,706,1160],[236,705,756],[235,703,762],[237,701,753],[233,695,765],[234,697,750],[232,699,759],[141,700,701],[140,698,699],[139,696,697],
[138,702,703],[137,694,695],[136,704,705],[251,639,1026],[250,638,1041],[255,637,1032],[253,636,1035],[254,634,1038],[252,635,1029],[135,821,1042],
[134,818,1043],[133,822,1044],[132,819,1044],[131,817,1042],[130,820,1043],[360,651,1363],[357,650,1366],[359,649,1360],[356,648,1351],[355,646,1357],
[358,647,1354],[718,813,1052],[720,816,1048],[712,812,1051],[722,811,1053],[716,815,1050],[714,814,1049],[216,687,809],[217,686,803],[218,685,797],
[215,683,800],[214,682,806],[219,684,794],[129,681,810],[128,676,801],[127,679,804],[126,678,795],[125,680,807],[124,677,798],[123,719,818],
[122,723,821],[121,717,819],[120,713,822],[119,715,820],[118,721,817],[846,1111,1516],[834,1115,1513],[843,1113,1510],[849,1109,1511],[840,1117,1517],
[837,1119,1514],[157,333,546],[159,329,544],[158,331,543],[155,330,542],[156,328,545],[154,332,541],[198,339,963],[195,338,966],[197,337,969],
[194,334,960],[193,335,972],[196,336,975],[117,344,1065],[116,342,1063],[115,343,1064],[114,345,1060],[113,341,1062],[112,340,1061],[111,1462,1474],
[110,1459,1471],[109,1465,1478],[108,1468,1475],[107,1453,1472],[106,1456,1477],[105,344,1094],[104,342,1090],[103,343,1092],[102,341,1091],[101,345,1095],
[100,340,1093],[349,780,1064],[351,782,1065],[350,783,1060],[348,779,1061],[346,778,1063],[347,781,1062],[105,424,514],[104,422,513],[102,426,516],
[100,425,515],[101,421,512],[103,423,511],[417,435,1237],[419,437,1228],[416,433,1243],[415,438,1231],[420,436,1240],[418,434,1234],[99,354,747],
[98,352,745],[97,352,743],[96,353,739],[95,353,737],[94,354,741],[357,699,711],[360,697,708],[359,705,707],[358,703,709],[355,695,706],
[356,701,710],[366,497,1527],[365,498,1526],[363,495,1525],[361,494,1525],[364,496,1526],[362,493,1527],[93,384,1467],[92,383,1458],[91,381,1470],
[90,379,1464],[89,380,1455],[88,382,1461],[572,574,582],[576,578,580],[87,129,546],[86,128,543],[85,127,544],[84,126,542],[83,125,545],
[82,124,541],[88,91,93],[89,90,92],[89,90,1464],[88,93,1467],[90,92,1458],[88,91,1461],[89,92,1455],[91,93,1470],[116,346,1063],
[115,349,1064],[117,351,1065],[114,350,1060],[112,348,1061],[113,347,1062],[105,117,344],[104,116,342],[103,115,343],[102,113,341],[100,112,340],
[101,114,345],[129,157,546],[128,158,543],[127,159,544],[126,155,542],[124,154,541],[125,156,545],[87,129,810],[85,127,804],[84,126,795],
[86,128,801],[82,124,798],[83,125,807],[121,132,819],[122,135,821],[120,133,822],[118,131,817],[119,130,820],[123,134,818],[141,701,710],
[140,699,711],[139,697,708],[138,703,709],[136,705,707],[137,695,706],[92,383,718],[93,384,720],[89,380,712],[90,379,722],[88,382,714],
[91,381,716],[121,381,717],[118,384,721],[123,383,719],[122,379,723],[120,380,713],[119,382,715],[159,329,755],[157,333,752],[154,332,758],
[156,328,764],[158,331,761],[155,330,749],[159,236,756],[158,235,762],[157,237,753],[156,233,765],[154,232,759],[155,234,750],[105,535,1094],
[103,540,1092],[102,538,1091],[101,537,1095],[100,536,1093],[104,539,1090],[147,536,1163],[145,539,1154],[144,537,1151],[146,538,1166],[142,535,1160],
[143,540,1157],[709,782,1065],[711,783,1060],[708,779,1061],[706,781,1062],[710,780,1064],[707,778,1063],[147,711,1217],[146,709,1211],[144,708,1220],
[145,710,1214],[142,706,1223],[143,707,1226],[170,419,1228],[171,417,1237],[169,416,1243],[167,415,1231],[166,418,1234],[168,420,1240],[1111,1130,1516],
[1115,1136,1513],[1113,1133,1510],[1109,1127,1511],[1119,1124,1514],[1117,1121,1517],[363,945,1525],[364,942,1526],[366,939,1527],[365,933,1526],[361,930,1525],
[362,936,1527],[358,703,1469],[357,699,1454],[356,701,1466],[355,695,1463],[360,697,1460],[359,705,1457],[357,1366,1427],[360,1363,1426],[359,1360,1428],
[356,1351,1430],[358,1354,1431],[355,1357,1429],[187,1322,1383],[189,1319,1389],[188,1321,1380],[188,1320,1377],[189,1323,1386],[187,1318,1374],[192,495,1525],
[191,498,1526],[190,493,1527],[192,496,1526],[190,494,1525],[191,497,1527],[94,354,1529],[99,354,1528],[95,353,1528],[98,352,1530],[97,352,1529],
[96,353,1530],[197,327,969],[198,327,963],[195,326,966],[193,325,972],[194,325,960],[196,326,975],[127,204,679],[125,203,680],[124,202,677],
[129,201,681],[126,199,678],[128,200,676],[131,209,1042],[132,205,1044],[130,207,1043],[134,208,1043],[133,206,1044],[135,210,1042],[216,612,687],
[217,608,686],[218,604,685],[215,606,683],[219,610,684],[214,614,682],[364,405,733],[363,406,725],[366,403,731],[365,407,727],[362,408,729],
[361,404,735],[214,561,806],[219,563,794],[216,565,809],[217,559,803],[215,569,800],[218,567,797],[209,447,679],[205,445,680],[207,450,677],
[208,446,681],[206,448,678],[210,449,676],[105,514,1428],[104,513,1431],[102,516,1426],[100,515,1429],[103,511,1427],[101,512,1430],[718,1052,1089],
[720,1048,1085],[712,1051,1088],[722,1053,1086],[714,1049,1087],[716,1050,1084],[84,542,873],[87,546,872],[82,541,871],[83,545,870],[86,543,868],
[85,544,869],[364,387,1439],[363,390,1444],[365,389,1441],[366,388,1445],[361,386,1442],[362,385,1438],[150,393,1444],[151,394,1445],[149,396,1438],
[153,391,1442],[152,395,1439],[148,392,1441],[213,308,419],[213,309,418],[212,304,417],[212,306,416],[211,307,415],[211,305,420],[177,944,1287],
[176,941,1284],[175,932,1278],[174,935,1281],[172,938,1275],[173,929,1272],[333,381,1518],[330,384,1515],[331,382,1512],[328,383,1512],[329,380,1518],
[332,379,1515],[564,846,1516],[568,849,1511],[566,843,1510],[560,837,1514],[570,834,1513],[562,840,1517],[225,1394,1469],[224,1397,1454],[223,1400,1466],
[222,1393,1463],[221,1396,1460],[220,1399,1457],[453,718,813],[455,720,816],[456,712,812],[451,722,811],[452,714,814],[454,716,815],[102,426,462],
[105,424,461],[100,425,457],[104,422,459],[101,421,458],[103,423,460],[177,646,1286],[176,651,1283],[175,650,1277],[174,649,1280],[172,648,1274],
[173,647,1271],[180,841,1210],[179,832,1219],[178,844,1213],[178,835,1216],[179,847,1222],[180,838,1225],[561,1019,1349],[563,1023,1346],[565,1021,1343],
[559,1022,1340],[569,1018,1334],[567,1020,1337],[165,495,1101],[164,498,1100],[163,493,1099],[162,496,1098],[160,494,1097],[161,497,1096],[99,303,747],
[98,302,745],[97,301,743],[96,300,739],[94,299,741],[95,298,737],[281,480,1530],[283,479,1530],[282,475,1529],[284,477,1528],[280,478,1528],
[285,476,1529],[111,1474,1486],[110,1471,1495],[109,1478,1492],[108,1475,1483],[107,1472,1489],[106,1477,1498],[141,404,700],[140,406,698],[138,405,702],
[139,403,696],[136,407,704],[137,408,694],[182,594,855],[185,590,850],[186,591,854],[183,592,851],[184,593,852],[181,589,853],[193,335,1212],
[197,337,1218],[194,334,1227],[196,336,1224],[195,338,1221],[198,339,1215],[467,572,574],[466,576,578],[464,576,580],[465,578,580],[468,572,582],
[463,574,582],[226,436,1240],[227,434,1234],[229,435,1237],[228,438,1231],[230,433,1243],[231,437,1228],[189,688,1388],[189,692,1385],[187,689,1373],
[187,691,1382],[188,690,1376],[188,693,1379],[337,1119,1125],[338,1115,1137],[335,1113,1134],[339,1111,1131],[336,1109,1128],[334,1117,1122],[275,333,1516],
[278,330,1513],[279,331,1510],[274,328,1511],[276,332,1514],[277,329,1517],[81,288,917],[80,291,921],[79,287,919],[78,286,916],[77,290,920],
[76,289,918],[165,636,1238],[164,638,1235],[163,637,1232],[162,635,1229],[160,639,1244],[161,634,1241],[269,360,651],[273,357,650],[271,359,649],
[268,356,648],[272,358,647],[270,355,646],[111,503,1462],[107,502,1453],[106,499,1456],[108,501,1468],[109,504,1465],[110,500,1459],[259,1263,1469],
[260,1261,1454],[258,1259,1466],[261,1257,1463],[257,1255,1460],[256,1253,1457],[253,447,636],[250,445,638],[255,450,637],[252,446,635],[251,448,639],
[254,449,634],[891,1023,1347],[890,1019,1350],[889,1018,1335],[887,1020,1338],[886,1022,1341],[888,1021,1344],[182,897,1217],[183,894,1211],[186,892,1220],
[185,896,1223],[181,895,1214],[184,893,1226],[251,1026,1212],[250,1041,1218],[255,1032,1227],[253,1035,1224],[252,1029,1221],[254,1038,1215],[218,318,550],
[219,318,547],[216,316,551],[214,317,548],[215,317,549],[217,316,552],[148,297,726],[152,296,732],[153,294,734],[149,292,728],[150,295,724],
[151,293,730],[167,523,1066],[171,525,1069],[166,528,1067],[168,527,1070],[170,524,1068],[169,526,1071],[237,641,701],[236,645,705],[235,643,703],
[232,642,699],[234,644,697],[233,640,695],[375,625,1054],[376,624,1057],[377,622,1059],[378,623,1058],[373,627,1056],[374,626,1055],[315,733,1083],
[310,725,1079],[312,731,1082],[311,727,1078],[313,729,1081],[314,735,1080],[346,596,1497],[347,597,1494],[351,598,1491],[350,599,1485],[349,595,1488],
[348,600,1500],[297,528,530],[296,524,533],[295,525,531],[294,526,529],[293,527,532],[292,523,534],[393,474,577],[394,473,581],[396,472,579],
[391,470,573],[395,469,571],[392,471,575],[337,615,1421],[338,613,1420],[335,611,1424],[339,607,1423],[336,609,1425],[334,605,1422],[288,641,957],
[287,645,951],[291,640,955],[289,643,953],[290,642,949],[286,644,947],[321,345,1236],[320,341,1239],[319,344,1245],[322,340,1230],[324,342,1233],
[323,343,1242],[327,487,673],[327,490,671],[326,492,672],[325,489,675],[325,488,670],[326,491,674],[279,308,514],[278,305,515],[277,309,513],
[274,307,516],[275,306,511],[276,304,512],[376,875,1464],[377,878,1467],[373,879,1458],[374,877,1461],[375,876,1455],[378,874,1470],[249,258,1137],
[244,261,1125],[248,256,1128],[247,259,1131],[246,257,1134],[245,260,1122],[345,456,956],[341,451,946],[340,452,954],[342,453,952],[343,455,948],
[344,454,950],[441,462,552],[440,461,547],[443,457,551],[444,459,550],[439,458,548],[442,460,549],[303,810,1316],[302,804,1301],[301,795,1313],
[300,801,1307],[298,798,1304],[299,807,1310],[685,958,986],[687,964,982],[686,973,984],[684,970,980],[682,967,978],[683,961,976],[487,510,1240],
[490,509,1234],[492,508,1237],[489,507,1231],[488,505,1243],[491,506,1228],[476,917,1484],[475,919,1490],[478,921,1499],[480,920,1487],[479,916,1493],
[477,918,1496],[245,540,732],[244,536,734],[247,539,724],[246,538,726],[248,535,730],[249,537,728],[522,906,943],[521,909,931],[520,908,934],
[518,904,940],[517,905,928],[519,907,937],[262,387,665],[263,390,669],[267,389,666],[264,388,664],[265,386,668],[266,385,667],[285,428,1350],
[282,427,1347],[283,430,1341],[284,432,1338],[280,431,1344],[281,429,1335],[253,410,617],[252,409,616],[255,413,619],[254,412,620],[251,414,621],
[250,411,618],[486,503,633],[483,502,631],[485,499,628],[481,501,630],[484,504,632],[482,500,629],[239,983,1449],[241,979,1449],[242,977,1447],
[238,987,1447],[240,981,1448],[243,985,1448],[213,247,248],[211,244,246],[212,245,249],[180,218,219],[178,214,215],[179,216,217],[75,281,283],
[74,280,284],[73,282,285],[190,308,309],[192,305,307],[191,304,306],[209,210,1449],[205,206,1447],[207,208,1448],[204,209,523],[203,205,525],
[202,207,528],[201,208,527],[199,206,524],[200,210,526],[189,197,198],[187,193,194],[188,195,196],[132,1498,1500],[135,1495,1497],[133,1492,1494],
[131,1489,1491],[134,1483,1485],[130,1486,1488],[86,468,906],[87,467,908],[82,465,904],[85,466,907],[84,463,909],[83,464,905],[72,844,846],
[71,841,843],[70,832,834],[69,847,849],[68,835,837],[67,838,840],[148,1366,1368],[152,1363,1365],[153,1354,1356],[149,1360,1362],[151,1351,1353],
[150,1357,1359],[159,1323,1349],[158,1321,1343],[156,1318,1337],[154,1320,1340],[157,1322,1346],[155,1319,1334],[346,1202,1257],[347,1201,1261],[351,1200,1259],
[349,1199,1255],[350,1203,1253],[348,1198,1263],[927,986,1263],[923,976,1261],[922,978,1259],[924,982,1257],[925,984,1255],[926,980,1253],[159,861,1084],
[158,860,1089],[157,859,1088],[156,858,1087],[154,856,1085],[155,857,1086],[66,873,1202],[65,872,1201],[64,871,1200],[63,870,1199],[62,868,1203],
[61,869,1198],[60,891,1052],[59,890,1048],[58,889,1051],[57,888,1053],[56,887,1050],[55,886,1049],[54,944,945],[53,941,942],[52,932,933],
[51,938,939],[50,929,930],[49,935,936],[48,474,1383],[47,472,1389],[46,471,1380],[45,470,1377],[44,473,1374],[43,469,1386],[522,841,1359],
[521,832,1368],[520,844,1362],[517,847,1356],[518,835,1365],[519,838,1353],[111,539,1177],[110,540,1187],[109,535,1185],[107,538,1181],[108,536,1179],
[106,537,1183],[42,550,574],[41,551,578],[40,547,580],[39,552,572],[38,548,582],[37,549,576],[99,570,755],[98,568,752],[97,566,758],
[95,562,749],[96,564,764],[94,560,761],[222,410,626],[223,412,625],[221,409,624],[224,411,622],[220,413,623],[225,414,627],[231,468,594],
[230,467,590],[227,466,591],[229,465,592],[226,463,593],[228,464,589],[202,234,271],[204,237,270],[203,235,273],[199,232,272],[200,233,268],
[201,236,269],[243,267,410],[242,262,412],[239,265,409],[238,263,413],[240,264,414],[241,266,411],[138,139,141],[136,137,140],[469,470,473],
[471,472,474],[202,203,204],[199,200,201],[202,204,234],[203,204,237],[202,203,235],[200,201,233],[199,200,232],[199,201,236],[264,414,627],
[267,410,626],[262,412,625],[265,409,624],[266,411,622],[263,413,623],[46,471,474],[48,472,474],[43,469,473],[47,471,472],[45,469,470],
[44,470,473],[66,346,1202],[65,347,1201],[64,351,1200],[63,349,1199],[61,348,1198],[62,350,1203],[158,860,1343],[154,856,1340],[156,858,1337],
[159,861,1349],[157,859,1346],[155,857,1334],[71,841,1359],[70,832,1368],[72,844,1362],[69,847,1356],[68,835,1365],[67,838,1353],[87,230,467],
[85,227,466],[84,226,463],[86,231,468],[83,228,464],[82,229,465],[180,218,604],[179,217,608],[178,214,614],[178,215,606],[180,219,610],
[179,216,612],[209,239,1449],[210,241,1449],[205,242,1447],[208,243,1448],[207,240,1448],[206,238,1447],[240,251,414],[241,250,411],[238,255,413],
[243,253,410],[242,254,412],[239,252,409],[73,282,1347],[73,285,1350],[75,283,1341],[75,281,1335],[74,280,1344],[74,284,1338],[86,522,906],
[84,521,909],[87,520,908],[82,518,904],[85,519,907],[83,517,905],[958,986,1263],[964,982,1257],[973,984,1255],[970,980,1253],[961,976,1261],
[967,978,1259],[213,247,259],[212,245,260],[212,249,258],[211,244,261],[211,246,257],[213,248,256],[192,274,307],[191,276,304],[190,277,309],
[192,278,305],[191,275,306],[190,279,308],[209,292,523],[205,295,525],[207,297,528],[208,293,527],[210,294,526],[206,296,524],[132,348,1500],
[135,346,1497],[133,347,1494],[131,351,1491],[130,349,1488],[134,350,1485],[223,375,625],[221,376,624],[224,377,622],[222,374,626],[220,378,623],
[225,373,627],[167,204,523],[171,203,525],[166,202,528],[168,201,527],[169,200,526],[170,199,524],[148,297,1368],[152,296,1365],[153,294,1356],
[149,292,1362],[151,293,1353],[150,295,1359],[38,214,548],[40,219,547],[42,218,550],[41,216,551],[37,215,549],[39,217,552],[60,891,1347],
[59,890,1350],[55,886,1341],[58,889,1335],[57,888,1344],[56,887,1338],[259,927,1263],[260,923,1261],[258,922,1259],[261,924,1257],[256,926,1253],
[257,925,1255],[188,196,693],[189,198,692],[189,197,688],[187,193,689],[188,195,690],[187,194,691],[38,468,582],[39,467,572],[42,463,574],
[41,466,578],[37,464,576],[40,465,580],[182,468,594],[185,467,590],[186,466,591],[183,465,592],[181,464,589],[184,463,593],[138,139,405],
[137,140,406],[138,141,404],[139,141,403],[136,137,408],[136,140,407],[106,1183,1498],[111,1177,1486],[110,1187,1495],[109,1185,1492],[108,1179,1483],
[107,1181,1489],[99,303,570],[98,302,568],[96,300,564],[97,301,566],[95,298,562],[94,299,560],[180,522,841],[179,521,832],[178,520,844],
[178,518,835],[180,519,838],[179,517,847],[72,564,846],[69,568,849],[71,566,843],[68,560,837],[67,562,840],[70,570,834],[54,177,944],
[53,176,941],[50,173,929],[52,175,932],[49,174,935],[51,172,938],[62,86,868],[66,84,873],[65,87,872],[64,82,871],[61,85,869],
[63,83,870],[60,1052,1089],[59,1048,1085],[58,1051,1088],[57,1053,1086],[56,1050,1084],[55,1049,1087],[127,204,270],[125,203,273],[124,202,271],
[126,199,272],[129,201,269],[128,200,268],[48,1322,1383],[47,1319,1389],[46,1321,1380],[45,1320,1377],[44,1318,1374],[43,1323,1386],[148,1366,1427],
[152,1363,1426],[149,1360,1428],[151,1351,1430],[150,1357,1429],[153,1354,1431],[53,364,942],[54,363,945],[51,366,939],[52,365,933],[49,362,936],
[50,361,930],[102,107,538],[105,109,535],[100,108,536],[103,110,540],[101,106,537],[104,111,539],[159,236,1084],[158,235,1089],[157,237,1088],
[156,233,1087],[155,234,1086],[154,232,1085],[99,329,755],[98,333,752],[97,332,758],[95,330,749],[94,331,761],[96,328,764],[121,132,1498],
[119,130,1486],[122,135,1495],[120,133,1492],[123,134,1483],[118,131,1489],[129,157,1322],[126,155,1319],[127,159,1323],[128,158,1321],[125,156,1318],
[124,154,1320],[112,348,1263],[115,349,1255],[114,350,1253],[116,346,1257],[117,351,1259],[113,347,1261],[324,342,453],[323,343,455],[321,345,456],
[320,341,451],[319,344,454],[322,340,452],[289,643,703],[290,642,699],[288,641,701],[287,645,705],[291,640,695],[286,644,697],[111,503,633],
[107,502,631],[106,499,628],[108,501,630],[110,500,629],[109,504,632],[165,447,636],[164,445,638],[163,450,637],[162,446,635],[161,449,634],
[160,448,639],[81,476,917],[79,475,919],[77,480,920],[80,478,921],[76,477,918],[78,479,916],[337,615,1119],[338,613,1115],[335,611,1113],
[339,607,1111],[334,605,1117],[336,609,1109],[226,487,1240],[227,490,1234],[229,492,1237],[228,489,1231],[231,491,1228],[230,488,1243],[193,251,1212],
[197,250,1218],[194,255,1227],[196,253,1224],[198,254,1215],[195,252,1221],[177,270,646],[176,269,651],[175,273,650],[174,271,649],[173,272,647],
[172,268,648],[102,441,462],[105,440,461],[100,443,457],[104,444,459],[103,442,460],[101,439,458],[150,393,474],[151,394,473],[149,396,472],
[153,391,470],[148,392,471],[152,395,469],[262,364,387],[263,363,390],[267,365,389],[264,366,388],[266,362,385],[265,361,386],[214,561,1349],
[219,563,1346],[216,565,1343],[217,559,1340],[218,567,1337],[215,569,1334],[315,405,733],[310,406,725],[312,403,731],[311,407,727],[314,404,735],
[313,408,729],[131,209,447],[132,205,445],[130,207,450],[134,208,446],[135,210,449],[133,206,448],[327,487,969],[327,490,963],[326,492,966],
[325,489,972],[326,491,975],[325,488,960],[94,475,1529],[99,477,1528],[95,478,1528],[98,480,1530],[96,479,1530],[97,476,1529],[165,192,495],
[164,191,498],[163,190,493],[162,192,496],[161,191,497],[160,190,494],[225,703,1469],[224,699,1454],[223,701,1466],[222,695,1463],[220,705,1457],
[221,697,1460],[275,1130,1516],[278,1136,1513],[279,1133,1510],[274,1127,1511],[277,1121,1517],[276,1124,1514],[170,213,419],[171,212,417],[169,212,416],
[167,211,415],[168,211,420],[166,213,418],[144,186,1220],[145,181,1214],[147,182,1217],[146,183,1211],[143,184,1226],[142,185,1223],[145,247,539],
[142,248,535],[143,245,540],[147,244,536],[144,249,537],[146,246,538],[120,329,380],[121,333,381],[122,332,379],[118,330,384],[119,331,382],
[123,328,383],[92,453,718],[93,455,720],[89,456,712],[90,451,722],[91,454,716],[88,452,714],[136,707,778],[138,709,782],[140,711,783],
[139,708,779],[137,706,781],[141,710,780],[87,303,810],[85,302,804],[84,301,795],[86,300,801],[83,299,807],[82,298,798],[103,115,1427],
[102,113,1426],[105,117,1428],[104,116,1431],[101,114,1430],[100,112,1429],[89,376,1464],[88,377,1467],[90,373,1458],[91,374,1461],[93,378,1470],
[92,375,1455],[75,247,248],[74,245,249],[73,244,246],[311,372,633],[310,368,628],[314,371,629],[315,369,632],[313,367,631],[312,370,630],
[186,1119,1180],[184,1111,1178],[181,1117,1188],[182,1115,1184],[183,1109,1186],[185,1113,1182],[36,627,923],[35,626,922],[34,625,924],[33,624,926],
[32,622,927],[31,623,925],[30,632,1127],[29,628,1136],[28,633,1130],[27,629,1121],[26,630,1124],[25,631,1133],[24,693,778],[23,692,782],
[22,689,779],[21,688,781],[20,691,783],[19,690,780],[54,372,860],[53,371,856],[50,370,858],[52,367,857],[49,368,859],[51,369,861],
[78,286,1359],[81,288,1368],[80,291,1365],[79,287,1356],[76,289,1362],[77,290,1353],[28,372,633],[27,371,629],[26,370,630],[25,367,631],
[30,369,632],[29,368,628],[24,136,778],[22,139,779],[21,137,781],[23,138,782],[19,141,780],[20,140,783],[73,147,244],[73,146,246],
[75,145,247],[75,142,248],[74,144,249],[74,143,245],[144,186,1180],[145,181,1188],[147,182,1184],[146,183,1186],[142,185,1182],[143,184,1178],
[30,274,1127],[26,276,1124],[27,277,1121],[29,278,1136],[25,279,1133],[28,275,1130],[186,615,1119],[182,613,1115],[185,611,1113],[184,607,1111],
[183,609,1109],[181,605,1117],[107,313,631],[111,311,633],[108,312,630],[106,310,628],[109,315,632],[110,314,629],[54,177,372],[53,176,371],
[50,173,370],[52,175,367],[51,172,369],[49,174,368],[22,193,689],[21,197,688],[20,194,691],[24,196,693],[19,195,690],[23,198,692],
[32,259,927],[36,260,923],[35,258,922],[34,261,924],[31,257,925],[33,256,926],[81,297,1368],[80,296,1365],[79,294,1356],[76,292,1362],
[78,295,1359],[77,293,1353],[72,289,1362],[71,286,1359],[70,288,1368],[67,290,1353],[69,287,1356],[68,291,1365],[54,860,1343],[53,856,1340],
[51,861,1349],[50,858,1337],[52,857,1334],[49,859,1346],[34,262,625],[36,264,627],[35,267,626],[33,265,624],[31,263,623],[32,266,622],
[229,492,966],[226,487,969],[227,490,963],[228,489,972],[230,488,960],[231,491,975],[76,99,477],[81,97,476],[78,96,479],[79,94,475],
[80,95,478],[77,98,480],[131,165,447],[132,164,445],[130,163,450],[134,162,446],[133,160,448],[135,161,449],[225,289,703],[221,286,697],
[224,290,699],[223,288,701],[220,287,705],[222,291,695],[92,324,453],[93,323,455],[89,321,456],[90,320,451],[88,322,452],[91,319,454],
[99,120,329],[98,121,333],[97,122,332],[95,118,330],[96,123,328],[94,119,331],[102,107,441],[104,111,444],[105,109,440],[100,108,443],
[101,106,439],[103,110,442],[53,262,364],[54,263,363],[51,264,366],[52,267,365],[50,265,361],[49,266,362],[112,150,1429],[115,148,1427],
[114,151,1430],[113,152,1426],[116,153,1431],[117,149,1428],[43,127,1323],[48,129,1322],[47,126,1319],[44,125,1318],[46,128,1321],[45,124,1320],
[127,177,270],[129,176,269],[126,173,272],[125,175,273],[128,172,268],[124,174,271],[57,234,1086],[58,237,1088],[60,235,1089],[55,233,1087],
[56,236,1084],[59,232,1085],[180,522,604],[179,521,608],[178,520,614],[178,518,606],[179,517,612],[180,519,610],[70,303,570],[69,302,568],
[72,300,564],[71,301,566],[68,299,560],[67,298,562],[121,1183,1498],[119,1177,1486],[122,1187,1495],[120,1185,1492],[118,1181,1489],[123,1179,1483],
[136,313,408],[139,315,405],[137,310,406],[141,312,403],[140,311,407],[138,314,404],[38,182,468],[39,185,467],[42,184,463],[41,186,466],
[40,183,465],[37,181,464],[41,216,1343],[39,217,1340],[38,214,1349],[42,218,1337],[37,215,1334],[40,219,1346],[92,223,375],[93,220,378],
[89,221,376],[88,224,377],[90,225,373],[91,222,374],[165,192,274],[164,191,276],[163,190,277],[162,192,278],[160,190,279],[161,191,275],
[170,213,259],[171,212,260],[169,212,258],[167,211,261],[166,213,256],[168,211,257],[112,958,1263],[115,973,1255],[114,970,1253],[113,961,1261],
[116,964,1257],[117,967,1259],[62,86,522],[66,84,521],[65,87,520],[64,82,518],[63,83,517],[61,85,519],[60,73,1347],[59,73,1350],
[55,75,1341],[58,75,1335],[56,74,1338],[57,74,1344],[193,240,251],[197,241,250],[194,238,255],[196,243,253],[195,239,252],[198,242,254],
[209,239,292],[210,241,294],[205,242,295],[206,238,296],[207,240,297],[208,243,293],[87,230,303],[85,227,302],[86,231,300],[84,226,301],
[82,229,298],[83,228,299],[66,135,346],[65,133,347],[64,131,351],[63,130,349],[62,134,350],[61,132,348],[46,150,474],[47,148,471],
[43,151,473],[45,152,469],[44,153,470],[48,149,472],[167,204,234],[171,203,237],[166,202,235],[168,201,233],[170,199,236],[169,200,232],
[18,1183,1184],[17,1179,1180],[16,1177,1178],[15,1187,1188],[14,1181,1182],[13,1185,1186],[12,958,960],[11,973,975],[10,970,972],[9,964,966],
[8,961,963],[7,967,969],[12,230,960],[8,227,963],[11,231,975],[7,226,969],[10,228,972],[9,229,966],[12,112,958],[11,115,973],
[10,114,970],[8,113,961],[7,117,967],[9,116,964],[18,121,1183],[13,120,1185],[15,122,1187],[16,119,1177],[14,118,1181],[17,123,1179],
[18,147,1184],[17,144,1180],[13,146,1186],[15,145,1188],[16,143,1178],[14,142,1182],[70,230,303],[69,227,302],[72,231,300],[71,226,301],
[68,228,299],[67,229,298],[62,522,604],[66,521,608],[65,520,614],[64,518,606],[61,519,610],[63,517,612],[57,167,234],[58,171,237],
[60,166,235],[55,168,233],[59,169,232],[56,170,236],[43,127,177],[48,129,176],[47,126,173],[44,125,175],[45,124,174],[46,128,172],
[46,112,150],[47,115,148],[43,114,151],[45,113,152],[48,117,149],[44,116,153],[92,223,324],[93,220,323],[90,225,320],[89,221,321],
[91,222,319],[88,224,322],[64,131,165],[61,132,164],[63,130,163],[62,134,162],[66,135,161],[65,133,160],[77,98,121],[76,99,120],
[81,97,122],[79,94,119],[80,95,118],[78,96,123],[31,54,263],[34,53,262],[36,51,264],[33,50,265],[32,49,266],[35,52,267],
[41,54,1343],[39,53,1340],[38,51,1349],[42,50,1337],[40,49,1346],[37,52,1334],[70,223,288],[69,220,287],[72,225,289],[71,221,286],
[68,222,291],[67,224,290],[81,240,297],[79,241,294],[80,238,296],[76,239,292],[77,243,293],[78,242,295],[34,167,261],[36,171,260],
[33,166,256],[31,168,257],[35,169,258],[32,170,259],[22,193,240],[21,197,241],[20,194,238],[24,196,243],[23,198,242],[19,195,239],
[107,313,441],[111,311,444],[109,315,440],[106,310,439],[110,314,442],[108,312,443],[41,186,615],[38,182,613],[39,185,611],[42,184,607],
[40,183,609],[37,181,605],[30,165,274],[26,164,276],[27,163,277],[29,162,278],[28,161,275],[25,160,279],[60,73,147],[59,73,146],
[55,75,145],[58,75,142],[57,74,143],[56,74,144],[24,136,313],[20,140,311],[22,139,315],[21,137,310],[23,138,314],[19,141,312],
[28,177,372],[27,176,371],[26,173,370],[25,175,367],[29,174,368],[30,172,369],[6,614,615],[5,612,613],[4,610,611],[3,608,609],
[2,604,605],[1,606,607],[6,41,615],[5,38,613],[4,39,611],[2,37,605],[1,42,607],[3,40,609],[1,64,606],[4,61,610],
[5,63,612],[2,62,604],[6,65,614],[3,66,608],[24,313,441],[20,311,444],[22,315,440],[21,310,439],[19,312,443],[23,314,442],
[24,77,243],[19,76,239],[22,81,240],[21,79,241],[23,78,242],[20,80,238],[31,41,54],[34,39,53],[36,38,51],[33,42,50],
[35,37,52],[32,40,49],[30,64,165],[26,61,164],[27,63,163],[29,62,162],[25,65,160],[28,66,161],[70,223,324],[69,220,323],
[72,225,320],[71,221,321],[67,224,322],[68,222,319],[28,43,177],[27,48,176],[26,47,173],[25,44,175],[30,46,172],[29,45,174],
[34,57,167],[36,58,171],[33,60,166],[31,55,168],[32,56,170],[35,59,169],[16,57,143],[14,58,142],[18,60,147],[15,55,145],
[17,56,144],[13,59,146],[18,77,121],[13,76,120],[15,81,122],[16,79,119],[17,78,123],[14,80,118],[12,46,112],[11,47,115],
[10,43,114],[8,45,113],[9,44,116],[7,48,117],[12,70,230],[8,69,227],[11,72,231],[7,71,226],[9,67,229],[10,68,228],
[443,444,1531],[439,440,1532],[441,442,1533],[24,441,1533],[19,443,1531],[20,444,1531],[22,440,1532],[23,442,1533],[21,439,1532],[16,34,57],
[14,36,58],[18,33,60],[15,31,55],[17,32,56],[13,35,59],[12,30,46],[11,26,47],[7,27,48],[8,29,45],[10,28,43],
[9,25,44],[12,70,324],[8,69,323],[11,72,320],[7,71,321],[10,68,319],[9,67,322],[18,24,77],[13,19,76],[15,22,81],
[16,21,79],[14,20,80],[17,23,78],[1,30,64],[4,26,61],[5,27,63],[2,29,62],[3,28,66],[6,25,65],[4,34,39],
[5,36,38],[3,32,40],[6,31,41],[1,33,42],[2,35,37],[323,324,1534],[319,320,1535],[321,322,1536],[12,324,1534],[11,320,1535],
[7,321,1536],[8,323,1534],[9,322,1536],[10,319,1535],[1,18,33],[4,16,34],[5,14,36],[2,13,35],[6,15,31],[3,17,32],
[1,12,30],[4,11,26],[5,7,27],[2,8,29],[6,9,25],[3,10,28],[18,24,1533],[16,21,1532],[14,20,1531],[13,19,1531],
[15,22,1532],[17,23,1533],[1,18,1533],[4,16,1532],[5,14,1531],[2,13,1531],[3,17,1533],[6,15,1532],[1,12,1534],[4,11,1535],
[5,7,1536],[2,8,1534],[3,10,1535],[6,9,1536],[1,1533,1534],[4,1532,1535],[5,1531,1536],[2,1531,1534],[6,1532,1536],[3,1533,1535]];
###############################################################

