#SurfaceInfo: 504 Vertices, 4032 Edges, 2688 Faces, IsOrientable=true
 #Vertices of faces:
vof1:=[[502,503,504],[500,501,503],[499,500,502],[497,498,504],[496,497,503],[494,495,504],[493,494,502],[491,492,501],[490,491,500],[488,489,501],
[487,488,503],[485,486,499],[483,484,498],[481,482,499],[480,485,500],[479,483,497],[478,481,502],[476,477,498],[475,476,504],[473,474,496],
[471,472,495],[469,470,493],[467,468,492],[465,466,496],[464,473,497],[463,471,494],[462,469,494],[461,467,491],[460,465,503],[458,459,495],
[456,457,493],[454,455,492],[453,458,504],[452,456,502],[451,454,501],[449,450,490],[447,448,489],[445,446,487],[443,444,486],[441,442,484],
[439,440,482],[437,438,490],[436,449,491],[435,447,488],[434,445,488],[433,443,485],[432,441,483],[431,439,481],[430,437,500],[428,429,489],
[426,427,487],[424,425,486],[422,423,484],[420,421,482],[419,428,501],[418,426,503],[417,424,499],[416,422,498],[415,420,499],[413,414,480],
[411,412,479],[409,410,478],[407,408,477],[405,406,475],[403,404,474],[401,402,472],[399,400,470],[397,398,468],[395,396,466],[393,394,480],
[391,392,479],[389,390,478],[388,413,485],[387,411,483],[386,409,481],[385,407,476],[384,405,476],[383,403,473],[382,401,471],[381,399,469],
[380,397,467],[379,395,465],[378,393,500],[377,391,497],[376,389,502],[374,375,477],[372,373,475],[370,371,474],[368,369,472],[366,367,470],
[365,395,468],[363,364,466],[362,374,498],[372,376,504],[361,370,496],[360,368,495],[359,366,493],[358,365,492],[357,363,496],[355,356,464],
[353,354,463],[351,352,462],[350,363,461],[349,434,460],[347,348,459],[345,346,457],[343,344,455],[342,384,453],[341,386,452],[340,384,451],
[338,339,450],[336,337,448],[334,335,446],[332,333,444],[330,331,442],[329,330,440],[327,328,438],[325,326,464],[323,324,463],[321,322,462],
[319,320,461],[317,318,460],[316,355,473],[315,353,471],[314,351,469],[313,350,467],[349,446,465],[312,347,458],[311,345,456],[310,343,454],
[342,406,458],[341,410,456],[309,340,454],[308,338,449],[307,336,447],[306,334,445],[305,332,443],[304,330,441],[303,330,439],[302,327,437],
[301,325,497],[300,323,494],[299,321,494],[298,319,491],[297,317,503],[295,296,459],[293,294,457],[291,292,455],[289,290,453],[287,288,452],
[285,286,451],[283,284,450],[281,282,448],[280,379,446],[279,345,444],[278,347,442],[277,327,440],[275,276,438],[274,295,495],[273,293,493],
[272,291,492],[289,418,504],[287,297,502],[285,460,501],[271,283,490],[270,281,489],[269,379,487],[268,279,486],[267,278,484],[266,277,482],
[265,275,490],[264,351,436],[262,263,435],[260,261,434],[259,293,433],[258,295,432],[257,275,431],[316,388,430],[255,256,429],[254,369,427],
[252,253,425],[250,251,423],[248,249,421],[247,309,419],[246,418,464],[245,406,417],[244,410,416],[243,309,415],[241,242,414],[239,240,412],
[237,238,410],[236,332,408],[234,235,406],[233,339,404],[240,336,402],[232,242,400],[231,398,441],[230,232,396],[229,282,394],[228,282,392],
[267,390,423],[226,227,436],[224,225,435],[223,362,434],[221,222,433],[220,307,432],[218,219,431],[216,217,430],[215,351,449],[214,262,447],
[260,341,445],[213,259,443],[258,334,441],[212,257,439],[316,414,437],[211,255,428],[369,370,426],[210,252,424],[209,250,422],[208,248,420],
[247,384,428],[246,426,474],[245,309,424],[207,244,422],[243,406,420],[206,241,413],[205,239,411],[204,237,409],[203,332,407],[202,234,405],
[233,328,403],[228,336,401],[229,232,399],[201,397,441],[222,232,395],[282,283,393],[200,282,391],[366,389,423],[199,226,491],[198,224,488],
[197,223,488],[196,221,485],[195,220,483],[194,218,481],[193,216,500],[192,373,429],[191,354,427],[190,286,425],[189,254,423],[188,290,421],
[187,374,419],[185,186,418],[184,291,417],[266,358,416],[183,295,415],[182,302,414],[181,310,412],[180,311,410],[179,277,408],[208,312,406],
[178,404,447],[177,402,407],[176,400,439],[175,255,398],[174,282,396],[173,263,394],[171,172,392],[170,390,412],[326,373,489],[169,354,487],
[227,286,486],[168,254,484],[290,322,482],[187,378,501],[185,193,503],[184,452,499],[266,453,498],[183,430,499],[167,302,480],[166,310,479],
[165,311,478],[184,277,477],[164,312,475],[178,291,474],[177,254,472],[176,286,470],[175,396,468],[163,174,466],[162,263,480],[161,171,479],
[161,412,478],[160,355,388],[159,387,449],[158,260,386],[157,275,385],[155,156,384],[154,383,428],[153,374,382],[152,381,420],[164,373,380],
[151,171,379],[314,378,436],[315,316,377],[215,376,462],[149,150,375],[268,373,425],[148,308,371],[147,205,369],[146,206,367],[145,151,395],
[144,338,364],[143,207,362],[142,376,463],[141,361,386],[140,360,446],[139,359,434],[138,358,474],[207,226,357],[256,356,398],[150,331,354],
[249,333,352],[137,144,363],[136,213,434],[135,348,397],[134,233,346],[142,344,401],[132,133,384],[199,313,386],[131,238,339],[144,332,337],
[304,335,400],[130,333,401],[191,331,399],[129,329,397],[128,304,328],[179,326,380],[304,324,327],[179,305,322],[233,320,345],[286,318,367],
[127,272,388],[126,138,387],[125,274,386],[123,124,385],[265,273,384],[121,122,383],[120,303,382],[119,203,381],[118,305,380],[116,117,379],
[115,149,378],[114,248,377],[112,113,376],[246,355,413],[111,411,449],[260,349,409],[157,298,407],[155,405,445],[132,154,403],[153,237,401],
[152,234,399],[164,241,397],[314,393,450],[315,356,391],[215,389,470],[149,180,374],[368,372,425],[148,302,370],[147,200,368],[146,283,366],
[139,145,365],[143,374,410],[142,372,472],[141,207,370],[110,140,368],[110,139,366],[110,138,365],[226,363,386],[256,344,355],[150,251,353],
[249,253,351],[109,137,350],[194,213,349],[122,347,397],[108,343,401],[107,132,342],[198,313,341],[106,156,340],[131,267,338],[233,332,336],
[304,334,346],[131,332,401],[105,330,399],[232,330,397],[179,310,325],[209,323,327],[179,210,321],[104,319,345],[317,367,454],[127,136,485],
[126,335,483],[103,125,481],[123,306,476],[102,265,476],[121,212,473],[120,145,471],[119,214,469],[118,147,467],[107,116,465],[101,115,500],
[100,114,497],[101,112,502],[99,288,375],[98,373,414],[97,358,371],[96,267,369],[95,268,367],[96,229,395],[94,364,390],[93,293,362],
[91,92,376],[90,254,361],[268,270,360],[163,267,359],[89,357,420],[88,200,356],[87,210,354],[86,209,352],[114,208,363],[85,434,435],
[179,281,348],[174,327,346],[84,344,422],[211,384,385],[137,386,431],[83,339,443],[234,337,343],[156,248,333],[149,158,331],[132,252,329],
[189,328,345],[82,275,326],[81,171,324],[80,263,322],[78,79,320],[130,318,352],[288,324,477],[162,414,475],[77,267,472],[79,268,470],
[229,235,468],[390,438,466],[93,301,498],[91,100,504],[90,487,496],[270,475,495],[163,478,493],[416,419,492],[89,377,496],[200,271,464],
[166,210,463],[167,209,462],[76,208,461],[75,435,460],[281,285,459],[90,174,457],[289,422,455],[74,385,453],[73,431,452],[105,211,451],
[83,290,450],[229,234,448],[126,295,446],[156,346,444],[158,348,442],[132,328,440],[90,189,438],[125,275,464],[169,171,463],[223,263,462],
[78,357,461],[223,352,460],[72,316,353],[106,315,413],[71,314,411],[107,313,409],[70,155,446],[69,263,312],[68,171,311],[67,175,406],
[66,67,410],[168,177,309],[65,308,424],[64,291,307],[74,290,305],[73,288,304],[105,286,303],[63,78,302],[301,387,436],[300,314,387],
[299,315,388],[214,215,298],[111,297,490],[217,239,296],[129,241,294],[62,288,292],[290,358,455],[288,291,371],[286,360,459],[146,204,284],
[61,109,282],[60,280,381],[68,195,345],[69,196,347],[59,63,327],[130,237,276],[110,126,274],[110,127,273],[110,178,272],[58,418,479],
[57,297,480],[172,270,414],[56,269,388],[81,266,450],[110,125,265],[253,264,329],[62,231,263],[261,402,408],[85,129,293],[217,280,295],
[55,130,275],[73,256,330],[131,203,254],[58,253,441],[57,251,443],[75,249,336],[77,278,309],[103,212,464],[201,242,335],[54,136,240],
[228,238,404],[217,233,236],[170,240,403],[98,242,467],[173,231,334],[230,255,330],[108,228,229],[122,201,267],[84,227,303],[201,225,423],
[84,362,382],[131,219,369],[168,247,316],[79,143,315],[77,243,314],[81,98,313],[169,415,446],[52,53,312],[50,51,311],[48,49,310],
[162,357,406],[161,410,419],[161,169,309],[159,230,308],[108,202,306],[46,47,302],[45,129,301],[44,255,300],[43,144,299],[42,193,297],
[142,353,355],[57,353,413],[58,351,411],[41,350,409],[155,342,349],[181,194,343],[67,342,409],[67,341,405],[168,340,413],[65,278,338],
[64,336,403],[123,156,334],[74,332,338],[325,412,436],[323,352,387],[321,354,388],[214,264,319],[111,317,492],[287,371,424],[61,104,281],
[60,311,379],[141,195,279],[196,278,340],[56,59,277],[127,293,434],[58,289,484],[57,287,486],[75,285,448],[110,200,283],[40,172,281],
[40,56,379],[79,207,279],[40,81,277],[62,151,262],[260,348,408],[63,85,259],[49,258,280],[55,68,257],[128,252,441],[118,250,443],
[134,248,336],[121,247,278],[196,212,246],[159,175,245],[66,160,244],[119,177,243],[201,241,254],[54,239,286],[228,237,396],[54,233,443],
[39,232,467],[84,208,226],[139,224,423],[84,223,312],[56,221,395],[59,220,447],[141,218,369],[216,280,420],[133,247,473],[143,238,471],
[235,243,469],[38,169,465],[52,204,458],[50,202,456],[48,206,454],[46,162,458],[37,161,456],[50,161,454],[202,213,445],[61,120,439],
[46,121,437],[45,185,497],[44,91,494],[43,112,494],[36,157,491],[35,296,318],[34,294,427],[33,186,292],[231,288,356],[45,266,284],
[54,280,360],[190,347,380],[38,276,466],[32,274,363],[31,273,428],[30,272,354],[29,100,418],[28,101,297],[27,100,460],[26,229,271],
[90,269,396],[25,104,264],[72,139,261],[44,211,293],[43,137,295],[150,388,433],[84,256,279],[24,253,368],[23,251,366],[24,249,365],
[210,309,310],[55,464,479],[236,250,313],[66,144,339],[217,240,261],[70,129,242],[148,230,237],[95,228,447],[22,227,412],[78,225,244],
[23,138,222],[24,272,307],[23,140,219],[318,392,459],[394,427,457],[186,225,455],[265,450,453],[125,356,452],[273,451,470],[67,396,448],
[133,328,444],[199,380,442],[155,346,440],[32,299,495],[31,300,493],[30,199,492],[36,100,501],[26,480,490],[268,451,489],[360,415,486],
[359,362,484],[358,417,482],[102,298,490],[104,165,436],[76,312,435],[21,211,433],[21,137,432],[21,385,431],[236,430,433],[183,279,429],
[26,189,427],[187,365,421],[153,310,419],[64,208,417],[39,180,416],[210,258,415],[313,380,408],[66,404,448],[70,400,440],[96,163,394],
[95,270,392],[26,96,390],[78,162,435],[23,273,433],[24,274,432],[23,265,431],[127,261,430],[20,215,262],[88,341,350],[204,334,349],
[19,168,414],[78,205,370],[18,133,474],[165,328,390],[75,228,318],[229,269,427],[58,186,201],[39,222,358],[23,109,283],[17,24,200],
[197,214,462],[111,195,298],[41,193,478],[113,137,192],[55,190,318],[85,186,188],[266,374,421],[186,284,290],[291,416,477],[270,295,429],
[148,182,306],[60,180,383],[49,56,179],[16,17,282],[83,172,213],[40,98,326],[40,169,321],[176,207,227],[40,83,322],[135,378,461],
[15,193,493],[80,184,356],[14,164,316],[163,173,412],[162,207,223],[40,161,325],[160,337,344],[26,191,275],[113,182,373],[62,83,171],
[150,232,269],[54,268,320],[215,308,399],[111,205,467],[206,246,403],[15,151,471],[38,145,463],[105,235,398],[39,199,331],[64,133,333],
[136,305,402],[135,149,232],[113,131,142],[82,191,234],[105,124,367],[54,117,425],[215,235,245],[140,178,214],[176,212,244],[17,154,211],
[89,99,370],[13,65,210],[12,84,209],[12,152,208],[357,417,474],[106,134,206],[71,135,205],[107,128,204],[118,198,202],[33,102,283],
[41,103,200],[31,35,366],[87,198,252],[95,130,197],[11,101,193],[75,262,351],[15,262,469],[135,260,350],[10,259,445],[27,258,349],
[9,257,473],[86,107,250],[133,246,340],[77,245,449],[79,244,355],[48,177,241],[78,176,239],[52,175,237],[50,66,234],[165,233,239],
[224,261,313],[160,212,221],[159,220,298],[158,213,218],[41,216,482],[185,284,458],[177,245,298],[175,243,300],[14,16,174],[135,187,468],
[15,185,495],[73,184,440],[74,266,408],[183,236,444],[207,209,302],[40,104,311],[8,80,277],[8,14,312],[8,173,174],[26,69,157],
[13,153,180],[12,164,182],[108,148,399],[128,146,403],[120,143,176],[142,145,212],[71,141,158],[70,140,264],[18,138,352],[226,279,319],
[105,256,268],[39,150,291],[64,249,358],[213,305,348],[43,131,471],[97,304,439],[24,127,211],[23,126,137],[24,125,385],[123,340,367],
[14,121,347],[16,119,407],[116,140,425],[115,180,428],[112,182,476],[8,162,437],[89,106,426],[34,357,426],[116,169,424],[223,224,422],
[132,198,405],[102,119,393],[103,120,391],[31,159,389],[39,115,491],[87,100,488],[95,317,488],[36,69,485],[9,68,483],[91,181,481],
[117,192,217],[7,191,394],[47,113,190],[6,92,189],[51,149,188],[129,186,264],[43,182,270],[44,163,181],[292,305,407],[255,296,303],
[37,173,457],[46,172,459],[8,170,438],[16,36,378],[6,91,452],[47,112,453],[14,36,430],[26,167,328],[55,166,380],[163,165,346],
[164,270,348],[20,56,160],[20,59,159],[45,85,374],[55,95,373],[239,436,461],[241,316,383],[62,462,463],[23,150,178],[135,147,213],
[134,146,334],[18,130,238],[113,144,160],[19,331,400],[24,124,139],[48,77,122],[65,168,203],[48,117,245],[217,320,429],[113,219,425],
[92,124,423],[149,222,421],[264,325,418],[103,303,398],[82,197,489],[116,198,487],[22,136,486],[19,335,484],[80,103,482],[36,91,499],
[9,112,498],[274,361,472],[269,272,468],[267,361,466],[46,196,480],[37,195,479],[50,194,478],[59,75,387],[76,85,382],[134,377,383],
[89,178,375],[93,278,364],[209,259,362],[131,137,361],[85,201,359],[152,302,357],[212,303,344],[18,339,444],[190,285,326],[97,266,324],
[184,292,322],[48,383,419],[65,381,415],[48,161,379],[158,226,378],[156,247,377],[160,321,376],[25,246,257],[5,111,157],[86,259,349],
[87,258,445],[237,306,341],[194,234,342],[4,77,450],[3,79,356],[3,235,470],[4,238,472],[167,346,394],[92,105,215],[13,104,179],
[57,145,196],[58,195,214],[41,147,194],[10,101,487],[9,101,496],[42,99,280],[62,97,290],[92,94,211],[163,293,364],[92,181,390],
[254,359,457],[184,375,420],[88,147,202],[12,14,327],[6,13,345],[80,132,170],[8,231,324],[301,329,432],[82,285,352],[90,276,354],
[93,264,289],[16,74,314],[61,73,315],[90,294,363],[8,223,323],[72,236,251],[26,170,263],[55,98,171],[42,88,288],[78,85,143],
[62,167,304],[43,219,360],[41,109,439],[314,338,381],[10,63,447],[8,59,435],[155,258,329],[97,103,231],[74,77,402],[299,337,382],
[42,54,57],[22,156,173],[53,64,371],[39,51,455],[43,47,459],[111,141,199],[32,34,368],[73,88,109],[108,194,204],[107,118,194],
[128,198,306],[106,120,196],[6,37,310],[10,197,209],[27,38,210],[9,104,301],[187,188,454],[83,102,292],[2,100,185],[73,257,355],
[74,157,449],[236,259,260],[33,154,405],[6,153,341],[47,152,342],[72,121,145],[142,238,244],[141,227,411],[138,140,351],[139,272,353],
[70,116,132],[18,89,156],[71,119,195],[10,115,489],[27,114,466],[93,329,442],[153,344,416],[89,134,404],[7,82,281],[7,174,276],
[93,94,422],[7,16,385],[7,61,431],[94,189,294],[17,74,284],[60,122,338],[126,178,220],[127,221,365],[19,158,172],[4,81,261],
[125,218,368],[253,258,360],[256,315,382],[45,201,483],[54,216,485],[65,180,247],[48,243,280],[65,169,311],[52,245,371],[50,244,455],
[92,159,255],[6,202,343],[88,193,456],[7,265,393],[7,125,391],[94,273,389],[32,160,372],[192,274,372],[52,162,370],[123,265,366],
[37,319,325],[197,220,323],[38,221,321],[220,301,319],[71,187,317],[97,287,481],[289,292,476],[86,101,465],[53,99,248],[41,42,97],
[27,29,96],[10,28,95],[94,129,225],[88,184,216],[87,90,114],[86,115,285],[188,343,382],[248,307,375],[192,252,432],[81,102,477],
[31,79,429],[7,130,392],[33,185,475],[35,317,419],[9,61,377],[55,228,271],[62,166,305],[76,239,303],[5,14,72],[25,61,106],
[5,16,71],[249,387,432],[60,203,241],[3,231,335],[4,83,136],[4,240,404],[42,72,217],[3,242,468],[53,84,141],[51,65,340],
[67,152,230],[52,108,235],[42,117,371],[29,53,369],[28,51,367],[27,49,395],[122,129,364],[159,323,376],[197,307,333],[38,222,331],
[52,306,475],[271,326,448],[165,227,444],[164,168,442],[167,322,440],[271,396,438],[34,147,461],[107,224,460],[21,150,307],[230,300,381],
[203,298,308],[31,176,296],[32,177,294],[30,175,276],[200,274,350],[154,273,283],[214,253,307],[145,222,251],[183,227,296],[45,225,416],
[188,289,362],[152,308,417],[70,126,301],[66,143,299],[72,297,437],[20,142,151],[5,57,69],[25,58,68],[2,41,181],[154,284,342],
[153,181,409],[152,182,405],[69,164,413],[29,64,246],[28,39,111],[15,59,300],[10,198,250],[27,107,252],[28,35,180],[29,34,208],
[11,33,182],[285,296,428],[29,87,427],[28,86,318],[22,183,261],[30,158,187],[94,127,224],[11,25,186],[117,216,417],[17,33,407],
[94,250,433],[67,153,337],[38,96,191],[11,15,43],[18,66,82],[97,99,421],[33,45,477],[35,95,429],[57,136,139],[58,140,335],
[183,192,424],[63,75,86],[49,87,269],[120,121,377],[122,196,206],[119,220,300],[15,56,299],[46,98,190],[37,170,189],[50,143,188],
[1,91,112],[1,36,115],[151,269,353],[68,165,411],[134,154,155],[35,123,247],[75,138,404],[81,172,260],[56,262,322],[19,46,278],
[3,31,175],[4,32,66],[4,102,177],[6,44,457],[14,157,438],[32,337,402],[31,230,400],[30,398,442],[251,259,359],[102,203,339],
[22,37,279],[30,38,365],[34,96,364],[13,165,181],[83,98,118],[277,321,323],[3,70,80],[281,325,391],[44,105,469],[64,114,473],
[89,138,421],[29,106,248],[28,71,149],[25,101,426],[72,183,287],[99,287,415],[34,218,226],[118,136,224],[120,221,299],[118,199,218],
[96,426,465],[190,372,458],[189,389,456],[35,124,255],[34,144,219],[9,11,45],[25,112,289],[144,203,294],[99,148,381],[187,272,375],
[37,240,320],[51,115,451],[21,222,249],[2,20,92],[2,6,88],[76,256,320],[30,191,235],[19,98,199],[22,133,170],[22,333,402],
[11,20,113],[52,99,243],[123,128,133],[11,47,284],[12,47,347],[230,276,331],[106,391,418],[71,297,393],[46,122,242],[123,204,453],
[202,218,452],[154,206,451],[166,324,408],[73,79,400],[166,348,392],[121,221,430],[195,205,320],[116,126,192],[104,257,326],[59,151,324],
[44,124,359],[205,350,361],[18,178,197],[20,193,389],[2,15,44],[1,10,87],[1,27,86],[1,9,114],[33,146,306],[47,148,204],
[16,69,394],[19,70,93],[53,114,361],[13,51,343],[35,146,383],[2,36,216],[4,18,22],[188,292,375],[135,172,242],[12,69,167],
[119,319,378],[5,100,317],[5,91,287],[63,167,262],[81,236,339],[80,155,173],[3,103,176],[61,68,392],[82,333,337],[116,128,335],
[80,329,398],[50,108,238],[190,192,296],[128,170,231],[174,393,437],[32,77,364],[20,185,372],[49,117,252],[108,130,191],[93,168,294],
[1,25,29],[1,5,28],[21,219,253],[2,5,42],[134,173,240],[76,225,344],[109,147,219],[63,225,250],[109,257,271],[51,60,206],
[3,19,30],[17,157,271],[60,117,308],[67,82,276],[12,53,148],[1,2,11],[21,124,251],[17,124,146],[49,151,166],[13,68,166],
[53,76,205],[13,49,60],[12,63,76],[17,21,109],[500,502,503],[497,503,504],[494,502,504],[491,500,501],[488,501,503],[485,499,500],
[483,497,498],[481,499,502],[476,498,504],[473,496,497],[471,494,495],[469,493,494],[467,491,492],[465,496,503],[458,495,504],[456,493,502],
[454,492,501],[449,490,491],[447,488,489],[445,487,488],[443,485,486],[441,483,484],[439,481,482],[437,490,500],[428,489,501],[426,487,503],
[424,486,499],[422,484,498],[420,482,499],[413,480,485],[411,479,483],[409,478,481],[407,476,477],[405,475,476],[403,473,474],[401,471,472],
[399,469,470],[397,467,468],[395,465,466],[393,480,500],[391,479,497],[389,478,502],[374,477,498],[372,475,504],[370,474,496],[368,472,495],
[366,470,493],[365,468,492],[363,466,496],[355,464,473],[353,463,471],[351,462,469],[350,461,467],[349,460,465],[347,458,459],[345,456,457],
[343,454,455],[342,453,458],[341,452,456],[340,451,454],[338,449,450],[336,447,448],[334,445,446],[332,443,444],[330,441,442],[330,439,440],
[327,437,438],[325,464,497],[323,463,494],[321,462,494],[319,461,491],[317,460,503],[295,459,495],[293,457,493],[291,455,492],[289,453,504],
[287,452,502],[285,451,501],[283,450,490],[281,448,489],[379,446,487],[279,444,486],[278,442,484],[277,440,482],[275,438,490],[351,436,449],
[262,435,447],[260,434,445],[259,433,443],[258,432,441],[257,431,439],[316,430,437],[255,428,429],[369,426,427],[252,424,425],[250,422,423],
[248,420,421],[247,419,428],[246,418,426],[245,417,424],[244,416,422],[243,415,420],[241,413,414],[239,411,412],[237,409,410],[332,407,408],
[234,405,406],[233,403,404],[336,401,402],[232,399,400],[397,398,441],[232,395,396],[282,393,394],[282,391,392],[389,390,423],[226,436,491],
[224,435,488],[223,434,488],[221,433,485],[220,432,483],[218,431,481],[216,430,500],[373,429,489],[354,427,487],[286,425,486],[254,423,484],
[290,421,482],[187,419,501],[185,418,503],[184,417,499],[266,416,498],[183,415,499],[302,414,480],[310,412,479],[311,410,478],[277,408,477],
[312,406,475],[178,404,474],[177,402,472],[176,400,470],[175,398,468],[174,396,466],[263,394,480],[171,392,479],[390,412,478],[355,388,413],
[387,411,449],[260,386,409],[157,385,407],[155,384,405],[154,383,403],[153,382,401],[152,381,399],[164,380,397],[151,379,395],[314,378,393],
[315,377,391],[215,376,389],[149,374,375],[372,373,425],[148,370,371],[147,368,369],[146,366,367],[145,365,395],[144,363,364],[143,362,374],
[142,372,376],[141,361,370],[140,360,368],[139,359,366],[138,358,365],[226,357,363],[256,355,356],[150,353,354],[249,351,352],[137,350,363],
[213,349,434],[347,348,397],[233,345,346],[343,344,401],[132,342,384],[313,341,386],[156,340,384],[131,338,339],[332,336,337],[304,334,335],
[332,333,401],[330,331,399],[329,330,397],[304,327,328],[179,325,326],[323,324,327],[179,321,322],[319,320,345],[317,318,367],[127,388,485],
[126,387,483],[125,386,481],[123,385,476],[265,384,476],[121,383,473],[120,382,471],[119,381,469],[118,380,467],[116,379,465],[115,378,500],
[114,377,497],[112,376,502],[288,375,477],[373,414,475],[358,371,474],[267,369,472],[268,367,470],[229,395,468],[364,390,466],[93,362,498],
[91,376,504],[90,361,496],[270,360,495],[163,359,493],[358,416,492],[89,357,496],[200,356,464],[210,354,463],[209,352,462],[208,363,461],
[434,435,460],[281,348,459],[174,346,457],[344,422,455],[384,385,453],[386,431,452],[211,384,451],[83,339,450],[234,337,448],[126,335,446],
[156,333,444],[158,331,442],[132,329,440],[189,328,438],[275,326,464],[171,324,463],[263,322,462],[78,320,461],[318,352,460],[316,353,355],
[315,353,413],[314,351,411],[313,350,409],[155,349,446],[69,312,347],[68,311,345],[181,310,343],[67,342,406],[67,341,410],[168,309,340],
[65,308,338],[64,307,336],[123,306,334],[74,305,332],[73,304,330],[105,303,330],[63,302,327],[301,325,436],[300,323,387],[299,321,388],
[214,298,319],[111,297,317],[217,295,296],[129,293,294],[288,291,292],[289,290,455],[287,288,371],[285,286,459],[146,283,284],[61,281,282],
[60,280,379],[195,279,345],[196,278,347],[59,277,327],[130,275,276],[126,274,295],[127,273,293],[178,272,291],[58,289,418],[57,287,297],
[75,285,460],[200,271,283],[172,270,281],[56,269,379],[79,268,279],[77,267,278],[81,266,277],[125,265,275],[253,264,351],[62,262,263],
[260,261,408],[85,259,293],[258,280,295],[55,257,275],[315,316,388],[255,256,330],[131,254,369],[252,253,441],[250,251,443],[248,249,336],
[247,278,309],[212,246,464],[175,245,406],[66,244,410],[177,243,309],[201,241,242],[54,239,240],[228,237,238],[233,236,332],[229,234,235],
[233,339,443],[240,336,403],[232,242,467],[231,334,441],[230,232,330],[228,229,282],[201,267,423],[84,226,227],[224,225,423],[84,223,362],
[221,222,395],[220,307,447],[218,219,369],[216,217,280],[247,316,473],[143,315,471],[243,314,469],[98,313,467],[169,446,465],[52,312,458],
[50,311,456],[48,310,454],[162,406,458],[161,410,456],[161,309,454],[159,308,449],[202,306,445],[118,305,443],[128,304,441],[120,303,439],
[46,302,437],[45,301,497],[44,300,494],[43,299,494],[157,298,491],[193,297,503],[296,318,459],[294,427,457],[186,292,455],[290,450,453],
[288,356,452],[286,451,470],[266,284,450],[282,396,448],[280,360,446],[328,345,444],[347,380,442],[327,346,440],[276,438,466],[32,274,495],
[31,273,493],[30,272,492],[100,418,504],[101,297,502],[100,460,501],[26,271,490],[268,270,489],[90,269,487],[268,360,486],[267,359,484],
[266,358,482],[102,265,490],[104,264,436],[263,312,435],[139,261,434],[211,293,433],[137,295,432],[275,385,431],[388,430,433],[256,279,429],
[189,254,427],[253,368,425],[251,366,423],[249,365,421],[309,310,419],[418,464,479],[208,406,417],[180,410,416],[210,309,415],[98,242,414],
[170,240,412],[143,238,410],[236,313,408],[235,243,406],[66,339,404],[240,261,402],[70,242,400],[231,356,398],[230,237,396],[96,229,394],
[95,228,392],[96,267,390],[227,412,436],[78,225,435],[293,362,434],[23,222,433],[24,307,432],[23,219,431],[217,261,430],[215,262,351],
[214,262,469],[260,341,350],[213,259,445],[258,334,349],[212,257,473],[168,316,414],[44,211,255],[205,369,370],[87,210,252],[86,209,250],
[114,208,248],[133,247,384],[133,246,474],[77,245,309],[79,207,244],[48,206,241],[78,205,239],[52,204,237],[131,203,332],[50,202,234],
[165,233,328],[75,228,336],[229,232,269],[58,201,441],[39,222,232],[109,282,283],[17,200,282],[199,226,386],[198,224,313],[197,223,462],
[196,212,221],[195,220,298],[194,213,218],[41,193,216],[113,192,373],[191,331,354],[190,286,318],[186,188,290],[187,374,421],[185,186,284],
[184,291,477],[183,295,429],[148,182,302],[60,180,311],[56,179,277],[76,208,312],[178,214,447],[177,298,407],[176,212,439],[175,255,300],
[16,174,282],[173,231,263],[83,171,172],[98,326,373],[169,321,354],[176,227,286],[168,177,254],[83,290,322],[135,187,378],[15,185,193],
[73,184,452],[74,266,453],[183,236,430],[167,209,302],[166,210,310],[104,165,311],[80,184,277],[14,164,312],[67,175,396],[163,173,174],
[162,223,263],[161,169,171],[161,325,412],[160,344,355],[158,260,348],[26,157,275],[155,156,346],[154,211,428],[153,180,374],[152,208,420],
[164,182,373],[62,151,171],[314,387,436],[214,215,462],[149,150,232],[54,268,425],[148,308,399],[147,205,467],[146,206,403],[145,151,471],
[144,332,338],[143,176,207],[142,145,463],[141,158,386],[70,140,446],[18,138,474],[207,226,279],[105,256,398],[39,150,331],[64,249,333],
[43,137,144],[136,213,305],[135,232,397],[134,233,336],[131,142,401],[132,133,328],[199,313,380],[131,238,471],[304,400,439],[130,237,401],
[191,234,399],[129,241,397],[179,305,380],[105,286,367],[24,127,272],[23,126,138],[24,125,274],[123,124,367],[23,265,273],[121,122,347],
[119,203,407],[116,117,425],[115,149,180],[112,113,182],[215,245,449],[341,405,445],[83,213,443],[162,414,437],[89,370,426],[65,210,424],
[84,209,422],[273,384,428],[357,426,474],[169,309,424],[207,223,422],[357,406,420],[106,206,413],[71,205,411],[107,204,409],[198,202,405],
[128,328,403],[108,228,401],[108,229,399],[122,201,397],[102,283,393],[103,200,391],[31,366,389],[39,199,491],[87,198,488],[95,197,488],
[69,196,485],[68,195,483],[181,194,481],[101,193,500],[192,217,429],[191,394,427],[113,190,425],[92,189,423],[149,188,421],[374,410,419],
[186,264,418],[291,417,474],[295,415,446],[182,270,414],[163,181,412],[179,348,408],[228,404,447],[305,402,407],[255,303,398],[173,394,457],
[172,392,459],[170,390,438],[82,326,489],[116,169,487],[22,227,486],[19,168,484],[80,322,482],[36,378,501],[91,452,499],[112,453,498],
[36,430,499],[26,167,480],[55,166,479],[163,165,478],[164,270,475],[254,361,472],[269,396,468],[163,267,466],[46,162,480],[37,161,479],
[50,161,478],[56,160,388],[59,159,387],[180,383,428],[85,374,382],[280,381,420],[55,373,380],[171,311,379],[378,436,461],[316,377,383],
[376,462,463],[150,178,375],[95,268,373],[308,371,424],[206,367,454],[278,338,364],[207,209,362],[137,361,386],[85,359,434],[207,302,357],
[130,333,352],[127,136,434],[135,213,348],[134,334,346],[142,212,344],[18,238,339],[144,160,337],[19,335,400],[129,264,329],[190,326,380],
[97,304,324],[292,305,322],[54,233,320],[272,354,388],[138,352,387],[274,363,386],[24,124,385],[48,122,383],[84,303,382],[65,203,381],
[48,117,379],[149,158,378],[156,248,377],[113,160,376],[246,257,355],[111,157,449],[259,260,349],[155,258,445],[132,154,405],[153,237,341],
[152,234,342],[164,241,316],[77,314,450],[79,315,356],[215,235,470],[88,147,200],[72,139,145],[142,238,472],[141,207,227],[110,138,140],
[110,139,272],[84,256,344],[23,150,251],[24,249,253],[23,109,137],[107,116,132],[89,106,156],[131,267,361],[167,304,346],[105,215,399],
[49,179,310],[12,209,327],[13,179,210],[13,104,345],[103,125,464],[121,145,212],[120,145,196],[119,195,214],[118,147,194],[10,101,115],
[27,100,114],[9,101,112],[42,99,288],[97,290,358],[92,94,390],[93,293,364],[91,92,181],[90,254,457],[89,375,420],[76,85,435],
[104,179,281],[14,174,327],[21,211,385],[21,137,431],[194,234,343],[132,198,252],[6,189,345],[82,191,275],[81,98,171],[80,170,263],
[78,79,143],[231,288,324],[93,301,329],[36,91,100],[153,416,419],[89,134,377],[59,75,435],[82,281,285],[90,174,276],[93,289,422],
[16,74,385],[61,73,431],[92,105,211],[90,189,294],[78,162,357],[223,323,352],[72,251,353],[70,155,440],[26,69,263],[55,68,171],
[66,67,448],[64,291,371],[74,284,290],[73,88,288],[63,78,85],[111,298,490],[217,233,239],[62,288,304],[39,358,455],[43,360,459],
[146,204,334],[61,109,439],[60,338,381],[59,63,447],[110,126,178],[110,127,365],[58,195,479],[57,196,480],[19,172,414],[3,79,470],
[4,77,472],[4,81,450],[110,125,368],[253,258,329],[62,97,231],[74,402,408],[45,85,129],[55,95,130],[299,315,382],[54,57,443],
[103,212,303],[201,335,483],[54,136,485],[132,170,403],[156,173,334],[65,168,247],[48,77,243],[65,169,415],[52,53,371],[50,51,455],
[48,49,280],[48,161,419],[159,230,255],[108,202,343],[46,47,459],[42,88,193],[246,340,413],[111,141,411],[342,349,409],[265,393,450],
[125,356,391],[273,389,470],[32,368,372],[78,302,370],[24,200,368],[23,283,366],[24,139,365],[274,372,472],[162,207,370],[110,265,366],
[88,109,350],[194,204,349],[107,194,342],[198,306,341],[106,196,340],[122,267,338],[37,310,325],[197,209,323],[38,210,321],[104,301,319],
[187,317,454],[97,103,481],[182,306,476],[102,292,476],[86,107,465],[100,185,497],[99,248,375],[42,97,371],[29,96,369],[28,95,367],
[27,96,395],[94,129,364],[92,159,376],[88,184,356],[87,90,354],[86,285,352],[90,114,363],[337,343,382],[248,307,333],[149,222,331],
[252,329,432],[81,324,477],[79,320,429],[130,318,392],[52,162,475],[3,235,468],[9,301,498],[101,487,496],[185,475,495],[193,478,493],
[317,419,492],[9,377,496],[55,271,464],[62,166,463],[62,167,462],[76,239,461],[105,268,451],[229,271,448],[165,346,444],[164,348,442],
[167,328,440],[90,396,438],[38,169,463],[34,357,461],[223,224,460],[14,72,316],[61,106,315],[16,71,314],[107,250,313],[150,291,307],
[62,290,305],[239,286,303],[301,387,432],[300,314,381],[215,298,308],[297,480,490],[176,239,296],[177,241,294],[62,83,292],[54,286,360],
[204,284,458],[175,237,276],[110,200,274],[110,273,283],[150,269,388],[73,256,315],[203,241,254],[58,214,253],[57,145,251],[75,249,387],
[3,242,335],[4,136,240],[4,238,404],[72,217,236],[227,296,303],[45,201,225],[188,362,382],[43,131,219],[81,261,313],[53,84,312],
[51,65,311],[152,230,308],[52,108,306],[47,152,302],[70,129,301],[66,144,299],[42,72,297],[142,151,353],[57,69,413],[58,68,411],
[41,181,409],[154,155,342],[67,153,409],[67,152,405],[164,168,413],[65,278,340],[64,246,403],[123,156,247],[74,314,338],[140,214,264],
[111,199,492],[25,61,104],[71,141,195],[20,56,59],[58,335,484],[57,136,486],[75,404,448],[40,81,172],[40,56,322],[46,121,278],
[31,159,175],[32,66,160],[102,119,177],[201,254,359],[228,271,396],[39,111,467],[12,84,208],[124,139,423],[49,56,395],[53,141,369],
[59,220,300],[147,202,213],[118,198,250],[107,128,252],[61,120,377],[33,45,185],[6,44,91],[43,47,112],[14,36,157],[28,35,318],
[29,34,427],[11,33,186],[45,266,374],[27,38,466],[32,294,363],[31,296,428],[30,276,354],[29,87,100],[28,86,101],[26,229,427],
[21,150,433],[84,141,279],[148,237,306],[10,95,447],[22,173,412],[78,176,244],[23,140,178],[129,186,225],[32,299,337],[31,230,300],
[30,199,442],[258,360,415],[259,359,362],[64,358,417],[102,203,298],[236,250,433],[22,183,279],[26,170,189],[30,187,365],[6,153,310],
[29,64,208],[28,39,180],[27,210,258],[96,163,364],[95,270,429],[26,96,191],[127,224,261],[20,151,262],[44,163,293],[18,133,444],
[165,181,390],[75,86,318],[87,269,427],[25,58,186],[17,24,211],[41,194,478],[113,131,137],[55,228,318],[85,186,201],[97,266,421],
[45,416,477],[216,417,482],[60,241,383],[16,17,407],[40,83,98],[40,277,321],[135,147,461],[15,300,493],[3,80,356],[40,281,325],
[153,337,344],[197,214,307],[15,43,471],[38,145,222],[105,235,469],[64,133,473],[66,82,234],[52,235,245],[17,154,284],[89,99,421],
[13,65,180],[12,152,182],[152,357,417],[106,134,248],[71,135,149],[33,102,477],[41,103,482],[31,35,429],[11,25,101],[142,244,355],
[57,139,353],[58,140,351],[41,200,350],[264,319,325],[183,287,424],[289,362,484],[287,415,486],[285,326,448],[40,161,379],[63,86,259],
[49,87,258],[25,68,257],[121,247,377],[196,206,246],[159,245,298],[160,212,244],[119,243,300],[34,208,226],[136,139,224],[8,223,312],
[56,221,299],[141,199,218],[184,216,420],[38,96,465],[88,202,456],[46,190,458],[37,189,456],[50,188,454],[72,121,437],[91,112,494],
[36,115,491],[35,255,296],[34,144,294],[33,292,407],[11,45,284],[42,54,280],[47,190,347],[38,276,331],[29,106,418],[28,71,297],
[27,107,460],[25,264,289],[72,183,261],[43,270,295],[144,203,339],[217,240,320],[122,129,242],[148,230,381],[225,244,455],[138,222,421],
[272,307,375],[140,219,425],[123,265,453],[125,218,452],[154,273,451],[15,299,495],[115,451,489],[165,239,436],[21,249,432],[39,291,416],
[166,380,408],[73,400,440],[163,346,394],[270,348,392],[26,328,390],[8,162,435],[94,273,433],[192,274,432],[7,265,431],[127,221,430],
[20,92,215],[6,88,341],[222,249,358],[111,195,205],[126,137,192],[55,98,190],[85,143,188],[158,172,213],[40,104,326],[40,169,311],
[256,268,320],[15,59,151],[30,235,398],[19,199,331],[22,133,333],[22,136,402],[20,113,142],[44,105,124],[54,117,216],[52,99,370],
[134,154,206],[135,205,350],[123,128,204],[118,202,218],[33,154,283],[35,123,366],[18,130,197],[11,20,193],[63,75,262],[15,44,469],
[10,87,445],[27,86,349],[9,114,473],[123,133,340],[74,77,449],[73,79,355],[48,177,245],[52,175,243],[50,66,143],[5,14,16],
[135,242,468],[236,339,444],[8,80,173],[8,14,438],[103,120,176],[71,158,187],[70,93,264],[18,82,352],[37,279,319],[166,305,348],
[41,97,439],[51,340,367],[12,14,347],[16,119,378],[128,146,306],[108,148,204],[39,51,115],[35,95,317],[16,36,69],[9,61,68],
[42,117,217],[7,16,394],[11,47,113],[2,6,92],[28,51,149],[6,37,457],[116,192,424],[113,144,219],[92,124,255],[82,197,333],
[116,128,198],[80,103,398],[274,350,361],[269,272,353],[46,122,196],[37,195,320],[50,108,194],[134,146,383],[18,89,178],[19,93,278],
[10,209,259],[190,285,296],[184,292,375],[158,218,226],[160,221,321],[5,69,157],[115,285,428],[114,361,466],[69,167,394],[10,198,487],
[44,359,457],[76,256,382],[6,13,343],[8,170,231],[8,174,437],[8,277,323],[236,251,259],[9,45,483],[36,216,485],[8,59,324],
[70,80,132],[18,22,156],[13,153,181],[32,34,364],[10,197,489],[187,188,375],[2,20,185],[75,138,351],[15,56,262],[135,172,260],
[9,104,257],[159,220,323],[185,372,458],[187,272,468],[184,322,440],[266,324,408],[183,227,444],[12,69,164],[120,143,299],[226,319,378],
[94,127,211],[7,125,385],[14,121,430],[116,140,335],[112,289,476],[25,106,426],[34,96,426],[94,224,422],[71,119,393],[106,120,391],
[20,159,389],[100,317,488],[91,287,481],[117,192,252],[7,130,191],[51,188,343],[11,43,182],[2,44,181],[37,173,240],[46,172,242],
[6,202,452],[47,204,453],[20,160,372],[108,130,238],[230,331,400],[77,122,364],[168,203,294],[117,245,371],[325,391,418],[76,303,344],
[35,383,419],[99,381,415],[321,323,376],[25,29,246],[5,28,111],[41,109,147],[99,243,280],[219,253,360],[10,63,250],[80,155,329],
[3,103,231],[32,77,402],[5,42,57],[53,64,114],[34,218,368],[73,109,257],[107,118,224],[4,83,102],[2,5,100],[17,74,157],
[33,182,405],[47,284,342],[50,238,244],[165,227,411],[70,116,126],[329,398,442],[134,240,404],[7,82,276],[93,94,294],[7,61,392],
[178,197,220],[38,221,365],[126,220,301],[19,30,158],[4,22,261],[60,122,206],[97,99,287],[188,289,292],[29,53,248],[2,41,42],
[1,27,29],[1,10,28],[27,49,252],[81,102,339],[257,271,326],[167,262,322],[34,147,219],[60,203,308],[3,31,176],[4,32,177],
[3,30,175],[183,192,296],[157,271,438],[33,306,475],[21,253,307],[7,174,393],[7,281,391],[94,189,389],[94,225,250],[4,18,66],
[1,25,112],[1,5,91],[1,86,115],[81,236,260],[93,168,442],[225,344,416],[89,138,404],[35,180,247],[193,389,456],[190,192,372],
[119,220,319],[5,71,317],[101,426,465],[53,99,148],[2,88,216],[1,87,114],[31,79,400],[5,72,287],[128,231,335],[83,118,136],
[67,230,276],[108,191,235],[21,222,251],[117,308,417],[297,393,437],[17,33,146],[67,82,337],[30,38,191],[2,11,15],[49,151,269],
[120,121,221],[19,46,98],[22,37,170],[1,2,36],[13,68,165],[333,337,402],[98,118,199],[3,19,70],[1,9,11],[12,47,148],
[151,166,324],[76,205,320],[68,166,392],[51,206,451],[35,124,146],[134,155,173],[124,251,359],[128,133,170],[53,205,361],[13,51,60],
[12,63,167],[63,76,225],[21,109,219],[49,60,117],[17,109,271],[17,21,124],[12,53,76],[13,49,166]];
###############################################################

