#SurfaceInfo: 224 Vertices, 1344 Edges, 896 Faces, IsOrientable=true
 #Vertices of faces:
vof1:=[[222,223,224],[220,221,223],[218,219,222],[217,220,222],[215,216,224],[213,214,223],[212,218,224],[210,211,221],[208,209,222],[206,207,220],
[205,215,223],[204,213,221],[202,203,219],[200,201,217],[198,199,224],[196,197,223],[194,195,218],[193,210,220],[192,208,219],[191,206,217],
[189,190,216],[187,188,214],[185,186,212],[183,184,221],[181,182,222],[179,180,220],[177,178,215],[175,176,213],[174,202,218],[173,200,222],
[172,198,216],[171,196,214],[170,194,212],[168,169,211],[166,167,209],[164,165,207],[162,163,205],[160,161,204],[158,159,219],[156,157,217],
[154,155,224],[153,162,223],[151,152,218],[149,150,210],[147,148,208],[145,146,206],[144,189,215],[143,187,213],[142,185,224],[141,183,211],
[140,181,209],[139,179,207],[138,177,205],[137,175,204],[135,136,203],[133,134,201],[131,132,199],[129,130,197],[127,128,195],[125,126,193],
[124,169,192],[122,123,191],[120,121,216],[118,119,214],[116,117,212],[114,115,221],[113,125,220],[111,112,215],[109,110,213],[107,108,202],
[105,106,200],[104,146,198],[102,103,196],[145,175,194],[101,168,210],[100,166,208],[99,164,206],[160,167,221],[98,158,203],[97,156,201],
[96,154,199],[153,159,197],[141,151,195],[95,149,193],[97,147,192],[94,145,191],[93,161,190],[91,92,188],[90,134,186],[89,138,184],
[88,118,182],[87,142,180],[86,91,178],[84,85,176],[83,101,174],[121,173,182],[82,136,172],[81,134,171],[79,80,170],[124,163,211],
[78,110,209],[77,140,207],[75,76,205],[74,107,204],[73,103,219],[71,72,217],[70,83,218],[69,78,210],[68,72,208],[66,67,206],
[64,65,189],[63,147,187],[61,62,185],[60,183,195],[58,59,181],[57,108,179],[145,147,177],[56,135,202],[55,133,200],[54,131,198],
[53,129,196],[95,127,194],[124,132,219],[122,130,217],[120,139,190],[52,118,188],[66,116,186],[88,114,184],[113,119,180],[98,111,178],
[97,109,176],[51,107,174],[105,131,173],[66,146,172],[102,171,172],[50,145,170],[49,123,169],[48,164,167],[46,47,165],[90,133,163],
[45,159,191],[44,95,157],[43,78,155],[42,77,162],[41,152,153],[46,111,150],[44,63,148],[39,40,146],[38,56,144],[37,55,143],
[142,155,184],[82,92,141],[36,90,140],[35,55,138],[33,34,137],[82,201,203],[81,126,201],[72,130,199],[32,67,197],[96,106,195],
[51,54,193],[64,81,192],[31,63,191],[30,59,216],[29,57,214],[28,119,212],[29,38,215],[27,37,213],[26,130,202],[32,86,200],
[25,119,198],[24,155,196],[23,137,194],[22,83,168],[21,146,166],[102,117,164],[48,98,160],[85,158,178],[21,156,176],[20,115,154],
[19,45,153],[18,65,151],[102,149,194],[93,126,189],[17,91,187],[123,134,185],[16,138,183],[87,88,181],[35,87,179],[51,91,177],
[84,131,175],[82,188,216],[81,89,214],[79,118,212],[15,78,167],[62,77,165],[75,137,163],[74,151,161],[43,73,159],[42,71,157],
[70,110,152],[52,69,150],[66,68,148],[64,99,144],[14,63,143],[61,142,187],[58,140,204],[108,139,141],[39,138,145],[27,80,136],
[37,127,132],[13,57,128],[14,121,170],[51,60,117],[32,73,115],[96,125,158],[53,112,173],[30,110,113],[69,106,135],[21,60,104],
[103,117,132],[12,94,175],[11,17,101],[92,100,123],[115,157,167],[47,82,97],[74,96,133],[10,93,159],[95,100,144],[22,52,97],
[8,9,94],[160,186,190],[36,101,186],[23,40,182],[112,152,180],[62,171,178],[88,176,178],[99,143,174],[14,16,173],[36,149,172],
[83,120,171],[11,21,170],[13,19,211],[18,113,209],[43,148,207],[9,110,205],[11,43,210],[10,92,208],[20,64,206],[7,118,189],
[40,165,185],[38,140,183],[6,181,197],[5,115,179],[4,97,177],[3,38,135],[15,37,133],[104,129,195],[58,76,127],[37,124,139],
[26,52,122],[44,120,207],[40,118,150],[84,116,148],[70,72,114],[2,28,113],[6,22,109],[58,107,177],[105,108,175],[49,121,168],
[17,164,166],[1,46,164],[80,90,162],[8,158,191],[76,95,156],[41,43,154],[42,153,166],[41,122,151],[14,46,149],[82,165,211],
[36,45,209],[35,78,205],[33,77,204],[33,130,132],[32,65,130],[77,106,128],[51,94,126],[81,111,169],[31,109,123],[30,121,129],
[29,73,119],[28,105,117],[29,72,112],[27,67,110],[15,26,108],[62,86,106],[25,104,137],[24,103,151],[21,89,100],[75,99,117],
[20,96,192],[65,98,141],[10,55,161],[20,34,92],[64,84,89],[2,18,86],[41,85,148],[76,85,99],[14,21,107],[30,40,103],
[13,67,181],[26,62,93],[59,76,188],[57,89,107],[32,50,147],[1,17,56],[1,25,55],[48,54,80],[47,53,186],[13,66,160],
[31,88,189],[4,49,119],[53,101,131],[3,15,66],[15,62,172],[19,50,71],[122,161,169],[56,74,163],[4,12,155],[12,128,162],
[98,139,150],[42,146,150],[8,89,142],[10,105,141],[1,84,138],[2,16,203],[2,41,201],[46,70,199],[67,80,193],[1,129,202],
[25,73,200],[48,49,198],[4,47,196],[7,77,168],[128,160,203],[11,156,159],[5,154,182],[3,153,180],[34,93,125],[11,18,91],
[33,92,134],[60,87,176],[20,91,157],[45,54,84],[7,15,79],[12,78,108],[63,75,104],[39,74,103],[27,71,155],[9,47,70],
[3,5,68],[45,63,149],[61,65,147],[27,135,184],[17,127,131],[31,57,127],[19,120,170],[51,116,157],[30,73,114],[96,113,129],
[53,79,111],[30,109,185],[75,105,135],[14,74,199],[10,28,197],[32,100,193],[52,106,192],[22,112,142],[50,99,101],[36,136,179],
[69,120,134],[11,68,80],[13,87,163],[29,43,140],[9,61,76],[10,23,72],[20,67,152],[7,33,65],[38,60,94],[6,59,111],
[5,57,109],[44,53,104],[70,88,171],[4,123,144],[22,48,102],[39,44,83],[40,54,174],[12,59,114],[2,23,154],[49,61,98],
[19,54,165],[18,45,64],[23,102,112],[17,31,126],[16,26,34],[35,136,161],[2,124,137],[42,116,168],[56,87,187],[16,28,39],
[79,136,169],[36,50,115],[50,85,125],[44,79,167],[39,56,95],[8,47,190],[23,55,174],[34,152,173],[26,90,183],[7,133,158],
[86,124,190],[85,122,188],[1,116,121],[68,114,162],[9,49,182],[6,25,46],[48,52,90],[33,35,69],[59,81,94],[13,29,71],
[24,25,34],[18,24,68],[61,93,156],[31,75,184],[4,58,180],[41,126,166],[7,8,22],[3,19,69],[35,60,132],[27,42,139],
[3,37,58],[12,143,144],[16,128,143],[6,28,83],[24,71,125],[8,86,100],[5,9,38],[5,6,24],[220,222,223],[218,222,224],
[215,223,224],[213,221,223],[210,220,221],[208,219,222],[206,217,220],[202,218,219],[200,217,222],[198,216,224],[196,214,223],[194,212,218],
[189,215,216],[187,213,214],[185,212,224],[183,211,221],[181,209,222],[179,207,220],[177,205,215],[175,204,213],[168,210,211],[166,208,209],
[164,206,207],[162,205,223],[160,204,221],[158,203,219],[156,201,217],[154,199,224],[153,197,223],[151,195,218],[149,193,210],[147,192,208],
[145,191,206],[135,202,203],[133,200,201],[131,198,199],[129,196,197],[127,194,195],[125,193,220],[124,192,219],[122,191,217],[120,190,216],
[118,188,214],[116,186,212],[114,184,221],[173,182,222],[113,180,220],[111,178,215],[109,176,213],[107,174,202],[105,173,200],[146,172,198],
[102,171,196],[145,170,194],[93,189,190],[91,187,188],[134,185,186],[138,183,184],[88,181,182],[87,179,180],[91,177,178],[84,175,176],
[83,174,218],[82,172,216],[81,171,214],[79,170,212],[124,169,211],[78,167,209],[77,165,207],[75,163,205],[74,161,204],[73,159,219],
[71,157,217],[142,155,224],[70,152,218],[69,150,210],[68,148,208],[66,146,206],[64,144,189],[63,143,187],[61,142,185],[141,183,195],
[58,140,181],[108,139,179],[138,145,177],[137,175,194],[49,168,169],[164,166,167],[46,164,165],[90,162,163],[160,161,190],[158,159,191],
[95,156,157],[43,154,155],[42,153,162],[41,151,152],[46,149,150],[63,147,148],[39,145,146],[38,144,215],[37,143,213],[82,141,211],
[36,140,209],[120,139,207],[35,138,205],[33,137,204],[82,136,203],[81,134,201],[130,132,199],[32,130,197],[106,128,195],[51,126,193],
[81,169,192],[31,123,191],[30,121,216],[29,119,214],[28,117,212],[115,167,221],[29,112,215],[27,110,213],[26,108,202],[86,106,200],
[25,104,198],[24,103,196],[83,101,168],[21,100,166],[99,117,164],[48,160,167],[98,158,178],[97,156,176],[20,96,154],[45,153,159],
[65,141,151],[95,149,194],[97,147,177],[94,145,175],[27,135,136],[90,133,134],[127,131,132],[129,130,202],[57,127,128],[93,125,126],
[122,123,169],[120,121,170],[118,119,212],[51,116,117],[73,114,115],[96,113,125],[53,111,112],[30,109,110],[57,107,108],[105,106,135],
[21,104,146],[102,103,117],[11,101,210],[92,100,208],[64,99,206],[98,160,203],[82,97,201],[74,96,199],[10,159,197],[95,100,193],
[52,97,192],[8,94,191],[82,92,188],[36,90,186],[89,142,184],[40,118,182],[112,142,180],[62,86,178],[85,176,178],[99,101,174],
[14,121,173],[36,136,172],[120,134,171],[11,80,170],[13,163,211],[110,113,209],[43,140,207],[9,76,205],[58,107,204],[103,132,219],
[72,130,217],[43,78,210],[10,72,208],[20,67,206],[7,65,189],[61,147,187],[62,165,185],[38,60,183],[6,59,181],[5,57,179],
[38,56,135],[37,55,133],[54,84,131],[53,104,129],[76,95,127],[37,124,132],[26,122,130],[52,118,150],[66,116,148],[70,88,114],
[28,113,119],[98,111,150],[22,97,109],[51,107,177],[105,131,175],[102,149,172],[50,145,147],[10,93,161],[20,91,92],[84,89,138],
[88,118,189],[87,142,187],[18,86,91],[84,85,148],[49,121,182],[79,80,136],[124,137,163],[78,110,205],[77,140,204],[75,76,99],
[14,74,107],[30,73,103],[29,71,72],[70,83,171],[35,69,78],[68,72,114],[13,66,67],[18,64,65],[61,62,93],[60,104,195],
[58,59,76],[1,56,202],[25,55,200],[48,54,198],[47,53,196],[124,139,190],[52,122,188],[66,160,186],[31,88,184],[4,119,180],
[51,54,174],[53,131,173],[15,66,172],[62,171,172],[19,50,170],[47,82,165],[74,133,163],[44,157,167],[12,78,155],[77,128,162],
[152,153,180],[44,148,207],[40,146,150],[56,95,144],[55,143,174],[10,92,141],[90,140,183],[1,55,138],[25,34,137],[2,201,203],
[41,126,201],[70,72,199],[67,181,197],[96,129,195],[54,80,193],[20,64,192],[45,63,191],[59,188,216],[57,89,214],[32,73,200],
[49,119,198],[4,155,196],[23,102,194],[7,22,168],[42,146,166],[48,102,164],[85,125,158],[11,21,156],[5,115,154],[3,19,153],
[18,24,151],[11,17,91],[92,123,134],[16,39,138],[87,88,176],[35,60,87],[51,91,157],[64,81,89],[7,79,118],[15,78,108],
[62,77,106],[75,104,137],[74,103,151],[29,43,73],[27,42,71],[9,70,110],[52,69,106],[3,66,68],[14,63,149],[105,108,141],
[4,49,123],[46,47,70],[39,44,95],[42,77,168],[41,153,166],[6,46,111],[44,63,104],[39,40,103],[27,155,184],[35,55,161],
[33,34,92],[81,94,126],[32,67,193],[96,106,192],[31,63,75],[30,59,114],[13,29,57],[29,38,140],[27,37,139],[32,86,100],
[25,73,119],[24,71,155],[2,23,137],[6,22,83],[48,49,98],[21,60,176],[20,115,157],[19,45,54],[31,126,189],[17,56,187],
[109,123,185],[16,26,183],[13,87,181],[35,136,179],[15,79,167],[122,151,161],[11,43,159],[42,116,157],[67,110,152],[99,143,144],
[14,16,143],[98,139,141],[13,128,160],[60,117,132],[32,50,115],[112,152,173],[12,108,175],[17,101,131],[100,123,144],[4,47,97],
[96,133,158],[93,156,159],[9,38,94],[47,186,190],[53,101,186],[23,154,182],[88,171,178],[16,34,173],[14,21,170],[19,165,211],
[18,45,209],[30,40,185],[36,115,179],[4,58,177],[3,69,135],[7,15,133],[37,58,127],[44,83,120],[1,84,116],[2,18,113],
[5,6,109],[1,17,164],[1,25,46],[48,80,90],[41,43,148],[41,85,122],[14,46,199],[36,45,149],[7,33,77],[33,65,130],
[32,65,147],[51,60,94],[59,81,111],[31,57,109],[30,113,129],[10,28,105],[27,67,80],[15,26,62],[21,89,107],[75,105,117],
[61,65,98],[12,59,94],[22,48,52],[8,9,47],[36,50,101],[23,40,174],[13,19,71],[40,54,165],[6,28,197],[3,5,38],
[3,15,37],[26,52,90],[2,16,28],[116,121,168],[17,126,166],[68,80,162],[7,8,158],[61,76,156],[2,41,154],[33,35,132],
[79,111,169],[1,121,129],[23,72,112],[8,89,100],[2,86,124],[76,85,188],[50,71,125],[136,161,169],[56,87,163],[12,114,162],
[42,139,150],[8,22,142],[16,128,203],[26,34,93],[33,69,134],[45,64,84],[39,56,74],[5,24,68],[17,31,127],[44,53,79],
[75,135,184],[22,102,112],[50,85,99],[19,69,120],[11,18,68],[9,49,61],[10,23,55],[20,34,152],[4,12,144],[12,128,143],
[5,9,182],[3,58,180],[24,34,125],[28,39,83],[8,86,190],[6,24,25]];
###############################################################

#SurfaceInfo: 112 Vertices, 1344 Edges, 896 Faces, IsOrientable=true
 #Vertices of faces:
vof2:=[[110,111,112],[108,109,111],[106,107,110],[105,108,110],[103,104,112],[101,102,111],[100,106,112],[98,99,109],[96,97,110],[94,95,108],
[93,103,111],[92,101,109],[90,91,107],[88,89,105],[86,87,112],[84,85,111],[82,83,106],[81,98,108],[95,96,107],[80,94,105],
[78,79,104],[76,77,102],[74,75,100],[73,78,109],[71,72,110],[70,83,108],[69,92,103],[68,97,101],[67,90,106],[66,88,110],
[83,86,104],[84,102,107],[65,82,100],[63,64,99],[61,62,97],[59,60,95],[58,59,93],[57,67,92],[56,98,107],[55,63,105],
[53,54,112],[51,52,111],[50,92,106],[49,80,98],[48,87,96],[47,85,94],[46,78,103],[45,76,101],[44,74,112],[78,97,99],
[71,97,104],[70,95,102],[43,69,93],[42,68,92],[40,41,91],[39,86,89],[37,38,87],[50,61,85],[36,83,89],[35,81,90],
[34,46,95],[45,53,80],[33,90,104],[32,88,102],[31,40,100],[30,75,109],[29,52,110],[31,36,108],[28,95,103],[41,80,101],
[27,65,90],[26,88,100],[25,86,102],[24,73,84],[23,72,82],[25,63,98],[42,61,96],[59,74,94],[22,58,111],[21,67,109],
[87,91,98],[63,85,89],[53,87,109],[51,85,99],[50,83,97],[20,49,81],[19,48,95],[18,47,80],[18,21,79],[38,62,77],
[17,75,101],[33,43,73],[28,37,72],[41,61,83],[16,75,92],[15,67,78],[16,66,76],[14,81,83],[13,25,107],[42,65,84],
[40,76,99],[12,74,97],[21,24,93],[38,72,92],[39,59,107],[11,57,105],[10,52,112],[31,34,111],[16,24,106],[18,65,96],
[62,94,100],[9,43,78],[8,42,76],[11,74,93],[12,78,95],[55,56,71],[7,55,70],[20,54,69],[44,52,68],[40,68,90],
[12,86,88],[19,37,86],[18,61,84],[58,82,89],[19,35,108],[46,63,107],[23,45,105],[79,90,102],[73,77,88],[40,72,75],
[73,75,105],[29,72,91],[28,87,92],[41,85,97],[27,47,67],[26,37,66],[25,45,83],[9,24,107],[23,64,65],[33,50,60],
[30,59,96],[6,57,94],[56,73,80],[20,40,55],[54,70,76],[43,52,56],[18,37,92],[57,58,80],[13,46,98],[5,45,63],
[44,60,61],[4,66,97],[35,68,104],[12,29,102],[19,43,71],[18,42,70],[21,61,91],[38,59,89],[5,58,87],[46,67,85],
[7,23,81],[54,77,95],[33,52,80],[17,89,104],[6,34,100],[27,31,109],[14,24,110],[13,72,108],[55,60,103],[7,58,101],
[43,64,86],[38,82,93],[20,22,63],[3,19,61],[10,18,59],[6,58,105],[54,67,81],[5,83,98],[31,33,53],[32,51,87],
[4,31,50],[30,37,49],[22,48,52],[21,31,47],[21,48,78],[38,47,76],[5,74,101],[37,64,71],[61,65,70],[69,75,88],
[15,45,106],[9,16,110],[40,81,104],[20,42,100],[64,76,95],[56,62,74],[21,54,59],[38,52,57],[56,59,100],[55,57,112],
[10,54,79],[34,52,77],[18,72,87],[62,83,85],[9,23,46],[8,45,82],[11,44,76],[49,55,104],[7,22,102],[20,41,43],
[39,42,44],[28,36,73],[11,84,90],[26,34,82],[3,53,106],[33,56,65],[32,55,100],[20,31,32],[43,65,80],[34,65,88],
[35,53,100],[25,29,88],[32,40,42],[2,74,86],[22,36,37],[2,44,87],[1,85,93],[15,48,109],[16,47,99],[5,10,97],
[9,20,51],[19,50,64],[37,63,79],[23,61,77],[75,77,89],[2,35,73],[46,72,81],[4,20,67],[44,48,66],[30,60,107],
[52,65,73],[6,99,104],[14,26,93],[3,13,92],[8,72,105],[4,7,111],[35,54,106],[4,88,96],[35,48,94],[20,39,78],
[69,77,105],[33,68,81],[40,47,66],[1,37,45],[9,17,61],[51,64,89],[3,35,112],[30,45,66],[32,90,92],[2,88,97],
[2,24,28],[1,41,72],[27,39,76],[11,26,43],[25,52,66],[19,24,31],[23,24,63],[33,59,82],[32,58,96],[2,67,94],
[41,53,76],[39,43,51],[37,43,50],[49,57,103],[13,42,103],[49,60,112],[38,66,99],[19,47,93],[33,38,58],[32,50,67],
[23,30,90],[33,89,93],[27,30,64],[14,52,62],[13,31,60],[54,64,102],[22,25,44],[3,42,69],[10,68,74],[6,22,61],
[26,87,99],[20,37,62],[17,19,22],[16,56,70],[6,71,78],[11,14,69],[13,68,69],[1,84,103],[12,31,93],[12,24,47],
[14,43,74],[15,84,93],[12,34,103],[12,19,21],[18,28,38],[15,21,73],[5,24,105],[23,60,91],[2,27,85],[29,47,49],
[28,41,45],[9,39,41],[59,62,75],[57,60,104],[7,15,56],[15,16,55],[2,46,47],[36,39,104],[11,91,102],[31,42,55],
[26,91,109],[3,89,99],[4,69,81],[1,35,95],[17,29,80],[3,54,100],[2,4,110],[1,48,108],[15,85,103],[16,30,101],
[15,25,82],[17,47,98],[48,67,73],[21,23,44],[29,41,75],[1,15,111],[16,17,109],[28,76,80],[7,74,87],[8,18,54],
[8,59,79],[6,11,80],[24,45,55],[7,9,72],[7,44,86],[69,73,89],[28,35,84],[7,46,82],[20,36,79],[27,34,108],
[26,53,98],[18,29,98],[27,36,111],[44,77,91],[9,81,82],[33,35,40],[12,28,46],[8,11,39],[24,35,36],[30,39,95],
[22,66,68],[1,19,94],[17,18,49],[48,51,58],[6,9,19],[3,51,63],[4,49,54],[8,71,108],[14,70,98],[5,23,55],
[13,71,105],[5,70,81],[5,14,108],[64,70,77],[13,56,63],[2,7,112],[8,15,83],[10,23,27],[22,62,79],[50,57,90],
[34,36,109],[53,91,99],[4,13,33],[5,32,48],[71,79,99],[6,79,97],[11,79,107],[1,75,91],[1,49,66],[14,16,107],
[10,30,65],[17,30,92],[8,25,106],[39,60,96],[11,58,94],[5,12,68],[6,82,88],[25,46,56],[34,57,62],[8,13,110],
[4,58,102],[3,64,85],[10,64,90],[6,26,65],[4,22,101],[56,75,94],[15,70,71],[25,48,68],[9,14,106],[21,60,77],
[49,67,69],[16,38,40],[3,6,17],[7,16,71],[17,39,83],[26,45,49],[3,9,22],[1,29,40],[17,36,86],[1,26,30],
[10,51,110],[29,51,112],[2,66,96],[32,57,106],[41,50,62],[29,32,86],[8,27,44],[28,34,78],[79,84,91],[12,25,32],
[14,57,77],[11,27,42],[3,68,103],[10,12,101],[26,69,74],[14,34,38],[13,50,53],[10,29,111],[41,51,78],[5,51,96],
[36,62,63],[27,46,94],[4,53,60],[8,10,21],[28,53,101],[2,36,84],[50,71,86],[70,84,96],[108,110,111],[106,110,112],
[103,111,112],[101,109,111],[98,108,109],[96,107,110],[94,105,108],[90,106,107],[88,105,110],[86,104,112],[84,102,111],[82,100,106],
[78,103,104],[76,101,102],[74,100,112],[78,99,109],[71,97,110],[70,95,108],[69,93,103],[68,92,101],[63,98,99],[61,96,97],
[59,94,95],[58,93,111],[67,92,109],[91,98,107],[63,89,105],[53,87,112],[51,85,111],[50,83,106],[49,81,98],[48,95,96],
[47,80,94],[40,90,91],[86,88,89],[37,86,87],[61,84,85],[82,83,89],[35,81,108],[46,95,107],[45,80,105],[79,90,104],
[77,88,102],[40,75,100],[73,75,109],[29,72,110],[36,83,108],[28,92,103],[41,97,101],[27,67,90],[26,66,88],[25,83,86],
[24,84,107],[23,65,82],[21,78,79],[38,76,77],[74,75,101],[43,73,78],[37,71,72],[61,70,83],[69,75,92],[68,97,104],
[15,67,106],[16,66,110],[81,83,104],[25,102,107],[42,65,100],[64,76,99],[62,74,97],[60,95,103],[21,59,93],[38,57,92],
[56,59,107],[55,57,105],[10,54,112],[34,52,111],[16,92,106],[56,80,98],[18,87,96],[62,85,94],[9,46,78],[8,45,76],
[11,44,74],[12,78,97],[55,71,104],[7,70,102],[20,43,69],[42,44,68],[23,63,64],[61,62,77],[33,59,60],[58,59,96],
[57,67,94],[20,55,63],[53,54,76],[43,51,52],[37,50,92],[49,57,80],[48,87,109],[47,85,99],[13,46,103],[5,45,101],
[44,60,112],[66,97,99],[12,95,102],[19,43,93],[18,42,92],[41,61,91],[39,59,89],[38,58,87],[50,67,85],[23,81,90],
[34,77,95],[33,53,80],[33,89,104],[32,90,102],[31,34,100],[27,30,109],[14,52,110],[13,31,108],[58,80,101],[33,65,90],
[32,88,100],[64,86,102],[65,73,84],[38,72,82],[22,25,63],[3,42,61],[10,59,74],[6,22,58],[21,54,67],[5,87,98],
[46,63,85],[31,53,109],[51,87,99],[4,50,97],[20,37,49],[19,22,48],[18,21,47],[20,40,41],[39,44,86],[37,38,62],
[50,60,61],[36,73,89],[35,84,90],[34,46,82],[45,53,106],[31,40,47],[30,59,75],[29,52,80],[20,31,36],[28,76,95],
[41,43,80],[27,34,65],[26,53,100],[24,73,105],[23,72,91],[25,29,98],[32,42,96],[2,74,94],[22,36,111],[21,91,109],
[44,87,91],[85,89,93],[5,83,97],[9,20,81],[19,64,95],[18,65,80],[18,37,79],[17,75,89],[33,35,73],[28,46,72],
[41,45,83],[20,67,78],[44,66,76],[14,62,83],[13,60,107],[40,99,104],[14,24,93],[13,72,92],[9,39,107],[8,11,105],
[52,57,112],[4,31,111],[24,35,106],[65,88,96],[35,94,100],[40,42,76],[12,74,93],[39,78,95],[43,56,71],[42,55,70],
[54,69,77],[33,52,68],[40,66,68],[12,19,86],[1,19,37],[17,18,61],[51,58,89],[3,19,35],[23,30,45],[2,73,88],
[40,72,81],[72,75,105],[29,91,102],[2,28,87],[1,41,85],[27,47,76],[26,37,43],[25,45,66],[9,19,24],[17,22,101],
[33,43,50],[28,36,37],[16,56,75],[15,71,78],[16,70,76],[14,69,81],[13,25,68],[42,84,103],[21,23,24],[11,57,90],
[10,52,65],[16,24,47],[20,62,100],[9,14,43],[8,13,42],[11,84,93],[55,56,100],[7,55,112],[20,54,79],[44,52,77],
[10,68,90],[12,34,88],[18,28,84],[7,58,82],[19,71,108],[63,79,107],[23,77,105],[22,79,102],[21,73,77],[32,87,92],
[2,85,97],[47,49,67],[22,37,66],[43,64,65],[6,57,104],[15,56,73],[16,40,55],[54,70,81],[25,52,56],[46,47,98],
[37,45,63],[22,44,61],[35,36,104],[38,89,99],[4,7,81],[35,54,95],[17,49,104],[3,6,100],[2,24,110],[1,72,108],
[15,55,103],[7,16,101],[43,74,86],[15,82,93],[19,21,61],[18,38,59],[5,58,105],[46,67,81],[17,83,98],[20,32,51],
[19,31,50],[30,49,60],[48,52,73],[21,44,48],[38,47,93],[30,37,64],[6,61,65],[29,75,88],[1,15,45],[9,16,17],
[20,39,42],[7,56,74],[38,52,66],[54,59,100],[10,79,97],[8,18,72],[9,23,61],[8,59,82],[11,76,80],[45,49,55],
[7,9,22],[30,66,96],[6,19,94],[28,73,80],[32,57,58],[13,53,98],[5,51,63],[4,49,66],[35,48,68],[12,29,47],
[18,70,98],[7,23,44],[6,34,78],[27,31,42],[23,55,60],[4,20,22],[10,18,29],[6,71,105],[31,33,93],[22,52,62],
[21,31,60],[48,51,78],[5,14,74],[64,70,71],[56,65,70],[4,69,88],[9,51,110],[56,62,63],[7,72,87],[15,83,85],
[23,27,46],[26,45,82],[26,34,109],[3,53,99],[13,33,56],[5,32,55],[12,31,32],[25,82,88],[15,16,109],[16,71,99],
[75,77,91],[2,4,67],[1,48,66],[16,30,107],[6,26,99],[1,26,93],[3,17,92],[7,15,111],[8,54,106],[4,60,96],
[48,58,94],[13,69,105],[5,68,81],[64,77,89],[2,35,112],[30,90,92],[6,88,97],[24,28,45],[9,41,72],[27,36,39],
[11,26,91],[24,31,55],[33,81,82],[39,41,76],[11,39,43],[34,57,103],[17,19,47],[4,33,58],[32,48,67],[27,64,85],
[3,54,64],[3,69,89],[26,74,87],[3,9,106],[28,35,53],[29,32,40],[2,36,86],[2,27,44],[15,25,48],[5,10,23],
[50,64,90],[14,26,98],[3,13,63],[2,47,66],[10,51,64],[3,51,112],[24,36,63],[41,50,53],[39,51,96],[1,49,103],
[29,49,112],[33,38,40],[32,50,86],[4,54,102],[8,25,44],[11,42,69],[68,69,74],[11,14,107],[1,84,91],[5,12,24],
[12,68,103],[53,60,91],[59,62,79],[57,60,77],[2,7,46],[39,60,104],[11,58,102],[1,30,95],[6,17,80],[4,13,110],
[5,48,108],[3,85,103],[10,30,101],[41,62,75],[18,49,54],[8,71,79],[6,11,79],[67,69,73],[14,34,108],[6,9,82],
[1,35,40],[12,25,46],[8,39,83],[17,30,39],[1,75,94],[15,70,84],[10,12,21],[28,34,38],[8,15,21],[28,41,78],
[17,29,86],[29,41,51],[1,29,111],[17,36,109],[7,71,86],[36,79,84],[8,27,108],[10,27,111],[12,28,101],[3,22,68],
[14,70,77],[34,36,62],[79,91,99],[26,30,65],[25,32,106],[11,27,94],[50,57,62],[46,56,94],[14,57,106],[26,49,69],
[14,16,38],[13,50,71],[5,70,96],[8,10,110],[4,53,101],[2,84,96]];
###############################################################

#SurfaceInfo: 192 Vertices, 1344 Edges, 896 Faces, IsOrientable=true
 #Vertices of faces:
vof3:=[[190,191,192],[188,189,191],[186,187,192],[185,188,190],[183,184,190],[181,182,189],[180,186,191],[178,179,191],[176,177,187],[174,175,185],
[173,183,192],[172,181,188],[170,171,192],[168,169,188],[166,167,184],[164,165,182],[162,163,180],[161,178,189],[160,176,186],[159,174,190],
[157,158,190],[155,156,189],[153,154,186],[151,152,179],[149,150,177],[147,148,175],[145,146,173],[143,144,172],[142,170,187],[141,168,185],
[140,166,183],[140,164,181],[139,162,191],[138,146,191],[136,137,187],[134,135,185],[133,138,183],[131,132,181],[129,130,171],[127,128,169],
[125,126,167],[123,124,165],[121,122,163],[120,130,161],[118,119,160],[116,117,159],[115,157,184],[115,155,182],[114,153,180],[113,151,178],
[149,172,176],[113,147,174],[112,145,192],[111,143,188],[169,175,192],[110,130,188],[108,109,184],[107,153,182],[106,147,180],[105,110,178],
[104,111,176],[103,137,174],[101,102,158],[100,156,157],[99,124,154],[97,98,152],[95,96,150],[94,106,148],[93,135,146],[92,104,144],
[91,102,142],[90,141,157],[88,89,140],[109,126,140],[87,132,139],[86,146,179],[136,161,177],[86,134,175],[85,133,173],[84,131,172],
[83,129,170],[127,160,168],[125,160,166],[123,159,164],[83,121,162],[82,120,189],[81,118,186],[89,116,190],[154,163,190],[184,187,189],
[80,102,186],[78,79,179],[77,133,177],[76,131,175],[75,121,173],[80,103,170],[74,158,168],[81,116,166],[73,89,164],[72,109,162],
[71,81,138],[70,137,178],[69,96,138],[68,94,132],[66,67,130],[65,118,128],[94,126,127],[64,83,124],[75,122,123],[63,116,119],
[62,73,117],[78,115,152],[61,71,115],[74,114,178],[70,113,139],[156,165,172],[79,98,113],[60,104,112],[59,103,111],[58,171,175],
[130,142,169],[108,142,167],[107,141,165],[58,106,163],[57,105,161],[56,111,160],[60,137,159],[55,101,157],[54,100,155],[124,140,153],
[97,140,151],[95,139,149],[55,135,145],[54,92,143],[53,91,187],[52,90,185],[88,131,183],[67,126,181],[132,144,191],[179,182,185],
[51,152,183],[50,71,181],[49,120,171],[48,119,169],[47,167,168],[46,105,165],[79,111,163],[45,92,161],[51,72,157],[50,154,155],
[44,153,179],[67,151,162],[43,144,149],[122,139,147],[105,145,156],[42,79,143],[41,131,169],[40,67,110],[39,109,170],[56,153,168],
[38,64,110],[37,104,123],[36,103,150],[34,35,102],[64,88,99],[98,150,166],[33,55,96],[32,54,94],[93,95,134],[45,104,106],
[31,89,132],[43,68,87],[48,86,128],[30,41,161],[29,40,86],[44,85,170],[84,133,168],[39,83,112],[137,150,160],[135,148,159],
[49,67,83],[73,82,114],[28,72,81],[27,89,154],[38,158,163],[43,156,187],[102,115,154],[77,114,150],[76,148,173],[38,75,146],
[40,103,142],[26,74,141],[25,81,140],[109,117,139],[49,81,146],[24,70,136],[96,133,172],[94,113,131],[66,129,172],[65,113,127],
[94,112,125],[83,111,123],[24,63,118],[62,95,116],[23,78,184],[28,61,182],[32,74,180],[35,165,176],[98,101,174],[104,119,192],
[103,117,188],[171,177,180],[22,128,178],[41,61,176],[21,40,174],[76,91,158],[66,90,156],[20,74,148],[89,119,144],[19,63,142],
[18,62,141],[22,42,146],[61,136,138],[21,132,134],[90,133,171],[35,129,145],[101,127,143],[17,119,125],[16,117,123],[93,112,121],
[74,120,135],[15,49,118],[14,111,154],[17,137,184],[13,35,80],[12,79,155],[25,133,153],[33,80,86],[11,32,158],[10,73,106],
[9,72,126],[8,25,71],[33,69,143],[32,68,70],[118,124,151],[14,49,64],[7,24,123],[19,75,116],[18,73,149],[33,103,139],
[17,37,60],[16,36,59],[27,58,99],[14,50,142],[17,23,141],[13,18,58],[41,57,155],[60,105,183],[55,100,159],[12,54,82],
[35,55,76],[54,66,101],[43,53,85],[52,84,122],[6,105,131],[15,42,67],[11,138,144],[16,135,182],[138,152,161],[71,86,132],
[47,85,126],[46,84,124],[79,122,185],[11,45,130],[13,72,115],[10,44,114],[6,67,113],[87,112,156],[5,39,108],[9,56,107],
[64,105,159],[34,101,160],[82,97,150],[55,81,95],[54,89,106],[5,31,88],[7,48,179],[6,30,177],[15,29,175],[7,44,173],
[8,148,164],[73,109,189],[72,87,186],[158,167,173],[29,99,170],[14,30,166],[17,29,164],[13,45,162],[34,74,137],[16,44,122],
[21,31,115],[22,68,114],[47,63,130],[30,108,169],[29,107,110],[8,100,120],[44,97,109],[4,87,95],[82,92,129],[44,91,147],
[3,76,88],[53,66,126],[51,57,98],[2,8,50],[8,49,136],[5,119,134],[51,58,65],[2,43,75],[1,122,149],[3,42,98],
[1,41,84],[4,6,40],[14,38,116],[7,37,39],[36,56,96],[88,96,129],[33,71,76],[31,32,66],[5,52,95],[9,30,106],
[22,43,125],[65,72,112],[4,9,28],[11,38,69],[22,38,57],[14,40,136],[17,26,134],[49,93,180],[8,24,53],[24,34,151],
[16,28,57],[32,56,93],[3,15,35],[53,63,101],[69,110,117],[4,147,177],[110,128,141],[41,58,104],[20,60,94],[19,48,102],
[18,69,157],[2,42,86],[2,85,90],[35,59,83],[59,82,135],[12,39,78],[25,46,77],[52,65,124],[24,75,144],[33,39,70],
[27,52,171],[50,59,167],[23,34,165],[3,18,163],[42,59,181],[68,91,155],[23,31,151],[19,57,145],[2,18,143],[4,90,93],
[29,37,85],[36,47,84],[31,102,107],[18,77,80],[1,70,91],[41,65,79],[52,62,100],[78,90,121],[28,55,98],[22,26,118],
[1,26,61],[4,19,21],[1,76,108],[4,66,107],[16,19,45],[12,93,125],[12,14,56],[13,20,59],[11,31,162],[10,12,30],
[9,25,127],[64,70,100],[7,34,92],[46,50,75],[3,23,149],[16,47,97],[42,82,125],[6,20,46],[11,26,47],[13,71,108],
[1,5,23],[5,97,129],[15,26,58],[7,25,148],[80,87,128],[20,121,167],[80,99,114],[17,43,73],[21,27,152],[8,27,54],
[28,53,147],[5,12,48],[32,64,96],[9,45,117],[39,65,100],[15,28,176],[27,63,174],[37,78,136],[36,61,134],[7,33,127],
[13,26,120],[10,57,91],[51,60,99],[77,92,152],[22,47,51],[37,56,61],[48,92,145],[10,29,88],[20,21,45],[20,34,77],
[2,27,77],[3,6,166],[52,63,97],[25,30,62],[15,53,164],[10,48,107],[51,69,85],[2,40,78],[3,10,38],[50,68,84],
[1,11,24],[6,23,121],[19,46,87],[62,108,120],[46,62,128],[21,36,60],[9,37,69],[36,68,99],[188,190,191],[186,191,192],
[183,190,192],[181,188,189],[178,189,191],[176,186,187],[174,185,190],[170,187,192],[168,185,188],[166,183,184],[164,181,182],[162,180,191],
[157,184,190],[155,182,189],[153,180,186],[151,178,179],[149,176,177],[147,174,175],[145,173,192],[143,172,188],[146,179,191],[136,177,187],
[134,175,185],[133,173,183],[131,172,181],[129,170,171],[127,168,169],[125,166,167],[123,164,165],[121,162,163],[120,161,189],[118,160,186],
[116,159,190],[171,175,192],[130,169,188],[108,167,184],[107,165,182],[106,163,180],[105,161,178],[111,160,176],[137,159,174],[101,157,158],
[100,155,156],[124,153,154],[97,151,152],[95,149,150],[106,147,148],[135,145,146],[92,143,144],[91,142,187],[90,141,185],[88,140,183],
[126,140,181],[132,139,191],[158,163,190],[156,187,189],[102,154,186],[78,152,179],[77,150,177],[76,148,175],[75,146,173],[144,149,172],
[103,142,170],[74,141,168],[81,140,166],[89,140,164],[109,139,162],[81,138,146],[70,136,137],[93,134,135],[96,133,138],[94,131,132],
[66,129,130],[65,127,128],[94,125,126],[83,123,124],[75,121,122],[120,130,171],[63,118,119],[62,116,117],[78,115,184],[61,115,182],
[74,114,180],[70,113,178],[165,172,176],[98,113,174],[104,112,192],[103,111,188],[138,144,191],[137,184,187],[135,182,185],[138,152,183],
[71,132,181],[48,128,169],[47,126,167],[46,124,165],[79,122,163],[45,130,161],[119,125,160],[117,123,159],[72,115,157],[115,154,155],
[44,114,153],[67,113,151],[113,139,147],[112,145,156],[79,111,143],[131,169,175],[67,110,130],[39,108,109],[56,107,153],[64,105,110],
[104,111,123],[103,137,150],[34,101,102],[55,100,157],[64,99,124],[97,98,150],[55,95,96],[54,94,106],[45,92,104],[91,102,158],
[90,156,157],[31,88,89],[72,109,126],[68,87,132],[48,86,179],[30,161,177],[29,86,175],[44,85,173],[84,133,172],[39,83,170],
[56,160,168],[150,160,166],[148,159,164],[67,83,162],[73,82,189],[72,81,186],[89,154,190],[119,169,192],[110,117,188],[109,184,189],
[153,179,182],[147,177,180],[110,128,178],[41,104,176],[40,103,174],[27,99,154],[51,98,152],[36,96,150],[20,94,148],[49,93,146],
[104,119,144],[19,102,142],[18,141,157],[97,109,140],[87,95,139],[42,86,146],[136,138,161],[86,132,134],[85,90,133],[41,84,131],
[35,83,129],[101,127,160],[83,112,121],[82,120,135],[49,81,118],[89,116,119],[111,154,163],[35,80,102],[12,78,79],[25,77,133],
[76,88,131],[33,80,103],[32,74,158],[81,95,116],[73,89,106],[25,71,81],[33,69,96],[32,68,94],[66,67,126],[65,118,124],
[94,113,127],[49,64,83],[24,75,123],[19,63,116],[18,62,73],[61,71,138],[74,137,178],[33,70,139],[105,156,165],[42,79,98],
[37,60,104],[36,59,103],[27,58,171],[108,142,169],[50,142,167],[23,141,165],[18,58,163],[41,57,161],[60,105,159],[12,54,155],
[25,140,153],[124,140,151],[122,139,149],[35,55,145],[54,101,143],[43,53,187],[52,122,185],[105,131,183],[42,67,181],[80,87,186],
[79,179,185],[133,171,177],[121,167,173],[80,99,170],[158,167,168],[14,116,166],[17,73,164],[13,72,162],[11,69,138],[22,118,128],
[9,126,127],[16,122,123],[73,109,117],[21,115,152],[13,71,115],[22,114,178],[66,156,172],[65,79,113],[60,94,112],[59,83,111],
[15,58,175],[63,130,142],[107,110,141],[58,104,106],[57,105,145],[14,56,111],[17,60,137],[55,98,101],[8,54,100],[55,135,159],
[54,82,92],[53,91,147],[52,90,171],[89,132,144],[8,50,71],[8,49,120],[5,48,119],[47,84,168],[6,46,105],[51,65,72],
[14,50,154],[7,44,179],[43,75,144],[6,40,67],[14,38,64],[7,37,123],[34,35,165],[64,88,96],[33,55,76],[32,54,66],
[5,95,134],[9,45,106],[21,31,132],[22,43,68],[30,41,169],[29,40,110],[44,109,170],[133,153,168],[39,65,112],[74,135,148],
[15,49,67],[10,73,114],[9,28,72],[11,38,158],[43,87,156],[82,114,150],[7,148,173],[22,38,146],[14,40,142],[17,26,141],
[103,117,139],[8,24,136],[6,113,131],[96,129,172],[93,112,125],[24,118,151],[17,23,184],[16,28,182],[32,93,180],[15,35,176],
[63,101,174],[51,60,183],[50,59,181],[49,171,180],[92,152,161],[51,69,157],[50,68,155],[31,151,162],[43,73,149],[44,122,147],
[2,42,143],[38,69,110],[29,88,99],[3,98,166],[4,93,95],[80,86,128],[2,40,86],[29,85,170],[34,137,160],[28,55,81],
[27,54,89],[3,38,163],[31,102,115],[77,80,114],[76,158,173],[38,75,116],[26,74,120],[1,24,70],[24,53,63],[52,62,95],
[23,78,121],[28,61,176],[1,41,61],[4,21,40],[1,76,91],[4,66,90],[20,34,74],[22,42,125],[17,119,134],[16,45,117],
[13,35,59],[33,71,86],[11,31,32],[10,30,106],[8,25,148],[33,127,143],[32,64,70],[14,49,136],[7,24,34],[19,46,75],
[3,18,149],[17,29,37],[16,36,47],[13,18,80],[41,79,155],[64,100,159],[12,82,125],[3,35,76],[53,66,101],[2,43,85],
[1,84,122],[3,15,42],[16,59,135],[53,85,126],[52,84,124],[11,47,130],[72,87,112],[1,5,108],[4,9,107],[82,97,129],
[5,88,129],[4,6,177],[8,53,164],[21,27,174],[62,128,141],[37,61,136],[21,36,134],[92,129,145],[17,43,125],[90,93,121],
[15,26,118],[18,69,143],[68,70,91],[51,58,99],[13,26,58],[57,91,155],[11,24,144],[47,51,85],[46,50,84],[11,45,162],
[10,44,91],[5,12,39],[9,37,56],[5,23,31],[7,48,92],[6,30,166],[15,29,164],[12,14,30],[13,20,45],[16,44,97],
[47,63,97],[4,19,87],[28,57,98],[2,8,27],[41,58,65],[2,50,75],[1,23,149],[7,33,39],[32,56,96],[71,76,108],
[31,66,107],[5,52,97],[9,25,30],[22,51,57],[23,34,151],[16,19,57],[12,56,93],[4,28,147],[48,102,107],[42,59,82],
[37,39,78],[20,46,77],[52,65,100],[39,70,100],[20,59,167],[68,99,114],[30,62,108],[10,29,107],[62,100,120],[3,10,88],
[36,56,61],[10,38,57],[40,78,136],[26,61,134],[9,69,117],[20,21,60],[19,48,145],[2,78,90],[25,46,62],[27,52,63],
[2,18,77],[1,11,26],[19,21,45],[7,25,127],[34,77,92],[3,6,23],[22,26,47],[6,20,121],[27,77,152],[15,28,53],
[10,12,48],[37,69,85],[36,68,84],[13,108,120],[46,87,128],[36,60,99]];
###############################################################

#SurfaceInfo: 112 Vertices, 1344 Edges, 896 Faces, IsOrientable=true
 #Vertices of faces:
vof4:=[[110,111,112],[108,109,111],[106,107,110],[105,108,110],[103,104,112],[101,102,111],[100,106,112],[98,99,109],[96,97,110],[94,95,108],
[93,103,111],[92,101,109],[90,91,107],[88,89,105],[86,87,112],[84,85,111],[82,83,106],[81,98,108],[84,96,107],[80,94,105],
[79,85,104],[78,91,102],[77,80,100],[76,93,109],[75,98,110],[73,74,108],[71,72,103],[69,70,101],[68,90,106],[87,88,110],
[75,86,104],[73,84,102],[67,82,100],[66,74,99],[65,79,97],[78,90,95],[64,67,93],[68,92,100],[63,105,107],[75,81,105],
[90,92,112],[86,88,111],[61,62,106],[60,72,98],[58,59,96],[56,57,94],[55,85,103],[63,91,101],[77,102,112],[76,86,99],
[61,75,97],[73,95,96],[71,89,93],[54,69,92],[53,62,91],[52,89,97],[60,87,99],[51,66,85],[65,83,85],[50,54,81],
[55,84,93],[63,80,92],[49,100,104],[80,91,109],[77,101,110],[76,103,108],[47,48,103],[45,46,101],[60,71,88],[43,44,86],
[41,42,84],[39,40,82],[43,74,98],[49,79,96],[77,78,94],[64,97,111],[68,95,109],[75,76,89],[47,87,92],[45,85,86],
[61,83,86],[72,81,104],[38,58,84],[37,56,80],[37,48,79],[36,46,78],[35,80,87],[34,53,98],[35,52,74],[51,70,74],
[33,38,68],[32,37,87],[43,73,81],[49,67,84],[31,92,99],[67,79,107],[78,100,105],[64,96,112],[68,94,111],[63,106,108],
[30,39,98],[29,31,96],[27,28,94],[25,26,76],[24,30,75],[22,23,73],[20,21,71],[18,19,69],[62,69,90],[25,88,97],
[31,66,84],[64,65,82],[50,85,108],[55,83,107],[30,80,93],[31,98,101],[27,74,76],[47,72,101],[45,70,76],[32,43,75],
[17,41,73],[39,66,67],[29,46,65],[20,28,90],[16,67,102],[65,93,100],[15,37,90],[14,36,88],[16,35,62],[34,59,62],
[35,57,97],[23,32,55],[13,17,63],[54,66,102],[61,68,69],[25,87,96],[31,54,73],[12,84,91],[11,80,89],[89,99,104],
[50,84,109],[55,82,110],[49,103,106],[10,18,88],[12,36,86],[11,21,84],[9,42,82],[15,55,75],[8,28,92],[7,10,86],
[10,50,61],[16,53,72],[6,19,58],[8,48,56],[48,58,85],[46,56,91],[13,77,87],[12,53,75],[11,52,73],[50,51,69],
[33,98,106],[32,74,110],[43,70,102],[28,67,105],[10,81,100],[12,90,96],[11,88,94],[9,62,63],[30,60,94],[31,59,63],
[27,57,75],[25,64,86],[5,24,61],[6,22,96],[20,53,89],[18,52,54],[29,36,60],[21,28,51],[42,56,85],[29,54,95],
[60,93,105],[51,81,92],[44,67,91],[4,46,77],[3,20,103],[16,48,52],[15,44,48],[14,42,46],[16,40,87],[43,59,64],
[3,5,49],[2,6,77],[38,53,97],[37,52,95],[47,55,58],[45,56,63],[13,86,102],[12,38,61],[11,37,96],[45,75,79],
[12,73,78],[27,67,80],[33,75,107],[32,73,105],[71,81,112],[43,69,111],[12,20,76],[16,49,73],[11,30,71],[4,23,69],
[40,62,80],[2,18,101],[1,47,76],[2,33,47],[32,45,47],[7,19,43],[8,38,41],[39,41,74],[29,39,79],[28,78,82],
[3,64,102],[2,68,93],[37,45,92],[27,35,61],[33,34,58],[32,35,56],[23,90,103],[13,88,101],[54,62,112],[59,69,97],
[25,57,95],[42,89,100],[27,77,82],[11,48,49],[10,71,106],[12,44,49],[11,42,77],[9,40,92],[50,55,76],[8,26,47],
[7,9,45],[36,53,104],[6,35,38],[34,42,57],[23,74,82],[36,38,83],[21,37,107],[34,68,84],[70,79,89],[26,54,78],
[1,29,64],[5,28,68],[25,56,108],[26,39,44],[4,29,30],[3,23,28],[21,52,102],[19,29,93],[44,69,88],[25,42,50],
[9,31,34],[7,22,64],[17,36,85],[35,66,83],[30,41,43],[31,39,49],[3,97,101],[2,76,95],[12,17,45],[27,66,86],
[45,61,65],[9,67,89],[54,61,100],[23,92,104],[72,87,109],[58,69,110],[52,61,76],[10,49,72],[1,50,58],[5,56,59],
[21,48,67],[19,46,100],[33,48,94],[14,63,73],[13,30,33],[27,30,64],[1,8,25],[24,32,41],[17,22,40],[20,24,62],
[18,22,97],[20,36,99],[18,21,66],[42,65,71],[34,50,95],[22,55,105],[33,63,81],[9,16,47],[15,23,43],[13,14,41],
[16,39,54],[59,91,98],[3,77,96],[2,94,103],[38,48,111],[37,46,109],[44,58,87],[13,40,83],[9,64,71],[12,26,31],
[23,49,68],[4,19,80],[15,30,40],[11,18,31],[1,4,27],[7,16,32],[17,38,65],[14,23,83],[50,62,71],[32,46,72],
[17,20,70],[57,66,104],[59,80,99],[21,24,50],[26,42,55],[13,39,106],[15,18,26],[1,28,36],[5,10,21],[16,79,95],
[19,36,105],[8,21,81],[58,70,77],[26,56,103],[11,12,15],[4,11,14],[5,46,98],[6,20,74],[52,65,70],[24,28,69],
[10,22,25],[34,85,94],[22,63,83],[5,31,45],[6,12,27],[9,53,101],[31,47,60],[27,45,51],[4,54,104],[38,47,93],
[95,102,107],[43,58,112],[41,56,111],[35,47,63],[14,33,43],[57,74,89],[4,49,61],[2,10,13],[9,28,88],[24,40,55],
[8,24,54],[7,46,53],[6,10,87],[6,53,57],[23,51,72],[15,33,83],[14,32,107],[25,44,59],[3,4,24],[2,3,22],
[20,38,52],[18,29,37],[44,79,90],[42,78,88],[22,82,108],[17,39,108],[29,66,107],[26,41,93],[3,21,72],[2,19,70],
[4,50,72],[1,19,67],[5,8,100],[10,19,44],[1,9,14],[5,32,60],[6,17,51],[3,59,70],[28,60,64],[40,53,109],
[52,83,99],[8,33,57],[17,30,81],[2,26,57],[8,20,112],[41,57,68],[15,82,98],[26,29,90],[7,56,62],[35,59,60],
[51,57,79],[8,42,58],[14,74,106],[9,11,27],[4,36,94],[1,38,109],[5,37,99],[83,97,104],[25,41,109],[24,39,110],
[30,65,77],[3,13,25],[4,62,103],[7,37,40],[2,7,102],[13,44,70],[5,7,34],[17,53,79],[6,36,66],[70,85,99],
[26,66,91],[5,20,106],[6,18,110],[17,24,105],[15,22,81],[16,34,60],[19,22,59],[1,33,95],[14,19,89],[35,72,91],
[23,40,41],[51,71,90],[15,21,91],[18,39,48],[1,46,82],[16,44,78],[34,40,99],[13,24,107],[7,18,111],[10,51,68],
[2,34,55],[1,48,108],[15,52,78],[6,7,112],[14,29,71],[3,8,104],[60,65,78],[35,51,65],[108,110,111],[106,110,112],
[103,111,112],[101,109,111],[98,108,109],[96,107,110],[94,105,108],[90,106,107],[88,105,110],[86,104,112],[84,102,111],[82,100,106],
[85,103,104],[91,101,102],[77,100,112],[76,99,109],[75,97,110],[73,95,108],[71,93,103],[69,92,101],[74,98,99],[79,96,97],
[78,94,95],[64,93,111],[68,92,109],[63,91,107],[75,89,105],[87,92,112],[85,86,111],[61,83,106],[72,81,98],[58,84,96],
[56,80,94],[62,90,91],[88,89,97],[86,87,99],[66,84,85],[65,82,83],[50,81,108],[55,84,107],[63,80,105],[49,79,104],
[77,78,102],[80,92,100],[80,93,109],[98,101,110],[74,76,108],[47,72,103],[45,70,101],[68,90,95],[60,87,88],[43,75,86],
[41,73,84],[39,67,82],[48,79,85],[46,78,91],[77,80,87],[76,89,93],[53,75,98],[52,73,74],[60,71,72],[51,69,70],
[33,68,106],[32,87,110],[75,81,104],[43,73,102],[49,67,100],[31,66,99],[64,65,97],[67,84,93],[67,105,107],[81,100,105],
[90,96,112],[88,94,111],[62,63,106],[30,60,98],[31,59,96],[27,57,94],[55,83,85],[25,76,86],[24,61,75],[22,73,96],
[20,71,89],[18,54,69],[39,66,74],[29,65,79],[28,78,90],[64,67,102],[68,93,100],[37,90,92],[36,86,88],[35,61,62],
[34,58,59],[35,56,57],[23,55,103],[13,63,101],[54,102,112],[61,69,97],[25,95,96],[31,54,92],[12,53,91],[11,52,89],
[50,51,85],[54,73,81],[89,100,104],[84,91,109],[77,82,110],[103,106,108],[48,49,103],[46,77,101],[10,71,88],[12,44,86],
[11,42,84],[9,40,82],[43,70,74],[55,75,76],[8,47,92],[7,45,86],[10,61,86],[53,72,104],[6,38,58],[37,48,56],
[20,53,62],[18,52,97],[36,60,99],[21,51,66],[42,65,85],[50,54,95],[55,93,105],[63,81,92],[67,80,91],[20,76,103],
[16,47,48],[45,46,65],[15,43,44],[14,41,42],[16,39,40],[43,59,98],[3,49,96],[2,77,94],[38,97,111],[37,95,109],
[47,58,87],[45,56,85],[13,83,86],[12,38,84],[11,37,80],[37,45,79],[12,36,78],[27,35,80],[33,34,98],[32,35,74],
[38,61,68],[37,87,96],[92,99,104],[75,79,107],[73,78,105],[64,71,112],[68,69,111],[31,39,98],[29,64,96],[28,68,94],
[12,26,76],[27,30,75],[23,49,73],[11,21,71],[4,19,69],[59,62,69],[25,57,97],[30,40,80],[18,31,101],[1,27,76],
[2,47,101],[45,47,76],[7,32,43],[17,38,41],[36,46,53],[6,35,87],[34,53,57],[16,35,52],[23,51,74],[33,38,83],
[32,37,107],[43,81,112],[49,68,84],[67,79,89],[54,78,100],[56,63,108],[29,30,39],[29,31,60],[27,28,51],[25,26,44],
[4,24,30],[3,22,23],[20,21,52],[18,19,29],[44,69,90],[25,42,88],[31,34,84],[22,64,82],[17,85,108],[66,83,107],
[30,41,93],[27,74,82],[3,72,101],[2,70,76],[32,45,75],[12,17,73],[27,66,67],[12,20,90],[9,16,67],[61,65,100],
[15,23,90],[13,14,88],[16,54,62],[32,47,55],[17,45,63],[66,86,102],[80,89,99],[50,72,109],[55,58,110],[11,18,88],
[21,50,84],[42,55,82],[12,15,75],[9,28,92],[50,61,76],[16,49,72],[1,19,58],[5,8,56],[44,48,58],[42,46,56],
[13,40,87],[21,28,67],[10,19,100],[6,12,96],[11,48,94],[9,14,63],[30,33,94],[31,63,73],[1,25,64],[5,24,32],
[6,17,22],[29,37,46],[20,28,36],[7,16,102],[38,65,93],[15,37,40],[14,36,83],[34,50,62],[35,59,97],[23,32,72],
[13,17,70],[54,66,104],[25,87,109],[39,49,106],[10,18,21],[9,34,42],[15,26,55],[1,8,28],[5,7,10],[10,25,50],
[16,53,79],[6,19,36],[8,21,48],[58,70,85],[26,56,91],[13,30,77],[11,14,73],[50,58,69],[5,98,106],[6,74,110],
[52,70,102],[24,28,105],[10,22,81],[9,62,71],[34,60,94],[22,59,63],[33,57,75],[27,64,86],[5,45,61],[9,53,89],
[52,54,61],[4,29,54],[47,60,93],[45,51,92],[44,59,91],[3,4,77],[2,3,103],[38,48,52],[30,43,64],[5,31,49],
[6,27,77],[53,97,101],[52,76,95],[33,95,107],[32,60,105],[41,43,111],[16,32,73],[30,71,81],[23,43,69],[4,62,80],
[33,47,63],[14,19,43],[8,24,41],[26,39,41],[23,28,82],[3,21,102],[2,19,93],[42,57,89],[4,11,49],[10,13,106],
[12,49,61],[11,77,96],[24,50,55],[8,26,54],[7,9,64],[29,36,66],[1,29,95],[17,51,81],[19,44,67],[4,46,72],
[3,20,70],[15,33,48],[14,32,46],[16,44,87],[59,60,64],[3,5,59],[2,6,57],[38,53,109],[37,52,99],[13,102,107],
[11,15,30],[4,14,23],[24,40,62],[2,18,26],[1,9,47],[2,13,33],[7,19,46],[8,20,38],[41,57,74],[17,39,79],
[15,78,82],[3,28,64],[2,10,68],[4,27,61],[33,43,58],[32,41,56],[26,90,103],[9,88,101],[7,62,112],[57,79,95],
[8,42,100],[14,71,106],[10,44,49],[42,58,77],[23,40,92],[26,31,47],[9,27,45],[4,36,104],[35,38,47],[1,36,38],
[5,21,37],[44,70,79],[26,42,78],[5,34,68],[22,25,108],[28,69,88],[9,11,31],[36,85,94],[35,63,83],[23,83,104],
[24,69,110],[10,72,87],[25,56,59],[1,48,67],[5,46,100],[3,8,25],[7,22,40],[17,20,24],[15,18,22],[42,50,71],
[16,34,95],[19,22,105],[8,33,81],[12,31,45],[1,4,50],[21,24,107],[19,70,89],[5,28,60],[13,39,44],[26,29,93],
[44,78,88],[17,36,105],[35,66,91],[3,97,104],[2,95,102],[17,40,53],[22,83,97],[5,20,99],[6,18,66],[51,65,71],
[2,22,55],[13,25,41],[24,39,54],[15,91,98],[4,94,103],[18,48,111],[1,46,109],[40,83,99],[23,41,68],[19,59,80],
[17,30,65],[26,57,66],[59,70,99],[56,62,103],[11,12,27],[46,82,98],[20,74,106],[65,70,77],[8,58,112],[7,56,111],
[14,74,89],[34,40,55],[6,7,53],[6,10,51],[15,52,83],[14,29,107],[1,14,33],[8,57,104],[15,21,81],[6,20,112],
[52,65,78],[34,85,99],[35,51,72],[3,13,24],[7,18,37],[51,79,90],[1,82,108],[39,48,108],[21,72,91],[29,71,90],
[51,57,68],[40,41,109],[18,39,110],[2,7,34],[35,60,65],[16,60,78]];
###############################################################

#SurfaceInfo: 192 Vertices, 1344 Edges, 896 Faces, IsOrientable=true
 #Vertices of faces:
vof5:=[[190,191,192],[188,189,191],[186,187,192],[185,188,190],[183,184,190],[181,182,189],[180,186,191],[178,179,191],[176,177,187],[174,175,185],
[173,183,192],[172,181,188],[170,171,192],[168,169,188],[166,167,184],[164,165,182],[162,163,180],[161,178,189],[160,176,186],[171,174,190],
[158,159,190],[157,180,189],[155,156,186],[154,167,179],[152,153,177],[150,151,175],[148,149,173],[146,147,172],[145,170,187],[149,168,185],
[144,166,183],[143,164,181],[159,162,191],[141,142,191],[140,173,187],[145,172,185],[138,139,183],[137,156,181],[137,171,182],[154,166,169],
[135,136,167],[133,134,165],[131,132,163],[144,161,173],[129,130,160],[127,128,171],[126,158,184],[157,170,182],[155,175,180],[125,167,178],
[124,152,176],[123,150,174],[148,179,192],[142,146,188],[121,122,192],[119,120,188],[125,184,185],[118,161,182],[126,160,180],[116,117,178],
[115,139,176],[137,155,174],[115,159,177],[113,114,154],[111,112,153],[110,111,151],[108,109,149],[107,112,147],[125,149,161],[105,106,144],
[103,104,143],[101,102,159],[100,141,179],[140,158,177],[145,157,175],[138,163,173],[156,172,187],[148,154,168],[99,135,166],[98,133,164],
[97,131,162],[144,169,189],[122,129,186],[120,127,190],[95,96,190],[94,106,189],[92,93,186],[91,145,177],[90,149,175],[100,143,172],
[88,89,170],[86,87,168],[85,117,164],[115,138,162],[85,142,165],[83,84,137],[81,82,166],[80,110,136],[79,134,152],[110,132,133],
[77,78,173],[76,80,130],[75,79,128],[73,74,125],[73,124,127],[71,72,123],[70,104,179],[68,69,142],[67,121,171],[66,119,169],
[118,141,165],[126,140,163],[116,147,161],[139,160,184],[65,113,167],[78,111,152],[64,111,150],[63,108,148],[62,107,146],[96,105,183],
[94,103,181],[93,101,191],[61,147,187],[60,74,185],[59,64,183],[57,58,181],[79,126,167],[56,165,170],[55,163,175],[67,124,160],
[66,123,171],[54,62,158],[52,53,157],[50,51,155],[89,113,152],[49,87,150],[85,116,146],[113,122,153],[49,120,151],[49,85,115],
[48,114,153],[112,118,135],[109,111,133],[46,47,161],[56,106,134],[45,48,104],[44,102,118],[43,121,148],[52,99,101],[43,98,162],
[42,43,97],[41,72,169],[39,40,122],[38,96,120],[37,95,159],[36,106,180],[35,92,156],[91,121,153],[90,119,151],[100,118,147],
[88,130,145],[86,128,149],[117,143,179],[38,83,182],[34,81,154],[60,110,135],[47,133,152],[110,119,131],[33,77,144],[76,116,129],
[32,75,127],[73,101,178],[61,73,176],[60,71,174],[59,104,192],[58,68,188],[31,130,184],[30,128,182],[53,98,180],[29,124,178],
[27,28,176],[26,95,174],[100,132,154],[107,153,158],[27,151,157],[25,149,163],[37,99,144],[36,98,143],[35,97,159],[24,32,141],
[77,103,140],[22,23,145],[20,21,138],[19,42,156],[54,83,135],[53,81,133],[51,114,131],[88,113,129],[49,86,127],[83,96,136],
[81,94,134],[93,114,132],[75,84,136],[28,82,134],[80,91,164],[79,90,113],[27,74,110],[18,28,72],[48,70,91],[37,69,90],
[22,65,68],[26,78,148],[64,105,146],[17,26,63],[62,83,105],[18,29,96],[16,35,94],[15,93,142],[14,147,173],[13,74,172],
[16,64,139],[12,57,137],[79,95,136],[55,92,132],[67,91,130],[66,90,128],[62,106,126],[52,104,170],[50,102,175],[89,124,171],
[87,123,169],[15,85,177],[23,111,135],[92,108,133],[17,46,125],[56,88,105],[45,86,103],[11,44,101],[43,68,168],[31,52,166],
[30,43,164],[29,72,189],[28,39,186],[46,102,177],[23,64,172],[69,99,170],[10,98,168],[71,141,162],[67,109,137],[66,112,166],
[76,136,178],[75,134,141],[81,132,140],[15,65,125],[14,78,124],[13,64,123],[16,63,179],[12,62,142],[9,11,121],[8,97,119],
[46,71,118],[7,30,126],[6,9,116],[5,17,139],[24,50,113],[57,77,111],[21,84,108],[19,82,107],[52,81,103],[50,101,114],
[57,61,112],[59,84,109],[58,82,112],[44,49,165],[48,56,150],[55,83,118],[42,68,82],[28,41,56],[40,55,100],[15,38,140],
[30,38,39],[34,88,96],[47,92,144],[119,129,146],[33,63,92],[32,50,73],[10,76,101],[16,61,66],[7,12,60],[59,65,122],
[44,58,120],[10,130,185],[4,128,161],[8,53,160],[7,117,124],[4,27,115],[26,39,155],[25,64,109],[37,79,106],[36,56,104],
[35,55,102],[32,74,100],[103,127,158],[22,72,157],[20,70,163],[42,69,187],[54,99,159],[51,97,156],[7,110,164],[27,52,73],
[18,71,138],[5,37,68],[22,70,167],[26,46,152],[55,105,150],[18,82,183],[35,80,181],[69,108,165],[7,119,160],[40,143,158],
[38,65,157],[36,78,155],[37,115,151],[45,114,168],[44,112,121],[57,109,125],[34,44,148],[10,60,99],[4,47,98],[7,33,169],
[4,116,122],[32,39,120],[3,45,95],[2,5,106],[22,43,91],[90,108,129],[1,3,88],[1,2,86],[3,63,117],[9,20,83],
[8,42,81],[9,51,77],[5,58,76],[57,73,103],[22,71,135],[20,84,104],[27,31,80],[26,30,79],[29,51,78],[28,58,80],
[75,107,131],[25,85,91],[50,61,90],[17,39,58],[25,29,67],[15,18,46],[92,105,129],[17,33,57],[11,20,52],[45,59,68],
[31,35,66],[29,34,94],[28,48,93],[34,102,145],[23,54,143],[47,89,99],[40,87,98],[15,74,132],[14,107,127],[13,27,72],
[16,25,70],[12,61,69],[11,53,67],[66,97,121],[30,42,140],[6,41,147],[17,40,184],[24,65,142],[21,63,139],[19,62,137],
[40,150,153],[39,41,100],[3,15,96],[41,88,154],[25,131,146],[16,134,176],[12,48,174],[38,77,151],[16,123,141],[14,60,138],
[13,47,156],[32,84,155],[48,80,95],[23,34,78],[25,86,94],[11,18,93],[3,21,74],[2,24,62],[2,6,50],[24,89,123],
[11,33,87],[3,85,86],[2,19,46],[26,43,71],[6,51,72],[21,60,69],[10,19,47],[44,76,108],[14,49,56],[20,31,55],
[35,63,95],[10,14,36],[5,6,22],[12,70,126],[59,75,82],[53,65,109],[4,75,162],[7,14,41],[4,31,40],[37,45,77],
[5,23,36],[1,19,130],[1,31,128],[9,38,122],[8,34,120],[9,33,117],[5,115,116],[29,131,136],[18,19,67],[8,23,139],
[11,49,138],[24,53,87],[8,21,32],[1,6,20],[1,21,42],[9,54,97],[13,45,51],[10,107,114],[6,61,70],[12,33,93],
[4,13,59],[1,30,41],[3,13,89],[2,94,102],[2,17,87],[36,76,84],[54,89,117],[8,24,54],[188,190,191],[186,191,192],
[183,190,192],[181,188,189],[178,189,191],[176,186,187],[174,185,190],[170,187,192],[168,185,188],[166,183,184],[164,181,182],[162,180,191],
[158,184,190],[157,182,189],[155,180,186],[167,178,179],[152,176,177],[150,174,175],[148,173,192],[146,172,188],[141,179,191],[140,177,187],
[145,175,185],[138,173,183],[156,172,181],[170,171,182],[154,168,169],[135,166,167],[133,164,165],[131,162,163],[144,161,189],[129,160,186],
[127,171,190],[121,171,192],[119,169,188],[125,167,184],[118,165,182],[126,163,180],[116,161,178],[139,160,176],[137,171,174],[158,159,177],
[157,175,180],[137,155,156],[113,154,167],[111,152,153],[111,150,151],[108,148,149],[107,146,147],[145,172,187],[125,149,185],[105,144,183],
[103,143,181],[101,159,191],[95,159,190],[106,180,189],[92,156,186],[148,154,179],[91,153,177],[90,151,175],[149,161,173],[100,147,172],
[88,145,170],[86,149,168],[144,166,169],[117,143,164],[115,159,162],[141,142,165],[140,163,173],[115,138,139],[83,137,182],[81,154,166],
[110,135,136],[133,134,152],[110,131,132],[77,144,173],[76,129,130],[75,127,128],[126,160,184],[73,125,178],[73,124,176],[71,123,174],
[104,179,192],[68,142,188],[93,142,191],[147,173,187],[74,172,185],[64,139,183],[57,137,181],[79,136,167],[56,134,165],[55,132,163],
[67,130,160],[66,128,171],[62,126,158],[52,157,170],[50,155,175],[89,124,152],[87,123,150],[85,142,146],[121,122,153],[119,120,151],
[118,147,161],[85,116,117],[85,115,177],[113,114,153],[111,112,135],[110,111,133],[108,109,133],[107,112,153],[46,125,161],[56,105,106],
[45,103,104],[44,101,102],[100,143,179],[43,148,168],[52,99,166],[43,98,164],[43,97,162],[72,169,189],[39,122,186],[96,120,190],
[59,122,192],[58,120,188],[130,184,185],[128,161,182],[53,160,180],[117,124,178],[27,115,176],[26,155,174],[114,132,154],[27,110,151],
[25,109,149],[61,112,147],[37,106,144],[36,104,143],[35,102,159],[32,100,141],[103,140,158],[22,145,157],[20,138,163],[42,156,187],
[54,99,135],[53,98,133],[51,97,131],[113,122,129],[49,120,127],[95,96,136],[94,106,134],[92,93,132],[91,130,145],[90,128,149],
[88,89,113],[49,86,87],[49,85,165],[83,84,136],[81,82,134],[80,110,164],[79,113,152],[77,78,111],[76,80,136],[75,79,134],
[27,73,74],[32,73,127],[18,71,72],[48,70,104],[37,68,69],[67,124,171],[66,123,169],[22,65,167],[26,78,152],[64,105,150],
[26,63,148],[62,105,146],[18,96,183],[35,94,181],[29,94,189],[28,93,186],[102,145,177],[149,163,175],[23,143,172],[89,99,170],
[87,98,168],[85,91,164],[71,138,162],[84,109,137],[82,112,166],[81,132,133],[14,78,173],[31,80,130],[30,79,128],[15,74,125],
[14,124,127],[13,72,123],[16,70,179],[12,69,142],[11,67,121],[66,97,119],[71,118,141],[30,126,140],[6,116,147],[17,139,184],
[24,65,113],[23,64,111],[21,63,108],[19,62,107],[83,96,105],[81,94,103],[93,101,114],[60,74,110],[59,64,109],[57,58,112],
[79,106,126],[56,104,170],[55,102,175],[54,62,83],[52,53,81],[50,51,114],[49,115,151],[48,150,153],[83,118,135],[46,47,152],
[45,48,114],[44,112,118],[43,91,121],[11,52,101],[42,43,68],[28,41,72],[39,40,100],[15,38,96],[37,99,159],[36,98,180],
[35,97,156],[30,38,182],[34,88,154],[60,71,135],[47,92,133],[119,131,146],[33,92,144],[116,129,146],[76,101,178],[16,61,176],
[12,60,174],[61,69,187],[10,60,185],[59,82,183],[58,80,181],[70,126,167],[69,165,170],[7,124,160],[89,123,171],[54,143,158],
[53,65,157],[51,78,155],[49,56,150],[57,109,111],[4,47,161],[46,102,118],[44,121,148],[10,99,101],[4,98,162],[8,42,97],
[7,41,169],[4,40,122],[38,39,120],[37,45,95],[5,36,106],[35,63,92],[90,119,129],[55,100,118],[1,88,130],[1,86,128],
[63,117,179],[9,38,83],[8,34,81],[7,110,119],[9,33,77],[5,76,116],[32,75,84],[50,73,101],[57,61,73],[59,84,104],
[58,68,82],[29,78,124],[27,28,80],[26,79,95],[74,100,132],[107,127,158],[27,72,157],[25,70,163],[24,32,50],[57,77,103],
[22,23,135],[20,21,84],[19,42,82],[75,131,136],[28,134,176],[50,90,113],[18,28,82],[48,80,91],[37,79,90],[5,22,68],
[17,26,39],[18,29,67],[16,35,66],[15,65,142],[13,64,172],[16,63,139],[12,62,137],[15,46,177],[92,108,129],[17,57,125],
[88,105,129],[86,103,127],[45,68,168],[31,66,166],[7,30,164],[31,40,184],[29,136,178],[48,95,174],[41,100,154],[40,153,158],
[38,151,157],[47,99,144],[40,98,143],[54,97,159],[24,123,141],[38,77,140],[23,34,145],[21,60,138],[19,47,156],[107,114,131],
[22,70,91],[69,90,108],[59,65,68],[34,78,148],[25,64,146],[17,33,63],[29,34,96],[16,25,94],[15,18,93],[14,41,147],
[3,13,74],[16,64,123],[12,33,57],[55,92,105],[25,67,91],[61,66,90],[2,62,106],[20,52,104],[2,50,102],[33,87,169],
[3,15,85],[2,17,46],[41,56,88],[3,45,86],[11,44,49],[27,31,52],[26,30,43],[29,51,72],[28,39,58],[60,69,99],
[10,47,98],[53,67,109],[66,112,121],[75,141,162],[42,81,140],[9,11,20],[26,46,71],[6,9,51],[5,17,58],[44,108,165],
[20,55,83],[28,48,56],[15,132,140],[30,39,41],[3,88,96],[10,36,76],[7,12,126],[38,65,122],[34,44,120],[8,119,160],
[7,33,117],[4,115,116],[32,39,155],[52,73,103],[40,55,150],[10,114,168],[19,67,137],[16,134,141],[65,109,125],[24,62,142],
[9,97,121],[9,116,122],[5,23,139],[76,84,108],[75,82,107],[7,14,60],[44,58,76],[10,19,130],[4,31,128],[8,24,53],
[4,13,27],[14,36,56],[31,35,55],[21,32,74],[6,22,72],[6,20,70],[21,42,69],[13,51,156],[11,18,138],[5,37,115],
[35,80,95],[23,36,78],[37,77,151],[2,5,6],[22,43,71],[1,3,21],[1,2,19],[3,63,95],[25,85,86],[6,50,61],
[18,19,46],[13,45,59],[34,94,102],[12,48,93],[13,47,89],[17,40,87],[25,29,131],[36,84,155],[8,32,120],[2,86,94],
[3,89,117],[45,51,77],[8,23,54],[10,14,107],[12,61,70],[11,53,87],[1,30,42],[1,6,41],[8,21,139],[2,24,87],
[11,33,93],[14,49,138],[1,20,31],[4,59,75],[24,54,89],[9,54,117]];
###############################################################

#SurfaceInfo: 112 Vertices, 1344 Edges, 896 Faces, IsOrientable=true
 #Vertices of faces:
vof6:=[[110,111,112],[108,109,111],[106,107,110],[105,108,110],[103,104,112],[101,102,111],[100,106,112],[98,99,109],[96,97,110],[94,95,108],
[93,103,111],[92,101,109],[90,91,107],[88,89,105],[86,87,112],[84,85,111],[82,83,106],[81,98,108],[80,96,107],[79,94,105],
[77,78,104],[75,76,102],[74,88,100],[72,73,109],[70,71,110],[68,69,108],[66,67,103],[64,65,101],[63,90,106],[62,88,110],
[69,86,104],[61,84,102],[76,82,100],[60,78,99],[58,59,97],[56,57,95],[55,88,93],[54,92,103],[52,53,107],[51,70,105],
[50,57,112],[49,86,111],[48,92,106],[47,67,98],[46,62,96],[44,45,94],[43,77,103],[71,75,101],[42,88,112],[72,97,99],
[41,70,97],[40,68,95],[59,66,93],[57,64,92],[39,91,99],[38,78,89],[37,79,87],[36,41,85],[35,83,85],[34,81,103],
[73,80,108],[50,79,98],[34,54,104],[32,33,102],[31,50,100],[74,91,109],[30,101,110],[63,72,108],[29,80,103],[28,79,101],
[27,90,95],[47,66,88],[26,42,86],[25,84,93],[23,24,82],[26,60,98],[57,58,96],[49,56,94],[65,88,111],[22,103,109],
[52,87,91],[70,85,89],[21,50,87],[37,85,86],[38,48,83],[41,67,81],[46,80,85],[44,79,91],[22,78,91],[20,76,89],
[19,74,99],[59,73,100],[21,28,71],[18,37,69],[20,67,71],[48,65,69],[17,62,98],[53,69,106],[51,61,110],[76,84,90],
[17,50,99],[16,49,97],[15,29,95],[24,74,92],[55,78,107],[54,76,105],[32,96,112],[31,94,111],[43,52,106],[53,61,98],
[17,76,96],[35,94,100],[14,77,83],[13,75,107],[27,88,94],[16,22,72],[12,68,81],[11,13,66],[30,42,64],[39,64,90],
[16,38,88],[36,84,91],[30,35,82],[45,103,108],[60,107,108],[23,98,105],[34,78,102],[32,73,76],[50,71,74],[10,73,74],
[59,69,72],[19,29,67],[28,65,77],[21,63,95],[37,47,62],[26,69,71],[25,61,69],[23,76,78],[56,59,74],[9,57,104],
[40,55,91],[8,54,89],[53,79,93],[41,51,92],[17,57,61],[10,35,49],[7,75,92],[9,47,49],[29,62,92],[28,45,97],
[36,42,90],[33,97,101],[31,41,112],[40,87,111],[59,70,77],[57,68,75],[55,74,89],[6,30,87],[43,63,85],[5,68,83],
[13,55,80],[30,54,79],[89,99,104],[15,84,109],[25,82,110],[24,106,108],[26,32,101],[41,54,90],[33,40,88],[36,59,86],
[55,57,84],[20,82,93],[11,60,65],[45,58,104],[4,56,102],[14,82,88],[13,103,106],[6,52,60],[23,43,70],[3,48,63],
[4,7,67],[32,46,65],[22,31,44],[22,46,77],[20,44,75],[6,19,88],[28,70,78],[18,68,76],[20,32,66],[31,48,64],
[83,98,110],[39,104,106],[38,102,110],[11,90,100],[17,78,95],[49,53,59],[15,51,57],[49,54,74],[9,53,55],[3,51,54],
[52,79,92],[8,47,53],[35,45,60],[43,61,83],[10,71,107],[27,42,75],[12,40,97],[11,59,99],[42,57,78],[35,55,79],
[8,85,109],[34,76,80],[2,50,104],[33,81,100],[21,31,80],[9,20,30],[4,58,80],[14,56,79],[8,27,30],[39,63,66],
[42,68,80],[17,24,87],[18,22,75],[16,87,96],[29,85,94],[21,25,111],[24,37,109],[41,60,86],[48,58,85],[56,91,96],
[1,31,73],[43,71,81],[2,48,67],[6,65,96],[45,69,89],[4,34,61],[5,70,107],[52,68,105],[51,66,112],[12,64,111],
[49,64,96],[15,16,94],[21,73,77],[37,50,75],[18,41,72],[34,68,91],[56,66,105],[9,64,81],[39,44,62],[7,38,45],
[36,83,99],[18,35,97],[11,64,103],[4,98,101],[33,34,39],[1,32,38],[11,50,81],[1,29,43],[4,18,95],[14,27,47],
[26,49,62],[15,25,45],[23,25,60],[23,56,58],[9,56,82],[1,8,103],[35,78,86],[7,48,59],[9,15,67],[25,29,46],
[24,28,44],[67,90,112],[20,99,101],[19,97,112],[77,95,111],[44,77,93],[33,41,63],[5,31,85],[30,55,73],[50,54,63],
[32,79,100],[10,27,54],[2,33,66],[20,24,39],[26,40,65],[3,49,102],[14,58,65],[13,22,56],[3,38,87],[7,41,89],
[65,85,99],[34,48,100],[2,69,105],[16,63,93],[10,24,61],[8,32,56],[9,31,39],[27,36,61],[35,47,76],[10,14,32],
[2,13,31],[22,43,94],[22,61,96],[13,36,102],[7,58,60],[6,86,102],[43,73,84],[68,71,82],[10,12,108],[30,59,105],
[21,39,101],[37,38,72],[29,37,71],[28,36,69],[12,25,53],[5,24,51],[57,63,81],[19,28,47],[33,62,86],[1,45,84],
[83,97,104],[17,27,40],[67,87,109],[3,46,110],[44,46,108],[30,46,86],[44,63,84],[5,6,82],[10,51,60],[58,75,84],
[7,21,52],[37,58,70],[48,72,78],[8,46,63],[22,23,42],[4,19,24],[28,67,91],[18,65,89],[7,20,87],[7,44,98],
[18,90,96],[17,20,29],[12,19,49],[5,15,77],[7,62,74],[5,26,53],[7,18,83],[27,58,107],[12,52,83],[11,39,51],
[12,38,42],[11,35,37],[8,35,66],[2,5,98],[4,29,79],[14,28,41],[5,8,95],[39,47,52],[26,51,68],[13,17,23],
[47,75,109],[9,89,94],[60,81,82],[16,21,43],[2,25,71],[6,24,69],[32,53,89],[31,34,51],[49,76,93],[15,92,100],
[9,14,73],[3,13,50],[38,62,64],[16,45,80],[1,30,97],[11,36,45],[4,23,90],[1,19,102],[4,21,74],[14,37,104],
[62,71,91],[29,72,93],[17,28,92],[6,43,105],[9,13,41],[3,30,40],[2,15,90],[8,22,25],[13,18,40],[20,27,59],
[48,57,66],[3,11,15],[23,26,106],[23,40,84],[4,37,39],[14,36,38],[1,72,95],[53,70,81],[3,9,106],[10,20,94],
[19,52,75],[12,33,46],[16,42,101],[12,24,70],[95,102,107],[47,73,105],[1,26,112],[25,31,72],[1,6,64],[36,56,68],
[29,52,99],[10,26,43],[7,77,86],[4,42,55],[14,54,93],[2,54,64],[6,16,33],[3,34,67],[3,19,65],[27,53,100],
[17,21,47],[2,10,83],[2,6,107],[22,27,34],[8,74,82],[6,61,81],[13,33,92],[15,33,104],[5,80,93],[19,42,46],
[12,32,87],[11,18,77],[18,55,61],[17,36,80],[8,21,45],[2,12,23],[1,5,44],[11,38,70],[34,40,58],[3,16,26],
[5,16,109],[25,51,52],[28,35,48],[14,60,72],[15,46,73],[19,44,50],[1,40,62],[10,55,66],[108,110,111],[106,110,112],
[103,111,112],[101,109,111],[98,108,109],[96,107,110],[94,105,108],[90,106,107],[88,105,110],[86,104,112],[84,102,111],[82,100,106],
[77,103,104],[75,101,102],[88,100,112],[72,99,109],[70,97,110],[68,95,108],[66,93,103],[64,92,101],[60,98,99],[58,96,97],
[56,94,95],[88,93,111],[92,103,109],[52,91,107],[70,89,105],[50,87,112],[85,86,111],[48,83,106],[67,81,98],[46,80,96],
[44,79,94],[39,90,91],[38,88,89],[37,86,87],[36,84,85],[35,82,83],[81,103,108],[80,107,108],[79,98,105],[34,78,104],
[32,76,102],[50,74,100],[73,74,109],[71,101,110],[69,72,108],[29,67,103],[28,65,101],[63,90,95],[47,62,88],[26,69,86],
[25,61,84],[23,76,82],[22,77,78],[20,75,76],[19,74,88],[59,72,73],[28,70,71],[18,68,69],[20,66,67],[48,64,65],
[63,106,108],[62,98,110],[69,104,106],[61,102,110],[76,90,100],[17,78,99],[49,59,97],[15,57,95],[55,84,93],[54,74,92],
[53,55,107],[51,54,105],[57,96,112],[49,94,111],[52,92,106],[47,53,98],[17,62,96],[35,45,94],[43,77,83],[71,75,107],
[27,42,88],[16,72,97],[41,51,70],[12,40,68],[11,59,66],[42,57,64],[23,60,78],[56,58,59],[9,56,57],[40,55,88],
[8,54,103],[52,53,79],[17,50,57],[35,49,86],[7,48,92],[9,47,67],[29,46,62],[28,44,45],[43,103,106],[42,90,112],
[97,99,101],[41,97,112],[40,95,111],[59,77,93],[57,75,92],[36,91,99],[55,78,89],[30,79,87],[41,63,85],[5,83,85],
[34,68,81],[55,73,80],[50,54,79],[54,89,104],[33,34,102],[31,73,100],[84,91,109],[30,82,110],[34,80,103],[32,79,101],
[27,54,90],[33,66,88],[36,42,86],[20,24,82],[26,60,65],[57,58,104],[49,56,102],[14,65,88],[13,22,103],[6,52,87],
[43,70,85],[21,31,50],[3,38,48],[7,41,67],[46,65,85],[22,44,91],[11,39,99],[38,42,78],[35,37,79],[36,41,90],
[8,35,85],[10,73,108],[2,50,98],[34,54,76],[32,33,100],[55,74,91],[20,30,101],[48,63,72],[4,29,80],[14,28,79],
[8,27,95],[39,47,66],[26,42,68],[25,53,93],[17,23,24],[26,98,101],[65,77,111],[22,75,109],[87,91,96],[85,89,94],
[21,87,111],[37,85,109],[38,83,110],[41,60,81],[58,80,85],[56,79,91],[28,78,91],[18,76,89],[74,89,99],[21,43,71],
[37,69,71],[2,67,71],[6,65,69],[53,69,89],[34,51,61],[73,76,84],[50,99,104],[17,29,95],[24,51,92],[70,78,107],
[68,76,105],[32,66,112],[31,64,111],[17,61,98],[49,76,96],[15,94,100],[14,73,77],[13,50,75],[16,88,94],[18,22,72],
[13,56,66],[9,30,64],[39,62,64],[16,38,45],[30,35,97],[11,45,103],[45,60,108],[4,23,98],[1,32,73],[50,71,81],
[10,24,74],[1,19,29],[21,28,77],[4,21,95],[14,37,47],[26,62,71],[25,45,69],[7,20,89],[19,65,99],[48,59,100],
[18,37,75],[10,20,71],[2,48,69],[9,53,106],[3,51,110],[15,84,90],[16,49,93],[15,29,92],[32,56,96],[9,31,94],
[29,43,52],[27,53,61],[17,47,76],[11,35,100],[10,14,83],[2,13,107],[22,27,94],[16,22,96],[12,33,81],[11,13,36],
[30,42,55],[64,90,96],[58,60,107],[23,56,105],[78,86,102],[71,74,82],[59,69,105],[19,67,112],[21,39,63],[37,38,62],
[36,61,69],[35,76,78],[7,59,74],[57,61,81],[10,26,49],[19,47,49],[33,62,92],[1,45,97],[33,97,104],[31,41,72],
[17,40,87],[53,59,70],[51,57,68],[36,68,83],[13,31,80],[15,67,109],[25,46,110],[24,44,108],[30,59,86],[57,63,84],
[5,82,93],[11,51,60],[45,58,84],[4,56,74],[6,82,88],[7,52,60],[23,58,70],[4,67,90],[8,32,46],[31,39,44],
[22,42,46],[20,44,93],[6,19,24],[20,32,87],[31,48,85],[7,83,98],[24,39,106],[11,18,90],[12,49,53],[5,15,51],
[49,62,74],[9,13,55],[3,30,54],[5,8,53],[10,35,60],[18,61,83],[10,27,107],[27,47,75],[12,83,97],[9,14,104],
[40,62,91],[8,45,89],[29,79,93],[28,41,92],[7,58,75],[3,9,49],[19,28,97],[33,39,101],[1,31,112],[5,70,77],
[52,68,75],[6,30,105],[43,63,81],[5,68,80],[8,25,82],[26,32,53],[14,41,54],[13,33,40],[27,36,59],[55,57,66],
[3,11,65],[15,45,104],[4,19,102],[14,60,82],[13,23,106],[6,60,86],[23,43,84],[3,16,63],[4,7,18],[32,65,89],
[22,31,34],[46,77,86],[44,75,84],[37,39,104],[36,38,102],[72,78,95],[49,54,64],[79,92,100],[8,47,109],[22,43,61],
[19,42,75],[18,40,97],[20,59,99],[48,57,78],[4,55,79],[27,30,40],[8,63,66],[16,42,80],[12,24,87],[16,87,109],
[29,85,99],[21,25,52],[24,37,70],[33,41,86],[28,48,67],[18,65,96],[4,24,61],[5,95,107],[47,52,105],[26,51,112],
[12,25,111],[68,71,91],[2,66,105],[6,64,81],[7,38,87],[18,35,55],[1,64,103],[4,34,39],[14,32,38],[11,37,50],
[18,77,95],[2,15,25],[22,23,25],[9,81,82],[1,8,30],[9,15,73],[25,29,71],[24,28,69],[7,44,77],[33,46,63],
[2,5,31],[54,63,93],[2,10,54],[2,6,33],[9,20,39],[40,58,65],[3,13,102],[14,27,58],[3,67,87],[76,80,93],
[2,83,104],[53,81,100],[17,21,80],[4,37,58],[14,36,56],[20,29,94],[5,24,109],[34,48,58],[6,61,96],[10,51,66],
[2,12,64],[15,16,33],[21,47,73],[13,18,41],[34,67,91],[1,44,62],[7,21,45],[52,83,99],[11,38,64],[4,42,101],
[1,38,72],[11,70,81],[1,6,43],[25,60,72],[56,68,82],[30,46,73],[44,50,63],[23,26,40],[8,22,56],[9,41,89],
[27,34,100],[10,43,94],[6,102,107],[43,73,105],[10,12,32],[16,21,101],[29,37,72],[28,35,47],[7,62,86],[12,46,108],
[5,44,98],[17,20,27],[11,15,77],[12,19,52],[12,23,42],[39,51,52],[13,17,92],[16,26,43],[3,19,50],[36,45,80],
[1,95,102],[10,55,61],[17,28,36],[1,40,84],[3,15,46],[19,44,46],[5,6,16],[1,5,26],[12,38,70],[35,48,66],
[25,31,51],[2,23,90],[8,21,74],[14,72,93],[3,26,106],[3,34,40]];
###############################################################

#SurfaceInfo: 192 Vertices, 1344 Edges, 896 Faces, IsOrientable=true
 #Vertices of faces:
vof7:=[[190,191,192],[188,189,191],[186,187,192],[185,188,190],[183,184,190],[181,182,189],[180,186,191],[178,179,191],[176,177,187],[174,175,185],
[173,183,192],[172,181,188],[170,171,192],[168,169,188],[166,167,184],[164,165,182],[162,163,180],[161,178,189],[160,176,186],[159,174,190],
[157,158,190],[155,156,189],[153,154,186],[151,152,179],[150,155,177],[148,149,175],[146,147,173],[144,145,172],[143,170,187],[142,168,185],
[141,166,183],[140,164,181],[139,162,191],[137,138,191],[135,136,187],[133,134,185],[131,132,183],[129,130,181],[127,128,171],[125,126,169],
[135,138,167],[124,133,165],[123,140,163],[121,122,161],[119,120,160],[117,118,159],[116,157,184],[115,155,182],[114,153,180],[113,151,178],
[126,155,176],[112,148,174],[111,146,192],[110,144,188],[109,165,192],[108,128,188],[107,164,184],[106,153,182],[105,115,180],[103,104,178],
[102,110,176],[101,136,174],[99,100,158],[98,156,157],[97,148,154],[106,108,152],[96,115,150],[95,149,170],[104,126,147],[94,112,145],
[93,94,143],[91,92,142],[89,90,141],[88,132,140],[87,124,139],[86,137,179],[85,135,177],[84,133,175],[83,131,173],[82,129,172],
[81,127,170],[80,125,168],[135,148,166],[133,164,167],[79,140,162],[83,121,189],[78,119,186],[77,117,190],[76,150,190],[75,149,189],
[74,100,186],[73,148,179],[72,131,177],[71,129,175],[70,85,173],[70,84,172],[79,119,168],[69,78,166],[68,77,164],[67,107,162],
[65,66,138],[64,136,178],[90,134,137],[63,130,176],[72,74,128],[71,126,158],[85,117,138],[62,84,124],[61,123,157],[119,122,167],
[60,79,120],[59,118,160],[58,60,116],[57,59,115],[55,56,114],[64,113,127],[54,104,112],[53,96,111],[52,95,110],[51,109,171],
[56,128,169],[50,106,165],[49,115,163],[48,103,161],[48,110,160],[53,136,159],[47,99,157],[67,98,155],[46,97,153],[106,151,176],
[148,152,170],[45,126,146],[112,131,144],[93,142,187],[48,91,185],[89,129,183],[44,132,181],[43,124,191],[42,123,187],[41,177,185],
[40,152,183],[66,99,181],[39,140,171],[38,169,176],[66,167,168],[47,103,165],[73,110,163],[37,50,161],[49,134,160],[37,143,159],
[45,89,153],[44,93,151],[36,43,155],[35,139,148],[34,146,156],[34,73,144],[40,74,108],[33,107,170],[42,153,168],[105,109,145],
[32,102,166],[33,101,164],[40,66,100],[50,108,162],[31,49,96],[30,95,143],[29,94,137],[89,94,182],[92,132,152],[45,90,122],
[28,88,131],[27,87,141],[26,28,86],[27,41,85],[69,84,123],[24,25,83],[61,82,116],[33,81,99],[42,80,98],[23,79,149],
[62,83,114],[22,61,78],[21,77,150],[20,76,158],[27,75,156],[25,100,154],[19,72,150],[22,71,149],[18,85,147],[39,84,145],
[79,111,142],[30,78,141],[77,111,140],[107,118,139],[23,65,137],[34,64,135],[34,90,133],[20,63,129],[72,127,166],[71,125,164],
[128,140,157],[36,121,167],[103,117,160],[58,114,184],[57,173,182],[30,55,180],[17,104,174],[35,96,192],[16,95,188],[15,104,184],
[16,167,180],[100,126,178],[40,65,174],[14,112,156],[13,154,166],[95,113,150],[39,78,147],[38,77,145],[12,19,143],[22,105,142],
[18,105,141],[12,116,139],[36,64,129],[38,58,127],[17,57,125],[11,35,135],[10,16,133],[81,121,134],[39,101,119],[38,81,117],
[73,97,155],[15,131,153],[70,76,120],[70,75,118],[29,69,181],[25,68,151],[19,74,146],[22,144,158],[9,18,117],[11,39,62],
[60,63,109],[55,59,128],[60,144,177],[59,64,175],[36,92,127],[8,54,103],[10,53,172],[7,52,113],[21,51,80],[8,18,56],
[7,50,109],[49,104,130],[6,12,48],[29,53,86],[47,98,151],[65,67,97],[15,46,64],[7,45,123],[31,83,142],[30,48,82],
[5,103,129],[29,44,85],[4,43,138],[10,42,136],[7,41,134],[12,66,130],[13,47,124],[5,73,123],[50,58,122],[49,71,120],
[14,118,143],[45,114,159],[44,96,113],[43,126,159],[83,112,139],[87,111,156],[42,81,106],[101,115,145],[32,86,110],[4,33,136],
[112,137,157],[11,93,182],[10,91,152],[95,124,141],[26,82,179],[69,161,175],[24,82,173],[61,96,172],[8,149,162],[62,102,189],
[57,61,186],[5,119,179],[76,152,172],[3,79,136],[2,130,151],[61,81,138],[80,124,150],[14,44,122],[13,43,120],[1,65,116],
[13,32,115],[5,70,114],[58,70,113],[1,111,161],[11,33,110],[13,99,121],[26,98,107],[8,41,97],[1,102,106],[45,76,170],
[47,93,105],[67,91,171],[67,71,89],[14,132,154],[39,88,135],[38,63,133],[75,131,168],[37,43,88],[42,87,134],[37,41,163],
[55,93,174],[12,35,125],[24,58,162],[31,68,71],[1,14,30],[32,76,122],[28,33,75],[24,27,100],[28,117,165],[27,33,163],
[11,56,99],[10,98,147],[2,23,95],[22,54,81],[4,20,46],[2,25,84],[19,54,76],[22,51,75],[18,102,149],[9,32,111],
[51,63,118],[23,90,125],[34,50,88],[34,63,74],[5,20,42],[36,51,94],[9,114,142],[11,48,173],[17,50,55],[26,35,165],
[16,46,108],[15,59,107],[16,54,105],[32,40,101],[39,52,104],[3,38,94],[19,94,121],[22,26,92],[18,73,90],[3,87,116],
[36,82,180],[17,62,80],[52,83,134],[15,47,72],[67,85,120],[84,118,154],[29,51,78],[25,56,77],[79,109,178],[128,137,160],
[58,68,177],[1,57,175],[21,48,171],[18,53,169],[130,143,163],[6,53,161],[29,62,159],[2,123,146],[31,69,187],[30,68,185],
[41,103,183],[52,89,171],[3,132,169],[6,45,107],[17,102,127],[19,101,125],[29,67,108],[46,96,138],[17,49,92],[35,44,90],
[2,16,88],[31,74,86],[3,37,82],[26,37,80],[68,78,98],[1,77,97],[2,65,91],[21,64,156],[37,69,72],[23,57,70],
[34,55,158],[14,54,106],[15,53,105],[12,16,147],[91,121,146],[6,26,144],[9,36,73],[25,43,92],[6,7,66],[7,97,145],
[7,17,61],[5,23,47],[20,32,87],[15,52,86],[3,4,89],[11,20,60],[10,27,59],[8,19,24],[28,57,74],[14,21,119],
[6,13,60],[60,65,93],[13,59,91],[5,21,56],[8,31,46],[66,75,113],[49,87,132],[27,44,55],[100,109,141],[4,30,158],
[102,116,147],[31,63,139],[9,130,184],[6,154,169],[8,69,99],[20,62,108],[9,40,51],[12,21,46],[24,101,179],[3,23,72],
[10,24,38],[35,56,92],[54,88,120],[4,25,52],[68,86,122],[1,4,28],[40,41,80],[2,9,28],[188,190,191],[186,191,192],
[183,190,192],[181,188,189],[178,189,191],[176,186,187],[174,185,190],[170,187,192],[168,185,188],[166,183,184],[164,181,182],[162,180,191],
[157,184,190],[155,182,189],[153,180,186],[151,178,179],[155,176,177],[148,174,175],[146,173,192],[144,172,188],[137,179,191],[135,177,187],
[133,175,185],[131,173,183],[129,172,181],[127,170,171],[125,168,169],[135,166,167],[133,164,165],[140,162,163],[121,161,189],[119,160,186],
[117,159,190],[109,171,192],[128,169,188],[164,167,184],[106,165,182],[115,163,180],[103,161,178],[110,160,176],[136,159,174],[99,157,158],
[98,155,156],[97,153,154],[106,151,152],[115,150,155],[148,149,170],[126,146,147],[112,144,145],[93,143,187],[91,142,185],[89,141,183],
[132,140,181],[124,139,191],[76,158,190],[75,156,189],[100,154,186],[148,152,179],[72,150,177],[71,149,175],[85,147,173],[84,145,172],
[95,143,170],[79,142,168],[78,141,166],[77,140,164],[107,139,162],[65,137,138],[64,135,136],[90,133,134],[88,131,132],[63,129,130],
[72,127,128],[71,125,126],[85,135,138],[84,124,133],[123,140,157],[121,122,167],[79,119,120],[117,118,160],[58,116,184],[57,115,182],
[55,114,180],[64,113,178],[126,169,176],[104,112,174],[96,111,192],[95,110,188],[43,138,191],[42,136,187],[41,134,185],[132,152,183],
[66,130,181],[128,140,171],[66,138,167],[47,124,165],[73,123,163],[50,122,161],[49,120,160],[118,143,159],[61,116,157],[45,114,153],
[44,113,151],[43,126,155],[112,139,148],[111,146,156],[73,110,144],[50,109,165],[74,108,128],[33,107,164],[42,106,153],[105,115,145],
[54,103,104],[32,102,110],[33,101,136],[66,99,100],[47,98,157],[73,97,148],[50,106,108],[49,96,115],[104,126,178],[94,112,137],
[93,94,182],[91,92,152],[45,89,90],[87,124,141],[26,86,179],[41,85,177],[69,84,175],[24,83,173],[61,82,172],[33,81,170],
[42,80,168],[148,154,166],[79,149,162],[62,83,189],[61,78,186],[77,150,190],[35,165,192],[16,108,188],[15,107,184],[89,153,182],
[16,105,180],[102,106,176],[40,101,174],[100,126,158],[112,156,157],[40,108,152],[96,113,150],[23,95,149],[39,104,147],[38,94,145],
[19,94,143],[22,92,142],[18,90,141],[39,88,140],[87,116,139],[29,86,137],[83,112,131],[36,82,129],[38,81,127],[17,80,125],
[35,135,148],[16,133,167],[79,111,140],[83,121,134],[39,78,119],[38,77,117],[19,76,150],[22,75,149],[40,74,100],[15,72,131],
[71,89,129],[70,85,120],[70,84,118],[29,69,78],[25,68,77],[67,98,107],[40,65,66],[23,90,137],[38,63,176],[19,72,74],
[22,71,158],[18,85,117],[39,62,84],[119,167,168],[60,79,109],[59,128,160],[58,60,177],[57,59,175],[55,56,128],[36,64,127],
[53,96,172],[52,95,113],[21,51,171],[18,56,169],[49,130,163],[6,48,161],[48,103,160],[29,53,159],[67,97,155],[15,46,153],
[130,151,176],[45,123,146],[131,144,177],[31,142,187],[30,48,185],[103,129,183],[29,44,181],[102,149,189],[57,74,186],[5,73,179],
[64,129,175],[57,70,173],[70,76,172],[69,72,166],[68,71,164],[67,108,162],[79,136,178],[134,137,160],[81,117,138],[62,80,124],
[7,61,123],[14,119,122],[13,60,120],[59,107,118],[60,65,116],[13,59,115],[5,56,114],[58,113,127],[14,54,112],[53,111,161],
[52,86,110],[51,63,109],[11,48,110],[10,53,136],[13,47,99],[8,46,97],[76,152,170],[45,126,159],[93,105,142],[48,91,171],
[14,44,132],[13,43,124],[5,42,123],[66,75,168],[5,47,103],[37,50,88],[49,87,134],[37,143,163],[44,55,93],[36,43,92],
[12,35,139],[34,64,156],[34,73,90],[7,109,145],[13,32,166],[50,58,162],[31,49,71],[14,30,143],[45,76,122],[28,75,131],
[27,100,141],[26,28,165],[27,41,163],[69,123,187],[24,25,100],[11,33,99],[10,42,98],[62,114,159],[22,61,81],[21,80,150],
[4,20,158],[27,87,156],[25,84,154],[18,102,147],[39,101,145],[9,111,142],[30,95,141],[63,118,139],[34,88,135],[34,63,133],
[5,20,129],[102,127,166],[101,125,164],[36,94,121],[103,117,165],[9,114,184],[11,173,182],[30,82,180],[17,55,174],[68,177,185],
[40,41,183],[69,99,181],[39,52,171],[3,38,169],[33,110,163],[37,69,161],[37,43,159],[47,93,151],[36,73,155],[34,74,146],
[34,144,158],[45,107,170],[131,153,168],[105,109,141],[31,46,96],[29,51,94],[3,89,94],[49,92,132],[44,90,122],[2,28,88],
[28,74,86],[27,44,85],[2,84,123],[25,52,83],[3,82,116],[81,99,121],[26,80,98],[3,23,79],[83,114,142],[22,51,78],
[21,56,77],[20,32,76],[27,33,75],[30,68,78],[1,77,111],[2,23,65],[20,60,63],[128,137,157],[36,167,180],[58,70,114],
[30,55,158],[17,49,104],[35,44,96],[2,16,95],[15,52,104],[12,19,125],[22,54,105],[18,53,105],[12,116,147],[24,38,58],
[17,57,61],[11,35,56],[10,16,147],[42,81,134],[54,76,120],[51,75,118],[2,25,151],[19,121,146],[22,26,144],[9,18,73],
[11,39,135],[8,41,103],[10,152,172],[7,66,113],[8,18,149],[104,130,184],[6,12,66],[68,98,151],[1,65,97],[15,59,64],
[31,83,139],[29,67,85],[4,46,138],[7,52,134],[12,130,143],[58,68,122],[67,71,120],[14,118,154],[32,87,111],[54,81,106],
[32,101,115],[3,4,136],[11,60,93],[10,59,91],[95,124,150],[24,82,179],[1,161,175],[48,82,173],[8,24,162],[100,109,178],
[65,93,174],[14,21,156],[6,13,154],[78,98,147],[77,97,145],[23,57,125],[10,38,133],[101,119,179],[70,75,113],[9,28,117],
[11,20,62],[27,55,59],[6,60,144],[17,92,127],[8,19,54],[40,51,80],[8,56,99],[7,17,50],[12,21,48],[15,53,86],
[65,67,91],[21,46,64],[6,7,45],[4,25,43],[7,41,97],[32,86,122],[4,28,33],[26,37,82],[61,96,138],[17,62,102],
[5,21,119],[5,23,70],[13,91,121],[6,26,107],[1,102,116],[15,47,105],[67,89,171],[43,88,120],[20,42,87],[1,14,106],
[9,32,40],[35,90,125],[31,63,74],[34,50,55],[20,46,108],[26,35,92],[3,87,132],[23,47,72],[1,28,57],[6,53,169],
[2,91,146],[2,9,130],[132,154,169],[37,41,80],[31,68,86],[1,4,30],[10,24,27],[9,36,51],[12,16,46],[16,54,88],
[25,56,92],[29,62,108],[8,31,69],[4,52,89],[3,37,72],[19,24,101]];
###############################################################

