#SurfaceInfo: 504 Vertices, 4032 Edges, 2688 Faces, IsOrientable=true
 #Vertices of faces:
vof1:=[[502,503,504],[501,502,503],[500,502,504],[499,503,504],[496,497,498],[493,494,495],[490,491,492],[487,488,489],[484,485,486],[481,482,483],
[478,479,480],[475,476,477],[472,473,474],[474,476,482],[473,479,481],[472,475,478],[477,480,483],[469,470,471],[466,467,468],[463,464,465],
[460,461,462],[457,458,459],[454,455,456],[451,452,453],[448,449,450],[445,446,447],[443,444,464],[441,442,467],[439,440,470],[438,443,464],
[437,439,470],[436,441,467],[433,434,435],[430,431,432],[427,428,429],[425,426,459],[423,424,456],[421,422,462],[419,420,446],[417,418,452],
[415,416,449],[412,413,414],[409,410,411],[406,407,408],[403,404,405],[400,401,402],[397,398,399],[396,436,461],[395,437,455],[394,438,458],
[391,392,393],[388,389,390],[385,386,387],[384,448,449],[383,445,446],[382,451,452],[407,451,453],[410,445,447],[413,448,450],[381,460,461],
[380,454,455],[379,457,458],[436,466,467],[438,463,464],[437,469,470],[377,378,382],[375,376,384],[373,374,383],[371,372,401],[369,370,398],
[367,368,404],[366,477,483],[365,477,480],[364,480,483],[363,392,461],[362,389,458],[361,386,455],[359,360,436],[357,358,438],[355,356,437],
[368,370,372],[352,353,354],[349,350,351],[346,347,348],[345,350,356],[344,353,358],[343,347,360],[341,342,356],[339,340,360],[337,338,358],
[336,427,428],[335,430,431],[334,433,434],[331,332,333],[328,329,330],[325,326,327],[322,323,324],[319,320,321],[316,317,318],[315,352,494],
[314,346,493],[313,349,495],[311,312,472],[309,310,474],[307,308,473],[306,425,426],[305,421,422],[304,423,424],[303,415,449],[302,417,452],
[301,419,446],[300,359,436],[299,355,437],[298,357,438],[297,359,360],[296,357,358],[295,355,356],[294,370,372],[293,368,372],[292,368,370],
[291,346,347],[290,352,353],[289,349,350],[288,353,354],[287,347,348],[286,350,351],[285,349,351],[284,352,354],[283,346,348],[363,436,461],
[361,437,455],[362,438,458],[363,391,392],[361,385,386],[362,388,389],[282,365,477],[281,364,480],[280,366,483],[348,364,483],[354,366,477],
[351,365,480],[360,375,376],[358,377,378],[356,373,374],[279,367,404],[278,371,401],[277,369,398],[368,403,404],[370,397,398],[372,400,401],
[360,436,466],[356,437,469],[358,438,463],[409,410,447],[412,413,450],[406,407,453],[375,384,449],[377,382,452],[373,383,446],[381,392,461],
[380,386,455],[379,389,458],[275,276,279],[273,274,278],[271,272,277],[270,433,466],[269,427,469],[268,430,463],[267,282,332],[266,280,329],
[265,281,326],[264,269,498],[263,268,497],[262,270,496],[260,261,392],[258,259,386],[256,257,389],[255,304,479],[254,305,482],[253,306,475],
[251,252,407],[249,250,410],[247,248,413],[268,418,452],[270,416,449],[269,420,446],[246,403,405],[245,397,399],[244,400,402],[243,378,382],
[242,374,383],[241,376,384],[240,371,372],[239,367,368],[238,369,370],[236,237,289],[234,235,291],[232,233,290],[231,303,392],[230,301,386],
[229,302,389],[228,239,317],[227,240,320],[226,238,323],[225,363,406],[224,361,412],[223,362,409],[299,363,370],[298,361,368],[300,362,372],
[221,222,406],[219,220,412],[217,218,409],[215,216,465],[213,214,468],[211,212,471],[209,210,410],[207,208,413],[205,206,407],[203,204,325],
[201,202,331],[199,200,328],[236,237,401],[234,235,404],[232,233,398],[234,291,310],[236,289,308],[232,290,312],[198,231,303],[197,229,302],
[196,230,301],[195,227,320],[194,226,323],[193,228,317],[192,224,412],[191,225,406],[190,223,409],[189,300,372],[188,298,368],[187,299,370],
[225,299,363],[223,300,362],[224,298,361],[227,240,371],[226,238,369],[228,239,367],[243,277,382],[241,279,384],[242,278,383],[242,343,374],
[241,344,376],[243,345,378],[246,341,405],[244,337,402],[245,339,399],[186,246,403],[185,244,400],[184,245,397],[263,269,427],[264,270,433],
[262,268,430],[217,266,329],[219,267,332],[221,265,326],[183,275,276],[182,271,272],[181,273,274],[199,269,498],[201,270,496],[203,268,497],
[180,260,261],[179,256,257],[178,258,259],[177,254,482],[176,253,475],[175,255,479],[174,304,479],[173,305,482],[172,306,475],[171,251,407],
[170,247,413],[169,249,410],[168,249,250],[167,247,248],[166,251,252],[260,303,392],[256,302,389],[258,301,386],[264,269,420],[262,270,416],
[263,268,418],[249,314,493],[247,315,494],[251,313,495],[174,311,472],[173,307,473],[172,309,474],[165,306,425],[164,304,423],[163,305,421],
[238,322,323],[240,319,320],[239,316,317],[162,302,452],[161,301,446],[160,303,449],[334,433,466],[335,430,463],[336,427,469],[281,325,326],
[280,328,329],[282,331,332],[231,381,392],[229,379,389],[230,380,386],[268,377,452],[269,373,446],[270,375,449],[159,412,450],[158,406,453],
[157,409,447],[361,368,403],[362,372,400],[363,370,397],[273,278,371],[271,277,369],[275,279,367],[156,281,364],[155,280,366],[154,282,365],
[248,348,364],[250,351,365],[252,354,366],[153,286,350],[152,288,353],[151,287,347],[150,285,349],[149,283,346],[148,284,352],[237,289,349],
[233,290,352],[235,291,346],[239,292,368],[238,294,370],[240,293,372],[363,391,406],[362,388,409],[361,385,412],[158,295,356],[159,296,358],
[157,297,360],[339,360,466],[341,356,469],[337,358,463],[343,360,375],[345,356,373],[344,358,377],[300,363,436],[298,362,438],[299,361,437],
[260,284,314],[256,285,315],[258,283,313],[147,243,416],[146,242,418],[145,241,420],[143,144,422],[141,142,426],[139,140,424],[136,137,138],
[133,134,135],[130,131,132],[176,215,481],[177,213,478],[175,211,476],[183,215,371],[181,213,369],[182,211,367],[129,147,290],[128,146,289],
[127,145,291],[138,196,470],[135,197,464],[132,198,467],[126,178,379],[125,180,380],[124,179,381],[288,323,448],[287,317,445],[286,320,451],
[122,123,200],[120,121,204],[118,119,202],[116,117,357],[114,115,359],[112,113,355],[119,128,155],[121,127,154],[123,129,156],[111,263,390],
[110,264,387],[109,262,393],[108,143,435],[107,141,432],[106,139,429],[146,200,274],[145,202,276],[147,204,272],[137,417,481],[134,415,478],
[131,419,476],[104,105,472],[102,103,474],[100,101,473],[98,99,179],[96,97,180],[94,95,178],[92,93,164],[90,91,165],[88,89,163],
[87,186,486],[86,185,492],[85,184,489],[171,267,282],[169,265,281],[170,266,280],[231,248,413],[229,252,407],[230,250,410],[143,481,482],
[141,475,476],[139,478,479],[169,490,491],[170,484,485],[171,487,488],[280,490,492],[282,484,486],[281,487,489],[133,482,483],[136,475,477],
[130,479,480],[141,481,483],[143,478,480],[139,476,477],[366,472,478],[364,474,476],[365,473,481],[476,482,492],[475,478,486],[479,481,489],
[133,472,473],[136,473,474],[130,472,474],[472,475,489],[474,482,486],[473,479,492],[250,470,471],[252,464,465],[248,467,468],[344,436,441],
[345,438,443],[343,437,439],[162,350,356],[161,347,360],[160,353,358],[84,343,347],[83,345,350],[82,344,353],[183,331,333],[182,325,327],
[181,328,330],[156,319,321],[155,316,318],[154,322,324],[164,313,349],[165,315,352],[163,314,346],[301,312,472],[303,308,473],[302,310,474],
[304,424,483],[305,422,477],[306,426,480],[303,415,477],[301,419,483],[302,417,480],[96,279,404],[98,277,398],[94,278,401],[236,282,477],
[232,280,483],[234,281,480],[211,348,483],[213,354,477],[215,351,480],[81,291,347],[80,289,350],[79,290,353],[198,288,354],[197,286,351],
[196,287,348],[133,284,354],[130,283,348],[136,285,351],[78,300,359],[77,298,357],[76,299,355],[75,142,377],[74,140,373],[73,144,375],
[148,149,150],[72,266,343],[71,265,345],[70,267,344],[119,199,270],[123,203,269],[121,201,268],[185,451,465],[186,445,471],[184,448,468],
[69,113,180],[68,117,178],[67,115,179],[119,121,123],[103,234,475],[101,236,482],[105,232,479],[155,246,265],[154,245,266],[156,244,267],
[150,247,314],[148,249,313],[149,251,315],[66,165,249],[65,164,247],[64,163,251],[68,193,238],[69,194,240],[67,195,239],[82,239,299],
[83,238,300],[84,240,298],[258,333,340],[256,330,342],[260,327,338],[75,377,461],[73,375,455],[74,373,458],[73,144,324],[74,140,318],
[75,142,321],[199,270,325],[201,268,328],[203,269,331],[72,266,411],[70,267,414],[71,265,408],[103,234,425],[105,232,423],[101,236,421],
[148,167,313],[150,166,314],[149,168,315],[164,247,324],[163,251,321],[165,249,318],[63,68,193],[62,67,195],[61,69,194],[82,188,299],
[83,187,300],[84,189,298],[66,148,249],[64,149,251],[65,150,247],[82,195,239],[83,193,238],[84,194,240],[77,240,298],[76,239,299],
[78,238,300],[130,283,384],[133,284,382],[136,285,383],[197,215,351],[196,211,348],[198,213,354],[236,415,477],[234,417,480],[232,419,483],
[211,304,483],[215,306,480],[213,305,477],[154,266,324],[156,267,321],[155,265,318],[81,84,347],[79,82,353],[80,83,350],[60,345,443],
[59,344,441],[58,343,439],[82,344,436],[84,343,437],[83,345,438],[103,475,489],[105,479,492],[101,482,486],[133,354,473],[136,351,474],
[130,348,472],[141,301,483],[139,303,477],[143,302,480],[133,424,483],[130,426,480],[136,422,477],[301,472,489],[302,474,486],[303,473,492],
[280,476,492],[281,481,489],[282,478,486],[229,252,465],[230,250,471],[231,248,468],[171,236,282],[170,232,280],[169,234,281],[170,266,484],
[171,267,487],[169,265,490],[85,142,489],[86,140,492],[87,144,486],[104,255,472],[100,254,473],[102,253,474],[116,200,274],[114,204,272],
[112,202,276],[108,138,143],[106,135,139],[107,132,141],[96,180,352],[94,178,346],[98,179,349],[57,134,415],[56,131,419],[55,137,417],
[54,90,165],[53,88,163],[52,92,164],[263,329,390],[262,326,393],[264,332,387],[119,121,127],[119,123,128],[121,123,129],[69,112,113],
[68,116,117],[67,114,115],[69,125,180],[67,124,179],[68,126,178],[288,448,468],[286,451,465],[287,445,471],[120,121,268],[118,119,270],
[122,123,269],[185,451,492],[184,448,489],[186,445,486],[119,155,246],[123,156,244],[121,154,245],[65,93,164],[64,89,163],[66,91,165],
[78,114,359],[76,112,355],[77,116,357],[135,197,286],[138,196,287],[132,198,288],[79,129,290],[81,127,291],[80,128,289],[96,97,279],
[94,95,278],[98,99,277],[183,215,333],[182,211,327],[181,213,330],[143,176,481],[141,175,476],[139,177,478],[136,137,475],[130,131,479],
[133,134,482],[141,426,481],[139,424,476],[143,422,478],[105,366,472],[101,365,473],[103,364,474],[131,364,476],[137,365,481],[134,366,478],
[130,132,467],[136,138,470],[133,135,464],[129,147,416],[127,145,420],[128,146,418],[143,144,435],[139,140,429],[141,142,432],[122,146,200],
[118,145,202],[120,147,204],[234,310,475],[232,312,479],[236,308,482],[94,236,401],[98,232,398],[96,234,404],[266,343,375],[267,344,377],
[265,345,373],[158,162,356],[157,161,360],[159,160,358],[51,240,293],[50,238,294],[49,239,292],[164,237,349],[163,235,346],[165,233,352],
[48,152,353],[47,153,350],[46,151,347],[149,150,349],[148,150,352],[148,149,346],[156,319,364],[154,322,365],[155,316,366],[248,364,467],
[252,366,464],[250,365,470],[215,273,371],[211,275,367],[213,271,369],[46,361,403],[48,363,397],[47,362,400],[142,268,377],[144,270,375],
[140,269,373],[125,230,380],[126,229,379],[124,231,381],[281,325,487],[282,331,484],[280,328,490],[162,302,350],[160,303,353],[161,301,347],
[68,238,322],[67,239,316],[69,240,319],[133,174,472],[130,172,474],[136,173,473],[249,260,314],[251,258,313],[247,256,315],[164,313,423],
[163,314,421],[165,315,425],[111,263,418],[110,264,420],[109,262,416],[198,303,308],[196,301,312],[197,302,310],[258,283,301],[260,284,303],
[256,285,302],[51,219,332],[49,221,326],[50,217,329],[182,271,325],[181,273,328],[183,275,331],[113,180,260],[115,179,256],[117,178,258],
[139,174,479],[141,172,475],[143,173,482],[177,482,492],[175,479,489],[176,475,486],[168,249,313],[166,251,315],[167,247,314],[170,413,485],
[171,407,488],[169,410,491],[186,246,471],[184,245,468],[185,244,465],[245,266,339],[246,265,341],[244,267,337],[70,241,344],[72,242,343],
[71,243,345],[241,279,420],[243,277,416],[242,278,418],[195,286,320],[193,287,317],[194,288,323],[45,226,369],[44,227,371],[43,228,367],
[42,225,299],[41,224,298],[40,223,300],[123,203,325],[121,201,331],[119,199,328],[205,229,407],[209,230,410],[207,231,413],[176,215,465],
[175,211,471],[177,213,468],[334,339,466],[336,341,469],[335,337,463],[199,263,269],[203,262,268],[201,264,270],[189,300,363],[187,299,361],
[188,298,362],[157,190,409],[158,191,406],[159,192,412],[221,391,406],[219,385,412],[217,388,409],[364,430,432],[366,427,429],[365,433,435],
[162,205,222],[161,209,218],[160,207,220],[67,164,444],[68,163,440],[69,165,442],[407,431,432],[410,428,429],[413,434,435],[139,316,490],
[141,319,487],[143,322,484],[99,126,406],[95,125,409],[97,124,412],[56,119,202],[57,121,204],[55,123,200],[102,215,481],[104,211,476],
[100,213,478],[128,155,174],[129,156,172],[127,154,173],[313,323,448],[314,320,451],[315,317,445],[137,138,256],[134,135,260],[131,132,258],
[129,142,426],[127,144,422],[128,140,424],[117,236,357],[115,232,359],[113,234,355],[147,211,290],[145,215,291],[146,213,289],[196,457,470],
[198,454,467],[197,460,464],[222,284,314],[220,283,313],[218,285,315],[181,369,414],[183,371,408],[182,367,411],[71,145,241],[72,147,243],
[70,146,242],[104,105,324],[100,101,321],[102,103,318],[309,417,481],[311,419,476],[307,415,478],[109,393,419],[111,390,415],[110,387,417],
[92,93,124],[88,89,126],[90,91,125],[39,97,180],[38,95,178],[37,99,179],[36,146,274],[35,145,276],[34,147,272],[391,426,459],
[385,422,462],[388,424,456],[33,419,420],[32,415,416],[31,417,418],[81,412,414],[80,409,411],[79,406,408],[30,413,414],[29,407,408],
[28,410,411],[89,404,405],[93,401,402],[91,398,399],[27,394,458],[26,395,455],[25,396,461],[118,385,387],[120,391,393],[122,388,390],
[64,386,387],[65,389,390],[66,392,393],[364,384,448],[366,382,451],[365,383,445],[148,407,451],[149,413,448],[150,410,445],[374,379,457],
[376,380,454],[378,381,460],[122,496,497],[118,497,498],[120,496,498],[64,493,494],[65,493,495],[66,494,495],[444,464,491],[440,470,485],
[442,467,488],[214,443,444],[216,439,440],[212,441,442],[237,381,401],[235,379,404],[233,380,398],[92,159,296],[90,157,297],[88,158,295],
[38,153,286],[39,151,287],[37,152,288],[122,155,280],[118,154,282],[120,156,281],[64,248,348],[66,252,354],[65,250,351],[249,256,493],
[251,260,495],[247,258,494],[165,306,404],[163,305,401],[164,304,398],[263,424,427],[262,426,430],[264,422,433],[26,217,266],[27,221,265],
[25,219,267],[26,182,272],[27,183,276],[25,181,274],[129,199,498],[127,203,497],[128,201,496],[179,236,257],[178,234,259],[180,232,261],
[170,174,304],[169,172,306],[171,173,305],[168,250,302],[167,248,301],[166,252,303],[24,169,249],[23,170,247],[22,171,251],[86,277,382],
[87,278,383],[85,279,384],[21,195,227],[20,193,228],[19,194,226],[199,216,465],[203,214,468],[201,212,471],[206,240,407],[210,239,410],
[208,238,413],[222,286,406],[218,287,409],[220,288,412],[196,201,202],[198,203,204],[197,199,200],[33,211,212],[31,215,216],[32,213,214],
[219,220,223],[221,222,224],[217,218,225],[62,125,159],[63,124,158],[61,126,157],[34,60,70],[35,59,72],[36,58,71],[37,38,39],
[38,124,157],[37,125,158],[39,126,159],[27,36,72],[26,35,70],[25,34,71],[35,227,336],[34,228,334],[36,226,335],[218,316,428],
[222,319,431],[220,322,434],[25,45,439],[26,43,443],[27,44,441],[25,26,27],[25,26,439],[25,27,441],[26,27,443],[218,225,316],
[222,224,319],[220,223,322],[21,227,336],[19,226,335],[20,228,334],[74,169,172],[73,170,174],[75,171,173],[23,170,304],[24,169,306],
[22,171,305],[27,36,276],[25,34,274],[26,35,272],[26,182,217],[25,181,219],[27,183,221],[92,115,296],[88,117,295],[90,113,297],
[90,124,157],[92,126,159],[88,125,158],[61,237,381],[63,233,380],[62,235,379],[44,212,441],[43,214,443],[45,216,439],[32,214,444],
[33,212,442],[31,216,440],[64,94,494],[66,96,495],[65,98,493],[122,273,496],[120,271,498],[118,275,497],[64,248,493],[65,250,495],
[66,252,494],[122,155,497],[120,156,496],[118,154,498],[376,380,398],[378,381,401],[374,379,404],[64,348,386],[66,354,392],[65,351,389],
[120,281,391],[122,280,388],[118,282,385],[27,72,394],[25,71,396],[26,70,395],[89,306,404],[91,304,398],[93,305,401],[37,39,97],
[37,38,99],[38,39,95],[34,147,228],[36,146,226],[35,145,227],[36,72,274],[34,71,272],[35,70,276],[38,92,124],[37,90,125],
[39,88,126],[37,152,179],[38,153,178],[39,151,180],[89,126,405],[93,124,402],[91,125,399],[33,109,419],[31,110,417],[32,111,415],
[307,390,415],[311,393,419],[309,387,417],[60,183,408],[58,182,411],[59,181,414],[71,145,206],[70,146,208],[72,147,210],[34,70,242],
[36,71,241],[35,72,243],[220,313,434],[218,315,428],[222,314,431],[33,147,211],[32,146,213],[31,145,215],[196,201,457],[197,199,460],
[198,203,454],[179,236,357],[178,234,355],[180,232,359],[129,142,199],[128,140,201],[127,144,203],[138,249,256],[132,247,258],[135,251,260],
[374,457,470],[378,460,464],[376,454,467],[30,369,414],[28,367,411],[29,371,408],[127,385,422],[129,391,426],[128,388,424],[61,99,126],
[63,97,124],[62,95,125],[319,431,487],[322,434,484],[316,428,490],[126,286,406],[124,288,412],[125,287,409],[240,407,432],[238,413,435],
[239,410,429],[68,440,485],[67,444,491],[69,442,488],[148,407,431],[149,413,434],[150,410,428],[160,220,283],[161,218,285],[162,222,284],
[25,75,461],[27,74,458],[26,73,455],[221,391,459],[217,388,456],[219,385,462],[38,157,190],[39,159,192],[37,158,191],[18,189,363],
[17,188,362],[16,187,361],[199,216,263],[201,212,264],[203,214,262],[34,334,339],[36,335,337],[35,336,341],[42,217,225],[40,219,223],
[41,221,224],[25,45,226],[27,44,227],[26,43,228],[38,195,286],[37,194,288],[39,193,287],[33,279,420],[31,278,418],[32,277,416],
[60,70,241],[58,71,243],[59,72,242],[26,266,339],[25,267,337],[27,265,341],[199,244,465],[201,246,471],[203,245,468],[30,413,485],
[28,410,491],[29,407,488],[23,168,313],[24,166,315],[22,167,314],[141,172,487],[143,173,484],[139,174,490],[115,256,493],[113,260,495],
[117,258,494],[198,204,308],[197,200,310],[196,202,312],[109,416,443],[111,418,439],[110,420,441],[313,323,423],[315,317,425],[314,320,421],
[24,249,260],[22,251,258],[23,247,256],[133,155,174],[136,154,173],[130,156,172],[168,302,350],[167,301,347],[166,303,353],[364,432,467],
[365,435,470],[366,429,464],[319,364,384],[322,365,383],[316,366,382],[80,266,411],[79,265,408],[81,267,414],[67,164,237],[69,165,233],
[68,163,235],[158,162,205],[159,160,207],[157,161,209],[120,147,393],[122,146,390],[118,145,387],[129,416,498],[128,418,496],[127,420,497],
[133,464,491],[136,470,485],[130,467,488],[131,364,448],[137,365,445],[134,366,451],[103,364,430],[101,365,433],[105,366,427],[309,426,481],
[307,422,478],[311,424,476],[102,215,333],[100,213,330],[104,211,327],[86,99,277],[85,97,279],[87,95,278],[80,128,174],[79,129,172],
[81,127,173],[135,222,286],[132,220,288],[138,218,287],[65,93,390],[66,91,393],[64,89,387],[57,121,245],[56,119,246],[55,123,244],
[69,125,159],[68,126,157],[67,124,158],[137,286,465],[134,288,468],[131,287,471],[119,127,212],[121,129,214],[123,128,216],[263,329,424],
[264,332,422],[262,326,426],[54,165,404],[52,164,398],[53,163,401],[57,204,415],[56,202,419],[55,200,417],[102,281,481],[100,282,478],
[104,280,476],[252,303,492],[250,302,486],[248,301,489],[133,424,427],[136,422,433],[130,426,430],[113,234,425],[115,232,423],[117,236,421],
[34,60,443],[36,58,439],[35,59,441],[81,84,412],[80,83,409],[79,82,406],[105,266,324],[103,265,318],[101,267,321],[211,290,304],
[215,291,306],[213,289,305],[236,257,415],[232,261,419],[234,259,417],[86,133,382],[85,130,384],[87,136,383],[77,206,240],[78,208,238],
[76,210,239],[167,313,448],[168,315,445],[166,314,451],[104,164,324],[102,165,318],[100,163,321],[62,67,159],[61,69,157],[63,68,158],
[66,148,451],[65,150,445],[64,149,448],[21,82,195],[19,84,194],[20,83,193],[131,258,340],[134,260,338],[137,256,342],[123,325,487],
[119,328,490],[121,331,484],[125,209,230],[124,207,231],[126,205,229],[270,271,325],[269,275,331],[268,273,328],[46,347,361],[48,353,363],
[47,350,362],[49,292,326],[51,293,332],[50,294,329],[144,324,435],[142,321,432],[140,318,429],[137,310,475],[134,308,482],[131,312,479],
[177,451,492],[176,445,486],[175,448,489],[68,116,322],[69,112,319],[67,114,316],[120,142,268],[122,140,269],[118,144,270],[94,148,346],
[98,149,349],[96,150,352],[135,139,177],[132,141,175],[138,143,176],[78,114,204],[77,116,200],[76,112,202],[266,375,484],[265,373,490],
[267,377,487],[94,171,236],[96,169,234],[98,170,232],[176,229,465],[177,231,468],[175,230,471],[141,283,301],[143,285,302],[139,284,303],
[255,348,472],[254,354,473],[253,351,474],[103,142,489],[101,144,486],[105,140,492],[197,215,273],[198,213,271],[196,211,275],[84,189,437],
[82,188,436],[83,187,438],[31,357,372],[33,355,368],[32,359,370],[30,95,409],[28,99,406],[29,97,412],[141,184,319],[143,186,322],
[139,185,316],[15,164,444],[14,165,442],[13,163,440],[57,270,466],[56,269,469],[55,268,463],[107,276,279],[106,272,277],[108,274,278],
[264,484,498],[262,487,496],[263,490,497],[21,261,392],[20,257,389],[19,259,386],[255,261,304],[254,257,305],[253,259,306],[106,491,492],
[108,485,486],[107,488,489],[469,471,497],[463,465,496],[466,468,498],[354,449,450],[348,446,447],[351,452,453],[36,461,462],[34,455,456],
[35,458,459],[460,462,487],[454,456,484],[457,459,490],[292,337,338],[294,341,342],[293,339,340],[229,342,356],[231,338,358],[230,340,360],
[281,336,428],[280,334,434],[282,335,431],[332,333,347],[326,327,353],[329,330,350],[323,324,493],[317,318,495],[320,321,494],[135,352,494],
[132,346,493],[138,349,495],[15,360,376],[14,356,374],[13,358,378],[12,294,372],[11,292,370],[10,293,368],[297,304,359],[295,306,355],
[296,305,357],[75,321,422],[73,324,424],[74,318,426],[42,299,404],[40,300,398],[41,298,401],[45,369,415],[43,367,419],[44,371,417],
[46,274,403],[47,272,400],[48,276,397],[72,109,411],[71,110,408],[70,111,414],[199,325,430],[203,331,433],[201,328,427],[51,97,240],
[49,99,239],[50,95,238],[116,274,470],[112,276,467],[114,272,464],[54,90,319],[52,92,316],[53,88,322],[104,255,393],[102,253,387],
[100,254,390],[9,326,393],[8,332,387],[7,329,390],[57,134,450],[55,137,453],[56,131,447],[57,107,132],[55,106,135],[56,108,138],
[178,346,387],[179,349,390],[180,352,393],[87,144,423],[86,140,425],[85,142,421],[103,336,425],[101,335,421],[105,334,423],[57,283,384],
[56,285,383],[55,284,382],[115,149,168],[117,148,167],[113,150,166],[6,249,318],[5,251,321],[4,247,324],[235,258,333],[233,260,327],
[237,256,330],[333,340,385],[327,338,391],[330,342,388],[3,33,189],[2,32,188],[1,31,187],[182,261,262],[181,257,263],[183,259,264],
[15,188,369],[14,189,367],[13,187,371],[37,93,358],[39,91,360],[38,89,356],[144,334,423],[140,336,425],[142,335,421],[57,132,450],
[55,135,453],[56,138,447],[100,179,390],[104,180,393],[102,178,387],[9,352,393],[7,349,390],[8,346,387],[15,188,376],[13,187,378],
[14,189,374],[13,93,358],[14,89,356],[15,91,360],[37,231,358],[39,230,360],[38,229,356],[293,340,385],[294,342,388],[292,338,391],
[10,293,339],[12,294,341],[11,292,337],[182,255,261],[183,253,259],[181,254,257],[21,261,262],[20,257,263],[19,259,264],[108,274,403],
[107,276,397],[106,272,400],[106,277,491],[107,279,488],[108,278,485],[55,106,463],[56,108,469],[57,107,466],[15,369,444],[13,371,440],
[14,367,442],[12,357,372],[11,359,370],[10,355,368],[3,189,437],[1,187,438],[2,188,436],[255,348,446],[253,351,452],[254,354,449],
[141,184,283],[139,185,284],[143,186,285],[176,229,342],[175,230,340],[177,231,338],[377,487,496],[373,490,497],[375,484,498],[135,177,352],
[138,176,349],[132,175,346],[112,184,319],[114,185,316],[116,186,322],[6,318,429],[4,324,435],[5,321,432],[9,292,326],[8,293,332],
[7,294,329],[332,347,361],[329,350,362],[326,353,363],[57,270,271],[55,268,273],[56,269,275],[123,460,487],[119,457,490],[121,454,484],
[134,338,450],[131,340,447],[137,342,453],[20,83,389],[19,84,386],[21,82,392],[15,104,164],[14,102,165],[13,100,163],[45,257,415],
[44,259,417],[43,261,419],[290,297,304],[289,296,305],[291,295,306],[30,83,409],[29,84,412],[28,82,406],[113,150,425],[117,148,421],
[115,149,423],[106,252,492],[107,248,489],[108,250,486],[104,280,434],[100,282,431],[102,281,428],[204,369,415],[200,371,417],[202,367,419],
[42,54,404],[41,53,401],[40,52,398],[74,326,426],[73,329,424],[75,332,422],[57,245,384],[55,244,382],[56,246,383],[135,222,494],
[138,218,495],[132,220,493],[29,85,97],[30,87,95],[28,86,99],[102,235,333],[100,237,330],[104,233,327],[311,324,424],[307,321,422],
[309,318,426],[103,325,430],[105,328,427],[101,331,433],[418,465,496],[420,471,497],[416,468,498],[147,255,393],[145,253,387],[146,254,390],
[54,319,384],[52,316,382],[53,322,383],[112,432,467],[116,435,470],[114,429,464],[168,330,350],[166,327,353],[167,333,347],[23,237,256],
[24,233,260],[22,235,258],[87,323,423],[85,320,421],[86,317,425],[115,324,493],[117,321,494],[113,318,495],[174,263,490],[173,264,484],
[172,262,487],[201,246,427],[199,244,430],[203,245,433],[3,33,279],[1,31,278],[2,32,277],[183,212,264],[181,216,263],[182,214,262],
[18,33,189],[16,31,187],[17,32,188],[37,93,191],[38,89,190],[39,91,192],[34,217,456],[35,221,459],[36,219,462],[57,160,283],
[55,162,284],[56,161,285],[97,240,432],[95,238,435],[99,239,429],[431,462,487],[428,459,490],[434,456,484],[127,333,385],[128,330,388],
[129,327,391],[30,188,369],[29,187,371],[28,189,367],[276,376,467],[272,378,464],[274,374,470],[6,138,249],[5,135,251],[4,132,247],
[33,109,411],[32,111,414],[31,110,408],[46,72,274],[48,70,276],[47,71,272],[37,51,97],[39,50,95],[38,49,99],[89,259,306],
[93,257,305],[91,261,304],[72,109,394],[70,111,395],[71,110,396],[281,336,391],[282,335,385],[280,334,388],[351,389,453],[348,386,447],
[354,392,450],[299,374,404],[298,378,401],[300,376,398],[155,469,497],[154,466,498],[156,463,496],[248,323,493],[252,320,494],[250,317,495],
[32,359,444],[31,357,440],[33,355,442],[115,168,296],[113,166,297],[117,167,295],[36,276,461],[35,272,458],[34,274,455],[23,304,359],
[22,305,357],[24,306,355],[21,103,336],[20,105,334],[19,101,335],[90,224,319],[88,223,322],[92,225,316],[103,120,142],[101,118,144],
[105,122,140],[66,177,451],[64,175,448],[65,176,445],[86,133,427],[85,130,430],[87,136,433],[137,310,465],[131,312,471],[134,308,468],
[131,167,448],[134,166,451],[137,168,445],[68,157,209],[69,159,207],[67,158,205],[67,159,237],[68,158,235],[69,157,233],[79,103,265],
[81,101,267],[80,105,266],[133,155,491],[130,156,488],[136,154,485],[34,109,443],[35,110,441],[36,111,439],[78,204,308],[76,202,312],
[77,200,310],[25,75,226],[26,73,228],[27,74,227],[94,148,431],[96,150,428],[98,149,434],[30,68,485],[29,69,488],[28,67,491],
[140,201,457],[144,203,454],[142,199,460],[23,313,434],[22,314,431],[24,315,428],[34,242,339],[35,243,341],[36,241,337],[77,145,206],
[76,147,210],[78,146,208],[60,183,241],[59,181,242],[58,182,243],[93,307,390],[89,309,387],[91,311,393],[126,286,405],[125,287,399],
[124,288,402],[152,179,357],[151,180,359],[153,178,355],[33,147,228],[31,145,227],[32,146,226],[38,92,195],[39,88,193],[37,90,194],
[197,273,496],[196,275,497],[198,271,498],[94,171,494],[98,170,493],[96,169,495],[44,127,212],[45,128,216],[43,129,214],[61,99,237],
[62,95,235],[63,97,233],[88,125,209],[92,126,205],[90,124,207],[42,182,217],[41,183,221],[40,181,219],[73,80,174],[75,81,173],
[74,79,172],[26,339,439],[27,341,443],[25,337,441],[33,225,368],[32,223,370],[31,224,372],[3,178,379],[1,179,381],[2,180,380],
[53,108,435],[52,106,429],[54,107,432],[155,425,459],[156,421,462],[154,423,456],[384,396,436],[382,394,438],[383,395,437],[109,290,312],
[111,289,308],[110,291,310],[6,150,285],[5,148,284],[4,149,283],[152,159,450],[151,157,447],[153,158,453],[162,252,452],[160,248,449],
[161,250,446],[173,307,431],[172,309,428],[174,311,434],[198,231,283],[196,230,285],[197,229,284],[57,177,254],[55,176,253],[56,175,255],
[341,389,405],[339,386,399],[337,392,402],[186,242,403],[184,241,397],[185,243,400],[293,343,374],[294,345,378],[292,344,376],[192,224,432],
[190,223,435],[191,225,429],[188,368,500],[187,370,501],[189,372,499],[207,208,385],[205,206,391],[209,210,388],[109,204,325],[111,200,328],
[110,202,331],[119,212,446],[123,216,452],[121,214,449],[7,137,286],[8,131,287],[9,134,288],[52,416,443],[53,418,439],[54,420,441],
[23,93,168],[22,89,167],[24,91,166],[18,195,363],[17,193,362],[16,194,361],[71,74,206],[70,75,208],[72,73,210],[66,96,297],
[65,98,296],[64,94,295],[45,122,273],[44,118,275],[43,120,271],[92,115,277],[90,113,279],[88,117,278],[74,169,427],[75,171,430],
[73,170,433],[44,275,396],[45,273,395],[43,271,394],[96,192,297],[98,191,296],[94,190,295],[4,231,283],[5,229,284],[6,230,285],
[109,290,325],[110,291,331],[111,289,328],[53,108,439],[54,107,441],[52,106,443],[225,368,500],[224,372,499],[223,370,501],[3,379,437],
[2,380,436],[1,381,438],[18,92,195],[17,88,193],[16,90,194],[7,286,405],[9,288,402],[8,287,399],[243,341,400],[241,337,397],
[242,339,403],[94,307,431],[98,311,434],[96,309,428],[76,109,312],[78,111,308],[77,110,310],[155,425,491],[154,423,485],[156,421,488],
[152,159,237],[151,157,233],[153,158,235],[9,134,166],[7,137,168],[8,131,167],[86,169,427],[87,170,433],[85,171,430],[160,248,323],
[161,250,317],[162,252,320],[156,462,463],[154,456,466],[155,459,469],[293,299,374],[292,300,376],[294,298,378],[389,405,453],[392,402,450],
[386,399,447],[206,336,391],[210,334,388],[208,335,385],[109,204,394],[110,202,396],[111,200,395],[93,168,257],[91,166,261],[89,167,259],
[47,71,74],[46,72,73],[48,70,75],[33,225,411],[31,224,408],[32,223,414],[173,431,462],[172,428,459],[174,434,456],[52,99,429],
[54,97,432],[53,95,435],[57,160,177],[56,161,175],[55,162,176],[23,93,191],[24,91,192],[22,89,190],[2,115,277],[3,113,279],
[1,117,278],[74,246,427],[73,245,433],[75,244,430],[112,192,432],[114,191,429],[116,190,435],[54,384,396],[53,383,395],[52,382,394],
[245,384,436],[246,383,437],[244,382,438],[74,206,326],[75,208,332],[73,210,329],[41,53,418],[40,52,416],[42,54,420],[106,252,452],
[108,250,446],[107,248,449],[6,150,425],[4,149,423],[5,148,421],[66,290,297],[64,291,295],[65,289,296],[43,120,261],[45,122,257],
[44,118,259],[83,341,389],[82,337,392],[84,339,386],[152,338,450],[153,342,453],[151,340,447],[123,452,460],[119,446,457],[121,449,454],
[57,254,271],[55,253,273],[56,255,275],[194,332,361],[195,326,363],[193,329,362],[7,294,345],[9,292,344],[8,293,343],[5,224,432],
[6,225,429],[4,223,435],[112,184,241],[114,185,243],[116,186,242],[185,197,284],[184,198,283],[186,196,285],[212,255,446],[214,254,449],
[216,253,452],[92,277,491],[88,278,485],[90,279,488],[209,294,388],[205,292,391],[207,293,385],[188,376,500],[189,374,499],[187,378,501],
[2,104,180],[3,102,178],[1,100,179],[74,79,227],[75,81,226],[73,80,228],[30,68,209],[28,67,205],[29,69,207],[79,103,120],
[80,105,122],[81,101,118],[92,205,225],[90,207,224],[88,209,223],[23,359,444],[24,355,442],[22,357,440],[276,376,461],[274,374,455],
[272,378,458],[44,127,333],[43,129,327],[45,128,330],[34,109,217],[36,111,219],[35,110,221],[18,33,228],[17,32,226],[16,31,227],
[183,212,241],[182,214,243],[181,216,242],[23,99,237],[24,97,233],[22,95,235],[168,296,330],[167,295,333],[166,297,327],[77,145,253],
[78,146,254],[76,147,255],[310,418,465],[308,416,468],[312,420,471],[21,103,325],[19,101,331],[20,105,328],[115,311,324],[113,309,318],
[117,307,321],[30,87,323],[28,86,317],[29,85,320],[169,218,495],[170,220,493],[171,222,494],[23,104,434],[24,102,428],[22,100,431],
[30,83,188],[28,82,189],[29,84,187],[13,100,237],[15,104,233],[14,102,235],[197,377,496],[198,375,498],[196,373,497],[66,177,338],
[64,175,340],[65,176,342],[12,152,357],[10,153,355],[11,151,359],[204,369,444],[202,367,442],[200,371,440],[106,400,463],[107,397,466],
[108,403,469],[19,173,264],[21,172,262],[20,174,263],[42,182,255],[40,181,254],[41,183,253],[10,339,439],[11,337,441],[12,341,443],
[37,51,231],[38,49,229],[39,50,230],[13,93,307],[15,91,311],[14,89,309],[9,177,352],[8,175,346],[7,176,349],[6,138,447],
[4,132,450],[5,135,453],[140,336,457],[142,335,460],[144,334,454],[205,222,227],[207,220,226],[209,218,228],[309,310,333],[311,312,327],
[307,308,330],[152,377,461],[153,373,458],[151,375,455],[51,219,323],[50,217,317],[49,221,320],[48,152,463],[46,151,466],[47,153,469],
[59,335,344],[58,334,343],[60,336,345],[62,195,453],[61,194,450],[63,193,447],[188,299,503],[189,298,502],[187,300,504],[334,343,454],
[336,345,457],[335,344,460],[6,193,447],[5,195,453],[4,194,450],[152,400,463],[153,403,469],[151,397,466],[12,152,377],[10,153,373],
[11,151,375],[83,188,503],[84,187,504],[82,189,502],[28,217,317],[29,221,320],[30,219,323],[297,311,327],[296,307,330],[295,309,333],
[18,218,228],[16,222,227],[17,220,226],[44,310,333],[43,312,327],[45,308,330],[79,205,227],[80,209,228],[81,207,226],[152,338,461],
[153,342,458],[151,340,455],[60,206,336],[58,210,334],[59,208,335],[62,405,453],[63,399,447],[61,402,450],[293,299,503],[294,298,502],
[292,300,504],[48,462,463],[47,459,469],[46,456,466],[51,160,323],[49,162,320],[50,161,317],[2,23,104],[1,22,100],[3,24,102],
[376,461,500],[378,458,501],[374,455,499],[30,209,294],[29,207,293],[28,205,292],[42,212,255],[41,216,253],[40,214,254],[185,197,377],
[186,196,373],[184,198,375],[112,212,241],[116,216,242],[114,214,243],[76,255,275],[78,254,271],[77,253,273],[79,120,261],[81,118,259],
[80,122,257],[66,290,338],[65,289,342],[64,291,340],[106,452,460],[107,449,454],[108,446,457],[41,310,418],[42,312,420],[40,308,416],
[193,210,329],[195,206,326],[194,208,332],[246,379,437],[244,381,438],[245,380,436],[2,115,311],[1,117,307],[3,113,309],[23,191,444],
[22,190,440],[24,192,442],[9,160,177],[7,162,176],[8,161,175],[23,52,99],[22,53,95],[24,54,97],[19,173,462],[20,174,456],
[21,172,459],[4,223,414],[6,225,411],[5,224,408],[47,74,246],[48,75,244],[46,73,245],[204,394,444],[200,395,440],[202,396,442],
[86,169,218],[85,171,222],[87,170,220],[9,166,261],[8,167,259],[7,168,257],[13,152,237],[14,153,235],[15,151,233],[6,425,491],
[5,421,488],[4,423,485],[76,109,217],[77,110,221],[78,111,219],[13,94,307],[14,96,309],[15,98,311],[83,341,400],[84,339,403],
[82,337,397],[7,345,405],[8,343,399],[9,344,402],[18,92,491],[16,90,488],[17,88,485],[205,225,500],[209,223,501],[207,224,499],
[12,106,443],[11,107,441],[10,108,439],[21,290,325],[20,289,328],[19,291,331],[4,51,231],[6,50,230],[5,49,229],[96,112,192],
[94,116,190],[98,114,191],[54,275,396],[52,271,394],[53,273,395],[86,185,444],[87,186,440],[85,184,442],[59,414,462],[58,411,456],
[60,408,459],[61,160,381],[62,162,379],[63,161,380],[62,190,295],[63,192,297],[61,191,296],[44,60,396],[43,58,394],[45,59,395],
[61,62,63],[58,59,60],[59,60,396],[58,59,395],[58,60,394],[61,62,191],[62,63,190],[61,63,192],[185,394,444],[184,396,442],
[186,395,440],[19,414,462],[21,408,459],[20,411,456],[7,162,379],[8,161,380],[9,160,381],[86,191,444],[87,190,440],[85,192,442],
[51,61,160],[50,63,161],[49,62,162],[48,59,462],[46,58,456],[47,60,459],[62,295,405],[63,297,399],[61,296,402],[44,60,206],
[45,59,208],[43,58,210],[14,96,112],[15,98,114],[13,94,116],[6,18,491],[4,17,485],[5,16,488],[4,51,414],[5,49,408],
[6,50,411],[2,23,52],[3,24,54],[1,22,53],[47,246,379],[46,245,380],[48,244,381],[12,106,460],[10,108,457],[11,107,454],
[21,290,338],[19,291,340],[20,289,342],[9,79,261],[7,80,257],[8,81,259],[54,76,275],[53,77,273],[52,78,271],[42,112,212],
[40,114,214],[41,116,216],[28,292,504],[29,293,503],[30,294,502],[338,461,500],[340,455,499],[342,458,501],[79,205,500],[81,207,499],
[80,209,501],[41,44,310],[40,45,308],[42,43,312],[18,86,218],[17,87,220],[16,85,222],[2,297,311],[3,295,309],[1,296,307],
[28,76,217],[30,78,219],[29,77,221],[83,400,503],[82,397,502],[84,403,504],[12,185,377],[11,184,375],[10,186,373],[13,152,400],
[15,151,397],[14,153,403],[6,193,210],[4,194,208],[5,195,206],[344,402,460],[345,405,457],[343,399,454],[14,403,504],[13,400,503],
[15,397,502],[28,76,504],[30,78,502],[29,77,503],[14,42,112],[13,41,116],[15,40,114],[7,80,501],[9,79,500],[8,81,499],
[21,338,500],[20,342,501],[19,340,499],[12,402,460],[11,399,454],[10,405,457],[2,52,78],[1,53,77],[3,54,76],[6,18,210],
[5,16,206],[4,17,208],[41,44,206],[42,43,210],[40,45,208],[1,296,402],[3,295,405],[2,297,399],[18,86,191],[16,85,192],
[17,87,190],[7,47,379],[9,48,381],[8,46,380],[19,51,414],[20,50,411],[21,49,408],[12,185,394],[10,186,395],[11,184,396],
[49,62,191],[51,61,192],[50,63,190],[48,59,396],[47,60,394],[46,58,395],[12,47,394],[10,46,395],[11,48,396],[18,49,191],
[17,50,190],[16,51,192],[18,42,210],[17,40,208],[16,41,206],[1,12,402],[3,10,405],[2,11,399],[21,49,500],[20,50,501],
[19,51,499],[7,47,501],[8,46,499],[9,48,500],[14,42,504],[15,40,502],[13,41,503],[1,77,503],[3,76,504],[2,78,502],
[12,47,501],[11,48,500],[10,46,499],[1,12,503],[2,11,502],[3,10,504],[18,42,504],[16,41,503],[17,40,502],[18,49,500],
[16,51,499],[17,50,501],[18,500,504],[17,501,502],[16,499,503],[12,501,503],[10,499,504],[11,500,502]];
###############################################################

#SurfaceInfo: 1014 Vertices, 4056 Edges, 2704 Faces, IsOrientable=true
 #Vertices of faces:
vof2:=[[1012,1013,1014],[1011,1012,1013],[1010,1013,1014],[1009,1012,1014],[1006,1007,1008],[1003,1004,1005],[1000,1001,1002],[997,998,999],[994,995,996],[991,992,993],
[988,989,990],[985,986,987],[982,983,984],[979,980,981],[976,977,978],[973,974,975],[970,971,972],[969,1006,1007],[968,1000,1001],[967,1003,1004],
[964,965,966],[961,962,963],[958,959,960],[956,957,959],[954,955,965],[952,953,962],[949,950,951],[946,947,948],[943,944,945],[940,941,942],
[937,938,939],[934,935,936],[932,933,992],[930,931,998],[928,929,995],[927,932,933],[926,930,931],[925,928,929],[922,923,924],[919,920,921],
[916,917,918],[913,914,915],[910,911,912],[907,908,909],[904,905,906],[901,902,903],[898,899,900],[895,896,897],[892,893,894],[889,890,891],
[888,922,923],[887,916,917],[886,919,920],[885,913,914],[884,907,908],[883,910,911],[882,913,915],[881,907,909],[880,910,912],[877,878,879],
[874,875,876],[871,872,873],[868,869,870],[865,866,867],[862,863,864],[859,860,861],[856,857,858],[853,854,855],[850,851,852],[847,848,849],
[844,845,846],[861,882,913],[858,880,910],[855,881,907],[843,882,915],[842,880,912],[841,881,909],[840,904,905],[839,898,899],[838,901,902],
[837,889,890],[836,895,896],[835,892,893],[843,886,919],[841,888,922],[842,887,916],[834,883,910],[833,884,907],[832,885,913],[830,831,907],
[828,829,913],[826,827,910],[824,825,848],[822,823,851],[820,821,845],[817,818,819],[814,815,816],[811,812,813],[824,848,938],[822,851,935],
[820,845,941],[810,868,869],[809,865,866],[808,862,863],[807,874,875],[806,877,878],[805,871,872],[804,856,857],[803,853,854],[802,859,860],
[823,850,851],[821,844,845],[825,847,848],[830,833,907],[826,834,910],[828,832,913],[801,843,919],[800,841,922],[799,842,916],[798,838,901],
[797,840,904],[796,839,898],[795,836,895],[794,837,889],[793,835,892],[792,843,915],[791,841,909],[790,842,912],[831,855,907],[829,861,913],
[827,858,910],[788,789,818],[786,787,812],[784,785,815],[844,926,930],[847,927,932],[850,925,928],[783,860,861],[782,857,858],[781,854,855],
[780,856,858],[779,859,861],[778,853,855],[777,843,886],[776,841,888],[775,842,887],[774,861,882],[773,858,880],[772,855,881],[771,843,882],
[770,841,881],[769,842,880],[832,833,834],[767,768,882],[765,766,881],[763,764,880],[761,762,860],[759,760,857],[757,758,854],[756,765,766],
[755,763,764],[754,767,768],[759,760,830],[757,758,828],[761,762,826],[753,761,860],[752,759,857],[751,757,854],[767,771,882],[763,769,880],
[765,770,881],[764,773,880],[766,772,881],[768,774,882],[750,777,886],[749,775,887],[748,776,888],[747,779,859],[746,778,853],[745,780,856],
[762,783,860],[758,781,854],[760,782,857],[773,780,858],[772,778,855],[774,779,861],[744,788,818],[743,784,815],[742,786,812],[790,844,930],
[791,850,928],[792,847,932],[741,809,865],[740,810,868],[739,808,862],[738,807,874],[737,805,871],[736,806,877],[735,802,859],[734,804,856],
[733,803,853],[783,829,861],[781,831,855],[782,827,858],[775,790,842],[776,791,841],[777,792,843],[732,793,892],[731,794,889],[730,795,895],
[729,798,901],[728,796,898],[727,797,904],[771,801,843],[769,799,842],[770,800,841],[830,832,833],[828,832,834],[826,833,834],[823,850,925],
[825,847,927],[821,844,926],[726,845,941],[725,848,938],[724,851,935],[789,817,818],[787,811,812],[785,814,815],[721,722,723],[718,719,720],
[715,716,717],[713,714,750],[711,712,749],[709,710,748],[707,708,747],[705,706,745],[703,704,746],[702,771,868],[701,769,862],[700,770,865],
[698,699,954],[696,697,956],[694,695,952],[692,693,786],[690,691,784],[688,689,788],[686,687,964],[684,685,961],[682,683,958],[681,683,691],
[680,685,693],[679,687,689],[677,678,763],[675,676,767],[673,674,765],[670,671,672],[667,668,669],[664,665,666],[663,733,787],[662,734,785],
[661,735,789],[738,954,965],[737,956,959],[736,952,962],[660,964,965],[659,958,959],[658,961,962],[657,940,941],[656,934,935],[655,937,938],
[654,949,950],[653,943,944],[652,946,947],[651,804,857],[650,803,854],[649,802,860],[763,817,819],[767,811,813],[765,814,816],[648,657,733],
[647,656,735],[646,655,734],[645,653,669],[644,654,672],[643,652,666],[640,641,642],[638,639,710],[636,637,712],[634,635,714],[632,633,1001],
[630,631,1004],[628,629,1007],[625,626,627],[622,623,624],[619,620,621],[618,640,641],[617,641,642],[616,640,642],[645,669,731],[643,666,732],
[644,672,730],[649,802,1003],[650,803,1006],[651,804,1000],[615,709,748],[614,711,749],[613,713,750],[721,722,940],[718,719,937],[715,716,934],
[698,725,954],[694,724,952],[696,726,956],[612,705,745],[611,703,746],[610,707,747],[719,720,752],[716,717,753],[722,723,751],[609,664,665],
[608,667,668],[607,670,671],[648,663,733],[646,662,734],[647,661,735],[654,671,672],[652,665,666],[653,668,669],[677,763,819],[673,765,816],
[675,767,813],[606,652,946],[605,654,949],[604,653,943],[645,653,944],[643,652,947],[644,654,950],[648,657,940],[646,655,937],[647,656,934],
[679,688,689],[680,692,693],[681,690,691],[686,687,689],[682,683,691],[684,685,693],[695,736,952],[699,738,954],[697,737,956],[660,687,964],
[658,685,961],[659,683,958],[658,736,962],[659,737,959],[660,738,965],[603,738,874],[602,737,871],[601,736,877],[739,769,862],[740,771,868],
[741,770,865],[663,787,811],[661,789,817],[662,785,814],[655,725,938],[656,724,935],[657,726,941],[703,823,925],[705,821,926],[707,825,927],
[702,771,801],[700,770,800],[701,769,799],[600,730,895],[599,731,889],[598,732,892],[690,729,798],[692,728,796],[688,727,797],[783,829,849],
[782,827,846],[781,831,852],[657,733,853],[655,734,856],[656,735,859],[693,742,786],[689,744,788],[691,743,784],[597,773,780],[596,774,779],
[595,772,778],[762,783,944],[760,782,950],[758,781,947],[706,745,856],[704,746,853],[708,747,859],[714,750,777],[710,748,776],[712,749,775],
[594,766,772],[593,768,774],[592,764,773],[678,763,769],[674,765,770],[676,767,771],[651,752,857],[649,753,860],[650,751,854],[755,763,817],
[756,765,814],[754,767,811],[775,790,844],[777,792,847],[776,791,850],[757,828,834],[761,826,833],[759,830,832],[659,969,1006],[658,967,1003],
[660,968,1000],[591,604,661],[590,605,662],[589,606,663],[885,969,1007],[884,968,1001],[883,967,1004],[587,588,686],[585,586,684],[583,584,682],
[679,687,773],[680,685,774],[681,683,772],[705,706,817],[703,704,814],[707,708,811],[604,824,825],[605,820,821],[606,822,823],[582,844,846],
[581,847,849],[580,850,852],[579,832,885],[578,833,884],[577,834,883],[576,738,807],[575,736,806],[574,737,805],[607,752,759],[608,753,761],
[609,751,757],[573,609,757],[572,607,759],[571,608,761],[576,601,807],[574,603,805],[575,602,806],[570,587,686],[569,585,684],[568,583,682],
[579,885,969],[577,883,967],[578,884,968],[591,604,825],[590,605,821],[589,606,823],[579,613,713],[577,614,711],[578,615,709],[607,670,752],
[609,664,751],[608,667,753],[577,757,834],[579,759,832],[578,761,833],[582,775,844],[580,776,850],[581,777,847],[705,755,817],[707,754,811],
[703,756,814],[592,679,773],[594,681,772],[593,680,774],[597,687,773],[595,683,772],[596,685,774],[567,689,744],[566,691,743],[565,693,742],
[581,783,849],[580,781,852],[582,782,846],[564,702,801],[563,701,799],[562,700,800],[663,708,811],[662,704,814],[661,706,817],[574,659,737],
[576,660,738],[575,658,736],[659,683,969],[660,687,968],[658,685,967],[584,682,691],[586,684,693],[588,686,689],[604,824,943],[606,822,946],
[605,820,949],[561,675,813],[560,677,819],[559,673,816],[558,654,671],[557,652,665],[556,653,668],[606,648,663],[604,647,661],[605,646,662],
[650,659,1006],[651,660,1000],[649,658,1003],[587,618,640],[585,616,642],[583,617,641],[555,625,626],[554,619,620],[553,622,623],[628,885,1007],
[630,883,1004],[632,884,1001],[651,720,752],[650,723,751],[649,717,753],[655,706,856],[657,704,853],[656,708,859],[612,705,821],[610,707,825],
[611,703,823],[655,698,725],[657,696,726],[656,694,724],[678,739,769],[674,741,770],[676,740,771],[602,697,737],[603,699,738],[601,695,736],
[679,688,797],[681,690,798],[680,692,796],[648,721,940],[647,715,934],[646,718,937],[644,782,950],[643,781,947],[645,783,944],[600,644,730],
[598,643,732],[599,645,731],[638,710,776],[634,714,777],[636,712,775],[552,600,914],[551,598,911],[550,599,908],[548,549,592],[546,547,594],
[544,545,593],[543,590,662],[542,589,663],[541,591,661],[540,885,914],[539,883,911],[538,884,908],[537,719,752],[536,716,753],[535,722,751],
[589,705,926],[590,707,927],[591,703,925],[534,606,652],[533,604,653],[532,605,654],[530,531,636],[528,529,638],[526,527,634],[525,535,722],
[524,537,719],[523,536,716],[543,590,927],[541,591,925],[542,589,926],[544,570,593],[548,568,592],[546,569,594],[540,552,914],[538,550,908],
[539,551,911],[550,599,645],[552,600,644],[551,598,643],[522,648,721],[521,647,715],[520,646,718],[519,679,797],[518,680,796],[517,681,798],
[516,676,740],[515,678,739],[514,674,741],[513,650,723],[512,649,717],[511,651,720],[540,628,885],[538,632,884],[539,630,883],[510,555,625],
[509,553,622],[508,554,619],[534,606,648],[532,605,646],[533,604,647],[534,557,652],[532,558,654],[533,556,653],[507,561,675],[506,559,673],
[505,560,677],[504,824,943],[503,820,949],[502,822,946],[541,661,706],[542,663,708],[543,662,704],[564,628,702],[562,632,700],[563,630,701],
[549,592,679],[545,593,680],[547,594,681],[589,705,755],[591,703,756],[590,707,754],[537,670,752],[536,667,753],[535,664,751],[655,698,706],
[656,694,708],[657,696,704],[574,650,659],[575,649,658],[576,651,660],[582,644,782],[581,645,783],[580,643,781],[565,586,693],[567,588,689],
[566,584,691],[595,683,969],[596,685,967],[597,687,968],[582,636,775],[581,634,777],[580,638,776],[589,611,823],[591,610,825],[590,612,821],
[579,713,969],[578,709,968],[577,711,967],[570,587,618],[568,583,617],[569,585,616],[576,601,695],[575,602,697],[574,603,699],[571,578,761],
[573,577,757],[572,579,759],[500,501,997],[498,499,991],[496,497,994],[494,495,635],[492,493,637],[490,491,639],[489,534,625],[488,533,622],
[487,532,619],[486,504,971],[485,503,974],[484,502,977],[483,970,971],[482,976,977],[481,973,974],[695,976,978],[697,973,975],[699,970,972],
[479,480,537],[477,478,535],[475,476,536],[474,977,978],[473,971,972],[472,974,975],[471,546,547],[470,548,549],[469,544,545],[566,696,697],
[565,694,695],[567,698,699],[468,927,933],[467,925,929],[466,926,931],[467,923,924],[468,920,921],[466,917,918],[471,579,613],[470,578,615],
[469,577,614],[535,567,744],[537,565,742],[536,566,743],[469,473,540],[471,474,538],[470,472,539],[468,472,561],[467,473,559],[466,474,560],
[466,474,917],[467,473,923],[468,472,920],[467,924,929],[466,918,931],[468,921,933],[471,474,547],[470,472,549],[469,473,545],[471,546,613],
[469,544,614],[470,548,615],[465,500,501],[464,496,497],[463,498,499],[462,501,997],[461,497,994],[460,499,991],[459,494,495],[458,492,493],
[457,490,491],[456,491,639],[455,495,635],[454,493,637],[482,489,976],[481,487,973],[483,488,970],[473,540,972],[472,539,975],[474,538,978],
[472,561,974],[474,560,977],[473,559,971],[477,535,744],[475,536,743],[479,537,742],[567,699,970],[565,695,976],[566,697,973],[483,486,971],
[482,484,977],[481,485,974],[469,573,577],[471,572,579],[470,571,578],[576,695,978],[574,699,972],[575,697,975],[567,588,698],[566,584,696],
[565,586,694],[480,537,670],[476,536,667],[478,535,664],[486,504,824],[484,502,822],[485,503,820],[468,507,561],[466,505,560],[467,506,559],
[489,534,557],[487,532,558],[488,533,556],[510,534,625],[508,532,619],[509,533,622],[515,519,739],[514,517,741],[516,518,740],[469,540,552],
[471,538,550],[470,539,551],[468,543,927],[466,542,926],[467,541,925],[525,535,567],[523,536,566],[524,537,565],[595,713,969],[596,711,967],
[597,709,968],[552,582,644],[551,580,643],[550,581,645],[589,611,755],[590,612,754],[591,610,756],[541,698,706],[543,696,704],[542,694,708],
[540,564,628],[539,563,630],[538,562,632],[513,574,650],[511,576,651],[512,575,649],[519,549,679],[517,547,681],[518,545,680],[522,534,648],
[521,533,647],[520,532,646],[544,570,618],[546,569,616],[548,568,617],[530,582,636],[528,580,638],[526,581,634],[453,988,989],[452,988,990],
[451,989,990],[450,483,984],[449,482,987],[448,481,981],[447,985,986],[446,982,983],[445,979,980],[447,983,984],[446,980,981],[445,986,987],
[444,994,995],[443,991,992],[442,997,998],[441,897,966],[440,894,960],[439,891,963],[438,900,1008],[437,903,1002],[436,906,1005],[435,500,875],
[434,496,872],[433,498,878],[432,992,993],[431,998,999],[430,995,996],[429,492,727],[428,490,729],[427,494,728],[426,982,984],[425,979,981],
[424,985,987],[423,1007,1008],[422,1001,1002],[421,1004,1005],[419,420,452],[417,418,453],[415,416,451],[413,414,989],[411,412,988],[409,410,990],
[408,531,986],[407,529,983],[406,527,980],[404,405,624],[402,403,627],[400,401,621],[399,405,870],[398,403,867],[397,401,864],[396,410,873],
[395,412,876],[394,414,879],[393,487,619],[392,489,625],[391,488,622],[390,504,971],[389,502,977],[388,503,974],[477,478,544],[475,476,548],
[479,480,546],[387,959,960],[386,965,966],[385,962,963],[430,935,936],[431,941,942],[432,938,939],[384,957,959],[383,955,965],[382,953,962],
[383,940,942],[384,934,936],[382,937,939],[447,949,951],[446,946,948],[445,943,945],[381,928,995],[380,932,992],[379,930,998],[378,933,992],
[377,931,998],[376,929,995],[480,899,900],[476,902,903],[478,905,906],[375,893,894],[374,890,891],[373,896,897],[375,807,875],[374,805,872],
[373,806,878],[379,798,838],[381,796,839],[380,797,840],[372,794,837],[371,795,836],[370,793,835],[369,824,938],[368,820,941],[367,822,935],
[430,818,819],[431,812,813],[432,815,816],[366,722,940],[365,716,934],[364,719,937],[363,690,729],[362,688,727],[361,692,728],[384,601,877],
[383,602,871],[382,603,874],[424,669,731],[426,672,730],[425,666,732],[360,638,639],[359,634,635],[358,636,637],[424,633,1001],[426,629,1007],
[425,631,1004],[416,619,621],[418,625,627],[420,622,624],[362,626,627],[361,620,621],[363,623,624],[357,504,943],[356,502,946],[355,503,949],
[475,508,554],[477,509,553],[479,510,555],[354,518,796],[353,517,798],[352,519,797],[413,523,716],[411,524,719],[409,525,722],[391,530,531],
[392,526,527],[393,528,529],[372,527,634],[371,531,636],[370,529,638],[351,502,794],[350,504,795],[349,503,793],[348,508,933],[347,509,929],
[346,510,931],[345,354,518],[344,352,519],[343,353,517],[348,475,508],[346,479,510],[347,477,509],[349,355,503],[351,356,502],[350,357,504],
[360,370,638],[358,371,636],[359,372,634],[424,633,669],[425,631,666],[426,629,672],[361,620,692],[363,623,690],[362,626,688],[365,413,716],
[366,409,722],[364,411,719],[351,372,794],[349,370,793],[350,371,795],[371,531,836],[370,529,835],[372,527,837],[354,381,796],[352,380,797],
[353,379,798],[375,807,893],[373,806,896],[374,805,890],[346,377,931],[348,378,933],[347,376,929],[379,838,930],[380,840,932],[381,839,928],
[355,447,949],[357,445,943],[356,446,946],[384,601,957],[383,602,955],[382,603,953],[384,877,936],[382,874,939],[383,871,942],[366,383,940],
[365,384,934],[364,382,937],[431,813,942],[432,816,939],[430,819,936],[369,432,938],[367,430,935],[368,431,941],[384,387,959],[382,385,962],
[383,386,965],[388,503,793],[390,504,795],[389,502,794],[393,487,528],[391,488,530],[392,489,526],[393,416,619],[391,420,622],[392,418,625],
[342,399,405],[341,397,401],[340,398,403],[339,397,864],[338,398,867],[337,399,870],[336,394,414],[335,396,410],[334,395,412],[333,396,873],
[332,395,876],[331,394,879],[330,400,401],[329,404,405],[328,402,403],[391,408,531],[392,406,527],[393,407,529],[413,414,523],[411,412,524],
[409,410,525],[419,420,624],[415,416,621],[417,418,627],[362,402,627],[363,404,624],[361,400,621],[422,424,1001],[421,425,1004],[423,426,1007],
[425,732,979],[426,730,982],[424,731,985],[362,429,727],[361,427,728],[363,428,729],[430,818,996],[432,815,993],[431,812,999],[375,435,875],
[373,433,878],[374,434,872],[436,478,906],[437,476,903],[438,480,900],[373,441,897],[374,439,891],[375,440,894],[381,444,995],[379,442,998],
[380,443,992],[378,432,992],[376,430,995],[377,431,998],[385,439,963],[386,441,966],[387,440,960],[447,951,983],[446,948,980],[445,945,986],
[447,984,985],[445,979,987],[446,981,982],[426,450,984],[425,448,981],[424,449,987],[422,437,1002],[421,436,1005],[423,438,1008],[415,451,989],
[419,452,990],[417,453,988],[409,451,990],[413,453,989],[411,452,988],[408,447,986],[406,445,980],[407,446,983],[360,456,639],[358,454,637],
[359,455,635],[443,460,991],[442,462,997],[444,461,994],[435,465,500],[433,463,498],[434,464,496],[429,458,492],[427,459,494],[428,457,490],
[478,544,618],[480,546,616],[476,548,617],[327,610,756],[326,611,755],[325,612,754],[324,595,713],[323,597,709],[322,596,711],[367,484,822],
[368,485,820],[369,486,824],[480,670,899],[478,664,905],[476,667,902],[450,483,486],[448,481,485],[449,482,484],[477,553,744],[479,555,742],
[475,554,743],[390,559,971],[388,561,974],[389,560,977],[479,546,613],[475,548,615],[477,544,614],[510,918,931],[508,921,933],[509,924,929],
[530,552,582],[528,551,580],[526,550,581],[515,519,549],[516,518,545],[514,517,547],[510,522,534],[508,520,532],[509,521,533],[467,506,541],
[466,505,542],[468,507,543],[541,588,698],[542,586,694],[543,584,696],[513,574,972],[512,575,975],[511,576,978],[469,552,573],[470,551,571],
[471,550,572],[489,557,976],[487,558,973],[488,556,970],[524,565,976],[523,566,973],[525,567,970],[540,564,972],[538,562,978],[539,563,975],
[472,549,920],[473,545,923],[474,547,917],[319,320,321],[316,317,318],[313,314,315],[311,312,501],[309,310,499],[307,308,497],[305,306,495],
[303,304,493],[301,302,491],[300,481,981],[299,483,984],[298,482,987],[297,897,966],[296,891,963],[295,894,960],[294,903,1002],[293,906,1005],
[292,900,1008],[291,500,875],[290,498,878],[289,496,872],[456,494,728],[455,492,727],[454,490,729],[288,414,989],[287,410,990],[286,412,988],
[285,531,986],[284,527,980],[283,529,983],[282,403,867],[281,405,870],[280,401,864],[279,412,876],[278,414,879],[277,410,873],[276,405,624],
[275,401,621],[274,403,627],[458,709,710],[457,713,714],[459,711,712],[273,670,672],[272,664,666],[271,667,669],[270,701,862],[269,700,865],
[268,702,868],[321,686,964],[315,684,961],[318,682,958],[267,692,786],[266,688,788],[265,690,784],[372,916,918],[370,919,921],[371,922,924],
[264,875,876],[263,878,879],[262,872,873],[261,877,879],[260,874,876],[259,871,873],[258,865,867],[257,862,864],[256,868,870],[270,869,870],
[269,863,864],[268,866,867],[393,839,899],[391,838,902],[392,840,905],[486,837,890],[484,835,893],[485,836,896],[291,740,810],[290,741,809],
[289,739,808],[255,732,793],[254,730,795],[253,731,794],[317,729,901],[320,727,904],[314,728,898],[252,790,930],[251,792,932],[250,791,928],
[249,744,818],[248,742,812],[247,743,815],[362,750,886],[361,748,888],[363,749,887],[460,756,766],[462,754,768],[461,755,764],[409,555,626],
[413,553,623],[411,554,620],[379,585,642],[380,583,641],[381,587,640],[246,561,813],[245,559,816],[244,560,819],[375,564,801],[373,562,800],
[374,563,799],[465,570,686],[463,569,684],[464,568,682],[243,601,807],[242,602,806],[241,603,805],[422,465,501],[421,463,499],[423,464,497],
[355,462,501],[356,461,497],[357,460,499],[385,459,495],[386,458,493],[387,457,491],[377,454,493],[376,456,491],[378,455,495],[240,517,741],
[239,518,740],[238,519,739],[237,481,487],[236,482,489],[235,483,488],[234,252,790],[233,250,791],[232,251,792],[240,290,741],[238,289,739],
[239,291,740],[231,267,786],[230,265,784],[229,266,788],[321,465,686],[318,464,682],[315,463,684],[258,269,865],[256,268,868],[257,270,862],
[270,701,869],[268,702,866],[269,700,863],[259,277,873],[260,279,876],[261,278,879],[269,280,864],[268,282,867],[270,281,870],[317,454,729],
[314,456,728],[320,455,727],[291,500,810],[289,496,808],[290,498,809],[264,291,875],[262,289,872],[263,290,878],[228,292,1008],[227,293,1005],
[226,294,1002],[225,292,900],[224,293,906],[223,294,903],[222,297,966],[221,295,960],[220,296,963],[219,297,897],[218,296,891],[217,295,894],
[237,300,481],[235,299,483],[236,298,482],[303,377,493],[305,378,495],[301,376,491],[306,385,495],[302,387,491],[304,386,493],[311,355,501],
[307,356,497],[309,357,499],[312,422,501],[308,423,497],[310,421,499],[316,317,901],[313,314,898],[319,320,904],[319,321,964],[316,318,958],
[313,315,961],[238,344,519],[240,343,517],[239,345,518],[244,389,560],[246,388,561],[245,390,559],[248,555,742],[247,554,743],[249,553,744],
[450,486,890],[449,484,893],[448,485,896],[273,670,899],[271,667,902],[272,664,905],[368,485,836],[369,486,837],[367,484,835],[324,457,713],
[322,459,711],[323,458,709],[327,460,756],[325,462,754],[326,461,755],[429,458,710],[428,457,714],[427,459,712],[435,465,570],[434,464,568],
[433,463,569],[444,461,764],[442,462,768],[443,460,766],[360,456,494],[358,454,490],[359,455,492],[409,451,555],[411,452,554],[413,453,553],
[288,415,989],[287,419,990],[286,417,988],[422,437,465],[423,438,464],[421,436,463],[298,979,987],[299,984,985],[300,981,982],[285,945,986],
[283,951,983],[284,948,980],[386,441,458],[387,440,457],[385,439,459],[380,443,583],[381,444,587],[379,442,585],[375,440,801],[374,439,799],
[373,441,800],[375,435,564],[374,434,563],[373,433,562],[249,818,996],[248,812,999],[247,815,993],[362,429,886],[363,428,887],[361,427,888],
[255,732,979],[253,731,985],[254,730,982],[361,400,748],[362,402,750],[363,404,749],[274,417,627],[276,419,624],[275,415,621],[277,410,525],
[278,414,523],[279,412,524],[393,407,839],[392,406,840],[391,408,838],[263,331,879],[262,333,873],[264,332,876],[258,338,867],[256,337,870],
[257,339,864],[276,342,405],[274,340,403],[275,341,401],[288,336,414],[286,334,412],[287,335,410],[282,328,403],[280,330,401],[281,329,405],
[393,416,899],[392,418,905],[391,420,902],[235,488,530],[236,489,526],[237,487,528],[255,388,793],[253,389,794],[254,390,795],[246,813,942],
[244,819,936],[245,816,939],[243,601,957],[241,603,953],[242,602,955],[261,877,936],[259,871,942],[260,874,939],[252,838,930],[250,839,928],
[251,840,932],[346,377,454],[348,378,455],[347,376,456],[243,807,893],[241,805,890],[242,806,896],[353,379,642],[354,381,640],[352,380,641],
[285,531,836],[284,527,837],[283,529,835],[350,371,922],[351,372,916],[349,370,919],[364,411,620],[366,409,626],[365,413,623],[267,620,692],
[266,626,688],[265,623,690],[271,633,669],[273,629,672],[272,631,666],[359,372,918],[358,371,924],[360,370,921],[349,355,462],[350,357,460],
[351,356,461],[524,557,976],[525,556,970],[523,558,973],[513,564,972],[512,563,975],[511,562,978],[506,541,588],[507,543,584],[505,542,586],
[515,549,920],[514,547,917],[516,545,923],[530,552,573],[526,550,572],[528,551,571],[510,522,918],[509,521,924],[508,520,921],[436,478,618],
[438,480,616],[437,476,617],[422,424,449],[423,426,450],[421,425,448],[369,378,432],[368,377,431],[367,376,430],[364,382,385],[366,383,386],
[365,384,387],[355,408,447],[356,407,446],[357,406,445],[346,479,613],[347,477,614],[348,475,615],[216,1006,1008],[215,1000,1002],[214,1003,1005],
[213,997,999],[212,991,993],[211,994,996],[209,210,399],[207,208,398],[205,206,397],[203,204,395],[201,202,396],[199,200,394],[198,498,991],
[197,496,994],[196,500,997],[195,494,635],[194,490,639],[193,492,637],[192,587,588],[191,583,584],[190,585,586],[189,964,966],[188,958,960],
[187,961,963],[335,786,787],[334,784,785],[336,788,789],[186,904,906],[185,898,900],[184,901,903],[183,895,897],[182,892,894],[181,889,891],
[180,886,920],[179,888,923],[178,887,917],[388,810,869],[389,808,863],[390,809,866],[342,790,912],[340,792,915],[341,791,909],[177,800,922],
[176,801,919],[175,799,916],[174,615,748],[173,613,750],[172,614,749],[419,609,665],[417,607,671],[415,608,668],[171,593,768],[170,592,764],
[169,594,766],[168,829,849],[167,831,852],[166,827,846],[337,598,892],[338,600,895],[339,599,889],[331,802,1003],[332,804,1000],[333,803,1006],
[165,616,640],[164,617,642],[163,618,641],[162,639,710],[161,635,714],[160,637,712],[159,632,633],[158,628,629],[157,630,631],[156,632,700],
[155,630,701],[154,628,702],[289,507,675],[290,505,677],[291,506,673],[269,516,676],[270,514,674],[268,515,678],[153,570,593],[152,569,594],
[151,568,592],[345,354,999],[343,353,993],[344,352,996],[342,343,399],[340,344,398],[341,345,397],[259,339,397],[261,338,398],[260,337,399],
[329,334,395],[330,335,396],[328,336,394],[299,333,396],[298,332,395],[300,331,394],[330,400,633],[328,402,629],[329,404,631],[159,400,633],
[157,404,631],[158,402,629],[156,159,632],[155,157,630],[154,158,628],[150,167,831],[149,166,827],[148,168,829],[147,168,849],[146,167,852],
[145,166,846],[153,171,593],[152,169,594],[151,170,592],[181,339,889],[183,338,895],[182,337,892],[160,193,637],[162,194,639],[161,195,635],
[203,298,395],[199,300,394],[201,299,396],[204,329,395],[200,328,394],[202,330,396],[209,260,399],[205,259,397],[207,261,398],[210,343,399],
[206,345,397],[208,344,398],[212,353,993],[211,352,996],[213,354,999],[216,333,1006],[214,331,1003],[215,332,1000],[197,211,994],[196,213,997],
[198,212,991],[240,342,343],[239,341,345],[238,340,344],[172,347,614],[174,348,615],[173,346,613],[164,437,617],[163,436,618],[165,438,616],
[180,515,920],[178,514,917],[179,516,923],[192,506,588],[190,505,586],[191,507,584],[272,329,631],[273,328,629],[271,330,633],[177,350,922],
[175,351,916],[176,349,919],[164,353,642],[163,352,641],[165,354,640],[222,243,957],[220,242,955],[221,241,953],[255,388,810],[254,390,809],
[253,389,808],[280,330,335],[282,328,336],[281,329,334],[288,336,789],[287,335,787],[286,334,785],[274,340,915],[275,341,909],[276,342,912],
[256,337,598],[257,339,599],[258,338,600],[263,331,802],[264,332,804],[262,333,803],[275,415,608],[276,419,609],[274,417,607],[174,400,748],
[172,404,749],[173,402,750],[180,429,886],[179,427,888],[178,428,887],[247,343,993],[249,344,996],[248,345,999],[177,441,800],[175,439,799],
[176,440,801],[192,444,587],[190,442,585],[191,443,583],[224,284,948],[225,283,951],[223,285,945],[286,417,671],[288,415,668],[287,419,665],
[195,360,494],[193,359,492],[194,358,490],[170,444,764],[169,443,766],[171,442,768],[153,435,570],[152,433,569],[151,434,568],[162,429,710],
[160,427,712],[161,428,714],[245,390,866],[246,388,869],[244,389,863],[189,319,964],[188,316,958],[187,313,961],[186,319,904],[184,316,901],
[185,313,898],[236,298,332],[237,300,331],[235,299,333],[183,219,897],[182,217,894],[181,218,891],[189,222,966],[187,220,963],[188,221,960],
[186,224,906],[184,223,903],[185,225,900],[216,228,1008],[215,226,1002],[214,227,1005],[264,291,506],[262,289,507],[263,290,505],[198,498,809],
[196,500,810],[197,496,808],[269,280,676],[268,282,678],[270,281,674],[259,277,339],[261,278,338],[260,279,337],[256,268,515],[257,270,514],
[258,269,516],[155,701,869],[154,702,866],[156,700,863],[231,335,786],[229,336,788],[230,334,784],[239,291,673],[238,289,675],[240,290,677],
[234,342,790],[233,341,791],[232,340,792],[359,522,918],[360,520,921],[358,521,924],[267,364,620],[265,365,623],[266,366,626],[244,261,936],
[245,260,939],[246,259,942],[235,530,573],[237,528,571],[236,526,572],[252,408,838],[251,406,840],[250,407,839],[278,523,558],[279,524,557],
[277,525,556],[435,513,564],[433,511,562],[434,512,563],[255,298,979],[254,300,982],[253,299,985],[327,350,460],[326,351,461],[325,349,462],
[323,441,458],[322,439,459],[324,440,457],[285,368,836],[283,367,835],[284,369,837],[273,416,899],[271,420,902],[272,418,905],[243,449,893],
[242,448,896],[241,450,890],[248,451,555],[249,453,553],[247,452,554],[312,422,449],[310,421,448],[308,423,450],[311,355,408],[309,357,406],
[307,356,407],[306,364,385],[302,365,387],[304,366,386],[303,368,377],[301,367,376],[305,369,378],[317,346,454],[314,347,456],[320,348,455],
[321,437,465],[315,436,463],[318,438,464],[143,144,297],[141,142,295],[139,140,296],[137,138,293],[135,136,292],[133,134,294],[132,420,452],
[131,416,451],[130,418,453],[129,598,911],[128,599,908],[127,600,914],[319,721,723],[316,715,717],[313,718,720],[126,677,678],[125,673,674],
[124,675,676],[123,735,789],[122,733,787],[121,734,785],[120,830,831],[119,826,827],[118,828,829],[117,914,915],[116,908,909],[115,911,912],
[114,851,852],[113,845,846],[112,848,849],[219,726,845],[217,724,851],[218,725,848],[111,735,802],[110,733,803],[109,734,804],[108,746,778],
[107,745,780],[106,747,779],[228,760,830],[226,762,826],[227,758,828],[105,558,671],[104,556,668],[103,557,665],[102,573,609],[101,571,608],
[100,572,607],[159,222,297],[157,220,296],[158,221,295],[160,219,297],[162,217,295],[161,218,296],[171,227,293],[170,226,294],[169,228,292],
[211,225,292],[213,223,294],[212,224,293],[99,107,745],[98,106,747],[97,108,746],[96,108,778],[95,106,779],[94,107,780],[113,219,845],
[112,218,848],[114,217,851],[118,227,828],[120,228,830],[119,226,826],[109,121,734],[110,122,733],[111,123,735],[115,129,911],[116,128,908],
[117,127,914],[137,212,293],[135,211,292],[133,213,294],[138,171,293],[136,169,292],[134,170,294],[143,160,297],[139,161,296],[141,162,295],
[144,159,297],[142,158,295],[140,157,296],[132,247,452],[130,249,453],[131,248,451],[130,272,418],[131,273,416],[132,271,420],[104,277,556],
[103,279,557],[105,278,558],[102,235,573],[101,237,571],[100,236,572],[126,240,677],[124,238,675],[125,239,673],[125,281,674],[124,280,676],
[126,282,678],[216,228,760],[214,227,758],[215,226,762],[183,219,726],[181,218,725],[182,217,724],[186,319,721],[185,313,718],[184,316,715],
[189,319,723],[187,313,720],[188,316,717],[105,286,671],[104,288,668],[103,287,665],[100,274,607],[102,276,609],[101,275,608],[111,263,802],
[110,262,803],[109,264,804],[129,256,598],[127,258,600],[128,257,599],[117,274,915],[115,276,912],[116,275,909],[123,288,789],[121,286,785],
[122,287,787],[197,211,225],[198,212,224],[196,213,223],[160,193,219],[161,195,218],[162,194,217],[153,171,227],[152,169,228],[151,170,226],
[114,146,852],[112,147,849],[113,145,846],[118,148,829],[119,149,827],[120,150,831],[156,159,222],[154,158,221],[155,157,220],[243,312,449],
[241,308,450],[242,310,448],[285,303,368],[284,305,369],[283,301,367],[252,311,408],[250,307,407],[251,309,406],[267,306,364],[266,304,366],
[265,302,365],[234,240,342],[232,238,340],[233,239,341],[156,244,863],[155,246,869],[154,245,866],[153,435,513],[151,434,512],[152,433,511],
[193,359,522],[195,360,520],[194,358,521],[186,224,948],[185,225,951],[184,223,945],[171,190,442],[169,191,443],[170,192,444],[177,323,441],
[176,324,440],[175,322,439],[162,180,429],[161,178,428],[160,179,427],[231,280,335],[230,281,334],[229,282,336],[196,255,810],[197,253,808],
[198,254,809],[189,222,957],[187,220,955],[188,221,953],[177,327,350],[176,325,349],[175,326,351],[192,264,506],[191,262,507],[190,263,505],
[180,256,515],[179,258,516],[178,257,514],[164,321,437],[165,318,438],[163,315,436],[174,320,348],[173,317,346],[172,314,347],[215,236,332],
[214,237,331],[216,235,333],[164,212,353],[165,213,354],[163,211,352],[210,247,343],[206,248,345],[208,249,344],[207,244,261],[205,246,259],
[209,245,260],[204,272,329],[202,271,330],[200,273,328],[203,255,298],[201,253,299],[199,254,300],[181,277,339],[182,279,337],[183,278,338],
[159,174,400],[158,173,402],[157,172,404],[92,93,175],[90,91,177],[88,89,176],[86,87,167],[84,85,168],[82,83,166],[81,320,321],
[80,317,318],[79,314,315],[78,952,953],[77,954,955],[76,956,957],[75,944,945],[74,947,948],[73,950,951],[72,726,956],[71,724,952],
[70,725,954],[69,610,747],[68,612,745],[67,611,746],[66,760,950],[65,758,947],[64,762,944],[63,595,778],[62,597,780],[61,596,779],
[60,513,723],[59,512,717],[58,511,720],[57,522,721],[56,520,718],[55,521,715],[148,324,595],[149,322,596],[150,323,597],[146,327,610],
[147,325,612],[145,326,611],[54,223,285],[53,224,284],[52,225,283],[51,222,243],[50,221,241],[49,220,242],[115,150,167],[116,148,168],
[117,149,166],[122,146,167],[121,145,166],[123,147,168],[62,150,597],[61,149,596],[63,148,595],[69,146,610],[67,145,611],[68,147,612],
[64,75,944],[66,73,950],[65,74,947],[72,76,956],[70,77,954],[71,78,952],[86,122,167],[84,123,168],[82,121,166],[87,115,167],
[83,117,166],[85,116,168],[51,243,312],[49,242,310],[50,241,308],[81,174,320],[79,172,314],[80,173,317],[81,164,321],[79,163,315],
[80,165,318],[90,177,327],[92,175,326],[88,176,325],[76,189,957],[78,188,953],[77,187,955],[91,177,323],[93,175,322],[89,176,324],
[74,186,948],[75,184,945],[73,185,951],[57,193,522],[55,194,521],[56,195,520],[60,153,513],[58,152,511],[59,151,512],[48,267,306],
[47,265,302],[46,266,304],[45,252,311],[44,251,309],[43,250,307],[54,285,303],[52,283,301],[53,284,305],[51,156,222],[50,154,221],
[49,155,220],[118,148,324],[120,150,323],[119,149,322],[114,146,327],[113,145,326],[112,147,325],[52,197,225],[54,196,223],[53,198,224],
[60,189,723],[59,188,717],[58,187,720],[57,186,721],[55,184,715],[56,185,718],[72,183,726],[70,181,725],[71,182,724],[66,216,760],
[64,215,762],[65,214,758],[115,129,150],[117,127,149],[116,128,148],[109,121,145],[111,123,147],[110,122,146],[63,96,778],[61,95,779],
[62,94,780],[68,99,745],[69,98,747],[67,97,746],[196,203,255],[198,199,254],[197,201,253],[156,207,244],[154,209,245],[155,205,246],
[129,180,256],[128,178,257],[127,179,258],[111,190,263],[109,192,264],[110,191,262],[100,117,274],[101,116,275],[102,115,276],[103,122,287],
[105,121,286],[104,123,288],[126,229,282],[124,231,280],[125,230,281],[126,234,240],[125,233,239],[124,232,238],[102,216,235],[100,215,236],
[101,214,237],[104,181,277],[105,183,278],[103,182,279],[130,204,272],[131,200,273],[132,202,271],[132,210,247],[131,206,248],[130,208,249],
[144,159,174],[140,157,172],[142,158,173],[141,162,180],[143,160,179],[139,161,178],[138,171,190],[134,170,192],[136,169,191],[135,163,211],
[133,165,213],[137,164,212],[118,153,227],[120,152,228],[119,151,226],[113,193,219],[114,194,217],[112,195,218],[41,42,125],[39,40,124],
[37,38,126],[35,36,132],[33,34,131],[31,32,130],[30,51,52],[29,49,54],[28,50,53],[26,27,107],[24,25,108],[22,23,106],
[95,231,267],[94,229,266],[96,230,265],[99,234,252],[98,232,251],[97,233,250],[73,99,107],[74,97,108],[75,98,106],[76,96,108],
[77,94,107],[78,95,106],[24,76,108],[22,78,106],[26,77,107],[25,74,108],[27,73,107],[23,75,106],[30,51,312],[28,50,308],
[29,49,310],[35,132,210],[31,130,208],[33,131,206],[36,132,202],[32,130,204],[34,131,200],[37,126,234],[41,125,233],[39,124,232],
[38,126,229],[42,125,230],[40,124,231],[68,99,234],[67,97,233],[69,98,232],[62,94,229],[63,96,230],[61,95,231],[29,54,303],
[30,52,301],[28,53,305],[45,99,252],[43,97,250],[44,98,251],[47,96,265],[46,94,266],[48,95,267],[72,76,96],[71,78,95],
[70,77,94],[65,74,97],[64,75,98],[66,73,99],[111,138,190],[110,136,191],[109,134,192],[129,141,180],[128,139,178],[127,143,179],
[66,102,216],[65,101,214],[64,100,215],[71,103,182],[72,105,183],[70,104,181],[52,197,201],[53,198,199],[54,196,203],[51,156,207],
[49,155,205],[50,154,209],[60,118,153],[59,119,151],[58,120,152],[57,113,193],[56,112,195],[55,114,194],[57,74,186],[56,73,185],
[55,75,184],[93,119,322],[89,118,324],[91,120,323],[60,76,189],[58,77,187],[59,78,188],[90,114,327],[88,112,325],[92,113,326],
[81,137,164],[80,133,165],[79,135,163],[81,144,174],[80,142,173],[79,140,172],[87,102,115],[85,101,116],[83,100,117],[86,103,122],
[84,104,123],[82,105,121],[68,111,147],[69,110,146],[67,109,145],[62,129,150],[63,128,148],[61,127,149],[35,36,81],[33,34,80],
[31,32,79],[21,51,52],[20,49,54],[19,50,53],[18,311,312],[17,307,308],[16,309,310],[15,305,306],[14,301,302],[13,303,304],
[36,45,311],[34,43,307],[32,44,309],[35,48,306],[31,47,302],[33,46,304],[15,35,306],[14,31,302],[13,33,304],[18,36,311],
[16,32,309],[17,34,307],[35,81,144],[31,79,140],[33,80,142],[36,81,137],[32,79,135],[34,80,133],[21,51,207],[19,50,209],
[20,49,205],[21,52,201],[19,53,199],[20,54,203],[15,28,305],[13,29,303],[14,30,301],[36,45,202],[32,44,204],[34,43,200],
[35,48,210],[33,46,206],[31,47,208],[18,30,312],[16,29,310],[17,28,308],[68,111,138],[69,110,136],[67,109,134],[57,92,113],
[55,90,114],[56,88,112],[60,89,118],[58,91,120],[59,93,119],[71,86,103],[70,84,104],[72,82,105],[66,87,102],[64,83,100],
[65,85,101],[62,129,141],[61,127,143],[63,128,139],[48,71,95],[46,70,94],[47,72,96],[45,66,99],[44,64,98],[43,65,97],
[38,62,229],[40,61,231],[42,63,230],[37,68,234],[39,69,232],[41,67,233],[25,57,74],[23,55,75],[27,56,73],[24,60,76],
[26,58,77],[22,59,78],[30,88,89],[29,90,91],[28,92,93],[12,209,210],[11,205,206],[10,207,208],[9,203,204],[8,199,200],
[7,201,202],[18,30,89],[17,28,93],[16,29,91],[12,48,210],[10,47,208],[11,46,206],[7,45,202],[8,43,200],[9,44,204],
[15,28,92],[14,30,88],[13,29,90],[9,20,203],[7,21,201],[8,19,199],[11,20,205],[12,19,209],[10,21,207],[37,68,138],
[41,67,134],[39,69,136],[38,62,141],[42,63,139],[40,61,143],[45,66,87],[43,65,85],[44,64,83],[48,71,86],[47,72,82],
[46,70,84],[24,60,89],[22,59,93],[26,58,91],[25,57,92],[27,56,88],[23,55,90],[18,36,137],[17,34,133],[16,32,135],
[15,35,144],[13,33,142],[14,31,140],[20,41,42],[19,37,38],[21,39,40],[6,143,144],[5,141,142],[4,139,140],[3,137,138],
[2,133,134],[1,135,136],[3,37,138],[1,39,136],[2,41,134],[6,15,144],[4,14,140],[5,13,142],[3,18,137],[1,16,135],
[2,17,133],[4,42,139],[6,40,143],[5,38,141],[11,20,42],[10,21,40],[12,19,38],[9,20,41],[8,19,37],[7,21,39],
[15,25,92],[13,23,90],[14,27,88],[7,45,87],[9,44,83],[8,43,85],[12,48,86],[11,46,84],[10,47,82],[18,24,89],
[16,26,91],[17,22,93],[86,87,1011],[84,85,1010],[82,83,1009],[11,84,1010],[12,86,1011],[10,82,1009],[7,87,1011],[9,83,1009],
[8,85,1010],[1,7,39],[2,9,41],[3,8,37],[4,11,42],[5,12,38],[6,10,40],[1,16,26],[2,17,22],[3,18,24],
[4,14,27],[5,13,23],[6,15,25],[26,27,1013],[22,23,1012],[24,25,1014],[4,27,1013],[6,25,1014],[5,23,1012],[1,26,1013],
[3,24,1014],[2,22,1012],[1,7,1011],[3,8,1010],[2,9,1009],[4,11,1010],[6,10,1009],[5,12,1011],[4,1010,1013],[5,1011,1012],
[6,1009,1014],[1,1011,1013],[2,1009,1012],[3,1010,1014]];
###############################################################

