#SurfaceInfo: 243 Vertices, 2187 Edges, 1458 Faces, IsOrientable=true
 #Vertices of faces:
vof1:=[[241,242,243],[239,240,242],[238,239,241],[236,237,241],[235,236,243],[233,234,242],[232,233,243],[230,231,242],[229,230,240],[227,228,239],
[226,227,240],[224,225,238],[222,223,241],[220,221,241],[219,224,239],[218,222,238],[217,220,237],[215,216,236],[214,215,237],[212,213,235],
[210,211,243],[208,209,234],[206,207,232],[204,205,243],[202,203,242],[201,212,236],[200,210,235],[199,208,233],[198,206,233],[197,204,232],
[196,202,231],[194,195,234],[192,193,230],[191,194,242],[190,192,231],[188,189,229],[186,187,240],[185,197,228],[183,184,226],[181,182,240],
[179,180,225],[177,178,223],[175,176,241],[174,194,239],[188,198,230],[186,215,229],[173,197,227],[172,183,227],[177,181,226],[172,179,224],
[171,177,222],[170,175,221],[169,194,219],[168,220,228],[167,192,225],[166,202,223],[164,165,220],[163,200,224],[162,220,239],[161,167,238],
[160,202,241],[159,164,221],[158,200,219],[156,157,238],[155,168,217],[153,154,218],[151,152,237],[150,216,229],[148,149,214],[146,147,237],
[145,193,213],[143,144,211],[142,165,209],[141,171,207],[140,160,243],[138,139,242],[137,222,236],[156,208,218],[153,201,222],[151,206,217],
[136,148,215],[143,146,214],[136,193,212],[143,183,210],[135,165,208],[135,171,206],[134,140,205],[138,147,203],[133,204,216],[132,164,213],
[131,175,211],[129,130,209],[127,128,207],[130,179,204],[125,126,202],[124,195,212],[123,204,236],[122,132,235],[175,203,243],[121,129,234],
[120,127,232],[119,130,205],[118,125,203],[117,195,201],[116,163,235],[115,199,218],[114,230,233],[113,133,197],[112,166,196],[110,111,200],
[109,210,233],[108,198,217],[107,173,232],[105,106,231],[104,169,195],[142,193,225],[140,176,242],[103,115,190],[102,128,191],[100,101,231],
[99,163,189],[97,98,187],[116,126,185],[96,184,199],[95,191,240],[93,94,225],[92,150,178],[90,91,241],[88,89,239],[110,199,210],
[105,183,196],[87,140,191],[86,103,192],[128,148,194],[97,100,190],[86,163,188],[97,153,186],[85,126,197],[85,183,199],[84,95,182],
[83,93,180],[82,92,177],[90,120,176],[88,101,174],[81,181,193],[80,125,189],[79,138,187],[77,78,185],[75,76,184],[78,181,212],
[74,179,216],[72,73,178],[70,71,175],[83,92,194],[133,168,188],[69,124,234],[68,181,230],[67,80,229],[138,174,240],[77,87,228],
[66,75,226],[78,144,182],[65,180,216],[64,72,223],[63,70,176],[70,83,174],[62,168,198],[61,224,227],[60,81,177],[149,171,226],
[65,131,170],[59,151,215],[58,186,227],[57,172,196],[56,166,172],[55,167,222],[54,79,221],[53,110,219],[165,180,213],[95,139,239],
[52,119,161],[51,89,241],[53,158,159],[50,107,158],[49,76,162],[88,221,238],[47,48,160],[45,46,221],[44,170,219],[51,162,238],
[48,124,155],[42,43,218],[66,82,152],[69,71,150],[112,149,219],[63,154,173],[41,223,237],[40,98,213],[62,108,144],[39,66,209],
[65,141,201],[38,56,243],[36,37,242],[35,57,236],[151,173,186],[81,166,179],[105,167,171],[54,148,170],[110,153,169],[64,95,162],
[52,167,206],[51,121,160],[53,73,164],[50,74,200],[76,103,220],[34,88,161],[47,50,202],[45,82,159],[44,52,158],[33,51,157],
[73,124,168],[42,47,154],[82,110,151],[68,71,229],[68,148,219],[82,153,173],[41,61,147],[32,40,145],[31,62,143],[39,72,142],
[30,171,201],[38,160,182],[36,66,139],[35,46,137],[42,146,165],[124,156,163],[73,156,188],[70,105,155],[29,90,152],[28,43,150],
[27,100,149],[43,146,208],[26,193,198],[25,83,144],[55,165,228],[24,45,141],[22,23,140],[113,138,159],[32,62,222],[21,133,228],
[38,105,192],[20,81,223],[30,146,220],[23,156,224],[73,98,157],[52,105,217],[90,137,237],[28,166,216],[27,94,214],[43,102,147],
[96,145,198],[19,83,211],[112,142,228],[24,98,207],[18,22,160],[139,141,159],[22,32,137],[71,124,208],[34,212,215],[37,42,143],
[141,183,214],[84,206,208],[87,96,134],[79,145,147],[17,169,201],[50,173,206],[36,136,170],[131,136,139],[74,132,210],[87,91,135],
[89,134,135],[29,80,205],[30,34,203],[145,179,209],[148,184,207],[126,189,213],[41,91,236],[16,122,190],[57,60,243],[67,121,159],
[15,211,232],[17,117,119],[118,152,214],[58,117,187],[47,100,123],[35,205,235],[13,14,203],[12,231,234],[11,120,178],[10,76,205],
[9,134,201],[60,123,235],[8,196,199],[15,56,233],[14,113,156],[102,112,133],[7,11,200],[12,36,233],[6,131,198],[31,94,107],
[43,106,135],[78,81,195],[38,109,232],[23,108,157],[21,113,142],[49,99,176],[104,115,237],[18,111,186],[5,32,191],[90,119,189],
[21,102,185],[56,57,98],[6,43,185],[111,117,240],[24,40,239],[104,118,151],[17,45,230],[42,131,193],[54,132,183],[7,87,165],
[80,134,171],[30,103,147],[19,41,123],[16,132,227],[60,161,203],[67,129,215],[15,34,120],[17,25,130],[125,130,152],[26,58,195],
[53,100,204],[35,84,122],[13,58,175],[12,61,121],[11,127,224],[31,76,119],[14,118,135],[9,16,117],[20,60,116],[8,67,115],
[5,15,114],[25,133,156],[130,133,166],[7,13,111],[10,12,109],[6,11,108],[31,169,173],[105,135,151],[49,81,104],[38,106,107],
[23,30,217],[23,113,225],[49,59,140],[23,103,237],[31,110,186],[32,86,102],[12,101,137],[15,90,99],[21,97,128],[4,56,97],
[6,116,129],[3,198,199],[111,157,191],[27,93,233],[11,77,150],[89,91,94],[40,43,89],[97,151,169],[13,45,114],[80,129,148],
[7,127,179],[100,126,127],[25,163,168],[55,59,218],[22,54,113],[110,112,159],[21,72,210],[25,36,106],[29,120,142],[37,122,176],
[16,44,115],[100,120,197],[7,163,172],[28,98,164],[109,126,223],[14,91,96],[5,95,123],[14,94,134],[58,92,234],[60,88,118],
[92,188,216],[54,138,164],[4,42,211],[80,90,130],[7,51,128],[85,127,204],[3,100,202],[126,163,212],[25,66,116],[59,115,152],
[16,54,197],[110,143,196],[72,109,125],[36,114,231],[29,193,195],[49,101,120],[63,99,172],[22,164,187],[104,116,223],[91,119,184],
[14,157,225],[150,155,234],[89,96,118],[131,188,192],[26,129,194],[24,97,127],[96,153,190],[33,183,197],[63,64,84],[92,180,189],
[134,153,177],[34,99,101],[103,153,199],[148,171,183],[7,33,191],[40,86,147],[79,86,89],[80,136,186],[37,64,85],[84,85,176],
[25,93,182],[3,83,175],[24,82,121],[3,131,174],[99,185,212],[103,154,184],[79,179,200],[65,178,188],[71,155,209],[69,86,94],
[12,37,230],[9,67,158],[17,71,240],[87,94,118],[18,187,226],[36,144,180],[64,70,122],[63,107,207],[70,106,190],[37,114,234],
[55,62,161],[44,68,128],[45,182,229],[10,35,174],[2,219,228],[46,47,182],[27,84,198],[18,117,227],[35,60,204],[18,19,61],
[4,171,217],[1,39,215],[2,40,227],[11,79,172],[4,122,149],[56,109,211],[41,90,222],[53,85,120],[58,111,226],[57,123,205],
[48,65,139],[5,125,161],[89,102,145],[154,158,232],[107,155,231],[32,59,167],[15,19,162],[48,66,170],[59,62,238],[38,155,190],
[20,49,178],[39,75,236],[14,108,224],[79,127,163],[30,80,153],[1,64,126],[84,93,199],[3,93,206],[26,92,121],[3,50,101],
[86,124,133],[12,22,68],[9,80,222],[71,174,211],[77,94,192],[18,66,131],[28,78,108],[18,36,65],[72,122,200],[70,107,192],
[78,83,106],[4,37,69],[7,55,168],[44,152,181],[33,45,67],[10,55,138],[2,87,137],[4,47,144],[1,201,216],[41,64,114],
[35,70,85],[9,27,62],[28,81,204],[1,10,59],[2,46,58],[11,39,57],[1,109,166],[13,41,55],[54,172,173],[85,105,110],
[53,111,149],[3,123,196],[38,48,95],[29,119,125],[51,102,111],[53,126,232],[50,123,231],[4,151,167],[15,49,74],[46,88,109],
[18,48,136],[2,114,170],[44,66,177],[59,162,205],[20,52,76],[6,42,230],[33,82,139],[8,52,117],[69,77,167],[10,14,61],
[77,93,103],[1,75,212],[34,75,216],[50,72,132],[45,71,181],[44,75,92],[5,30,60],[65,119,169],[20,129,186],[16,27,56],
[28,40,53],[106,180,182],[24,67,139],[9,107,146],[113,187,221],[47,69,143],[19,51,68],[81,124,136],[32,43,79],[6,66,130],
[56,99,112],[35,37,63],[98,99,196],[165,179,193],[30,88,125],[8,127,187],[36,78,93],[1,76,140],[75,82,181],[34,74,176],
[40,73,132],[2,45,175],[44,54,194],[9,30,177],[128,169,170],[58,83,129],[16,33,172],[55,77,164],[89,162,221],[40,61,219],
[106,165,218],[108,113,238],[48,69,209],[32,161,218],[69,154,211],[56,149,190],[37,144,154],[99,116,213],[57,63,112],[63,158,206],
[33,121,141],[87,164,168],[7,77,220],[31,75,161],[1,72,202],[52,75,91],[50,154,207],[20,148,229],[62,145,155],[46,48,84],
[1,134,162],[86,93,167],[26,84,160],[39,73,120],[74,90,101],[28,132,157],[29,57,73],[26,47,95],[61,68,160],[2,32,140],
[48,150,208],[96,144,168],[17,104,141],[112,113,185],[21,74,122],[6,26,192],[20,67,136],[51,88,220],[2,24,224],[63,98,166],
[19,22,121],[57,142,178],[141,149,184],[22,79,159],[24,61,228],[3,27,208],[15,38,210],[91,137,223],[23,76,146],[13,128,157],
[76,147,217],[10,13,147],[115,118,215],[5,34,118],[17,68,182],[29,78,136],[34,39,201],[139,174,191],[59,104,214],[207,214,226],
[21,50,235],[111,112,158],[33,132,173],[29,124,181],[26,42,188],[3,19,71],[74,81,133],[26,38,46],[2,5,23],[8,105,210],
[23,137,191],[83,121,195],[149,159,200],[8,21,24],[20,31,91],[106,146,156],[8,98,128],[13,33,102],[54,68,169],[6,17,39],
[14,41,138],[60,104,178],[92,152,226],[58,114,221],[9,94,143],[4,16,100],[144,145,217],[53,157,213],[152,189,205],[42,135,156],
[11,29,72],[12,18,51],[11,43,78],[49,116,177],[65,104,117],[27,31,146],[25,39,129],[55,61,203],[8,85,143],[28,74,130],
[4,52,135],[160,176,203],[20,161,184],[185,189,235],[21,187,207],[115,117,158],[65,150,189],[64,125,166],[27,97,122],[69,103,225],
[15,41,95],[102,142,197],[96,108,155],[10,49,134],[140,175,202],[119,141,195],[5,22,87],[17,116,209],[209,213,225],[108,150,185],
[96,115,154],[95,138,194],[47,101,196],[10,46,101],[19,70,131],[25,73,86],[142,145,180],[5,19,64],[184,190,218],[114,123,162],
[12,35,88],[62,107,214],[8,9,44],[109,137,174],[6,28,77],[31,82,97],[178,180,229],[13,46,170],[16,52,67],[239,241,242],
[236,241,243],[233,242,243],[230,240,242],[227,239,240],[224,238,239],[222,238,241],[220,237,241],[215,236,237],[212,235,236],[210,235,243],
[208,233,234],[206,232,233],[204,232,243],[202,231,242],[194,234,242],[192,230,231],[188,229,230],[186,229,240],[197,227,228],[183,226,227],
[181,226,240],[179,224,225],[177,222,223],[175,221,241],[194,219,239],[220,228,239],[167,225,238],[202,223,241],[164,220,221],[200,219,224],
[156,218,238],[168,217,220],[153,218,222],[151,217,237],[215,216,229],[148,214,215],[146,214,237],[193,212,213],[143,210,211],[165,208,209],
[171,206,207],[140,205,243],[138,203,242],[201,222,236],[204,216,236],[132,213,235],[175,211,243],[129,209,234],[127,207,232],[130,204,205],
[125,202,203],[195,201,212],[163,200,235],[199,208,218],[198,230,233],[133,197,204],[166,196,202],[110,200,210],[199,210,233],[198,206,217],
[173,197,232],[105,196,231],[169,194,195],[192,193,225],[140,191,242],[103,190,192],[128,191,194],[100,190,231],[163,188,189],[97,186,187],
[126,185,197],[183,184,199],[95,182,240],[93,180,225],[92,177,178],[90,176,241],[88,174,239],[124,195,234],[181,193,230],[80,189,229],
[138,187,240],[77,185,228],[75,184,226],[78,181,182],[179,180,216],[72,178,223],[70,175,176],[83,174,194],[168,188,198],[172,224,227],
[81,177,181],[171,177,226],[131,170,175],[151,186,215],[173,186,227],[172,183,196],[166,172,179],[167,171,222],[54,170,221],[110,169,219],
[164,165,213],[95,162,239],[52,161,167],[51,160,241],[53,159,164],[50,158,200],[76,162,220],[88,161,238],[47,160,202],[45,159,221],
[44,158,219],[51,157,238],[124,155,168],[42,154,218],[82,151,152],[71,150,229],[148,149,219],[153,154,173],[41,147,237],[40,145,213],
[62,143,144],[39,142,209],[141,171,201],[38,160,243],[36,139,242],[35,137,236],[133,168,228],[105,167,192],[81,166,223],[146,165,220],
[156,163,224],[73,156,157],[105,155,217],[90,152,237],[28,150,216],[27,149,214],[43,146,147],[145,193,198],[83,144,211],[142,165,228],
[24,141,207],[22,140,160],[138,139,159],[32,137,222],[124,156,208],[136,212,215],[42,143,146],[143,183,214],[135,206,208],[87,134,140],
[79,138,147],[153,169,201],[151,173,206],[136,148,170],[131,136,193],[132,183,210],[87,135,165],[134,135,171],[80,134,205],[30,147,203],
[130,179,209],[128,148,207],[125,126,189],[41,123,236],[16,122,132],[60,203,243],[67,121,129],[15,120,232],[17,119,130],[118,125,152],
[58,117,195],[100,123,204],[35,122,235],[13,175,203],[12,121,234],[11,120,127],[76,119,205],[14,118,203],[9,117,201],[60,116,235],
[8,115,199],[15,114,233],[113,133,156],[112,133,166],[7,111,200],[12,109,233],[6,108,198],[31,107,173],[105,106,135],[81,104,195],
[38,107,232],[23,108,217],[113,142,225],[49,140,176],[103,115,237],[110,111,186],[32,102,191],[12,101,231],[90,99,189],[21,102,128],
[56,97,98],[6,116,185],[96,198,199],[111,191,240],[27,93,94],[11,150,178],[89,91,241],[40,89,239],[104,151,169],[45,114,230],
[133,188,216],[54,132,164],[42,131,211],[80,129,130],[7,127,128],[127,179,204],[100,126,202],[124,163,212],[25,116,163],[59,115,218],
[54,113,197],[110,112,196],[72,109,210],[36,106,231],[29,142,193],[37,176,242],[16,115,190],[100,101,120],[99,163,172],[98,164,187],
[116,126,223],[91,96,184],[5,95,191],[14,94,225],[92,150,234],[90,91,119],[88,89,118],[86,188,192],[129,148,194],[97,100,127],
[97,153,190],[85,183,197],[64,84,95],[83,92,180],[82,153,177],[29,90,120],[34,88,101],[110,153,199],[105,171,183],[7,87,191],
[86,103,147],[79,86,163],[80,153,186],[64,85,126],[84,85,199],[84,93,182],[3,83,93],[82,92,121],[85,120,176],[3,101,174],
[78,185,212],[76,103,184],[74,179,200],[73,178,188],[70,71,155],[69,86,124],[12,68,230],[9,67,80],[71,174,240],[77,87,94],
[18,66,226],[78,108,144],[36,65,180],[64,72,122],[63,70,107],[70,83,106],[37,69,234],[55,62,168],[44,68,181],[45,67,229],
[10,138,174],[2,87,228],[39,66,75],[47,144,182],[65,201,216],[41,64,223],[63,99,176],[35,70,174],[27,62,198],[18,61,227],
[60,81,204],[4,149,171],[65,131,188],[1,59,215],[2,58,227],[11,57,172],[56,109,166],[41,55,222],[54,79,172],[53,85,110],
[111,149,226],[57,123,196],[180,189,213],[48,95,139],[119,125,161],[51,89,102],[53,158,232],[50,107,231],[59,151,167],[15,49,162],
[46,88,221],[18,48,160],[2,170,219],[44,66,170],[59,162,238],[38,48,155],[20,49,76],[6,42,43],[66,82,139],[52,117,119],
[69,77,150],[112,219,228],[63,172,173],[104,223,237],[24,40,98],[56,57,243],[39,57,236],[14,61,224],[81,179,193],[30,80,125],
[79,127,187],[77,78,93],[1,75,76],[75,181,212],[34,74,216],[72,73,132],[45,71,175],[44,92,194],[30,60,177],[65,169,170],
[58,129,186],[16,56,172],[55,77,167],[79,89,221],[40,53,219],[106,165,180],[24,139,239],[67,158,159],[9,107,158],[113,221,238],
[47,48,69],[45,46,182],[19,51,162],[48,124,136],[32,43,218],[66,130,152],[69,71,211],[56,112,149],[37,63,154],[98,99,213],
[62,108,238],[48,66,209],[65,139,141],[38,56,190],[36,37,144],[35,57,63],[52,158,206],[33,51,121],[73,164,168],[77,103,220],
[34,75,161],[50,72,202],[45,82,181],[44,52,75],[47,50,154],[82,110,159],[68,148,229],[19,41,61],[32,62,145],[31,110,143],
[21,72,142],[30,171,217],[38,106,182],[25,36,66],[35,46,84],[54,148,183],[1,64,162],[93,167,206],[26,121,160],[53,73,120],
[50,74,101],[33,132,157],[29,73,124],[26,42,47],[105,110,151],[19,68,71],[61,68,219],[33,82,173],[40,61,147],[2,32,40],
[31,62,161],[1,39,72],[30,34,201],[68,160,182],[2,46,137],[43,150,208],[53,100,149],[26,193,195],[25,144,168],[55,165,218],
[17,45,141],[22,23,113],[112,113,159],[21,74,133],[26,38,192],[20,81,136],[30,88,220],[2,23,224],[57,73,98],[8,52,105],
[23,137,237],[28,98,166],[94,118,214],[43,102,185],[89,96,145],[19,83,121],[57,112,142],[63,98,207],[18,22,187],[141,149,159],
[22,32,79],[21,24,228],[3,71,208],[38,105,210],[20,91,223],[9,30,146],[23,146,156],[98,128,157],[52,76,217],[90,101,137],
[1,166,216],[13,102,147],[15,19,211],[12,22,137],[71,124,181],[34,118,215],[37,42,230],[33,141,183],[63,84,206],[87,96,168],
[79,145,179],[17,68,169],[3,50,206],[36,78,136],[17,39,201],[131,139,174],[15,74,210],[87,91,137],[43,89,135],[29,80,136],
[104,141,214],[36,114,170],[154,184,207],[145,155,209],[14,41,91],[70,122,190],[57,60,178],[22,121,159],[154,211,232],[17,117,240],
[152,214,226],[58,187,221],[50,132,173],[47,95,123],[10,35,205],[1,134,201],[9,94,134],[50,123,235],[8,98,196],[15,56,99],
[14,113,138],[102,111,112],[4,47,100],[7,11,77],[36,93,233],[3,131,198],[31,91,94],[28,78,81],[38,46,109],[28,108,157],
[18,136,186],[5,32,161],[155,231,234],[118,135,151],[6,17,230],[34,99,212],[42,165,193],[42,156,188],[70,85,105],[29,152,181],
[28,40,43],[3,27,100],[27,146,208],[26,84,198],[25,83,129],[55,61,228],[2,24,45],[23,76,140],[9,62,222],[37,85,143],
[48,84,208],[96,134,153],[145,147,217],[67,136,139],[28,74,132],[52,91,135],[89,134,162],[29,57,205],[34,176,203],[20,148,184],
[53,126,213],[75,91,236],[8,117,187],[189,205,235],[13,14,157],[49,120,178],[10,76,147],[5,60,123],[3,196,199],[27,56,233],
[14,135,156],[86,102,133],[11,72,200],[12,18,36],[6,66,131],[94,107,192],[43,78,106],[78,83,195],[109,126,232],[23,157,191],
[21,113,187],[49,99,116],[104,115,117],[18,51,111],[65,119,189],[21,185,235],[111,117,158],[60,104,118],[16,117,227],[20,60,161],
[67,115,215],[5,15,34],[25,130,133],[125,130,166],[28,53,204],[27,84,122],[58,83,175],[24,61,121],[24,127,224],[31,76,146],
[9,16,27],[13,58,111],[10,12,61],[11,108,224],[31,119,169],[49,59,104],[23,103,225],[97,128,169],[4,97,151],[20,116,129],
[53,111,157],[86,89,94],[13,33,45],[7,165,179],[80,148,171],[30,103,153],[3,19,123],[40,132,227],[55,161,203],[39,129,215],
[34,39,120],[17,25,182],[26,46,58],[8,24,67],[2,5,114],[25,106,156],[7,13,55],[1,10,109],[6,11,39],[54,169,173],
[49,74,81],[106,107,146],[5,23,30],[32,59,140],[20,31,186],[32,86,167],[15,41,90],[21,97,122],[4,56,211],[6,26,129],
[13,41,114],[120,142,197],[4,37,122],[44,115,152],[7,163,168],[14,96,108],[10,14,134],[58,92,226],[26,92,188],[55,138,164],
[4,42,135],[74,90,130],[7,51,220],[35,85,204],[3,175,202],[1,126,212],[16,44,54],[29,72,125],[114,123,231],[29,119,195],
[22,87,164],[17,104,116],[119,141,184],[157,213,225],[108,150,155],[96,115,118],[75,92,216],[54,138,194],[80,90,222],[51,68,128],
[8,85,127],[126,127,163],[66,116,177],[59,152,205],[16,100,197],[47,143,196],[88,109,125],[10,49,101],[70,131,192],[63,64,166],
[33,139,191],[40,73,86],[93,103,199],[26,95,194],[37,64,114],[25,86,93],[96,155,190],[7,33,172],[99,112,185],[69,94,143],
[12,35,37],[17,71,209],[5,87,118],[187,207,226],[144,145,180],[19,64,70],[107,207,214],[106,190,218],[58,114,234],[18,65,117],
[35,60,88],[18,19,131],[4,144,217],[65,104,178],[8,44,128],[10,55,59],[22,54,68],[8,21,210],[74,122,176],[28,77,164],
[109,137,223],[24,82,97],[33,102,197],[92,152,189],[49,134,177],[99,101,196],[84,160,176],[69,103,154],[79,159,200],[180,182,229],
[46,47,101],[11,43,79],[122,149,200],[109,174,211],[123,162,205],[48,65,150],[5,64,125],[102,142,145],[115,154,158],[62,107,155],
[46,48,170],[59,62,214],[20,178,229],[4,69,167],[16,33,67],[81,124,133],[6,77,192],[15,38,95],[9,44,177],[20,52,67],
[1,140,202],[2,140,175],[114,162,221],[161,184,218],[69,209,225],[108,113,185],[149,184,190],[96,144,154],[116,209,213],[63,112,158],
[31,75,82],[13,128,170],[121,141,195],[25,39,73],[21,50,207],[12,51,88],[5,19,22],[142,178,180],[6,28,130],[61,160,203],
[10,13,46],[11,29,78],[137,174,191],[41,95,138],[8,9,143],[4,16,52],[150,185,189],[27,31,97]];
###############################################################

#SurfaceInfo: 384 Vertices, 2304 Edges, 1536 Faces, IsOrientable=true
 #Vertices of faces:
vof2:=[[382,383,384],[380,381,383],[379,380,382],[377,378,382],[376,377,384],[374,375,383],[373,374,384],[371,372,383],[370,371,381],[368,369,380],
[367,368,381],[365,366,382],[363,364,382],[361,362,380],[360,365,379],[359,363,378],[358,361,379],[356,357,377],[355,356,378],[354,372,384],
[353,364,383],[352,366,384],[350,351,383],[348,349,377],[347,354,376],[346,353,375],[345,352,373],[344,350,372],[343,348,376],[341,342,374],
[339,340,374],[337,338,371],[336,341,375],[335,339,373],[334,337,372],[333,362,381],[332,351,380],[331,375,381],[329,330,382],[328,330,380],
[326,327,371],[325,333,370],[324,332,369],[323,331,367],[322,329,366],[321,330,364],[320,328,362],[319,326,370],[317,318,368],[315,316,368],
[313,314,365],[311,312,363],[309,310,361],[308,317,369],[307,315,367],[306,313,366],[305,311,364],[304,309,362],[303,369,379],[302,349,378],
[301,378,379],[300,329,377],[298,299,384],[297,299,377],[295,296,365],[293,294,363],[291,292,361],[290,303,360],[289,302,359],[288,301,358],
[287,300,357],[286,301,355],[285,298,372],[284,351,364],[283,299,366],[282,297,349],[281,295,360],[280,293,359],[279,291,358],[277,278,356],
[275,276,356],[274,334,354],[273,305,353],[272,306,352],[270,271,350],[268,269,348],[267,277,357],[266,275,355],[265,270,351],[264,268,349],
[263,357,376],[262,340,375],[261,342,373],[260,327,372],[259,373,376],[258,350,374],[257,298,374],[256,353,371],[254,255,381],[253,255,371],
[252,260,354],[250,251,353],[248,249,352],[246,247,350],[244,245,348],[243,263,347],[242,262,346],[241,261,345],[240,260,344],[239,259,343],
[238,258,342],[237,257,340],[236,256,338],[235,331,336],[234,259,335],[233,254,362],[232,330,351],[231,255,375],[230,253,327],[229,252,347],
[228,250,346],[227,248,345],[226,246,344],[225,244,343],[223,224,341],[221,222,339],[219,220,337],[217,218,341],[215,216,339],[213,214,337],
[212,304,333],[211,265,332],[209,210,329],[208,209,330],[207,208,328],[205,206,326],[204,223,342],[203,221,340],[202,219,338],[201,217,336],
[200,215,335],[199,213,334],[198,205,327],[197,338,370],[196,316,369],[195,318,367],[249,296,366],[251,294,364],[194,292,362],[193,367,370],
[192,328,368],[191,254,368],[190,363,365],[189,332,361],[187,188,379],[186,188,378],[185,188,365],[184,188,363],[183,187,361],[182,194,333],
[180,181,332],[179,262,331],[177,178,329],[176,178,330],[175,176,328],[173,174,326],[197,277,325],[172,196,324],[171,195,323],[170,249,322],
[169,251,321],[168,194,320],[193,268,319],[167,192,318],[166,191,316],[165,190,314],[164,190,312],[163,189,310],[162,303,308],[161,193,307],
[160,187,369],[159,186,349],[158,299,329],[157,185,296],[156,184,294],[155,183,292],[154,182,325],[164,180,324],[179,276,323],[153,177,322],
[152,176,321],[151,175,320],[173,269,319],[150,241,317],[200,234,315],[149,171,313],[147,148,311],[146,243,309],[145,229,317],[143,144,315],
[142,154,313],[140,141,311],[139,227,309],[138,264,302],[210,226,300],[136,137,298],[135,136,299],[134,135,297],[133,161,295],[131,132,293],
[225,239,291],[130,241,318],[129,234,316],[128,171,314],[127,147,312],[126,243,310],[125,145,308],[133,143,307],[124,142,306],[123,140,305],
[122,139,304],[121,161,296],[120,131,294],[119,239,292],[118,314,360],[117,312,359],[116,310,358],[115,276,357],[114,278,355],[181,247,351],
[113,245,349],[112,358,360],[111,355,359],[110,297,356],[109,186,356],[108,352,354],[107,300,348],[105,106,376],[104,106,373],[103,106,354],
[102,255,353],[101,106,352],[100,298,350],[99,105,348],[98,196,303],[97,113,302],[96,301,302],[95,177,300],[94,301,303],[92,93,298],
[91,93,299],[91,180,297],[89,90,295],[163,166,293],[87,88,291],[118,223,290],[117,221,289],[116,219,288],[87,115,287],[86,114,286],
[85,285,327],[84,284,294],[83,283,296],[134,181,284],[82,113,282],[112,221,281],[111,223,280],[112,205,279],[89,110,278],[81,109,276],
[108,144,274],[151,256,273],[88,108,272],[153,258,271],[80,107,269],[126,263,267],[79,111,266],[78,105,357],[77,231,340],[76,104,342],
[75,103,260],[74,102,251],[73,101,249],[72,100,247],[90,99,245],[98,214,290],[97,199,289],[96,218,288],[88,95,287],[94,216,286],
[92,207,285],[91,211,283],[165,180,282],[89,222,281],[163,224,280],[87,206,279],[275,307,323],[86,220,334],[71,148,305],[70,149,306],
[99,159,270],[69,242,268],[68,228,277],[151,168,275],[78,109,270],[67,203,262],[130,204,261],[79,198,260],[137,152,257],[66,135,254],
[65,66,255],[64,65,253],[63,79,252],[61,62,250],[59,60,248],[58,107,246],[201,235,244],[212,278,325],[57,86,274],[56,71,273],
[55,70,272],[54,159,271],[67,242,269],[53,68,267],[63,168,266],[52,78,265],[193,195,264],[61,120,251],[59,121,249],[51,58,247],
[50,235,245],[146,274,347],[69,273,346],[150,272,345],[49,271,344],[125,269,343],[48,218,342],[47,216,340],[46,214,338],[53,224,336],
[122,222,335],[45,174,327],[145,343,347],[68,336,346],[139,335,345],[44,334,344],[43,257,341],[42,258,339],[41,253,337],[40,231,341],
[39,104,339],[38,285,337],[50,331,333],[37,256,326],[35,36,370],[34,36,367],[36,156,333],[33,187,332],[32,36,331],[31,254,328],
[35,39,326],[30,115,263],[29,47,262],[28,48,261],[27,45,260],[119,259,261],[95,246,258],[92,175,257],[26,250,256],[129,259,263],
[24,25,254],[23,25,255],[23,177,253],[22,27,252],[155,167,250],[80,81,248],[157,246,287],[46,236,244],[49,234,240],[125,147,239],
[48,143,238],[46,47,237],[53,70,235],[71,122,234],[147,233,292],[21,232,247],[64,178,232],[45,48,230],[44,226,241],[131,145,225],
[43,173,224],[22,42,222],[41,215,220],[27,40,218],[39,174,216],[29,38,214],[50,90,212],[189,211,280],[192,207,228],[37,115,206],
[197,202,267],[59,68,201],[61,139,200],[28,44,199],[35,76,338],[71,160,316],[34,140,318],[20,156,194],[33,101,181],[32,75,262],
[32,158,178],[31,103,176],[30,141,243],[29,124,242],[28,123,241],[27,122,240],[95,144,238],[175,236,237],[26,236,245],[24,233,312],
[23,210,231],[177,230,238],[22,229,318],[167,228,278],[80,227,310],[150,226,287],[46,132,225],[217,279,288],[215,266,286],[213,281,290],
[57,146,304],[83,99,265],[39,77,209],[40,76,209],[39,85,208],[117,172,205],[127,164,219],[164,172,217],[82,165,215],[213,280,289],
[38,76,208],[30,129,196],[128,130,195],[28,119,194],[84,135,191],[19,137,187],[18,186,271],[19,65,188],[17,18,188],[21,65,185],
[17,36,184],[137,169,183],[28,97,182],[16,110,180],[67,81,179],[41,42,177],[15,43,176],[37,43,175],[125,162,173],[162,224,290],
[138,222,289],[220,286,288],[57,114,212],[83,111,211],[44,77,210],[68,85,207],[30,172,206],[111,114,204],[112,116,203],[55,127,202],
[60,172,201],[62,82,200],[112,118,198],[51,110,181],[15,41,178],[94,162,174],[117,211,324],[149,235,323],[49,210,322],[14,208,321],
[69,207,320],[124,206,319],[13,144,316],[82,154,314],[141,172,312],[55,150,308],[200,266,307],[12,90,296],[20,166,294],[11,88,292],
[142,319,325],[127,308,324],[54,306,322],[10,305,321],[56,304,320],[131,191,317],[62,192,315],[58,185,313],[34,184,311],[61,183,309],
[123,160,317],[34,148,315],[52,283,313],[9,284,311],[141,233,309],[16,190,295],[8,190,293],[132,189,291],[6,7,360],[24,72,359],
[5,7,358],[51,72,355],[7,74,303],[72,73,302],[7,72,301],[23,105,300],[66,186,297],[6,99,295],[24,191,293],[5,148,291],
[46,59,197],[13,60,196],[22,138,195],[12,81,249],[20,155,251],[11,63,194],[26,175,192],[8,180,189],[121,193,197],[4,17,187],
[3,65,186],[18,185,246],[19,92,184],[4,183,250],[63,82,182],[29,115,179],[75,176,237],[80,163,173],[49,170,239],[14,169,323],
[69,161,168],[124,159,268],[22,89,167],[13,80,166],[53,55,162],[83,161,266],[70,159,245],[36,93,158],[12,115,157],[11,22,155],
[54,153,243],[10,152,325],[56,151,171],[58,142,269],[87,131,150],[58,149,244],[61,143,146],[63,123,229],[88,144,148],[52,97,154],
[9,98,141],[60,141,227],[27,96,138],[107,226,227],[110,134,281],[16,48,133],[8,47,132],[118,128,204],[117,127,203],[116,126,202],
[67,125,127],[110,133,275],[30,54,124],[10,123,182],[56,122,138],[6,78,314],[5,140,310],[78,171,276],[51,142,278],[20,74,196],
[12,73,113],[7,93,100],[66,91,102],[59,109,277],[52,138,171],[81,125,170],[155,169,195],[26,90,167],[8,165,216],[16,164,218],
[8,163,174],[4,160,273],[3,159,272],[92,156,320],[164,165,220],[146,153,238],[152,197,237],[149,151,236],[143,199,274],[140,229,243],
[56,69,264],[40,210,240],[136,160,191],[136,183,233],[55,88,147],[145,153,170],[142,228,242],[140,227,241],[139,226,240],[9,135,233],
[50,113,182],[109,170,271],[33,105,265],[31,104,208],[17,33,106],[25,31,106],[17,32,103],[7,25,102],[25,72,101],[29,30,98],
[11,42,95],[34,92,192],[5,91,189],[89,122,212],[53,126,163],[87,124,272],[79,200,240],[148,234,239],[10,137,160],[84,112,134],
[28,133,168],[29,87,132],[59,170,225],[44,86,130],[56,57,128],[54,70,126],[120,145,146],[5,34,93],[126,129,166],[14,137,285],
[2,265,284],[2,135,283],[118,134,282],[133,199,281],[132,214,280],[201,225,279],[37,151,276],[123,168,273],[73,157,247],[55,267,287],
[128,264,282],[15,103,334],[5,102,305],[51,101,306],[6,100,270],[99,161,268],[78,154,277],[51,149,275],[3,232,270],[11,108,252],
[13,108,248],[60,107,244],[1,21,347],[4,32,346],[3,64,345],[18,103,344],[21,58,343],[15,32,336],[41,64,335],[21,157,263],
[64,230,261],[21,64,259],[18,104,258],[19,231,257],[4,35,256],[19,253,285],[1,40,252],[3,109,248],[79,82,118],[67,80,116],
[114,130,167],[73,181,282],[26,62,113],[13,95,107],[111,117,198],[6,25,105],[1,65,231],[17,35,104],[24,100,136],[46,60,98],
[62,97,143],[48,96,97],[47,94,98],[74,91,324],[14,85,235],[2,84,288],[2,83,286],[9,134,290],[77,199,221],[76,214,223],
[85,201,205],[37,81,173],[77,86,216],[76,218,219],[53,85,174],[45,47,75],[38,207,242],[52,211,289],[86,128,165],[41,213,222],
[15,213,224],[43,206,217],[15,217,220],[62,154,228],[119,130,155],[42,153,229],[43,152,319],[49,54,129],[42,63,215],[2,52,96],
[1,77,274],[19,23,33],[40,79,223],[39,205,221],[38,67,219],[84,116,166],[83,90,114],[16,27,89],[66,185,283],[57,71,144],
[70,202,236],[152,169,193],[45,94,96],[35,158,209],[74,93,156],[6,24,190],[61,169,307],[10,71,212],[120,139,150],[68,69,121],
[121,157,267],[1,209,232],[75,178,230],[57,204,238],[202,203,237],[198,204,230],[120,156,304],[12,50,179],[23,101,322],[31,102,321],
[74,120,308],[33,184,284],[14,38,179],[8,16,45],[12,26,37],[44,49,119],[4,136,158],[18,31,66],[9,147,162],[84,131,279],
[11,13,20],[20,119,129],[1,3,108],[75,198,203],[73,121,264],[100,158,232],[2,9,94],[10,14,50],[380,382,383],[377,382,384],
[374,383,384],[371,381,383],[368,380,381],[365,379,382],[363,378,382],[361,379,380],[356,377,378],[354,376,384],[353,375,383],[352,373,384],
[350,372,383],[348,376,377],[341,374,375],[339,373,374],[337,371,372],[333,370,381],[332,369,380],[331,367,381],[329,366,382],[330,364,382],
[328,362,380],[326,370,371],[317,368,369],[315,367,368],[313,365,366],[311,363,364],[309,361,362],[303,360,379],[302,359,378],[301,358,379],
[300,357,377],[301,355,378],[298,372,384],[351,364,383],[299,366,384],[297,349,377],[295,360,365],[293,359,363],[291,358,361],[277,356,357],
[275,355,356],[334,354,372],[305,353,364],[306,352,366],[270,350,351],[268,348,349],[263,347,376],[262,346,375],[261,345,373],[260,344,372],
[259,343,376],[258,342,374],[257,340,374],[256,338,371],[331,336,375],[259,335,373],[254,362,381],[330,351,380],[255,375,381],[253,327,371],
[252,347,354],[250,346,353],[248,345,352],[246,344,350],[244,343,348],[223,341,342],[221,339,340],[219,337,338],[217,336,341],[215,335,339],
[213,334,337],[304,333,362],[265,332,351],[209,329,330],[208,328,330],[205,326,327],[197,325,370],[196,324,369],[195,323,367],[249,322,366],
[251,321,364],[194,320,362],[193,319,370],[192,318,368],[191,316,368],[190,314,365],[190,312,363],[189,310,361],[303,308,369],[193,307,367],
[187,369,379],[186,349,378],[188,378,379],[299,329,377],[185,296,365],[184,294,363],[183,292,361],[182,325,333],[180,324,332],[179,323,331],
[177,322,329],[176,321,330],[175,320,328],[173,319,326],[241,317,318],[234,315,316],[171,313,314],[147,311,312],[243,309,310],[145,308,317],
[143,307,315],[142,306,313],[140,305,311],[139,304,309],[264,302,349],[210,300,329],[136,298,299],[135,297,299],[161,295,296],[131,293,294],
[239,291,292],[118,290,360],[117,289,359],[116,288,358],[115,287,357],[114,286,355],[285,327,372],[284,294,364],[283,296,366],[181,284,351],
[113,282,349],[112,281,360],[111,280,359],[112,279,358],[110,278,356],[109,276,356],[108,274,354],[256,273,353],[108,272,352],[258,271,350],
[107,269,348],[263,267,357],[111,266,355],[105,357,376],[231,340,375],[104,342,373],[106,373,376],[298,350,374],[255,353,371],[103,260,354],
[102,251,353],[101,249,352],[100,247,350],[99,245,348],[98,290,303],[97,289,302],[96,288,301],[95,287,300],[94,286,301],[92,285,298],
[91,283,299],[180,282,297],[89,281,295],[163,280,293],[87,279,291],[277,278,325],[275,276,323],[86,274,334],[71,273,305],[70,272,306],
[159,270,271],[242,268,269],[68,267,277],[168,266,275],[78,265,270],[193,264,268],[203,262,340],[204,261,342],[198,260,327],[137,257,298],
[66,254,255],[65,253,255],[79,252,260],[61,250,251],[59,248,249],[58,246,247],[235,244,245],[146,243,347],[69,242,346],[150,241,345],
[49,240,344],[125,239,343],[48,238,342],[47,237,340],[46,236,338],[53,235,336],[122,234,335],[233,292,362],[232,247,351],[178,232,330],
[45,230,327],[145,229,347],[68,228,346],[139,227,345],[44,226,344],[145,225,343],[43,224,341],[42,222,339],[41,220,337],[40,218,341],
[39,216,339],[38,214,337],[50,212,333],[189,211,332],[50,235,331],[192,207,328],[37,206,326],[197,202,338],[68,201,336],[139,200,335],
[44,199,334],[35,338,370],[160,316,369],[34,318,367],[36,367,370],[254,328,368],[188,363,365],[187,332,361],[156,194,333],[33,181,332],
[32,262,331],[158,178,329],[31,176,328],[39,174,326],[30,243,263],[29,242,262],[28,241,261],[27,240,260],[119,239,259],[95,238,258],
[175,237,257],[26,236,256],[129,234,259],[24,233,254],[23,231,255],[177,230,253],[22,229,252],[167,228,250],[80,227,248],[226,246,287],
[46,225,244],[223,224,290],[221,222,289],[219,220,288],[217,218,288],[215,216,286],[213,214,290],[57,212,304],[83,211,265],[77,209,210],
[76,208,209],[85,207,208],[172,205,206],[111,204,223],[112,203,221],[127,202,219],[172,201,217],[82,200,215],[199,213,289],[112,198,205],
[129,196,316],[130,195,318],[121,249,296],[120,251,294],[119,194,292],[135,191,254],[19,187,188],[18,186,188],[65,185,188],[17,184,188],
[137,183,187],[28,182,194],[110,180,181],[67,179,262],[41,177,178],[15,176,178],[43,175,176],[162,173,174],[117,172,324],[149,171,323],
[49,170,322],[14,169,321],[69,168,320],[124,268,319],[22,167,318],[13,166,316],[82,165,314],[164,172,312],[80,163,310],[55,162,308],
[161,266,307],[159,245,349],[93,158,299],[12,157,296],[20,156,294],[11,155,292],[142,154,325],[127,164,324],[54,153,322],[10,152,321],
[56,151,320],[142,269,319],[131,150,317],[62,200,315],[58,149,313],[34,148,311],[61,146,309],[123,229,317],[144,148,315],[52,154,313],
[9,141,311],[141,227,309],[94,162,303],[96,138,302],[107,226,300],[110,134,297],[16,133,295],[8,132,293],[132,225,291],[118,128,314],
[117,127,312],[116,126,310],[125,127,308],[133,275,307],[54,124,306],[10,123,305],[56,122,304],[6,314,360],[24,312,359],[5,310,358],
[78,276,357],[51,278,355],[7,358,360],[72,355,359],[186,297,356],[106,352,354],[105,300,348],[74,196,303],[73,113,302],[72,301,302],
[23,177,300],[7,301,303],[93,100,298],[66,91,297],[90,99,295],[166,191,293],[88,148,291],[59,197,277],[60,172,196],[138,171,195],
[81,170,249],[155,169,251],[63,168,194],[26,167,192],[8,165,190],[16,164,190],[8,163,189],[121,161,193],[4,160,187],[3,159,186],
[157,185,246],[92,156,184],[155,183,250],[82,154,182],[164,165,180],[115,179,276],[153,177,238],[152,176,237],[151,175,236],[80,173,269],
[200,234,240],[147,148,239],[143,144,274],[140,141,243],[56,138,264],[210,226,240],[136,137,160],[135,136,233],[84,134,135],[133,161,168],
[87,131,132],[170,225,239],[44,130,241],[56,128,171],[55,127,147],[54,126,243],[125,145,170],[48,133,143],[124,142,242],[123,140,241],
[122,139,240],[120,131,145],[114,212,278],[51,181,247],[50,113,245],[109,186,271],[33,105,106],[31,104,106],[17,103,106],[25,102,255],
[25,101,106],[99,105,265],[30,98,196],[97,113,182],[42,95,177],[34,92,93],[5,91,93],[91,180,189],[89,90,212],[126,163,166],
[87,88,272],[87,150,287],[86,220,286],[14,85,285],[2,84,284],[2,83,283],[9,134,284],[82,118,282],[199,221,281],[214,223,280],
[201,205,279],[89,167,278],[37,81,276],[151,168,273],[153,170,271],[126,202,267],[79,200,266],[77,216,340],[76,218,342],[85,174,327],
[45,75,260],[20,74,251],[12,73,249],[72,73,247],[26,90,245],[55,88,287],[38,207,285],[52,211,283],[128,165,282],[213,222,281],
[213,224,280],[206,217,279],[15,220,334],[5,148,305],[51,149,306],[6,99,270],[69,161,268],[154,228,277],[149,151,275],[3,109,270],
[126,129,263],[119,130,261],[42,153,258],[43,152,257],[37,151,256],[41,64,253],[11,63,252],[26,62,250],[13,60,248],[95,107,246],
[60,201,244],[57,146,274],[56,69,273],[55,150,272],[49,54,271],[67,125,269],[53,55,267],[63,215,266],[2,52,265],[128,195,264],
[1,274,347],[4,273,346],[3,272,345],[18,271,344],[58,269,343],[76,214,338],[15,224,336],[41,222,335],[21,343,347],[32,336,346],
[64,335,345],[103,334,344],[231,257,341],[104,258,339],[253,285,337],[36,331,333],[35,256,326],[115,157,263],[47,75,262],[48,230,261],
[64,259,261],[18,246,258],[19,92,257],[4,250,256],[21,259,263],[25,31,254],[19,23,253],[27,40,252],[81,109,248],[149,236,244],
[79,118,223],[117,205,221],[67,116,219],[87,115,206],[86,114,130],[84,166,294],[83,90,296],[134,181,282],[62,82,113],[16,89,110],
[13,108,144],[11,88,108],[13,80,107],[79,111,198],[6,78,105],[1,77,231],[35,76,104],[75,103,176],[74,91,102],[73,101,181],
[24,72,100],[46,98,214],[97,143,199],[48,96,218],[88,95,144],[47,94,216],[92,207,320],[91,211,324],[22,89,222],[163,173,224],
[169,307,323],[71,148,234],[70,149,235],[99,159,268],[78,109,277],[67,127,203],[128,130,204],[137,152,169],[66,135,283],[65,66,186],
[21,64,65],[63,79,82],[61,62,143],[46,59,60],[58,107,244],[85,201,235],[10,212,325],[57,86,128],[56,57,71],[55,70,202],
[54,70,159],[38,67,242],[53,68,85],[52,78,171],[169,193,195],[61,120,139],[59,68,121],[51,58,142],[53,162,224],[122,138,222],
[45,94,174],[40,210,231],[39,104,208],[35,36,158],[34,36,184],[36,93,156],[17,33,187],[17,32,36],[35,39,209],[29,30,115],
[29,47,98],[28,48,97],[27,45,96],[92,175,192],[6,24,25],[23,25,105],[22,27,138],[130,155,167],[67,80,81],[157,267,287],
[143,146,238],[46,197,237],[9,147,233],[1,21,232],[3,64,232],[226,227,241],[131,225,279],[165,215,220],[16,27,218],[8,174,216],
[29,132,214],[211,280,289],[207,228,242],[59,201,225],[61,200,307],[28,133,199],[71,144,316],[140,229,318],[88,147,292],[11,20,194],
[32,75,178],[64,178,230],[57,144,238],[202,236,237],[70,236,245],[141,233,312],[204,230,238],[142,228,278],[140,227,310],[139,150,226],
[120,146,304],[1,40,209],[164,218,219],[164,217,220],[14,38,208],[121,197,267],[62,192,228],[84,131,191],[132,189,280],[21,58,185],
[61,169,183],[8,16,180],[12,81,179],[26,37,175],[81,125,173],[111,117,211],[44,49,210],[68,69,207],[30,124,206],[57,114,204],
[116,202,203],[118,198,204],[14,235,323],[23,210,322],[31,208,321],[43,206,319],[78,154,314],[120,150,308],[152,319,325],[74,308,324],
[101,306,322],[102,305,321],[156,304,320],[160,191,317],[34,192,315],[185,283,313],[184,284,311],[183,233,309],[6,190,295],[24,190,293],
[5,189,291],[13,20,196],[22,155,195],[24,136,191],[152,193,197],[18,66,185],[19,33,184],[4,136,183],[63,123,182],[29,38,179],
[49,234,239],[125,147,162],[46,47,132],[53,70,126],[71,122,212],[21,157,247],[16,45,48],[37,43,173],[11,22,42],[41,42,215],
[12,50,90],[12,37,115],[28,44,119],[10,71,160],[5,34,140],[23,33,101],[4,32,158],[18,31,103],[30,141,172],[29,87,124],
[28,123,168],[27,89,122],[84,279,288],[83,266,286],[134,281,290],[83,99,161],[39,77,221],[40,76,223],[39,85,205],[38,76,219],
[30,54,129],[19,137,285],[19,65,231],[17,18,104],[15,43,217],[9,162,290],[52,138,289],[2,286,288],[83,111,114],[44,77,86],
[84,112,116],[112,118,134],[51,110,275],[15,41,213],[20,129,166],[123,160,273],[6,7,100],[5,7,102],[51,72,101],[7,74,93],
[7,25,72],[20,119,155],[4,17,35],[1,3,65],[75,203,237],[80,116,166],[153,229,243],[151,171,276],[42,63,229],[62,97,154],
[60,98,141],[60,107,227],[110,133,281],[12,26,113],[90,114,167],[86,165,216],[53,163,174],[124,159,272],[145,146,153],[69,121,264],
[2,9,135],[117,198,203],[59,109,170],[15,32,103],[11,13,95],[10,14,137],[33,265,284],[77,199,274],[73,264,282],[100,232,270],
[1,108,252],[3,108,248],[31,66,102],[100,136,158],[52,96,97],[9,94,98],[8,45,47],[10,50,182],[40,79,240],[73,121,157],
[49,119,129],[74,120,156],[158,209,232],[75,198,230],[14,50,179],[2,94,96]];
###############################################################

#SurfaceInfo: 192 Vertices, 2304 Edges, 1536 Faces, IsOrientable=true
 #Vertices of faces:
vof3:=[[190,191,192],[188,189,191],[187,188,190],[185,186,192],[184,185,191],[182,183,192],[181,182,190],[179,180,189],[178,179,188],[176,177,189],
[175,176,191],[173,174,187],[171,172,186],[169,170,187],[168,173,188],[167,171,185],[166,169,190],[164,165,186],[164,166,192],[162,163,184],
[160,161,183],[158,159,181],[157,161,180],[155,156,184],[154,162,185],[153,160,182],[152,158,182],[151,157,179],[150,155,191],[148,149,183],
[146,147,181],[144,145,180],[148,175,192],[146,150,190],[144,184,189],[142,143,178],[140,141,177],[138,139,175],[137,172,174],[136,141,170],
[135,167,178],[134,142,179],[140,146,176],[133,138,176],[132,137,173],[131,137,171],[136,155,169],[130,167,188],[128,129,177],[127,132,175],
[125,126,174],[124,126,172],[122,123,170],[128,168,189],[130,132,191],[125,181,187],[124,183,186],[122,178,187],[120,121,168],[119,129,167],
[117,118,166],[115,116,165],[114,159,163],[113,116,156],[112,153,168],[111,152,167],[110,151,166],[109,120,173],[108,129,171],[107,117,169],
[115,164,176],[106,118,164],[105,114,162],[104,157,160],[103,114,158],[113,148,155],[102,153,188],[101,152,185],[102,151,190],[99,100,165],
[98,105,166],[97,144,163],[124,145,161],[97,125,159],[96,149,161],[95,120,156],[99,154,186],[101,105,192],[96,177,180],[95,167,184],
[93,94,154],[92,123,153],[91,100,152],[105,126,151],[89,90,150],[87,88,149],[86,88,147],[85,101,145],[84,139,143],[83,101,135],
[82,154,168],[81,153,154],[80,152,178],[79,133,151],[78,131,150],[77,93,162],[76,123,160],[75,100,158],[74,126,157],[73,89,155],
[87,148,169],[86,146,164],[85,144,173],[72,139,148],[71,90,146],[70,84,142],[69,136,140],[84,92,138],[83,128,167],[85,168,185],
[68,154,182],[67,178,182],[66,133,179],[85,131,191],[65,93,149],[64,142,147],[62,63,145],[61,103,175],[60,104,150],[59,70,184],
[72,122,143],[96,123,141],[58,165,172],[58,170,174],[58,129,141],[57,135,158],[65,152,183],[64,153,181],[62,134,180],[68,103,192],
[67,104,190],[66,70,189],[57,151,178],[71,100,134],[56,146,165],[55,63,133],[103,132,145],[97,104,131],[70,149,155],[53,54,130],
[52,80,129],[52,95,127],[67,68,126],[66,82,123],[51,118,121],[51,117,119],[57,68,112],[57,67,111],[64,66,110],[115,134,181],
[50,134,146],[67,133,166],[49,107,132],[69,106,131],[48,109,155],[47,104,130],[46,100,142],[45,140,165],[44,63,138],[43,137,145],
[42,97,137],[41,136,149],[53,91,167],[80,128,185],[95,132,144],[67,125,179],[68,124,162],[82,122,182],[106,121,128],[40,54,132],
[51,56,120],[39,51,129],[49,113,115],[57,122,153],[57,99,152],[64,125,151],[82,179,181],[88,134,176],[87,166,176],[52,107,173],
[38,106,171],[109,116,169],[82,104,188],[37,100,129],[113,117,127],[36,63,126],[34,35,126],[33,93,123],[32,92,168],[69,78,130],
[31,56,181],[30,39,183],[29,119,178],[95,107,119],[58,116,120],[28,147,159],[28,156,163],[28,100,116],[83,112,162],[27,111,179],
[86,110,138],[37,133,177],[113,146,175],[36,109,174],[34,108,172],[33,107,170],[88,92,189],[69,87,191],[52,56,187],[38,39,186],
[116,119,187],[83,132,168],[27,131,167],[86,155,166],[73,93,109],[108,133,142],[40,63,107],[70,147,176],[26,35,106],[69,72,104],
[39,148,170],[24,25,102],[22,23,101],[59,100,135],[59,65,98],[97,102,130],[38,81,120],[21,90,94],[21,89,91],[27,82,102],
[81,83,85],[27,80,130],[79,86,87],[38,78,128],[87,109,184],[86,108,189],[85,107,175],[20,108,176],[106,130,150],[73,79,105],
[49,71,103],[41,77,148],[47,102,131],[44,101,132],[60,69,102],[19,93,120],[18,129,142],[17,63,117],[50,115,147],[17,35,118],
[16,114,126],[15,97,157],[14,114,145],[30,72,160],[13,113,170],[24,94,153],[22,143,152],[25,55,151],[99,135,182],[65,105,124],
[130,144,171],[101,124,158],[102,125,160],[88,96,142],[81,95,188],[71,94,99],[12,23,105],[21,70,93],[39,84,123],[21,56,100],
[27,95,168],[65,83,154],[27,64,178],[62,86,133],[128,131,144],[80,173,184],[81,171,189],[115,169,175],[108,141,164],[136,150,164],
[59,73,162],[31,71,158],[77,88,155],[80,131,188],[81,132,185],[69,115,190],[87,89,98],[11,35,97],[9,10,145],[8,10,97],
[11,42,149],[7,120,123],[6,121,154],[49,61,101],[16,34,177],[64,92,133],[65,73,91],[57,105,154],[28,88,93],[5,127,139],
[5,135,143],[5,63,101],[57,82,160],[27,81,173],[80,83,171],[4,79,169],[78,118,140],[46,106,165],[11,77,163],[9,76,161],
[8,75,159],[42,74,161],[7,73,156],[121,141,186],[49,136,192],[15,16,180],[88,91,184],[27,104,153],[83,103,152],[4,104,151],
[140,148,150],[72,77,123],[76,107,120],[75,106,129],[74,109,117],[12,35,73],[56,156,169],[39,164,177],[119,127,173],[3,10,72],
[5,10,71],[16,128,186],[32,54,85],[6,23,68],[25,29,67],[6,7,66],[31,93,112],[30,111,142],[29,63,110],[31,61,99],
[30,60,122],[29,37,59],[72,102,150],[15,50,158],[22,54,71],[22,53,55],[4,115,150],[50,64,82],[4,67,102],[48,80,95],
[15,47,125],[77,136,183],[76,113,187],[75,140,186],[74,95,187],[68,73,166],[13,76,169],[45,75,164],[13,74,173],[71,101,175],
[48,70,91],[40,81,92],[46,108,128],[44,85,103],[17,68,151],[17,67,105],[19,66,153],[49,85,127],[23,117,126],[35,47,89],
[48,87,156],[20,86,177],[10,44,139],[10,47,90],[14,84,149],[9,72,136],[34,106,140],[2,83,186],[6,118,133],[26,54,131],
[65,112,185],[64,111,188],[62,110,176],[99,103,124],[104,122,125],[37,70,96],[102,122,157],[66,96,138],[52,58,117],[50,57,190],
[40,62,71],[5,23,103],[3,25,104],[7,28,70],[22,100,119],[16,51,165],[22,63,103],[4,57,181],[37,64,134],[4,113,166],
[36,107,113],[33,95,109],[135,162,183],[111,160,187],[112,158,186],[50,157,187],[76,141,148],[75,116,146],[74,144,172],[29,91,142],
[40,61,138],[46,52,167],[103,135,185],[111,151,182],[105,112,182],[50,153,179],[49,86,191],[61,90,115],[60,136,139],[53,59,80],
[11,26,72],[3,38,123],[8,15,165],[9,14,170],[26,30,129],[18,158,165],[21,134,159],[68,79,98],[67,79,110],[32,66,81],
[14,42,174],[56,109,113],[37,55,91],[70,86,134],[5,52,100],[12,110,118],[55,98,117],[12,112,121],[55,111,119],[12,63,68],
[35,55,67],[12,66,93],[86,115,140],[4,50,182],[64,67,157],[1,49,176],[1,69,155],[1,48,185],[47,137,163],[19,72,149],
[18,71,147],[17,97,145],[26,46,143],[38,45,141],[15,43,172],[30,41,141],[18,91,135],[141,143,183],[94,116,181],[159,172,180],
[79,140,192],[79,113,190],[52,55,178],[4,69,146],[1,131,132],[128,130,137],[45,154,158],[44,97,126],[43,134,138],[42,77,89],
[41,152,162],[11,28,91],[16,144,174],[92,110,179],[91,98,162],[3,8,106],[3,12,40],[14,122,183],[15,99,181],[14,125,180],
[24,31,82],[7,21,88],[18,22,52],[19,24,38],[18,21,116],[61,100,147],[34,79,117],[32,63,127],[35,53,78],[93,98,156],
[32,61,62],[34,78,164],[31,32,33],[30,46,53],[29,36,98],[42,48,162],[20,43,179],[9,49,138],[6,25,73],[23,29,133],
[6,24,40],[22,26,29],[1,87,150],[1,86,175],[1,85,130],[20,81,128],[41,65,135],[42,47,144],[43,44,144],[9,60,148],
[46,171,177],[45,83,192],[44,137,180],[43,64,189],[42,65,184],[41,57,192],[2,45,185],[2,41,182],[40,66,168],[50,56,94],
[39,41,143],[19,76,122],[18,75,99],[17,74,125],[19,82,92],[70,77,87],[33,38,168],[81,82,112],[23,138,145],[25,89,97],
[7,149,162],[11,53,60],[80,111,135],[13,95,174],[3,19,121],[3,54,60],[51,74,170],[8,71,115],[2,57,183],[20,64,180],
[22,107,139],[24,90,106],[21,109,163],[24,35,104],[37,147,179],[36,127,169],[33,156,173],[62,92,96],[69,148,164],[33,56,58],
[39,46,58],[36,58,119],[85,95,137],[38,58,118],[28,59,89],[48,83,191],[20,27,191],[36,55,73],[12,34,133],[33,40,94],
[7,12,92],[8,69,89],[18,28,56],[19,39,96],[5,18,119],[6,92,93],[6,63,105],[15,21,147],[29,35,151],[1,83,184],
[1,27,189],[11,73,87],[7,65,77],[110,142,177],[138,147,180],[48,137,189],[20,137,184],[45,128,172],[43,125,161],[42,124,159],
[41,122,161],[32,94,120],[53,129,143],[18,59,152],[79,155,176],[48,167,173],[20,168,171],[49,146,169],[78,121,171],[22,30,135],
[5,9,107],[31,40,120],[43,62,147],[36,74,156],[84,108,180],[48,59,88],[29,52,111],[6,38,112],[31,50,116],[14,74,163],
[39,108,140],[55,59,142],[3,78,90],[26,60,89],[3,82,94],[26,80,91],[3,35,102],[10,40,85],[10,26,130],[87,113,136],
[1,20,188],[2,79,164],[2,49,148],[47,157,159],[44,114,161],[60,143,160],[23,40,127],[47,126,145],[16,43,159],[13,52,116],
[7,94,112],[37,111,143],[23,55,110],[118,172,177],[161,163,174],[139,161,170],[26,59,167],[2,103,105],[99,101,114],[16,108,118],
[15,75,90],[14,76,139],[13,160,178],[8,28,94],[9,96,143],[5,26,55],[15,124,163],[61,94,158],[9,62,175],[19,84,141],
[37,84,88],[6,35,98],[10,24,60],[10,22,61],[11,25,47],[60,123,149],[6,34,110],[8,61,146],[17,25,34],[14,41,160],
[16,45,171],[36,79,118],[24,54,72],[23,32,107],[25,53,106],[7,98,109],[12,24,32],[3,6,32],[5,29,53],[2,136,175],
[2,140,166],[2,68,101],[13,111,122],[45,99,112],[13,50,125],[37,108,110],[14,44,124],[16,17,124],[19,160,170],[17,157,174],
[17,114,172],[30,37,178],[13,27,190],[4,13,188],[12,38,154],[20,70,92],[39,45,121],[13,56,119],[23,44,62],[46,80,119],
[33,81,121],[56,75,115],[39,76,136],[7,31,154],[25,118,126],[54,90,97],[54,139,145],[53,72,89],[8,24,78],[9,22,127],
[25,26,78],[48,65,163],[43,84,177],[21,42,156],[41,114,186],[4,27,187],[29,73,117],[32,71,138],[77,84,161],[10,53,131],
[10,32,132],[11,69,90],[11,98,155],[34,58,121],[65,68,114],[30,96,139],[28,31,90],[28,42,109],[49,62,139],[16,58,75],
[24,121,123],[18,37,46],[120,127,170],[78,129,165],[117,156,174],[13,157,181],[45,114,183],[50,99,159],[33,76,127],[51,76,174],
[51,75,172],[20,66,88],[16,74,137],[8,47,54],[8,11,150],[20,48,144],[12,25,98],[90,159,165],[3,31,153],[5,30,152],
[62,66,84],[9,44,54],[34,36,166],[46,51,141],[33,51,116],[36,51,52],[11,21,59],[14,43,157],[18,61,134],[19,60,77],
[8,21,31],[46,75,78],[14,77,96],[2,4,191],[1,2,190],[15,28,134],[17,23,36],[7,19,33],[89,149,163],[5,54,61],
[1,4,192],[15,42,114],[41,45,124],[34,38,51],[9,30,84],[17,44,47],[58,74,76],[43,96,108],[188,190,191],[185,191,192],
[182,190,192],[179,188,189],[176,189,191],[173,187,188],[171,185,186],[169,187,190],[164,186,192],[162,184,185],[160,182,183],[158,181,182],
[157,179,180],[155,184,191],[148,183,192],[146,181,190],[144,180,189],[142,178,179],[140,176,177],[138,175,176],[137,173,174],[137,171,172],
[136,169,170],[167,178,188],[128,177,189],[132,175,191],[125,174,187],[124,172,186],[122,170,187],[120,168,173],[129,167,171],[117,166,169],
[115,164,165],[118,164,166],[114,162,163],[157,160,161],[114,158,159],[113,155,156],[153,168,188],[152,167,185],[151,166,190],[99,165,186],
[105,166,192],[144,163,184],[124,161,183],[125,159,181],[96,161,180],[95,156,184],[93,154,162],[123,153,160],[100,152,158],[126,151,157],
[89,150,155],[87,148,149],[86,146,147],[85,144,145],[139,148,175],[90,146,150],[84,142,143],[136,140,141],[84,138,139],[83,135,167],
[154,168,185],[153,154,182],[152,178,182],[133,151,179],[131,150,191],[65,149,183],[64,147,181],[62,145,180],[103,175,192],[104,150,190],
[70,184,189],[122,143,178],[96,141,177],[58,172,174],[58,141,170],[57,135,178],[100,134,142],[140,146,165],[63,133,138],[132,137,145],
[97,131,137],[136,149,155],[53,130,167],[80,128,129],[95,127,132],[67,125,126],[68,124,126],[82,122,123],[121,128,168],[54,130,132],
[51,120,121],[51,119,129],[51,117,118],[113,115,116],[57,112,153],[57,111,152],[64,110,151],[134,179,181],[134,146,176],[133,166,176],
[107,132,173],[106,131,171],[109,155,169],[104,130,188],[37,129,177],[113,127,175],[36,126,174],[34,126,172],[33,123,170],[92,168,189],
[69,130,191],[56,181,187],[39,183,186],[119,178,187],[95,119,167],[58,116,165],[28,159,163],[28,116,156],[83,112,168],[27,111,167],
[86,110,166],[93,109,120],[108,129,142],[63,107,117],[115,147,176],[35,106,118],[105,114,126],[97,104,157],[103,114,145],[72,104,160],
[113,148,170],[24,102,153],[22,101,152],[25,102,151],[99,100,135],[65,98,105],[97,130,144],[101,124,145],[97,102,125],[88,96,149],
[81,95,120],[94,99,154],[23,101,105],[21,93,94],[84,92,123],[21,91,100],[21,89,90],[86,87,88],[83,85,101],[27,82,168],
[81,83,154],[27,80,178],[79,86,133],[78,128,131],[109,173,184],[108,171,189],[107,169,175],[108,164,176],[106,150,164],[73,105,162],
[71,103,158],[77,148,155],[102,131,188],[101,132,185],[69,102,190],[46,100,165],[87,98,166],[11,97,163],[9,145,161],[8,97,159],
[42,149,161],[7,120,156],[121,154,186],[49,101,192],[16,177,180],[91,167,184],[64,92,153],[65,91,152],[57,105,151],[28,88,147],
[5,139,143],[5,101,135],[57,82,154],[27,81,153],[80,83,152],[4,79,151],[78,140,150],[77,93,123],[76,120,123],[75,100,129],
[74,117,126],[35,73,89],[87,156,169],[86,164,177],[85,127,173],[10,72,139],[10,71,90],[70,84,149],[69,72,136],[69,106,140],
[83,128,186],[32,85,168],[6,68,154],[29,67,178],[6,66,133],[54,85,131],[65,93,112],[64,111,142],[62,63,110],[61,99,103],
[60,104,122],[37,59,70],[72,102,122],[66,96,123],[72,148,150],[52,58,129],[50,57,158],[62,71,134],[23,68,103],[25,67,104],
[7,66,70],[22,71,100],[51,56,165],[22,55,63],[22,53,54],[52,80,95],[57,67,68],[64,66,82],[4,115,181],[50,64,134],
[4,67,166],[49,107,113],[48,95,109],[47,104,125],[77,162,183],[76,160,187],[75,158,186],[74,157,187],[73,155,166],[76,148,169],
[75,146,164],[74,144,173],[71,146,175],[70,91,142],[40,92,138],[46,128,167],[85,103,185],[68,151,182],[67,105,182],[66,153,179],
[49,85,191],[19,93,149],[18,142,147],[17,63,145],[61,115,175],[60,136,150],[59,80,184],[26,72,143],[38,123,141],[15,165,172],
[14,170,174],[30,129,141],[18,135,158],[143,152,183],[94,153,181],[134,159,180],[68,79,192],[67,79,190],[66,81,189],[55,151,178],
[56,113,146],[37,55,133],[83,103,132],[27,104,131],[70,86,155],[5,52,127],[12,118,121],[55,117,119],[12,68,112],[55,67,111],
[12,66,110],[86,115,134],[4,50,146],[64,67,133],[1,49,132],[1,69,131],[1,48,155],[47,130,137],[45,158,165],[44,63,126],
[43,138,145],[42,89,97],[41,149,162],[11,53,91],[80,135,185],[95,144,174],[67,110,179],[68,98,162],[82,112,182],[3,106,121],
[3,40,54],[39,51,170],[49,71,115],[57,122,183],[57,99,181],[64,125,180],[31,82,181],[21,88,134],[22,52,107],[24,38,106],
[21,109,116],[24,82,104],[37,100,147],[79,113,117],[36,63,127],[34,35,78],[33,93,156],[32,62,92],[69,78,164],[31,33,56],
[30,39,46],[29,36,119],[106,128,130],[85,95,107],[38,58,120],[28,59,100],[48,83,162],[20,27,179],[49,86,138],[36,73,109],
[34,108,133],[33,40,107],[7,88,92],[69,87,89],[18,52,56],[19,38,39],[18,116,119],[6,73,93],[29,133,142],[6,40,63],
[21,70,147],[26,29,35],[6,24,25],[22,23,29],[59,65,135],[27,102,130],[38,81,128],[1,87,184],[1,86,189],[1,85,175],
[20,108,128],[1,130,150],[73,79,87],[41,65,77],[47,131,144],[44,132,144],[60,69,148],[46,142,177],[45,140,192],[44,138,180],
[43,137,189],[42,137,184],[41,136,192],[45,128,185],[43,125,179],[42,124,162],[41,122,182],[40,132,168],[56,94,120],[39,129,143],
[19,122,153],[18,99,152],[17,125,151],[82,92,179],[88,155,176],[70,87,176],[52,167,173],[38,168,171],[116,146,169],[81,82,188],
[23,117,127],[35,47,126],[78,130,171],[30,135,183],[5,107,119],[31,116,120],[43,147,159],[74,156,163],[52,100,116],[7,112,162],
[37,111,179],[23,110,138],[118,133,177],[109,163,174],[108,172,180],[107,139,170],[48,88,189],[48,87,191],[52,111,187],[38,112,186],
[50,116,187],[26,131,167],[26,46,106],[4,69,104],[39,140,148],[55,59,98],[3,90,94],[26,89,91],[3,82,102],[40,81,85],
[26,80,130],[3,38,78],[87,109,113],[86,108,140],[1,20,176],[2,79,105],[2,49,103],[2,41,148],[47,102,157],[44,101,114],
[60,102,160],[50,147,179],[17,35,97],[16,118,126],[15,90,97],[14,139,145],[30,53,72],[13,160,170],[8,24,94],[9,22,143],
[25,26,55],[111,135,182],[65,124,163],[61,101,158],[59,88,142],[40,71,94],[12,23,40],[39,84,177],[21,56,156],[16,114,186],
[27,95,187],[65,83,184],[27,64,189],[62,86,175],[128,144,172],[84,108,141],[29,59,73],[31,32,71],[77,84,88],[53,80,131],
[32,81,132],[69,90,115],[11,35,98],[9,10,60],[8,10,61],[11,42,47],[7,123,149],[6,34,121],[49,61,146],[16,17,34],
[71,99,101],[65,68,73],[30,96,142],[28,31,93],[15,124,158],[5,29,63],[41,57,160],[13,27,173],[45,83,171],[4,13,169],
[79,118,140],[11,72,77],[9,76,107],[8,75,106],[42,74,109],[7,12,73],[19,121,141],[49,136,139],[15,16,75],[37,88,91],
[24,72,123],[32,107,120],[53,106,129],[98,109,117],[12,24,35],[22,119,127],[3,10,32],[5,10,53],[24,32,54],[6,23,32],
[25,29,53],[6,7,98],[31,99,112],[30,111,122],[29,37,110],[4,102,150],[15,50,125],[2,136,183],[4,113,187],[2,140,186],
[2,68,166],[13,76,122],[45,75,99],[13,74,125],[2,101,175],[48,80,91],[37,46,108],[44,103,124],[17,105,124],[49,127,169],
[19,120,170],[18,129,165],[17,117,174],[50,115,190],[17,118,172],[15,157,181],[14,114,183],[30,160,178],[13,113,190],[50,99,182],
[16,144,171],[14,125,160],[13,95,188],[12,105,154],[70,92,93],[39,121,123],[56,100,119],[33,95,168],[7,65,154],[37,64,178],
[23,62,133],[80,119,173],[81,121,171],[56,115,169],[141,148,164],[39,136,164],[59,152,162],[31,154,158],[80,111,188],[81,112,185],
[25,89,98],[10,47,145],[10,44,97],[11,60,149],[34,110,177],[12,92,133],[55,73,91],[66,88,93],[76,127,139],[41,135,143],
[63,68,101],[19,82,160],[33,81,173],[46,80,171],[36,79,169],[25,78,118],[90,106,165],[77,161,163],[76,161,174],[75,159,172],
[74,161,170],[73,117,156],[41,141,186],[15,147,180],[20,88,184],[3,104,153],[5,103,152],[35,104,151],[3,19,72],[5,18,71],
[16,128,137],[31,40,61],[26,30,60],[8,54,71],[35,53,55],[8,115,150],[50,82,94],[35,67,102],[8,15,47],[77,87,136],
[76,113,136],[75,115,140],[74,95,137],[2,45,164],[20,48,70],[20,81,92],[44,85,137],[17,68,114],[17,67,157],[19,66,84],
[48,156,173],[20,171,177],[14,149,163],[9,54,72],[25,34,106],[6,38,118],[5,26,54],[79,110,176],[99,124,159],[122,125,161],
[37,96,143],[32,66,138],[29,52,117],[5,23,55],[3,12,25],[7,28,94],[16,51,174],[22,103,135],[14,84,180],[4,57,192],
[36,113,166],[34,140,166],[51,76,141],[51,75,116],[51,74,172],[29,91,98],[46,51,52],[29,111,151],[6,105,112],[31,50,153],
[11,26,59],[9,14,44],[21,42,159],[79,98,155],[14,42,77],[40,62,66],[34,58,117],[5,61,100],[9,96,138],[12,32,63],
[12,93,98],[2,4,182],[43,64,157],[1,2,185],[48,137,163],[38,45,154],[15,43,134],[30,41,152],[18,28,91],[46,141,143],
[33,94,116],[36,52,55],[25,97,126],[61,134,138],[60,77,89],[11,28,90],[6,92,110],[3,8,31],[24,31,90],[7,21,31],
[18,22,61],[19,24,60],[18,21,59],[61,62,147],[34,79,164],[32,33,127],[46,53,78],[36,98,156],[42,48,144],[20,43,144],
[9,49,148],[1,83,192],[20,137,180],[43,44,62],[20,66,168],[19,33,76],[18,46,75],[17,36,74],[19,92,96],[70,77,96],
[23,126,145],[47,89,163],[20,86,191],[44,139,161],[47,90,159],[9,136,175],[2,83,191],[48,65,185],[20,64,188],[49,62,176],
[14,122,157],[2,57,190],[28,70,134],[16,159,165],[63,103,105],[18,37,134],[23,36,107],[7,33,109],[91,135,162],[111,143,160],
[94,112,158],[50,157,159],[54,61,90],[54,60,139],[53,59,89],[3,60,123],[8,78,165],[9,127,170],[26,78,129],[42,156,174],
[28,56,109],[108,110,118],[45,112,121],[13,111,119],[11,69,155],[72,89,149],[71,138,147],[54,97,145],[45,141,183],[43,172,177],
[13,116,181],[13,52,178],[8,69,146],[10,131,132],[15,99,114],[32,61,94],[11,25,73],[10,24,40],[10,22,26],[11,87,150],
[10,85,130],[42,65,114],[13,50,56],[39,41,45],[33,38,51],[13,157,174],[22,30,139],[15,21,163],[62,96,139],[33,58,121],
[46,58,119],[36,58,118],[8,28,89],[1,27,190],[45,114,172],[43,84,161],[41,114,161],[53,60,143],[48,59,167],[5,9,30],
[14,74,76],[12,34,38],[55,110,142],[3,6,35],[1,4,188],[16,43,108],[75,78,90],[24,78,121],[30,37,84],[17,25,47],
[14,41,124],[16,45,124],[7,19,77],[17,23,44],[56,58,75],[39,58,76],[4,27,191],[39,96,108],[40,120,127],[9,62,84],
[15,28,42],[8,11,21],[44,47,54],[34,36,51],[14,43,96],[16,58,74]];
###############################################################

