#SurfaceInfo: 54 Vertices, 324 Edges, 216 Faces, IsOrientable=true
 #Vertices of faces:
vof1:=[[52,53,54],[51,52,53],[50,52,54],[49,53,54],[46,47,48],[43,44,45],[40,41,42],[41,44,47],[39,46,47],[38,43,44],
[37,40,41],[36,41,42],[35,47,48],[34,44,45],[31,32,33],[28,29,30],[25,26,27],[24,39,47],[23,34,44],[22,38,44],
[21,37,41],[20,36,41],[19,35,47],[31,32,34],[31,33,38],[25,26,39],[25,27,35],[28,29,36],[28,30,37],[21,24,51],
[19,23,49],[20,22,50],[20,43,50],[23,48,49],[24,40,51],[19,45,49],[21,46,51],[22,42,50],[21,28,37],[24,25,39],
[22,31,38],[20,28,36],[19,25,35],[23,31,34],[18,21,24],[17,20,22],[16,19,23],[28,44,47],[25,41,44],[31,41,47],
[15,20,41],[14,22,44],[13,21,41],[12,19,47],[11,24,47],[10,23,44],[24,29,36],[20,32,34],[19,33,38],[23,26,39],
[21,27,35],[22,30,37],[10,11,15],[12,13,14],[9,20,34],[8,19,38],[7,22,37],[6,24,36],[5,23,39],[4,21,35],
[10,15,20],[13,14,22],[12,14,19],[12,13,21],[11,15,24],[10,11,23],[14,28,44],[10,25,44],[12,31,47],[11,28,47],
[15,31,41],[13,25,41],[21,27,46],[24,29,40],[19,33,45],[23,26,48],[22,30,42],[20,32,43],[18,21,28],[18,24,25],
[17,22,31],[16,23,31],[16,19,25],[17,20,28],[14,39,46],[10,37,40],[11,38,43],[15,35,48],[13,34,45],[12,36,42],
[3,38,39],[2,35,36],[1,34,37],[3,14,39],[1,10,37],[2,12,36],[3,11,38],[1,13,34],[2,15,35],[14,27,46],
[10,29,40],[13,33,45],[15,26,48],[12,30,42],[11,32,43],[14,18,28],[10,18,25],[12,17,31],[11,17,28],[13,16,25],
[15,16,31],[8,14,19],[9,10,20],[7,13,22],[6,15,24],[4,12,21],[5,11,23],[34,37,53],[38,39,52],[35,36,54],
[16,40,42],[17,46,48],[18,43,45],[9,34,42],[6,36,46],[4,35,40],[7,37,43],[5,39,45],[8,38,48],[7,18,43],
[5,18,45],[9,16,42],[8,17,48],[4,16,40],[6,17,46],[37,43,53],[38,48,52],[35,40,54],[34,42,53],[36,46,54],
[39,45,52],[8,14,27],[9,10,29],[7,13,33],[6,15,26],[5,11,32],[4,12,30],[3,14,18],[1,10,18],[2,12,17],
[3,11,17],[2,15,16],[1,13,16],[3,29,30],[2,32,33],[1,26,27],[29,43,50],[32,48,49],[26,40,51],[30,46,51],
[33,42,50],[27,45,49],[4,7,8],[5,6,9],[3,30,51],[1,26,51],[3,29,50],[2,32,49],[1,27,49],[2,33,50],
[7,8,27],[5,9,29],[5,6,32],[6,9,26],[4,7,33],[4,8,30],[27,45,52],[29,43,53],[32,48,52],[26,40,54],
[33,42,53],[30,46,54],[3,7,18],[1,5,18],[3,6,17],[2,9,16],[1,4,16],[2,8,17],[7,27,52],[5,29,53],
[6,32,52],[9,26,54],[8,30,54],[4,33,53],[3,7,51],[1,5,51],[3,6,50],[2,9,49],[2,8,50],[1,4,49],
[7,51,52],[5,51,53],[6,50,52],[9,49,54],[4,49,53],[8,50,54]];
###############################################################

#SurfaceInfo: 54 Vertices, 324 Edges, 216 Faces, IsOrientable=true
 #Vertices of faces:
vof2:=[[52,53,54],[51,52,53],[50,53,54],[49,52,54],[46,47,48],[43,44,45],[40,41,42],[37,38,39],[34,35,36],[31,32,33],
[28,29,30],[25,26,27],[22,23,24],[19,20,21],[16,17,18],[14,15,20],[12,13,18],[11,15,21],[10,13,17],[19,20,26],
[11,21,29],[12,18,25],[16,17,28],[10,13,23],[14,15,22],[19,21,22],[11,15,26],[16,18,23],[12,13,28],[10,17,25],
[14,20,29],[8,9,50],[7,8,49],[7,9,51],[5,6,7],[3,4,8],[1,2,9],[20,37,38],[15,34,35],[17,35,36],
[18,31,32],[13,38,39],[21,32,33],[28,29,45],[25,26,48],[22,23,42],[5,29,30],[6,25,27],[2,28,30],[3,23,24],
[1,22,24],[4,26,27],[8,37,39],[7,31,33],[9,34,36],[20,21,44],[15,20,47],[17,18,46],[15,21,41],[13,17,43],
[13,18,40],[21,33,44],[20,37,47],[18,31,46],[15,34,41],[13,39,40],[17,36,43],[20,38,44],[17,35,46],[15,35,47],
[21,32,41],[18,32,40],[13,38,43],[8,39,50],[8,37,49],[7,33,51],[9,36,51],[9,34,50],[7,31,49],[5,7,30],
[6,7,27],[3,8,24],[4,8,27],[1,9,24],[2,9,30],[21,22,42],[18,23,42],[17,25,48],[13,28,45],[20,29,45],
[15,26,48],[5,21,29],[6,18,25],[2,17,28],[3,13,23],[4,20,26],[1,15,22],[7,8,53],[7,9,54],[8,9,52],
[1,2,35],[3,4,38],[5,6,32],[16,28,38],[19,26,35],[12,25,35],[10,23,32],[14,22,32],[11,29,38],[16,23,39],
[12,28,36],[11,26,37],[10,25,31],[14,29,33],[19,22,34],[27,46,47],[24,40,41],[30,43,44],[12,46,48],[19,47,48],
[10,40,42],[14,41,42],[11,44,45],[16,43,45],[10,12,16],[11,14,19],[14,19,41],[10,16,40],[11,19,47],[12,16,43],
[11,14,44],[10,12,46],[10,31,42],[14,33,42],[16,39,45],[12,36,48],[19,34,48],[11,37,45],[1,19,35],[3,16,38],
[6,10,32],[5,14,32],[4,11,38],[2,12,35],[30,36,43],[27,37,47],[27,31,46],[30,33,44],[24,34,41],[24,39,40],
[28,38,44],[26,35,46],[25,35,47],[23,32,41],[29,38,43],[22,32,40],[28,36,51],[26,37,49],[23,39,50],[22,34,50],
[25,31,49],[29,33,51],[7,30,53],[7,27,54],[8,24,53],[8,27,52],[9,30,52],[9,24,54],[5,21,42],[6,18,42],
[2,17,48],[4,20,45],[1,15,48],[3,13,45],[27,31,52],[30,36,53],[30,33,52],[27,37,54],[24,34,53],[24,39,54],
[28,44,51],[23,41,50],[26,46,49],[22,40,50],[29,43,51],[25,47,49],[5,31,42],[1,36,48],[6,33,42],[3,37,45],
[2,34,48],[4,39,45],[5,14,44],[1,19,41],[6,10,46],[3,16,40],[2,12,43],[4,11,47],[5,31,52],[1,36,53],
[6,33,52],[3,37,54],[4,39,54],[2,34,53],[5,44,51],[1,41,50],[6,46,49],[3,40,50],[4,47,49],[2,43,51],
[5,51,52],[1,50,53],[6,49,52],[3,50,54],[2,51,53],[4,49,54]];
###############################################################

#SurfaceInfo: 108 Vertices, 324 Edges, 216 Faces, IsOrientable=true
 #Vertices of faces:
vof3:=[[106,107,108],[105,106,107],[104,106,108],[103,107,108],[100,101,102],[97,98,99],[94,95,96],[91,92,93],[88,89,90],[85,86,87],
[84,92,95],[83,91,95],[82,86,101],[81,89,98],[80,88,98],[79,85,101],[91,92,95],[85,86,101],[88,89,98],[84,94,95],
[79,100,101],[82,101,102],[83,95,96],[80,97,98],[81,98,99],[77,78,90],[75,76,87],[73,74,93],[70,71,72],[67,68,69],
[64,65,66],[61,62,63],[58,59,60],[55,56,57],[71,84,92],[68,83,91],[62,82,86],[59,79,85],[65,80,88],[56,81,89],
[54,86,87],[53,89,90],[52,85,87],[51,92,93],[50,91,93],[49,88,90],[57,60,72],[63,66,69],[51,71,92],[50,68,91],
[49,65,88],[54,62,86],[53,56,89],[52,59,85],[70,71,84],[67,68,83],[61,62,82],[64,65,80],[55,56,81],[58,59,79],
[61,63,66],[55,57,60],[58,60,72],[63,67,69],[64,66,69],[57,70,72],[49,77,90],[53,78,90],[52,75,87],[50,73,93],
[51,74,93],[54,76,87],[48,84,94],[47,82,102],[46,83,96],[45,80,97],[44,81,99],[43,79,100],[42,65,66],[41,62,63],
[40,59,60],[39,71,72],[38,56,57],[37,68,69],[36,53,78],[35,49,77],[34,52,75],[33,50,73],[32,51,74],[31,54,76],
[38,57,70],[41,63,67],[42,61,66],[37,64,69],[40,55,60],[39,58,72],[42,49,65],[41,54,62],[40,52,59],[39,51,71],
[37,50,68],[38,53,56],[48,70,84],[46,67,83],[47,61,82],[45,64,80],[43,58,79],[44,55,81],[36,38,53],[31,41,54],
[35,42,49],[34,40,52],[32,39,51],[33,37,50],[38,48,70],[41,46,67],[42,47,61],[40,44,55],[39,43,58],[37,45,64],
[36,38,48],[35,42,47],[31,41,46],[34,40,44],[33,37,45],[32,39,43],[30,100,102],[29,94,96],[28,97,99],[27,48,94],
[26,47,102],[25,43,100],[24,46,96],[23,44,99],[22,45,97],[26,30,102],[25,30,100],[24,29,96],[22,28,97],[23,28,99],
[27,29,94],[27,36,48],[26,35,47],[24,31,46],[23,34,44],[22,33,45],[25,32,43],[20,21,28],[18,19,29],[16,17,30],
[15,77,78],[14,73,74],[13,75,76],[12,36,78],[11,35,77],[10,34,75],[9,33,73],[8,31,76],[7,32,74],[12,15,78],
[11,15,77],[9,14,73],[10,13,75],[7,14,74],[8,13,76],[18,27,29],[20,23,28],[21,22,28],[16,26,30],[17,25,30],
[19,24,29],[12,27,36],[11,26,35],[8,24,31],[10,23,34],[7,25,32],[9,22,33],[5,6,15],[3,4,13],[1,2,14],
[5,12,15],[6,11,15],[3,8,13],[1,9,14],[2,7,14],[4,10,13],[12,18,27],[11,16,26],[8,19,24],[10,20,23],
[9,21,22],[7,17,25],[5,12,18],[6,11,16],[3,8,19],[2,7,17],[4,10,20],[1,9,21],[18,19,105],[16,17,104],
[20,21,103],[5,18,105],[6,16,104],[1,21,103],[4,20,103],[3,19,105],[2,17,104],[5,6,106],[1,2,108],[3,4,107],
[5,105,106],[6,104,106],[2,104,108],[4,103,107],[3,105,107],[1,103,108]];
###############################################################

#SurfaceInfo: 66 Vertices, 330 Edges, 220 Faces, IsOrientable=false
 #Vertices of faces:
vof4:=[[64,65,66],[63,64,65],[62,65,66],[61,64,66],[58,59,60],[55,56,57],[52,53,54],[49,50,51],[46,47,48],[43,44,45],
[41,42,44],[40,41,43],[41,43,44],[38,39,47],[36,37,53],[34,35,50],[46,58,59],[48,55,56],[54,58,60],[51,59,60],
[52,56,57],[49,55,57],[33,46,47],[32,47,48],[31,52,53],[30,53,54],[29,49,50],[28,50,51],[27,34,47],[26,37,47],
[25,38,53],[24,35,53],[23,39,50],[22,36,50],[21,46,58],[20,52,56],[19,48,55],[18,54,60],[17,49,57],[16,51,59],
[33,46,59],[32,48,56],[30,54,58],[29,49,55],[28,51,60],[31,52,57],[15,27,34],[14,23,39],[13,24,35],[12,26,37],
[11,25,38],[10,22,36],[31,38,53],[32,34,47],[28,39,50],[33,37,47],[29,36,50],[30,35,53],[27,38,47],[22,34,50],
[26,39,47],[25,36,53],[23,35,50],[24,37,53],[9,49,54],[8,46,52],[7,48,51],[14,15,43],[10,13,44],[11,12,41],
[6,10,59],[5,14,57],[4,13,56],[3,12,55],[2,15,58],[1,11,60],[2,15,43],[3,12,41],[6,10,44],[5,14,43],
[4,13,44],[1,11,41],[9,17,49],[7,19,48],[9,18,54],[7,16,51],[8,21,46],[8,20,52],[6,33,59],[5,31,57],
[1,28,60],[4,32,56],[3,29,55],[2,30,58],[14,39,57],[13,35,56],[12,37,55],[11,38,60],[10,36,59],[15,34,58],
[26,28,39],[27,31,38],[22,32,34],[23,30,35],[24,33,37],[25,29,36],[45,46,52],[42,48,51],[40,49,54],[9,10,13],
[8,11,12],[7,14,15],[28,43,45],[31,41,42],[32,40,43],[30,42,44],[29,44,45],[33,40,41],[52,54,61],[46,48,63],
[49,51,62],[6,17,57],[1,20,56],[2,19,55],[4,18,60],[5,16,59],[3,21,58],[9,15,27],[9,12,26],[7,13,24],
[8,10,22],[8,14,23],[7,11,25],[7,15,25],[9,10,27],[9,13,26],[7,14,24],[8,11,22],[8,12,23],[45,52,61],
[40,54,61],[40,49,62],[45,46,63],[42,51,62],[42,48,63],[9,15,17],[8,10,20],[9,12,18],[7,13,16],[7,11,19],
[8,14,21],[26,28,45],[27,31,42],[22,32,40],[23,30,42],[24,33,40],[25,29,45],[6,39,57],[1,35,56],[2,37,55],
[4,38,60],[3,34,58],[5,36,59],[6,17,33],[1,20,28],[5,16,31],[2,19,30],[3,21,29],[4,18,32],[1,33,41],
[2,28,43],[3,31,41],[6,30,44],[4,29,44],[5,32,43],[34,35,64],[36,37,65],[38,39,66],[1,35,64],[2,37,65],
[3,34,64],[6,39,66],[5,36,65],[4,38,66],[1,17,33],[2,20,28],[3,16,31],[6,19,30],[5,18,32],[4,21,29],
[25,45,63],[27,42,62],[26,45,61],[22,40,61],[23,42,63],[24,40,62],[15,17,25],[10,20,27],[13,16,26],[11,19,22],
[12,18,23],[14,21,24],[17,25,63],[20,27,62],[16,26,61],[19,22,61],[21,24,62],[18,23,63],[1,17,64],[2,20,65],
[3,16,64],[6,19,66],[4,21,66],[5,18,65],[17,63,64],[20,62,65],[16,61,64],[19,61,66],[18,63,65],[21,62,66]];
###############################################################

#SurfaceInfo: 55 Vertices, 330 Edges, 220 Faces, IsOrientable=false
 #Vertices of faces:
vof5:=[[53,54,55],[52,53,54],[51,53,55],[50,54,55],[47,48,49],[44,45,46],[41,42,43],[38,39,40],[35,36,37],[33,34,51],
[32,34,50],[32,33,52],[32,33,34],[30,31,34],[28,29,33],[26,27,32],[25,47,48],[24,44,45],[24,48,49],[23,47,49],
[23,44,46],[25,45,46],[35,36,48],[35,37,45],[41,42,44],[41,43,49],[38,39,46],[38,40,47],[30,42,45],[31,40,48],
[28,39,44],[29,36,49],[27,43,47],[26,37,46],[22,25,47],[22,23,46],[21,24,44],[20,24,48],[20,25,45],[21,23,49],
[25,35,48],[24,35,45],[24,41,49],[25,38,46],[23,38,47],[23,41,44],[19,30,45],[18,27,47],[17,29,49],[16,31,48],
[15,28,44],[14,26,46],[39,42,44],[37,42,45],[40,43,47],[36,40,48],[37,39,46],[36,43,49],[30,34,42],[26,32,37],
[31,34,40],[28,33,39],[27,32,43],[29,33,36],[12,13,20],[10,11,22],[8,9,21],[15,17,41],[16,19,35],[14,18,38],
[7,26,35],[6,27,41],[5,29,35],[4,31,38],[3,30,41],[2,28,38],[3,17,41],[4,14,38],[7,16,35],[6,15,41],
[5,19,35],[2,18,38],[12,20,45],[8,21,44],[13,20,48],[9,21,49],[10,22,47],[11,22,46],[25,26,35],[23,27,41],
[23,28,38],[24,29,35],[25,31,38],[24,30,41],[6,18,27],[5,17,29],[4,16,31],[2,15,28],[7,14,26],[3,19,30],
[34,40,43],[34,39,42],[32,37,42],[32,36,43],[33,36,40],[33,37,39],[1,10,11],[1,8,9],[1,12,13],[16,19,55],
[14,18,54],[15,17,53],[3,34,51],[4,34,50],[6,32,52],[7,32,50],[5,33,51],[2,33,52],[1,42,43],[1,36,37],
[1,39,40],[18,20,25],[17,22,23],[16,21,24],[15,20,24],[14,21,23],[19,22,25],[11,19,45],[9,16,48],[10,17,49],
[8,14,46],[13,18,47],[12,15,44],[12,15,53],[11,19,55],[9,16,55],[10,17,53],[8,14,54],[13,18,54],[1,10,43],
[1,12,42],[1,13,40],[1,11,37],[1,8,39],[1,9,36],[11,12,45],[8,11,46],[9,13,48],[9,10,49],[8,12,44],
[10,13,47],[3,34,43],[4,34,39],[6,32,42],[7,32,36],[2,33,40],[5,33,37],[6,18,20],[5,17,22],[4,16,21],
[2,15,20],[3,19,22],[7,14,21],[18,25,26],[17,23,28],[14,23,27],[16,24,30],[19,25,31],[15,24,29],[2,18,52],
[3,17,51],[4,14,50],[7,16,50],[5,19,51],[6,15,52],[22,26,27],[21,28,29],[20,30,31],[5,22,26],[4,21,28],
[3,22,27],[6,20,30],[7,21,29],[2,20,31],[18,26,52],[17,28,51],[14,27,50],[16,30,50],[15,29,52],[19,31,51],
[5,11,37],[4,8,39],[3,10,43],[6,12,42],[7,9,36],[2,13,40],[11,12,53],[8,11,55],[9,10,55],[8,12,54],
[9,13,54],[10,13,53],[5,11,53],[4,8,55],[3,10,55],[6,12,54],[2,13,53],[7,9,54],[5,26,52],[4,28,51],
[3,27,50],[6,30,50],[2,31,51],[7,29,52],[5,52,53],[4,51,55],[3,50,55],[6,50,54],[7,52,54],[2,51,53]];
###############################################################

#SurfaceInfo: 66 Vertices, 330 Edges, 220 Faces, IsOrientable=false
 #Vertices of faces:
vof6:=[[64,65,66],[63,64,65],[62,64,66],[61,65,66],[58,59,60],[55,56,57],[52,53,54],[49,50,51],[46,47,48],[43,44,45],
[42,50,53],[41,47,59],[40,44,56],[38,39,57],[37,39,54],[36,38,60],[35,36,51],[34,35,45],[34,37,48],[35,37,38],
[35,36,38],[34,35,37],[37,38,39],[31,32,33],[28,29,30],[25,26,27],[24,25,26],[23,31,32],[22,28,29],[41,58,59],
[40,55,56],[42,52,53],[42,49,50],[40,43,44],[41,46,47],[38,59,60],[38,56,57],[35,44,45],[37,47,48],[35,50,51],
[37,53,54],[20,21,23],[18,19,27],[18,19,30],[20,21,22],[16,17,24],[16,17,33],[14,15,38],[13,14,35],[13,15,37],
[29,30,50],[32,33,53],[23,31,56],[26,27,44],[24,25,47],[22,28,59],[33,58,60],[30,55,57],[27,52,54],[24,49,51],
[23,46,48],[22,43,45],[34,50,53],[36,44,56],[39,47,59],[43,52,58],[46,49,55],[33,52,58],[23,46,55],[27,43,52],
[22,43,58],[24,46,49],[30,49,55],[29,34,50],[32,34,53],[28,39,59],[26,36,44],[25,39,47],[31,36,56],[14,38,56],
[14,35,44],[13,37,53],[15,37,47],[13,35,50],[15,38,59],[31,33,60],[28,30,57],[25,27,54],[24,26,51],[22,29,45],
[23,32,48],[12,21,23],[11,19,27],[10,20,22],[9,17,24],[8,16,33],[7,18,30],[6,18,27],[5,17,33],[4,20,23],
[3,19,30],[2,16,24],[1,21,22],[6,27,44],[5,33,53],[4,23,56],[3,30,50],[1,22,59],[2,24,47],[40,42,52],
[41,42,49],[41,42,58],[40,41,46],[40,41,43],[40,42,55],[11,12,21],[11,12,19],[9,10,20],[9,10,17],[7,8,18],
[7,8,16],[4,6,61],[3,5,62],[1,2,63],[1,2,41],[4,6,40],[3,5,42],[21,34,45],[20,34,48],[18,39,54],
[17,36,60],[19,39,57],[16,36,51],[12,19,57],[11,21,45],[9,20,48],[8,18,54],[7,16,51],[10,17,60],[3,42,55],
[1,41,43],[5,42,58],[4,40,46],[2,41,49],[6,40,52],[6,18,61],[5,17,62],[1,21,63],[2,16,63],[4,20,61],
[3,19,62],[18,28,39],[20,29,34],[21,32,34],[17,26,36],[16,31,36],[19,25,39],[12,23,55],[11,27,43],[10,22,58],
[9,24,46],[7,30,49],[8,33,52],[4,14,56],[6,14,44],[3,13,50],[5,13,53],[2,15,47],[1,15,59],[31,57,60],
[28,57,60],[26,45,51],[25,48,54],[32,48,54],[29,45,51],[13,15,64],[13,14,66],[14,15,65],[3,13,64],[1,15,64],
[5,13,66],[4,14,66],[6,14,65],[2,15,65],[12,31,57],[11,26,45],[10,28,60],[9,25,48],[8,32,54],[7,29,51],
[16,31,63],[17,26,62],[18,28,61],[19,25,62],[21,32,63],[20,29,61],[3,12,55],[1,11,43],[5,10,58],[4,9,46],
[6,8,52],[2,7,49],[12,31,63],[11,26,62],[10,28,61],[9,25,62],[7,29,61],[8,32,63],[3,12,64],[1,11,64],
[5,10,66],[4,9,66],[2,7,65],[6,8,65],[12,63,64],[11,62,64],[10,61,66],[9,62,66],[8,63,65],[7,61,65]];
###############################################################

#SurfaceInfo: 60 Vertices, 330 Edges, 220 Faces, IsOrientable=true
 #Vertices of faces:
vof7:=[[58,59,60],[57,58,59],[56,59,60],[55,58,60],[52,53,54],[49,50,51],[47,48,50],[46,47,53],[44,45,52],[43,44,49],
[41,42,47],[39,40,52],[37,38,49],[35,36,50],[33,34,50],[31,32,53],[30,33,53],[29,35,44],[28,31,44],[31,33,35],
[31,33,53],[31,35,44],[33,35,50],[26,27,52],[25,27,49],[23,24,47],[22,23,47],[24,26,52],[22,25,49],[39,52,53],
[37,49,50],[41,47,50],[42,47,53],[38,44,49],[40,44,52],[32,53,54],[36,50,51],[29,43,44],[28,44,45],[30,46,53],
[34,48,50],[19,20,21],[17,18,21],[16,17,18],[15,19,20],[13,14,15],[13,14,16],[20,51,54],[18,43,46],[14,45,48],
[12,25,27],[11,26,27],[10,24,26],[9,23,24],[8,22,23],[7,22,25],[6,52,54],[5,49,51],[4,47,48],[3,46,47],
[2,45,52],[1,43,49],[27,41,42],[24,37,38],[22,39,40],[1,4,6],[2,3,5],[1,6,54],[2,3,45],[4,6,48],
[1,4,43],[3,5,46],[2,5,51],[12,27,41],[11,27,42],[7,22,40],[9,24,37],[8,22,39],[10,24,38],[20,36,51],
[18,29,43],[14,34,48],[14,28,45],[18,30,46],[20,32,54],[6,27,52],[5,27,49],[4,24,47],[3,22,47],[1,22,49],
[2,24,52],[3,19,21],[6,17,21],[4,15,19],[5,13,15],[1,13,16],[2,16,17],[9,18,21],[11,14,16],[10,20,21],
[12,16,18],[8,14,15],[7,15,20],[9,18,23],[11,14,26],[10,20,26],[12,18,25],[7,20,25],[8,14,23],[41,50,57],
[42,53,55],[39,53,55],[40,44,56],[38,44,56],[37,50,57],[3,21,35],[6,21,35],[4,15,31],[5,15,31],[2,16,33],
[1,16,33],[21,40,41],[16,37,39],[15,38,42],[17,38,42],[13,40,41],[19,37,39],[11,29,35],[12,28,31],[7,33,34],
[9,31,32],[8,35,36],[10,30,33],[6,8,35],[3,11,35],[4,12,31],[2,7,33],[1,10,33],[5,9,31],[19,37,57],
[17,38,56],[19,39,55],[13,40,56],[17,42,55],[13,41,57],[9,21,40],[11,16,37],[7,15,42],[8,15,38],[10,21,41],
[12,16,39],[7,34,40],[12,28,41],[11,29,42],[9,32,37],[10,30,38],[8,36,39],[3,19,45],[6,17,48],[4,19,43],
[5,13,46],[2,17,51],[1,13,54],[20,26,36],[18,23,29],[18,25,30],[14,26,34],[14,23,28],[20,25,32],[6,27,58],
[5,27,58],[3,22,60],[4,24,59],[2,24,59],[1,22,60],[25,45,48],[26,43,46],[23,51,54],[25,30,45],[25,32,48],
[26,34,43],[26,36,46],[23,29,54],[23,28,51],[6,8,58],[3,11,60],[5,9,58],[4,12,59],[2,7,59],[1,10,60],
[8,30,38],[11,32,37],[9,34,40],[12,36,39],[7,29,42],[10,28,41],[19,45,57],[17,48,56],[19,43,55],[13,46,56],
[13,54,57],[17,51,55],[8,30,58],[11,32,60],[9,34,58],[12,36,59],[10,28,60],[7,29,59],[30,45,57],[32,48,56],
[34,43,55],[36,46,56],[28,51,55],[29,54,57],[30,57,58],[32,56,60],[34,55,58],[36,56,59],[29,57,59],[28,55,60]];
###############################################################

#SurfaceInfo: 55 Vertices, 330 Edges, 220 Faces, IsOrientable=false
 #Vertices of faces:
vof8:=[[53,54,55],[52,53,54],[51,54,55],[50,53,55],[47,48,49],[44,45,46],[41,42,43],[38,39,40],[36,37,42],[33,34,35],
[31,32,34],[29,30,39],[26,27,28],[23,24,25],[20,21,22],[17,18,19],[14,15,16],[11,12,13],[10,28,33],[10,13,31],
[9,13,38],[8,22,36],[9,22,29],[8,28,41],[13,22,28],[10,13,28],[8,22,28],[9,13,22],[5,6,7],[15,24,52],
[18,23,51],[3,4,6],[1,2,6],[14,17,50],[7,41,42],[5,38,39],[4,33,34],[2,36,42],[3,29,39],[1,31,34],
[8,23,24],[6,26,27],[6,20,21],[10,17,18],[9,14,15],[6,11,12],[26,28,40],[2,24,25],[27,28,30],[7,23,25],
[1,17,19],[20,22,32],[21,22,35],[4,18,19],[5,14,16],[12,13,37],[11,13,43],[3,15,16],[16,41,43],[25,38,40],
[16,33,35],[19,36,37],[19,29,30],[25,31,32],[28,33,48],[2,10,33],[13,31,45],[3,10,31],[4,9,38],[22,36,47],
[5,8,36],[13,38,49],[1,8,41],[22,29,44],[28,41,46],[7,9,29],[3,16,41],[11,16,43],[2,25,38],[25,26,40],
[4,19,36],[16,21,35],[12,19,37],[5,16,33],[19,27,30],[7,25,31],[20,25,32],[1,19,29],[7,9,42],[7,41,46],
[5,38,49],[5,8,39],[2,10,42],[4,33,48],[2,36,47],[4,9,34],[3,10,39],[1,31,45],[3,29,44],[1,8,34],
[2,24,33],[28,40,48],[7,23,29],[28,30,46],[22,32,44],[1,17,41],[22,35,47],[4,18,38],[13,37,49],[5,14,36],
[3,15,31],[13,43,45],[3,6,26],[8,23,51],[5,6,27],[8,24,52],[10,18,51],[4,6,20],[10,17,50],[1,6,21],
[2,6,11],[9,14,50],[6,7,12],[9,15,52],[3,4,54],[16,18,23],[14,17,25],[1,2,53],[15,19,24],[5,7,55],
[15,47,48],[24,44,45],[17,47,49],[18,44,46],[23,48,49],[14,45,46],[24,33,44],[15,40,48],[14,36,45],[23,37,49],
[18,38,46],[17,35,47],[18,32,44],[17,41,49],[15,31,47],[24,43,45],[14,30,46],[23,29,48],[16,21,23],[4,36,54],
[2,38,53],[17,25,26],[5,33,55],[12,15,19],[11,16,18],[3,41,54],[7,31,55],[19,24,27],[14,20,25],[1,29,53],
[8,34,51],[3,26,44],[7,12,46],[9,42,52],[1,21,45],[10,39,50],[8,39,52],[5,27,49],[9,34,50],[2,11,47],
[4,20,48],[10,42,51],[20,42,43],[21,39,40],[12,34,35],[26,37,42],[11,30,39],[27,32,34],[20,43,48],[20,42,51],
[21,40,45],[21,39,50],[12,34,51],[26,37,44],[26,42,52],[12,35,46],[27,32,49],[11,39,52],[27,34,50],[11,30,47],
[12,15,40],[33,44,55],[36,45,54],[21,23,37],[17,26,35],[38,46,53],[41,49,54],[11,18,32],[24,27,43],[31,47,55],
[29,48,53],[14,20,30],[35,46,53],[26,35,52],[37,44,55],[12,40,51],[21,37,50],[40,45,54],[11,32,52],[32,49,54],
[30,47,55],[27,43,50],[20,30,51],[43,48,53],[35,52,53],[40,51,54],[37,50,55],[32,52,54],[43,50,53],[30,51,55]];
###############################################################

#SurfaceInfo: 36 Vertices, 360 Edges, 240 Faces, IsOrientable=false
 #Vertices of faces:
vof9:=[[34,35,36],[33,34,35],[32,34,36],[31,35,36],[29,30,31],[28,30,33],[28,29,32],[29,30,34],[28,29,35],[28,30,36],
[27,29,34],[26,28,35],[26,30,34],[27,28,36],[25,29,35],[25,30,36],[24,27,29],[23,26,30],[22,25,30],[21,26,28],
[20,27,28],[19,25,29],[17,18,30],[15,16,29],[13,14,28],[12,24,29],[11,19,29],[10,20,28],[9,21,28],[8,23,30],
[7,22,30],[5,6,26],[3,4,27],[1,2,25],[5,6,29],[1,2,28],[3,4,30],[5,12,29],[6,11,29],[1,9,28],
[2,10,28],[3,7,30],[4,8,30],[11,13,19],[12,18,24],[7,14,22],[8,15,23],[9,16,21],[10,17,20],[1,25,26],
[2,25,27],[3,25,27],[4,26,27],[5,26,27],[6,25,26],[17,20,30],[18,24,30],[13,19,28],[15,23,29],[14,22,28],
[16,21,29],[10,29,31],[9,30,31],[11,30,33],[7,29,32],[8,28,32],[12,28,33],[8,27,34],[9,25,35],[11,26,35],
[10,25,36],[12,26,34],[7,27,36],[17,18,27],[13,14,25],[15,16,26],[9,24,30],[11,20,30],[12,22,28],[7,21,29],
[8,19,28],[10,23,29],[5,8,27],[2,7,27],[1,11,26],[3,10,25],[6,9,25],[4,12,26],[18,27,31],[15,26,31],
[17,27,33],[14,25,33],[16,26,32],[13,25,32],[8,10,34],[9,12,34],[10,11,36],[7,12,36],[8,11,35],[7,9,35],
[12,17,33],[11,14,33],[8,16,32],[7,13,32],[9,15,31],[10,18,31],[11,12,13],[11,12,18],[7,8,14],[7,8,15],
[9,10,17],[9,10,16],[4,8,10],[5,9,12],[6,8,11],[1,7,9],[3,7,12],[2,10,11],[13,24,27],[18,19,25],
[14,23,26],[17,21,26],[16,20,27],[15,22,25],[2,4,6],[1,3,5],[14,26,31],[13,27,31],[16,27,33],[15,25,33],
[18,25,32],[17,26,32],[2,6,7],[1,5,8],[3,5,10],[1,3,11],[2,4,12],[4,6,9],[12,13,17],[11,14,18],
[8,14,16],[7,13,15],[10,16,18],[9,15,17],[6,13,24],[5,18,19],[1,16,20],[3,14,23],[4,15,22],[2,17,21],
[6,8,24],[5,9,19],[1,7,20],[3,12,23],[2,11,21],[4,10,22],[10,13,34],[9,14,34],[11,15,36],[12,16,36],
[7,18,35],[8,17,35],[10,13,23],[9,14,24],[11,15,20],[12,16,22],[8,17,19],[7,18,21],[6,13,17],[5,14,18],
[3,14,16],[4,13,15],[2,15,17],[1,16,18],[4,9,19],[2,12,23],[6,7,20],[1,8,24],[3,11,21],[5,10,22],
[14,20,24],[15,20,24],[16,19,22],[17,19,22],[18,21,23],[13,21,23],[1,13,34],[4,18,35],[3,17,35],[2,14,34],
[5,15,36],[6,16,36],[1,13,31],[4,18,32],[5,15,33],[6,16,33],[3,17,32],[2,14,31],[4,13,21],[5,14,20],
[1,18,23],[6,17,22],[2,15,24],[3,16,19],[4,32,33],[5,32,33],[1,31,33],[6,31,33],[2,31,32],[3,31,32],
[1,22,34],[2,19,34],[4,20,35],[3,24,35],[5,21,36],[6,23,36],[1,22,24],[5,21,22],[4,19,20],[6,20,23],
[3,21,24],[2,19,23],[21,22,34],[19,20,34],[20,23,35],[22,24,35],[19,23,36],[21,24,36],[4,21,33],[5,20,32],
[1,23,33],[6,22,31],[3,19,31],[2,24,32],[21,33,34],[20,32,34],[23,33,35],[22,31,35],[24,32,36],[19,31,36]];
###############################################################

#SurfaceInfo: 48 Vertices, 360 Edges, 240 Faces, IsOrientable=true
 #Vertices of faces:
vof10:=[[46,47,48],[45,46,47],[44,47,48],[43,46,48],[40,41,42],[37,38,39],[34,35,36],[33,40,41],[32,34,35],[31,37,38],
[30,33,40],[29,32,34],[28,33,41],[27,31,37],[26,32,35],[25,31,38],[24,30,33],[23,28,33],[22,25,31],[21,29,32],
[20,27,31],[19,26,32],[16,17,18],[13,14,15],[10,11,12],[17,24,30],[11,19,26],[17,20,27],[14,21,29],[14,23,28],
[11,22,25],[9,11,17],[8,11,14],[7,14,17],[6,11,17],[5,14,17],[4,11,14],[6,17,24],[6,11,19],[5,14,21],
[5,17,20],[4,11,22],[4,14,23],[3,11,26],[3,17,30],[2,11,25],[2,14,28],[1,14,29],[1,17,27],[7,17,44],
[7,14,45],[8,14,45],[8,11,43],[9,11,43],[9,17,44],[1,16,17],[3,17,18],[3,10,11],[2,13,14],[2,11,12],
[1,14,15],[2,41,42],[3,40,42],[1,37,39],[1,34,36],[3,35,36],[2,38,39],[9,30,40],[9,26,35],[7,29,34],
[8,25,38],[8,28,41],[7,27,37],[2,16,18],[1,10,12],[3,13,15],[3,18,42],[1,16,39],[2,12,39],[1,15,36],
[3,10,36],[2,13,42],[9,40,43],[7,37,45],[7,34,44],[8,38,45],[9,35,44],[8,41,43],[2,16,29],[3,15,27],
[2,18,26],[1,10,30],[3,13,25],[1,12,28],[4,9,30],[6,8,28],[5,8,25],[4,7,27],[6,7,29],[5,9,26],
[2,26,38],[1,30,37],[3,25,35],[1,28,34],[3,27,40],[2,29,41],[3,26,48],[3,30,48],[2,25,46],[2,28,46],
[1,27,47],[1,29,47],[4,23,30],[6,24,28],[6,19,29],[5,21,26],[4,22,27],[5,20,25],[24,29,33],[19,28,32],
[23,27,33],[21,25,32],[20,26,31],[22,30,31],[35,37,41],[34,38,40],[15,23,27],[16,24,29],[18,20,26],[10,22,30],
[12,19,28],[13,21,25],[37,41,45],[38,40,43],[34,38,45],[34,40,44],[35,41,43],[35,37,44],[26,38,48],[30,37,48],
[25,35,46],[28,34,46],[29,41,47],[27,40,47],[29,33,38],[28,32,37],[26,31,41],[27,33,35],[30,31,34],[25,32,40],
[19,29,38],[24,28,37],[21,26,41],[22,27,35],[20,25,40],[23,30,34],[4,9,13],[6,8,18],[5,8,16],[4,7,12],
[5,9,15],[6,7,10],[9,13,42],[8,18,42],[8,16,39],[7,12,39],[7,10,36],[9,15,36],[33,38,48],[32,37,48],
[33,35,46],[31,34,46],[32,40,47],[31,41,47],[24,37,44],[22,35,43],[21,41,45],[19,38,43],[20,40,44],[23,34,45],
[8,32,42],[8,32,39],[7,33,39],[7,33,36],[9,31,36],[9,31,42],[4,13,16],[5,12,15],[6,10,13],[6,15,18],
[5,10,16],[4,12,18],[4,16,24],[5,12,19],[5,10,22],[4,18,20],[6,13,21],[6,15,23],[31,42,46],[32,42,48],
[31,36,47],[33,36,48],[32,39,47],[33,39,46],[5,19,42],[5,22,42],[4,24,36],[4,20,36],[6,23,39],[6,21,39],
[13,16,19],[15,18,22],[12,15,24],[10,13,20],[10,16,23],[12,18,21],[13,19,43],[16,23,45],[15,24,44],[12,21,45],
[10,20,44],[18,22,43],[16,19,45],[15,22,44],[12,24,45],[13,20,43],[18,21,43],[10,23,44],[19,42,46],[22,42,48],
[24,36,47],[20,36,48],[21,39,46],[23,39,47],[19,45,46],[22,44,48],[24,45,47],[20,43,48],[23,44,47],[21,43,46]];
###############################################################

