#SurfaceInfo: 90 Vertices, 360 Edges, 240 Faces, IsOrientable=true
 #Vertices of faces:
vof1:=[[88,89,90],[87,88,89],[86,88,90],[85,89,90],[82,83,84],[79,80,81],[76,77,78],[74,75,80],[72,73,77],[70,71,83],
[67,68,69],[64,65,66],[62,63,68],[60,61,65],[59,62,67],[58,60,64],[55,56,57],[53,54,56],[52,53,55],[49,50,51],
[47,48,50],[44,45,46],[42,43,45],[39,40,41],[37,38,40],[47,49,50],[37,39,40],[42,44,45],[62,67,68],[60,64,65],
[53,55,56],[35,36,40],[33,34,45],[31,32,50],[29,30,55],[27,28,56],[25,26,53],[24,58,69],[23,63,66],[22,59,61],
[48,68,69],[51,64,66],[38,62,63],[41,61,65],[46,58,60],[43,59,67],[21,55,57],[20,56,57],[19,52,53],[18,53,54],
[17,52,55],[16,54,56],[29,40,41],[25,45,46],[27,38,40],[30,43,45],[26,48,50],[28,50,51],[15,42,43],[14,37,38],
[13,49,51],[12,39,41],[11,44,46],[10,47,48],[11,79,80],[10,76,77],[13,77,78],[15,80,81],[14,82,83],[12,83,84],
[21,74,80],[20,72,77],[19,73,77],[18,75,80],[17,70,83],[16,71,83],[10,14,15],[11,12,13],[21,57,74],[20,57,72],
[19,52,73],[18,54,75],[16,54,71],[17,52,70],[11,21,80],[10,20,77],[13,19,77],[14,17,83],[12,16,83],[15,18,80],
[26,48,68],[28,51,64],[27,38,62],[29,41,65],[30,43,67],[25,46,60],[11,13,49],[10,15,42],[12,13,39],[11,12,44],
[10,14,47],[14,15,37],[10,48,76],[13,51,78],[14,38,82],[12,41,84],[11,46,79],[15,43,81],[24,48,69],[23,51,66],
[23,38,63],[22,41,61],[24,46,58],[22,43,59],[21,29,55],[17,30,55],[20,27,56],[19,25,53],[16,28,56],[18,26,53],
[29,35,40],[27,36,40],[25,33,45],[28,31,50],[26,32,50],[30,34,45],[9,29,30],[8,25,26],[7,27,28],[57,58,69],
[54,59,61],[52,63,66],[9,30,67],[8,26,68],[9,29,65],[8,25,60],[7,27,62],[7,28,64],[52,66,70],[57,58,72],
[57,69,74],[52,63,73],[54,59,71],[54,61,75],[21,29,35],[20,27,36],[19,25,33],[17,30,34],[18,26,32],[16,28,31],
[24,48,76],[23,51,78],[23,38,82],[22,41,84],[22,43,81],[24,46,79],[11,21,49],[10,20,42],[13,19,39],[14,17,47],
[15,18,37],[12,16,44],[6,67,69],[5,65,66],[4,63,68],[3,59,62],[2,58,64],[1,60,61],[24,70,71],[23,74,75],
[22,72,73],[24,71,76],[24,70,79],[23,75,78],[22,73,81],[23,74,82],[22,72,84],[6,69,74],[3,59,71],[5,66,70],
[4,63,73],[1,61,75],[2,58,72],[6,9,67],[2,7,64],[5,9,65],[4,8,68],[1,8,60],[3,7,62],[21,35,49],
[20,36,42],[19,33,39],[17,34,47],[16,31,44],[18,32,37],[9,31,32],[7,33,34],[8,35,36],[47,49,86],[42,44,87],
[37,39,85],[31,44,87],[34,47,86],[33,39,85],[32,37,85],[36,42,87],[35,49,86],[6,9,31],[2,7,34],[1,8,36],
[4,8,35],[3,7,33],[5,9,32],[6,74,82],[2,72,84],[3,71,76],[5,70,79],[1,75,78],[4,73,81],[82,84,88],
[76,78,89],[79,81,90],[6,82,88],[2,84,88],[3,76,89],[5,79,90],[4,81,90],[1,78,89],[6,31,87],[2,34,86],
[3,33,85],[5,32,85],[4,35,86],[1,36,87],[6,87,88],[2,86,88],[3,85,89],[5,85,90],[1,87,89],[4,86,90]];
###############################################################

#SurfaceInfo: 72 Vertices, 360 Edges, 240 Faces, IsOrientable=true
 #Vertices of faces:
vof2:=[[70,71,72],[69,70,71],[68,71,72],[67,70,72],[64,65,66],[61,62,63],[58,59,60],[55,56,57],[52,53,54],[49,50,51],
[46,47,48],[43,44,45],[41,42,47],[39,40,44],[38,41,46],[37,39,43],[36,53,56],[35,50,56],[34,50,53],[32,33,59],
[30,31,59],[28,29,62],[26,27,62],[24,25,65],[22,23,65],[30,32,59],[22,24,65],[26,28,62],[41,46,47],[39,43,44],
[50,53,56],[36,40,42],[34,37,38],[35,45,48],[19,20,21],[16,17,18],[13,14,15],[10,11,12],[7,8,9],[4,5,6],
[11,46,48],[8,44,45],[8,42,47],[5,39,40],[11,37,43],[5,38,41],[20,36,56],[17,36,53],[14,34,53],[15,35,56],
[21,34,50],[18,35,50],[24,25,40],[28,29,37],[22,23,42],[26,27,38],[30,31,48],[32,33,45],[27,52,62],[23,57,65],
[33,55,59],[25,54,65],[29,51,62],[31,49,59],[12,61,62],[10,58,59],[7,59,60],[6,62,63],[9,64,65],[4,65,66],
[12,55,56],[10,52,53],[7,53,54],[6,56,57],[9,49,50],[4,50,51],[23,27,31],[25,29,33],[12,20,56],[10,17,53],
[7,14,53],[6,15,56],[4,18,50],[9,21,50],[12,55,61],[10,52,58],[7,54,60],[9,49,64],[4,51,66],[6,57,63],
[11,30,48],[8,32,45],[8,22,42],[5,24,40],[5,26,38],[11,28,37],[25,33,55],[23,27,52],[25,29,54],[29,33,51],
[27,31,49],[23,31,57],[10,49,59],[7,55,59],[9,57,65],[4,54,65],[12,51,62],[6,52,62],[10,11,46],[7,8,44],
[8,9,47],[4,5,39],[11,12,43],[5,6,41],[19,20,36],[19,21,34],[16,17,36],[13,14,34],[16,18,35],[13,15,35],
[25,36,40],[23,36,42],[29,34,37],[33,35,45],[31,35,48],[27,34,38],[5,20,21],[11,14,15],[8,17,18],[3,10,12],
[2,4,6],[1,7,9],[5,20,26],[11,14,30],[5,21,24],[11,15,28],[8,18,22],[8,17,32],[1,9,21],[3,10,17],
[3,12,20],[1,7,14],[2,4,18],[2,6,15],[19,25,36],[16,23,36],[13,29,34],[19,27,34],[13,31,35],[16,33,35],
[10,46,49],[7,44,55],[9,47,57],[4,39,54],[6,41,52],[12,43,51],[25,55,61],[23,52,58],[29,54,60],[27,49,64],
[31,57,63],[33,51,66],[20,47,48],[21,43,45],[14,41,42],[18,38,46],[17,37,39],[15,40,44],[49,51,67],[55,57,69],
[52,54,68],[46,49,67],[43,51,67],[44,55,69],[41,52,68],[47,57,69],[39,54,68],[3,20,47],[2,18,46],[1,21,43],
[1,14,41],[2,15,44],[3,17,39],[20,26,48],[17,32,37],[21,24,45],[14,30,42],[15,28,40],[18,22,38],[19,25,61],
[16,23,58],[13,29,60],[19,27,64],[16,33,66],[13,31,63],[45,48,70],[37,38,72],[40,42,71],[19,30,32],[16,26,28],
[13,22,24],[16,26,66],[19,32,64],[13,22,60],[13,24,63],[16,28,58],[19,30,61],[26,48,70],[32,37,72],[28,40,71],
[30,42,71],[22,38,72],[24,45,70],[3,47,69],[3,39,68],[2,46,67],[1,43,67],[2,44,69],[1,41,68],[3,64,66],
[2,58,60],[1,61,63],[3,66,69],[3,64,68],[2,60,67],[1,63,67],[1,61,68],[2,58,69],[26,66,70],[32,64,72],
[22,60,72],[24,63,70],[30,61,71],[28,58,71],[66,69,70],[64,68,72],[60,67,72],[63,67,70],[58,69,71],[61,68,71]];
###############################################################

#SurfaceInfo: 121 Vertices, 363 Edges, 242 Faces, IsOrientable=true
 #Vertices of faces:
vof3:=[[119,120,121],[118,119,120],[117,119,121],[116,120,121],[113,114,115],[111,112,114],[109,110,114],[109,113,114],[111,114,115],[110,112,114],
[106,107,108],[103,104,105],[100,101,102],[99,113,115],[98,109,110],[97,111,112],[94,95,96],[91,92,93],[88,89,90],[85,86,87],
[84,85,86],[83,85,87],[82,86,87],[85,94,95],[86,88,89],[87,91,92],[84,85,94],[84,86,88],[83,85,95],[82,87,91],
[82,86,89],[83,87,92],[80,81,99],[78,79,97],[76,77,98],[75,99,115],[74,99,113],[73,98,109],[72,98,110],[71,97,112],
[70,97,111],[69,109,113],[68,110,112],[67,111,115],[84,106,107],[83,100,101],[82,103,104],[73,76,98],[72,77,98],[74,80,99],
[75,81,99],[70,78,97],[71,79,97],[67,75,115],[69,74,113],[69,73,109],[67,70,111],[68,71,112],[68,72,110],[84,94,106],
[84,88,107],[83,95,100],[83,92,101],[82,89,103],[82,91,104],[65,66,69],[63,64,67],[61,62,68],[60,94,96],[59,88,90],
[58,95,96],[57,92,93],[56,89,90],[55,91,93],[53,54,96],[51,52,93],[49,50,90],[53,58,96],[51,57,93],[49,59,90],
[50,56,90],[52,55,93],[54,60,96],[48,74,80],[47,75,81],[46,70,78],[45,73,76],[44,72,77],[43,71,79],[65,69,74],
[63,67,75],[61,68,72],[62,68,71],[66,69,73],[64,67,70],[60,94,106],[59,88,107],[58,95,100],[57,92,101],[55,91,104],
[56,89,103],[42,106,108],[41,107,108],[40,100,102],[39,101,102],[38,104,105],[37,103,105],[65,66,102],[61,62,108],[63,64,105],
[40,65,102],[39,66,102],[37,63,105],[38,64,105],[42,62,108],[41,61,108],[42,60,106],[41,59,107],[40,58,100],[39,57,101],
[37,56,103],[38,55,104],[36,54,60],[35,49,59],[34,51,57],[33,53,58],[32,50,56],[31,52,55],[48,65,74],[45,66,73],
[47,63,75],[46,64,70],[43,62,71],[44,61,72],[36,42,60],[35,41,59],[33,40,58],[34,39,57],[31,38,55],[32,37,56],
[42,43,62],[41,44,61],[40,48,65],[39,45,66],[38,46,64],[37,47,63],[36,42,43],[33,40,48],[35,41,44],[34,39,45],
[32,37,47],[31,38,46],[30,80,81],[29,76,77],[28,78,79],[27,43,79],[26,48,80],[25,47,81],[24,44,77],[23,46,78],
[22,45,76],[26,30,80],[25,30,81],[23,28,78],[22,29,76],[27,28,79],[24,29,77],[27,36,43],[26,33,48],[24,35,44],
[22,34,45],[23,31,46],[25,32,47],[20,21,29],[18,19,28],[16,17,30],[15,53,54],[14,51,52],[13,49,50],[12,36,54],
[11,33,53],[10,35,49],[9,34,51],[8,31,52],[7,32,50],[12,15,54],[11,15,53],[9,14,51],[10,13,49],[7,13,50],
[8,14,52],[18,27,28],[20,24,29],[21,22,29],[16,26,30],[17,25,30],[19,23,28],[12,27,36],[11,26,33],[8,23,31],
[10,24,35],[7,25,32],[9,22,34],[5,6,15],[3,4,14],[1,2,13],[5,12,15],[6,11,15],[3,8,14],[4,9,14],
[1,7,13],[2,10,13],[12,18,27],[11,16,26],[8,19,23],[10,20,24],[9,21,22],[7,17,25],[5,12,18],[6,11,16],
[3,8,19],[1,7,17],[4,9,21],[2,10,20],[18,19,118],[16,17,117],[20,21,116],[5,18,118],[6,16,117],[2,20,116],
[4,21,116],[3,19,118],[1,17,117],[5,6,119],[1,2,121],[3,4,120],[5,118,119],[6,117,119],[1,117,121],[4,116,120],
[3,118,120],[2,116,121]];
###############################################################

#SurfaceInfo: 33 Vertices, 363 Edges, 242 Faces, IsOrientable=true
 #Vertices of faces:
vof4:=[[31,32,33],[30,31,32],[29,32,33],[28,31,33],[25,26,27],[23,24,27],[22,24,26],[22,25,26],[23,25,27],[22,23,24],
[20,21,29],[19,21,28],[19,20,30],[18,26,27],[17,24,26],[16,24,27],[14,15,17],[13,15,18],[13,14,16],[10,11,12],
[10,11,14],[11,12,15],[10,12,13],[14,15,20],[13,14,21],[13,15,19],[10,14,20],[11,14,21],[12,15,20],[10,13,19],
[12,13,21],[11,15,19],[8,9,19],[7,9,21],[7,8,20],[9,18,26],[8,18,27],[8,17,24],[7,17,26],[7,16,27],
[9,16,24],[8,22,25],[7,22,23],[9,23,25],[6,20,21],[5,19,20],[4,19,21],[8,20,24],[7,20,26],[8,19,27],
[9,19,26],[9,21,24],[7,21,27],[9,18,23],[8,18,22],[8,17,25],[9,16,25],[7,16,22],[7,17,23],[6,10,20],
[6,11,21],[5,12,20],[5,11,19],[4,12,21],[4,10,19],[3,17,18],[2,16,18],[1,16,17],[6,15,17],[6,13,16],
[5,14,17],[5,13,18],[4,14,16],[4,15,18],[5,6,22],[4,5,25],[4,6,23],[5,14,22],[5,13,25],[6,13,23],
[4,14,23],[4,15,25],[6,15,22],[3,19,27],[2,19,26],[2,21,24],[3,20,24],[1,20,26],[1,21,27],[3,18,22],
[2,18,23],[1,17,23],[1,16,22],[3,17,25],[2,16,25],[6,10,17],[6,11,16],[5,12,17],[5,11,18],[4,10,18],
[4,12,16],[17,21,29],[16,20,29],[17,19,30],[18,20,30],[18,21,28],[16,19,28],[17,18,33],[16,17,31],[16,18,32],
[17,19,33],[18,20,33],[16,19,32],[18,21,32],[17,21,31],[16,20,31],[10,17,29],[11,16,29],[12,17,30],[11,18,30],
[12,16,28],[10,18,28],[15,22,29],[13,23,29],[13,25,30],[14,22,30],[14,23,28],[15,25,28],[3,19,22],[3,20,25],
[2,19,23],[2,21,25],[1,21,22],[1,20,23],[10,22,29],[11,23,29],[12,22,30],[11,25,30],[10,25,28],[12,23,28],
[21,22,31],[20,23,31],[19,22,33],[20,25,33],[21,25,32],[19,23,32],[10,22,31],[12,22,33],[11,23,31],[11,25,33],
[12,23,32],[10,25,32],[8,9,12],[7,8,11],[7,9,10],[1,10,27],[3,12,27],[2,12,26],[1,11,26],[2,10,24],
[3,11,24],[3,9,12],[2,8,12],[2,7,10],[3,7,11],[1,9,10],[1,8,11],[10,27,31],[12,27,33],[11,26,31],
[11,24,33],[10,24,32],[12,26,32],[1,3,13],[1,2,15],[2,3,14],[5,6,27],[4,5,24],[4,6,26],[15,27,29],
[14,27,30],[13,26,29],[13,24,30],[15,24,28],[14,26,28],[5,27,29],[6,27,30],[4,24,30],[4,26,29],[6,26,28],
[5,24,28],[1,9,15],[1,8,13],[3,7,13],[3,9,14],[2,8,14],[2,7,15],[15,27,31],[14,27,33],[15,24,32],
[13,26,31],[14,26,32],[13,24,33],[9,29,30],[7,28,30],[8,28,29],[5,9,29],[6,9,30],[5,7,28],[4,7,30],
[6,8,28],[4,8,29],[9,15,31],[9,14,33],[7,15,32],[8,13,31],[7,13,33],[8,14,32],[5,9,31],[6,9,33],
[5,7,32],[6,8,32],[4,7,33],[4,8,31],[1,2,5],[2,3,6],[1,3,4],[2,5,31],[2,6,33],[3,4,31],
[1,4,33],[1,5,32],[3,6,32],[2,29,30],[3,28,29],[1,28,30],[2,30,31],[2,29,33],[3,29,32],[1,28,33],
[1,30,32],[3,28,31]];
###############################################################

#SurfaceInfo: 75 Vertices, 375 Edges, 250 Faces, IsOrientable=true
 #Vertices of faces:
vof5:=[[73,74,75],[72,73,74],[71,74,75],[70,73,75],[67,68,69],[64,65,66],[61,62,63],[58,59,60],[55,56,57],[52,53,54],
[49,50,51],[46,47,48],[43,44,45],[46,47,50],[43,44,49],[44,45,53],[43,45,56],[46,48,52],[47,48,55],[55,56,62],
[52,53,59],[49,50,65],[42,45,64],[41,43,58],[40,44,61],[39,46,63],[38,48,66],[37,47,60],[46,50,65],[45,56,62],
[43,49,65],[44,53,59],[47,55,62],[48,52,59],[35,36,68],[33,34,67],[31,32,69],[35,47,50],[36,45,53],[32,43,56],
[33,44,49],[34,48,55],[31,46,52],[30,35,50],[29,31,52],[28,34,55],[27,32,56],[26,33,49],[25,36,53],[35,47,68],
[33,44,67],[36,45,68],[31,46,69],[32,43,69],[34,48,67],[40,44,59],[39,46,65],[42,45,62],[38,48,59],[37,47,62],
[41,43,65],[24,64,65],[23,65,66],[22,58,59],[21,59,60],[20,61,62],[19,62,63],[17,18,54],[15,16,54],[13,14,51],
[11,12,57],[9,10,51],[7,8,57],[33,34,54],[31,32,51],[35,36,57],[6,55,57],[5,50,51],[4,56,57],[3,52,54],
[2,49,51],[1,53,54],[14,47,60],[10,44,61],[18,45,64],[16,46,63],[8,43,58],[12,48,66],[26,37,60],[29,42,64],
[28,41,58],[30,40,61],[25,39,63],[27,38,66],[3,5,6],[1,2,4],[37,38,39],[40,41,42],[29,40,42],[26,37,39],
[30,40,41],[28,41,42],[27,37,38],[25,38,39],[3,5,52],[3,6,55],[1,4,53],[1,2,49],[2,4,56],[5,6,50],
[18,24,64],[16,19,63],[14,21,60],[10,20,61],[12,23,66],[8,22,58],[5,13,51],[4,7,57],[1,17,54],[6,11,57],
[2,9,51],[3,15,54],[18,33,54],[16,34,54],[14,31,51],[10,32,51],[8,36,57],[12,35,57],[29,52,64],[28,55,58],
[30,50,61],[27,56,66],[25,53,63],[26,49,60],[19,42,62],[21,40,59],[23,41,65],[24,39,65],[22,38,59],[20,37,62],
[14,47,68],[10,44,67],[18,45,68],[16,46,69],[12,48,67],[8,43,69],[67,68,72],[68,69,70],[67,69,71],[13,14,42],
[11,12,40],[7,8,39],[15,16,41],[9,10,38],[17,18,37],[13,25,36],[17,30,35],[11,26,33],[15,27,32],[7,29,31],
[9,28,34],[7,9,17],[11,13,15],[11,13,26],[11,15,27],[13,15,25],[9,17,30],[7,9,28],[7,17,29],[14,68,72],
[12,67,71],[10,67,72],[18,68,70],[8,69,71],[16,69,70],[13,19,42],[11,21,40],[7,24,39],[15,23,41],[17,20,37],
[9,22,38],[6,11,33],[2,9,34],[4,7,31],[3,15,32],[5,13,36],[1,17,35],[14,28,42],[12,29,40],[8,26,39],
[16,30,41],[18,27,37],[10,25,38],[18,24,33],[16,19,34],[14,21,31],[10,20,32],[8,22,36],[12,23,35],[5,52,64],
[1,49,60],[3,55,58],[6,50,61],[2,56,66],[4,53,63],[58,60,74],[64,66,75],[61,63,73],[6,61,73],[2,66,75],
[4,63,73],[3,58,74],[5,64,75],[1,60,74],[14,28,72],[8,26,71],[18,27,70],[12,29,71],[16,30,70],[10,25,72],
[6,24,33],[2,19,34],[4,21,31],[3,20,32],[5,22,36],[1,23,35],[7,24,28],[13,19,26],[11,21,27],[17,20,29],
[9,22,30],[15,23,25],[24,28,72],[19,26,71],[21,27,70],[20,29,71],[23,25,72],[22,30,70],[6,24,73],[2,19,75],
[4,21,73],[3,20,74],[1,23,74],[5,22,75],[24,72,73],[19,71,75],[21,70,73],[20,71,74],[22,70,75],[23,72,74]];
###############################################################

#SurfaceInfo: 48 Vertices, 384 Edges, 256 Faces, IsOrientable=true
 #Vertices of faces:
vof6:=[[46,47,48],[45,46,47],[44,47,48],[43,46,48],[40,41,42],[37,38,39],[34,35,36],[31,32,33],[28,29,30],[26,27,29],
[25,27,30],[24,28,29],[23,26,29],[22,25,27],[21,26,27],[20,25,30],[19,28,30],[17,18,27],[15,16,30],[13,14,29],
[13,24,29],[17,21,27],[15,19,30],[18,22,27],[14,23,29],[16,20,30],[17,18,33],[13,14,39],[15,16,36],[19,22,23],
[20,21,24],[13,39,45],[17,33,43],[18,33,45],[15,36,43],[16,36,44],[14,39,44],[16,20,24],[14,19,23],[18,22,23],
[13,21,24],[17,20,21],[15,19,22],[29,37,38],[30,34,35],[27,31,32],[12,14,16],[11,13,18],[10,15,17],[24,33,41],
[19,33,40],[23,36,41],[21,36,42],[20,39,40],[22,39,42],[27,29,40],[27,30,41],[29,30,42],[9,30,34],[8,29,37],
[7,27,31],[6,30,35],[5,27,32],[4,29,38],[30,33,41],[29,33,40],[29,36,42],[27,36,41],[30,39,42],[27,39,40],
[24,33,43],[19,33,45],[23,36,43],[21,36,44],[22,39,44],[20,39,45],[12,16,24],[12,14,19],[11,18,23],[10,15,22],
[10,17,20],[11,13,21],[12,24,43],[12,19,45],[11,23,43],[11,21,44],[10,20,45],[10,22,44],[8,29,36],[9,30,39],
[7,27,39],[6,30,33],[4,29,33],[5,27,36],[3,35,36],[2,37,39],[2,34,36],[3,32,33],[1,31,33],[1,38,39],
[2,34,37],[1,31,38],[3,32,35],[3,8,36],[1,9,39],[2,7,39],[1,6,33],[2,5,36],[3,4,33],[10,12,45],
[10,11,44],[11,12,43],[3,4,12],[2,7,10],[2,5,11],[1,6,12],[3,8,11],[1,9,10],[10,12,48],[11,12,47],
[10,11,46],[10,32,35],[12,34,37],[11,31,38],[5,11,38],[7,10,35],[9,10,32],[6,12,37],[8,11,31],[4,12,34],
[3,11,46],[3,12,48],[2,10,48],[2,11,47],[1,10,46],[1,12,47],[3,15,17],[2,14,16],[1,13,18],[24,38,41],
[19,35,40],[21,32,42],[23,37,41],[22,31,42],[20,34,40],[3,24,28],[3,23,26],[2,21,26],[2,22,25],[1,19,28],
[1,20,25],[15,34,40],[14,38,41],[13,37,41],[16,35,40],[17,31,42],[18,32,42],[3,17,28],[3,15,26],[2,14,25],
[1,13,25],[1,18,28],[2,16,26],[5,24,38],[7,19,35],[9,21,32],[8,22,31],[4,20,34],[6,23,37],[3,24,46],
[3,23,48],[2,21,48],[2,22,47],[1,20,47],[1,19,46],[9,24,34],[4,21,38],[5,20,32],[8,19,37],[6,22,35],
[7,23,31],[24,34,46],[23,31,48],[21,38,48],[22,35,47],[19,37,46],[20,32,47],[5,9,24],[7,8,19],[4,9,21],
[6,8,22],[6,7,23],[4,5,20],[17,28,31],[15,26,34],[16,26,35],[14,25,38],[18,28,32],[13,25,37],[28,40,41],
[26,41,42],[25,40,42],[14,34,44],[13,31,45],[18,38,45],[17,35,43],[16,37,44],[15,32,43],[7,18,42],[6,15,40],
[5,17,42],[8,14,41],[9,16,40],[4,13,41],[6,28,40],[5,26,42],[8,26,41],[9,25,40],[7,25,42],[4,28,41],
[14,34,46],[13,31,48],[18,38,48],[17,35,47],[15,32,47],[16,37,46],[28,31,45],[26,34,44],[26,35,43],[25,38,45],
[25,37,44],[28,32,43],[6,8,14],[4,5,13],[7,8,18],[5,9,17],[6,7,15],[4,9,16],[6,14,46],[5,13,48],
[8,18,48],[9,17,47],[4,16,46],[7,15,47],[6,28,45],[5,26,44],[8,26,43],[9,25,45],[4,28,43],[7,25,44],
[6,45,46],[5,44,48],[8,43,48],[9,45,47],[7,44,47],[4,43,46]];
###############################################################

#SurfaceInfo: 64 Vertices, 384 Edges, 256 Faces, IsOrientable=true
 #Vertices of faces:
vof7:=[[62,63,64],[61,62,63],[60,62,64],[59,63,64],[56,57,58],[54,55,57],[52,53,57],[49,50,51],[48,56,57],[47,54,57],
[46,55,57],[45,57,58],[44,52,57],[43,53,57],[44,48,57],[43,47,57],[45,46,57],[42,45,46],[41,44,48],[40,43,47],
[39,42,46],[38,41,44],[37,40,47],[36,42,45],[35,41,48],[34,40,43],[33,35,41],[32,39,42],[31,36,42],[30,37,40],
[29,34,40],[28,38,41],[25,26,27],[22,23,24],[19,20,21],[18,32,42],[18,30,40],[17,29,40],[16,33,41],[16,31,42],
[17,28,41],[14,15,40],[12,13,42],[10,11,41],[9,18,42],[8,18,40],[8,16,41],[7,16,42],[7,17,40],[9,17,41],
[16,25,26],[17,22,23],[18,19,20],[9,18,19],[8,16,25],[8,18,20],[7,16,26],[7,17,22],[9,17,23],[8,14,40],
[7,15,40],[9,12,42],[7,13,42],[8,10,41],[9,11,41],[5,6,8],[3,4,7],[1,2,9],[2,6,7],[1,4,8],
[3,5,9],[5,8,25],[6,8,20],[3,7,26],[1,9,23],[2,9,19],[4,7,22],[5,9,12],[6,7,13],[3,9,11],
[1,8,14],[2,7,15],[4,8,10],[5,12,25],[6,13,20],[3,11,26],[1,14,23],[4,10,22],[2,15,19],[13,20,27],
[10,22,27],[15,19,24],[12,21,25],[11,24,26],[14,21,23],[1,2,50],[3,4,49],[5,6,51],[36,45,49],[38,44,50],
[34,43,49],[35,48,51],[39,46,50],[37,47,51],[25,27,45],[22,24,44],[23,24,43],[26,27,48],[20,21,46],[19,21,47],
[25,45,49],[22,44,50],[26,48,51],[23,43,49],[19,47,51],[20,46,50],[2,39,50],[1,38,50],[3,36,49],[6,37,51],
[5,35,51],[4,34,49],[22,27,45],[21,25,47],[20,27,48],[21,23,46],[24,26,43],[19,24,44],[2,48,56],[1,45,58],
[3,47,54],[6,44,52],[5,43,53],[4,46,55],[49,50,61],[50,51,59],[49,51,60],[33,35,45],[32,39,47],[31,36,48],
[30,37,46],[28,38,43],[29,34,44],[2,36,48],[6,34,44],[5,38,43],[3,39,47],[4,37,46],[1,35,45],[25,49,61],
[22,50,59],[23,49,60],[19,51,60],[20,50,61],[26,51,59],[22,33,45],[25,32,47],[20,31,48],[23,30,46],[19,29,44],
[26,28,43],[2,39,56],[1,38,58],[3,36,54],[6,37,52],[4,34,55],[5,35,53],[2,6,62],[3,5,63],[1,4,64],
[17,52,53],[16,56,58],[18,54,55],[17,28,39],[18,32,38],[18,30,35],[17,29,36],[16,33,37],[16,31,34],[17,36,53],
[16,34,58],[18,38,55],[17,39,52],[18,35,54],[16,37,56],[28,39,56],[30,35,53],[32,38,58],[29,36,54],[31,34,55],
[33,37,52],[2,36,62],[6,34,62],[5,38,63],[1,35,64],[4,37,64],[3,39,63],[19,29,60],[22,33,59],[25,32,61],
[20,31,61],[26,28,59],[23,30,60],[14,15,27],[12,13,24],[10,11,21],[14,21,56],[13,27,53],[12,21,52],[15,24,58],
[11,24,55],[10,27,54],[29,32,33],[28,30,31],[14,27,53],[12,24,58],[13,24,55],[10,21,52],[11,21,56],[15,27,54],
[14,28,56],[12,33,52],[13,30,53],[10,29,54],[11,31,55],[15,32,58],[28,31,61],[29,33,60],[28,30,59],[30,31,60],
[29,32,61],[32,33,59],[36,53,62],[34,58,62],[38,55,63],[39,52,63],[37,56,64],[35,54,64],[14,28,61],[12,33,60],
[13,30,59],[10,29,61],[15,32,59],[11,31,60],[14,53,62],[12,58,62],[13,55,63],[10,52,63],[15,54,64],[11,56,64],
[14,61,62],[12,60,62],[13,59,63],[10,61,63],[11,60,64],[15,59,64]];
###############################################################

#SurfaceInfo: 48 Vertices, 384 Edges, 256 Faces, IsOrientable=true
 #Vertices of faces:
vof8:=[[46,47,48],[45,46,47],[44,47,48],[43,46,48],[40,41,42],[37,38,39],[34,35,36],[31,32,33],[30,40,41],[29,37,38],
[28,38,39],[28,41,42],[30,34,35],[29,35,36],[30,34,40],[29,36,37],[28,39,42],[27,39,42],[26,34,40],[25,36,37],
[24,27,42],[23,26,40],[22,25,36],[21,27,39],[20,26,34],[19,25,37],[18,20,34],[17,24,42],[16,21,39],[15,22,36],
[14,19,37],[13,23,40],[11,12,29],[9,10,28],[7,8,30],[17,18,24],[13,15,22],[14,17,19],[14,18,20],[15,16,21],
[13,16,23],[6,8,10],[5,7,12],[4,9,11],[7,17,18],[8,13,15],[11,14,18],[12,15,16],[10,14,17],[9,13,16],
[11,12,25],[9,10,27],[7,8,26],[7,17,26],[11,18,25],[8,15,26],[12,16,25],[10,14,27],[9,13,27],[6,8,13],
[6,10,17],[5,7,18],[5,12,15],[4,11,14],[4,9,16],[25,26,45],[25,27,43],[26,27,44],[3,5,6],[2,4,6],
[1,4,5],[18,25,45],[15,26,45],[16,25,43],[13,27,44],[17,26,44],[14,27,43],[1,5,18],[3,5,15],[1,4,16],
[2,6,13],[3,6,17],[2,4,14],[1,18,45],[3,15,45],[1,16,43],[2,13,44],[2,14,43],[3,17,44],[3,39,45],
[2,34,43],[3,37,44],[1,42,45],[1,40,43],[2,36,44],[26,27,46],[25,27,47],[25,26,48],[21,27,29],[23,26,28],
[19,25,28],[20,26,29],[24,27,30],[22,25,30],[2,12,29],[3,9,28],[1,10,28],[3,11,29],[2,7,30],[1,8,30],
[2,21,29],[3,23,28],[3,20,29],[1,19,28],[1,22,30],[2,24,30],[27,30,46],[26,28,46],[27,29,47],[25,30,48],
[26,29,48],[25,28,47],[2,12,34],[1,8,42],[3,11,39],[2,7,36],[1,10,40],[3,9,37],[16,30,41],[18,28,41],
[17,29,38],[14,30,35],[13,29,35],[15,28,38],[2,31,32],[3,31,33],[1,32,33],[18,33,34],[17,31,42],[16,32,39],
[15,33,36],[13,31,40],[14,32,37],[16,32,41],[14,32,35],[13,31,35],[17,31,38],[15,33,38],[18,33,41],[2,21,31],
[3,23,33],[1,19,33],[1,22,32],[2,24,32],[3,20,31],[12,33,34],[8,31,42],[11,32,39],[7,33,36],[9,32,37],
[10,31,40],[16,30,46],[18,28,46],[17,29,47],[14,30,48],[15,28,47],[13,29,48],[5,6,32],[4,5,31],[4,6,33],
[5,34,36],[6,40,42],[4,37,39],[16,23,36],[18,24,37],[13,22,39],[17,19,34],[14,20,42],[15,21,40],[5,19,34],
[6,21,40],[4,24,37],[5,23,36],[4,22,39],[6,20,42],[16,36,46],[13,39,48],[18,37,46],[17,34,47],[15,40,47],
[14,42,48],[5,32,41],[6,32,35],[4,31,35],[4,33,41],[6,33,38],[5,31,38],[9,22,32],[12,23,33],[8,21,31],
[11,24,32],[10,20,31],[7,19,33],[8,10,41],[7,12,35],[9,11,38],[11,36,44],[10,39,45],[9,42,45],[12,37,44],
[7,40,43],[8,34,43],[21,22,23],[19,20,24],[10,41,45],[12,35,44],[7,35,43],[9,38,45],[11,38,44],[8,41,43],
[11,36,46],[9,42,48],[10,39,48],[8,34,47],[7,40,47],[12,37,46],[11,19,24],[9,21,22],[10,20,24],[7,19,20],
[8,21,23],[12,22,23],[5,19,41],[6,21,35],[4,24,35],[5,23,38],[6,20,38],[4,22,41],[11,19,46],[9,21,48],
[10,24,48],[8,23,47],[12,22,46],[7,20,47],[19,41,45],[21,35,44],[24,35,43],[23,38,45],[22,41,43],[20,38,44],
[19,45,46],[21,44,48],[24,43,48],[23,45,47],[20,44,47],[22,43,46]];
###############################################################

#SurfaceInfo: 64 Vertices, 384 Edges, 256 Faces, IsOrientable=true
 #Vertices of faces:
vof9:=[[62,63,64],[61,62,63],[60,63,64],[59,62,64],[56,57,58],[53,54,55],[50,51,52],[47,48,49],[44,45,46],[41,42,43],
[38,39,40],[35,36,37],[33,34,36],[31,32,36],[29,30,36],[27,28,36],[25,26,36],[29,35,36],[27,33,36],[25,31,36],
[30,34,36],[28,32,36],[26,36,37],[22,23,24],[19,20,21],[16,17,18],[35,41,42],[37,38,39],[34,41,43],[33,44,45],
[32,44,46],[31,38,40],[15,31,38],[14,37,38],[13,34,41],[12,33,44],[11,35,41],[10,32,44],[9,22,23],[8,23,24],
[7,19,20],[6,16,17],[5,20,21],[4,17,18],[29,35,42],[25,31,40],[27,33,45],[30,34,43],[26,37,39],[28,32,46],
[39,42,44],[40,41,46],[38,43,45],[10,13,14],[11,12,15],[12,15,44],[10,14,38],[13,14,41],[11,15,38],[10,13,44],
[11,12,41],[29,42,44],[30,38,43],[28,41,46],[26,39,44],[27,38,45],[25,40,41],[9,22,46],[7,19,39],[5,21,42],
[6,16,45],[8,24,40],[4,18,43],[39,42,57],[43,45,58],[40,46,56],[9,46,56],[7,39,57],[6,45,58],[5,42,57],
[8,40,56],[4,43,58],[15,29,44],[10,30,38],[14,28,41],[11,27,38],[12,25,41],[13,26,44],[3,53,54],[2,47,48],
[1,50,51],[2,29,47],[3,30,53],[2,26,48],[1,28,50],[1,25,51],[3,27,54],[7,51,57],[8,48,56],[5,53,57],
[4,47,58],[6,50,58],[9,54,56],[15,29,51],[10,30,50],[14,28,48],[11,27,47],[13,26,53],[12,25,54],[7,15,51],
[4,11,47],[6,10,50],[8,14,48],[9,12,54],[5,13,53],[30,53,57],[27,54,56],[28,50,58],[25,51,57],[29,47,58],
[26,48,56],[2,29,51],[3,27,47],[1,25,54],[3,30,50],[1,28,48],[2,26,53],[56,57,59],[57,58,60],[56,58,61],
[4,53,55],[6,54,55],[9,50,52],[7,48,49],[5,47,49],[8,51,52],[18,43,51],[22,46,47],[19,39,54],[21,42,50],
[16,45,48],[24,40,53],[7,45,48],[5,46,47],[4,40,53],[6,39,54],[8,43,51],[9,42,50],[30,57,59],[27,56,59],
[28,58,60],[26,56,61],[29,58,61],[25,57,60],[2,18,51],[3,22,47],[1,19,54],[3,21,50],[2,24,53],[1,16,48],
[5,13,49],[4,11,55],[6,10,55],[7,15,49],[8,14,52],[9,12,52],[45,46,64],[39,40,63],[42,43,62],[20,27,28],
[17,25,26],[23,29,30],[12,18,33],[15,22,31],[11,19,35],[14,21,37],[10,24,32],[13,16,34],[9,13,23],[8,11,23],
[7,10,20],[6,15,17],[4,14,17],[5,12,20],[7,10,24],[5,12,18],[4,14,21],[9,13,16],[6,15,22],[8,11,19],
[23,30,59],[20,27,59],[20,28,60],[17,25,60],[23,29,61],[17,26,61],[13,23,49],[11,23,55],[10,20,55],[15,17,49],
[12,20,52],[14,17,52],[2,18,33],[3,22,31],[1,19,35],[3,21,37],[1,16,34],[2,24,32],[7,45,64],[5,46,64],
[4,40,63],[9,42,62],[8,43,62],[6,39,63],[2,19,21],[1,22,24],[3,16,18],[2,19,33],[1,24,34],[3,18,31],
[2,21,32],[1,22,35],[3,16,37],[23,55,61],[20,55,60],[20,52,59],[17,52,61],[17,49,60],[23,49,59],[8,19,62],
[7,24,64],[5,18,64],[4,21,63],[6,22,63],[9,16,62],[33,34,55],[31,32,52],[35,37,49],[33,55,61],[34,55,60],
[31,52,59],[37,49,59],[35,49,60],[32,52,61],[19,33,62],[24,34,64],[18,31,64],[21,32,63],[16,37,62],[22,35,63],
[33,61,62],[34,60,64],[31,59,64],[32,61,63],[35,60,63],[37,59,62]];
###############################################################

#SurfaceInfo: 96 Vertices, 384 Edges, 256 Faces, IsOrientable=true
 #Vertices of faces:
vof10:=[[94,95,96],[93,94,95],[92,94,96],[91,95,96],[88,89,90],[85,86,87],[82,83,84],[79,80,81],[76,77,78],[73,74,75],
[70,71,72],[67,68,69],[64,65,66],[61,62,63],[66,68,74],[63,65,77],[62,69,71],[67,68,74],[64,65,77],[61,62,71],
[64,66,74],[61,63,77],[67,69,71],[58,59,60],[55,56,57],[52,53,54],[51,73,74],[50,70,71],[49,74,75],[48,76,77],
[47,77,78],[46,71,72],[45,46,72],[44,50,70],[43,49,75],[42,48,76],[41,51,73],[40,47,78],[39,58,59],[38,58,60],
[37,55,56],[36,52,53],[35,55,57],[34,52,54],[51,67,74],[46,61,71],[48,64,77],[49,64,74],[50,67,71],[47,61,77],
[32,33,67],[30,31,61],[28,29,64],[47,49,50],[46,48,51],[42,48,51],[44,49,50],[43,47,49],[45,46,48],[40,47,50],
[41,46,51],[32,51,67],[28,49,64],[30,47,61],[33,50,67],[29,48,64],[31,46,61],[27,39,58],[26,37,55],[25,35,55],
[24,36,52],[23,38,58],[22,34,52],[32,33,55],[28,29,52],[30,31,58],[27,31,58],[26,32,55],[24,28,52],[25,33,55],
[23,30,58],[22,29,52],[32,42,51],[28,44,49],[30,43,47],[29,45,48],[31,41,46],[33,40,50],[21,85,86],[20,79,80],
[19,82,83],[20,22,79],[21,25,85],[20,23,80],[19,24,82],[19,26,83],[21,27,86],[18,26,32],[17,23,30],[16,25,33],
[15,22,29],[14,24,28],[13,27,31],[32,42,79],[28,44,85],[30,43,82],[29,45,86],[33,40,80],[31,41,83],[18,32,79],
[15,29,86],[14,28,85],[17,30,82],[13,31,83],[16,33,80],[16,21,25],[13,21,27],[14,19,24],[18,19,26],[15,20,22],
[17,20,23],[22,42,79],[27,45,86],[26,41,83],[25,44,85],[24,43,82],[23,40,80],[21,88,89],[19,89,90],[20,88,90],
[38,86,87],[37,85,87],[35,83,84],[36,79,81],[39,80,81],[34,82,84],[12,22,34],[11,27,39],[10,26,37],[9,25,35],
[8,24,36],[7,23,38],[8,36,81],[11,39,81],[7,38,87],[10,37,87],[12,34,84],[9,35,84],[16,21,88],[13,21,89],
[14,19,89],[17,20,90],[15,20,88],[18,19,90],[12,22,42],[11,27,45],[10,26,41],[9,25,44],[7,23,40],[8,24,43],
[16,39,80],[15,38,86],[14,37,85],[18,36,79],[17,34,82],[13,35,83],[76,78,81],[70,72,87],[73,75,84],[63,65,89],
[62,69,90],[66,68,88],[42,57,76],[45,53,72],[41,60,73],[44,54,70],[40,56,78],[43,59,75],[6,39,59],[5,38,60],
[4,37,56],[3,36,53],[2,34,54],[1,35,57],[4,56,78],[1,57,76],[2,54,70],[6,59,75],[3,53,72],[5,60,73],
[16,68,88],[13,63,89],[14,65,89],[18,69,90],[15,66,88],[17,62,90],[6,16,39],[5,15,38],[4,14,37],[3,18,36],
[1,13,35],[2,17,34],[12,42,57],[11,45,53],[10,41,60],[9,44,54],[8,43,59],[7,40,56],[8,78,81],[11,76,81],
[7,70,87],[9,75,84],[12,73,84],[10,72,87],[56,57,93],[59,60,92],[53,54,91],[12,57,93],[8,59,92],[11,53,91],
[7,56,93],[10,60,92],[9,54,91],[5,15,66],[4,14,65],[1,13,63],[2,17,62],[3,18,69],[6,16,68],[5,12,73],
[4,8,78],[1,11,76],[2,7,70],[3,10,72],[6,9,75],[65,66,94],[62,63,95],[68,69,96],[5,66,94],[4,65,94],
[1,63,95],[6,68,96],[3,69,96],[2,62,95],[5,12,93],[4,8,92],[1,11,91],[2,7,93],[6,9,91],[3,10,92],
[5,93,94],[4,92,94],[1,91,95],[2,93,95],[3,92,96],[6,91,96]];
###############################################################

