#SurfaceInfo: 135 Vertices, 540 Edges, 360 Faces, IsOrientable=false
 #Vertices of faces:
vof1:=[[133,134,135],[132,133,134],[131,134,135],[130,133,135],[127,128,129],[124,125,126],[121,122,123],[118,119,120],[115,116,117],[112,113,114],
[109,110,111],[106,107,108],[103,104,105],[100,101,102],[97,98,99],[94,95,96],[91,92,93],[88,89,90],[87,89,104],[86,95,101],
[85,92,98],[87,103,104],[86,100,101],[85,97,98],[85,91,92],[87,88,89],[86,94,95],[82,83,84],[79,80,81],[76,77,78],
[73,74,75],[70,71,72],[67,68,69],[65,66,119],[63,64,120],[61,62,118],[68,97,103],[74,88,94],[71,91,100],[61,103,105],
[66,91,93],[65,97,99],[63,94,96],[62,88,90],[64,100,102],[60,104,105],[59,98,99],[58,95,96],[57,92,93],[56,101,102],
[55,89,90],[60,112,113],[56,112,114],[58,109,110],[57,106,107],[55,106,108],[59,109,111],[54,55,78],[53,57,77],[52,56,80],
[52,58,83],[53,59,84],[54,60,81],[51,60,104],[50,55,89],[49,57,92],[48,56,101],[47,58,95],[46,59,98],[45,60,81],
[44,59,84],[43,55,78],[42,57,77],[41,58,83],[40,56,80],[60,105,112],[59,99,109],[56,102,112],[58,96,109],[55,90,106],
[57,93,106],[52,56,114],[52,58,110],[53,59,111],[54,60,113],[54,55,108],[53,57,107],[39,73,74],[38,74,75],[38,67,68],
[39,70,71],[37,68,69],[37,71,72],[61,105,118],[65,99,119],[66,93,119],[63,96,120],[64,102,120],[62,90,118],[63,74,94],
[61,68,103],[65,68,97],[64,71,100],[66,71,91],[62,74,88],[52,82,83],[52,79,80],[53,76,77],[54,76,78],[54,79,81],
[53,82,84],[35,36,112],[33,34,109],[31,32,106],[97,103,125],[91,100,128],[88,94,122],[30,87,103],[29,86,100],[28,86,94],
[27,87,88],[26,85,91],[25,85,97],[24,118,119],[23,119,120],[22,118,120],[86,115,116],[87,115,117],[85,116,117],[30,87,115],
[29,86,115],[27,87,117],[26,85,117],[25,85,116],[28,86,116],[30,103,125],[26,91,128],[29,100,128],[27,88,122],[25,97,125],
[28,94,122],[24,105,118],[24,99,119],[23,93,119],[22,96,120],[22,90,118],[23,102,120],[35,105,112],[33,99,109],[31,93,106],
[32,90,106],[34,96,109],[36,102,112],[39,66,71],[38,65,68],[38,63,74],[37,64,71],[39,62,74],[37,61,68],[52,82,114],
[52,79,110],[53,76,111],[54,76,113],[53,82,107],[54,79,108],[43,50,55],[44,46,59],[42,49,57],[40,48,56],[41,47,58],
[45,51,60],[20,21,82],[18,19,76],[16,17,79],[15,92,98],[14,95,101],[13,89,104],[51,127,128],[50,128,129],[47,124,125],
[48,125,126],[46,121,122],[49,122,123],[113,114,115],[107,108,117],[110,111,116],[12,51,104],[11,48,101],[10,47,95],[12,46,98],
[10,50,89],[11,49,92],[39,43,73],[38,41,75],[38,44,67],[37,40,72],[37,45,69],[39,42,70],[10,50,129],[12,51,127],
[11,48,126],[11,49,123],[10,47,124],[12,46,121],[12,15,98],[11,15,92],[11,14,101],[10,14,95],[10,13,89],[12,13,104],
[39,43,66],[38,41,65],[38,44,63],[39,42,62],[37,40,61],[37,45,64],[41,47,75],[43,50,73],[44,46,67],[45,51,69],
[42,49,70],[40,48,72],[20,82,114],[18,76,113],[21,82,107],[16,79,108],[19,76,111],[17,79,110],[30,47,125],[27,46,122],
[26,51,128],[29,50,128],[28,49,122],[25,48,125],[30,114,115],[29,113,115],[27,107,117],[28,111,116],[25,110,116],[26,108,117],
[24,35,105],[24,33,99],[23,31,93],[22,32,90],[23,36,102],[22,34,96],[9,65,66],[8,61,62],[7,63,64],[24,77,78],
[22,80,81],[23,83,84],[7,44,63],[9,43,66],[9,41,65],[8,42,62],[7,45,64],[8,40,61],[24,35,77],[22,34,81],
[23,36,84],[24,33,78],[23,31,83],[22,32,80],[20,30,114],[18,29,113],[21,27,107],[16,26,108],[17,25,110],[19,28,111],
[30,47,75],[29,50,73],[27,46,67],[26,51,69],[25,48,72],[28,49,70],[12,15,127],[11,15,126],[11,14,123],[10,14,129],
[12,13,121],[10,13,124],[15,35,36],[14,31,32],[13,33,34],[6,42,77],[5,45,81],[4,44,84],[3,43,78],[2,41,83],
[1,40,80],[15,35,126],[13,34,121],[13,33,124],[15,36,127],[14,32,123],[14,31,129],[6,35,77],[5,34,81],[4,36,84],
[3,33,78],[1,32,80],[2,31,83],[6,8,42],[1,8,40],[2,9,41],[3,9,43],[5,7,45],[4,7,44],[20,30,75],
[18,29,73],[21,27,67],[16,26,69],[19,28,70],[17,25,72],[8,20,21],[9,16,17],[7,18,19],[73,75,132],[67,69,131],
[70,72,130],[20,75,132],[21,67,131],[18,73,132],[16,69,131],[19,70,130],[17,72,130],[6,8,20],[1,8,21],[4,7,18],
[2,9,16],[5,7,19],[3,9,17],[6,35,126],[1,32,123],[2,31,129],[5,34,121],[4,36,127],[3,33,124],[124,126,133],
[121,123,135],[127,129,134],[6,126,133],[1,123,135],[4,127,134],[2,129,134],[3,124,133],[5,121,135],[6,20,132],[1,21,131],
[4,18,132],[2,16,131],[3,17,130],[5,19,130],[6,132,133],[1,131,135],[4,132,134],[2,131,134],[5,130,135],[3,130,133]];
###############################################################

#SurfaceInfo: 78 Vertices, 546 Edges, 364 Faces, IsOrientable=false
 #Vertices of faces:
vof2:=[[76,77,78],[75,76,77],[74,76,78],[73,77,78],[70,71,72],[67,68,69],[64,65,66],[61,62,63],[59,60,69],[57,58,68],
[55,56,65],[54,58,66],[53,60,63],[52,56,62],[57,59,60],[57,58,59],[54,55,56],[54,55,58],[52,53,60],[52,53,56],
[51,64,65],[50,67,68],[49,67,69],[48,61,62],[47,61,63],[46,64,66],[46,47,56],[48,50,60],[49,51,58],[60,70,71],
[56,71,72],[58,70,72],[45,68,69],[44,65,66],[43,62,63],[45,60,69],[45,58,68],[44,56,65],[43,56,62],[43,60,63],
[44,58,66],[58,59,72],[52,60,70],[57,60,71],[54,56,71],[55,58,70],[53,56,72],[42,51,58],[41,50,60],[40,49,58],
[39,48,60],[38,47,56],[37,46,56],[42,51,64],[38,47,61],[41,50,67],[40,49,67],[37,46,64],[39,48,61],[35,36,67],
[33,34,64],[31,32,61],[33,49,69],[35,51,65],[31,46,66],[32,50,68],[34,47,63],[36,48,62],[30,52,70],[29,57,71],
[28,54,71],[27,53,72],[26,55,70],[25,59,72],[37,44,56],[38,43,56],[42,44,58],[39,43,60],[41,45,60],[40,45,58],
[32,33,49],[34,36,47],[32,33,50],[31,35,46],[34,36,48],[31,35,51],[24,34,63],[23,33,69],[22,36,62],[21,35,65],
[20,32,68],[19,31,66],[23,33,64],[21,35,67],[22,36,67],[24,34,64],[19,31,61],[20,32,61],[40,64,67],[42,64,67],
[39,61,67],[38,61,64],[37,61,64],[41,61,67],[17,18,70],[16,17,72],[16,18,71],[20,22,44],[21,23,43],[19,24,45],
[38,41,42],[37,39,40],[22,44,52],[20,44,57],[19,45,54],[23,43,59],[21,43,55],[24,45,53],[23,40,64],[19,37,61],
[21,42,67],[22,39,67],[20,41,61],[24,38,64],[15,38,41],[14,37,39],[13,38,42],[12,37,40],[11,39,40],[10,41,42],
[17,49,70],[16,47,71],[18,50,70],[16,46,72],[18,48,71],[17,51,72],[16,36,47],[17,32,49],[18,33,50],[16,35,46],
[17,31,51],[18,34,48],[24,63,69],[23,63,69],[21,62,65],[22,62,65],[19,66,68],[20,66,68],[9,37,44],[8,38,43],
[7,42,44],[6,40,45],[5,41,45],[4,39,43],[29,30,52],[29,30,57],[27,28,54],[27,28,53],[25,26,59],[25,26,55],
[5,15,41],[9,14,37],[8,13,38],[7,10,42],[4,11,39],[6,12,40],[15,59,69],[12,57,68],[14,55,65],[10,54,66],
[11,53,63],[13,52,62],[21,23,75],[19,24,74],[20,22,73],[12,25,72],[15,29,71],[11,30,70],[10,26,70],[13,27,72],
[14,28,71],[3,45,54],[2,44,57],[2,43,59],[1,44,52],[1,45,53],[3,43,55],[15,29,69],[11,30,63],[10,26,66],
[12,25,68],[14,28,65],[13,27,62],[5,15,59],[7,10,54],[6,12,57],[9,14,55],[8,13,52],[4,11,53],[2,9,44],
[2,8,43],[1,7,44],[1,6,45],[3,4,43],[3,5,45],[10,50,70],[11,49,70],[15,47,71],[14,48,71],[12,46,72],
[13,51,72],[23,40,75],[24,38,74],[19,37,74],[22,39,73],[20,41,73],[21,42,75],[21,25,55],[22,29,52],[20,30,57],
[19,27,54],[24,28,53],[23,26,59],[3,40,55],[3,38,54],[2,39,57],[2,42,59],[1,37,53],[1,41,52],[16,36,69],
[17,32,63],[18,33,66],[16,35,68],[18,34,65],[17,31,62],[17,21,62],[18,22,65],[18,20,66],[16,19,68],[17,23,63],
[16,24,69],[13,42,59],[15,38,54],[14,39,57],[10,41,52],[11,40,55],[12,37,53],[17,18,77],[16,18,78],[16,17,76],
[2,46,47],[1,49,51],[3,48,50],[17,21,77],[18,22,77],[18,20,78],[16,24,76],[17,23,76],[16,19,78],[3,4,50],
[2,9,47],[2,8,46],[1,7,49],[3,5,48],[1,6,51],[5,13,59],[4,12,53],[7,15,54],[6,14,57],[9,11,55],
[8,10,52],[2,42,75],[2,39,73],[3,40,75],[3,38,74],[1,41,73],[1,37,74],[29,36,69],[30,32,63],[26,33,66],
[25,35,68],[27,31,62],[28,34,65],[21,25,50],[22,29,49],[20,30,47],[19,27,48],[23,26,46],[24,28,51],[10,21,50],
[11,22,49],[15,20,47],[14,19,48],[13,24,51],[12,23,46],[2,35,36],[3,33,34],[1,31,32],[2,36,75],[2,35,73],
[1,32,74],[3,34,75],[1,31,73],[3,33,74],[6,28,51],[7,29,49],[9,30,47],[8,26,46],[5,27,48],[4,25,50],
[10,21,77],[11,22,77],[15,20,78],[14,19,78],[12,23,76],[13,24,76],[5,13,36],[4,12,32],[7,15,33],[6,14,35],
[8,10,31],[9,11,34],[13,29,36],[12,30,32],[15,26,33],[14,25,35],[11,28,34],[10,27,31],[13,29,76],[11,28,77],
[15,26,78],[12,30,76],[10,27,77],[14,25,78],[5,36,75],[9,34,75],[7,33,74],[8,31,73],[6,35,73],[4,32,74],
[6,28,29],[7,28,29],[9,26,30],[8,26,30],[4,25,27],[5,25,27],[6,29,76],[7,28,77],[9,26,78],[8,30,76],
[5,25,78],[4,27,77],[5,6,75],[5,6,73],[7,9,75],[7,9,74],[4,8,74],[4,8,73],[6,75,76],[7,75,77],
[9,74,78],[8,74,76],[4,73,77],[5,73,78]];
###############################################################

#SurfaceInfo: 156 Vertices, 546 Edges, 364 Faces, IsOrientable=true
 #Vertices of faces:
vof3:=[[154,155,156],[153,154,155],[152,155,156],[151,154,156],[148,149,150],[145,146,147],[142,143,144],[139,140,141],[136,137,138],[134,135,137],
[131,132,133],[129,130,132],[126,127,128],[124,125,127],[136,137,149],[134,137,149],[131,132,150],[129,132,150],[126,127,148],[124,127,148],
[123,142,143],[122,145,146],[121,146,147],[120,139,140],[119,140,141],[118,143,144],[115,116,117],[112,113,114],[109,110,111],[108,148,149],
[107,148,150],[106,149,150],[137,145,147],[132,142,144],[127,139,141],[137,138,145],[135,137,147],[132,133,144],[125,127,141],[127,128,139],
[130,132,142],[106,134,149],[108,126,148],[108,136,149],[107,131,150],[106,129,150],[107,124,148],[109,110,142],[112,113,145],[109,111,147],
[112,114,139],[115,116,141],[115,117,144],[109,123,142],[115,119,141],[112,122,145],[109,121,147],[115,118,144],[112,120,139],[103,104,105],
[100,101,102],[97,98,99],[96,121,146],[95,123,143],[94,118,143],[93,122,146],[92,119,140],[91,120,140],[90,108,126],[89,108,136],
[88,107,131],[87,107,124],[86,106,129],[85,106,134],[117,133,144],[116,125,141],[110,130,142],[114,128,139],[113,138,145],[111,135,147],
[84,96,146],[83,92,140],[84,93,146],[82,94,143],[83,91,140],[82,95,143],[92,101,119],[96,101,121],[91,104,120],[95,104,123],
[93,98,122],[94,98,118],[100,101,121],[103,104,123],[104,105,120],[101,102,119],[97,98,118],[98,99,122],[81,109,121],[81,109,123],
[80,112,120],[79,115,119],[79,115,118],[80,112,122],[77,78,84],[75,76,82],[73,74,83],[70,71,72],[67,68,69],[64,65,66],
[61,62,63],[58,59,60],[57,70,71],[56,71,72],[55,64,65],[54,67,68],[53,68,69],[52,65,66],[81,100,121],[79,97,118],
[81,103,123],[80,105,120],[80,99,122],[79,102,119],[51,61,62],[50,58,59],[49,61,63],[48,59,60],[47,58,60],[46,62,63],
[45,77,84],[44,73,83],[43,78,84],[42,75,82],[41,74,83],[40,76,82],[44,83,92],[45,84,96],[43,84,93],[42,82,94],
[40,82,95],[41,83,91],[39,92,101],[39,96,101],[38,95,104],[38,91,104],[37,94,98],[37,93,98],[50,117,133],[49,116,125],
[46,110,130],[48,111,135],[51,113,138],[47,114,128],[71,90,108],[71,89,108],[65,88,107],[65,87,107],[68,85,106],[68,86,106],
[51,61,138],[50,58,133],[49,63,125],[46,62,130],[47,60,128],[48,59,135],[36,136,138],[35,134,135],[34,131,133],[33,129,130],
[32,126,128],[31,124,125],[67,69,81],[64,66,79],[70,72,80],[42,85,134],[44,89,136],[45,90,126],[43,86,129],[40,87,124],
[41,88,131],[51,55,64],[50,56,72],[49,54,67],[46,57,70],[48,52,66],[47,53,69],[36,44,136],[32,45,126],[33,43,129],
[35,42,134],[34,41,131],[31,40,124],[36,61,138],[33,62,130],[35,59,135],[34,58,133],[31,63,125],[32,60,128],[50,56,117],
[49,54,116],[46,57,110],[48,52,111],[47,53,114],[51,55,113],[43,78,86],[45,77,90],[44,73,89],[41,74,88],[42,75,85],
[40,76,87],[69,81,100],[64,79,102],[66,79,97],[72,80,105],[70,80,99],[67,81,103],[53,68,86],[57,71,90],[56,71,89],
[55,65,88],[52,65,87],[54,68,85],[30,47,69],[29,51,64],[28,50,72],[27,49,67],[26,48,66],[25,46,70],[24,44,92],
[23,45,96],[22,43,93],[21,42,94],[20,41,91],[19,40,95],[19,38,95],[20,38,91],[22,37,93],[21,37,94],[23,39,96],
[24,39,92],[27,49,61],[29,51,62],[28,50,59],[25,46,63],[30,47,58],[26,48,60],[38,77,78],[37,73,74],[39,75,76],
[18,116,117],[17,110,111],[16,113,114],[19,38,78],[20,38,77],[22,37,73],[24,39,76],[23,39,75],[21,37,74],[16,53,114],
[18,56,117],[18,54,116],[17,57,110],[16,55,113],[17,52,111],[27,36,61],[26,32,60],[29,33,62],[28,35,59],[30,34,58],
[25,31,63],[27,67,103],[28,72,105],[30,69,100],[29,64,102],[25,70,99],[26,66,97],[24,36,44],[23,32,45],[22,33,43],
[21,35,42],[19,31,40],[20,34,41],[15,53,86],[14,57,90],[13,56,89],[12,55,88],[11,54,85],[10,52,87],[15,78,86],
[14,77,90],[13,73,89],[12,74,88],[10,76,87],[11,75,85],[9,103,105],[8,100,102],[7,97,99],[9,27,103],[9,28,105],
[7,26,97],[8,30,100],[7,25,99],[8,29,102],[10,17,52],[14,17,57],[13,18,56],[11,18,54],[12,16,55],[15,16,53],
[15,19,78],[14,20,77],[13,22,73],[12,21,74],[11,23,75],[10,24,76],[6,27,36],[5,26,32],[4,29,33],[3,28,35],
[2,25,31],[1,30,34],[6,24,36],[5,23,32],[4,22,33],[3,21,35],[1,20,34],[2,19,31],[6,10,24],[1,14,20],
[4,13,22],[5,11,23],[2,15,19],[3,12,21],[6,9,27],[1,8,30],[4,8,29],[2,7,25],[3,9,28],[5,7,26],
[10,17,153],[14,17,153],[13,18,152],[11,18,152],[15,16,151],[12,16,151],[6,10,153],[1,14,153],[4,13,152],[5,11,152],
[3,12,151],[2,15,151],[6,9,154],[3,9,154],[1,8,155],[4,8,155],[5,7,156],[2,7,156],[6,153,154],[1,153,155],
[4,152,155],[5,152,156],[2,151,156],[3,151,154]];
###############################################################

#SurfaceInfo: 156 Vertices, 546 Edges, 364 Faces, IsOrientable=true
 #Vertices of faces:
vof4:=[[154,155,156],[153,154,155],[152,155,156],[151,154,156],[148,149,150],[145,146,147],[142,143,144],[141,148,149],[140,145,146],[139,148,150],
[138,142,143],[137,145,147],[136,142,144],[135,141,148],[134,139,148],[133,140,145],[132,138,142],[131,137,145],[130,136,142],[129,134,148],
[128,131,145],[128,133,145],[129,135,148],[127,130,142],[127,132,142],[124,125,126],[121,122,123],[118,119,120],[115,116,117],[112,113,114],
[109,110,111],[108,115,116],[107,109,110],[106,109,111],[105,115,117],[104,112,113],[103,112,114],[102,104,112],[101,105,115],[100,108,115],
[99,106,109],[98,103,112],[97,107,109],[94,95,96],[91,92,93],[88,89,90],[87,89,95],[86,92,96],[85,90,93],[87,88,89],
[85,88,90],[87,94,95],[86,91,92],[86,94,96],[85,91,93],[94,98,112],[91,101,115],[91,100,115],[88,99,109],[88,97,109],
[94,102,112],[87,94,98],[85,91,100],[86,91,101],[85,88,99],[87,88,97],[86,94,102],[118,119,129],[118,120,128],[119,120,127],
[84,121,122],[83,121,123],[82,124,125],[81,124,126],[80,122,123],[79,125,126],[78,129,134],[77,128,133],[76,127,130],[75,128,131],
[74,129,135],[73,127,132],[72,110,111],[71,113,114],[70,116,117],[102,104,121],[100,108,123],[101,105,124],[99,106,125],[97,107,122],
[98,103,126],[79,106,125],[81,103,126],[84,104,121],[83,108,123],[80,107,122],[82,105,124],[78,118,129],[75,118,128],[74,119,129],
[76,119,127],[73,120,127],[77,120,128],[69,98,126],[68,102,121],[67,100,123],[66,101,124],[65,97,122],[64,99,125],[72,111,134],
[71,114,133],[70,117,130],[72,110,132],[71,113,135],[70,116,131],[68,83,121],[66,81,124],[67,80,123],[69,79,126],[64,82,125],
[65,84,122],[78,111,134],[77,114,133],[75,116,131],[76,117,130],[73,110,132],[74,113,135],[63,87,98],[63,87,97],[62,86,102],
[61,85,100],[61,85,99],[62,86,101],[60,134,139],[59,133,140],[58,130,136],[57,132,138],[56,135,141],[55,131,137],[54,106,111],
[53,103,114],[52,104,113],[51,105,117],[50,108,116],[49,107,110],[52,74,113],[54,78,111],[53,77,114],[50,75,116],[49,73,110],
[51,76,117],[60,72,134],[59,71,133],[58,70,130],[57,72,132],[55,70,131],[56,71,135],[63,65,97],[63,69,98],[61,64,99],
[62,68,102],[62,66,101],[61,67,100],[48,54,106],[47,49,107],[46,53,103],[45,52,104],[44,50,108],[43,51,105],[56,79,141],
[60,84,139],[55,81,137],[59,83,140],[57,82,138],[58,80,136],[65,84,139],[66,81,137],[68,83,140],[67,80,136],[69,79,141],
[64,82,138],[42,74,119],[41,78,118],[41,75,118],[42,76,119],[40,77,120],[40,73,120],[48,79,106],[46,81,103],[45,84,104],
[44,83,108],[43,82,105],[47,80,107],[38,39,61],[36,37,63],[34,35,62],[33,141,149],[32,140,146],[31,139,150],[30,138,143],
[29,136,144],[28,137,147],[33,69,141],[31,65,139],[29,67,136],[30,64,138],[28,66,137],[32,68,140],[36,63,65],[34,62,68],
[35,62,66],[37,63,69],[38,61,67],[39,61,64],[44,59,83],[48,56,79],[47,58,80],[43,57,82],[45,60,84],[46,55,81],
[33,51,149],[28,54,147],[32,49,146],[29,52,144],[30,53,143],[31,50,150],[27,40,73],[26,40,77],[25,41,75],[24,41,78],
[23,42,76],[22,42,74],[43,51,149],[48,54,147],[47,49,146],[46,53,143],[44,50,150],[45,52,144],[21,59,71],[21,56,71],
[20,55,70],[19,60,72],[20,58,70],[19,57,72],[23,51,76],[27,49,73],[22,52,74],[24,54,78],[26,53,77],[25,50,75],
[18,146,147],[17,149,150],[16,143,144],[40,89,95],[41,90,93],[42,92,96],[23,42,96],[27,40,95],[26,40,89],[25,41,90],
[22,42,92],[24,41,93],[17,44,150],[18,48,147],[18,47,146],[16,45,144],[16,46,143],[17,43,149],[23,33,51],[27,32,49],
[25,31,50],[22,29,52],[26,30,53],[24,28,54],[31,36,65],[33,37,69],[29,38,67],[30,39,64],[28,35,66],[32,34,68],
[15,21,59],[14,21,56],[13,20,58],[12,20,55],[11,19,57],[10,19,60],[15,44,59],[14,48,56],[13,47,58],[12,46,55],
[10,45,60],[11,43,57],[21,38,39],[19,34,35],[20,36,37],[9,95,96],[8,89,90],[7,92,93],[9,23,96],[8,25,90],
[9,27,95],[8,26,89],[7,24,93],[7,22,92],[15,21,39],[14,21,38],[12,20,36],[13,20,37],[10,19,35],[11,19,34],
[13,18,47],[14,18,48],[10,16,45],[12,16,46],[11,17,43],[15,17,44],[6,33,37],[5,32,34],[4,31,36],[3,29,38],
[2,30,39],[1,28,35],[6,23,33],[5,27,32],[4,25,31],[3,22,29],[1,24,28],[2,26,30],[6,9,23],[3,7,22],
[1,7,24],[2,8,26],[5,9,27],[4,8,25],[6,13,37],[3,14,38],[1,10,35],[4,12,36],[2,15,39],[5,11,34],
[13,18,153],[14,18,153],[10,16,152],[12,16,152],[15,17,151],[11,17,151],[6,13,153],[3,14,153],[1,10,152],[4,12,152],
[5,11,151],[2,15,151],[6,9,154],[5,9,154],[3,7,155],[1,7,155],[4,8,156],[2,8,156],[6,153,154],[3,153,155],
[1,152,155],[4,152,156],[2,151,156],[5,151,154]];
###############################################################

#SurfaceInfo: 91 Vertices, 546 Edges, 364 Faces, IsOrientable=false
 #Vertices of faces:
vof5:=[[89,90,91],[88,89,90],[87,89,91],[86,90,91],[83,84,85],[80,81,82],[77,78,79],[76,83,84],[75,80,81],[74,84,85],
[73,77,78],[72,81,82],[71,78,79],[70,76,83],[69,74,85],[68,75,80],[67,73,77],[66,72,82],[65,71,79],[69,70,74],
[66,68,72],[66,68,75],[69,70,76],[65,67,71],[65,67,73],[62,63,64],[59,60,61],[56,57,58],[53,54,55],[50,51,52],
[47,48,49],[46,53,54],[45,47,48],[44,48,49],[43,54,55],[42,50,51],[41,51,52],[40,42,50],[39,43,55],[38,46,53],
[37,44,49],[36,41,52],[35,45,47],[32,33,34],[30,31,33],[28,29,33],[33,41,45],[33,42,43],[33,44,46],[28,33,45],
[29,33,44],[32,33,41],[30,33,43],[33,34,42],[31,33,46],[36,40,41],[38,39,43],[38,39,46],[35,37,44],[35,37,45],
[36,40,42],[32,40,41],[31,39,46],[30,38,43],[29,35,44],[28,37,45],[34,36,42],[27,56,57],[26,57,58],[25,56,58],
[40,59,60],[38,60,61],[39,62,63],[36,63,64],[35,59,61],[37,62,64],[56,70,74],[57,66,75],[58,67,71],[58,68,72],
[57,69,76],[56,65,73],[47,49,56],[50,52,57],[53,55,58],[24,40,50],[23,38,53],[22,39,55],[21,37,49],[20,35,47],
[19,36,52],[21,37,64],[19,36,63],[24,40,59],[23,38,60],[20,35,61],[22,39,62],[27,56,74],[26,58,72],[27,57,76],
[25,58,71],[25,56,73],[26,57,75],[19,37,52],[24,38,50],[23,35,53],[22,36,55],[20,40,47],[21,39,49],[18,47,56],
[17,50,57],[16,53,58],[15,49,56],[14,52,57],[13,55,58],[38,50,61],[36,55,64],[35,53,59],[37,52,62],[39,49,63],
[40,47,60],[18,56,70],[17,57,66],[13,58,68],[16,58,67],[15,56,65],[14,57,69],[32,37,40],[28,37,40],[34,36,38],
[31,35,39],[29,35,39],[30,36,38],[47,69,85],[50,68,80],[53,65,79],[49,67,77],[52,70,83],[55,66,82],[44,48,70],
[41,51,66],[42,51,69],[43,54,67],[46,54,68],[45,48,65],[14,42,69],[18,44,70],[17,41,66],[13,46,68],[15,45,65],
[16,43,67],[18,47,85],[17,50,80],[16,53,79],[15,49,77],[13,55,82],[14,52,83],[20,28,40],[19,32,37],[21,29,39],
[24,34,38],[22,30,36],[23,31,35],[48,64,70],[48,61,65],[51,63,66],[51,59,69],[54,60,68],[54,62,67],[12,52,70],
[11,47,69],[10,55,66],[9,50,68],[8,49,67],[7,53,65],[11,47,60],[10,55,64],[9,50,61],[7,53,59],[12,52,62],
[8,49,63],[27,71,76],[27,72,74],[26,72,74],[25,71,76],[26,73,75],[25,73,75],[21,64,70],[19,63,66],[24,59,69],
[23,60,68],[22,62,67],[20,61,65],[21,23,78],[19,20,84],[22,24,81],[62,76,84],[61,75,81],[60,74,84],[63,73,78],
[59,71,78],[64,72,81],[12,62,84],[11,60,84],[7,59,78],[8,63,78],[10,64,81],[9,61,81],[20,28,84],[24,34,81],
[22,30,81],[19,32,84],[23,31,78],[21,29,78],[9,23,68],[12,21,70],[7,20,65],[8,22,67],[11,24,69],[10,19,66],
[6,62,76],[5,64,72],[4,61,75],[3,59,71],[2,63,73],[1,60,74],[25,45,75],[26,41,73],[26,46,74],[27,44,72],
[25,43,76],[27,42,71],[6,54,62],[5,48,64],[4,48,61],[2,51,63],[1,54,60],[3,51,59],[17,80,83],[14,80,83],
[13,79,82],[18,77,85],[16,79,82],[15,77,85],[16,43,76],[15,45,75],[14,42,71],[18,44,72],[17,41,73],[13,46,74],
[48,80,82],[54,83,85],[51,77,79],[41,45,86],[44,46,87],[42,43,88],[25,43,88],[25,45,86],[26,41,86],[26,46,87],
[27,42,88],[27,44,87],[1,54,83],[5,48,80],[4,48,82],[3,51,77],[2,51,79],[6,54,85],[6,16,76],[4,15,75],
[1,13,74],[3,14,71],[2,17,73],[5,18,72],[11,28,84],[12,32,84],[7,31,78],[8,29,78],[10,30,81],[9,34,81],
[17,23,83],[14,21,80],[16,20,82],[13,19,79],[15,22,85],[18,24,77],[9,23,83],[12,21,80],[7,20,82],[10,19,79],
[11,24,77],[8,22,85],[21,23,90],[22,24,91],[19,20,89],[25,32,34],[26,28,29],[27,30,31],[25,32,88],[26,28,87],
[25,34,86],[26,29,86],[27,30,87],[27,31,88],[17,23,90],[14,21,90],[13,19,89],[16,20,89],[18,24,91],[15,22,91],
[4,7,82],[5,12,80],[3,11,77],[2,10,79],[6,8,85],[1,9,83],[12,16,32],[9,15,34],[11,13,28],[7,14,31],
[8,17,29],[10,18,30],[6,16,32],[4,15,34],[1,13,28],[3,14,31],[5,18,30],[2,17,29],[6,32,88],[3,31,88],
[5,30,87],[2,29,86],[4,34,86],[1,28,87],[12,16,89],[7,14,90],[10,18,91],[11,13,89],[8,17,90],[9,15,91],
[4,7,12],[5,7,12],[3,10,11],[2,10,11],[1,8,9],[6,8,9],[4,12,89],[5,7,90],[3,10,91],[2,11,89],
[6,9,91],[1,8,90],[4,6,88],[4,6,86],[3,5,88],[3,5,87],[1,2,87],[1,2,86],[4,88,89],[5,88,90],
[3,87,91],[2,87,89],[1,86,90],[6,86,91]];
###############################################################

#SurfaceInfo: 78 Vertices, 546 Edges, 364 Faces, IsOrientable=false
 #Vertices of faces:
vof6:=[[76,77,78],[75,76,77],[74,76,78],[73,77,78],[70,71,72],[67,68,69],[64,65,66],[61,62,63],[70,71,75],[67,68,73],
[64,65,74],[71,72,74],[65,66,73],[68,69,75],[69,70,75],[66,67,73],[64,72,74],[60,69,70],[59,66,67],[58,64,72],
[55,56,57],[52,53,54],[55,56,67],[52,53,69],[55,57,70],[53,54,72],[52,54,66],[56,57,64],[51,60,69],[50,60,70],
[49,59,66],[48,59,67],[47,58,72],[46,58,64],[45,52,59],[44,56,59],[43,53,60],[42,57,58],[41,54,58],[40,55,60],
[56,59,64],[53,60,72],[57,58,70],[54,58,66],[55,60,67],[52,59,69],[41,46,58],[40,51,60],[43,50,60],[42,47,58],
[44,49,59],[45,48,59],[41,43,53],[40,42,57],[40,44,55],[43,45,52],[42,44,56],[41,45,54],[61,62,68],[61,63,71],
[62,63,65],[39,67,69],[38,64,66],[37,70,72],[35,36,59],[33,34,58],[31,32,60],[30,34,41],[29,32,40],[28,31,43],
[27,33,42],[26,35,44],[25,36,45],[24,61,71],[23,61,68],[22,63,71],[21,63,65],[20,62,68],[19,62,65],[18,38,64],
[17,37,70],[16,37,72],[15,39,69],[14,38,66],[13,39,67],[41,43,61],[41,45,63],[40,42,63],[40,44,61],[43,45,62],
[42,44,62],[42,46,56],[43,51,52],[40,50,57],[41,47,53],[44,48,55],[45,49,54],[12,59,64],[11,60,72],[10,58,70],
[9,58,66],[8,59,69],[7,60,67],[36,41,46],[35,40,51],[34,43,50],[32,42,47],[31,45,48],[33,44,49],[6,17,29],
[5,15,28],[4,13,26],[3,14,25],[2,18,27],[1,16,30],[13,26,56],[14,25,52],[18,27,57],[15,28,53],[17,29,55],
[16,30,54],[12,21,65],[7,20,68],[10,24,71],[8,23,68],[9,19,65],[11,22,71],[6,17,37],[3,14,38],[5,15,39],
[4,13,39],[2,18,38],[1,16,37],[3,25,36],[4,26,35],[1,30,34],[6,29,32],[2,27,33],[5,28,31],[23,41,61],
[22,45,63],[21,40,63],[19,43,62],[20,42,62],[24,44,61],[36,46,56],[35,51,52],[34,50,57],[32,47,53],[33,49,54],
[31,48,55],[43,51,61],[42,46,63],[40,50,61],[44,48,62],[45,49,62],[41,47,63],[12,18,64],[11,16,72],[10,17,70],
[9,14,66],[7,13,67],[8,15,69],[30,36,41],[29,35,40],[28,34,43],[27,32,42],[26,33,44],[25,31,45],[12,35,59],
[10,33,58],[11,31,60],[9,34,58],[7,32,60],[8,36,59],[26,30,61],[25,29,63],[27,28,62],[37,53,69],[38,56,67],
[39,55,70],[39,52,66],[37,57,64],[38,54,72],[12,51,69],[11,48,67],[9,50,70],[10,49,66],[8,46,64],[7,47,72],
[15,34,41],[13,33,42],[16,36,45],[18,32,40],[14,31,43],[17,35,44],[33,34,77],[35,36,76],[31,32,78],[15,34,77],
[13,33,77],[17,35,76],[16,36,76],[14,31,78],[18,32,78],[11,38,67],[12,37,69],[9,39,70],[10,39,66],[7,38,72],
[8,37,64],[15,23,41],[16,22,45],[18,21,40],[14,19,43],[17,24,44],[13,20,42],[12,18,51],[10,17,49],[7,13,47],
[9,14,50],[8,15,46],[11,16,48],[30,50,61],[29,47,63],[28,48,62],[26,51,61],[27,49,62],[25,46,63],[6,37,53],
[3,38,56],[5,39,55],[2,38,54],[4,39,52],[1,37,57],[3,30,36],[4,29,35],[1,28,34],[6,27,32],[5,25,31],
[2,26,33],[8,23,36],[12,21,35],[10,24,33],[11,22,31],[7,20,32],[9,19,34],[26,36,56],[25,35,52],[30,33,54],
[27,34,57],[29,31,55],[28,32,53],[23,71,75],[19,68,73],[22,65,74],[21,71,74],[24,68,75],[20,65,73],[26,30,38],
[27,28,37],[25,29,39],[7,51,68],[12,49,65],[10,47,71],[8,48,68],[11,50,71],[9,46,65],[4,15,53],[5,13,56],
[1,17,55],[6,16,54],[2,14,52],[3,18,57],[23,47,71],[21,50,71],[19,51,68],[22,49,65],[20,46,65],[24,48,68],
[15,23,75],[17,24,75],[13,20,73],[16,22,74],[18,21,74],[14,19,73],[4,6,53],[3,5,56],[1,5,55],[2,6,54],
[1,3,57],[2,4,52],[9,15,46],[7,18,51],[12,17,49],[10,13,47],[8,16,48],[11,14,50],[7,26,38],[8,28,37],
[11,30,38],[12,27,37],[9,25,39],[10,29,39],[4,15,77],[5,13,77],[1,17,76],[6,16,76],[3,18,78],[2,14,78],
[23,26,36],[21,25,35],[24,30,33],[20,28,32],[19,27,34],[22,29,31],[3,30,50],[4,29,47],[2,26,51],[6,27,49],
[5,25,46],[1,28,48],[9,21,25],[7,23,26],[12,19,27],[10,22,29],[11,24,30],[8,20,28],[9,15,75],[7,18,74],
[12,17,75],[10,13,73],[11,14,73],[8,16,74],[1,3,76],[4,6,76],[2,4,77],[2,6,78],[1,5,77],[3,5,78],
[3,21,50],[4,23,47],[2,19,51],[6,22,49],[1,24,48],[5,20,46],[3,21,76],[4,23,76],[2,19,77],[6,22,78],
[5,20,78],[1,24,77],[9,21,75],[7,23,74],[12,19,75],[10,22,73],[8,20,74],[11,24,73],[21,75,76],[23,74,76],
[19,75,77],[22,73,78],[24,73,77],[20,74,78]];
###############################################################

#SurfaceInfo: 91 Vertices, 546 Edges, 364 Faces, IsOrientable=false
 #Vertices of faces:
vof7:=[[89,90,91],[88,89,90],[87,90,91],[86,89,91],[83,84,85],[81,82,84],[79,80,84],[76,77,78],[75,83,84],[74,81,84],
[73,79,84],[72,84,85],[71,80,84],[70,82,84],[70,75,84],[71,74,84],[72,73,84],[69,70,75],[68,71,74],[67,72,73],
[64,65,66],[61,62,63],[60,64,65],[59,61,62],[58,65,66],[57,61,63],[56,62,63],[55,64,66],[54,69,75],[53,69,70],
[52,68,74],[51,68,71],[50,67,73],[49,67,72],[48,51,59],[47,52,55],[46,53,57],[45,50,58],[44,49,56],[43,54,60],
[47,55,66],[46,57,63],[45,58,65],[44,56,62],[43,60,64],[48,59,61],[49,56,72],[54,60,75],[53,57,70],[50,58,73],
[52,55,74],[51,59,71],[42,46,53],[41,45,50],[40,43,54],[39,48,51],[38,47,52],[37,44,49],[36,76,77],[35,77,78],
[34,76,78],[67,81,82],[69,79,80],[68,83,85],[32,33,76],[30,31,78],[28,29,77],[27,38,83],[26,39,85],[25,41,81],
[24,42,80],[23,37,82],[22,40,79],[35,43,78],[36,46,76],[35,44,77],[34,45,76],[36,47,77],[34,48,78],[32,69,80],
[30,68,85],[28,68,83],[33,67,81],[31,69,79],[29,67,82],[21,42,46],[20,37,44],[19,41,45],[18,40,43],[17,39,48],
[16,38,47],[19,38,52],[21,39,51],[18,41,50],[20,42,53],[16,40,54],[17,37,49],[32,47,66],[28,46,63],[30,45,65],
[31,44,62],[33,48,61],[29,43,64],[38,56,72],[39,60,75],[41,57,70],[42,58,73],[40,59,71],[37,55,74],[24,59,85],
[22,58,81],[26,56,82],[27,60,79],[23,57,80],[25,55,83],[15,26,56],[14,27,60],[13,23,57],[12,22,58],[11,24,59],
[10,25,55],[14,45,76],[12,47,77],[10,43,78],[15,46,76],[13,48,78],[11,44,77],[30,59,85],[31,60,79],[33,58,81],
[29,56,82],[32,57,80],[28,55,83],[27,40,79],[26,37,82],[25,38,83],[24,39,85],[23,42,80],[22,41,81],[21,36,46],
[20,35,44],[19,34,45],[17,34,48],[16,36,47],[18,35,43],[19,38,56],[21,39,60],[18,41,57],[20,42,58],[17,37,55],
[16,40,59],[21,42,51],[19,41,52],[18,40,50],[16,38,54],[17,39,49],[20,37,53],[32,47,69],[28,46,68],[30,45,68],
[31,44,69],[29,43,67],[33,48,67],[27,38,72],[26,39,75],[25,41,70],[24,42,73],[23,37,74],[22,40,71],[32,66,76],
[30,65,78],[28,63,77],[31,62,78],[29,64,77],[33,61,76],[50,51,88],[52,53,87],[49,54,86],[9,59,62],[8,60,65],
[7,58,66],[6,56,63],[5,55,64],[4,57,61],[9,54,69],[8,51,68],[7,53,69],[6,52,68],[5,49,67],[4,50,67],
[27,36,83],[24,36,80],[22,35,79],[26,34,85],[25,34,81],[23,35,82],[30,31,36],[32,33,35],[28,29,34],[27,30,36],
[24,31,36],[23,33,35],[22,32,35],[25,29,34],[26,28,34],[8,51,65],[9,54,62],[7,53,66],[6,52,63],[4,50,61],
[5,49,64],[21,36,83],[20,35,79],[19,34,85],[17,34,81],[18,35,82],[16,36,80],[9,47,69],[6,45,68],[4,43,67],
[7,44,69],[5,48,67],[8,46,68],[40,50,88],[37,53,87],[38,54,86],[42,51,88],[39,49,86],[41,52,87],[9,30,59],
[8,31,60],[7,33,58],[4,32,57],[6,29,56],[5,28,55],[27,40,72],[26,37,75],[25,38,70],[24,39,73],[22,41,71],
[23,42,74],[15,61,76],[14,66,76],[10,65,78],[11,63,77],[12,64,77],[13,62,78],[15,19,56],[14,21,60],[10,17,55],
[13,18,57],[11,16,59],[12,20,58],[3,75,83],[2,74,81],[1,73,79],[2,72,85],[1,70,82],[3,71,80],[50,51,91],
[49,54,90],[52,53,89],[2,12,47],[1,14,45],[3,10,43],[1,15,46],[2,11,44],[3,13,48],[12,22,30],[15,26,31],
[11,24,33],[10,25,32],[14,27,29],[13,23,28],[3,10,75],[2,11,72],[2,12,74],[1,14,73],[3,13,71],[1,15,70],
[3,21,83],[1,18,82],[3,16,80],[1,20,79],[2,19,85],[2,17,81],[9,22,30],[8,26,31],[7,24,33],[4,25,32],
[5,23,28],[6,27,29],[3,5,48],[2,9,47],[1,6,45],[3,4,43],[1,8,46],[2,7,44],[50,61,91],[49,64,90],
[51,65,91],[54,62,90],[53,66,89],[52,63,89],[12,27,30],[15,24,31],[11,23,33],[10,22,32],[13,26,28],[14,25,29],
[15,19,61],[14,21,66],[10,17,65],[12,20,64],[13,18,62],[11,16,63],[40,72,88],[37,75,87],[42,74,88],[39,73,86],
[41,71,87],[38,70,86],[21,66,89],[19,61,91],[18,62,90],[16,63,89],[17,65,91],[20,64,90],[3,5,21],[2,9,19],
[1,6,18],[3,4,16],[2,7,17],[1,8,20],[5,11,23],[9,10,22],[6,12,27],[4,14,25],[7,15,24],[8,13,26],
[11,72,88],[10,75,87],[12,74,88],[14,73,86],[15,70,86],[13,71,87],[5,11,88],[9,10,87],[6,12,88],[4,14,86],
[8,13,87],[7,15,86],[5,21,89],[9,19,91],[6,18,90],[4,16,89],[8,20,90],[7,17,91],[5,88,89],[9,87,91],
[6,88,90],[4,86,89],[7,86,91],[8,87,90]];
###############################################################

#SurfaceInfo: 84 Vertices, 546 Edges, 364 Faces, IsOrientable=true
 #Vertices of faces:
vof8:=[[82,83,84],[81,82,83],[80,83,84],[79,82,84],[76,77,78],[73,74,75],[70,71,72],[67,68,69],[64,65,66],[61,62,63],
[59,60,78],[57,58,77],[56,57,77],[55,59,78],[53,54,76],[52,53,76],[49,50,51],[46,47,48],[44,45,50],[42,43,47],
[39,40,41],[37,38,40],[36,49,50],[35,46,47],[34,44,50],[34,42,47],[35,37,40],[36,39,40],[34,42,44],[35,37,46],
[36,39,49],[49,51,54],[44,45,56],[46,48,60],[42,43,58],[39,41,52],[37,38,55],[32,33,72],[30,31,66],[29,32,69],
[28,30,71],[26,27,65],[25,26,68],[30,36,71],[32,35,69],[32,34,72],[26,36,68],[30,35,66],[26,34,65],[23,24,27],
[23,24,31],[21,22,33],[19,20,29],[19,20,25],[21,22,28],[18,36,74],[17,36,74],[16,35,73],[15,35,73],[14,34,75],
[13,34,75],[52,53,67],[56,57,70],[57,58,64],[59,60,64],[55,59,67],[53,54,70],[18,55,78],[16,58,77],[14,60,78],
[17,56,77],[15,52,76],[13,54,76],[12,50,51],[11,47,48],[10,38,40],[9,40,41],[8,43,47],[7,45,50],[6,34,47],
[5,35,47],[4,34,50],[3,36,50],[2,36,40],[1,35,40],[40,61,62],[47,62,63],[50,61,63],[19,70,71],[23,70,72],
[21,67,68],[23,67,69],[21,64,65],[19,64,66],[2,14,78],[5,17,77],[4,15,76],[6,18,78],[1,13,76],[3,16,77],
[12,50,63],[11,47,63],[10,40,61],[9,40,62],[7,50,61],[8,47,62],[13,28,71],[14,31,66],[17,33,72],[15,25,68],
[16,27,65],[18,29,69],[18,55,74],[16,58,73],[14,60,75],[17,56,74],[13,54,75],[15,52,73],[21,28,67],[23,27,70],
[23,31,67],[19,29,64],[19,25,70],[21,33,64],[4,34,72],[3,36,71],[1,35,69],[6,34,65],[2,36,68],[5,35,66],
[20,29,32],[24,30,31],[22,28,30],[24,26,27],[20,25,26],[22,32,33],[15,30,35],[18,30,36],[17,26,36],[13,26,34],
[14,32,34],[16,32,35],[46,53,67],[39,57,70],[37,57,64],[44,59,64],[42,53,70],[49,59,67],[58,61,64],[56,62,70],
[54,62,70],[60,61,64],[52,63,67],[55,63,67],[12,19,66],[11,19,71],[10,23,72],[8,21,68],[7,23,69],[9,21,65],
[3,50,79],[6,47,80],[5,47,80],[4,50,79],[1,40,81],[2,40,81],[12,19,51],[11,19,48],[7,23,45],[10,23,38],
[9,21,41],[8,21,43],[3,46,60],[4,37,55],[2,42,58],[6,39,52],[5,49,54],[1,44,56],[3,46,53],[6,39,57],
[5,49,59],[4,37,57],[1,44,59],[2,42,53],[30,42,44],[32,39,49],[26,37,46],[19,73,74],[23,73,75],[21,74,75],
[13,28,61],[14,31,62],[17,33,63],[16,27,63],[18,29,62],[15,25,61],[19,51,73],[19,48,74],[23,45,73],[21,43,74],
[21,41,75],[23,38,75],[15,60,61],[17,52,63],[13,58,61],[14,56,62],[16,55,63],[18,54,62],[24,26,37],[20,26,46],
[22,32,39],[22,30,42],[24,30,44],[20,32,49],[10,28,61],[9,31,62],[11,33,63],[12,27,63],[8,29,62],[7,25,61],
[3,53,79],[6,57,80],[5,59,80],[4,57,79],[2,53,81],[1,59,81],[11,13,71],[10,17,72],[8,15,68],[7,18,69],
[9,16,65],[12,14,66],[33,37,64],[28,46,67],[27,39,70],[25,42,70],[31,49,67],[29,44,64],[6,52,73],[4,55,74],
[2,58,73],[3,60,75],[1,56,74],[5,54,75],[1,13,69],[2,14,68],[4,15,72],[3,16,71],[5,17,66],[6,18,65],
[15,30,84],[18,30,84],[17,26,83],[13,26,83],[16,32,82],[14,32,82],[37,51,54],[45,46,56],[39,48,60],[43,49,58],
[38,42,55],[41,44,52],[53,65,66],[59,71,72],[57,68,69],[22,76,77],[24,77,78],[20,76,78],[2,11,78],[6,10,78],
[1,12,76],[5,7,77],[3,8,77],[4,9,76],[8,24,77],[9,20,76],[7,22,77],[11,24,78],[10,20,78],[12,22,76],
[53,66,79],[57,68,80],[59,71,80],[57,69,79],[59,72,81],[53,65,81],[33,37,54],[28,46,56],[27,39,60],[29,44,52],
[31,49,58],[25,42,55],[6,10,28],[4,9,31],[2,11,33],[1,12,27],[5,7,25],[3,8,29],[24,37,51],[20,45,46],
[22,39,48],[20,43,49],[24,41,44],[22,38,42],[10,17,66],[11,13,69],[12,14,68],[8,15,72],[7,18,65],[9,16,71],
[18,54,84],[15,60,84],[17,52,83],[13,58,83],[14,56,82],[16,55,82],[6,51,73],[4,48,74],[2,45,73],[3,38,75],
[5,41,75],[1,43,74],[8,72,81],[9,71,80],[10,66,79],[7,65,81],[11,69,79],[12,68,80],[6,28,51],[2,33,45],
[1,27,43],[4,31,48],[5,25,41],[3,29,38],[28,56,82],[33,54,84],[27,60,84],[31,58,83],[25,55,82],[29,52,83],
[8,24,51],[9,20,45],[10,20,43],[7,22,48],[11,24,41],[12,22,38],[8,51,81],[9,45,80],[10,43,79],[7,48,81],
[12,38,80],[11,41,79],[28,51,82],[33,45,84],[27,43,84],[31,48,83],[29,38,83],[25,41,82],[51,81,82],[45,80,84],
[43,79,84],[48,81,83],[41,79,82],[38,80,83]];
###############################################################

#SurfaceInfo: 156 Vertices, 546 Edges, 364 Faces, IsOrientable=true
 #Vertices of faces:
vof9:=[[154,155,156],[153,154,155],[152,154,156],[151,155,156],[148,149,150],[145,146,147],[142,143,144],[139,140,141],[136,137,138],[133,134,135],
[131,132,134],[130,131,133],[131,133,134],[128,129,134],[126,127,131],[125,126,131],[123,124,133],[122,123,133],[121,128,134],[129,134,135],
[127,130,131],[125,131,132],[124,130,133],[122,133,135],[121,132,134],[119,120,126],[117,118,128],[115,116,123],[114,126,127],[113,128,129],
[112,125,126],[111,123,124],[110,122,123],[109,121,128],[109,117,128],[114,119,126],[113,118,128],[112,120,126],[111,115,123],[110,116,123],
[108,129,135],[107,125,132],[106,124,130],[105,127,130],[104,122,135],[103,121,132],[102,108,135],[101,105,130],[101,106,130],[100,107,132],
[100,103,132],[102,104,135],[99,117,118],[98,119,120],[97,115,116],[101,136,137],[100,137,138],[102,136,138],[95,96,129],[93,94,125],
[91,92,124],[89,90,127],[87,88,122],[85,86,121],[93,112,125],[91,111,124],[89,114,127],[95,113,129],[85,109,121],[87,110,122],
[96,108,129],[94,107,125],[92,106,124],[90,105,127],[86,103,121],[88,104,122],[84,110,116],[83,109,117],[82,114,119],[81,113,118],
[80,111,115],[79,112,120],[78,93,94],[77,91,92],[76,89,90],[75,85,86],[74,87,88],[73,95,96],[72,100,138],[71,102,138],
[70,101,136],[69,102,136],[68,100,137],[67,101,137],[91,99,117],[89,99,118],[87,98,120],[93,97,116],[85,97,115],[95,98,119],
[67,101,106],[70,101,105],[72,100,107],[71,102,104],[69,102,108],[68,100,103],[78,93,116],[77,91,117],[76,89,118],[75,85,115],
[73,95,119],[74,87,120],[65,66,108],[63,64,107],[61,62,106],[59,60,105],[57,58,103],[55,56,104],[63,72,107],[65,69,108],
[61,67,106],[59,70,105],[57,68,103],[55,71,104],[66,96,108],[64,94,107],[62,92,106],[60,90,105],[56,88,104],[58,86,103],
[74,79,120],[78,84,116],[75,80,115],[77,83,117],[73,82,119],[76,81,118],[54,61,62],[53,63,64],[52,57,58],[51,59,60],
[50,55,56],[49,65,66],[61,78,94],[65,77,92],[63,73,96],[57,76,90],[55,75,86],[59,74,88],[48,93,97],[47,85,97],
[46,95,98],[45,91,99],[44,87,98],[43,89,99],[72,138,146],[71,138,146],[69,136,143],[70,136,143],[67,137,140],[68,137,140],
[44,87,110],[47,85,109],[43,89,114],[46,95,113],[48,93,112],[45,91,111],[53,63,96],[54,61,94],[52,57,90],[51,59,88],
[49,65,92],[50,55,86],[42,145,146],[41,146,147],[40,139,140],[39,142,143],[38,140,141],[37,143,144],[36,84,110],[35,83,109],
[34,82,114],[33,81,113],[32,79,112],[31,80,111],[36,44,110],[35,47,109],[34,43,114],[33,46,113],[31,45,111],[32,48,112],
[42,72,146],[41,71,146],[39,69,143],[40,67,140],[37,70,143],[38,68,140],[53,66,96],[49,62,92],[54,64,94],[52,60,90],
[51,56,88],[50,58,86],[30,32,79],[29,36,84],[28,34,82],[27,35,83],[26,31,80],[25,33,81],[42,79,145],[41,84,147],
[40,80,139],[39,81,142],[37,82,144],[38,83,141],[24,59,74],[23,61,78],[22,65,77],[21,55,75],[20,57,76],[19,63,73],
[43,99,149],[48,97,148],[47,97,148],[46,98,150],[44,98,150],[45,99,149],[36,49,66],[34,54,62],[35,53,64],[33,50,56],
[32,52,58],[31,51,60],[74,79,145],[78,84,147],[77,83,141],[75,80,139],[76,81,142],[73,82,144],[21,55,71],[22,65,69],
[23,61,67],[19,63,72],[24,59,70],[20,57,68],[29,36,66],[28,34,62],[27,35,64],[26,31,60],[25,33,56],[30,32,58],
[18,148,149],[17,148,150],[16,149,150],[18,43,149],[18,48,148],[17,47,148],[16,45,149],[16,44,150],[17,46,150],[24,74,145],
[23,78,147],[22,77,141],[21,75,139],[19,73,144],[20,76,142],[30,42,79],[29,41,84],[25,39,81],[26,40,80],[28,37,82],
[27,38,83],[29,53,66],[28,49,62],[27,54,64],[26,52,60],[30,50,58],[25,51,56],[19,42,72],[21,41,71],[22,39,69],
[23,40,67],[20,38,68],[24,37,70],[15,35,53],[14,36,49],[13,34,54],[12,33,50],[11,31,51],[10,32,52],[14,36,44],
[13,34,43],[15,35,47],[12,33,46],[10,32,48],[11,31,45],[9,145,147],[8,139,141],[7,142,144],[7,19,144],[9,24,145],
[9,23,147],[8,22,141],[7,20,142],[8,21,139],[15,29,53],[14,28,49],[13,27,54],[11,25,51],[10,26,52],[12,30,50],
[11,16,45],[14,16,44],[10,18,48],[12,17,46],[15,17,47],[13,18,43],[6,19,42],[5,21,41],[4,22,39],[3,23,40],
[2,24,37],[1,20,38],[5,29,41],[6,30,42],[4,25,39],[3,26,40],[1,27,38],[2,28,37],[5,15,29],[4,11,25],
[2,14,28],[3,10,26],[1,13,27],[6,12,30],[5,8,21],[4,8,22],[2,9,24],[3,9,23],[1,7,20],[6,7,19],
[15,17,153],[11,16,152],[14,16,152],[10,18,151],[13,18,151],[12,17,153],[5,15,153],[4,11,152],[2,14,152],[3,10,151],
[6,12,153],[1,13,151],[5,8,154],[4,8,154],[2,9,156],[3,9,156],[6,7,155],[1,7,155],[5,153,154],[4,152,154],
[2,152,156],[3,151,156],[1,151,155],[6,153,155]];
###############################################################

#SurfaceInfo: 78 Vertices, 546 Edges, 364 Faces, IsOrientable=false
 #Vertices of faces:
vof10:=[[76,77,78],[75,76,77],[74,76,78],[73,77,78],[70,71,72],[68,69,71],[67,68,70],[68,70,71],[64,65,66],[61,62,63],
[58,59,60],[55,56,57],[52,53,54],[49,50,51],[48,64,65],[47,61,62],[46,58,59],[45,55,56],[44,49,50],[43,52,53],
[42,48,64],[41,48,65],[40,43,52],[39,44,49],[38,44,50],[37,43,53],[36,47,61],[35,47,62],[34,45,55],[33,46,58],
[32,46,59],[31,45,56],[30,71,72],[29,70,72],[28,67,70],[27,68,69],[26,67,68],[25,69,71],[22,23,24],[19,20,21],
[19,20,46],[22,23,43],[20,21,47],[22,24,48],[19,21,45],[23,24,44],[22,29,43],[18,19,46],[23,26,44],[17,21,45],
[24,25,48],[16,20,47],[15,24,44],[19,27,45],[20,30,46],[14,23,43],[21,28,47],[13,22,48],[30,37,72],[30,42,71],
[29,35,70],[29,32,72],[27,38,68],[28,39,67],[27,41,69],[28,40,70],[25,33,71],[26,36,67],[26,31,68],[25,34,69],
[12,41,48],[28,42,64],[29,31,56],[11,32,46],[26,33,58],[10,34,45],[25,35,62],[12,36,47],[10,37,43],[30,38,50],
[11,39,44],[27,40,52],[33,65,71],[17,26,36],[18,25,34],[31,49,68],[16,29,32],[35,53,70],[40,61,70],[15,27,41],
[14,28,39],[38,55,68],[42,59,71],[13,30,37],[12,41,69],[28,40,64],[11,39,67],[27,38,52],[30,42,50],[10,37,72],
[12,36,67],[25,33,62],[10,34,69],[26,31,58],[29,35,56],[11,32,72],[11,18,46],[22,29,31],[21,28,42],[12,13,48],
[20,30,38],[10,14,43],[19,27,40],[11,15,44],[12,16,47],[24,25,35],[10,17,45],[23,26,33],[10,49,61],[31,42,73],
[12,53,59],[33,40,75],[35,38,74],[11,55,65],[33,62,75],[12,59,67],[11,65,67],[38,52,74],[11,55,72],[35,56,74],
[10,49,72],[42,50,73],[40,64,75],[12,53,69],[31,58,73],[10,61,69],[11,15,27],[19,40,61],[11,18,25],[22,31,49],
[24,35,53],[12,16,29],[12,13,30],[21,42,59],[20,38,55],[10,14,28],[23,33,65],[10,17,26],[57,66,70],[7,8,9],
[54,60,68],[4,5,6],[1,2,3],[51,63,71],[52,65,66],[58,61,63],[56,59,60],[55,57,62],[49,51,64],[50,53,54],
[45,64,66],[43,58,60],[48,56,57],[44,62,63],[47,50,51],[46,52,54],[11,31,42],[49,61,77],[53,59,78],[12,33,40],
[55,65,76],[10,35,38],[2,42,48],[41,60,65],[5,40,43],[39,49,57],[37,53,63],[8,38,44],[9,35,47],[36,54,61],
[34,51,55],[6,33,46],[3,31,45],[32,59,66],[2,17,36],[19,65,71],[21,49,68],[5,18,34],[20,53,70],[8,16,32],
[9,15,41],[23,61,70],[24,55,68],[6,14,39],[3,13,37],[22,59,71],[19,60,65],[2,36,42],[21,49,57],[5,34,40],
[8,32,38],[20,53,63],[23,54,61],[9,35,41],[6,33,39],[24,51,55],[22,59,66],[3,31,37],[19,51,71],[1,2,17],
[21,54,68],[4,5,18],[7,8,16],[20,66,70],[23,57,70],[7,9,15],[4,6,14],[24,60,68],[22,63,71],[1,3,13],
[32,45,66],[3,45,64],[2,48,56],[41,43,60],[39,48,57],[5,43,58],[8,44,62],[37,44,63],[9,47,50],[36,46,54],
[6,46,52],[34,47,51],[58,61,69],[58,63,73],[56,59,67],[57,62,75],[52,65,67],[52,66,74],[56,60,74],[55,62,72],
[50,54,73],[49,64,72],[50,53,69],[51,64,75],[19,61,77],[11,27,42],[22,49,77],[11,25,31],[12,29,33],[24,53,78],
[21,59,78],[12,30,40],[10,28,38],[20,55,76],[10,26,35],[23,65,76],[8,9,67],[1,57,66],[5,6,72],[4,54,60],
[2,3,69],[7,51,63],[2,18,19],[1,29,43],[8,17,21],[4,26,44],[7,25,48],[5,16,20],[4,27,45],[3,15,24],
[9,14,23],[7,30,46],[6,13,22],[1,28,47],[1,17,29],[2,19,51],[4,18,26],[8,21,54],[5,20,66],[7,16,25],
[7,15,30],[9,23,57],[4,14,27],[3,24,60],[1,13,28],[6,22,63],[1,57,75],[8,56,67],[1,66,74],[9,52,67],
[4,60,74],[5,62,72],[6,64,72],[4,54,73],[7,51,75],[3,50,69],[2,58,69],[7,63,73],[1,41,43],[2,18,56],
[5,16,58],[7,39,48],[4,37,44],[8,17,62],[7,36,46],[9,14,50],[1,34,47],[6,13,52],[3,15,64],[4,32,45],
[27,36,42],[19,60,77],[30,34,40],[21,57,78],[20,63,76],[28,32,38],[26,35,41],[23,54,76],[24,51,78],[29,33,39],
[25,31,37],[22,66,77],[17,29,39],[2,51,78],[5,66,77],[16,25,37],[8,54,76],[18,26,41],[3,60,77],[14,27,36],
[9,57,78],[15,30,34],[13,28,32],[6,63,76],[8,18,56],[1,41,75],[5,17,62],[4,37,74],[7,39,73],[2,16,58],
[4,32,73],[6,15,64],[3,14,50],[7,36,75],[9,13,52],[1,34,74],[2,16,78],[17,39,73],[6,15,76],[13,32,73],
[15,34,74],[9,13,78],[14,36,75],[3,14,77],[18,41,75],[8,18,76],[16,37,74],[5,17,77],[18,75,76],[17,73,77],
[16,74,78],[14,75,77],[13,73,78],[15,74,76]];
###############################################################

