#SurfaceInfo: 171 Vertices, 513 Edges, 342 Faces, IsOrientable=true
 #Vertices of faces:
vof1:=[[169,170,171],[168,169,170],[167,169,171],[166,170,171],[163,164,165],[160,161,162],[157,158,159],[154,155,156],[151,152,153],[148,149,150],
[146,147,152],[144,145,149],[142,143,155],[139,140,141],[136,137,138],[133,134,135],[132,137,147],[131,134,145],[130,140,143],[128,129,137],
[126,127,140],[124,125,134],[121,122,123],[118,119,120],[115,116,117],[114,119,156],[113,116,153],[112,122,150],[110,111,128],[108,109,124],
[106,107,126],[105,109,111],[104,107,109],[103,107,111],[101,102,116],[100,102,119],[100,101,122],[97,98,99],[94,95,96],[91,92,93],
[91,92,155],[97,98,152],[94,95,149],[107,109,111],[100,101,102],[142,154,155],[144,148,149],[146,151,152],[131,144,145],[132,146,147],
[130,142,143],[136,137,147],[139,140,143],[133,134,145],[128,137,138],[124,134,135],[126,140,141],[129,132,137],[125,131,134],[127,130,140],
[110,128,129],[108,124,125],[106,126,127],[113,151,153],[112,148,150],[114,154,156],[115,116,153],[118,119,156],[121,122,150],[105,111,128],
[103,107,126],[104,109,124],[104,106,107],[103,110,111],[105,108,109],[102,116,117],[101,122,123],[100,119,120],[102,114,119],[100,112,122],
[101,113,116],[91,155,156],[94,149,150],[97,152,153],[98,147,152],[92,143,155],[95,145,149],[89,90,106],[87,88,110],[85,86,108],
[83,84,148],[81,82,151],[79,80,154],[132,163,164],[131,157,158],[130,160,161],[79,142,154],[81,146,151],[83,144,148],[91,118,156],
[97,115,153],[94,121,150],[82,113,151],[80,114,154],[84,112,148],[98,136,147],[95,133,145],[92,139,143],[132,146,163],[130,142,160],
[131,144,157],[129,132,164],[127,130,161],[125,131,158],[87,110,129],[89,106,127],[85,108,125],[90,104,106],[86,105,108],[88,103,110],
[105,128,138],[104,124,135],[103,126,141],[102,114,117],[101,113,123],[100,112,120],[77,78,93],[75,76,99],[73,74,96],[72,97,99],
[71,91,93],[70,94,96],[69,92,93],[68,98,99],[67,95,96],[71,77,93],[70,73,96],[72,75,99],[69,78,93],[67,74,96],
[68,76,99],[69,92,139],[67,95,133],[68,98,136],[70,94,121],[71,91,118],[72,97,115],[88,103,141],[90,104,135],[86,105,138],
[87,129,164],[85,125,158],[89,127,161],[81,146,163],[83,144,157],[79,142,160],[80,114,117],[84,112,120],[82,113,123],[65,66,159],
[63,64,165],[61,62,162],[60,164,165],[59,158,159],[58,161,162],[57,163,165],[56,157,159],[55,160,162],[54,139,141],[53,133,135],
[52,136,138],[51,121,123],[50,115,117],[49,118,120],[60,63,165],[58,61,162],[59,65,159],[57,64,165],[55,62,162],[56,66,159],
[54,88,141],[52,86,138],[53,90,135],[49,84,120],[51,82,123],[50,80,117],[57,81,163],[55,79,160],[56,83,157],[60,87,164],
[59,85,158],[58,89,161],[50,72,115],[49,71,118],[51,70,121],[54,69,139],[52,68,136],[53,67,133],[48,71,77],[47,72,75],
[46,70,73],[45,69,78],[44,68,76],[43,67,74],[42,87,88],[41,85,86],[40,89,90],[39,81,82],[38,79,80],[37,83,84],
[42,54,88],[40,53,90],[41,52,86],[42,60,87],[40,58,89],[41,59,85],[39,57,81],[37,56,83],[38,55,79],[37,49,84],
[38,50,80],[39,51,82],[36,60,63],[35,58,61],[34,59,65],[33,57,64],[32,56,66],[31,55,62],[45,54,69],[43,53,67],
[44,52,68],[47,50,72],[46,51,70],[48,49,71],[42,45,54],[41,44,52],[40,43,53],[39,46,51],[37,48,49],[38,47,50],
[33,39,57],[31,38,55],[32,37,56],[36,42,60],[34,41,59],[35,40,58],[36,42,45],[35,40,43],[34,41,44],[33,39,46],
[31,38,47],[32,37,48],[30,77,78],[29,73,74],[28,75,76],[27,45,78],[26,43,74],[25,44,76],[24,46,73],[23,47,75],
[22,48,77],[22,30,77],[23,28,75],[24,29,73],[27,30,78],[25,28,76],[26,29,74],[27,36,45],[25,34,44],[26,35,43],
[24,33,46],[22,32,48],[23,31,47],[20,21,28],[18,19,30],[16,17,29],[15,61,62],[14,63,64],[13,65,66],[12,33,64],
[11,32,66],[10,31,62],[9,36,63],[8,34,65],[7,35,61],[7,15,61],[8,13,65],[9,14,63],[11,13,66],[10,15,62],
[12,14,64],[16,24,29],[20,23,28],[18,22,30],[12,24,33],[10,23,31],[11,22,32],[9,27,36],[7,26,35],[8,25,34],
[19,27,30],[17,26,29],[21,25,28],[5,6,14],[3,4,15],[1,2,13],[5,12,14],[1,11,13],[3,10,15],[4,7,15],
[6,9,14],[2,8,13],[9,19,27],[8,21,25],[7,17,26],[12,16,24],[11,18,22],[10,20,23],[5,12,16],[3,10,20],
[1,11,18],[6,9,19],[4,7,17],[2,8,21],[16,17,168],[18,19,167],[20,21,166],[5,16,168],[3,20,166],[1,18,167],
[6,19,167],[2,21,166],[4,17,168],[5,6,169],[1,2,171],[3,4,170],[5,168,169],[3,166,170],[1,167,171],[6,167,169],
[4,168,170],[2,166,171]];
###############################################################

#SurfaceInfo: 172 Vertices, 516 Edges, 344 Faces, IsOrientable=true
 #Vertices of faces:
vof2:=[[170,171,172],[169,170,171],[168,170,172],[167,171,172],[164,165,166],[162,163,165],[160,161,165],[157,158,159],[154,155,156],[151,152,153],
[148,149,150],[145,146,147],[142,143,144],[160,164,165],[161,162,165],[163,165,166],[139,140,141],[136,137,138],[133,134,135],[132,164,166],
[131,162,163],[130,160,161],[127,128,129],[126,127,128],[125,128,129],[124,127,129],[122,123,128],[120,121,127],[118,119,129],[122,125,128],
[118,124,129],[120,126,127],[123,126,128],[121,124,127],[119,125,129],[117,160,164],[116,163,166],[115,161,162],[114,132,164],[113,130,161],
[112,131,163],[111,132,166],[110,130,160],[109,131,162],[107,108,132],[105,106,130],[103,104,131],[101,102,122],[99,100,118],[97,98,120],
[123,133,134],[119,139,140],[121,136,137],[96,122,123],[95,118,119],[94,120,121],[96,101,122],[94,97,120],[95,99,118],[96,123,133],
[94,121,136],[95,119,139],[114,117,164],[113,115,161],[112,116,163],[110,117,160],[109,115,162],[111,116,166],[107,114,132],[103,112,131],
[105,113,130],[108,111,132],[104,109,131],[106,110,130],[98,120,126],[102,122,125],[100,118,124],[123,126,134],[119,125,140],[121,124,137],
[96,142,143],[94,148,149],[95,145,146],[114,157,158],[113,151,152],[112,154,155],[92,93,109],[90,91,111],[88,89,110],[85,86,87],
[82,83,84],[79,80,81],[86,142,144],[83,145,147],[80,148,150],[86,107,108],[83,103,104],[80,105,106],[85,86,107],[79,80,105],
[82,83,103],[86,108,144],[80,106,150],[83,104,147],[86,87,142],[83,84,145],[80,81,148],[114,117,157],[112,116,154],[113,115,151],
[88,110,117],[90,111,116],[92,109,115],[107,114,158],[105,113,152],[103,112,155],[91,108,111],[89,106,110],[93,104,109],[95,99,145],
[96,101,142],[94,97,148],[96,133,143],[95,139,146],[94,136,149],[98,126,134],[100,124,137],[102,125,140],[78,139,141],[77,133,135],
[76,136,138],[75,140,141],[74,134,135],[73,137,138],[71,72,141],[69,70,138],[67,68,135],[71,78,141],[69,76,138],[67,77,135],
[72,75,141],[70,73,138],[68,74,135],[75,102,140],[73,100,137],[74,98,134],[76,136,149],[78,139,146],[77,133,143],[88,117,157],
[92,115,151],[90,116,154],[87,101,142],[81,97,148],[84,99,145],[85,107,158],[82,103,155],[79,105,152],[91,108,144],[93,104,147],
[89,106,150],[66,149,150],[65,143,144],[64,146,147],[63,158,159],[62,155,156],[61,152,153],[60,157,159],[59,151,153],[58,154,156],
[56,57,153],[54,55,159],[52,53,156],[51,101,102],[50,97,98],[49,99,100],[54,63,159],[52,62,156],[56,61,153],[55,60,159],
[53,58,156],[57,59,153],[60,88,157],[58,90,154],[59,92,151],[63,85,158],[61,79,152],[62,82,155],[64,93,147],[66,89,150],
[65,91,144],[51,87,101],[49,84,99],[50,81,97],[65,77,143],[64,78,146],[66,76,149],[51,75,102],[50,74,98],[49,73,100],
[48,71,78],[47,67,77],[46,69,76],[45,72,75],[44,68,74],[43,70,73],[42,88,89],[41,90,91],[40,92,93],[39,85,87],
[38,79,81],[37,82,84],[39,63,85],[37,62,82],[38,61,79],[39,51,87],[37,49,84],[38,50,81],[40,64,93],[41,65,91],
[42,66,89],[42,60,88],[40,59,92],[41,58,90],[36,54,63],[35,52,62],[34,56,61],[33,55,60],[32,57,59],[31,53,58],
[45,51,75],[43,49,73],[44,50,74],[47,65,77],[46,66,76],[48,64,78],[36,39,63],[34,38,61],[35,37,62],[33,42,60],
[31,41,58],[32,40,59],[42,46,66],[40,48,64],[41,47,65],[39,45,51],[38,44,50],[37,43,49],[36,39,45],[35,37,43],
[34,38,44],[33,42,46],[31,41,47],[32,40,48],[30,71,72],[29,67,68],[28,69,70],[27,45,72],[26,43,70],[25,44,68],
[24,46,69],[23,47,67],[22,48,71],[22,30,71],[24,28,69],[23,29,67],[27,30,72],[25,29,68],[26,28,70],[27,36,45],
[25,34,44],[26,35,43],[24,33,46],[22,32,48],[23,31,47],[20,21,29],[18,19,30],[16,17,28],[15,52,53],[14,54,55],
[13,56,57],[12,33,55],[11,32,57],[10,31,53],[9,36,54],[8,34,56],[7,35,52],[7,15,52],[8,13,56],[9,14,54],
[11,13,57],[10,15,53],[12,14,55],[16,24,28],[20,23,29],[18,22,30],[12,24,33],[10,23,31],[11,22,32],[9,27,36],
[7,26,35],[8,25,34],[19,27,30],[17,26,28],[21,25,29],[5,6,14],[3,4,15],[1,2,13],[5,12,14],[1,11,13],
[3,10,15],[4,7,15],[6,9,14],[2,8,13],[9,19,27],[8,21,25],[7,17,26],[12,16,24],[11,18,22],[10,20,23],
[5,12,16],[3,10,20],[1,11,18],[6,9,19],[4,7,17],[2,8,21],[16,17,169],[18,19,168],[20,21,167],[5,16,169],
[3,20,167],[1,18,168],[6,19,168],[2,21,167],[4,17,169],[5,6,170],[1,2,172],[3,4,171],[5,169,170],[3,167,171],
[1,168,172],[6,168,170],[4,169,171],[2,167,172]];
###############################################################

#SurfaceInfo: 175 Vertices, 525 Edges, 350 Faces, IsOrientable=true
 #Vertices of faces:
vof3:=[[173,174,175],[172,173,174],[171,173,175],[170,174,175],[167,168,169],[164,165,166],[161,162,163],[158,159,160],[155,156,157],[152,153,154],
[149,150,151],[147,148,150],[145,146,150],[142,143,144],[140,141,143],[139,140,142],[140,142,143],[147,149,150],[145,148,150],[146,150,151],
[136,137,138],[133,134,135],[130,131,132],[128,129,145],[126,127,151],[124,125,147],[123,149,151],[122,147,148],[121,145,146],[120,155,156],
[119,152,153],[118,158,159],[117,142,144],[116,139,140],[115,141,143],[114,140,141],[113,139,142],[112,143,144],[110,111,131],[108,109,134],
[106,107,137],[105,119,123],[104,118,122],[103,120,121],[101,102,137],[99,100,131],[97,98,134],[96,100,119],[95,98,118],[94,102,120],
[93,109,144],[92,111,141],[91,107,139],[113,117,142],[112,115,143],[114,116,140],[105,123,149],[103,121,146],[104,122,148],[119,123,152],
[120,121,155],[118,122,158],[102,120,156],[100,119,153],[98,118,159],[109,117,144],[107,116,139],[111,115,141],[91,113,139],[93,112,144],
[92,114,141],[97,108,134],[101,106,137],[99,110,131],[96,105,119],[94,103,120],[95,104,118],[94,101,102],[95,97,98],[96,99,100],
[93,108,109],[92,110,111],[91,106,107],[122,124,147],[121,128,145],[123,126,151],[107,136,137],[109,133,134],[111,130,131],[102,137,138],
[100,131,132],[98,134,135],[125,147,149],[127,146,151],[129,145,148],[89,90,113],[87,88,114],[85,86,112],[83,84,96],[81,82,94],
[79,80,95],[108,167,168],[106,164,165],[110,161,162],[93,108,167],[91,106,164],[92,110,161],[97,108,168],[99,110,162],[101,106,165],
[79,95,97],[83,96,99],[81,94,101],[84,96,105],[80,95,104],[82,94,103],[89,91,113],[87,92,114],[85,93,112],[90,113,117],
[88,114,116],[86,112,115],[105,125,149],[104,129,148],[103,127,146],[123,126,152],[122,124,158],[121,128,155],[102,138,156],[98,135,159],
[100,132,153],[107,116,136],[111,115,130],[109,117,133],[77,78,160],[75,76,154],[73,74,157],[72,158,160],[71,152,154],[70,155,157],
[69,153,154],[68,159,160],[67,156,157],[72,77,160],[70,73,157],[71,75,154],[69,76,154],[67,74,157],[68,78,160],[67,138,156],
[69,132,153],[68,135,159],[70,128,155],[72,124,158],[71,126,152],[88,116,136],[86,115,130],[90,117,133],[80,104,129],[84,105,125],
[82,103,127],[79,97,168],[83,99,162],[81,101,165],[85,93,167],[87,92,161],[89,91,164],[65,66,163],[63,64,169],[61,62,166],
[60,136,138],[59,130,132],[58,133,135],[57,128,129],[56,124,125],[55,126,127],[54,168,169],[53,162,163],[52,165,166],[51,167,169],
[50,161,163],[49,164,166],[54,63,169],[52,61,166],[53,65,163],[51,64,169],[49,62,166],[50,66,163],[60,88,136],[58,90,133],
[59,86,130],[51,85,167],[49,89,164],[50,87,161],[54,79,168],[52,81,165],[53,83,162],[57,80,129],[55,82,127],[56,84,125],
[56,72,124],[55,71,126],[57,70,128],[60,67,138],[58,68,135],[59,69,132],[48,72,77],[47,71,75],[46,70,73],[45,68,78],
[44,67,74],[43,69,76],[42,85,86],[41,89,90],[40,87,88],[39,79,80],[38,81,82],[37,83,84],[40,60,88],[42,59,86],
[41,58,90],[37,56,84],[39,57,80],[38,55,82],[39,54,79],[37,53,83],[38,52,81],[42,51,85],[40,50,87],[41,49,89],
[36,54,63],[35,52,61],[34,53,65],[33,51,64],[32,50,66],[31,49,62],[44,60,67],[43,59,69],[45,58,68],[48,56,72],
[46,57,70],[47,55,71],[42,43,59],[41,45,58],[40,44,60],[33,42,51],[31,41,49],[32,40,50],[36,39,54],[35,38,52],
[34,37,53],[39,46,57],[38,47,55],[37,48,56],[36,39,46],[34,37,48],[35,38,47],[33,42,43],[32,40,44],[31,41,45],
[30,73,74],[29,77,78],[28,75,76],[27,43,76],[26,44,74],[25,45,78],[24,46,73],[23,48,77],[22,47,75],[24,30,73],
[23,29,77],[22,28,75],[26,30,74],[25,29,78],[27,28,76],[24,36,46],[23,34,48],[22,35,47],[27,33,43],[25,31,45],
[26,32,44],[20,21,29],[18,19,30],[16,17,28],[15,61,62],[14,63,64],[13,65,66],[12,33,64],[11,32,66],[10,31,62],
[9,36,63],[8,34,65],[7,35,61],[7,15,61],[8,13,65],[9,14,63],[11,13,66],[10,15,62],[12,14,64],[18,24,30],
[16,22,28],[20,23,29],[12,27,33],[10,25,31],[11,26,32],[9,24,36],[7,22,35],[8,23,34],[17,27,28],[21,25,29],
[19,26,30],[5,6,14],[3,4,15],[1,2,13],[5,12,14],[1,11,13],[3,10,15],[4,7,15],[6,9,14],[2,8,13],
[9,18,24],[8,20,23],[7,16,22],[12,17,27],[11,19,26],[10,21,25],[5,12,17],[3,10,21],[1,11,19],[6,9,18],
[4,7,16],[2,8,20],[16,17,172],[18,19,171],[20,21,170],[5,17,172],[3,21,170],[1,19,171],[6,18,171],[2,20,170],
[4,16,172],[5,6,173],[1,2,175],[3,4,174],[5,172,173],[3,170,174],[1,171,175],[6,171,173],[4,172,174],[2,170,175]];
###############################################################

#SurfaceInfo: 181 Vertices, 543 Edges, 362 Faces, IsOrientable=true
 #Vertices of faces:
vof4:=[[179,180,181],[178,179,180],[177,179,181],[176,180,181],[173,174,175],[171,172,174],[169,170,174],[166,167,168],[163,164,165],[160,161,162],
[171,173,174],[169,172,174],[170,174,175],[157,158,159],[154,155,156],[151,152,153],[150,171,172],[149,169,170],[148,173,175],[145,146,147],
[144,145,146],[143,146,147],[142,145,147],[140,141,146],[138,139,147],[136,137,145],[140,143,146],[136,144,145],[138,142,147],[137,142,145],
[139,143,147],[141,144,146],[134,135,144],[132,133,143],[130,131,142],[129,150,172],[128,149,170],[127,148,173],[126,150,171],[125,148,175],
[124,149,169],[123,170,175],[122,169,172],[121,171,173],[118,119,120],[115,116,117],[112,113,114],[111,157,158],[110,151,152],[109,154,155],
[110,140,141],[109,136,137],[111,138,139],[107,108,150],[105,106,149],[103,104,148],[101,102,109],[99,100,110],[97,98,111],[96,108,116],
[95,106,119],[94,104,113],[93,102,116],[92,100,119],[91,98,113],[96,107,108],[94,103,104],[95,105,106],[93,101,102],[91,97,98],
[92,99,100],[93,96,116],[91,94,113],[92,95,119],[99,110,140],[97,111,138],[101,109,136],[108,129,150],[104,127,148],[106,128,149],
[107,126,150],[103,125,148],[105,124,149],[102,109,154],[98,111,157],[100,110,151],[108,115,116],[104,112,113],[106,118,119],[102,116,117],
[98,113,114],[100,119,120],[109,137,155],[110,141,152],[111,139,158],[122,129,172],[121,127,173],[123,128,170],[122,124,169],[121,126,171],
[123,125,175],[130,138,142],[132,140,143],[134,136,144],[131,137,142],[135,141,144],[133,139,143],[89,90,93],[87,88,91],[85,86,92],
[83,84,122],[81,82,123],[79,80,121],[107,166,167],[103,160,161],[105,163,164],[107,126,166],[105,124,163],[103,125,160],[83,122,129],
[81,123,128],[79,121,127],[84,122,124],[82,123,125],[80,121,126],[96,107,167],[95,105,164],[94,103,161],[89,93,101],[85,92,99],
[87,91,97],[90,93,96],[86,92,95],[88,91,94],[131,137,155],[133,139,158],[135,141,152],[108,115,129],[106,118,128],[104,112,127],
[102,117,154],[100,120,151],[98,114,157],[99,132,140],[101,134,136],[97,130,138],[78,158,159],[77,155,156],[76,152,153],[75,157,159],
[74,151,153],[73,154,156],[71,72,156],[69,70,159],[67,68,153],[71,77,156],[67,76,153],[69,78,159],[70,75,159],[72,73,156],
[68,74,153],[74,120,151],[75,114,157],[73,117,154],[76,135,152],[77,131,155],[78,133,158],[81,118,128],[79,112,127],[83,115,129],
[89,101,134],[87,97,130],[85,99,132],[90,96,167],[88,94,161],[86,95,164],[80,126,166],[82,125,160],[84,124,163],[66,167,168],
[65,161,162],[64,164,165],[63,166,168],[62,160,162],[61,163,165],[59,60,162],[57,58,168],[55,56,165],[54,134,135],[53,130,131],
[52,132,133],[51,118,120],[50,112,114],[49,115,117],[57,66,168],[55,64,165],[59,65,162],[58,63,168],[56,61,165],[60,62,162],
[51,81,118],[49,83,115],[50,79,112],[63,80,166],[61,84,163],[62,82,160],[66,90,167],[64,86,164],[65,88,161],[54,89,134],
[52,85,132],[53,87,130],[53,77,131],[52,78,133],[54,76,135],[51,74,120],[49,73,117],[50,75,114],[48,71,77],[47,69,78],
[46,67,76],[45,72,73],[44,68,74],[43,70,75],[42,89,90],[41,85,86],[40,87,88],[39,79,80],[38,83,84],[37,81,82],
[37,51,81],[39,50,79],[38,49,83],[40,53,87],[42,54,89],[41,52,85],[42,66,90],[40,65,88],[41,64,86],[39,63,80],
[37,62,82],[38,61,84],[36,57,66],[35,55,64],[34,59,65],[33,58,63],[32,60,62],[31,56,61],[44,51,74],[43,50,75],
[45,49,73],[48,53,77],[46,54,76],[47,52,78],[39,43,50],[38,45,49],[37,44,51],[33,39,63],[31,38,61],[32,37,62],
[36,42,66],[35,41,64],[34,40,65],[42,46,54],[41,47,52],[40,48,53],[36,42,46],[34,40,48],[35,41,47],[33,39,43],
[32,37,44],[31,38,45],[30,67,68],[29,71,72],[28,69,70],[27,43,70],[26,44,68],[25,45,72],[24,46,67],[23,48,71],
[22,47,69],[24,30,67],[23,29,71],[22,28,69],[26,30,68],[25,29,72],[27,28,70],[24,36,46],[23,34,48],[22,35,47],
[27,33,43],[25,31,45],[26,32,44],[20,21,29],[18,19,30],[16,17,28],[15,55,56],[14,57,58],[13,59,60],[12,33,58],
[11,32,60],[10,31,56],[9,36,57],[8,34,59],[7,35,55],[7,15,55],[8,13,59],[9,14,57],[11,13,60],[10,15,56],
[12,14,58],[18,24,30],[16,22,28],[20,23,29],[12,27,33],[10,25,31],[11,26,32],[9,24,36],[7,22,35],[8,23,34],
[17,27,28],[21,25,29],[19,26,30],[5,6,14],[3,4,15],[1,2,13],[5,12,14],[1,11,13],[3,10,15],[4,7,15],
[6,9,14],[2,8,13],[9,18,24],[8,20,23],[7,16,22],[12,17,27],[11,19,26],[10,21,25],[5,12,17],[3,10,21],
[1,11,19],[6,9,18],[4,7,16],[2,8,20],[16,17,178],[18,19,177],[20,21,176],[5,17,178],[3,21,176],[1,19,177],
[6,18,177],[2,20,176],[4,16,178],[5,6,179],[1,2,181],[3,4,180],[5,178,179],[3,176,180],[1,177,181],[6,177,179],
[4,178,180],[2,176,181]];
###############################################################

#SurfaceInfo: 183 Vertices, 549 Edges, 366 Faces, IsOrientable=true
 #Vertices of faces:
vof5:=[[181,182,183],[180,181,182],[179,182,183],[178,181,183],[175,176,177],[174,175,176],[173,176,177],[172,175,177],[170,171,175],[168,169,177],
[166,167,176],[163,164,165],[160,161,162],[157,158,159],[170,174,175],[166,173,176],[168,172,177],[171,172,175],[167,174,176],[169,173,177],
[154,155,156],[151,152,153],[148,149,150],[147,170,171],[146,166,167],[145,168,169],[142,143,144],[141,142,143],[140,142,144],[139,143,144],
[137,138,141],[135,136,139],[133,134,140],[132,141,142],[131,139,143],[130,140,144],[129,141,143],[128,139,144],[127,140,142],[124,125,126],
[121,122,123],[118,119,120],[127,132,142],[129,131,143],[128,130,144],[132,137,141],[130,133,140],[131,135,139],[127,134,140],[129,138,141],
[128,136,139],[117,170,174],[116,168,172],[115,166,173],[114,169,173],[113,167,174],[112,171,172],[111,147,170],[110,145,168],[109,146,166],
[108,147,171],[107,146,167],[106,145,169],[104,105,147],[102,103,145],[100,101,146],[127,154,155],[129,148,149],[128,151,152],[98,99,137],
[96,97,135],[94,95,133],[125,137,138],[122,133,134],[119,135,136],[98,125,137],[96,119,135],[94,122,133],[113,117,174],[114,115,173],
[112,116,172],[111,117,170],[109,115,166],[110,116,168],[108,112,171],[106,114,169],[107,113,167],[102,110,145],[100,109,146],[104,111,147],
[105,108,147],[101,107,146],[103,106,145],[129,138,148],[128,136,151],[127,134,154],[99,132,137],[97,131,135],[95,130,133],[127,132,155],
[129,131,149],[128,130,152],[124,125,138],[118,119,136],[121,122,134],[92,93,111],[90,91,109],[88,89,110],[114,163,164],[113,157,158],
[112,160,161],[86,87,105],[84,85,103],[82,83,101],[81,100,101],[80,104,105],[79,102,103],[81,125,126],[80,119,120],[79,122,123],
[79,102,123],[81,100,126],[80,104,120],[81,82,101],[79,84,103],[80,86,105],[92,111,117],[88,110,116],[90,109,115],[108,112,160],
[107,113,157],[106,114,163],[113,117,158],[112,116,161],[114,115,164],[89,102,110],[91,100,109],[93,104,111],[87,105,108],[83,101,107],
[85,103,106],[81,98,125],[79,94,122],[80,96,119],[99,132,155],[95,130,152],[97,131,149],[124,138,148],[121,134,154],[118,136,151],
[78,152,153],[77,149,150],[76,155,156],[75,148,150],[74,154,156],[73,151,153],[71,72,150],[69,70,153],[67,68,156],[69,78,153],
[71,77,150],[67,76,156],[72,75,150],[68,74,156],[70,73,153],[75,124,148],[73,118,151],[74,121,154],[76,99,155],[77,97,149],
[78,95,152],[87,108,160],[85,106,163],[83,107,157],[92,117,158],[90,115,164],[88,116,161],[81,82,98],[79,84,94],[80,86,96],
[91,100,126],[93,104,120],[89,102,123],[66,160,162],[65,163,165],[64,157,159],[63,158,159],[62,161,162],[61,164,165],[59,60,165],
[57,58,159],[55,56,162],[54,98,99],[53,94,95],[52,96,97],[51,124,126],[50,118,120],[49,121,123],[55,66,162],[57,64,159],
[59,65,165],[56,62,162],[60,61,165],[58,63,159],[66,87,160],[64,83,157],[65,85,163],[51,91,126],[49,89,123],[50,93,120],
[54,82,98],[52,86,96],[53,84,94],[63,92,158],[62,88,161],[61,90,164],[53,78,95],[52,77,97],[54,76,99],[51,75,124],
[49,74,121],[50,73,118],[48,69,78],[47,67,76],[46,71,77],[45,72,75],[44,68,74],[43,70,73],[42,92,93],[41,88,89],
[40,90,91],[39,86,87],[38,82,83],[37,84,85],[39,66,87],[37,65,85],[38,64,83],[42,63,92],[40,61,90],[41,62,88],
[37,53,84],[38,54,82],[39,52,86],[40,51,91],[42,50,93],[41,49,89],[36,55,66],[35,57,64],[34,59,65],[33,58,63],
[32,56,62],[31,60,61],[45,51,75],[43,50,73],[44,49,74],[48,53,78],[47,54,76],[46,52,77],[36,39,66],[35,38,64],
[34,37,65],[42,43,50],[41,44,49],[40,45,51],[39,46,52],[38,47,54],[37,48,53],[33,42,63],[32,41,62],[31,40,61],
[36,39,46],[34,37,48],[35,38,47],[33,42,43],[31,40,45],[32,41,44],[30,71,72],[29,67,68],[28,69,70],[27,43,70],
[26,45,72],[25,44,68],[24,46,71],[23,48,69],[22,47,67],[23,28,69],[22,29,67],[24,30,71],[26,30,72],[25,29,68],
[27,28,70],[24,36,46],[23,34,48],[22,35,47],[27,33,43],[25,32,44],[26,31,45],[20,21,28],[18,19,30],[16,17,29],
[15,57,58],[14,55,56],[13,59,60],[12,33,58],[11,31,60],[10,32,56],[9,36,55],[8,34,59],[7,35,57],[7,15,57],
[8,13,59],[9,14,55],[11,13,60],[10,14,56],[12,15,58],[18,24,30],[16,22,29],[20,23,28],[12,27,33],[10,25,32],
[11,26,31],[9,24,36],[7,22,35],[8,23,34],[21,27,28],[17,25,29],[19,26,30],[5,6,14],[3,4,15],[1,2,13],
[1,11,13],[3,12,15],[5,10,14],[6,9,14],[4,7,15],[2,8,13],[9,18,24],[8,20,23],[7,16,22],[12,21,27],
[11,19,26],[10,17,25],[5,10,17],[3,12,21],[1,11,19],[6,9,18],[4,7,16],[2,8,20],[18,19,180],[16,17,179],
[20,21,178],[5,17,179],[3,21,178],[1,19,180],[6,18,180],[2,20,178],[4,16,179],[5,6,182],[1,2,181],[3,4,183],
[5,179,182],[3,178,183],[1,180,181],[6,180,182],[4,179,183],[2,178,181]];
###############################################################

#SurfaceInfo: 189 Vertices, 567 Edges, 378 Faces, IsOrientable=true
 #Vertices of faces:
vof6:=[[187,188,189],[186,187,188],[185,188,189],[184,187,189],[181,182,183],[180,181,182],[179,182,183],[178,181,183],[176,177,181],[174,175,183],
[172,173,182],[169,170,171],[166,167,168],[163,164,165],[176,180,181],[172,179,182],[174,178,183],[177,178,181],[173,180,182],[175,179,183],
[160,161,162],[157,158,159],[154,155,156],[153,176,177],[152,172,173],[151,174,175],[148,149,150],[147,148,149],[146,149,150],[145,148,150],
[143,144,147],[141,142,145],[139,140,146],[138,146,149],[137,147,148],[136,145,150],[135,147,149],[134,145,148],[133,146,150],[135,138,149],
[133,136,150],[134,137,148],[137,143,147],[136,141,145],[138,139,146],[135,144,147],[133,140,146],[134,142,145],[131,132,135],[129,130,133],
[127,128,134],[126,153,176],[125,152,172],[124,151,174],[123,153,177],[122,152,173],[121,151,175],[120,176,180],[119,174,178],[118,172,179],
[117,177,178],[116,173,180],[115,175,179],[141,154,155],[139,160,161],[143,157,158],[112,113,114],[109,110,111],[106,107,108],[105,143,144],
[104,139,140],[103,141,142],[101,102,152],[99,100,151],[97,98,153],[96,105,113],[95,104,110],[94,103,107],[93,98,110],[92,100,113],
[91,102,107],[91,101,102],[93,97,98],[92,99,100],[92,96,113],[91,94,107],[93,95,110],[96,105,144],[94,103,142],[95,104,140],
[102,125,152],[100,124,151],[98,126,153],[97,123,153],[99,121,151],[101,122,152],[105,112,113],[103,106,107],[104,109,110],[102,107,108],
[100,113,114],[98,110,111],[105,143,157],[103,141,154],[104,139,160],[120,126,176],[118,125,172],[119,124,174],[117,123,177],[115,121,175],
[116,122,173],[116,120,180],[115,118,179],[117,119,178],[131,135,144],[127,134,142],[129,133,140],[138,139,161],[137,143,158],[136,141,155],
[132,135,138],[128,134,137],[130,133,136],[89,90,93],[87,88,91],[85,86,92],[83,84,118],[81,82,119],[79,80,120],[123,166,167],
[121,169,170],[122,163,164],[97,123,166],[101,122,163],[99,121,169],[83,118,125],[79,120,126],[81,119,124],[117,123,167],[116,122,164],
[115,121,170],[82,117,119],[80,116,120],[84,115,118],[89,93,97],[85,92,99],[87,91,101],[86,92,96],[90,93,95],[88,91,94],
[132,138,161],[130,136,155],[128,137,158],[102,108,125],[98,111,126],[100,114,124],[105,112,157],[104,109,160],[103,106,154],[96,131,144],
[95,129,140],[94,127,142],[78,161,162],[77,155,156],[76,158,159],[75,157,159],[74,160,162],[73,154,156],[71,72,162],[69,70,159],
[67,68,156],[71,78,162],[67,77,156],[69,76,159],[70,75,159],[68,73,156],[72,74,162],[75,112,157],[73,106,154],[74,109,160],
[78,132,161],[76,128,158],[77,130,155],[83,108,125],[81,114,124],[79,111,126],[86,96,131],[88,94,127],[90,95,129],[82,117,167],
[84,115,170],[80,116,164],[85,99,169],[87,101,163],[89,97,166],[66,167,168],[65,170,171],[64,164,165],[63,169,171],[62,163,165],
[61,166,168],[59,60,165],[57,58,171],[55,56,168],[54,131,132],[53,127,128],[52,129,130],[51,112,114],[50,106,108],[49,109,111],
[55,66,168],[59,64,165],[57,65,171],[56,61,168],[58,63,171],[60,62,165],[50,83,108],[49,79,111],[51,81,114],[63,85,169],
[61,89,166],[62,87,163],[66,82,167],[64,80,164],[65,84,170],[54,86,131],[52,90,129],[53,88,127],[54,78,132],[52,77,130],
[53,76,128],[51,75,112],[49,74,109],[50,73,106],[48,71,78],[47,67,77],[46,69,76],[45,70,75],[44,72,74],[43,68,73],
[42,89,90],[41,85,86],[40,87,88],[39,81,82],[38,79,80],[37,83,84],[37,50,83],[39,51,81],[38,49,79],[41,54,86],
[40,53,88],[42,52,90],[39,66,82],[37,65,84],[38,64,80],[42,61,89],[40,62,87],[41,63,85],[36,55,66],[35,57,65],
[34,59,64],[33,60,62],[32,58,63],[31,56,61],[45,51,75],[43,50,73],[44,49,74],[48,54,78],[46,53,76],[47,52,77],
[39,45,51],[38,44,49],[37,43,50],[31,42,61],[33,40,62],[32,41,63],[36,39,66],[34,38,64],[35,37,65],[42,47,52],
[40,46,53],[41,48,54],[36,39,45],[35,37,43],[34,38,44],[31,42,47],[32,41,48],[33,40,46],[30,71,72],[29,67,68],
[28,69,70],[27,45,70],[26,43,68],[25,44,72],[24,48,71],[23,46,69],[22,47,67],[24,30,71],[23,28,69],[22,29,67],
[25,30,72],[27,28,70],[26,29,68],[27,36,45],[25,34,44],[26,35,43],[23,33,46],[22,31,47],[24,32,48],[20,21,30],
[18,19,28],[16,17,29],[15,59,60],[14,55,56],[13,57,58],[12,33,60],[11,31,56],[10,32,58],[9,36,55],[8,34,59],
[7,35,57],[8,15,59],[7,13,57],[9,14,55],[12,15,60],[10,13,58],[11,14,56],[20,24,30],[16,22,29],[18,23,28],
[10,24,32],[11,22,31],[12,23,33],[9,27,36],[7,26,35],[8,25,34],[19,27,28],[17,26,29],[21,25,30],[5,6,14],
[3,4,13],[1,2,15],[1,12,15],[5,11,14],[3,10,13],[6,9,14],[2,8,15],[4,7,13],[9,19,27],[8,21,25],
[7,17,26],[10,20,24],[12,18,23],[11,16,22],[5,11,16],[3,10,20],[1,12,18],[6,9,19],[4,7,17],[2,8,21],
[18,19,186],[16,17,185],[20,21,184],[5,16,185],[3,20,184],[1,18,186],[6,19,186],[2,21,184],[4,17,185],[5,6,188],
[1,2,187],[3,4,189],[5,185,188],[3,184,189],[1,186,187],[6,186,188],[4,185,189],[2,184,187]];
###############################################################

#SurfaceInfo: 193 Vertices, 579 Edges, 386 Faces, IsOrientable=true
 #Vertices of faces:
vof7:=[[191,192,193],[190,191,192],[189,191,193],[188,192,193],[185,186,187],[182,183,184],[179,180,181],[176,177,178],[173,174,175],[170,171,172],
[167,168,169],[166,167,168],[165,168,169],[164,167,169],[162,163,165],[160,161,164],[158,159,166],[156,157,163],[154,155,161],[152,153,159],
[150,151,157],[148,149,155],[146,147,153],[144,145,151],[142,143,149],[140,141,147],[138,139,143],[136,137,141],[134,135,145],[132,133,137],
[130,131,139],[128,129,135],[126,127,131],[125,127,133],[124,127,129],[156,162,163],[152,158,159],[154,160,161],[150,156,157],[146,152,153],
[148,154,155],[144,150,151],[140,146,147],[142,148,149],[134,144,145],[136,140,141],[138,142,143],[132,136,137],[128,134,135],[130,138,139],
[126,130,131],[124,128,129],[125,132,133],[126,127,133],[125,127,129],[124,127,131],[162,165,168],[158,166,167],[160,164,169],[122,123,128],
[120,121,132],[118,119,130],[116,117,156],[114,115,154],[112,113,152],[111,159,166],[110,161,164],[109,163,165],[108,157,163],[107,155,161],
[106,153,159],[105,149,155],[104,147,153],[103,151,157],[102,145,151],[101,141,147],[100,143,149],[99,137,141],[98,135,145],[97,139,143],
[96,133,137],[95,129,135],[94,131,139],[93,166,168],[92,164,167],[91,165,169],[140,176,177],[142,170,171],[144,173,174],[96,99,137],
[94,97,139],[95,98,135],[98,102,145],[97,100,143],[99,101,141],[100,105,149],[101,104,147],[102,103,151],[104,106,153],[103,108,157],
[105,107,155],[93,111,166],[91,109,165],[92,110,164],[108,109,163],[106,111,159],[107,110,161],[116,156,162],[114,154,160],[112,152,158],
[93,162,168],[91,160,169],[92,158,167],[96,126,133],[94,124,131],[95,125,129],[117,150,156],[113,146,152],[115,148,154],[144,150,173],
[140,146,176],[142,148,170],[138,142,171],[134,144,174],[136,140,177],[118,130,138],[122,128,134],[120,132,136],[119,126,130],[123,124,128],
[121,125,132],[89,90,99],[87,88,97],[85,86,98],[83,84,109],[81,82,111],[79,80,110],[105,185,186],[104,179,180],[103,182,183],
[83,108,109],[79,107,110],[81,106,111],[84,91,109],[80,92,110],[82,93,111],[105,107,185],[103,108,182],[104,106,179],[100,105,186],
[102,103,183],[101,104,180],[87,97,100],[85,98,102],[89,99,101],[90,96,99],[86,95,98],[88,94,97],[120,136,177],[118,138,171],
[122,134,174],[117,150,173],[115,148,170],[113,146,176],[96,119,126],[95,121,125],[94,123,124],[93,116,162],[92,112,158],[91,114,160],
[77,78,172],[75,76,178],[73,74,175],[72,177,178],[71,171,172],[70,174,175],[69,176,178],[68,170,172],[67,173,175],[71,77,172],
[70,73,175],[72,75,178],[69,76,178],[67,74,175],[68,78,172],[67,117,173],[69,113,176],[68,115,170],[70,122,174],[71,118,171],
[72,120,177],[88,94,123],[90,96,119],[86,95,121],[87,100,186],[89,101,180],[85,102,183],[79,107,185],[81,106,179],[83,108,182],
[82,93,116],[80,92,112],[84,91,114],[65,66,181],[63,64,187],[61,62,184],[60,122,123],[59,118,119],[58,120,121],[57,116,117],
[56,112,113],[55,114,115],[54,186,187],[53,180,181],[52,183,184],[51,185,187],[50,179,181],[49,182,184],[54,63,187],[52,61,184],
[53,65,181],[51,64,187],[49,62,184],[50,66,181],[60,88,123],[58,86,121],[59,90,119],[57,82,116],[55,84,114],[56,80,112],
[51,79,185],[49,83,182],[50,81,179],[54,87,186],[52,85,183],[53,89,180],[59,71,118],[58,72,120],[60,70,122],[57,67,117],
[55,68,115],[56,69,113],[48,71,77],[47,72,75],[46,70,73],[45,68,78],[44,67,74],[43,69,76],[42,87,88],[41,85,86],
[40,89,90],[39,79,80],[38,83,84],[37,81,82],[40,59,90],[42,60,88],[41,58,86],[42,54,87],[40,53,89],[41,52,85],
[39,51,79],[37,50,81],[38,49,83],[37,57,82],[39,56,80],[38,55,84],[36,54,63],[35,52,61],[34,53,65],[33,51,64],
[32,50,66],[31,49,62],[44,57,67],[43,56,69],[45,55,68],[48,59,71],[46,60,70],[47,58,72],[42,46,60],[41,47,58],
[40,48,59],[39,43,56],[38,45,55],[37,44,57],[33,39,51],[31,38,49],[32,37,50],[36,42,54],[35,41,52],[34,40,53],
[36,42,46],[34,40,48],[35,41,47],[33,39,43],[32,37,44],[31,38,45],[30,73,74],[29,77,78],[28,75,76],[27,43,76],
[26,44,74],[25,45,78],[24,46,73],[23,48,77],[22,47,75],[24,30,73],[23,29,77],[22,28,75],[26,30,74],[25,29,78],
[27,28,76],[24,36,46],[23,34,48],[22,35,47],[27,33,43],[25,31,45],[26,32,44],[20,21,29],[18,19,30],[16,17,28],
[15,61,62],[14,63,64],[13,65,66],[12,33,64],[11,32,66],[10,31,62],[9,36,63],[8,34,65],[7,35,61],[7,15,61],
[8,13,65],[9,14,63],[11,13,66],[10,15,62],[12,14,64],[18,24,30],[16,22,28],[20,23,29],[12,27,33],[10,25,31],
[11,26,32],[9,24,36],[7,22,35],[8,23,34],[17,27,28],[21,25,29],[19,26,30],[5,6,14],[3,4,15],[1,2,13],
[5,12,14],[1,11,13],[3,10,15],[4,7,15],[6,9,14],[2,8,13],[9,18,24],[8,20,23],[7,16,22],[12,17,27],
[11,19,26],[10,21,25],[5,12,17],[3,10,21],[1,11,19],[6,9,18],[4,7,16],[2,8,20],[16,17,190],[18,19,189],
[20,21,188],[5,17,190],[3,21,188],[1,19,189],[6,18,189],[2,20,188],[4,16,190],[5,6,191],[1,2,193],[3,4,192],
[5,190,191],[3,188,192],[1,189,193],[6,189,191],[4,190,192],[2,188,193]];
###############################################################

#SurfaceInfo: 196 Vertices, 588 Edges, 392 Faces, IsOrientable=true
 #Vertices of faces:
vof8:=[[194,195,196],[193,194,195],[192,194,196],[191,195,196],[188,189,190],[185,186,187],[182,183,184],[179,180,181],[176,177,178],[173,174,175],
[170,171,172],[167,168,169],[165,166,168],[163,164,168],[165,167,168],[163,168,169],[164,166,168],[162,164,166],[161,163,169],[160,165,167],
[158,159,160],[156,157,162],[154,155,161],[152,153,159],[150,151,157],[148,149,155],[146,147,153],[144,145,151],[142,143,149],[140,141,147],
[138,139,143],[136,137,145],[134,135,139],[132,133,141],[130,131,137],[129,170,171],[128,170,172],[127,171,172],[126,135,170],[125,133,171],
[124,131,172],[152,158,159],[148,154,155],[150,156,157],[146,152,153],[142,148,149],[144,150,151],[140,146,147],[136,144,145],[138,142,143],
[132,140,141],[130,136,137],[134,138,139],[124,130,131],[126,134,135],[125,132,133],[124,128,172],[125,127,171],[126,129,170],[128,135,170],
[127,131,172],[129,133,171],[158,160,167],[154,161,163],[156,162,166],[122,123,152],[120,121,150],[118,119,148],[116,117,125],[114,115,126],
[112,113,124],[111,159,160],[110,155,161],[109,157,162],[108,153,159],[107,149,155],[106,151,157],[105,147,153],[104,143,149],[103,145,151],
[102,141,147],[101,137,145],[100,139,143],[99,131,137],[98,135,139],[97,133,141],[96,161,169],[95,162,164],[94,160,165],[138,179,180],
[136,173,174],[140,176,177],[93,167,169],[92,163,164],[91,165,166],[93,96,169],[91,94,165],[92,95,164],[97,102,141],[98,100,139],
[99,101,137],[102,105,147],[100,104,143],[101,103,145],[103,106,151],[105,108,153],[104,107,149],[94,111,160],[96,110,161],[95,109,162],
[108,111,159],[106,109,157],[107,110,155],[122,152,158],[120,150,156],[118,148,154],[93,158,167],[91,156,166],[92,154,163],[98,128,135],
[97,129,133],[99,127,131],[112,124,128],[114,126,129],[116,125,127],[123,146,152],[121,144,150],[119,142,148],[140,146,176],[136,144,173],
[138,142,179],[130,136,174],[134,138,180],[132,140,177],[113,124,130],[117,125,132],[115,126,134],[89,90,100],[87,88,102],[85,86,101],
[83,84,94],[81,82,96],[79,80,95],[106,188,189],[107,182,183],[108,185,186],[106,109,188],[108,111,185],[107,110,182],[83,94,111],
[79,95,109],[81,96,110],[103,106,189],[105,108,186],[104,107,183],[85,101,103],[87,102,105],[89,100,104],[90,98,100],[86,99,101],
[88,97,102],[84,91,94],[80,92,95],[82,93,96],[113,130,174],[115,134,180],[117,132,177],[123,146,176],[119,142,179],[121,144,173],
[98,112,128],[99,116,127],[97,114,129],[93,122,158],[92,118,154],[91,120,156],[77,78,175],[75,76,181],[73,74,178],[72,180,181],
[71,174,175],[70,177,178],[69,179,181],[68,173,175],[67,176,178],[71,77,175],[70,73,178],[72,75,181],[69,76,181],[67,74,178],
[68,78,175],[67,123,176],[69,119,179],[68,121,173],[70,117,177],[71,113,174],[72,115,180],[82,93,122],[80,92,118],[84,91,120],
[86,99,116],[90,98,112],[88,97,114],[85,103,189],[89,104,183],[87,105,186],[79,109,188],[81,110,182],[83,111,185],[65,66,184],
[63,64,190],[61,62,187],[60,122,123],[59,118,119],[58,120,121],[57,116,117],[56,112,113],[55,114,115],[54,189,190],[53,183,184],
[52,186,187],[51,188,190],[50,182,184],[49,185,187],[54,63,190],[52,61,187],[53,65,184],[51,64,190],[49,62,187],[50,66,184],
[60,82,122],[58,84,120],[59,80,118],[51,79,188],[49,83,185],[50,81,182],[54,85,189],[52,87,186],[53,89,183],[57,86,116],
[55,88,114],[56,90,112],[56,71,113],[55,72,115],[57,70,117],[60,67,123],[58,68,121],[59,69,119],[48,71,77],[47,72,75],
[46,70,73],[45,68,78],[44,67,74],[43,69,76],[42,85,86],[41,87,88],[40,89,90],[39,79,80],[38,83,84],[37,81,82],
[37,60,82],[39,59,80],[38,58,84],[40,56,90],[42,57,86],[41,55,88],[42,54,85],[40,53,89],[41,52,87],[39,51,79],
[37,50,81],[38,49,83],[36,54,63],[35,52,61],[34,53,65],[33,51,64],[32,50,66],[31,49,62],[44,60,67],[43,59,69],
[45,58,68],[48,56,71],[46,57,70],[47,55,72],[39,43,59],[38,45,58],[37,44,60],[33,39,51],[31,38,49],[32,37,50],
[36,42,54],[35,41,52],[34,40,53],[42,46,57],[41,47,55],[40,48,56],[36,42,46],[34,40,48],[35,41,47],[33,39,43],
[32,37,44],[31,38,45],[30,73,74],[29,77,78],[28,75,76],[27,43,76],[26,44,74],[25,45,78],[24,46,73],[23,48,77],
[22,47,75],[24,30,73],[23,29,77],[22,28,75],[26,30,74],[25,29,78],[27,28,76],[24,36,46],[23,34,48],[22,35,47],
[27,33,43],[25,31,45],[26,32,44],[20,21,29],[18,19,30],[16,17,28],[15,61,62],[14,63,64],[13,65,66],[12,33,64],
[11,32,66],[10,31,62],[9,36,63],[8,34,65],[7,35,61],[7,15,61],[8,13,65],[9,14,63],[11,13,66],[10,15,62],
[12,14,64],[18,24,30],[16,22,28],[20,23,29],[12,27,33],[10,25,31],[11,26,32],[9,24,36],[7,22,35],[8,23,34],
[17,27,28],[21,25,29],[19,26,30],[5,6,14],[3,4,15],[1,2,13],[5,12,14],[1,11,13],[3,10,15],[4,7,15],
[6,9,14],[2,8,13],[9,18,24],[8,20,23],[7,16,22],[12,17,27],[11,19,26],[10,21,25],[5,12,17],[3,10,21],
[1,11,19],[6,9,18],[4,7,16],[2,8,20],[16,17,193],[18,19,192],[20,21,191],[5,17,193],[3,21,191],[1,19,192],
[6,18,192],[2,20,191],[4,16,193],[5,6,194],[1,2,196],[3,4,195],[5,193,194],[3,191,195],[1,192,196],[6,192,194],
[4,193,195],[2,191,196]];
###############################################################

#SurfaceInfo: 199 Vertices, 597 Edges, 398 Faces, IsOrientable=true
 #Vertices of faces:
vof9:=[[197,198,199],[196,197,198],[195,197,199],[194,198,199],[191,192,193],[188,189,190],[185,186,187],[182,183,184],[180,181,183],[179,180,182],
[180,182,183],[177,178,184],[175,176,179],[173,174,181],[172,179,182],[171,183,184],[170,180,181],[169,182,184],[168,179,180],[167,181,183],
[164,165,166],[161,162,163],[158,159,160],[169,172,182],[168,170,180],[167,171,183],[171,177,184],[170,173,181],[172,175,179],[169,178,184],
[167,174,181],[168,176,179],[157,177,178],[156,175,176],[155,173,174],[152,153,154],[150,151,153],[148,149,153],[148,150,153],[149,152,153],
[151,153,154],[147,150,151],[146,148,149],[145,152,154],[143,144,147],[141,142,146],[139,140,145],[138,146,148],[137,145,152],[136,147,151],
[135,147,150],[134,145,154],[133,146,149],[132,148,150],[131,151,154],[130,149,152],[131,136,151],[130,137,152],[132,138,148],[132,135,150],
[131,134,154],[130,133,149],[136,143,147],[137,139,145],[138,141,146],[133,142,146],[134,140,145],[135,144,147],[128,129,134],[126,127,135],
[124,125,133],[121,122,123],[118,119,120],[115,116,117],[114,157,177],[113,155,173],[112,156,175],[111,155,174],[110,157,178],[109,156,176],
[136,164,165],[137,161,162],[138,158,159],[108,167,171],[107,169,172],[106,168,170],[105,171,177],[104,170,173],[103,172,175],[102,169,178],
[101,167,174],[100,168,176],[116,141,142],[119,139,140],[122,143,144],[98,99,157],[96,97,155],[94,95,156],[93,97,116],[92,99,119],
[91,95,122],[93,96,97],[91,94,95],[92,98,99],[93,116,142],[91,122,144],[92,119,140],[97,115,116],[95,121,122],[99,118,119],
[122,123,143],[116,117,141],[119,120,139],[98,114,157],[94,112,156],[96,113,155],[97,111,155],[95,109,156],[99,110,157],[105,108,171],
[104,106,170],[103,107,172],[102,107,169],[100,106,168],[101,108,167],[105,114,177],[103,112,175],[104,113,173],[102,110,178],[101,111,174],
[100,109,176],[124,130,133],[126,132,135],[128,131,134],[131,136,164],[132,138,158],[130,137,161],[125,133,142],[127,135,144],[129,134,140],
[136,143,165],[138,141,159],[137,139,162],[89,90,98],[87,88,94],[85,86,96],[83,84,102],[81,82,100],[79,80,101],[105,191,192],
[103,188,189],[104,185,186],[105,114,191],[104,113,185],[103,112,188],[83,102,110],[81,100,109],[79,101,111],[105,108,192],[103,107,189],
[104,106,186],[84,102,107],[80,101,108],[82,100,106],[89,98,114],[85,96,113],[87,94,112],[86,93,96],[90,92,98],[88,91,94],
[128,131,164],[126,132,158],[124,130,161],[97,111,115],[99,110,118],[95,109,121],[123,143,165],[120,139,162],[117,141,159],[93,125,142],
[92,129,140],[91,127,144],[77,78,163],[75,76,160],[73,74,166],[72,161,163],[71,158,160],[70,164,166],[69,162,163],[68,159,160],
[67,165,166],[72,77,163],[70,73,166],[71,75,160],[68,76,160],[67,74,166],[69,78,163],[67,123,165],[68,117,159],[69,120,162],
[70,128,164],[72,124,161],[71,126,158],[90,92,129],[86,93,125],[88,91,127],[89,114,191],[85,113,185],[87,112,188],[80,108,192],
[82,106,186],[84,107,189],[81,109,121],[79,111,115],[83,110,118],[65,66,187],[63,64,193],[61,62,190],[60,191,193],[59,185,187],
[58,188,190],[57,192,193],[56,186,187],[55,189,190],[54,128,129],[53,124,125],[52,126,127],[51,121,123],[50,115,117],[49,118,120],
[60,63,193],[58,61,190],[59,65,187],[57,64,193],[55,62,190],[56,66,187],[54,90,129],[52,88,127],[53,86,125],[51,81,121],
[49,83,118],[50,79,115],[57,80,192],[55,84,189],[56,82,186],[60,89,191],[58,87,188],[59,85,185],[53,72,124],[52,71,126],
[54,70,128],[51,67,123],[49,69,120],[50,68,117],[48,72,77],[47,71,75],[46,70,73],[45,69,78],[44,67,74],[43,68,76],
[42,89,90],[41,87,88],[40,85,86],[39,79,80],[38,83,84],[37,81,82],[40,53,86],[42,54,90],[41,52,88],[42,60,89],
[40,59,85],[41,58,87],[39,57,80],[37,56,82],[38,55,84],[37,51,81],[39,50,79],[38,49,83],[36,60,63],[35,58,61],
[34,59,65],[33,57,64],[32,56,66],[31,55,62],[44,51,67],[43,50,68],[45,49,69],[48,53,72],[46,54,70],[47,52,71],
[42,46,54],[41,47,52],[40,48,53],[39,43,50],[38,45,49],[37,44,51],[33,39,57],[31,38,55],[32,37,56],[36,42,60],
[35,41,58],[34,40,59],[36,42,46],[34,40,48],[35,41,47],[33,39,43],[32,37,44],[31,38,45],[30,73,74],[29,77,78],
[28,75,76],[27,43,76],[26,44,74],[25,45,78],[24,46,73],[23,48,77],[22,47,75],[24,30,73],[23,29,77],[22,28,75],
[26,30,74],[25,29,78],[27,28,76],[24,36,46],[23,34,48],[22,35,47],[27,33,43],[25,31,45],[26,32,44],[20,21,29],
[18,19,30],[16,17,28],[15,61,62],[14,63,64],[13,65,66],[12,33,64],[11,32,66],[10,31,62],[9,36,63],[8,34,65],
[7,35,61],[7,15,61],[8,13,65],[9,14,63],[11,13,66],[10,15,62],[12,14,64],[18,24,30],[16,22,28],[20,23,29],
[12,27,33],[10,25,31],[11,26,32],[9,24,36],[7,22,35],[8,23,34],[17,27,28],[21,25,29],[19,26,30],[5,6,14],
[3,4,15],[1,2,13],[5,12,14],[1,11,13],[3,10,15],[4,7,15],[6,9,14],[2,8,13],[9,18,24],[8,20,23],
[7,16,22],[12,17,27],[11,19,26],[10,21,25],[5,12,17],[3,10,21],[1,11,19],[6,9,18],[4,7,16],[2,8,20],
[16,17,196],[18,19,195],[20,21,194],[5,17,196],[3,21,194],[1,19,195],[6,18,195],[2,20,194],[4,16,196],[5,6,197],
[1,2,199],[3,4,198],[5,196,197],[3,194,198],[1,195,199],[6,195,197],[4,196,198],[2,194,199]];
###############################################################

#SurfaceInfo: 100 Vertices, 600 Edges, 400 Faces, IsOrientable=true
 #Vertices of faces:
vof10:=[[98,99,100],[97,98,99],[96,98,100],[95,99,100],[92,93,94],[89,90,91],[86,87,88],[83,84,85],[80,81,82],[77,78,79],
[74,75,76],[71,72,73],[68,69,70],[65,66,67],[62,63,64],[59,60,61],[56,57,58],[55,71,72],[54,65,66],[53,68,69],
[52,56,57],[51,59,60],[50,62,63],[47,48,49],[44,45,46],[41,42,43],[38,39,40],[35,36,37],[32,33,34],[30,31,36],
[28,29,39],[26,27,33],[25,62,90],[24,56,84],[23,59,87],[21,22,42],[19,20,48],[17,18,45],[14,15,16],[11,12,13],
[8,9,10],[45,89,90],[42,83,84],[48,86,87],[9,92,93],[15,92,94],[12,93,94],[7,90,91],[7,84,85],[7,87,88],
[53,80,81],[55,74,75],[54,77,78],[36,81,82],[33,75,76],[39,78,79],[42,80,82],[48,74,76],[45,77,79],[6,71,73],
[5,65,67],[4,68,70],[12,59,61],[15,56,58],[9,62,64],[6,57,58],[5,60,61],[4,63,64],[56,59,62],[37,89,92],
[40,86,93],[34,83,94],[27,49,84],[31,43,90],[29,46,87],[47,71,92],[44,65,94],[41,68,93],[61,71,90],[64,65,84],
[58,68,87],[27,30,62],[26,29,56],[28,31,59],[10,73,78],[16,67,81],[13,70,75],[63,74,91],[60,80,88],[57,77,85],
[32,61,78],[38,64,81],[35,58,75],[76,79,82],[11,42,80],[14,45,77],[8,48,74],[37,45,89],[40,48,86],[34,42,83],
[9,47,92],[12,41,93],[15,44,94],[27,42,84],[29,48,87],[31,45,90],[12,83,94],[15,89,92],[9,86,93],[7,80,88],
[7,77,85],[7,74,91],[7,71,90],[7,68,87],[7,65,84],[33,76,82],[36,79,82],[39,76,79],[32,39,78],[33,35,75],
[36,38,81],[55,63,74],[53,60,80],[54,57,77],[53,67,81],[55,70,75],[54,73,78],[6,57,85],[4,63,91],[5,60,88],
[15,26,56],[9,30,62],[12,28,59],[12,61,78],[15,58,75],[9,64,81],[5,61,90],[6,58,87],[4,64,84],[6,10,73],
[4,13,70],[5,16,67],[6,71,92],[4,68,93],[5,65,94],[8,9,13],[10,14,15],[11,12,16],[21,42,82],[17,45,79],
[19,48,76],[47,48,71],[41,42,68],[44,45,65],[9,10,78],[12,13,75],[15,16,81],[32,33,61],[35,36,58],[38,39,64],
[27,30,36],[28,31,39],[26,29,33],[31,36,43],[27,33,49],[29,39,46],[36,37,92],[33,34,94],[39,40,93],[25,27,62],
[23,31,59],[24,29,56],[24,49,84],[23,46,87],[25,43,90],[22,42,43],[18,45,46],[20,48,49],[55,61,71],[53,58,68],
[54,64,65],[51,59,62],[50,56,62],[52,56,59],[3,62,90],[2,59,87],[1,56,84],[21,22,67],[17,18,73],[19,20,70],
[17,47,49],[19,41,43],[21,44,46],[18,26,27],[20,30,31],[22,28,29],[4,22,72],[5,18,69],[6,20,66],[21,52,73],
[19,51,67],[17,50,70],[5,18,26],[4,22,28],[6,20,30],[21,51,67],[19,50,70],[17,52,73],[19,41,51],[17,47,50],
[21,44,52],[3,51,62],[1,50,56],[2,52,59],[22,43,72],[20,49,66],[18,46,69],[17,24,49],[21,23,46],[19,25,43],
[20,23,31],[22,24,29],[18,25,27],[21,73,82],[19,67,76],[17,70,79],[6,66,92],[5,69,94],[4,72,93],[3,5,90],
[1,4,84],[2,6,87],[22,53,67],[20,55,70],[18,54,73],[7,71,80],[7,65,74],[7,68,77],[40,48,71],[37,45,65],
[34,42,68],[9,47,78],[15,44,81],[12,41,75],[36,43,92],[33,49,94],[39,46,93],[12,78,83],[9,81,86],[15,75,89],
[10,15,26],[12,16,28],[9,13,30],[6,10,85],[5,16,88],[4,13,91],[55,61,63],[54,57,64],[53,58,60],[27,36,38],
[31,32,39],[29,33,35],[33,61,82],[39,64,76],[36,58,79],[11,27,42],[14,31,45],[8,29,48],[72,73,95],[66,67,97],
[69,70,96],[11,16,20],[8,13,18],[10,14,22],[11,17,80],[8,21,74],[14,19,77],[16,20,55],[10,22,53],[13,18,54],
[73,82,95],[70,79,96],[67,76,97],[11,20,23],[8,18,25],[14,22,24],[17,24,80],[19,25,77],[21,23,74],[43,72,95],
[46,69,96],[49,66,97],[14,19,50],[11,17,52],[8,21,51],[11,27,38],[8,29,35],[14,31,32],[61,63,82],[58,60,79],
[57,64,76],[10,26,85],[13,30,91],[16,28,88],[47,78,83],[41,75,89],[44,81,86],[40,71,80],[34,68,77],[37,65,74],
[43,66,92],[46,72,93],[49,69,94],[3,41,51],[2,44,52],[1,47,50],[3,5,26],[2,6,30],[1,4,28],[14,16,100],
[8,10,98],[11,13,99],[26,55,72],[30,53,69],[28,54,66],[41,52,57],[44,50,63],[47,51,60],[3,26,72],[1,28,66],
[2,30,69],[3,41,57],[1,47,60],[2,44,63],[47,51,83],[44,50,86],[41,52,89],[26,55,85],[28,54,88],[30,53,91],
[14,50,100],[8,51,98],[11,52,99],[16,55,100],[13,54,99],[10,53,98],[43,66,95],[49,69,97],[46,72,96],[24,40,80],
[23,37,74],[25,34,77],[11,23,38],[14,24,32],[8,25,35],[63,82,95],[57,76,97],[60,79,96],[24,89,91],[23,83,85],
[25,86,88],[24,32,91],[23,38,85],[25,35,88],[24,40,89],[25,34,86],[23,37,83],[3,72,96],[2,69,97],[1,66,95],
[55,85,100],[53,91,98],[54,88,99],[52,89,99],[50,86,100],[51,83,98],[3,57,97],[2,63,95],[1,60,96],[3,38,40],
[2,32,34],[1,35,37],[3,38,96],[1,35,95],[2,32,97],[3,40,97],[1,37,96],[2,34,95],[40,89,99],[37,83,98],
[34,86,100],[38,85,100],[35,88,99],[32,91,98],[38,96,100],[32,97,98],[35,95,99],[40,97,99],[34,95,100],[37,96,98]];
###############################################################

