#SurfaceInfo: 168 Vertices, 1344 Edges, 896 Faces, IsOrientable=true
 #Vertices of faces:
vof1:=[[166,167,168],[165,166,167],[164,167,168],[163,166,168],[160,161,162],[157,158,159],[154,155,156],[151,152,153],[148,149,150],[146,147,149],
[144,145,153],[143,150,152],[142,145,147],[140,141,147],[138,139,153],[136,137,150],[143,151,152],[142,144,145],[146,148,149],[135,157,158],
[134,154,155],[133,160,161],[130,131,132],[127,128,129],[125,126,157],[124,126,154],[122,123,160],[121,122,161],[121,125,158],[123,124,155],
[118,119,120],[115,116,117],[113,114,128],[111,112,132],[109,110,127],[107,108,129],[105,106,131],[103,104,130],[108,112,125],[106,114,124],
[104,110,122],[138,152,153],[139,145,153],[140,147,149],[136,149,150],[141,145,147],[137,150,152],[145,157,159],[149,161,162],[149,158,159],
[152,160,162],[145,154,156],[152,155,156],[156,159,162],[139,145,159],[140,149,162],[136,149,159],[138,152,162],[137,152,156],[141,145,156],
[113,114,124],[111,112,125],[109,110,122],[107,108,125],[103,104,122],[105,106,124],[102,118,119],[101,118,120],[100,119,120],[100,115,116],
[102,116,117],[101,115,117],[125,137,157],[122,141,160],[124,136,154],[125,138,158],[124,140,155],[122,139,161],[99,118,139],[98,119,140],
[97,116,136],[96,115,138],[95,120,137],[94,117,141],[91,92,93],[88,89,90],[85,86,87],[82,83,84],[100,119,140],[101,117,141],
[100,115,138],[101,120,137],[102,118,139],[102,116,136],[111,125,137],[113,124,136],[109,122,141],[107,125,138],[105,124,140],[103,122,139],
[99,139,159],[98,140,162],[97,136,159],[96,138,162],[94,141,156],[95,137,156],[81,156,162],[80,159,162],[79,156,159],[78,127,128],
[77,130,131],[77,128,129],[78,130,132],[76,127,129],[76,131,132],[126,154,157],[123,155,160],[121,158,161],[121,123,126],[123,126,134],
[121,126,135],[121,123,133],[79,154,157],[80,158,161],[81,155,160],[75,126,134],[74,121,135],[73,123,134],[72,123,133],[71,121,133],
[70,126,135],[72,79,154],[75,80,158],[74,81,160],[71,79,157],[70,81,155],[73,80,161],[73,74,78],[71,75,76],[70,72,77],
[69,75,126],[68,74,121],[67,72,123],[66,73,123],[65,70,126],[64,71,121],[71,76,79],[73,78,80],[74,78,81],[72,77,79],
[70,77,81],[75,76,80],[63,78,128],[62,78,132],[61,76,131],[60,77,130],[59,77,129],[58,76,127],[57,63,128],[56,60,130],
[55,62,132],[54,59,129],[53,58,127],[52,61,131],[51,69,75],[50,68,74],[49,64,71],[48,67,72],[47,66,73],[46,65,70],
[63,78,80],[62,78,81],[58,76,79],[61,76,80],[59,77,81],[60,77,79],[44,45,102],[42,43,101],[40,41,100],[39,101,141],
[38,100,138],[37,101,137],[37,102,136],[38,102,139],[39,100,140],[89,111,137],[83,103,139],[90,113,136],[87,109,141],[84,107,138],
[86,105,140],[80,89,159],[81,83,162],[81,90,156],[79,84,159],[79,86,156],[80,87,162],[56,99,159],[52,98,162],[57,97,159],
[54,96,162],[55,95,156],[53,94,156],[36,47,89],[35,51,87],[34,48,84],[33,49,86],[32,50,90],[31,46,83],[39,40,100],
[37,42,101],[39,43,101],[38,41,100],[37,44,102],[38,45,102],[37,89,137],[37,90,136],[38,83,139],[39,87,141],[39,86,140],
[38,84,138],[80,89,111],[81,83,103],[79,84,107],[81,90,113],[79,86,105],[80,87,109],[56,89,159],[52,83,162],[57,84,159],
[54,87,162],[53,90,156],[55,86,156],[48,55,67],[50,52,68],[47,54,66],[46,53,65],[49,57,64],[51,56,69],[63,80,146],
[61,80,148],[62,81,151],[58,79,144],[60,79,142],[59,81,143],[56,99,130],[57,97,128],[54,96,129],[53,94,127],[52,98,131],
[55,95,132],[29,30,39],[27,28,37],[25,26,38],[22,23,24],[19,20,21],[16,17,18],[16,17,33],[16,18,34],[22,23,31],
[22,24,32],[19,20,35],[19,21,36],[29,39,40],[30,39,43],[25,38,41],[27,37,44],[26,38,45],[28,37,42],[61,96,129],
[59,98,131],[60,97,128],[63,99,130],[62,94,127],[58,95,132],[80,109,146],[80,111,148],[81,103,151],[79,107,144],[81,113,143],
[79,105,142],[51,56,89],[50,52,83],[46,53,90],[49,57,84],[47,54,87],[48,55,86],[35,39,87],[34,38,84],[33,39,86],
[32,37,90],[36,37,89],[31,38,83],[15,88,89],[14,82,83],[13,85,86],[13,88,90],[15,82,84],[14,85,87],[15,59,62],
[13,61,63],[14,58,60],[12,57,148],[11,54,151],[10,56,144],[9,55,143],[8,52,146],[7,53,142],[31,60,142],[36,62,151],
[32,63,146],[33,61,148],[34,59,143],[35,58,144],[29,54,66],[30,55,67],[25,52,68],[27,56,69],[26,57,64],[28,53,65],
[26,57,148],[29,54,151],[27,56,144],[30,55,143],[28,53,142],[25,52,146],[13,63,85],[15,59,88],[14,60,85],[14,58,82],
[13,61,88],[15,62,82],[11,103,151],[12,111,148],[9,113,143],[10,107,144],[7,105,142],[8,109,146],[32,37,146],[35,39,144],
[33,39,148],[36,37,151],[31,38,142],[34,38,143],[13,46,90],[15,51,89],[14,50,83],[13,48,86],[14,47,87],[15,49,84],
[30,62,94],[27,60,97],[25,61,96],[28,58,95],[26,63,99],[29,59,98],[29,40,66],[30,43,67],[25,41,68],[27,44,69],
[28,42,65],[26,45,64],[16,33,61],[22,31,60],[19,36,62],[22,32,63],[19,35,58],[16,34,59],[39,91,92],[37,91,93],
[38,92,93],[25,29,165],[28,30,163],[26,27,164],[57,94,117],[54,97,116],[55,99,118],[56,98,119],[53,96,115],[52,95,120],
[55,141,160],[56,136,154],[52,138,158],[54,140,155],[53,137,157],[57,139,161],[58,60,145],[59,62,152],[61,63,149],[12,57,66],
[10,56,67],[9,55,68],[8,52,69],[11,54,65],[7,53,64],[22,71,75],[16,73,74],[19,70,72],[13,49,71],[15,48,72],
[13,50,74],[15,47,73],[14,46,70],[14,51,75],[57,63,92],[54,59,91],[55,62,92],[52,61,93],[56,60,91],[53,58,93],
[60,103,128],[62,111,127],[63,113,130],[61,105,129],[58,109,132],[59,107,131],[15,16,73],[15,19,72],[14,19,70],[14,22,75],
[13,16,74],[13,22,71],[60,103,145],[63,113,149],[62,111,152],[61,105,149],[59,107,152],[58,109,145],[57,92,94],[54,91,97],
[55,92,99],[56,91,98],[52,93,95],[53,93,96],[57,66,161],[56,67,154],[55,68,160],[52,69,158],[53,64,157],[54,65,155],
[52,120,138],[55,118,141],[56,119,136],[54,116,140],[57,117,139],[53,115,137],[11,103,128],[8,109,132],[12,111,127],[9,113,130],
[7,105,129],[10,107,131],[12,40,66],[10,43,67],[9,41,68],[8,44,69],[7,45,64],[11,42,65],[13,46,49],[15,48,51],
[14,46,47],[15,47,49],[14,50,51],[13,48,50],[38,92,143],[39,91,144],[39,92,148],[37,93,146],[38,93,142],[37,91,151],
[62,82,92],[63,85,92],[59,88,91],[58,82,93],[61,88,93],[60,85,91],[27,144,164],[25,146,165],[29,151,165],[30,143,163],
[26,148,164],[28,142,163],[16,25,61],[22,27,60],[19,30,62],[22,26,63],[16,29,59],[19,28,58],[15,108,112],[14,104,110],
[13,106,114],[21,145,154],[18,149,161],[23,149,158],[17,152,160],[20,152,155],[24,145,157],[7,113,128],[10,111,132],[11,109,127],
[12,107,129],[8,103,130],[9,105,131],[100,142,144],[101,146,148],[102,143,151],[20,125,126],[21,122,123],[24,121,122],[23,124,126],
[17,121,125],[18,123,124],[90,135,157],[89,134,154],[83,135,158],[86,133,160],[84,133,161],[87,134,155],[6,114,128],[5,108,129],
[4,106,131],[3,112,132],[2,104,130],[1,110,127],[78,89,90],[76,86,87],[77,83,84],[25,29,92],[26,27,93],[28,30,91],
[25,26,167],[29,30,166],[27,28,168],[20,21,153],[23,24,147],[17,18,150],[4,69,126],[3,68,121],[2,67,123],[6,66,123],
[1,64,121],[5,65,126],[31,46,116],[36,47,117],[35,51,120],[34,48,119],[33,49,115],[32,50,118],[49,86,94],[47,89,97],
[46,83,96],[50,90,95],[51,87,98],[48,84,99],[6,30,94],[5,27,97],[1,25,96],[4,28,95],[2,29,98],[3,26,99],
[6,49,94],[5,47,97],[1,46,96],[4,50,95],[2,51,98],[3,48,99],[6,30,114],[5,27,108],[1,25,110],[4,28,106],
[3,26,112],[2,29,104],[89,97,154],[83,96,158],[86,94,160],[90,95,157],[84,99,161],[87,98,155],[2,18,123],[3,24,121],
[4,20,126],[5,23,126],[6,21,123],[1,17,121],[1,64,127],[4,69,131],[3,68,132],[2,67,130],[5,65,129],[6,66,128],
[17,125,150],[20,125,153],[21,122,153],[24,122,147],[18,124,150],[23,124,147],[78,90,135],[78,89,134],[77,83,135],[76,87,134],
[77,84,133],[76,86,133],[9,10,131],[7,11,128],[8,10,132],[11,12,127],[8,9,130],[7,12,129],[16,25,167],[19,28,168],
[19,30,166],[22,26,167],[22,27,168],[16,29,166],[102,151,165],[101,148,164],[100,142,163],[100,144,164],[102,143,163],[101,146,165],
[30,85,91],[27,88,93],[25,82,92],[29,85,92],[28,88,91],[26,82,93],[48,51,120],[46,49,116],[48,50,119],[46,47,117],
[50,51,118],[47,49,115],[11,42,109],[7,45,113],[10,43,111],[9,41,105],[8,44,103],[12,40,107],[32,118,141],[31,116,140],
[34,119,136],[33,115,137],[36,117,139],[35,120,138],[17,68,160],[18,66,161],[24,64,157],[23,69,158],[20,65,155],[21,67,154],
[17,111,152],[21,103,145],[23,105,149],[18,113,149],[24,109,145],[20,107,152],[15,16,108],[15,19,112],[14,19,110],[13,22,114],
[13,16,106],[14,22,104],[91,98,151],[92,94,143],[92,99,148],[91,97,144],[93,96,146],[93,95,142],[85,140,141],[88,136,137],
[82,138,139],[8,151,153],[7,143,150],[10,148,150],[12,144,153],[9,142,147],[11,146,147],[78,112,127],[78,114,130],[77,108,131],
[76,110,132],[76,106,129],[77,104,128],[18,102,119],[24,101,118],[20,100,120],[23,100,116],[21,102,117],[17,101,115],[44,45,125],
[40,41,122],[42,43,124],[75,109,134],[74,113,135],[73,111,134],[71,105,133],[70,103,135],[72,107,133],[6,72,154],[5,75,158],
[1,74,160],[2,73,161],[3,71,157],[4,70,155],[17,33,120],[18,34,116],[23,31,119],[24,32,117],[21,36,118],[20,35,115],
[8,10,153],[9,10,150],[7,11,147],[11,12,153],[7,12,150],[8,9,147],[8,98,151],[12,97,144],[11,96,146],[7,94,143],
[9,95,142],[10,99,148],[18,74,113],[24,75,109],[20,72,107],[17,73,111],[21,70,103],[23,71,105],[23,69,119],[21,67,118],
[17,68,120],[18,66,116],[20,65,115],[24,64,117],[32,85,141],[31,85,140],[34,88,136],[35,82,138],[36,82,139],[33,88,137],
[42,109,134],[45,113,135],[43,111,134],[41,105,133],[40,107,133],[44,103,135],[33,48,120],[34,49,116],[31,50,119],[32,46,117],
[35,47,115],[36,51,118],[18,102,165],[24,101,164],[20,100,163],[23,100,164],[17,101,165],[21,102,163],[78,112,135],[78,114,134],
[77,108,135],[76,106,134],[77,104,133],[76,110,133],[45,125,150],[44,125,153],[40,122,153],[41,122,147],[42,124,147],[43,124,150],
[64,112,127],[69,108,131],[68,110,132],[65,106,129],[66,104,128],[67,114,130],[2,18,119],[3,24,118],[4,20,120],[5,23,116],
[1,17,115],[6,21,117],[4,98,155],[6,97,154],[5,96,158],[1,94,160],[3,95,157],[2,99,161],[3,48,71],[6,49,72],
[5,47,75],[1,46,74],[4,50,70],[2,51,73],[16,108,167],[19,112,168],[19,110,166],[22,104,167],[16,106,166],[22,114,168],
[30,85,114],[29,85,104],[27,88,108],[25,82,110],[26,82,112],[28,88,106],[69,108,167],[67,114,168],[64,112,168],[68,110,166],
[66,104,167],[65,106,166],[8,42,147],[12,43,150],[11,44,153],[9,45,150],[10,40,153],[7,41,147],[32,46,74],[35,47,75],
[34,49,72],[33,48,71],[36,51,73],[31,50,70],[44,112,135],[42,114,134],[45,108,135],[43,106,134],[41,104,133],[40,110,133],
[32,85,114],[31,85,104],[36,82,112],[34,88,108],[33,88,106],[35,82,110],[2,69,119],[3,67,118],[4,68,120],[5,66,116],
[6,64,117],[1,65,115],[18,74,165],[24,75,164],[20,72,163],[23,71,164],[21,70,163],[17,73,165],[4,8,98],[6,12,97],
[5,11,96],[1,7,94],[2,10,99],[3,9,95],[4,68,166],[2,69,167],[3,67,168],[6,64,168],[1,65,166],[5,66,167],
[32,42,114],[35,40,110],[34,45,108],[33,43,106],[31,41,104],[36,44,112],[32,74,165],[35,75,164],[34,72,163],[33,71,164],
[31,70,163],[36,73,165],[4,8,42],[2,10,40],[3,9,45],[6,12,43],[1,7,41],[5,11,44],[4,42,166],[2,40,167],
[3,45,168],[6,43,168],[5,44,167],[1,41,166],[32,42,165],[35,40,164],[34,45,163],[33,43,164],[36,44,165],[31,41,163],
[42,165,166],[40,164,167],[45,163,168],[43,164,168],[41,163,166],[44,165,167]];
###############################################################

