#SurfaceInfo: 192 Vertices, 1344 Edges, 896 Faces, IsOrientable=true
 #Vertices of faces:
vof1:=[[190,191,192],[189,190,191],[188,191,192],[187,190,192],[184,185,186],[181,182,183],[178,179,180],[175,176,177],[172,173,174],[169,170,171],
[166,167,168],[163,164,165],[160,161,162],[157,158,159],[154,155,156],[151,152,153],[148,149,150],[145,146,147],[143,144,152],[141,142,146],
[139,140,149],[136,137,138],[135,169,170],[134,163,164],[133,166,167],[130,131,132],[127,128,129],[126,136,137],[125,136,138],[124,137,138],
[123,157,158],[122,154,155],[121,160,161],[143,151,152],[139,148,149],[141,145,146],[120,144,152],[119,140,149],[118,142,146],[122,173,182],
[121,179,183],[123,176,181],[117,178,179],[116,172,173],[115,175,176],[114,119,126],[113,120,125],[112,118,124],[111,178,180],[110,175,177],
[109,172,174],[108,179,180],[107,176,177],[106,173,174],[154,156,179],[160,162,176],[157,159,173],[135,152,153],[133,149,150],[134,146,147],
[105,149,168],[104,152,171],[103,146,165],[102,103,116],[101,104,115],[100,105,117],[99,167,168],[98,164,165],[97,170,171],[96,110,123],
[95,111,121],[94,109,122],[93,116,168],[92,117,171],[91,115,165],[112,116,175],[113,115,178],[114,117,172],[89,90,167],[87,88,164],
[85,86,170],[86,88,90],[88,89,90],[85,86,90],[86,87,88],[84,108,180],[83,106,174],[82,107,177],[82,159,173],[84,162,176],
[83,156,179],[108,154,179],[106,157,173],[107,160,176],[81,133,150],[80,135,153],[79,134,147],[105,133,149],[104,135,152],[103,134,146],
[89,99,167],[85,97,170],[87,98,164],[105,114,117],[104,113,115],[103,112,116],[105,116,168],[103,115,165],[104,117,171],[92,97,171],
[93,99,168],[91,98,165],[109,114,172],[111,113,178],[110,112,175],[101,115,176],[100,117,179],[102,116,173],[110,123,181],[109,122,182],
[111,121,183],[113,120,144],[112,118,142],[114,119,140],[78,143,151],[77,141,145],[76,139,148],[94,122,154],[95,121,160],[96,123,157],
[75,126,136],[74,125,138],[73,124,137],[71,72,84],[69,70,82],[67,68,83],[113,119,149],[114,118,146],[112,120,152],[99,173,182],
[98,176,181],[97,179,183],[66,116,172],[65,115,175],[64,117,178],[63,134,163],[62,135,169],[61,133,166],[60,130,131],[59,130,132],
[58,131,132],[57,70,110],[56,72,111],[55,68,109],[54,60,116],[53,58,117],[52,59,115],[50,51,129],[48,49,128],[46,47,127],
[45,64,83],[44,66,82],[43,65,84],[42,57,131],[41,55,132],[40,56,130],[39,75,95],[38,73,94],[37,74,96],[75,96,110],
[74,94,109],[73,95,111],[127,128,141],[127,129,139],[128,129,143],[36,75,141],[35,74,139],[34,73,143],[36,44,147],[35,45,150],
[34,43,153],[57,93,116],[56,91,115],[55,92,117],[33,64,81],[32,65,80],[31,66,79],[115,140,178],[117,142,172],[116,144,175],
[29,30,51],[27,28,49],[25,26,47],[24,109,174],[23,111,180],[22,110,177],[28,99,140],[30,98,142],[26,97,144],[118,124,177],
[120,125,180],[119,126,174],[21,32,109],[20,33,110],[19,31,111],[28,52,90],[30,53,88],[26,54,86],[34,96,174],[36,94,180],
[35,95,177],[108,140,177],[106,142,180],[107,144,174],[42,57,165],[40,56,171],[41,55,168],[39,44,95],[37,45,96],[38,43,94],
[21,60,130],[19,58,131],[20,59,132],[113,119,189],[112,120,188],[114,118,187],[33,61,166],[32,62,169],[31,63,163],[63,134,150],
[62,135,147],[61,133,153],[66,87,172],[64,89,178],[65,85,175],[36,69,70],[34,71,72],[35,67,68],[28,52,99],[26,54,97],
[30,53,98],[34,126,174],[35,124,177],[36,125,180],[28,108,140],[26,107,144],[30,106,142],[108,118,177],[107,119,174],[106,120,180],
[27,28,90],[29,30,88],[25,26,86],[24,96,174],[22,95,177],[23,94,180],[140,177,178],[144,174,175],[142,172,180],[20,33,81],
[19,31,79],[21,32,80],[39,75,110],[37,74,109],[38,73,111],[42,60,131],[41,58,132],[40,59,130],[44,82,147],[43,84,153],
[45,83,150],[57,93,110],[55,92,109],[56,91,111],[54,57,116],[52,56,115],[53,55,117],[50,129,139],[46,127,141],[48,128,143],
[36,75,147],[34,73,153],[35,74,150],[36,128,141],[34,129,143],[35,127,139],[59,115,140],[60,116,144],[58,117,142],[30,50,51],
[26,46,47],[28,48,49],[22,70,110],[24,68,109],[23,72,111],[54,108,154],[53,107,160],[52,106,157],[49,78,151],[51,76,148],
[47,77,145],[18,92,97],[17,91,98],[16,93,99],[35,95,160],[34,96,157],[36,94,154],[20,110,181],[19,111,183],[21,109,182],
[31,111,113],[33,110,112],[32,109,114],[66,82,159],[65,84,162],[64,83,156],[73,95,137],[75,96,136],[74,94,138],[69,82,177],
[67,83,174],[71,84,180],[113,144,149],[114,140,146],[112,142,152],[99,102,173],[97,100,179],[98,101,176],[66,105,116],[64,104,117],
[65,103,115],[89,99,182],[85,97,183],[87,98,181],[64,81,133],[66,79,134],[65,80,135],[54,86,87],[52,85,90],[53,88,89],
[104,113,135],[103,112,134],[105,114,133],[160,184,185],[154,185,186],[157,184,186],[123,141,142],[122,139,140],[121,143,144],[118,151,153],
[119,145,147],[120,148,150],[163,165,184],[169,171,185],[166,168,186],[15,181,182],[14,181,183],[13,182,183],[56,72,160],[55,68,154],
[57,70,157],[12,54,60],[11,52,59],[10,53,58],[9,45,64],[8,43,65],[7,44,66],[75,80,95],[74,79,96],[73,81,94],
[75,141,161],[73,143,155],[74,139,158],[36,44,169],[34,43,166],[35,45,163],[72,84,90],[68,83,88],[70,82,86],[97,127,144],
[98,129,142],[99,128,140],[33,38,64],[31,37,66],[32,39,65],[29,43,51],[25,45,47],[27,44,49],[84,108,148],[82,107,151],
[83,106,145],[64,82,173],[65,83,179],[66,84,176],[73,98,124],[74,97,125],[75,99,126],[22,81,150],[23,79,147],[24,80,153],
[37,38,39],[22,28,183],[23,30,182],[24,26,181],[31,60,137],[32,59,138],[33,58,136],[15,32,47],[14,33,49],[13,31,51],
[14,33,38],[15,32,39],[13,31,37],[97,125,127],[99,126,128],[98,124,129],[75,80,161],[74,79,158],[73,81,155],[7,27,44],
[9,25,45],[8,29,43],[9,38,64],[8,39,65],[7,37,66],[12,60,137],[10,58,136],[11,59,138],[72,90,160],[70,86,157],
[68,88,154],[15,47,182],[13,51,183],[14,49,181],[122,128,140],[121,127,144],[123,129,142],[44,169,185],[45,163,184],[43,166,186],
[123,141,161],[121,143,155],[122,139,158],[56,160,184],[57,157,186],[55,154,185],[32,47,62],[31,51,63],[33,49,61],[62,119,147],
[63,120,150],[61,118,153],[24,87,181],[23,89,182],[22,85,183],[80,95,137],[81,94,138],[79,96,136],[66,159,176],[64,156,173],
[65,162,179],[32,114,138],[33,112,136],[31,113,137],[15,20,181],[13,21,182],[14,19,183],[35,160,185],[34,157,184],[36,154,186],
[18,74,97],[16,75,99],[17,73,98],[44,49,78],[45,47,77],[43,51,76],[12,54,154],[10,53,160],[11,52,157],[22,70,81],
[23,72,79],[24,68,80],[30,50,182],[28,48,183],[26,46,181],[66,84,87],[64,82,89],[65,83,85],[42,165,184],[41,168,186],
[40,171,185],[37,38,43],[37,39,45],[38,39,44],[23,75,147],[24,73,153],[22,74,150],[50,72,139],[48,70,143],[46,68,141],
[83,145,150],[84,148,153],[82,147,151],[31,42,60],[32,40,59],[33,41,58],[36,125,169],[34,126,166],[35,124,163],[27,84,90],
[25,82,86],[29,83,88],[23,30,94],[22,28,95],[24,26,96],[26,107,151],[30,106,145],[28,108,148],[108,118,151],[106,120,148],
[107,119,145],[66,105,134],[65,103,135],[64,104,133],[58,142,152],[60,144,149],[59,140,146],[113,135,189],[114,133,187],[112,134,188],
[54,57,87],[53,55,89],[52,56,85],[36,69,128],[35,67,127],[34,71,129],[39,93,110],[38,91,111],[37,92,109],[52,99,102],
[53,98,101],[54,97,100],[19,79,131],[21,80,130],[20,81,132],[69,177,178],[71,172,180],[67,174,175],[8,114,126],[7,113,125],
[9,112,124],[13,123,176],[15,121,179],[14,122,173],[19,135,170],[21,133,167],[20,134,164],[60,122,155],[58,121,161],[59,123,158],
[54,124,138],[53,126,137],[52,125,136],[31,69,163],[32,71,169],[33,67,166],[134,150,162],[133,153,159],[135,147,156],[18,92,107],
[16,93,108],[17,91,106],[10,49,151],[11,47,145],[12,51,148],[40,54,108],[41,52,106],[42,53,107],[34,62,72],[36,63,70],
[35,61,68],[19,87,172],[20,89,178],[21,85,175],[6,19,58],[5,20,59],[4,21,60],[8,57,165],[7,55,168],[9,56,171],
[3,44,95],[2,43,94],[1,45,96],[6,19,172],[4,21,175],[5,20,178],[40,93,108],[42,92,107],[41,91,106],[40,54,124],
[42,53,126],[41,52,125],[4,60,122],[5,59,123],[6,58,121],[10,49,61],[12,51,63],[11,47,62],[71,169,172],[67,166,175],
[69,163,178],[54,100,138],[53,101,137],[52,102,136],[8,57,87],[9,56,85],[7,55,89],[19,135,189],[21,133,187],[20,134,188],
[59,146,158],[60,149,155],[58,152,161],[105,134,162],[103,135,156],[104,133,159],[18,107,145],[16,108,151],[17,106,148],[10,26,151],
[12,28,148],[11,30,145],[1,26,96],[3,28,95],[2,30,94],[31,42,69],[33,41,67],[32,40,71],[145,150,162],[147,151,156],
[148,153,159],[36,63,186],[35,61,185],[34,62,184],[13,21,167],[14,19,170],[15,20,164],[8,114,138],[7,113,137],[9,112,136],
[15,162,179],[14,156,173],[13,159,176],[19,24,87],[21,22,85],[20,23,89],[62,72,119],[61,68,118],[63,70,120],[13,123,161],
[14,122,158],[15,121,155],[2,43,186],[1,45,184],[3,44,185],[7,37,168],[9,38,171],[8,39,165],[9,25,124],[8,29,126],
[7,27,125],[27,84,87],[29,83,85],[25,82,89],[46,68,80],[48,70,81],[50,72,79],[37,43,76],[38,44,78],[39,45,77],
[18,22,74],[17,24,73],[16,23,75],[42,56,184],[40,55,185],[41,57,186],[69,122,128],[71,123,129],[67,121,127],[47,50,182],
[46,49,181],[48,51,183],[10,90,160],[12,88,154],[11,86,157],[12,80,137],[11,81,138],[10,79,136],[79,131,158],[81,132,155],
[80,130,161],[125,127,169],[124,129,163],[126,128,166],[15,39,93],[14,38,91],[13,37,92],[161,162,186],[158,159,185],[155,156,184],
[51,100,129],[47,102,127],[49,101,128],[18,57,131],[17,55,132],[16,56,130],[78,93,143],[76,91,139],[77,92,141],[72,139,192],
[68,141,191],[70,143,190],[92,141,191],[93,143,190],[91,139,192],[15,78,93],[13,77,92],[14,76,91],[102,127,169],[101,128,166],
[100,129,163],[48,51,100],[47,50,102],[46,49,101],[17,40,55],[18,41,57],[16,42,56],[17,24,132],[16,23,130],[18,22,131],
[2,162,186],[3,159,185],[1,156,184],[72,119,192],[70,120,190],[68,118,191],[63,161,186],[62,155,184],[61,158,185],[10,61,90],
[11,62,86],[12,63,88],[12,46,80],[10,50,79],[11,48,81],[37,76,168],[39,77,165],[38,78,171],[13,161,167],[15,155,164],
[14,158,170],[1,10,26],[3,12,28],[2,11,30],[18,145,162],[17,148,159],[16,151,156],[15,105,162],[13,104,159],[14,103,156],
[131,146,158],[130,152,161],[132,149,155],[19,24,189],[20,23,188],[21,22,187],[8,27,87],[7,25,89],[9,29,85],[8,100,138],
[9,102,136],[7,101,137],[4,69,122],[6,67,121],[5,71,123],[25,40,124],[27,41,125],[29,42,126],[42,69,92],[40,71,93],
[41,67,91],[6,169,172],[5,163,178],[4,166,175],[1,149,168],[3,146,165],[2,152,171],[12,102,103],[10,100,105],[11,101,104],
[5,90,167],[4,86,170],[6,88,164],[27,119,189],[29,118,187],[25,120,188],[5,61,90],[6,63,88],[4,62,86],[4,69,170],
[6,67,164],[5,71,167],[8,27,189],[7,25,188],[9,29,187],[1,132,149],[2,130,152],[3,131,146],[2,11,101],[1,10,100],
[3,12,102],[1,76,168],[2,78,171],[3,77,165],[12,46,103],[11,48,104],[10,50,105],[25,120,190],[29,118,191],[27,119,192],
[63,161,167],[61,158,170],[62,155,164],[2,18,162],[1,16,156],[3,17,159],[24,132,189],[22,131,187],[23,130,188],[17,25,40],
[16,29,42],[18,27,41],[8,48,100],[7,46,101],[9,50,102],[6,102,169],[4,101,166],[5,100,163],[15,78,105],[14,76,103],
[13,77,104],[69,92,191],[67,91,192],[71,93,190],[5,61,170],[6,63,167],[4,62,164],[17,25,190],[18,27,192],[16,29,191],
[48,77,104],[50,78,105],[46,76,103],[3,17,77],[2,18,78],[1,16,76],[1,5,100],[3,6,102],[2,4,101],[1,132,189],
[3,131,187],[2,130,188],[8,48,189],[9,50,187],[7,46,188],[69,170,191],[71,167,190],[67,164,192],[5,170,191],[4,164,192],
[6,167,190],[1,5,189],[2,4,188],[3,6,187],[48,77,189],[46,76,188],[50,78,187],[17,77,190],[16,76,191],[18,78,192],
[77,189,190],[78,187,192],[76,188,191],[5,189,191],[6,187,190],[4,188,192]];
###############################################################

#SurfaceInfo: 168 Vertices, 1344 Edges, 896 Faces, IsOrientable=true
 #Vertices of faces:
vof2:=[[166,167,168],[165,166,167],[164,167,168],[163,166,168],[160,161,162],[157,158,159],[154,155,156],[153,157,158],[152,158,159],[151,157,159],
[148,149,150],[145,146,147],[142,143,144],[140,141,149],[138,139,143],[136,137,146],[143,146,149],[139,140,161],[137,138,162],[136,141,160],
[133,134,135],[130,131,132],[127,128,129],[124,125,126],[122,123,134],[120,121,133],[118,119,135],[116,117,135],[114,115,133],[112,113,134],
[130,131,135],[124,125,134],[127,128,133],[110,111,155],[108,109,156],[106,107,154],[105,115,123],[104,117,121],[103,113,119],[101,102,122],
[99,100,118],[97,98,120],[96,119,124],[95,123,127],[94,121,130],[119,122,153],[120,123,151],[118,121,152],[93,96,119],[92,94,121],
[91,95,123],[90,119,124],[89,121,130],[88,123,127],[87,94,130],[86,96,124],[85,95,127],[84,105,123],[83,103,119],[82,104,121],
[81,106,107],[80,108,109],[79,110,111],[110,153,155],[106,152,154],[108,151,156],[78,103,113],[77,105,115],[76,104,117],[97,120,125],
[99,118,128],[101,122,131],[93,112,134],[92,116,135],[91,114,133],[102,122,123],[100,118,119],[98,120,121],[75,124,134],[74,127,133],
[73,130,135],[79,133,134],[81,134,135],[80,133,135],[71,72,125],[69,70,128],[67,68,131],[66,112,126],[65,116,132],[64,114,129],
[100,111,157],[102,109,159],[98,107,158],[62,63,140],[60,61,136],[58,59,138],[100,123,134],[98,119,135],[102,121,133],[57,113,134],
[56,115,133],[55,117,135],[54,58,158],[53,60,157],[52,62,159],[51,54,113],[50,53,115],[49,52,117],[47,48,132],[45,46,129],
[43,44,126],[42,47,48],[41,43,44],[40,45,46],[45,72,129],[43,68,126],[47,70,132],[51,54,140],[49,52,136],[50,53,138],
[54,58,113],[52,62,117],[53,60,115],[51,57,113],[49,55,117],[50,56,115],[56,102,133],[57,100,134],[55,98,135],[56,71,72],
[57,67,68],[55,69,70],[66,112,120],[64,114,118],[65,116,122],[39,98,107],[38,102,109],[37,100,111],[36,62,140],[35,60,136],
[34,58,138],[54,98,158],[52,102,159],[53,100,157],[60,61,157],[62,63,159],[58,59,158],[48,65,132],[44,66,126],[46,64,129],
[34,79,110],[36,81,106],[35,80,108],[40,153,155],[41,152,154],[42,151,156],[33,77,105],[32,76,104],[31,78,103],[83,98,119],
[82,102,121],[84,100,123],[75,79,134],[73,81,135],[74,80,133],[67,122,131],[69,118,128],[71,120,125],[80,92,135],[79,91,133],
[81,93,134],[57,87,130],[56,86,124],[55,85,127],[88,102,123],[89,98,121],[90,100,119],[93,119,153],[91,123,151],[92,121,152],
[30,153,157],[29,151,159],[28,152,158],[27,140,149],[26,136,146],[25,138,143],[24,52,149],[23,54,143],[22,53,146],[21,141,149],
[20,139,143],[19,137,146],[25,140,141],[26,138,139],[27,136,137],[28,148,149],[29,145,146],[30,142,143],[35,149,150],[36,143,144],
[34,146,147],[17,18,137],[15,16,139],[13,14,141],[25,76,85],[26,78,87],[27,77,86],[12,38,139],[11,37,141],[10,39,137],
[43,136,141],[47,137,138],[45,139,140],[9,143,149],[8,143,146],[7,146,149],[47,141,160],[43,139,161],[45,137,162],[9,136,160],
[8,140,161],[7,138,162],[31,72,125],[32,68,131],[33,70,128],[18,63,140],[14,59,138],[16,61,136],[92,125,126],[91,131,132],
[93,128,129],[39,110,153],[37,108,151],[38,106,152],[44,78,113],[48,76,117],[46,77,115],[83,103,145],[84,105,148],[82,104,142],
[75,124,144],[73,130,150],[74,127,147],[61,99,128],[63,101,131],[59,97,125],[13,93,96],[15,91,95],[17,92,94],[83,85,95],
[84,87,94],[82,86,96],[89,122,153],[88,118,152],[90,120,151],[23,48,66],[22,44,64],[24,46,65],[6,26,56],[5,25,57],
[4,27,55],[3,9,92],[2,7,91],[1,8,93],[9,31,38],[7,32,37],[8,33,39],[12,39,131],[11,38,128],[10,37,125],
[59,95,97],[63,96,101],[61,94,99],[66,74,147],[65,75,144],[64,73,150],[83,95,145],[82,96,142],[84,94,148],[31,38,152],
[33,39,153],[32,37,151],[12,39,110],[10,37,108],[11,38,106],[9,92,126],[8,93,129],[7,91,132],[15,91,131],[13,93,128],
[17,92,125],[18,63,131],[16,61,128],[14,59,125],[10,31,125],[11,33,128],[12,32,131],[30,47,160],[28,45,162],[29,43,161],
[9,40,160],[7,41,162],[8,42,161],[24,52,65],[23,54,66],[22,53,64],[4,27,137],[5,25,141],[6,26,139],[3,9,149],
[2,7,146],[1,8,143],[8,39,140],[7,37,138],[9,38,136],[10,39,131],[12,38,128],[11,37,125],[25,83,85],[27,82,86],
[26,84,87],[17,18,94],[13,14,96],[15,16,95],[36,124,144],[34,127,147],[35,130,150],[30,104,142],[28,105,148],[29,103,145],
[27,46,77],[25,48,76],[26,44,78],[18,25,140],[16,27,136],[14,26,138],[21,52,149],[19,53,146],[20,54,143],[27,28,149],
[25,30,143],[26,29,146],[19,39,137],[21,37,141],[20,38,139],[18,47,137],[16,45,139],[14,43,141],[8,34,146],[7,35,149],
[9,36,143],[26,56,72],[27,55,70],[25,57,68],[30,93,153],[28,92,152],[29,91,151],[3,80,92],[1,81,93],[2,79,91],
[67,89,122],[71,90,120],[69,88,118],[40,89,153],[42,90,151],[41,88,152],[9,31,78],[8,33,77],[7,32,76],[48,66,120],
[46,65,122],[44,64,118],[23,48,65],[24,46,64],[22,44,66],[34,47,138],[36,45,140],[35,43,136],[30,61,157],[28,59,158],
[29,63,159],[6,56,102],[4,55,98],[5,57,100],[44,58,113],[48,62,117],[46,60,115],[31,45,72],[33,47,70],[32,43,68],
[41,43,139],[40,45,137],[42,47,141],[27,54,140],[25,53,138],[26,52,136],[34,75,79],[35,74,80],[36,73,81],[39,83,98],
[37,84,100],[38,82,102],[52,88,102],[53,90,100],[54,89,98],[51,57,130],[50,56,124],[49,55,127],[102,154,155],[98,155,156],
[100,154,156],[24,61,149],[23,63,143],[22,59,146],[17,23,137],[15,24,139],[13,22,141],[12,139,150],[10,137,144],[11,141,147],
[79,107,154],[81,109,156],[80,111,155],[46,117,121],[48,113,119],[44,115,123],[28,101,102],[30,97,98],[29,99,100],[118,135,165],
[122,134,164],[120,133,163],[82,131,135],[83,125,134],[84,128,133],[47,57,87],[45,55,85],[43,56,86],[23,35,108],[24,34,110],
[22,36,106],[23,41,154],[24,42,156],[22,40,155],[33,112,120],[31,116,122],[32,114,118],[38,109,145],[37,111,142],[39,107,148],
[35,60,67],[34,58,69],[36,62,71],[42,48,79],[40,46,81],[41,44,80],[70,78,132],[68,77,126],[72,76,129],[49,136,148],
[50,138,145],[51,140,142],[68,70,72],[85,86,87],[49,107,148],[51,111,142],[50,109,145],[22,36,71],[23,35,67],[24,34,69],
[47,85,87],[43,86,87],[45,85,86],[83,134,164],[84,133,163],[82,135,165],[44,80,123],[48,79,119],[46,81,121],[42,79,107],
[41,80,111],[40,81,109],[13,22,155],[17,23,154],[15,24,156],[24,61,110],[22,59,106],[23,63,108],[28,102,155],[29,100,154],
[30,98,156],[41,139,150],[42,141,147],[40,137,144],[46,60,117],[44,58,115],[48,62,113],[5,100,156],[6,102,154],[4,98,155],
[34,47,57],[35,43,56],[36,45,55],[23,41,65],[22,40,66],[24,42,64],[46,122,164],[44,118,165],[48,120,163],[9,70,78],
[8,68,77],[7,72,76],[60,67,89],[58,69,88],[62,71,90],[3,80,155],[2,79,154],[1,81,156],[25,68,70],[26,68,72],
[27,70,72],[27,28,101],[26,29,99],[25,30,97],[4,23,137],[6,24,139],[5,22,141],[10,82,131],[12,84,128],[11,83,125],
[39,140,142],[38,136,148],[37,138,145],[3,61,149],[1,63,143],[2,59,146],[10,31,116],[12,32,114],[11,33,112],[9,77,126],
[7,78,132],[8,76,129],[33,120,153],[32,118,151],[31,122,152],[12,110,150],[11,106,147],[10,108,144],[38,95,145],[39,94,148],
[37,96,142],[8,34,75],[9,36,73],[7,35,74],[14,32,43],[16,31,45],[18,33,47],[19,39,83],[20,38,82],[21,37,84],
[21,52,88],[20,54,89],[19,53,90],[27,46,54],[26,44,52],[25,48,53],[30,61,104],[29,63,103],[28,59,105],[36,50,124],
[34,49,127],[35,51,130],[18,25,83],[14,26,84],[16,27,82],[30,47,93],[29,43,91],[28,45,92],[9,40,89],[7,41,88],
[8,42,90],[15,18,131],[14,17,125],[13,16,128],[54,66,147],[53,64,150],[52,65,144],[18,61,94],[16,59,95],[14,63,96],
[148,150,156],[142,144,154],[145,147,155],[36,153,158],[34,151,157],[35,152,159],[84,116,132],[83,114,129],[82,112,126],[89,127,129],
[88,124,126],[90,130,132],[18,81,107],[14,79,111],[16,80,109],[61,91,114],[59,93,112],[63,92,116],[23,90,124],[22,88,127],
[24,89,130],[120,123,167],[118,121,168],[119,122,166],[10,30,160],[11,29,161],[12,28,162],[41,60,162],[40,62,160],[42,58,161],
[15,60,162],[13,58,161],[17,62,160],[11,50,161],[10,51,160],[12,49,162],[15,18,107],[13,16,109],[14,17,111],[36,50,158],
[35,51,159],[34,49,157],[61,91,104],[59,93,105],[63,92,103],[21,88,126],[19,90,132],[20,89,129],[19,83,129],[20,82,126],
[21,84,132],[16,31,80],[18,33,81],[14,32,79],[120,153,167],[122,152,166],[118,151,168],[10,30,116],[11,29,112],[12,28,114],
[3,61,114],[2,59,112],[1,63,116],[11,83,114],[10,82,112],[12,84,116],[5,22,127],[6,24,130],[4,23,124],[1,148,156],
[3,145,155],[2,142,154],[60,89,127],[62,90,130],[58,88,124],[36,55,153],[35,56,152],[34,57,151],[5,150,156],[6,144,154],
[4,147,155],[41,60,117],[40,62,113],[42,58,115],[80,123,167],[81,121,168],[79,119,166],[24,69,89],[23,67,90],[22,71,88],
[54,106,147],[53,110,150],[52,108,144],[9,77,89],[8,76,90],[7,78,88],[37,96,145],[38,95,148],[39,94,142],[26,68,99],
[27,72,101],[25,70,97],[7,72,74],[9,70,73],[8,68,75],[46,54,164],[48,53,163],[44,52,165],[41,65,150],[40,66,144],
[42,64,147],[18,61,110],[14,63,108],[16,59,106],[15,30,156],[17,29,154],[13,28,155],[18,83,164],[16,82,165],[14,84,163],
[47,85,93],[45,86,92],[43,87,91],[41,51,111],[40,50,109],[42,49,107],[76,85,126],[77,86,132],[78,87,129],[68,116,117],
[72,112,113],[70,114,115],[55,69,150],[57,67,144],[56,71,147],[33,105,145],[31,103,142],[32,104,148],[56,64,147],[55,65,150],
[57,66,144],[70,73,115],[68,75,117],[72,74,113],[68,99,116],[70,97,114],[72,101,112],[31,94,142],[32,95,148],[33,96,145],
[5,69,150],[4,71,147],[6,67,144],[3,105,145],[1,104,148],[2,103,142],[21,86,132],[19,87,129],[20,85,126],[19,77,132],
[21,76,126],[20,78,129],[18,110,164],[14,108,163],[16,106,165],[54,106,164],[52,108,165],[53,110,163],[69,77,89],[71,78,88],
[67,76,90],[41,51,117],[42,49,115],[40,50,113],[5,60,127],[4,58,124],[6,62,130],[3,11,114],[1,12,116],[2,10,112],
[15,30,116],[13,28,114],[17,29,112],[55,153,167],[56,152,166],[57,151,168],[31,80,167],[32,79,166],[33,81,168],[86,92,103],
[87,91,104],[85,93,105],[11,50,158],[12,49,157],[10,51,159],[15,60,107],[17,62,111],[13,58,109],[19,160,161],[20,160,162],
[21,161,162],[106,111,157],[107,108,158],[109,110,159],[66,74,86],[65,75,87],[64,73,85],[77,95,97],[76,94,99],[78,96,101],
[5,50,161],[4,51,160],[6,49,162],[3,15,162],[1,17,160],[2,13,161],[1,19,160],[3,20,162],[2,21,161],[6,21,162],
[5,19,161],[4,20,160],[109,110,164],[106,111,165],[107,108,163],[66,86,103],[65,87,104],[64,85,105],[69,77,95],[67,76,94],
[71,78,96],[106,157,164],[110,159,163],[108,158,165],[19,77,97],[20,78,101],[21,76,99],[21,74,86],[20,73,85],[19,75,87],
[3,15,105],[2,13,103],[1,17,104],[5,50,69],[6,49,67],[4,51,71],[3,11,158],[2,10,159],[1,12,157],[5,60,107],
[4,58,109],[6,62,111],[31,94,167],[33,96,168],[32,95,166],[15,99,116],[17,101,112],[13,97,114],[50,74,113],[51,75,117],
[49,73,115],[57,66,168],[55,65,167],[56,64,166],[6,111,165],[5,107,163],[4,109,164],[50,69,74],[51,71,75],[49,67,73],
[13,97,103],[15,99,105],[17,101,104],[1,157,164],[2,159,163],[3,158,165],[69,95,166],[71,96,168],[67,94,167],[66,103,168],
[64,105,166],[65,104,167],[6,21,74],[5,19,75],[4,20,73],[1,19,97],[2,21,99],[3,20,101],[6,74,165],[4,73,164],
[5,75,163],[1,97,164],[3,101,165],[2,99,163],[97,103,168],[101,104,167],[99,105,166],[69,74,166],[67,73,167],[71,75,168],
[74,165,166],[75,163,168],[73,164,167],[97,164,168],[99,163,166],[101,165,167]];
###############################################################

