#SurfaceInfo: 288 Vertices, 1728 Edges, 1152 Faces, IsOrientable=true
 #Vertices of faces:
vof1:=[[286,287,288],[285,286,287],[284,286,288],[283,287,288],[280,281,282],[277,278,279],[274,275,276],[273,280,281],[272,277,278],[271,274,275],
[268,269,270],[265,266,267],[262,263,264],[259,260,261],[256,257,258],[253,254,255],[252,259,260],[251,260,261],[250,253,254],[249,256,257],
[248,254,255],[247,257,258],[244,245,246],[241,242,243],[238,239,240],[235,236,237],[232,233,234],[230,231,245],[229,231,244],[229,230,246],
[226,227,228],[223,224,225],[220,221,222],[217,218,219],[214,215,216],[212,213,218],[210,211,215],[207,208,209],[205,206,208],[204,205,208],
[203,207,208],[202,217,218],[201,214,215],[200,210,215],[199,212,218],[208,223,224],[218,226,227],[215,220,221],[204,208,223],[203,208,224],
[202,218,226],[201,215,220],[199,218,227],[200,215,221],[198,211,216],[197,206,209],[196,213,219],[198,201,211],[198,200,216],[196,199,219],
[196,202,213],[197,203,206],[197,204,209],[195,204,223],[194,203,224],[193,202,226],[192,200,221],[191,199,227],[190,201,220],[187,188,189],
[184,185,186],[181,182,183],[180,187,188],[179,184,185],[178,188,189],[177,181,182],[176,182,183],[175,185,186],[174,197,204],[173,196,199],
[172,197,203],[171,196,202],[170,198,200],[169,198,201],[168,190,201],[167,195,204],[166,192,200],[165,193,202],[164,191,199],[163,194,203],
[161,162,230],[159,160,229],[157,158,231],[197,205,207],[196,212,217],[198,210,214],[156,229,231],[155,230,231],[154,229,230],[180,201,211],
[179,204,209],[177,200,216],[176,199,219],[175,202,213],[178,203,206],[153,197,224],[152,197,223],[151,196,226],[150,198,220],[149,198,221],
[148,196,227],[147,222,236],[146,228,239],[145,228,240],[144,222,237],[143,225,234],[142,225,233],[141,148,227],[140,153,224],[139,150,220],
[138,152,223],[137,149,221],[136,151,226],[152,197,205],[150,198,214],[153,197,207],[149,198,210],[148,196,212],[151,196,217],[155,157,231],
[156,159,229],[156,158,231],[154,160,229],[154,161,230],[155,162,230],[169,198,221],[174,197,224],[172,197,223],[170,198,220],[171,196,227],
[173,196,226],[167,179,204],[166,177,200],[164,176,199],[163,178,203],[168,180,201],[165,175,202],[180,187,211],[179,184,209],[176,183,219],
[177,181,216],[178,189,206],[175,186,213],[134,135,169],[132,133,174],[131,133,172],[129,130,171],[128,130,173],[127,135,170],[124,125,126],
[121,122,123],[118,119,120],[235,238,242],[232,235,243],[232,238,241],[125,232,233],[122,238,239],[125,238,240],[119,235,236],[119,232,234],
[122,235,237],[130,239,240],[135,236,237],[133,233,234],[117,211,216],[116,213,219],[115,206,209],[128,227,228],[129,226,228],[132,223,225],
[127,221,222],[134,220,222],[131,224,225],[154,210,211],[156,207,209],[155,217,219],[154,214,216],[156,205,206],[155,212,213],[117,160,211],
[116,162,219],[117,161,216],[115,159,206],[115,158,209],[116,157,213],[134,135,237],[127,135,236],[132,133,234],[131,133,233],[128,130,240],
[129,130,239],[124,125,240],[121,122,237],[125,126,233],[122,123,239],[118,119,236],[119,120,234],[122,238,241],[125,238,242],[119,232,241],
[119,235,242],[122,235,243],[125,232,243],[128,146,228],[132,142,225],[127,144,222],[134,147,222],[131,143,225],[129,145,228],[154,187,211],
[156,184,209],[155,183,219],[154,181,216],[155,186,213],[156,189,206],[114,163,178],[113,165,175],[112,168,180],[111,164,176],[110,166,177],
[109,167,179],[135,169,221],[133,174,224],[133,172,223],[135,170,220],[130,173,226],[130,171,227],[156,158,205],[154,160,214],[154,161,210],
[155,157,217],[155,162,212],[156,159,207],[152,179,205],[148,176,212],[150,180,214],[153,178,207],[151,175,217],[149,177,210],[127,137,221],
[128,141,227],[132,138,223],[129,136,226],[131,140,224],[134,139,220],[108,110,111],[107,109,113],[106,112,114],[142,143,232],[144,147,235],
[145,146,238],[171,173,228],[169,170,222],[172,174,225],[154,244,245],[156,245,246],[155,244,246],[105,241,242],[104,241,243],[103,242,243],
[134,252,259],[127,249,256],[128,250,253],[129,251,261],[132,247,258],[131,248,255],[103,232,238],[105,232,235],[104,235,238],[117,230,245],
[116,231,244],[115,231,245],[117,229,244],[116,230,246],[115,229,246],[181,183,230],[187,189,229],[184,186,231],[102,192,221],[101,195,223],
[100,194,224],[99,191,227],[98,190,220],[97,193,226],[147,236,241],[143,234,242],[144,237,241],[145,240,243],[146,239,243],[142,233,242],
[99,228,240],[98,222,237],[100,225,233],[102,222,236],[97,228,239],[101,225,234],[99,191,250],[100,194,248],[101,195,247],[98,190,252],
[102,192,249],[97,193,251],[117,181,230],[116,186,231],[115,184,231],[117,187,229],[115,189,229],[116,183,230],[99,173,228],[98,169,222],
[97,171,228],[102,170,222],[101,174,225],[100,172,225],[105,142,232],[103,143,232],[103,146,238],[105,144,235],[104,145,238],[104,147,235],
[104,237,241],[105,236,241],[103,240,243],[105,234,242],[103,233,242],[104,239,243],[126,131,143],[124,128,146],[120,132,142],[118,127,144],
[123,129,145],[121,134,147],[134,139,252],[132,138,247],[127,137,249],[128,141,250],[131,140,248],[129,136,251],[100,133,224],[102,135,221],
[99,130,227],[101,133,223],[97,130,226],[98,135,220],[107,109,179],[106,112,180],[108,111,176],[108,110,177],[106,114,178],[107,113,175],
[154,187,245],[156,184,246],[155,183,244],[154,181,244],[155,186,246],[156,189,245],[99,124,240],[98,121,237],[100,126,233],[102,118,236],
[101,120,234],[97,123,239],[125,143,242],[119,144,241],[125,146,243],[119,142,242],[122,145,243],[122,147,241],[134,237,259],[127,236,256],
[128,240,253],[129,239,261],[132,234,258],[131,233,255],[115,159,245],[116,157,246],[117,160,245],[116,162,244],[115,158,246],[117,161,244],
[158,179,205],[160,180,214],[159,178,207],[161,177,210],[162,176,212],[157,175,217],[95,96,136],[93,94,138],[91,92,137],[89,90,141],
[87,88,139],[85,86,140],[122,259,261],[125,253,255],[119,256,258],[133,142,143],[130,145,146],[135,144,147],[117,210,214],[115,205,207],
[116,212,217],[141,173,199],[139,169,201],[136,171,202],[137,170,200],[138,174,204],[140,172,203],[93,138,204],[85,140,203],[89,141,199],
[95,136,202],[91,137,200],[87,139,201],[122,147,259],[122,145,261],[119,142,258],[125,143,255],[119,144,256],[125,146,253],[101,133,142],
[100,133,143],[102,135,144],[99,130,146],[98,135,147],[97,130,145],[94,138,247],[92,137,249],[90,141,250],[96,136,251],[86,140,248],
[88,139,252],[99,141,173],[98,139,169],[97,136,171],[101,138,174],[100,140,172],[102,137,170],[117,181,210],[116,183,212],[115,184,205],
[116,186,217],[117,187,214],[115,189,207],[158,186,246],[160,189,245],[159,187,245],[157,184,246],[161,183,244],[162,181,244],[107,158,179],
[106,160,180],[106,159,178],[107,157,175],[108,161,177],[108,162,176],[104,237,259],[105,236,256],[103,233,255],[103,240,253],[104,239,261],
[105,234,258],[104,123,145],[103,124,146],[105,120,142],[103,126,143],[104,121,147],[105,118,144],[101,120,247],[99,124,250],[98,121,252],
[97,123,251],[100,126,248],[102,118,249],[247,268,269],[249,268,270],[250,262,263],[251,265,266],[248,262,264],[252,265,267],[84,199,212],
[83,202,217],[82,201,214],[81,203,207],[80,200,210],[79,204,205],[123,251,265],[120,247,268],[124,250,262],[121,252,265],[118,249,268],
[126,248,262],[83,186,217],[81,189,207],[82,187,214],[79,184,205],[80,181,210],[84,183,212],[78,101,138],[77,99,141],[76,98,139],
[75,97,136],[74,102,137],[73,100,140],[94,247,269],[92,249,270],[90,250,263],[96,251,266],[88,252,267],[86,248,264],[82,87,201],
[84,89,199],[79,93,204],[83,95,202],[81,85,203],[80,91,200],[104,123,259],[105,120,256],[103,124,255],[103,126,253],[105,118,258],
[104,121,261],[107,158,186],[106,160,189],[106,159,187],[107,157,184],[108,162,181],[108,161,183],[101,142,258],[100,143,255],[99,146,253],
[102,144,256],[97,145,261],[98,147,259],[171,173,218],[169,170,215],[172,174,208],[161,162,182],[159,160,188],[157,158,185],[148,218,219],
[150,211,215],[151,213,218],[149,215,216],[152,208,209],[153,206,208],[84,162,219],[82,160,211],[83,157,213],[81,159,206],[79,158,209],
[80,161,216],[84,148,219],[82,150,211],[80,149,216],[83,151,213],[81,153,206],[79,152,209],[82,160,188],[79,158,185],[83,157,185],
[84,162,182],[80,161,182],[81,159,188],[150,169,215],[152,174,208],[148,173,218],[153,172,208],[151,171,218],[149,170,215],[82,87,112],
[84,89,111],[79,93,109],[83,95,113],[80,91,110],[81,85,114],[72,88,267],[71,94,269],[70,92,270],[69,90,263],[68,86,264],
[67,96,266],[123,259,265],[120,256,268],[118,258,268],[126,253,262],[121,261,265],[124,255,262],[74,102,256],[78,101,258],[73,100,255],
[77,99,253],[76,98,259],[75,97,261],[83,107,186],[81,106,189],[82,106,187],[79,107,184],[84,108,183],[80,108,181],[65,66,107],
[63,64,106],[61,62,108],[128,173,191],[134,169,190],[132,174,195],[131,172,194],[127,170,192],[129,171,193],[124,126,254],[118,120,257],
[121,123,260],[141,148,164],[139,150,168],[138,152,167],[137,149,166],[136,151,165],[140,153,163],[73,126,131],[77,124,128],[78,120,132],
[74,118,127],[76,121,134],[75,123,129],[60,76,139],[59,75,136],[58,78,138],[57,77,141],[56,73,140],[55,74,137],[59,75,266],
[57,77,263],[56,73,264],[55,74,270],[60,76,267],[58,78,269],[56,140,163],[59,136,165],[57,141,164],[60,139,168],[58,138,167],
[55,137,166],[73,126,254],[77,124,254],[78,120,257],[74,118,257],[75,123,260],[76,121,260],[76,134,190],[78,132,195],[74,127,192],
[75,129,193],[73,131,194],[77,128,191],[83,151,165],[81,153,163],[84,148,164],[82,150,168],[79,152,167],[80,149,166],[65,83,107],
[63,81,106],[64,82,106],[66,79,107],[61,80,108],[62,84,108],[54,71,94],[53,67,96],[52,72,88],[51,69,90],[50,70,92],
[49,68,86],[152,174,195],[148,173,191],[150,169,190],[153,172,194],[149,170,192],[151,171,193],[76,259,265],[74,256,268],[78,258,268],
[77,253,262],[73,255,262],[75,261,265],[82,112,188],[81,114,188],[84,111,182],[79,109,185],[80,110,182],[83,113,185],[47,48,265],
[45,46,268],[43,44,262],[42,273,280],[41,273,281],[40,271,274],[39,272,277],[38,272,278],[37,271,275],[88,168,190],[94,167,195],
[92,166,192],[96,165,193],[86,163,194],[90,164,191],[62,176,182],[63,178,188],[64,180,188],[65,175,185],[61,177,182],[66,179,185],
[93,152,179],[89,148,176],[87,150,180],[85,153,178],[91,149,177],[95,151,175],[39,114,163],[42,113,165],[38,112,168],[40,111,164],
[41,109,167],[37,110,166],[65,95,175],[66,93,179],[61,91,177],[62,89,176],[64,87,180],[63,85,178],[36,42,280],[35,40,274],
[34,39,277],[33,38,278],[32,37,275],[31,41,281],[39,114,272],[42,113,273],[38,112,272],[40,111,271],[37,110,271],[41,109,273],
[63,112,188],[64,114,188],[65,109,185],[62,110,182],[66,113,185],[61,111,182],[47,76,265],[45,78,268],[46,74,268],[43,77,262],
[48,75,265],[44,73,262],[93,152,195],[89,148,191],[87,150,190],[85,153,194],[95,151,193],[91,149,192],[52,88,168],[54,94,167],
[50,92,166],[53,96,165],[51,90,164],[49,86,163],[76,88,190],[78,94,195],[74,92,192],[75,96,193],[77,90,191],[73,86,194],
[37,55,166],[41,58,167],[39,56,163],[42,59,165],[38,60,168],[40,57,164],[64,82,168],[66,79,167],[61,80,166],[65,83,165],
[62,84,164],[63,81,163],[75,260,266],[73,254,264],[74,257,270],[77,254,263],[76,260,267],[78,257,269],[42,95,96],[41,93,94],
[40,89,90],[37,91,92],[39,85,86],[38,87,88],[47,252,260],[43,250,254],[44,248,254],[45,247,257],[48,251,260],[46,249,257],
[58,195,247],[57,191,250],[56,194,248],[60,190,252],[59,193,251],[55,192,249],[47,60,252],[45,58,247],[43,57,250],[44,56,248],
[46,55,249],[48,59,251],[47,260,266],[48,260,267],[46,257,269],[43,254,264],[44,254,263],[45,257,270],[38,60,72],[37,55,70],
[41,58,71],[39,56,68],[40,57,69],[42,59,67],[58,93,195],[60,87,190],[57,89,191],[56,85,194],[55,91,192],[59,95,193],
[31,41,94],[36,42,96],[35,40,90],[34,39,86],[33,38,88],[32,37,92],[42,65,95],[41,66,93],[37,61,91],[40,62,89],
[38,64,87],[39,63,85],[52,64,168],[54,66,167],[50,61,166],[53,65,165],[49,63,163],[51,62,164],[47,76,88],[45,78,94],
[46,74,92],[44,73,86],[43,77,90],[48,75,96],[64,114,272],[66,113,273],[61,111,271],[63,112,272],[65,109,273],[62,110,271],
[28,29,30],[25,26,27],[22,23,24],[21,65,66],[20,61,62],[19,63,64],[21,109,113],[19,112,114],[20,110,111],[29,67,266],
[29,72,267],[26,71,269],[26,70,270],[23,69,263],[23,68,264],[52,87,112],[51,89,111],[54,93,109],[49,85,114],[53,95,113],
[50,91,110],[21,54,109],[21,53,113],[19,52,112],[20,51,111],[19,49,114],[20,50,110],[28,29,72],[25,26,70],[26,27,71],
[22,23,68],[29,30,67],[23,24,69],[29,47,266],[29,48,267],[26,46,269],[26,45,270],[23,43,264],[23,44,263],[19,38,64],
[21,42,65],[21,41,66],[20,37,61],[19,39,63],[20,40,62],[53,59,95],[51,57,89],[49,56,85],[50,55,91],[54,58,93],
[52,60,87],[52,64,272],[54,66,273],[53,65,273],[50,61,271],[51,62,271],[49,63,272],[33,47,88],[36,48,96],[32,46,92],
[31,45,94],[35,43,90],[34,44,86],[48,59,67],[47,60,72],[43,57,69],[44,56,68],[46,55,70],[45,58,71],[17,18,273],
[15,16,272],[13,14,271],[10,11,12],[7,8,9],[4,5,6],[8,11,283],[5,11,285],[5,8,284],[3,266,267],[2,263,264],
[1,269,270],[7,281,282],[6,280,282],[4,278,279],[12,274,276],[10,277,279],[9,275,276],[5,28,30],[8,25,27],[11,22,24],
[3,47,48],[2,43,44],[1,45,46],[36,59,266],[35,57,263],[34,56,264],[32,55,270],[31,58,269],[33,60,267],[54,71,281],
[53,67,280],[52,72,278],[51,69,274],[49,68,277],[50,70,275],[15,38,72],[13,37,70],[17,41,71],[16,39,68],[18,42,67],
[14,40,69],[7,71,281],[6,67,280],[4,72,278],[12,69,274],[9,70,275],[10,68,277],[3,36,266],[2,35,263],[2,34,264],
[1,32,270],[3,33,267],[1,31,269],[11,24,283],[8,25,283],[8,27,284],[5,30,284],[11,22,285],[5,28,285],[7,8,282],
[10,11,279],[8,9,276],[4,5,279],[5,6,282],[11,12,276],[1,45,71],[3,48,67],[3,47,72],[2,43,69],[1,46,70],
[2,44,68],[17,54,273],[18,53,273],[15,52,272],[13,50,271],[14,51,271],[16,49,272],[36,53,59],[35,51,57],[34,49,56],
[32,50,55],[33,52,60],[31,54,58],[18,21,42],[17,21,41],[16,19,39],[13,20,37],[14,20,40],[15,19,38],[15,28,72],
[18,30,67],[13,25,70],[17,27,71],[14,24,69],[16,22,68],[21,54,281],[21,53,280],[19,52,278],[20,51,274],[20,50,275],
[19,49,277],[29,33,47],[29,36,48],[26,32,46],[26,31,45],[23,34,44],[23,35,43],[17,18,282],[13,14,276],[15,16,279],
[4,6,29],[7,9,26],[10,12,23],[8,11,286],[5,8,287],[5,11,288],[30,36,280],[24,35,274],[22,34,277],[28,33,278],
[27,31,281],[25,32,275],[4,29,33],[6,29,36],[9,26,32],[12,23,35],[10,23,34],[7,26,31],[18,30,282],[15,28,279],
[14,24,276],[17,27,282],[16,22,279],[13,25,276],[8,282,286],[11,279,286],[8,276,287],[5,282,288],[11,276,288],[5,279,287],
[27,281,284],[30,280,284],[28,278,285],[24,274,283],[22,277,285],[25,275,283],[1,25,32],[3,30,36],[2,24,35],[2,22,34],
[1,27,31],[3,28,33],[18,21,281],[17,21,280],[16,19,278],[13,20,274],[15,19,277],[14,20,275],[15,33,52],[18,36,53],
[14,35,51],[16,34,49],[17,31,54],[13,32,50],[1,7,71],[3,6,67],[3,4,72],[2,12,69],[2,10,68],[1,9,70],
[4,15,33],[6,18,36],[7,17,31],[10,16,34],[12,14,35],[9,13,32],[3,4,30],[3,6,28],[1,7,25],[2,10,24],
[2,12,22],[1,9,27],[15,277,285],[18,281,284],[17,280,284],[16,278,285],[14,275,283],[13,274,283],[30,282,286],[28,279,286],
[25,276,288],[24,276,287],[22,279,287],[27,282,288],[4,15,285],[6,18,284],[7,17,284],[10,16,285],[9,13,283],[12,14,283],
[4,30,286],[6,28,286],[7,25,288],[10,24,287],[9,27,288],[12,22,287],[4,285,286],[6,284,286],[7,284,288],[10,285,287],
[12,283,287],[9,283,288]];
###############################################################

#SurfaceInfo: 288 Vertices, 1728 Edges, 1152 Faces, IsOrientable=true
 #Vertices of faces:
vof2:=[[286,287,288],[285,286,287],[284,286,288],[283,287,288],[280,281,282],[277,278,279],[275,276,278],[273,274,277],[271,272,279],[268,269,270],
[266,267,269],[265,266,268],[266,268,269],[262,263,264],[259,260,261],[256,257,258],[253,254,255],[250,251,252],[247,248,249],[249,258,265],
[244,245,246],[241,242,243],[252,255,267],[261,264,270],[238,239,240],[236,237,240],[234,235,239],[232,233,245],[230,231,242],[228,229,243],
[226,227,246],[225,275,276],[224,273,274],[223,271,272],[221,222,281],[219,220,280],[217,218,282],[221,222,238],[217,218,244],[219,220,241],
[214,215,216],[211,212,213],[209,210,215],[207,208,212],[204,205,206],[201,202,203],[199,200,202],[197,198,205],[194,195,196],[191,192,193],
[189,190,195],[187,188,192],[187,191,192],[189,194,195],[199,201,202],[197,204,205],[207,211,212],[209,214,215],[186,221,238],[185,217,244],
[184,219,241],[183,218,244],[182,220,241],[181,222,238],[178,179,180],[175,176,177],[172,173,174],[169,170,171],[167,168,179],[165,166,211],
[163,164,180],[161,162,197],[159,160,178],[157,158,189],[155,156,207],[153,154,170],[151,152,169],[149,150,204],[147,148,194],[145,146,171],
[166,175,176],[144,178,179],[143,179,180],[162,176,177],[158,175,177],[142,178,180],[141,169,170],[156,172,173],[140,169,171],[150,172,174],
[139,170,171],[148,173,174],[136,137,138],[135,153,167],[132,133,134],[131,151,163],[128,129,130],[127,145,159],[126,135,167],[136,137,175],
[125,131,163],[132,133,176],[136,138,172],[124,135,153],[132,134,174],[123,131,151],[128,129,173],[122,127,145],[121,127,159],[128,130,177],
[144,167,179],[165,166,175],[161,162,176],[143,163,180],[142,159,178],[157,158,177],[155,156,172],[141,153,170],[149,150,174],[140,151,169],
[147,148,173],[139,145,171],[136,165,175],[126,144,167],[132,161,176],[125,143,163],[124,141,153],[136,155,172],[123,140,151],[132,149,174],
[122,139,145],[128,147,173],[128,157,177],[121,142,159],[120,165,167],[117,118,119],[115,116,118],[114,147,153],[111,112,113],[110,149,151],
[109,157,163],[107,108,112],[104,105,106],[103,145,155],[102,159,161],[100,101,105],[99,126,144],[98,136,165],[97,125,143],[96,132,161],
[95,121,142],[94,128,157],[93,136,155],[92,124,141],[91,132,149],[90,123,140],[89,128,147],[88,122,139],[87,153,167],[118,137,138],
[86,151,163],[112,133,134],[85,145,159],[105,129,130],[117,118,138],[87,165,167],[87,147,153],[115,118,137],[111,112,133],[86,149,151],
[107,112,134],[86,157,163],[85,145,155],[104,105,130],[100,105,129],[85,159,161],[99,126,138],[84,98,165],[83,96,161],[97,125,129],
[88,122,137],[82,89,147],[92,124,130],[81,93,155],[90,123,133],[80,91,149],[79,94,157],[95,121,134],[84,87,165],[99,117,138],
[79,86,157],[95,107,134],[80,86,149],[90,111,133],[88,115,137],[82,87,147],[97,100,129],[83,85,161],[92,104,130],[81,85,155],
[215,227,233],[118,248,257],[112,251,254],[202,229,231],[192,235,237],[105,260,263],[78,118,257],[104,215,227],[77,118,248],[117,215,233],
[100,202,231],[76,112,251],[111,202,229],[75,112,254],[74,105,260],[107,192,235],[73,105,263],[115,192,237],[72,99,117],[84,87,116],
[81,85,119],[71,92,104],[70,97,100],[83,85,113],[82,87,101],[69,88,115],[68,90,111],[80,86,108],[67,95,107],[79,86,106],
[66,218,219],[127,271,274],[65,217,221],[135,272,276],[64,220,222],[131,273,275],[63,186,221],[135,186,238],[62,184,219],[127,185,244],
[135,184,241],[61,185,217],[127,182,241],[60,183,218],[59,181,222],[131,181,238],[58,182,220],[131,183,244],[57,189,194],[66,187,191],
[64,209,214],[56,207,211],[55,197,204],[65,199,201],[137,175,186],[54,126,135],[133,176,182],[53,125,131],[138,172,185],[52,124,135],
[51,123,131],[134,174,181],[129,173,184],[50,122,127],[130,177,183],[49,121,127],[48,118,119],[104,120,165],[114,117,147],[47,116,118],
[46,112,113],[100,110,149],[109,111,157],[45,108,112],[103,107,155],[44,105,106],[43,101,105],[102,115,161],[54,126,150],[137,186,193],
[50,122,158],[129,184,200],[134,181,188],[51,123,166],[52,124,162],[138,185,216],[53,125,156],[133,182,203],[49,121,148],[130,183,210],
[50,127,244],[62,173,184],[61,172,185],[52,135,241],[60,177,183],[49,127,241],[54,135,238],[63,175,186],[51,131,238],[59,174,181],
[53,131,244],[58,176,182],[66,80,191],[42,57,189],[66,84,187],[41,57,194],[65,82,201],[40,55,197],[39,55,204],[65,83,199],
[38,56,211],[64,81,209],[64,79,214],[37,56,207],[127,185,271],[62,66,219],[61,65,217],[135,184,276],[60,66,218],[127,182,274],
[135,186,272],[63,65,221],[131,181,273],[59,64,222],[131,183,275],[58,64,220],[104,120,227],[48,78,118],[102,115,237],[43,73,105],
[44,74,105],[103,107,235],[45,75,112],[109,111,229],[100,110,231],[46,76,112],[114,117,233],[47,77,118],[47,84,116],[72,117,147],
[44,79,106],[67,107,155],[45,80,108],[68,111,157],[69,115,161],[43,82,101],[70,100,149],[46,83,113],[71,104,165],[48,81,119],
[43,236,237],[44,234,235],[47,230,231],[46,232,233],[45,226,227],[48,228,229],[44,244,245],[176,258,265],[177,255,267],[46,241,242],
[47,238,239],[175,264,270],[48,244,246],[173,249,265],[172,252,267],[43,241,243],[45,238,240],[174,261,270],[158,235,239],[162,233,245],
[166,231,242],[156,229,243],[150,227,246],[148,237,240],[58,225,275],[61,225,276],[59,223,271],[62,224,273],[60,223,272],[63,224,274],
[36,262,263],[35,253,254],[34,256,257],[33,250,251],[32,247,248],[31,259,260],[121,215,216],[30,211,213],[29,207,208],[123,210,215],
[28,204,206],[122,202,203],[126,200,202],[27,197,198],[124,192,193],[26,194,196],[125,188,192],[25,189,190],[62,165,211],[81,168,179],
[61,161,197],[82,164,180],[80,160,178],[59,157,189],[79,154,170],[58,155,207],[60,149,204],[83,152,169],[84,146,171],[63,147,194],
[134,167,168],[166,199,211],[138,163,164],[162,197,214],[158,187,189],[129,159,160],[156,201,207],[133,153,154],[150,204,209],[137,151,152],
[148,191,194],[130,145,146],[144,178,245],[74,166,176],[77,162,177],[143,179,242],[142,180,239],[76,158,175],[75,156,173],[141,169,246],
[73,150,172],[140,171,243],[78,148,174],[139,170,240],[24,126,138],[84,98,197],[23,125,129],[83,96,189],[22,121,134],[79,94,211],
[81,93,194],[21,124,130],[80,91,207],[20,123,133],[82,89,204],[19,122,137],[35,104,215],[30,78,257],[33,117,215],[29,77,248],
[32,100,202],[28,76,251],[27,75,254],[34,111,202],[31,107,192],[26,74,260],[36,115,192],[25,73,263],[94,199,211],[22,134,167],
[21,130,145],[93,191,194],[19,137,151],[89,204,209],[20,133,153],[91,201,207],[23,129,159],[96,187,189],[98,197,214],[24,138,163],
[30,78,213],[35,121,215],[25,73,190],[36,125,192],[26,74,196],[31,124,192],[34,126,202],[27,75,198],[28,76,206],[32,122,202],
[29,77,208],[33,123,215],[27,84,197],[24,126,200],[19,122,203],[28,82,204],[20,123,210],[29,80,207],[21,124,193],[26,81,194],
[30,79,211],[22,121,216],[25,83,189],[23,125,188],[74,176,265],[44,144,245],[78,174,270],[45,139,240],[43,140,243],[73,172,267],
[48,141,246],[75,173,265],[76,175,270],[47,142,239],[46,143,242],[77,177,267],[74,166,231],[162,178,245],[78,148,237],[148,170,240],
[73,150,227],[156,171,243],[150,169,246],[75,156,229],[76,158,235],[158,180,239],[166,179,242],[77,162,233],[25,36,263],[36,115,262],
[30,34,257],[35,104,253],[31,107,259],[26,31,260],[27,35,254],[34,111,256],[32,100,247],[28,33,251],[29,32,248],[33,117,250],
[62,173,249],[48,50,244],[58,176,258],[44,53,244],[59,174,261],[45,51,238],[63,175,264],[47,54,238],[43,52,241],[61,172,252],
[46,49,241],[60,177,255],[63,72,147],[47,84,146],[48,81,168],[62,71,165],[46,83,152],[60,70,149],[43,82,164],[61,69,161],
[59,68,157],[45,80,160],[58,67,155],[44,79,154],[48,78,228],[45,120,227],[46,114,233],[47,77,230],[46,76,232],[47,110,231],
[48,109,229],[45,75,226],[44,74,234],[44,103,235],[43,102,237],[43,73,236],[62,66,224],[59,185,271],[63,65,224],[60,186,272],
[63,182,274],[60,66,223],[61,184,276],[61,65,225],[59,64,223],[62,181,273],[58,183,275],[58,64,225],[64,81,179],[38,62,211],
[41,63,194],[66,84,171],[65,83,169],[39,60,204],[37,58,207],[64,79,170],[42,59,189],[66,80,178],[40,61,197],[65,82,180],
[137,152,193],[54,150,209],[130,146,210],[49,148,191],[133,154,203],[53,156,201],[52,162,214],[138,164,216],[51,166,199],[134,168,188],
[129,160,200],[50,158,187],[55,280,281],[136,277,278],[56,281,282],[132,278,279],[57,280,282],[128,277,279],[98,222,281],[91,221,281],
[94,217,282],[89,220,280],[93,218,282],[96,219,280],[32,120,167],[94,117,119],[36,114,153],[91,115,116],[35,110,151],[89,111,113],
[98,107,108],[31,109,163],[34,103,145],[93,104,106],[96,100,101],[33,102,159],[25,98,136],[99,144,281],[30,96,132],[97,143,282],
[88,139,282],[29,89,128],[92,141,280],[28,93,136],[90,140,281],[26,91,132],[27,94,128],[95,142,280],[42,57,210],[18,80,191],
[17,84,187],[41,57,200],[38,56,193],[16,81,209],[15,79,214],[37,56,216],[40,55,203],[14,82,201],[13,83,199],[39,55,188],
[75,186,193],[12,126,150],[78,183,210],[11,121,148],[73,182,203],[10,125,156],[74,185,216],[9,124,162],[8,123,166],[77,181,188],
[76,184,200],[7,122,158],[89,142,280],[27,94,217],[28,93,218],[96,141,280],[94,139,282],[29,89,220],[93,143,282],[30,96,219],
[91,144,281],[25,98,222],[26,91,221],[98,140,281],[55,99,281],[25,136,277],[27,128,279],[57,95,280],[26,132,279],[56,90,281],
[28,136,278],[55,92,280],[29,128,277],[57,88,282],[56,97,282],[30,132,278],[11,35,121],[78,210,213],[77,188,208],[8,33,123],
[7,32,122],[76,200,206],[75,193,198],[12,34,126],[9,31,124],[74,196,216],[73,190,203],[10,36,125],[16,54,209],[38,152,193],
[41,160,200],[17,50,187],[39,168,188],[13,51,199],[37,164,216],[15,52,214],[14,53,201],[40,154,203],[18,49,191],[42,146,210],
[93,104,253],[30,34,103],[94,117,250],[29,32,120],[28,33,102],[96,100,247],[89,111,256],[27,35,110],[26,31,109],[98,107,259],
[91,115,262],[25,36,114],[9,162,178],[74,185,231],[77,181,233],[8,166,179],[7,158,180],[76,184,235],[75,186,229],[12,150,169],
[10,156,171],[73,182,227],[11,148,170],[78,183,237],[24,57,200],[17,27,84],[23,55,188],[13,25,83],[22,56,216],[15,30,79],
[16,26,81],[21,56,193],[18,29,80],[20,57,210],[14,28,82],[19,55,203],[22,32,167],[94,119,199],[24,31,163],[98,108,214],
[96,101,187],[23,33,159],[91,116,201],[20,36,153],[89,113,209],[19,35,151],[93,106,191],[21,34,145],[66,178,224],[42,59,185],
[64,170,225],[37,58,183],[38,62,181],[64,179,223],[65,180,225],[40,61,184],[66,171,223],[41,63,182],[39,60,186],[65,169,224],
[62,71,249],[48,50,168],[60,70,255],[46,49,152],[61,69,252],[43,52,164],[47,54,146],[63,72,264],[45,51,160],[59,68,261],
[44,53,154],[58,67,258],[44,103,144],[74,234,265],[46,114,143],[77,230,267],[47,110,142],[76,232,270],[75,226,265],[48,109,141],
[73,236,267],[43,102,140],[45,120,139],[78,228,270],[86,249,258],[205,245,246],[85,261,264],[195,239,240],[87,252,255],[212,242,243],
[113,236,240],[101,232,245],[108,230,242],[106,228,243],[116,226,246],[119,234,239],[146,263,264],[160,260,261],[154,254,255],[152,257,258],
[164,248,249],[168,251,252],[110,268,270],[114,265,266],[103,267,269],[102,265,268],[109,266,267],[120,269,270],[31,212,213],[6,214,216],
[5,187,188],[33,190,195],[4,191,193],[34,195,196],[32,198,205],[3,199,200],[2,201,203],[36,205,206],[35,208,212],[1,209,210],
[87,116,196],[72,99,243],[86,106,206],[67,95,246],[86,108,190],[68,90,245],[87,101,213],[69,88,242],[85,113,208],[70,97,240],
[85,119,198],[71,92,239],[37,39,41],[50,51,52],[49,53,54],[38,40,42],[97,113,240],[113,208,236],[116,196,226],[99,106,243],
[92,119,239],[119,198,234],[88,108,242],[101,213,232],[108,190,230],[90,101,245],[95,116,246],[106,206,228],[72,212,243],[87,196,255],
[71,195,239],[85,198,261],[70,195,240],[85,208,264],[87,213,252],[69,212,242],[68,205,245],[86,190,249],[86,206,258],[67,205,246],
[1,210,213],[11,35,212],[10,36,205],[2,190,203],[6,196,216],[9,31,212],[12,34,195],[4,193,198],[3,200,206],[7,32,205],
[8,33,195],[5,188,208],[103,144,269],[114,234,265],[120,228,270],[120,139,269],[102,140,268],[109,236,267],[109,141,266],[102,226,265],
[110,232,270],[110,142,268],[103,230,267],[114,143,266],[72,146,264],[54,146,263],[50,168,251],[71,164,249],[67,152,258],[53,154,254],
[51,160,260],[68,160,261],[52,164,248],[69,168,252],[70,154,255],[49,152,257],[3,119,199],[22,32,198],[21,34,196],[4,106,191],
[1,113,209],[19,35,208],[20,36,206],[2,116,201],[23,33,190],[5,101,187],[6,108,214],[24,31,213],[38,42,152],[16,53,54],
[40,42,146],[18,49,54],[38,40,154],[14,49,53],[15,50,52],[37,39,164],[13,51,52],[39,41,168],[17,50,51],[37,41,160],
[42,185,231],[9,178,224],[37,183,237],[11,170,225],[10,171,223],[41,182,227],[12,169,224],[39,186,229],[40,184,235],[7,180,225],
[8,179,223],[38,181,233],[13,25,277],[23,55,99],[15,30,278],[22,56,97],[20,57,88],[18,29,277],[19,55,92],[14,28,278],
[21,56,90],[16,26,279],[17,27,279],[24,57,95],[27,110,217],[89,142,256],[98,140,259],[26,109,221],[25,114,222],[91,144,262],
[30,103,219],[93,143,253],[29,120,220],[94,139,250],[96,141,247],[28,102,218],[19,275,278],[22,276,278],[20,272,279],[24,273,277],
[21,274,277],[23,271,279],[223,248,257],[227,233,284],[229,231,283],[224,251,254],[225,260,263],[235,237,285],[23,99,271],[13,21,277],
[21,90,274],[16,23,279],[15,19,278],[22,97,276],[18,24,277],[20,88,272],[24,95,273],[17,20,279],[14,22,278],[19,92,275],
[9,224,254],[42,231,283],[7,225,263],[40,235,285],[41,227,284],[10,223,248],[37,237,285],[11,225,260],[39,229,283],[12,224,251],
[8,223,257],[38,233,284],[16,53,254],[42,67,152],[18,54,263],[40,72,146],[41,69,168],[13,52,248],[37,68,160],[17,51,260],
[39,71,164],[15,50,251],[14,49,257],[38,70,154],[102,218,226],[141,247,266],[143,253,266],[103,219,230],[109,221,236],[140,259,268],
[142,256,268],[110,217,232],[139,250,269],[120,220,228],[144,262,269],[114,222,234],[7,67,205],[3,206,258],[6,196,255],[9,72,212],
[11,69,212],[1,213,252],[2,190,249],[10,68,205],[4,198,261],[12,71,195],[5,208,264],[8,70,195],[4,99,106],[21,196,226],
[5,90,101],[23,190,230],[24,213,232],[6,88,108],[19,208,236],[1,97,113],[2,95,116],[20,206,228],[22,198,234],[3,92,119],
[8,262,264],[12,259,261],[7,253,255],[9,256,258],[11,247,249],[10,250,252],[266,271,274],[218,219,288],[217,221,286],[268,272,276],
[269,273,275],[220,222,287],[8,70,262],[5,8,264],[12,71,259],[4,12,261],[3,9,258],[7,67,253],[9,72,256],[6,7,255],
[1,10,252],[11,69,247],[2,11,249],[10,68,250],[218,226,288],[247,266,271],[219,230,288],[253,266,274],[259,268,276],[221,236,286],
[256,268,272],[217,232,286],[220,228,287],[250,269,273],[222,234,287],[262,269,275],[42,67,283],[9,16,254],[40,72,285],[7,18,263],
[10,13,248],[41,69,284],[11,17,260],[37,68,285],[12,15,251],[39,71,283],[38,70,284],[8,14,257],[13,21,226],[4,99,271],
[16,23,230],[5,90,274],[1,97,276],[15,19,236],[6,88,272],[18,24,232],[17,20,228],[2,95,273],[3,92,275],[14,22,234],
[67,253,283],[3,9,16],[6,7,18],[72,256,285],[69,247,284],[1,10,13],[4,12,15],[71,259,283],[68,250,285],[2,11,17],
[5,8,14],[70,262,284],[4,247,271],[13,226,288],[5,253,274],[16,230,288],[15,236,286],[1,259,276],[18,232,286],[6,256,272],
[2,250,273],[17,228,287],[14,234,287],[3,262,275],[6,256,285],[6,18,286],[1,13,288],[4,247,284],[1,259,283],[4,15,286],
[3,16,288],[5,253,283],[2,17,287],[2,250,285],[3,262,284],[5,14,287],[6,285,286],[4,284,286],[1,283,288],[2,285,287],
[5,283,287],[3,284,288]];
###############################################################

#SurfaceInfo: 588 Vertices, 1764 Edges, 1176 Faces, IsOrientable=true
 #Vertices of faces:
vof3:=[[586,587,588],[585,586,587],[584,586,588],[583,587,588],[580,581,582],[577,578,579],[574,575,576],[571,572,573],[568,569,570],[565,566,567],
[562,563,564],[559,560,561],[556,557,558],[553,554,555],[550,551,552],[547,548,549],[544,545,546],[541,542,543],[538,539,540],[535,536,537],
[532,533,534],[529,530,531],[526,527,528],[523,524,525],[520,521,522],[519,523,524],[518,526,527],[517,520,521],[516,518,526],[515,519,523],
[514,517,520],[513,519,524],[512,517,521],[511,518,527],[510,553,554],[509,538,539],[508,544,545],[507,547,548],[506,550,551],[505,541,542],
[504,562,563],[503,556,557],[502,559,560],[501,535,536],[500,529,530],[499,532,533],[497,498,519],[495,496,517],[493,494,518],[492,510,553],
[491,506,550],[490,508,544],[489,509,538],[488,505,541],[487,507,547],[486,510,554],[485,508,545],[484,509,539],[483,506,551],[482,505,542],
[481,507,548],[480,502,559],[479,504,562],[478,502,560],[477,504,563],[476,503,556],[475,503,557],[474,501,535],[473,500,529],[472,501,536],
[471,499,532],[470,499,533],[469,500,530],[493,516,518],[497,513,519],[495,512,517],[494,511,518],[498,515,519],[496,514,517],[467,468,509],
[465,466,505],[463,464,510],[461,462,508],[459,460,506],[457,458,507],[455,456,502],[453,454,504],[451,452,503],[497,498,499],[493,494,500],
[495,496,501],[473,493,500],[472,496,501],[471,497,499],[470,498,499],[474,495,501],[469,494,500],[463,492,510],[467,489,509],[461,490,508],
[457,487,507],[459,491,506],[465,488,505],[464,486,510],[462,485,508],[468,484,509],[460,483,506],[458,481,507],[466,482,505],[455,480,502],
[456,478,502],[453,477,504],[451,476,503],[452,475,503],[454,479,504],[450,493,516],[449,498,515],[448,494,511],[447,497,513],[446,496,514],
[445,495,512],[444,553,555],[443,550,552],[442,547,549],[441,544,546],[440,538,540],[439,541,543],[437,438,555],[435,436,549],[433,434,552],
[431,432,546],[429,430,540],[427,428,543],[426,554,555],[425,551,552],[424,545,546],[423,542,543],[422,539,540],[421,548,549],[418,419,420],
[415,416,417],[412,413,414],[409,410,411],[406,407,408],[403,404,405],[400,401,402],[397,398,399],[394,395,396],[391,392,393],[388,389,390],
[385,386,387],[384,535,537],[383,532,534],[382,529,531],[381,536,537],[380,530,531],[379,533,534],[455,456,534],[453,454,537],[451,452,531],
[402,492,553],[399,491,550],[396,487,547],[387,489,538],[393,490,544],[390,488,541],[420,486,554],[405,483,551],[411,485,545],[414,484,539],
[417,481,548],[408,482,542],[416,474,535],[413,473,529],[419,472,536],[407,469,530],[410,471,532],[404,470,533],[389,395,398],[386,392,401],
[384,416,535],[381,419,536],[382,413,529],[380,407,530],[379,404,533],[383,410,532],[379,455,534],[383,456,534],[384,454,537],[382,451,531],
[380,452,531],[381,453,537],[389,394,395],[385,386,401],[388,389,398],[395,397,398],[386,391,392],[392,400,401],[415,416,474],[412,413,473],
[418,419,472],[406,407,469],[403,404,470],[409,410,471],[402,444,553],[399,443,550],[396,442,547],[387,440,538],[390,439,541],[393,441,544],
[420,426,554],[417,421,548],[405,425,551],[414,422,539],[408,423,542],[411,424,545],[418,420,486],[409,411,485],[412,414,484],[403,405,483],
[406,408,482],[415,417,481],[400,402,492],[397,399,491],[394,396,487],[388,390,488],[385,387,489],[391,393,490],[437,444,555],[433,443,552],
[431,441,546],[435,442,549],[427,439,543],[429,440,540],[426,438,555],[425,434,552],[423,428,543],[421,436,549],[422,430,540],[424,432,546],
[378,467,489],[377,463,492],[376,459,491],[375,457,487],[374,465,488],[373,461,490],[372,464,486],[371,466,482],[370,468,484],[369,460,483],
[368,462,485],[367,458,481],[366,455,480],[365,456,478],[364,453,477],[363,451,476],[362,454,479],[361,452,475],[445,474,495],[450,473,493],
[447,471,497],[449,470,498],[448,469,494],[446,472,496],[360,416,417],[359,404,405],[358,419,420],[357,407,408],[356,413,414],[355,410,411],
[354,395,396],[353,389,390],[352,386,387],[351,401,402],[350,398,399],[349,392,393],[351,402,444],[350,399,443],[349,393,441],[354,396,442],
[353,390,439],[352,387,440],[348,426,438],[347,425,434],[346,421,436],[345,422,430],[344,424,432],[343,423,428],[342,437,444],[341,435,442],
[340,433,443],[339,431,441],[338,429,440],[337,427,439],[360,417,421],[359,405,425],[358,420,426],[356,414,422],[355,411,424],[357,408,423],
[354,395,397],[352,386,391],[353,389,394],[351,385,401],[349,392,400],[350,388,398],[360,384,416],[359,379,404],[355,383,410],[358,381,419],
[356,382,413],[357,380,407],[377,400,492],[376,397,491],[375,394,487],[373,391,490],[378,385,489],[374,388,488],[372,418,486],[368,409,485],
[370,412,484],[369,403,483],[367,415,481],[371,406,482],[418,446,472],[415,445,474],[409,447,471],[412,450,473],[403,449,470],[406,448,469],
[366,379,455],[365,383,456],[364,381,453],[363,382,451],[361,380,452],[362,384,454],[372,418,446],[370,412,450],[369,403,449],[371,406,448],
[367,415,445],[368,409,447],[360,362,384],[359,366,379],[355,365,383],[358,364,381],[357,361,380],[356,363,382],[351,378,385],[350,374,388],
[349,377,400],[354,376,397],[353,375,394],[352,373,391],[342,351,444],[340,350,443],[339,349,441],[341,354,442],[337,353,439],[338,352,440],
[348,358,426],[346,360,421],[347,359,425],[344,355,424],[343,357,423],[345,356,422],[335,336,528],[333,334,522],[331,332,525],[330,526,528],
[329,527,528],[328,523,525],[327,520,522],[326,521,522],[325,524,525],[324,516,526],[323,511,527],[322,515,523],[321,514,520],[320,512,521],
[319,513,524],[318,446,514],[317,450,516],[316,449,515],[315,448,511],[314,445,512],[313,447,513],[317,324,516],[316,322,515],[315,323,511],
[318,321,514],[313,319,513],[314,320,512],[324,330,526],[323,329,527],[322,328,523],[321,327,520],[319,325,524],[320,326,521],[329,335,528],
[330,336,528],[326,333,522],[325,331,525],[327,334,522],[328,332,525],[318,372,446],[317,370,450],[316,369,449],[315,371,448],[313,368,447],
[314,367,445],[342,351,378],[340,350,374],[339,349,377],[341,354,376],[338,352,373],[337,353,375],[346,360,362],[347,359,366],[344,355,365],
[348,358,364],[345,356,363],[343,357,361],[311,312,323],[309,310,324],[307,308,322],[305,306,321],[303,304,319],[301,302,320],[299,300,561],
[297,298,564],[295,296,558],[294,559,561],[293,563,564],[292,562,564],[291,560,561],[290,556,558],[289,557,558],[288,467,468],[287,465,466],
[286,463,464],[285,461,462],[284,457,458],[283,459,460],[282,480,559],[281,477,563],[280,479,562],[279,478,560],[278,475,557],[277,476,556],
[276,366,480],[275,362,479],[274,365,478],[273,364,477],[272,361,475],[271,363,476],[270,372,464],[269,370,468],[268,369,460],[267,371,466],
[266,368,462],[265,367,458],[264,378,467],[263,374,465],[262,377,463],[261,373,461],[260,376,459],[259,375,457],[276,282,480],[275,280,479],
[271,277,476],[274,279,478],[273,281,477],[272,278,475],[264,288,467],[262,286,463],[260,283,459],[263,287,465],[261,285,461],[259,284,457],
[270,286,464],[269,288,468],[267,287,466],[266,285,462],[268,283,460],[265,284,458],[282,294,559],[281,293,563],[280,292,562],[279,291,560],
[278,289,557],[277,290,556],[290,295,558],[289,296,558],[293,297,564],[294,299,561],[291,300,561],[292,298,564],[305,318,321],[309,317,324],
[307,316,322],[311,315,323],[301,314,320],[303,313,319],[273,348,364],[276,347,366],[275,346,362],[274,344,365],[272,343,361],[271,345,363],
[264,342,378],[260,341,376],[263,340,374],[262,339,377],[259,337,375],[261,338,373],[270,318,372],[269,317,370],[268,316,369],[267,315,371],
[265,314,367],[266,313,368],[258,330,336],[257,329,335],[256,326,333],[255,325,331],[254,328,332],[253,327,334],[310,324,330],[312,323,329],
[308,322,328],[306,321,327],[302,320,326],[304,319,325],[251,252,283],[249,250,288],[247,248,286],[245,246,287],[243,244,284],[241,242,285],
[239,240,282],[237,238,280],[235,236,281],[233,234,277],[231,232,278],[229,230,279],[228,437,438],[227,435,436],[226,433,434],[225,431,432],
[224,427,428],[223,429,430],[222,342,437],[221,341,435],[220,340,433],[219,339,431],[218,337,427],[217,338,429],[216,348,438],[215,347,434],
[214,346,436],[213,343,428],[212,345,430],[211,344,432],[216,228,438],[215,226,434],[214,227,436],[212,223,430],[211,225,432],[213,224,428],
[222,228,437],[221,227,435],[220,226,433],[219,225,431],[217,223,429],[218,224,427],[222,264,342],[219,262,339],[221,260,341],[220,263,340],
[217,261,338],[218,259,337],[216,273,348],[215,276,347],[214,275,346],[212,271,345],[211,274,344],[213,272,343],[210,294,299],[209,293,297],
[208,292,298],[207,290,295],[206,291,300],[205,289,296],[239,282,294],[235,281,293],[237,280,292],[233,277,290],[229,279,291],[231,278,289],
[247,270,286],[249,269,288],[251,268,283],[245,267,287],[241,266,285],[243,265,284],[250,264,288],[248,262,286],[252,260,283],[246,263,287],
[242,261,285],[244,259,284],[236,273,281],[240,276,282],[238,275,280],[234,271,277],[230,274,279],[232,272,278],[257,312,329],[258,310,330],
[254,308,328],[253,306,327],[255,304,325],[256,302,326],[270,305,318],[269,309,317],[268,307,316],[267,311,315],[266,303,313],[265,301,314],
[203,204,226],[201,202,227],[199,200,228],[197,198,223],[195,196,225],[193,194,224],[192,254,308],[191,257,312],[190,258,310],[189,253,306],
[188,256,302],[187,255,304],[199,222,228],[195,219,225],[201,221,227],[203,220,226],[197,217,223],[193,218,224],[200,216,228],[204,215,226],
[202,214,227],[198,212,223],[194,213,224],[196,211,225],[222,250,264],[219,248,262],[221,252,260],[220,246,263],[218,244,259],[217,242,261],
[247,270,305],[245,267,311],[249,269,309],[251,268,307],[243,265,301],[241,266,303],[210,239,294],[209,235,293],[208,237,292],[207,233,290],
[205,231,289],[206,229,291],[216,236,273],[215,240,276],[214,238,275],[212,234,271],[213,232,272],[211,230,274],[186,305,306],[185,311,312],
[184,307,308],[183,309,310],[182,301,302],[181,303,304],[180,209,235],[179,208,237],[178,207,233],[177,210,239],[176,206,229],[175,205,231],
[186,247,305],[185,245,311],[184,251,307],[183,249,309],[181,241,303],[182,243,301],[185,191,312],[183,190,310],[184,192,308],[186,189,306],
[181,187,304],[182,188,302],[200,216,236],[204,215,240],[202,214,238],[198,212,234],[196,211,230],[194,213,232],[201,221,252],[199,222,250],
[195,219,248],[203,220,246],[197,217,242],[193,218,244],[174,247,248],[173,245,246],[172,251,252],[171,249,250],[170,241,242],[169,243,244],
[168,235,236],[167,239,240],[166,237,238],[165,233,234],[164,229,230],[163,231,232],[167,177,239],[168,180,235],[166,179,237],[165,178,233],
[163,175,231],[164,176,229],[173,203,246],[172,201,252],[171,199,250],[174,195,248],[169,193,244],[170,197,242],[168,200,236],[167,204,240],
[166,202,238],[165,198,234],[163,194,232],[164,196,230],[162,186,189],[161,184,192],[160,185,191],[159,183,190],[158,182,188],[157,181,187],
[174,186,247],[173,185,245],[172,184,251],[171,183,249],[169,182,243],[170,181,241],[156,199,200],[155,203,204],[154,201,202],[153,197,198],
[152,193,194],[151,195,196],[150,168,180],[149,167,177],[148,166,179],[147,165,178],[146,164,176],[145,163,175],[156,168,200],[155,167,204],
[154,166,202],[153,165,198],[151,164,196],[152,163,194],[151,174,195],[155,173,203],[154,172,201],[156,171,199],[153,170,197],[152,169,193],
[162,174,186],[160,173,185],[161,172,184],[159,171,183],[157,170,181],[158,169,182],[156,159,171],[151,162,174],[155,160,173],[154,161,172],
[152,158,169],[153,157,170],[150,156,168],[146,151,164],[149,155,167],[148,154,166],[145,152,163],[147,153,165],[150,156,159],[146,151,162],
[148,154,161],[149,155,160],[147,153,157],[145,152,158],[144,335,336],[143,331,332],[142,333,334],[141,254,332],[140,258,336],[139,257,335],
[138,253,334],[137,255,331],[136,256,333],[135,192,254],[134,191,257],[133,190,258],[132,189,253],[131,187,255],[130,188,256],[129,159,190],
[128,162,189],[127,161,192],[126,160,191],[125,157,187],[124,158,188],[127,135,192],[126,134,191],[129,133,190],[128,132,189],[124,130,188],
[125,131,187],[135,141,254],[134,139,257],[133,140,258],[132,138,253],[130,136,256],[131,137,255],[140,144,336],[139,144,335],[141,143,332],
[137,143,331],[138,142,334],[136,142,333],[129,150,159],[128,146,162],[127,148,161],[124,145,158],[125,147,157],[126,149,160],[122,123,135],
[120,121,134],[118,119,133],[116,117,132],[114,115,130],[112,113,131],[111,299,300],[110,295,296],[109,297,298],[142,565,566],[144,568,569],
[143,571,572],[108,209,297],[107,208,298],[106,207,295],[105,210,299],[104,206,300],[103,205,296],[102,180,209],[101,179,208],[100,178,207],
[99,177,210],[98,175,205],[97,176,206],[96,150,180],[95,146,176],[94,148,179],[93,147,178],[92,145,175],[91,149,177],[96,102,180],
[94,101,179],[93,100,178],[91,99,177],[95,97,176],[92,98,175],[102,108,209],[101,107,208],[100,106,207],[99,105,210],[98,103,205],
[97,104,206],[107,109,298],[105,111,299],[104,111,300],[103,110,296],[108,109,297],[106,110,295],[118,129,133],[116,128,132],[122,127,135],
[120,126,134],[114,124,130],[112,125,131],[96,129,150],[95,128,146],[94,127,148],[92,124,145],[91,126,149],[93,125,147],[136,142,565],
[138,142,566],[141,143,571],[139,144,568],[137,143,572],[140,144,569],[123,135,141],[121,134,139],[119,133,140],[117,132,138],[113,131,137],
[115,130,136],[89,90,102],[87,88,101],[85,86,99],[83,84,100],[81,82,98],[79,80,97],[109,580,581],[111,574,575],[110,577,578],
[108,109,580],[107,109,581],[106,110,577],[105,111,574],[104,111,575],[103,110,578],[89,102,108],[87,101,107],[83,100,106],[85,99,105],
[79,97,104],[81,98,103],[90,96,102],[80,95,97],[88,94,101],[84,93,100],[86,91,99],[82,92,98],[123,141,571],[113,137,572],
[115,136,565],[121,139,568],[119,140,569],[117,138,566],[96,118,129],[95,116,128],[94,122,127],[93,112,125],[91,120,126],[92,114,124],
[77,78,573],[75,76,570],[73,74,567],[72,571,573],[71,569,570],[70,568,570],[69,572,573],[68,565,567],[67,566,567],[67,73,567],
[68,74,567],[72,77,573],[69,78,573],[71,75,570],[70,76,570],[72,123,571],[69,113,572],[70,121,568],[71,119,569],[67,117,566],
[68,115,565],[90,96,118],[80,95,116],[88,94,122],[84,93,112],[82,92,114],[86,91,120],[89,108,580],[87,107,581],[83,106,577],
[85,105,574],[81,103,578],[79,104,575],[65,66,582],[63,64,579],[61,62,576],[60,118,119],[59,116,117],[58,112,113],[57,114,115],
[56,122,123],[55,120,121],[54,580,582],[53,581,582],[52,577,579],[51,574,576],[50,575,576],[49,578,579],[54,65,582],[53,66,582],
[52,63,579],[49,64,579],[50,61,576],[51,62,576],[60,90,118],[59,80,116],[56,88,122],[55,86,120],[58,84,112],[57,82,114],
[54,89,580],[53,87,581],[51,85,574],[49,81,578],[50,79,575],[52,83,577],[56,72,123],[58,69,113],[57,68,115],[55,70,121],
[60,71,119],[59,67,117],[48,72,77],[47,69,78],[46,70,76],[45,71,75],[44,68,74],[43,67,73],[42,89,90],[41,79,80],
[40,87,88],[39,85,86],[38,81,82],[37,83,84],[42,60,90],[41,59,80],[40,56,88],[37,58,84],[38,57,82],[39,55,86],
[42,54,89],[40,53,87],[39,51,85],[38,49,81],[37,52,83],[41,50,79],[36,54,65],[35,49,64],[34,53,66],[33,52,63],
[32,51,62],[31,50,61],[45,60,71],[43,59,67],[48,56,72],[47,58,69],[44,57,68],[46,55,70],[42,45,60],[41,43,59],
[40,48,56],[37,47,58],[39,46,55],[38,44,57],[36,42,54],[31,41,50],[34,40,53],[33,37,52],[32,39,51],[35,38,49],
[36,42,45],[34,40,48],[31,41,43],[33,37,47],[32,39,46],[35,38,44],[30,77,78],[29,73,74],[28,75,76],[27,45,75],
[26,48,77],[25,47,78],[24,43,73],[23,46,76],[22,44,74],[26,30,77],[25,30,78],[23,28,76],[22,29,74],[27,28,75],
[24,29,73],[27,36,45],[26,34,48],[24,31,43],[22,35,44],[25,33,47],[23,32,46],[20,21,29],[18,19,28],[16,17,30],
[15,65,66],[14,63,64],[13,61,62],[12,36,65],[11,34,66],[10,31,61],[9,35,64],[8,33,63],[7,32,62],[12,15,65],
[11,15,66],[9,14,64],[10,13,61],[7,13,62],[8,14,63],[18,27,28],[20,24,29],[21,22,29],[16,26,30],[17,25,30],
[19,23,28],[12,27,36],[11,26,34],[7,23,32],[10,24,31],[8,25,33],[9,22,35],[5,6,15],[3,4,13],[1,2,14],
[5,12,15],[6,11,15],[3,7,13],[1,9,14],[2,8,14],[4,10,13],[12,18,27],[11,16,26],[7,19,23],[10,20,24],
[9,21,22],[8,17,25],[5,12,18],[6,11,16],[3,7,19],[2,8,17],[4,10,20],[1,9,21],[18,19,585],[16,17,584],
[20,21,583],[5,18,585],[6,16,584],[1,21,583],[4,20,583],[3,19,585],[2,17,584],[5,6,586],[1,2,588],[3,4,587],
[5,585,586],[6,584,586],[2,584,588],[4,583,587],[3,585,587],[1,583,588]];
###############################################################

#SurfaceInfo: 84 Vertices, 1764 Edges, 1176 Faces, IsOrientable=true
 #Vertices of faces:
vof4:=[[82,83,84],[81,82,83],[80,83,84],[79,82,84],[76,77,78],[74,75,77],[73,74,76],[72,76,77],[71,74,76],[70,74,77],
[68,69,70],[66,67,71],[64,65,72],[62,63,73],[60,61,78],[58,59,75],[57,62,73],[56,63,73],[55,58,75],[55,60,78],
[56,61,78],[57,59,75],[52,53,54],[50,51,54],[49,51,53],[47,48,60],[46,48,58],[44,45,61],[42,43,59],[41,45,63],
[40,43,62],[39,40,57],[38,41,56],[37,47,55],[36,46,55],[35,42,57],[34,44,56],[32,33,82],[30,31,84],[28,29,83],
[26,27,64],[25,27,69],[23,24,66],[22,24,67],[22,26,65],[23,25,68],[21,28,29],[20,30,31],[19,32,33],[25,27,54],
[26,27,53],[22,24,54],[23,24,53],[23,25,51],[22,26,51],[23,34,66],[22,35,67],[23,37,68],[22,36,65],[27,39,69],
[27,38,64],[18,21,28],[17,21,29],[16,19,32],[15,20,30],[14,20,31],[13,19,33],[20,73,82],[19,73,84],[21,75,82],
[21,78,84],[19,75,83],[20,78,83],[20,41,67],[19,40,66],[21,46,69],[21,47,64],[19,42,68],[20,44,65],[38,46,73],
[39,47,73],[36,41,75],[37,40,78],[35,44,75],[34,42,78],[19,53,77],[20,54,77],[21,53,74],[21,54,76],[20,51,74],
[19,51,76],[11,12,20],[9,10,19],[8,12,21],[7,10,21],[8,11,19],[7,9,20],[9,10,14],[11,12,13],[7,10,16],
[8,12,15],[7,9,17],[8,11,18],[45,47,73],[43,46,73],[40,45,78],[41,43,75],[42,48,78],[44,48,75],[20,67,77],
[19,66,77],[21,69,76],[21,64,74],[19,68,76],[20,65,74],[9,19,84],[11,20,82],[10,21,82],[12,21,84],[7,20,83],
[8,19,83],[10,19,40],[12,20,41],[7,21,46],[8,21,47],[9,20,44],[11,19,42],[20,38,73],[19,39,73],[21,37,78],
[21,36,75],[20,34,78],[19,35,75],[34,36,66],[35,37,67],[36,39,65],[37,38,68],[34,39,69],[35,38,64],[25,54,77],
[26,53,77],[24,54,76],[24,53,74],[26,51,76],[25,51,74],[15,20,54],[16,19,53],[13,19,51],[14,20,51],[17,21,54],
[18,21,53],[14,27,66],[13,27,67],[15,23,64],[16,22,69],[17,23,65],[18,22,68],[15,42,57],[16,44,56],[13,47,55],
[14,46,55],[17,40,57],[18,41,56],[12,39,40],[10,38,41],[9,37,47],[11,36,46],[8,34,44],[7,35,42],[46,48,67],
[47,48,66],[42,43,65],[44,45,68],[41,45,69],[40,43,64],[39,47,79],[38,46,79],[37,40,80],[36,41,81],[34,42,80],
[35,44,81],[12,22,35],[10,23,34],[11,23,37],[9,22,36],[8,27,38],[7,27,39],[41,42,47],[40,44,46],[12,48,50],
[10,48,49],[11,45,49],[9,43,50],[8,43,52],[7,45,52],[10,34,49],[12,35,50],[9,36,50],[11,37,49],[8,38,52],
[7,39,52],[44,46,79],[42,47,79],[40,44,81],[41,42,80],[41,47,81],[40,46,80],[10,23,41],[12,22,40],[9,22,47],
[11,23,46],[7,27,42],[8,27,44],[12,39,79],[10,38,79],[7,35,81],[8,34,80],[11,36,81],[9,37,80],[10,48,67],
[12,48,66],[9,43,64],[11,45,69],[7,45,68],[8,43,65],[13,52,67],[14,52,66],[16,50,69],[15,49,64],[17,49,65],
[18,50,68],[16,44,53],[15,42,54],[18,41,53],[17,40,54],[14,46,51],[13,47,51],[6,25,77],[5,26,77],[5,24,74],
[6,24,76],[4,26,76],[4,25,74],[27,37,67],[27,36,66],[22,38,68],[23,39,65],[23,35,64],[22,34,69],[19,39,61],
[20,38,59],[21,37,63],[21,36,62],[20,34,58],[19,35,60],[47,66,77],[46,67,77],[40,64,74],[41,69,76],[44,68,76],
[42,65,74],[43,50,73],[45,49,73],[43,52,75],[45,52,78],[48,49,75],[48,50,78],[10,14,55],[12,13,55],[8,15,57],
[7,16,56],[11,18,56],[9,17,57],[12,41,84],[10,40,82],[11,42,82],[9,44,84],[8,47,83],[7,46,83],[15,17,26],
[13,14,24],[16,18,25],[2,3,22],[1,3,27],[1,2,23],[6,52,53],[5,52,54],[6,50,51],[5,49,51],[4,50,54],
[4,49,53],[1,57,73],[3,56,73],[2,57,75],[1,55,78],[3,55,75],[2,56,78],[13,27,58],[14,27,60],[16,22,63],
[15,23,62],[18,22,61],[17,23,59],[9,25,69],[11,26,64],[10,26,65],[12,25,68],[7,24,66],[8,24,67],[5,9,69],
[6,11,64],[4,8,67],[6,10,65],[5,12,68],[4,7,66],[2,23,62],[2,22,63],[1,27,58],[3,27,60],[3,22,61],
[1,23,59],[4,42,54],[4,44,53],[5,47,51],[6,46,51],[5,40,54],[6,41,53],[1,12,55],[3,10,55],[1,9,57],
[3,11,56],[2,7,56],[2,8,57],[1,49,73],[3,50,73],[2,50,78],[2,49,75],[1,52,78],[3,52,75],[17,38,59],
[18,39,61],[15,36,62],[16,37,63],[14,35,60],[13,34,58],[6,16,25],[5,15,26],[4,18,25],[4,17,26],[5,14,24],
[6,13,24],[6,52,66],[5,52,67],[4,49,64],[4,50,69],[6,50,68],[5,49,65],[12,33,66],[10,31,67],[8,30,65],
[7,32,68],[11,28,69],[9,29,64],[11,26,81],[9,25,80],[7,24,81],[8,24,80],[10,26,79],[12,25,79],[22,40,82],
[23,41,84],[23,46,83],[22,47,83],[27,42,82],[27,44,84],[42,74,79],[44,76,79],[47,77,81],[46,77,80],[40,74,81],
[41,76,80],[23,35,50],[22,34,49],[27,36,50],[27,37,49],[23,39,52],[22,38,52],[3,42,71],[1,41,72],[2,46,72],
[2,47,70],[1,44,71],[3,40,70],[62,63,79],[58,59,81],[60,61,80],[33,46,58],[31,47,60],[29,42,59],[28,44,61],
[30,40,62],[32,41,63],[26,73,84],[25,73,82],[24,78,84],[24,75,82],[26,75,83],[25,78,83],[17,41,67],[18,40,66],
[16,47,64],[15,46,69],[14,42,68],[13,44,65],[33,70,82],[30,71,84],[31,72,84],[32,71,82],[29,70,83],[28,72,83],
[14,52,81],[13,52,80],[15,49,81],[16,50,80],[18,50,79],[17,49,79],[14,68,81],[16,64,80],[15,69,81],[13,65,80],
[17,67,79],[18,66,79],[24,70,82],[24,72,84],[25,71,82],[26,71,84],[25,72,83],[26,70,83],[32,63,79],[30,62,79],
[33,58,81],[31,60,80],[28,61,80],[29,59,81],[15,46,72],[18,40,70],[14,42,71],[16,47,70],[13,44,71],[17,41,72],
[6,33,46],[4,28,44],[5,31,47],[4,29,42],[6,32,41],[5,30,40],[50,77,80],[49,77,81],[52,76,80],[52,74,81],
[49,76,79],[50,74,79],[24,78,81],[24,75,80],[25,73,80],[26,73,81],[25,78,79],[26,75,79],[7,32,71],[12,33,70],
[8,30,71],[10,31,72],[9,29,70],[11,28,72],[3,50,71],[3,52,70],[2,50,72],[1,49,71],[1,52,72],[2,49,70],
[27,50,82],[27,49,84],[23,52,84],[22,52,82],[22,49,83],[23,50,83],[6,16,37],[4,18,39],[4,17,38],[5,15,36],
[6,13,34],[5,14,35],[2,7,62],[2,8,63],[1,9,58],[1,12,59],[3,11,60],[3,10,61],[6,64,68],[5,65,69],
[6,65,66],[4,64,67],[4,66,69],[5,67,68],[58,66,71],[63,68,70],[59,64,72],[60,67,71],[62,65,72],[61,69,70],
[35,37,72],[34,36,70],[36,39,71],[37,38,71],[35,38,70],[34,39,72],[63,64,68],[62,65,69],[58,65,66],[61,66,69],
[60,67,68],[59,64,67],[50,58,71],[52,63,70],[50,59,72],[49,60,71],[49,61,70],[52,62,72],[13,38,71],[15,37,72],
[18,35,70],[17,34,72],[16,36,70],[14,39,71],[26,37,71],[24,39,72],[25,36,71],[24,38,70],[25,35,72],[26,34,70],
[29,66,79],[28,67,79],[33,64,80],[31,69,81],[32,65,80],[30,68,81],[6,33,37],[4,29,39],[5,31,36],[4,28,38],
[5,30,35],[6,32,34],[8,63,71],[7,62,71],[9,58,70],[12,59,70],[10,61,72],[11,60,72],[50,77,82],[49,77,84],
[52,74,84],[52,76,82],[50,74,83],[49,76,83],[33,78,81],[31,75,80],[29,73,81],[28,73,80],[32,78,79],[30,75,79],
[1,3,77],[2,3,76],[1,2,74],[38,56,77],[39,57,77],[35,57,76],[34,56,74],[36,55,76],[37,55,74],[48,58,76],
[48,60,74],[43,62,77],[45,63,77],[45,61,74],[43,59,76],[38,62,77],[39,63,77],[34,60,74],[37,61,74],[36,59,76],
[35,58,76],[2,43,76],[3,45,77],[1,48,74],[2,45,74],[1,43,77],[3,48,76],[57,76,83],[56,74,83],[57,77,84],
[56,77,82],[55,74,84],[55,76,82],[2,13,38],[3,15,37],[1,18,35],[2,14,39],[3,17,34],[1,16,36],[33,49,60],
[31,50,58],[28,52,63],[30,50,59],[29,52,62],[32,49,61],[63,64,71],[62,69,71],[60,68,72],[58,65,70],[59,67,70],
[61,66,72],[33,64,78],[31,69,75],[28,67,73],[29,66,73],[30,68,75],[32,65,78],[26,33,37],[24,29,39],[24,28,38],
[25,31,36],[26,32,34],[25,30,35],[24,25,43],[24,26,45],[25,26,48],[53,54,55],[51,53,57],[51,54,56],[43,46,61],
[45,47,59],[41,43,60],[40,45,58],[42,48,63],[44,48,62],[11,13,57],[9,14,56],[10,16,57],[12,15,56],[8,18,55],
[7,17,55],[32,57,68],[30,56,65],[33,57,66],[31,56,67],[29,55,64],[28,55,69],[30,61,81],[32,59,80],[28,58,79],
[29,60,79],[31,63,81],[33,62,80],[53,59,80],[54,61,81],[54,60,79],[53,58,79],[51,63,81],[51,62,80],[9,30,56],
[11,32,57],[7,28,55],[8,29,55],[12,31,56],[10,33,57],[32,47,59],[30,46,61],[33,44,62],[31,42,63],[29,41,60],
[28,40,58],[54,56,65],[53,57,68],[51,57,66],[51,56,67],[53,55,69],[54,55,64],[14,56,83],[13,57,83],[18,55,84],
[17,55,82],[15,56,82],[16,57,84],[26,33,45],[24,29,45],[25,31,43],[24,28,43],[25,30,48],[26,32,48],[27,28,63],
[22,31,58],[23,33,60],[22,30,59],[23,32,61],[27,29,62],[36,45,59],[37,43,61],[39,48,63],[38,48,62],[35,45,58],
[34,43,60],[64,71,78],[69,71,75],[66,72,73],[67,70,73],[65,70,78],[68,72,75],[2,13,43],[1,18,48],[1,16,43],
[3,15,45],[2,14,45],[3,17,48],[51,75,78],[53,73,78],[54,73,75],[16,72,76],[13,72,77],[18,71,76],[17,71,74],
[15,70,74],[14,70,77],[27,30,53],[27,32,54],[23,31,53],[22,33,54],[22,29,51],[23,28,51],[13,15,30],[14,16,32],
[13,18,33],[14,17,31],[16,17,29],[15,18,28],[18,20,59],[17,19,61],[15,19,60],[16,20,58],[14,21,62],[13,21,63],
[5,29,77],[6,28,77],[4,32,74],[4,30,76],[6,31,76],[5,33,74],[13,21,30],[17,19,31],[15,19,28],[16,20,29],
[14,21,32],[18,20,33],[14,41,70],[18,46,71],[17,47,71],[13,40,72],[16,42,72],[15,44,70],[16,30,76],[15,32,74],
[18,31,76],[13,29,77],[14,28,77],[17,33,74],[14,16,45],[13,15,43],[15,18,45],[13,18,48],[14,17,48],[16,17,43],
[54,71,75],[53,71,78],[51,72,75],[51,70,78],[54,70,73],[53,72,73],[23,28,33],[23,31,32],[27,29,32],[27,28,30],
[22,30,33],[22,29,31],[13,63,83],[14,62,83],[16,58,84],[15,60,82],[18,59,84],[17,61,82],[4,30,46],[4,32,47],
[6,28,40],[5,29,41],[6,31,42],[5,33,44],[11,32,54],[9,30,53],[10,33,54],[12,31,53],[7,28,51],[8,29,51],
[33,36,45],[29,35,45],[28,34,43],[31,37,43],[32,38,48],[30,39,48],[54,61,64],[53,59,69],[53,58,68],[54,60,65],
[51,62,67],[51,63,66],[1,30,41],[2,28,47],[2,29,46],[3,33,42],[3,32,40],[1,31,44],[57,61,62],[55,58,62],
[55,60,63],[57,59,60],[56,58,61],[56,59,63],[5,9,63],[6,11,62],[4,8,58],[6,10,59],[4,7,60],[5,12,61],
[12,61,62],[9,60,63],[11,58,62],[7,59,60],[10,59,63],[8,58,61],[57,61,64],[56,59,69],[55,62,67],[55,63,66],
[57,60,65],[56,58,68],[4,47,62],[6,40,60],[5,41,58],[4,46,63],[5,44,59],[6,42,61],[5,61,82],[5,63,83],
[6,62,83],[4,58,84],[4,60,82],[6,59,84],[30,41,70],[29,46,71],[32,40,72],[28,47,71],[31,44,70],[33,42,72],
[1,19,31],[1,21,30],[2,19,28],[2,20,29],[3,20,33],[3,21,32],[28,33,36],[28,30,34],[29,32,35],[30,33,39],
[29,31,37],[31,32,38],[11,54,70],[10,54,71],[12,53,71],[9,53,72],[8,51,72],[7,51,70],[14,28,48],[16,30,45],
[15,32,43],[18,31,45],[17,33,43],[13,29,48],[24,49,50],[25,49,52],[26,50,52],[2,25,26],[1,24,26],[3,24,25],
[6,15,17],[5,16,18],[4,13,14],[31,50,57],[33,49,56],[28,52,57],[30,50,55],[32,49,55],[29,52,56],[2,5,38],
[3,4,37],[1,6,35],[2,6,39],[1,4,36],[3,5,34],[6,17,35],[6,15,39],[5,16,38],[4,14,37],[5,18,34],
[4,13,36],[24,49,56],[24,50,57],[26,52,56],[25,52,57],[26,50,55],[25,49,55],[31,57,64],[33,56,69],[30,55,66],
[29,56,68],[28,57,65],[32,55,67],[1,19,24],[2,19,25],[2,20,26],[3,20,24],[3,21,25],[1,21,26],[2,6,84],
[2,5,82],[3,5,83],[1,6,83],[1,4,82],[3,4,84],[28,36,48],[30,34,45],[29,37,48],[32,35,43],[31,38,45],
[33,39,43],[7,31,70],[8,33,72],[11,30,70],[10,29,71],[12,28,71],[9,32,72],[4,10,63],[4,12,62],[6,8,61],
[6,9,60],[5,11,58],[5,7,59],[34,37,54],[38,39,51],[35,36,53],[9,12,76],[10,11,74],[7,8,77],[46,47,52],
[41,44,50],[40,42,49],[27,76,78],[22,77,78],[23,75,77],[22,73,74],[27,74,75],[23,73,76],[21,49,50],[19,50,52],
[20,49,52],[4,75,78],[6,73,75],[5,73,78],[3,64,65],[1,68,69],[2,66,67],[2,54,81],[2,53,80],[3,53,79],
[1,54,79],[1,51,80],[3,51,81],[17,27,63],[15,22,58],[16,23,60],[14,22,59],[18,27,62],[13,23,61],[24,47,62],
[26,40,60],[25,41,58],[24,46,63],[26,42,61],[25,44,59],[2,66,80],[1,69,79],[3,65,81],[3,64,79],[2,67,81],
[1,68,80],[17,27,78],[15,22,78],[16,23,75],[14,22,73],[13,23,73],[18,27,75],[20,47,52],[19,46,52],[20,40,49],
[21,42,49],[19,41,50],[21,44,50],[12,27,76],[10,27,74],[9,23,76],[8,23,77],[7,22,77],[11,22,74],[5,11,78],
[4,10,78],[4,12,75],[6,8,73],[5,7,73],[6,9,75],[34,45,54],[37,48,54],[36,48,53],[35,43,53],[39,43,51],
[38,45,51],[2,54,84],[2,53,82],[3,53,83],[1,54,83],[3,51,84],[1,51,82],[20,24,63],[21,25,58],[21,26,60],
[19,25,59],[20,26,61],[19,24,62],[24,47,56],[24,46,57],[26,40,56],[25,41,57],[25,44,55],[26,42,55],[17,35,63],
[15,39,58],[16,38,60],[14,37,59],[13,36,61],[18,34,62],[7,31,64],[8,33,69],[11,30,66],[10,29,68],[9,32,67],
[12,28,65],[34,37,57],[35,36,56],[38,39,55],[7,8,48],[10,11,43],[9,12,45],[27,46,47],[23,40,42],[22,41,44],
[18,46,65],[17,47,68],[14,41,64],[13,40,69],[15,44,66],[16,42,67],[7,48,64],[8,48,69],[11,43,66],[12,45,65],
[9,45,67],[10,43,68],[34,46,57],[35,47,56],[38,42,55],[37,41,57],[39,44,55],[36,40,56],[12,27,46],[10,27,47],
[9,23,42],[7,22,41],[11,22,44],[8,23,40],[20,40,69],[21,42,67],[21,44,66],[19,46,65],[20,47,68],[19,41,64],
[17,68,80],[18,65,81],[14,64,79],[13,69,79],[16,67,81],[15,66,80],[20,35,63],[21,39,58],[21,38,60],[19,37,59],
[19,34,62],[20,36,61],[48,53,82],[48,54,84],[43,53,83],[45,54,83],[45,51,82],[43,51,84],[11,17,78],[10,15,78],
[12,16,75],[8,14,73],[9,18,75],[7,13,73],[48,64,82],[48,69,84],[45,67,83],[43,66,83],[43,68,84],[45,65,82],
[12,16,81],[10,15,80],[11,17,80],[9,18,81],[8,14,79],[7,13,79],[19,34,64],[20,35,69],[21,39,67],[21,38,66],
[20,36,68],[19,37,65],[12,34,46],[10,35,47],[11,39,44],[9,38,42],[8,36,40],[7,37,41],[34,64,82],[35,69,84],
[39,67,83],[38,66,83],[37,65,82],[36,68,84],[12,34,81],[10,35,80],[11,39,80],[9,38,81],[7,37,79],[8,36,79],
[34,81,82],[35,80,84],[39,80,83],[38,81,83],[36,79,84],[37,79,82]];
###############################################################

#SurfaceInfo: 294 Vertices, 1764 Edges, 1176 Faces, IsOrientable=true
 #Vertices of faces:
vof5:=[[292,293,294],[291,292,293],[290,292,294],[289,293,294],[286,287,288],[283,284,285],[280,281,282],[279,286,287],[278,280,281],[277,283,284],
[274,275,276],[271,272,273],[268,269,270],[265,266,267],[262,263,264],[259,260,261],[258,265,266],[257,266,267],[256,259,260],[255,262,263],
[254,263,264],[253,260,261],[250,251,252],[247,248,249],[244,245,246],[241,242,243],[238,239,240],[235,236,237],[232,233,234],[229,230,231],
[226,227,228],[224,225,230],[222,223,227],[220,221,236],[218,219,233],[216,217,239],[214,215,242],[211,212,213],[208,209,210],[205,206,207],
[202,203,204],[199,200,201],[196,197,198],[193,194,195],[190,191,192],[187,188,189],[186,205,206],[185,208,209],[184,211,212],[183,199,200],
[182,202,203],[181,193,194],[180,196,197],[179,187,188],[178,190,191],[196,198,223],[193,195,225],[187,189,219],[190,192,221],[199,201,217],
[202,204,215],[177,186,205],[176,186,206],[175,184,211],[174,185,208],[173,185,209],[172,184,212],[170,171,220],[168,169,218],[166,167,214],
[164,165,216],[162,163,222],[160,161,224],[159,164,199],[158,166,202],[157,160,193],[156,162,196],[155,170,190],[154,168,187],[153,170,192],
[152,168,189],[151,166,204],[150,164,201],[149,162,198],[148,160,195],[175,202,242],[174,199,239],[177,196,227],[176,193,230],[173,187,233],
[172,190,236],[147,159,220],[146,158,218],[145,156,216],[144,157,214],[143,155,222],[142,154,224],[141,158,218],[140,159,220],[139,157,214],
[138,156,216],[137,154,224],[136,155,222],[135,152,189],[134,153,192],[133,150,201],[132,151,204],[131,148,195],[130,149,198],[164,199,239],
[166,202,242],[160,193,230],[162,196,227],[170,190,236],[168,187,233],[146,168,218],[147,170,220],[144,166,214],[145,164,216],[142,160,224],
[143,162,222],[146,158,166],[147,159,164],[144,157,160],[145,156,162],[142,154,168],[143,155,170],[153,170,171],[152,168,169],[150,164,165],
[151,166,167],[148,160,161],[149,162,163],[163,196,223],[161,193,225],[171,190,221],[169,187,219],[165,199,217],[167,202,215],[174,183,199],
[175,182,202],[176,181,193],[177,180,196],[172,178,190],[173,179,187],[174,208,239],[175,211,242],[172,212,236],[173,209,233],[176,206,230],
[177,205,227],[128,129,163],[126,127,161],[124,125,167],[122,123,165],[120,121,171],[118,119,169],[123,216,239],[125,214,242],[121,220,236],
[119,218,233],[127,224,230],[129,222,227],[117,224,225],[116,222,223],[115,220,221],[114,218,219],[113,214,215],[112,216,217],[122,238,239],
[124,241,242],[118,232,233],[120,235,236],[126,229,230],[128,226,227],[117,168,189],[116,170,192],[115,164,201],[114,166,204],[113,160,195],
[112,162,198],[144,195,225],[145,198,223],[142,189,219],[143,192,221],[146,204,215],[147,201,217],[113,114,117],[112,115,116],[124,139,195],
[122,138,198],[126,137,189],[128,136,192],[118,141,204],[120,140,201],[122,145,198],[124,144,195],[128,143,192],[126,142,189],[118,146,204],
[120,147,201],[115,116,170],[114,117,168],[112,116,162],[113,117,160],[113,114,166],[112,115,164],[116,145,223],[117,144,225],[115,143,221],
[114,142,219],[112,147,217],[113,146,215],[117,189,224],[116,192,222],[112,198,216],[113,195,214],[114,204,218],[115,201,220],[122,138,238],
[124,139,241],[128,136,226],[126,137,229],[120,140,235],[118,141,232],[111,126,127],[110,128,129],[109,122,123],[108,124,125],[107,120,121],
[106,118,119],[125,211,242],[123,208,239],[129,205,227],[127,206,230],[119,209,233],[121,212,236],[105,174,183],[104,175,182],[103,177,180],
[102,176,181],[101,172,178],[100,173,179],[126,161,225],[128,163,223],[118,169,219],[120,171,221],[124,167,215],[122,165,217],[152,169,173],
[153,171,172],[150,165,174],[151,167,175],[148,161,176],[149,163,177],[124,166,242],[122,164,239],[128,162,227],[126,160,230],[120,170,236],
[118,168,233],[134,136,192],[135,137,189],[132,141,204],[133,140,201],[130,138,198],[131,139,195],[119,141,218],[121,140,220],[123,138,216],
[125,139,214],[129,136,222],[127,137,224],[145,147,164],[144,146,166],[143,147,170],[142,146,168],[143,145,162],[142,144,160],[99,101,104],
[98,102,103],[97,100,105],[210,234,240],[207,228,231],[213,237,243],[129,250,251],[127,250,252],[119,247,248],[121,244,245],[123,247,249],
[125,244,246],[137,258,265],[136,257,267],[138,253,261],[140,255,262],[141,256,259],[139,254,264],[127,161,231],[129,163,228],[123,165,240],
[125,167,243],[119,169,234],[121,171,237],[107,200,201],[106,203,204],[110,191,192],[111,188,189],[109,197,198],[108,194,195],[107,200,255],
[106,203,256],[108,194,254],[110,191,257],[111,188,258],[109,197,253],[125,213,243],[123,210,240],[127,207,231],[129,207,228],[119,210,234],
[121,213,237],[123,208,247],[125,211,244],[121,212,244],[119,209,247],[127,206,250],[129,205,250],[121,140,262],[119,141,259],[127,137,265],
[129,136,267],[125,139,264],[123,138,261],[135,137,258],[134,136,257],[131,139,254],[130,138,253],[133,140,255],[132,141,256],[171,172,237],
[169,173,234],[167,175,243],[165,174,240],[163,177,228],[161,176,231],[97,105,174],[99,104,175],[97,100,173],[99,101,172],[98,103,177],
[98,102,176],[110,129,251],[111,127,252],[108,125,246],[109,123,249],[106,119,248],[107,121,245],[139,241,246],[138,238,249],[141,232,248],
[140,235,245],[137,229,252],[136,226,251],[106,204,218],[107,201,220],[109,198,216],[108,195,214],[110,192,222],[111,189,224],[117,144,146],
[116,145,147],[114,142,144],[115,143,145],[112,143,147],[113,142,146],[114,118,168],[115,120,170],[113,124,166],[112,122,164],[116,128,162],
[117,126,160],[124,144,215],[122,145,217],[128,143,223],[126,142,225],[120,147,221],[118,146,219],[95,96,134],[93,94,133],[91,92,131],
[89,90,130],[87,88,135],[85,86,132],[250,265,267],[247,259,261],[244,262,264],[238,240,247],[241,243,244],[232,234,247],[235,237,244],
[226,228,250],[229,231,250],[169,218,232],[171,220,235],[165,216,238],[167,214,241],[163,222,226],[161,224,229],[133,159,199],[132,158,202],
[130,156,196],[131,157,193],[134,155,190],[135,154,187],[211,213,241],[209,210,232],[208,210,238],[212,213,235],[205,207,226],[206,207,229],
[110,128,155],[111,126,154],[108,124,157],[109,122,156],[106,118,158],[107,120,159],[110,134,155],[109,130,156],[108,131,157],[111,135,154],
[107,133,159],[106,132,158],[167,211,241],[165,208,238],[171,212,235],[169,209,232],[161,206,229],[163,205,226],[229,250,265],[226,250,267],
[238,247,261],[241,244,264],[235,244,262],[232,247,259],[91,131,193],[85,132,202],[95,134,190],[89,130,196],[87,135,187],[93,133,199],
[209,240,247],[211,237,244],[212,243,244],[208,234,247],[205,231,250],[206,228,250],[112,122,156],[113,124,157],[117,126,154],[116,128,155],
[115,120,159],[114,118,158],[109,216,238],[108,214,241],[107,220,235],[106,218,232],[111,224,229],[110,222,226],[213,235,245],[213,241,246],
[210,232,248],[210,238,249],[207,226,251],[207,229,252],[96,134,257],[86,132,256],[92,131,254],[88,135,258],[94,133,255],[90,130,253],
[112,143,223],[113,142,225],[116,147,221],[117,146,219],[115,145,217],[114,144,215],[97,174,240],[97,173,234],[99,172,237],[99,175,243],
[98,176,231],[98,177,228],[125,213,264],[123,210,261],[127,207,265],[121,213,262],[129,207,267],[119,210,259],[106,248,256],[107,245,255],
[110,251,257],[108,246,254],[109,249,253],[111,252,258],[257,271,272],[256,274,275],[254,268,269],[258,271,273],[255,268,270],[253,274,276],
[84,161,193],[83,163,196],[82,171,190],[81,169,187],[80,167,202],[79,165,199],[248,256,274],[245,255,268],[251,257,271],[249,253,274],
[252,258,271],[246,254,268],[96,257,272],[86,256,275],[92,254,269],[88,258,273],[90,253,276],[94,255,270],[81,87,187],[84,91,193],
[80,85,202],[79,93,199],[83,89,196],[82,95,190],[81,169,209],[79,165,208],[82,171,212],[80,167,211],[84,161,206],[83,163,205],
[78,106,132],[77,107,133],[76,109,130],[75,108,131],[74,111,135],[73,110,134],[97,209,240],[97,208,234],[99,212,243],[99,211,237],
[98,206,228],[98,205,231],[210,248,261],[213,245,264],[207,251,265],[213,246,262],[210,249,259],[207,252,267],[112,156,223],[113,157,225],
[116,155,221],[117,154,219],[114,158,215],[115,159,217],[109,238,261],[108,241,264],[106,232,259],[107,235,262],[111,229,265],[110,226,267],
[186,228,231],[185,234,240],[184,237,243],[149,223,227],[148,225,230],[150,217,239],[151,215,242],[152,219,233],[153,221,236],[79,239,240],
[80,242,243],[83,227,228],[84,230,231],[82,236,237],[81,233,234],[83,149,227],[84,148,230],[80,151,242],[82,153,236],[81,152,233],
[79,150,239],[81,185,234],[84,186,231],[80,184,243],[82,184,237],[83,186,228],[79,185,240],[150,159,217],[151,158,215],[148,157,225],
[149,156,223],[153,155,221],[152,154,219],[81,87,100],[84,91,102],[80,85,104],[82,95,101],[79,93,105],[83,89,103],[72,88,273],
[71,96,272],[70,86,275],[69,92,269],[68,94,270],[67,90,276],[248,261,274],[245,264,268],[252,267,271],[251,265,271],[246,262,268],
[249,259,274],[76,109,261],[75,108,264],[77,107,262],[78,106,259],[73,110,267],[74,111,265],[81,97,209],[79,97,208],[80,99,211],
[82,99,212],[83,98,205],[84,98,206],[65,66,99],[63,64,97],[61,62,98],[251,252,266],[245,246,263],[248,249,260],[134,153,178],
[135,152,179],[132,151,182],[133,150,183],[131,148,181],[130,149,180],[140,159,200],[141,158,203],[139,157,194],[138,156,197],[136,155,191],
[137,154,188],[77,140,245],[78,141,248],[75,139,246],[76,138,249],[73,136,251],[74,137,252],[60,73,134],[59,74,135],[58,77,133],
[57,78,132],[56,75,131],[55,76,130],[59,74,273],[60,73,272],[57,78,275],[58,77,270],[56,75,269],[55,76,276],[78,141,203],
[77,140,200],[74,137,188],[73,136,191],[76,138,197],[75,139,194],[59,135,179],[60,134,178],[55,130,180],[56,131,181],[57,132,182],
[58,133,183],[78,248,260],[77,245,263],[75,246,263],[76,249,260],[74,252,266],[73,251,266],[151,158,203],[150,159,200],[153,155,191],
[152,154,188],[149,156,197],[148,157,194],[63,81,97],[64,79,97],[65,82,99],[66,80,99],[61,84,98],[62,83,98],[54,70,86],
[53,71,96],[52,72,88],[51,69,92],[50,67,90],[49,68,94],[81,152,179],[82,153,178],[84,148,181],[83,149,180],[79,150,183],
[80,151,182],[76,261,274],[75,264,268],[78,259,274],[77,262,268],[74,265,271],[73,267,271],[81,100,185],[80,104,184],[83,103,186],
[84,102,186],[82,101,184],[79,105,185],[47,48,271],[45,46,274],[43,44,268],[42,279,286],[41,279,287],[40,278,280],[39,278,281],
[38,277,283],[37,277,284],[86,182,203],[94,183,200],[90,180,197],[92,181,194],[96,178,191],[88,179,188],[64,174,185],[66,175,184],
[65,172,184],[63,173,185],[61,176,186],[62,177,186],[95,153,172],[87,152,173],[89,149,177],[91,148,176],[85,151,175],[93,150,174],
[41,104,182],[37,105,183],[38,100,179],[42,101,178],[40,102,181],[39,103,180],[64,93,174],[63,87,173],[62,89,177],[61,91,176],
[66,85,175],[65,95,172],[36,37,284],[35,40,280],[34,39,281],[33,41,287],[32,42,286],[31,38,283],[42,101,279],[38,100,277],
[40,102,278],[41,104,279],[37,105,277],[39,103,278],[66,101,184],[64,100,185],[62,102,186],[65,104,184],[63,105,185],[61,103,186],
[43,75,268],[45,76,274],[47,73,271],[48,74,271],[44,77,268],[46,78,274],[52,88,179],[50,90,180],[49,94,183],[54,86,182],
[51,92,181],[53,96,178],[93,150,200],[85,151,203],[91,148,194],[89,149,197],[95,153,191],[87,152,188],[42,60,178],[38,59,179],
[37,58,183],[41,57,182],[40,56,181],[39,55,180],[77,94,200],[78,86,203],[75,92,194],[76,90,197],[74,88,188],[73,96,191],
[63,81,179],[64,79,183],[66,80,182],[65,82,178],[62,83,180],[61,84,181],[73,266,272],[74,266,273],[77,263,270],[78,260,275],
[76,260,276],[75,263,269],[37,93,94],[39,89,90],[40,91,92],[42,95,96],[41,85,86],[38,87,88],[48,258,266],[46,256,260],
[44,255,263],[45,253,260],[43,254,263],[47,257,266],[58,200,255],[57,203,256],[56,194,254],[60,191,257],[55,197,253],[59,188,258],
[48,59,258],[44,58,255],[46,57,256],[45,55,253],[47,60,257],[43,56,254],[48,266,272],[47,266,273],[46,260,276],[44,263,269],
[45,260,275],[43,263,270],[38,59,72],[37,58,68],[41,57,70],[42,60,71],[39,55,67],[40,56,69],[59,87,188],[58,93,200],
[57,85,203],[56,91,194],[55,89,197],[60,95,191],[36,37,94],[35,40,92],[33,41,86],[34,39,90],[31,38,88],[32,42,96],
[38,63,87],[37,64,93],[39,62,89],[40,61,91],[42,65,95],[41,66,85],[52,63,179],[54,66,182],[49,64,183],[51,61,181],
[53,65,178],[50,62,180],[44,77,94],[43,75,92],[45,76,90],[46,78,86],[47,73,96],[48,74,88],[63,105,277],[66,101,279],
[64,100,277],[62,102,278],[61,103,278],[65,104,279],[28,29,30],[25,26,27],[22,23,24],[21,61,62],[20,63,64],[19,65,66],
[19,101,104],[20,100,105],[21,102,103],[29,71,272],[29,72,273],[26,70,275],[23,69,269],[26,67,276],[23,68,270],[52,87,100],
[51,91,102],[54,85,104],[53,95,101],[50,89,103],[49,93,105],[19,54,104],[19,53,101],[20,52,100],[21,51,102],[20,49,105],
[21,50,103],[28,29,72],[29,30,71],[22,23,68],[25,26,70],[23,24,69],[26,27,67],[29,48,272],[29,47,273],[23,44,269],
[23,43,270],[26,45,275],[26,46,276],[20,38,63],[21,39,62],[21,40,61],[19,42,65],[19,41,66],[20,37,64],[53,60,95],
[52,59,87],[49,58,93],[54,57,85],[50,55,89],[51,56,91],[52,63,277],[54,66,279],[53,65,279],[49,64,277],[50,62,278],
[51,61,278],[31,48,88],[32,47,96],[36,44,94],[35,43,92],[34,45,90],[33,46,86],[47,60,71],[48,59,72],[43,56,69],
[44,58,68],[46,57,70],[45,55,67],[17,18,279],[15,16,278],[13,14,277],[10,11,12],[7,8,9],[4,5,6],[8,11,289],
[5,8,291],[5,11,290],[10,287,288],[6,286,288],[4,283,285],[9,280,282],[7,284,285],[12,281,282],[5,28,30],[8,22,24],
[11,25,27],[3,47,48],[2,43,44],[1,45,46],[2,269,270],[1,275,276],[3,272,273],[32,60,272],[31,59,273],[36,58,270],
[33,57,275],[34,55,276],[35,56,269],[54,70,287],[53,71,286],[52,72,283],[51,69,280],[49,68,284],[50,67,281],[13,38,72],
[14,37,68],[17,41,70],[18,42,71],[15,40,69],[16,39,67],[3,31,273],[1,33,275],[2,35,269],[2,36,270],[3,32,272],
[1,34,276],[10,70,287],[6,71,286],[4,72,283],[9,69,280],[12,67,281],[7,68,284],[11,27,289],[8,24,289],[11,25,290],
[5,30,290],[8,22,291],[5,28,291],[10,11,288],[7,8,285],[11,12,282],[4,5,285],[5,6,288],[8,9,282],[1,46,70],
[3,47,71],[3,48,72],[2,43,69],[1,45,67],[2,44,68],[17,54,279],[18,53,279],[13,52,277],[14,49,277],[15,51,278],
[16,50,278],[32,53,60],[31,52,59],[36,49,58],[33,54,57],[35,51,56],[34,50,55],[18,19,42],[17,19,41],[14,20,37],
[16,21,39],[15,21,40],[13,20,38],[13,28,72],[18,30,71],[14,22,68],[17,25,70],[16,27,67],[15,24,69],[19,54,287],
[19,53,286],[20,52,283],[21,51,280],[21,50,281],[20,49,284],[29,31,48],[29,32,47],[23,36,44],[23,35,43],[26,33,46],
[26,34,45],[17,18,288],[13,14,285],[15,16,282],[4,6,29],[7,9,23],[10,12,26],[8,11,292],[5,11,293],[5,8,294],
[24,35,280],[27,34,281],[22,36,284],[25,33,287],[28,31,283],[30,32,286],[4,29,31],[6,29,32],[7,23,36],[12,26,34],
[10,26,33],[9,23,35],[18,30,288],[13,28,285],[15,24,282],[17,25,288],[16,27,282],[14,22,285],[11,288,292],[8,285,292],
[11,282,293],[5,288,294],[8,282,294],[5,285,293],[25,287,290],[30,286,290],[28,283,291],[24,280,289],[27,281,289],[22,284,291],
[1,27,34],[2,24,35],[2,22,36],[1,25,33],[3,30,32],[3,28,31],[18,19,287],[17,19,286],[14,20,283],[16,21,280],
[13,20,284],[15,21,281],[13,31,52],[18,32,53],[14,36,49],[17,33,54],[16,34,50],[15,35,51],[1,10,70],[3,6,71],
[3,4,72],[2,9,69],[2,7,68],[1,12,67],[4,13,31],[6,18,32],[10,17,33],[7,14,36],[9,15,35],[12,16,34],
[3,4,30],[3,6,28],[1,10,27],[2,7,24],[2,9,22],[1,12,25],[13,284,291],[18,287,290],[17,286,290],[14,283,291],
[15,281,289],[16,280,289],[30,288,292],[28,285,292],[27,282,294],[24,282,293],[22,285,293],[25,288,294],[4,13,291],[6,18,290],
[10,17,290],[7,14,291],[12,16,289],[9,15,289],[4,30,292],[6,28,292],[10,27,294],[7,24,293],[12,25,294],[9,22,293],
[4,291,292],[6,290,292],[10,290,294],[7,291,293],[9,289,293],[12,289,294]];
###############################################################

