#SurfaceInfo: 588 Vertices, 3528 Edges, 2352 Faces, IsOrientable=true
 #Vertices of faces:
vof1:=[[586,587,588],[584,585,587],[582,583,586],[581,584,586],[579,580,588],[577,578,587],[576,582,588],[574,575,585],[572,573,586],[570,571,584],
[569,579,587],[568,577,585],[566,567,583],[564,565,581],[562,563,588],[560,561,587],[558,559,582],[557,574,584],[556,572,583],[555,570,581],
[553,554,580],[551,552,578],[549,550,576],[548,569,585],[546,547,586],[545,546,584],[543,544,579],[541,542,577],[540,566,582],[563,564,586],
[539,562,580],[538,560,578],[537,558,576],[535,536,575],[533,534,573],[531,532,571],[529,530,569],[527,528,568],[526,581,583],[525,557,581],
[523,524,588],[529,573,587],[522,523,582],[520,521,574],[518,519,572],[516,517,570],[515,553,579],[514,551,577],[549,578,588],[513,548,575],
[512,546,573],[511,545,571],[510,543,569],[509,541,568],[507,508,567],[505,506,565],[503,504,563],[502,522,561],[500,501,559],[498,499,557],
[496,497,556],[495,526,555],[494,576,580],[493,540,576],[491,492,585],[498,561,584],[490,560,579],[489,491,577],[487,488,566],[486,504,564],
[484,485,562],[482,483,560],[480,481,558],[479,535,574],[499,533,572],[478,531,570],[527,571,585],[477,526,567],[476,525,565],[475,523,563],
[474,561,573],[505,522,559],[473,520,557],[476,518,556],[472,516,555],[470,471,554],[468,469,552],[466,467,550],[489,490,547],[465,489,546],
[464,468,544],[462,463,542],[461,482,540],[460,547,563],[458,459,539],[457,458,538],[456,494,537],[455,568,575],[454,515,569],[453,514,568],
[452,502,583],[451,452,581],[482,547,582],[450,545,574],[452,492,572],[451,534,570],[463,469,553],[448,449,551],[447,549,552],[446,454,548],
[444,445,546],[443,444,545],[449,462,543],[441,442,541],[440,507,566],[439,505,564],[461,503,562],[460,502,560],[438,500,558],[496,559,583],
[437,494,554],[436,493,550],[445,491,569],[435,546,561],[466,490,544],[489,542,553],[434,487,540],[436,484,539],[482,538,539],[433,480,537],
[431,432,536],[521,531,534],[429,430,532],[455,511,530],[427,428,528],[492,524,545],[450,529,534],[474,492,523],[426,429,521],[516,519,520],
[424,425,517],[444,514,515],[423,443,514],[465,524,578],[421,422,513],[420,512,527],[419,421,511],[423,510,548],[418,455,509],[506,556,567],
[417,555,565],[416,479,557],[417,499,556],[415,478,555],[435,489,580],[435,483,576],[444,524,579],[443,529,577],[486,522,566],[414,564,572],
[435,502,562],[452,524,560],[483,504,558],[425,430,535],[473,517,533],[412,413,531],[411,527,532],[410,525,526],[409,416,525],[451,498,523],
[420,519,573],[414,498,522],[413,424,520],[408,478,518],[406,407,516],[405,470,553],[404,468,551],[457,466,549],[465,530,545],[442,468,543],
[403,462,541],[458,544,580],[457,542,578],[402,455,536],[454,509,530],[401,453,528],[420,451,557],[491,523,547],[427,450,521],[492,519,574],
[517,534,535],[448,463,515],[400,448,514],[401,446,513],[444,512,568],[443,511,513],[399,462,510],[398,441,509],[396,397,508],[394,395,506],
[488,500,504],[392,393,501],[390,391,497],[388,389,495],[435,452,491],[387,392,488],[386,486,507],[480,485,487],[384,385,481],[478,479,519],
[414,495,499],[492,533,571],[383,394,477],[382,476,497],[439,475,496],[474,475,526],[381,394,505],[408,473,525],[389,476,506],[380,417,472],
[467,539,554],[538,552,554],[379,537,550],[378,440,540],[439,485,563],[379,461,539],[460,494,538],[377,438,537],[512,534,575],[498,518,570],
[447,490,553],[489,544,551],[376,549,562],[465,512,548],[445,543,552],[444,541,543],[385,393,507],[501,505,508],[434,481,503],[502,503,559],
[374,375,500],[386,496,501],[373,493,494],[372,378,493],[475,483,561],[376,482,490],[375,384,487],[371,438,484],[369,370,480],[368,431,535],
[416,531,533],[367,429,531],[420,511,529],[419,427,527],[474,522,565],[407,429,520],[409,516,518],[366,424,516],[421,521,575],[419,517,571],
[365,506,508],[364,417,506],[416,472,499],[363,417,497],[362,415,495],[439,483,540],[451,491,529],[390,486,488],[388,414,486],[485,502,566],
[452,483,564],[481,504,507],[412,425,479],[415,473,499],[361,412,478],[363,410,477],[362,409,476],[475,498,556],[474,519,555],[414,477,505],
[360,424,473],[359,408,476],[358,406,472],[356,357,471],[354,355,469],[352,353,467],[350,351,464],[349,350,463],[347,348,459],[346,347,458],
[344,345,456],[451,512,524],[343,350,469],[342,349,449],[341,447,470],[441,448,454],[339,340,449],[337,338,442],[438,440,485],[376,456,461],
[460,490,550],[336,352,437],[335,436,459],[445,457,515],[435,445,549],[346,352,466],[371,434,493],[345,436,467],[334,379,433],[428,513,536],
[511,532,536],[453,510,530],[333,509,528],[404,405,515],[399,404,514],[333,423,513],[400,442,510],[332,403,509],[475,504,567],[482,484,558],
[411,450,535],[331,527,548],[474,525,533],[420,520,532],[340,351,470],[338,350,468],[464,466,471],[465,510,542],[330,354,468],[329,339,462],
[341,458,464],[457,463,464],[328,453,455],[403,404,454],[327,399,453],[445,538,547],[331,443,450],[339,354,463],[337,339,448],[326,403,446],
[325,349,462],[323,324,441],[322,396,507],[378,500,503],[321,392,500],[381,390,496],[388,496,526],[370,392,487],[372,480,484],[320,384,480],
[394,488,567],[486,497,565],[381,481,559],[319,467,471],[352,469,554],[318,379,467],[378,433,461],[460,485,537],[317,379,459],[344,458,494],
[316,377,456],[347,447,469],[346,449,544],[344,376,447],[454,465,551],[449,470,552],[374,385,440],[439,487,501],[377,434,461],[460,493,503],
[315,374,438],[317,373,437],[316,372,436],[376,437,466],[314,384,434],[313,371,436],[312,369,433],[310,311,432],[309,413,521],[307,308,430],
[306,421,455],[304,305,428],[302,303,426],[301,302,425],[299,300,422],[299,309,421],[331,418,423],[298,306,418],[297,302,430],[368,407,517],
[296,301,413],[295,411,431],[406,412,416],[293,294,413],[360,367,478],[291,292,407],[405,442,542],[450,528,530],[290,304,402],[289,401,422],
[419,420,479],[304,309,427],[326,400,453],[298,401,428],[288,333,398],[391,477,508],[359,472,495],[367,368,479],[382,477,495],[361,407,473],
[287,366,472],[443,446,541],[294,303,431],[292,302,429],[426,427,432],[286,307,429],[285,293,424],[295,421,426],[419,425,426],[284,415,417],
[366,367,416],[283,360,415],[410,414,518],[293,307,425],[291,293,412],[284,409,410],[282,366,409],[281,301,424],[287,361,408],[279,280,406],
[342,356,470],[346,405,457],[324,349,448],[327,441,446],[278,337,441],[447,459,550],[277,428,432],[304,430,536],[276,333,428],[398,399,423],
[275,333,422],[332,400,423],[274,332,418],[299,411,430],[306,331,411],[413,431,532],[330,340,405],[329,338,404],[324,330,442],[273,329,403],
[275,328,402],[274,327,401],[331,402,427],[272,337,400],[271,326,401],[278,325,399],[270,323,398],[268,269,397],[266,267,395],[265,375,488],
[263,264,393],[262,267,391],[261,365,389],[259,260,387],[258,386,393],[257,259,385],[256,258,383],[255,382,391],[258,265,394],[380,408,410],
[254,389,395],[253,363,380],[252,259,393],[262,393,508],[322,370,481],[251,257,375],[266,386,396],[369,374,378],[249,250,375],[314,321,438],
[247,248,370],[246,262,365],[245,364,365],[261,363,383],[244,362,382],[381,439,440],[262,265,390],[365,388,390],[282,361,415],[254,363,391],
[253,362,389],[243,359,382],[242,358,359],[348,437,471],[313,433,456],[321,322,440],[335,437,456],[315,370,434],[241,320,433],[250,260,396],
[248,259,392],[387,390,397],[386,388,395],[240,263,392],[239,249,384],[266,387,394],[383,386,497],[381,385,387],[238,377,379],[320,321,378],
[237,314,377],[373,376,484],[249,263,385],[375,396,501],[247,249,374],[238,372,373],[236,320,372],[235,257,384],[241,315,371],[233,234,369],
[296,310,431],[309,368,419],[280,301,412],[283,406,409],[358,360,408],[232,291,406],[411,422,528],[231,391,397],[230,359,389],[245,382,383],
[229,287,380],[286,294,368],[285,292,367],[280,286,407],[228,285,366],[243,284,364],[229,283,362],[364,388,410],[227,291,361],[230,284,363],
[226,282,362],[232,281,360],[225,287,359],[224,279,358],[222,223,357],[220,221,355],[218,219,353],[216,217,351],[215,216,350],[214,219,348],
[343,347,357],[213,319,345],[211,212,343],[209,210,342],[208,341,351],[207,211,340],[206,209,338],[205,208,336],[204,335,348],[208,352,355],
[334,371,373],[203,345,353],[202,317,334],[211,221,351],[209,211,350],[214,351,471],[207,210,354],[201,206,339],[218,341,356],[354,356,464],
[325,330,404],[323,329,399],[201,220,354],[200,207,339],[272,325,403],[199,209,349],[198,199,324],[197,214,319],[218,343,352],[196,318,319],
[213,317,336],[341,344,353],[195,316,335],[214,347,355],[340,343,346],[319,344,347],[236,315,377],[203,317,348],[202,316,345],[194,313,335],
[193,312,313],[300,402,432],[271,398,418],[338,342,405],[289,402,418],[273,324,400],[192,278,398],[212,220,356],[342,346,355],[191,215,349],
[190,200,337],[336,341,459],[189,332,333],[188,272,332],[328,331,446],[201,216,340],[200,215,338],[199,201,330],[198,200,329],[189,327,328],
[187,278,327],[186,206,337],[192,273,326],[186,191,325],[184,185,323],[251,268,396],[265,322,381],[234,257,374],[237,369,372],[312,314,371],
[183,247,369],[182,348,357],[181,313,345],[196,335,336],[180,241,334],[240,250,322],[239,248,321],[234,240,370],[179,239,320],[194,238,318],
[180,237,316],[318,344,373],[178,247,315],[181,238,317],[177,236,316],[183,235,314],[176,241,313],[175,233,312],[173,174,311],[294,297,309],
[171,172,308],[295,305,306],[169,170,305],[167,168,303],[166,167,302],[165,170,300],[297,299,311],[164,277,298],[162,163,297],[292,296,368],
[160,161,296],[159,295,303],[158,162,294],[157,160,292],[156,159,290],[155,289,300],[159,304,308],[288,326,328],[154,298,305],[153,275,288],
[162,172,303],[160,162,302],[165,303,432],[158,161,307],[152,157,293],[169,295,310],[307,310,426],[281,286,367],[279,285,360],[152,171,307],
[151,158,293],[227,281,366],[150,160,301],[149,150,280],[148,165,277],[169,297,304],[147,276,277],[164,275,290],[146,274,289],[165,299,308],
[277,299,306],[187,273,332],[154,275,300],[153,274,298],[145,271,289],[144,270,271],[256,365,397],[255,364,395],[226,358,380],[244,364,380],
[228,280,361],[143,232,358],[163,171,310],[296,308,309],[142,166,301],[141,151,291],[290,295,422],[140,227,287],[152,167,294],[151,166,292],
[150,152,286],[149,151,285],[225,283,284],[139,232,283],[138,157,291],[242,282,284],[143,228,282],[138,142,281],[139,228,287],[136,137,279],
[210,222,356],[191,207,330],[185,206,329],[188,323,327],[270,272,326],[190,199,325],[135,198,323],[134,300,311],[133,271,298],[147,289,290],
[132,192,288],[215,220,342],[185,191,324],[131,190,278],[145,189,276],[132,188,274],[276,306,328],[130,198,273],[133,189,275],[129,187,274],
[135,186,272],[128,192,271],[130,186,278],[127,184,270],[125,126,269],[123,124,267],[250,252,265],[121,122,264],[119,120,267],[118,246,261],
[116,117,260],[115,258,264],[114,116,259],[115,120,256],[118,231,255],[252,258,269],[113,231,254],[112,253,254],[110,111,252],[119,252,262],
[248,251,322],[108,109,251],[123,260,266],[107,110,250],[106,108,248],[105,123,246],[104,245,256],[103,256,261],[102,244,255],[123,262,264],
[104,254,267],[101,253,261],[112,243,245],[100,242,243],[110,122,260],[108,110,259],[115,260,397],[231,258,395],[107,109,263],[99,106,249],
[119,266,268],[246,266,383],[263,268,387],[235,240,321],[233,239,314],[99,121,263],[98,107,249],[178,235,320],[97,108,257],[96,97,234],
[95,115,231],[94,230,254],[113,245,246],[93,229,244],[101,243,255],[100,229,253],[102,230,261],[92,226,244],[92,225,230],[91,224,226],
[205,319,357],[204,318,353],[177,312,334],[195,318,334],[179,234,315],[90,183,312],[111,121,268],[251,264,265],[89,114,257],[88,98,247],
[87,178,241],[99,116,250],[98,114,248],[97,99,240],[96,98,239],[176,237,238],[86,183,237],[85,106,247],[193,236,238],[90,179,236],
[85,89,235],[86,179,241],[83,84,233],[161,173,310],[142,158,286],[137,157,285],[140,279,283],[224,227,282],[141,150,281],[82,149,279],
[124,256,269],[103,255,267],[81,226,253],[94,244,245],[80,143,242],[166,171,296],[137,142,280],[79,141,232],[80,140,229],[78,149,228],
[81,225,243],[77,139,229],[82,138,227],[93,230,242],[76,143,226],[78,138,232],[91,139,225],[75,136,224],[73,74,223],[72,73,221],
[70,71,219],[68,69,217],[66,67,216],[64,65,219],[63,212,357],[62,197,213],[61,72,212],[60,68,210],[63,208,217],[60,72,211],
[59,60,209],[63,65,205],[62,182,204],[208,221,223],[58,182,203],[57,202,203],[55,56,221],[54,55,211],[64,214,221],[54,67,210],
[52,53,201],[70,212,218],[55,66,220],[51,54,207],[52,54,209],[50,52,199],[49,70,197],[64,218,222],[48,196,205],[47,205,213],
[182,208,353],[46,195,204],[70,214,217],[216,222,343],[48,203,219],[45,202,213],[57,194,196],[44,193,194],[55,69,212],[210,217,355],
[51,53,215],[43,50,200],[197,218,336],[184,190,272],[53,68,216],[43,66,215],[59,66,201],[42,51,200],[41,52,206],[40,51,191],
[39,41,185],[38,63,182],[37,181,203],[58,196,197],[36,180,195],[45,194,204],[44,180,202],[46,181,213],[35,177,195],[35,176,181],
[34,175,177],[156,277,311],[155,276,305],[129,270,288],[146,276,288],[131,185,273],[33,135,270],[56,68,222],[43,60,207],[40,59,206],
[42,59,199],[32,42,198],[31,130,192],[53,72,220],[41,43,191],[39,42,190],[128,188,189],[30,135,188],[29,50,198],[144,187,189],
[33,131,187],[29,40,186],[30,131,192],[32,41,186],[27,28,184],[109,125,268],[89,107,240],[84,106,239],[87,233,237],[175,178,236],
[88,97,235],[26,96,233],[71,205,223],[47,204,219],[25,177,202],[37,195,196],[24,90,193],[114,121,251],[84,89,234],[23,88,183],
[24,87,180],[22,96,179],[25,176,194],[21,86,180],[26,85,178],[36,181,193],[20,90,177],[22,85,183],[34,86,176],[19,83,175],
[74,126,174],[167,173,297],[49,74,172],[134,159,305],[18,122,170],[17,38,168],[47,71,167],[16,111,170],[15,163,311],[116,148,164],
[14,49,163],[38,62,161],[15,159,168],[49,62,162],[45,62,160],[15,111,156],[116,134,155],[159,172,174],[109,134,154],[107,153,154],
[13,65,172],[48,65,162],[16,165,172],[48,71,161],[37,58,152],[18,163,169],[47,65,171],[48,57,158],[37,48,160],[35,37,150],
[18,125,148],[16,169,173],[110,147,156],[121,156,164],[99,146,155],[18,165,168],[110,154,170],[114,153,164],[107,145,147],[98,144,145],
[17,65,163],[161,168,308],[57,58,166],[35,46,151],[148,169,290],[136,141,227],[38,58,167],[46,47,166],[45,47,152],[44,57,151],
[36,37,157],[25,57,142],[79,137,228],[24,36,137],[15,117,134],[108,133,154],[109,147,148],[97,132,146],[114,145,155],[98,132,153],
[99,133,164],[106,129,146],[106,128,133],[127,130,187],[84,127,129],[105,231,269],[77,224,242],[76,140,225],[12,82,224],[13,38,173],
[46,62,158],[25,45,157],[44,45,150],[21,44,149],[11,78,143],[49,58,171],[36,46,142],[24,44,141],[10,82,140],[20,35,149],
[12,79,139],[20,25,138],[10,79,143],[21,36,138],[75,78,139],[19,34,136],[67,73,222],[28,50,190],[31,184,188],[9,39,184],
[122,156,174],[121,155,170],[89,129,153],[108,146,147],[33,96,144],[28,40,185],[8,32,135],[31,96,132],[7,39,131],[89,128,145],
[30,88,132],[9,29,130],[97,133,144],[33,85,129],[7,29,135],[30,84,128],[27,32,130],[27,83,127],[73,124,126],[116,125,252],
[6,69,120],[67,95,118],[16,117,148],[6,115,117],[5,56,120],[55,105,118],[4,111,269],[72,95,113],[60,112,113],[5,119,125],
[4,117,123],[4,56,105],[55,104,120],[72,103,124],[60,102,103],[122,123,126],[67,104,124],[53,101,103],[66,104,112],[51,100,101],
[5,115,122],[6,111,119],[95,119,246],[6,73,95],[54,94,104],[68,105,113],[43,93,102],[54,101,118],[59,100,112],[66,102,118],
[51,92,94],[59,92,102],[42,91,92],[109,117,264],[83,88,178],[23,84,179],[4,61,124],[68,103,120],[52,81,101],[53,94,113],
[41,80,93],[42,80,100],[43,81,112],[50,77,93],[52,93,94],[50,76,81],[41,81,91],[28,75,77],[49,182,223],[21,175,193],
[20,87,176],[3,26,175],[2,22,90],[1,26,87],[3,23,86],[1,23,90],[31,85,128],[19,22,86],[71,74,173],[34,35,141],
[11,136,140],[1,24,136],[69,105,126],[40,77,100],[40,76,92],[12,39,91],[25,34,137],[3,21,82],[11,39,80],[2,24,79],
[10,32,80],[1,20,78],[12,29,77],[2,20,82],[10,28,76],[19,21,78],[32,75,91],[19,27,75],[17,63,69],[5,61,95],
[13,61,63],[14,56,223],[17,64,73],[14,61,70],[13,56,64],[69,70,74],[61,67,217],[38,64,197],[8,28,131],[14,71,168],
[125,134,174],[88,127,144],[9,23,127],[7,22,33],[9,26,31],[8,23,30],[8,26,33],[11,29,76],[7,30,83],[2,83,87],
[3,34,79],[22,27,31],[6,15,17],[4,14,15],[5,13,174],[6,16,74],[5,14,18],[4,13,16],[17,18,126],[1,8,75],
[2,7,12],[1,9,11],[3,8,10],[3,9,12],[2,10,27],[7,11,19],[584,586,587],[582,586,588],[579,587,588],[577,585,587],
[574,584,585],[572,583,586],[570,581,584],[566,582,583],[564,581,586],[562,580,588],[560,578,587],[558,576,582],[553,579,580],[551,577,578],
[549,576,588],[548,575,585],[546,573,586],[545,571,584],[543,569,579],[541,568,577],[535,574,575],[533,572,573],[531,570,571],[529,569,587],
[527,568,585],[526,567,583],[525,565,581],[523,563,588],[561,573,587],[522,559,582],[520,557,574],[518,556,572],[516,555,570],[507,566,567],
[505,564,565],[503,562,563],[502,560,561],[500,558,559],[498,557,584],[496,556,583],[526,555,581],[494,554,580],[549,552,578],[493,550,576],
[491,569,585],[547,563,586],[546,561,584],[490,544,579],[489,542,577],[487,540,566],[504,563,564],[484,539,562],[482,538,560],[480,537,558],
[470,553,554],[468,551,552],[466,549,550],[510,548,569],[489,546,547],[465,545,546],[468,543,544],[462,541,542],[482,540,582],[458,539,580],
[457,538,578],[494,537,576],[455,536,575],[529,534,573],[527,532,571],[454,530,569],[453,528,568],[452,581,583],[451,557,581],[524,578,588],
[523,547,582],[450,521,574],[492,519,572],[517,534,570],[463,515,553],[448,514,551],[446,513,548],[444,512,546],[443,511,545],[462,510,543],
[441,509,541],[431,535,536],[531,533,534],[429,531,532],[511,529,530],[427,527,528],[473,525,557],[492,523,524],[474,522,523],[429,520,521],
[516,518,519],[424,516,517],[444,515,579],[443,514,577],[421,513,575],[420,512,573],[419,511,571],[455,509,568],[506,508,567],[417,506,565],
[498,522,561],[496,501,559],[416,499,557],[417,497,556],[415,495,555],[435,576,580],[483,540,576],[492,571,585],[524,560,579],[491,529,577],
[486,488,566],[414,486,564],[485,502,562],[452,483,560],[481,504,558],[425,479,535],[473,499,533],[412,478,531],[410,477,526],[409,476,525],
[475,498,523],[474,519,573],[414,505,522],[424,473,520],[408,476,518],[406,472,516],[396,507,508],[394,505,506],[500,503,504],[502,522,566],
[392,500,501],[498,499,556],[390,496,497],[388,495,526],[434,493,540],[452,491,492],[460,490,560],[435,489,491],[392,487,488],[486,504,507],
[480,484,485],[482,483,558],[384,480,481],[479,519,574],[414,499,572],[478,518,570],[394,477,567],[476,497,565],[439,475,563],[474,475,561],
[381,505,559],[476,506,556],[417,472,555],[467,471,554],[469,552,554],[379,467,550],[482,490,547],[458,464,544],[457,463,542],[378,461,540],
[460,485,563],[379,459,539],[458,494,538],[377,456,537],[512,568,575],[445,515,569],[444,514,568],[502,559,583],[492,545,574],[452,564,572],
[451,498,570],[447,469,553],[449,544,551],[376,447,549],[454,465,548],[435,445,546],[444,524,545],[449,543,552],[442,541,543],[385,440,507],
[439,501,505],[434,461,503],[460,502,503],[374,438,500],[373,437,494],[372,436,493],[445,491,547],[435,483,561],[376,466,490],[489,490,553],
[384,434,487],[371,436,484],[461,482,539],[369,433,480],[356,470,471],[354,468,469],[352,466,467],[465,489,551],[350,464,468],[349,462,463],
[460,538,547],[347,458,459],[346,457,458],[344,456,494],[448,454,515],[400,453,514],[435,452,502],[451,452,524],[450,530,545],[451,512,534],
[350,463,469],[349,448,449],[447,470,552],[441,446,454],[444,445,543],[443,444,541],[339,449,462],[337,441,442],[440,485,566],[439,483,564],
[376,461,562],[438,484,558],[352,437,554],[436,459,550],[346,466,544],[405,542,553],[436,467,539],[538,539,554],[379,433,537],[428,432,536],
[521,534,575],[430,532,536],[453,455,530],[333,428,528],[443,450,529],[421,426,521],[420,519,520],[419,425,517],[404,514,515],[399,423,514],
[465,542,578],[333,422,513],[512,527,548],[421,455,511],[400,423,510],[332,418,509],[475,556,567],[474,555,565],[420,479,557],[478,519,555],
[489,544,580],[435,549,562],[411,430,535],[517,533,571],[413,521,531],[331,411,527],[474,525,526],[416,525,533],[451,491,523],[413,520,532],
[407,516,520],[340,405,470],[338,404,468],[457,464,466],[465,510,530],[330,442,468],[329,403,462],[328,402,455],[403,454,509],[327,401,453],
[420,451,529],[331,427,450],[450,534,535],[339,448,463],[337,400,448],[326,401,446],[423,443,513],[325,399,462],[323,398,441],[310,431,432],
[307,429,430],[304,427,428],[474,492,533],[302,426,429],[301,424,425],[465,512,524],[299,421,422],[419,420,527],[309,419,421],[331,423,548],
[306,418,455],[412,416,479],[415,417,499],[361,415,478],[486,522,565],[475,483,504],[302,425,430],[407,473,517],[301,412,413],[411,431,532],
[408,410,525],[406,409,416],[414,498,518],[293,413,424],[360,408,478],[291,406,407],[404,454,551],[445,457,549],[403,446,541],[304,402,536],
[509,528,530],[401,422,528],[309,427,521],[368,517,535],[401,428,513],[511,513,536],[399,453,510],[333,398,509],[391,397,508],[389,395,506],
[488,504,567],[393,501,508],[382,391,497],[359,389,495],[387,394,488],[386,486,497],[439,485,487],[381,385,481],[367,478,479],[472,495,499],
[382,383,477],[359,382,476],[475,496,526],[361,408,473],[362,389,476],[287,380,472],[445,538,552],[460,537,550],[439,440,540],[438,485,537],
[386,393,507],[477,505,508],[481,503,559],[375,488,500],[386,388,496],[460,493,494],[378,493,503],[375,487,501],[370,480,487],[294,368,431],
[367,416,531],[292,367,429],[420,511,532],[419,426,427],[286,407,429],[366,409,516],[285,366,424],[364,365,506],[284,364,417],[366,416,472],
[363,380,417],[283,362,415],[388,390,486],[388,410,414],[293,412,425],[360,415,473],[291,361,412],[284,363,410],[282,362,409],[414,477,495],
[281,360,424],[287,359,408],[279,358,406],[268,396,397],[266,394,395],[263,392,393],[262,390,391],[365,388,389],[259,387,392],[257,384,385],
[258,383,394],[381,439,496],[265,381,394],[374,378,440],[377,379,461],[315,377,438],[447,490,550],[259,385,393],[370,434,481],[257,374,375],
[386,396,501],[371,373,493],[369,372,378],[376,482,484],[249,375,384],[314,371,438],[247,369,370],[409,410,518],[262,365,508],[363,383,497],
[362,382,495],[265,390,488],[322,481,507],[363,391,477],[358,359,472],[348,357,471],[347,355,469],[345,353,467],[351,464,471],[335,348,459],
[313,345,456],[343,352,469],[342,449,470],[341,447,459],[340,346,449],[338,405,442],[321,438,440],[433,456,461],[335,336,437],[313,335,436],
[315,371,434],[316,345,436],[241,334,433],[405,457,515],[442,510,542],[341,351,470],[437,466,471],[341,344,458],[354,463,464],[324,441,448],
[250,322,396],[321,378,500],[248,321,392],[381,387,390],[240,370,392],[320,372,480],[239,320,384],[318,319,467],[238,318,379],[320,378,433],
[317,334,379],[237,316,377],[344,347,447],[344,373,376],[249,374,385],[314,377,434],[247,315,374],[238,317,373],[236,316,372],[376,437,456],
[235,314,384],[241,313,371],[233,312,369],[222,356,357],[220,354,355],[218,352,353],[216,350,351],[215,349,350],[214,347,348],[343,346,347],
[319,344,345],[211,343,350],[209,342,349],[207,339,340],[206,337,338],[208,336,352],[346,352,355],[330,404,405],[329,399,404],[332,333,423],
[324,400,442],[273,332,403],[411,450,528],[211,340,351],[209,338,350],[207,330,354],[206,329,339],[341,356,464],[326,328,453],[325,403,404],
[323,327,399],[331,443,446],[201,339,354],[200,337,339],[272,326,403],[199,325,349],[198,323,324],[372,373,484],[214,319,471],[317,336,459],
[316,335,456],[317,348,437],[312,313,433],[300,311,432],[299,308,430],[298,305,428],[303,426,432],[289,300,422],[398,418,423],[271,298,418],
[297,304,430],[296,413,431],[295,411,422],[294,309,413],[292,368,407],[289,290,402],[271,289,401],[273,326,400],[274,298,401],[192,288,398],
[368,419,479],[295,303,431],[402,427,432],[295,306,421],[307,425,426],[280,406,412],[220,342,356],[342,346,405],[191,324,349],[278,327,441],
[190,278,337],[276,277,428],[189,276,333],[278,398,399],[275,288,333],[272,332,400],[188,274,332],[299,306,411],[306,328,331],[201,330,340],
[200,329,338],[199,324,330],[198,273,329],[189,275,328],[187,274,327],[331,402,418],[186,272,337],[192,271,326],[186,278,325],[184,270,323],
[173,310,311],[171,307,308],[169,304,305],[167,302,303],[166,301,302],[165,299,300],[297,299,309],[277,298,306],[162,297,302],[160,296,301],
[158,293,294],[285,360,367],[157,291,292],[159,290,304],[304,308,309],[286,367,368],[280,361,407],[228,287,366],[162,294,303],[160,292,302],
[158,286,307],[157,285,293],[295,310,426],[282,284,415],[281,366,367],[279,283,360],[152,293,307],[151,291,293],[283,284,409],[227,282,366],
[150,281,301],[227,287,361],[149,279,280],[327,328,446],[165,277,432],[275,290,422],[274,289,418],[275,300,402],[270,271,398],[256,269,397],
[255,267,395],[258,264,393],[254,267,391],[253,261,389],[260,387,397],[258,386,395],[256,261,383],[244,255,382],[358,380,408],[230,254,389],
[226,253,380],[252,262,393],[251,375,396],[266,383,386],[250,265,375],[248,322,370],[246,261,365],[244,245,364],[230,261,363],[226,244,362],
[228,282,361],[253,254,363],[229,253,362],[242,243,359],[143,242,358],[322,381,440],[260,266,396],[365,390,397],[364,388,395],[263,385,387],
[234,369,374],[171,296,310],[296,309,368],[142,280,301],[232,283,406],[232,358,360],[141,232,291],[231,255,391],[225,230,359],[243,245,382],
[140,229,287],[152,286,294],[151,285,292],[150,280,286],[149,228,285],[225,243,284],[139,229,283],[364,380,410],[138,227,291],[230,242,284],
[143,226,282],[138,232,281],[139,225,287],[136,224,279],[125,268,269],[123,266,267],[121,263,264],[119,262,267],[116,259,260],[114,257,259],
[115,256,258],[252,258,265],[231,254,395],[110,252,259],[108,251,257],[107,249,250],[239,314,321],[106,247,248],[123,246,262],[245,256,365],
[262,264,265],[240,321,322],[234,315,370],[179,241,320],[110,250,260],[108,248,259],[107,240,263],[106,239,249],[266,268,387],[236,238,377],
[235,320,321],[233,237,314],[99,249,263],[98,247,249],[237,238,372],[178,236,320],[97,235,257],[178,241,315],[96,233,234],[115,231,397],
[245,246,383],[229,244,380],[243,255,364],[224,226,358],[205,223,357],[208,221,355],[204,219,353],[208,217,351],[203,219,348],[319,347,357],
[202,213,345],[212,343,357],[210,342,355],[208,341,353],[205,213,336],[195,204,335],[312,334,371],[181,203,345],[177,202,334],[214,221,351],
[210,354,356],[218,336,341],[197,213,319],[195,196,318],[181,213,317],[318,344,353],[177,195,316],[179,236,315],[202,203,317],[180,202,316],
[193,194,313],[90,193,312],[212,218,356],[216,340,343],[215,338,342],[191,325,330],[185,323,329],[121,251,268],[251,265,322],[89,234,257],
[183,237,369],[183,312,314],[88,183,247],[182,204,348],[176,181,313],[194,196,335],[87,180,241],[99,240,250],[98,239,248],[97,234,240],
[96,179,239],[176,194,238],[86,180,237],[318,334,373],[85,178,247],[181,193,238],[90,177,236],[85,183,235],[86,176,241],[83,175,233],
[73,222,223],[72,220,221],[70,218,219],[68,216,217],[66,215,216],[64,214,219],[72,211,212],[60,209,210],[60,207,211],[59,206,209],
[63,205,208],[182,203,353],[55,211,221],[54,209,211],[54,207,210],[52,201,206],[66,201,220],[51,200,207],[190,272,325],[52,199,209],
[50,198,199],[70,197,214],[218,222,343],[196,205,319],[214,217,355],[185,273,324],[131,192,278],[55,212,220],[51,191,215],[50,190,200],
[187,189,332],[184,188,272],[53,201,216],[43,200,215],[59,199,201],[42,198,200],[188,189,327],[130,187,278],[41,186,206],[130,192,273],
[40,186,191],[39,184,185],[63,182,357],[196,197,336],[180,195,334],[194,204,318],[175,177,312],[156,174,311],[159,172,308],[276,305,306],
[155,170,305],[159,168,303],[154,170,300],[277,299,311],[153,164,298],[163,297,311],[161,296,308],[159,295,305],[156,164,290],[146,155,289],
[270,288,326],[133,154,298],[129,153,288],[165,172,303],[161,307,310],[169,290,295],[148,164,277],[146,147,276],[133,164,275],[129,146,274],
[131,187,273],[153,154,275],[132,153,274],[144,145,271],[33,144,270],[163,169,310],[167,294,297],[166,292,296],[142,281,286],[137,279,285],
[68,210,222],[43,191,207],[40,185,206],[135,188,323],[135,270,272],[42,190,199],[32,135,198],[134,155,300],[128,133,271],[145,147,289],
[31,132,192],[53,215,220],[41,185,191],[39,131,190],[128,145,189],[30,132,188],[276,288,328],[29,130,198],[133,144,189],[33,129,187],
[29,135,186],[30,128,192],[32,130,186],[27,127,184],[74,173,174],[49,171,172],[18,169,170],[38,167,168],[47,166,167],[16,165,170],
[49,162,163],[62,160,161],[62,158,162],[45,157,160],[15,156,159],[134,154,305],[65,162,172],[48,160,162],[48,158,161],[37,152,157],
[47,152,171],[57,151,158],[141,227,281],[37,150,160],[35,149,150],[18,148,165],[169,173,297],[147,156,277],[165,168,308],[137,228,280],
[79,143,232],[65,163,171],[57,142,166],[35,141,151],[136,140,227],[58,152,167],[46,151,166],[45,150,152],[44,149,151],[140,225,283],
[78,139,232],[36,138,157],[224,242,282],[78,143,228],[25,138,142],[79,139,228],[24,136,137],[15,134,311],[147,148,290],[132,146,288],
[145,155,276],[127,129,270],[105,126,269],[104,124,267],[122,123,264],[103,120,267],[102,118,261],[117,123,260],[104,120,256],[101,118,255],
[231,258,269],[112,113,254],[100,112,253],[111,252,269],[109,251,264],[105,113,246],[104,112,245],[101,103,261],[93,102,244],[94,104,254],
[81,101,253],[81,112,243],[77,100,242],[115,122,260],[109,263,268],[119,246,266],[95,113,231],[93,94,230],[94,113,245],[77,93,229],
[100,101,243],[80,100,229],[92,102,230],[91,92,226],[76,92,225],[12,91,224],[111,119,268],[116,250,252],[114,248,251],[89,235,240],
[84,233,239],[38,161,173],[46,142,158],[25,137,157],[82,140,279],[82,224,227],[44,141,150],[21,82,149],[103,124,256],[102,103,255],
[76,81,226],[92,94,244],[11,80,143],[58,166,171],[36,137,142],[24,79,141],[10,80,140],[20,78,149],[81,91,225],[12,77,139],
[20,82,138],[80,93,242],[10,76,143],[21,78,138],[75,91,139],[19,75,136],[125,126,174],[123,124,126],[121,122,156],[6,119,120],
[95,118,246],[116,117,148],[115,117,264],[114,116,155],[5,115,120],[105,118,231],[110,111,156],[119,125,252],[108,109,147],[107,110,147],
[106,108,146],[4,105,123],[110,122,170],[108,110,154],[107,109,154],[99,106,133],[99,121,155],[98,107,153],[88,178,235],[97,108,133],
[96,97,144],[6,95,115],[84,179,234],[23,90,183],[111,121,170],[89,114,153],[88,98,144],[83,87,178],[99,116,164],[98,114,145],
[97,99,146],[96,98,132],[87,176,237],[22,86,183],[85,106,128],[175,193,236],[22,90,179],[85,89,129],[23,86,179],[30,83,84],
[4,124,269],[75,77,224],[49,74,223],[64,73,221],[48,71,219],[69,70,217],[67,216,222],[47,65,219],[46,62,213],[61,70,212],
[48,65,205],[45,62,204],[182,208,223],[57,58,203],[44,57,202],[56,221,223],[67,210,217],[49,58,197],[64,197,218],[48,57,196],
[45,47,213],[36,46,195],[37,48,203],[25,45,202],[25,57,194],[21,44,193],[63,69,212],[38,58,182],[36,37,181],[37,58,196],
[21,36,180],[44,45,194],[24,44,180],[35,46,181],[34,35,177],[20,35,176],[3,34,175],[56,64,222],[28,184,190],[109,125,148],
[89,107,145],[84,106,129],[26,87,233],[26,175,178],[88,97,132],[26,31,96],[47,71,205],[46,47,204],[20,25,177],[35,37,195],
[2,24,90],[114,121,164],[84,89,128],[23,30,88],[1,24,87],[22,33,96],[25,34,176],[3,21,86],[26,33,85],[24,36,193],
[1,20,90],[22,31,85],[19,34,86],[19,27,83],[73,74,126],[72,73,124],[70,71,74],[68,69,105],[66,67,104],[13,64,65],
[38,62,197],[61,72,95],[60,68,113],[61,63,217],[60,72,103],[59,60,102],[17,63,65],[49,62,182],[55,56,105],[54,55,104],
[54,67,118],[52,53,94],[55,66,118],[51,54,94],[52,54,101],[50,52,93],[14,49,70],[55,69,120],[51,53,101],[43,50,81],
[53,68,103],[43,66,102],[59,66,112],[42,51,100],[41,52,81],[40,51,92],[39,41,91],[13,38,63],[28,131,185],[8,33,135],
[56,68,120],[43,60,112],[40,59,100],[42,59,92],[32,42,91],[27,31,130],[53,72,113],[41,43,93],[39,42,80],[31,128,188],
[7,30,135],[29,50,76],[127,144,187],[7,33,131],[29,40,77],[8,30,131],[32,41,80],[10,27,28],[14,71,223],[19,21,175],
[16,74,172],[17,18,168],[71,167,173],[14,18,163],[134,159,174],[13,172,174],[71,161,168],[16,148,169],[15,17,163],[109,117,134],
[9,127,130],[23,84,127],[13,16,173],[34,136,141],[67,73,95],[28,50,77],[9,31,184],[9,11,39],[28,40,76],[8,10,32],
[7,12,39],[9,12,29],[7,11,29],[27,32,75],[18,122,126],[17,38,64],[4,16,111],[14,15,168],[6,15,111],[116,125,134],
[5,18,125],[34,79,137],[4,15,117],[11,76,140],[3,12,82],[11,19,78],[2,10,82],[2,12,79],[3,10,79],[1,75,78],
[5,122,174],[83,88,127],[6,16,117],[5,95,119],[61,67,124],[8,28,75],[1,11,136],[2,20,87],[6,69,74],[5,14,56],
[4,13,56],[6,17,73],[4,14,61],[3,9,26],[2,22,27],[1,8,26],[3,8,23],[1,9,23],[7,19,22],[17,69,126],
[5,13,61],[2,7,83]];
###############################################################

#SurfaceInfo: 588 Vertices, 3528 Edges, 2352 Faces, IsOrientable=true
 #Vertices of faces:
vof2:=[[586,587,588],[584,585,587],[582,583,588],[581,584,586],[579,580,586],[577,578,585],[576,582,587],[574,575,587],[572,573,583],[570,571,581],
[569,579,588],[568,577,584],[566,567,588],[564,565,584],[562,563,580],[560,561,578],[558,559,576],[557,574,585],[556,572,582],[555,570,586],
[553,554,586],[551,552,585],[549,550,582],[547,548,575],[545,546,573],[543,544,571],[541,542,569],[540,553,568],[539,566,583],[538,564,581],
[537,562,579],[536,560,577],[535,558,587],[533,534,587],[531,532,583],[529,530,581],[527,528,579],[525,526,577],[523,524,567],[521,522,565],
[519,520,563],[517,518,561],[515,516,559],[513,514,557],[512,556,574],[532,533,555],[511,553,580],[516,551,578],[510,549,576],[509,547,574],
[508,545,572],[528,543,570],[507,541,588],[506,553,584],[505,534,588],[504,558,584],[502,503,580],[501,559,578],[499,500,576],[497,498,572],
[495,496,570],[493,494,554],[500,510,552],[491,492,550],[490,491,548],[488,489,546],[486,487,544],[484,485,542],[483,511,540],[481,482,539],
[479,480,538],[478,537,566],[477,536,564],[503,534,535],[476,533,575],[485,531,573],[483,529,571],[475,527,569],[474,525,568],[473,523,566],
[472,521,564],[471,519,562],[470,517,560],[515,558,565],[494,513,585],[469,574,582],[505,533,586],[504,535,585],[468,541,582],[466,467,575],
[465,542,573],[464,540,571],[462,463,569],[460,461,568],[458,459,562],[456,457,560],[454,455,558],[452,453,534],[463,475,532],[461,474,530],
[450,451,528],[448,449,526],[447,450,524],[446,448,522],[444,445,520],[442,443,518],[440,441,516],[438,439,514],[437,512,557],[476,532,539],
[435,436,511],[433,434,516],[431,432,510],[432,509,551],[430,508,549],[505,507,552],[467,504,506],[429,534,567],[502,544,563],[439,501,561],
[437,499,559],[428,497,556],[495,523,555],[427,493,553],[426,510,551],[425,491,549],[430,491,547],[424,488,545],[459,486,543],[484,541,550],
[481,548,583],[453,479,581],[467,566,579],[423,564,577],[468,507,583],[506,554,581],[422,570,579],[421,513,577],[453,506,567],[420,455,565],
[419,563,571],[418,514,561],[417,512,559],[417,499,557],[415,416,556],[463,524,555],[425,508,547],[413,414,545],[412,447,543],[410,411,541],
[429,502,553],[421,423,505],[409,504,507],[503,530,538],[416,428,500],[407,408,498],[406,496,519],[405,494,521],[415,497,500],[404,407,492],
[414,424,490],[402,403,489],[400,401,487],[398,399,485],[396,397,483],[394,395,482],[393,436,480],[392,478,539],[391,477,538],[429,503,511],
[410,476,484],[389,390,485],[388,419,483],[386,387,475],[385,427,474],[387,473,531],[385,472,529],[384,471,527],[383,470,525],[494,530,535],
[468,469,506],[420,505,554],[382,504,552],[466,548,573],[395,465,546],[393,464,544],[392,462,542],[391,460,540],[381,458,537],[380,456,536],
[454,493,535],[379,452,533],[378,475,531],[377,474,529],[376,450,527],[375,448,525],[384,450,523],[383,448,521],[374,444,519],[373,442,517],
[440,515,526],[438,513,526],[435,524,580],[433,522,578],[421,431,576],[420,551,574],[382,549,572],[422,555,580],[421,494,578],[469,575,576],
[466,481,572],[372,479,570],[421,469,554],[411,476,550],[371,482,546],[370,480,544],[369,478,542],[368,477,540],[369,462,539],[368,460,538],
[366,367,537],[364,365,536],[376,471,523],[375,470,521],[362,363,519],[360,361,517],[405,438,515],[405,440,513],[382,466,533],[372,422,535],
[379,468,555],[467,567,569],[367,381,463],[365,380,461],[358,359,459],[356,357,457],[433,455,560],[435,453,562],[366,458,463],[364,456,461],
[355,358,451],[354,356,449],[363,374,447],[361,373,446],[352,353,445],[350,351,443],[348,349,441],[347,349,439],[345,346,437],[344,411,539],
[343,412,436],[341,342,434],[340,432,514],[339,432,516],[338,430,510],[420,552,557],[382,467,476],[429,495,543],[337,406,544],[336,348,439],
[335,437,501],[334,428,509],[379,478,523],[427,480,502],[346,426,501],[334,425,499],[333,430,512],[332,424,497],[459,471,495],[500,507,548],
[422,467,469],[452,468,532],[454,530,554],[453,524,563],[455,522,561],[343,419,520],[342,418,518],[340,417,516],[339,417,514],[338,415,512],
[331,425,509],[330,413,508],[367,447,528],[410,507,547],[429,452,506],[372,423,534],[409,431,558],[329,502,538],[331,428,499],[328,407,497],
[458,495,519],[477,493,521],[333,415,510],[332,407,491],[328,424,491],[327,402,488],[400,444,486],[398,484,498],[396,496,511],[394,481,498],
[436,479,496],[410,500,575],[389,492,573],[386,466,569],[372,427,568],[476,531,566],[503,529,564],[452,527,562],[454,525,560],[372,453,571],
[423,565,568],[429,496,528],[326,436,520],[325,434,518],[462,527,532],[464,511,529],[323,324,508],[472,493,536],[321,322,488],[359,445,486],
[394,484,490],[398,481,490],[396,435,479],[324,330,416],[367,451,524],[319,320,414],[318,363,412],[389,411,545],[419,502,543],[460,525,530],
[323,413,416],[317,319,408],[316,363,406],[405,457,470],[322,327,404],[315,317,414],[313,314,403],[311,312,401],[309,310,399],[308,337,397],
[307,310,395],[308,343,393],[306,344,392],[305,329,391],[303,304,390],[302,326,388],[301,387,482],[300,385,480],[299,387,485],[298,385,483],
[297,384,475],[296,383,474],[420,454,515],[295,309,395],[294,337,393],[293,392,465],[292,391,464],[291,381,473],[290,380,472],[372,493,540],
[379,466,542],[306,378,465],[305,377,464],[291,376,462],[290,375,460],[289,384,478],[288,383,477],[287,374,458],[286,373,456],[454,526,536],
[461,494,522],[420,423,469],[422,423,503],[409,421,559],[411,492,546],[304,371,489],[302,370,487],[301,369,485],[300,368,483],[299,369,482],
[298,368,480],[297,366,478],[296,364,477],[285,376,473],[284,375,472],[283,362,471],[282,360,470],[405,461,565],[382,409,505],[422,468,504],
[379,386,541],[285,381,462],[284,380,460],[281,358,458],[280,356,456],[289,366,475],[288,364,474],[287,358,450],[286,356,448],[281,374,450],
[280,373,448],[279,352,444],[278,350,442],[348,440,517],[347,438,457],[345,455,557],[412,435,459],[341,433,457],[431,455,514],[463,495,567],
[406,451,563],[348,449,561],[409,509,556],[501,515,551],[499,549,552],[409,512,547],[410,497,545],[382,550,556],[277,390,489],[276,388,487],
[274,275,471],[272,273,470],[452,528,537],[270,271,444],[268,269,442],[440,449,518],[341,438,446],[435,447,486],[347,433,446],[345,431,513],
[275,283,367],[273,282,365],[266,267,363],[264,265,361],[274,362,367],[272,360,365],[263,266,359],[262,264,357],[271,279,355],[269,278,354],
[261,263,363],[260,262,361],[258,259,353],[256,257,351],[254,255,349],[252,253,349],[251,346,434],[344,389,399],[318,343,401],[253,254,342],
[251,340,439],[250,339,441],[249,338,426],[248,316,337],[246,247,336],[250,335,418],[245,334,432],[244,346,439],[243,334,437],[245,333,437],
[242,332,428],[241,343,400],[252,255,342],[244,340,434],[240,339,418],[239,338,417],[239,331,426],[238,330,425],[329,397,419],[249,331,417],
[238,328,415],[243,333,432],[237,332,430],[236,328,425],[235,327,413],[362,444,447],[410,498,508],[416,492,548],[451,496,520],[248,326,445],
[247,325,443],[370,436,464],[242,323,430],[377,427,472],[234,321,424],[416,490,550],[236,330,415],[233,319,413],[237,323,428],[235,319,407],
[233,327,407],[232,315,424],[231,313,402],[263,311,400],[309,398,488],[337,396,486],[307,394,414],[303,389,414],[326,412,419],[386,411,482],
[309,408,546],[379,473,537],[465,484,531],[405,456,517],[230,337,445],[229,336,443],[240,335,441],[275,355,459],[227,228,402],[226,271,400],
[398,408,489],[396,406,487],[303,394,404],[307,389,404],[344,386,481],[329,427,479],[234,315,324],[224,225,322],[223,267,445],[232,321,324],
[275,359,451],[222,224,320],[267,318,353],[228,231,317],[226,263,316],[273,354,457],[221,222,322],[227,313,317],[219,220,314],[218,259,312],
[216,217,310],[215,248,308],[213,214,310],[212,241,308],[211,306,390],[210,305,388],[214,216,304],[212,248,302],[211,301,395],[210,300,393],
[209,299,399],[220,298,397],[208,297,378],[207,296,377],[205,206,295],[204,230,294],[209,293,371],[220,292,370],[203,291,387],[202,290,385],
[201,306,395],[200,305,393],[199,291,392],[198,290,391],[203,289,392],[202,288,391],[197,287,381],[196,286,380],[213,217,304],[215,241,302],
[201,301,390],[200,300,388],[195,299,371],[194,298,370],[193,297,369],[192,296,368],[193,285,378],[192,284,377],[191,283,376],[190,282,375],
[208,285,369],[207,284,368],[191,281,366],[190,280,364],[199,289,387],[198,288,385],[189,287,384],[188,286,383],[187,281,376],[186,280,375],
[185,279,362],[184,278,360],[365,449,522],[206,277,403],[204,276,401],[197,274,384],[196,272,383],[183,270,374],[182,268,373],[365,446,526],
[187,283,366],[186,282,364],[181,266,362],[180,264,360],[189,274,381],[188,272,380],[185,266,358],[184,264,356],[181,279,358],[180,278,356],
[179,261,374],[178,260,373],[177,258,352],[176,256,350],[254,348,354],[252,347,442],[345,434,440],[254,341,361],[246,348,361],[418,438,501],
[359,400,520],[252,357,518],[426,431,509],[413,488,490],[175,295,403],[174,294,401],[195,293,399],[194,292,397],[172,173,352],[170,171,350],
[347,357,443],[345,433,441],[316,355,412],[246,341,354],[318,355,406],[183,261,275],[182,260,273],[168,169,271],[166,167,269],[179,270,275],
[178,268,273],[165,168,267],[164,166,265],[173,177,263],[171,176,262],[163,165,271],[162,164,269],[172,258,263],[170,256,262],[160,161,259],
[199,257,306],[159,255,351],[157,158,253],[156,251,342],[295,307,399],[155,223,401],[153,154,253],[152,251,336],[156,250,336],[151,249,335],
[155,248,311],[154,157,247],[152,250,342],[151,245,340],[150,244,349],[161,243,346],[149,245,335],[148,242,331],[147,226,241],[145,146,255],
[144,244,325],[150,240,325],[161,239,339],[143,239,346],[142,238,334],[294,343,397],[149,249,340],[141,238,338],[143,243,339],[142,237,338],
[140,236,331],[139,235,330],[223,248,312],[153,158,247],[276,326,370],[140,242,333],[292,329,377],[138,234,328],[148,236,333],[138,233,323],
[141,237,334],[137,235,332],[136,233,328],[139,232,332],[135,231,321],[324,408,492],[147,230,353],[146,229,351],[144,240,349],[134,227,327],
[324,404,498],[136,234,323],[133,224,321],[261,267,359],[137,232,330],[135,224,319],[133,231,319],[132,221,327],[132,227,315],[131,219,313],
[169,259,311],[216,309,317],[213,307,402],[344,390,398],[329,388,396],[216,303,322],[205,309,322],[371,394,465],[213,320,489],[241,318,487],
[378,386,473],[360,442,446],[130,241,353],[293,344,378],[134,221,315],[128,129,313],[127,258,311],[307,320,403],[205,303,317],[230,316,326],
[270,352,355],[125,126,228],[124,165,226],[123,125,225],[122,165,223],[129,131,222],[127,169,353],[121,123,228],[122,173,226],[268,350,354],
[128,219,222],[161,218,250],[120,217,314],[119,215,312],[117,118,214],[116,130,212],[115,211,304],[118,210,302],[113,114,214],[112,155,212],
[111,211,295],[120,210,294],[115,209,295],[118,220,294],[110,208,293],[126,207,292],[114,117,206],[112,130,204],[111,209,304],[120,220,302],
[110,203,301],[126,202,300],[109,201,310],[108,200,308],[198,219,305],[107,203,293],[129,202,292],[106,197,285],[105,196,284],[104,108,217],
[103,147,215],[102,201,277],[114,200,276],[109,195,277],[108,194,276],[193,257,299],[192,219,298],[101,193,306],[123,192,305],[100,191,291],
[99,190,290],[107,208,301],[129,207,300],[98,191,297],[97,190,296],[101,199,299],[123,198,298],[100,189,297],[99,188,296],[96,187,285],
[95,186,284],[94,185,283],[93,184,282],[113,118,206],[116,155,204],[96,197,289],[95,196,288],[92,183,281],[91,182,280],[106,187,289],
[105,186,288],[92,181,274],[91,180,272],[98,189,291],[97,188,290],[90,185,287],[89,184,286],[88,181,281],[87,180,280],[94,179,287],
[93,178,286],[86,177,270],[85,176,268],[273,357,449],[108,175,314],[103,174,312],[102,195,310],[114,194,308],[84,172,279],[83,170,278],
[88,183,274],[87,182,272],[82,168,270],[81,166,268],[90,179,283],[89,178,282],[86,168,266],[85,166,264],[82,177,266],[81,176,264],
[80,163,279],[79,162,278],[80,172,261],[79,170,260],[78,160,258],[96,199,256],[254,265,351],[157,252,262],[223,318,352],[153,254,350],
[336,347,441],[335,345,426],[271,311,316],[157,246,269],[145,252,269],[325,341,418],[153,265,443],[321,402,404],[84,163,261],[83,162,260],
[76,77,258],[98,208,256],[145,246,262],[74,75,173],[100,171,193],[73,74,169],[100,167,203],[77,78,165],[96,164,208],[72,73,173],
[106,171,203],[76,160,165],[98,164,199],[159,209,257],[158,201,257],[71,156,255],[70,122,155],[101,154,211],[69,152,229],[68,156,247],
[70,151,250],[67,127,155],[107,154,195],[66,152,253],[151,218,244],[68,150,255],[70,161,244],[67,149,240],[75,148,239],[67,122,147],
[101,146,195],[66,144,229],[71,150,247],[67,143,251],[75,142,245],[65,149,251],[141,160,249],[65,143,240],[77,142,239],[73,140,249],
[64,139,236],[65,124,312],[110,158,209],[174,230,276],[140,160,243],[63,138,238],[77,148,245],[62,138,242],[73,141,243],[63,137,242],
[61,136,236],[61,139,237],[60,135,234],[70,127,147],[107,146,211],[69,144,253],[59,134,233],[64,136,237],[59,133,232],[62,137,238],
[58,135,235],[57,133,233],[60,132,235],[58,132,234],[56,131,227],[315,320,408],[65,130,259],[57,134,232],[55,128,231],[54,125,227],
[56,125,224],[54,131,224],[163,169,267],[53,121,231],[53,128,221],[216,225,314],[117,213,222],[113,216,313],[117,205,228],[130,226,230],
[104,213,228],[277,303,371],[113,225,403],[55,121,221],[75,149,259],[104,205,222],[77,127,151],[77,124,143],[122,149,160],[73,127,143],
[75,122,161],[119,150,218],[116,152,218],[52,115,217],[51,118,215],[70,112,156],[50,111,175],[52,120,174],[49,115,206],[49,118,204],
[117,126,220],[65,112,144],[51,111,214],[50,120,212],[110,159,201],[126,200,314],[49,109,217],[49,108,215],[117,200,219],[104,129,194],
[106,167,193],[105,128,192],[70,103,144],[51,102,175],[50,114,174],[52,109,206],[51,108,204],[104,123,210],[99,128,202],[113,129,210],
[97,131,207],[113,123,194],[99,125,192],[95,121,207],[48,94,187],[47,93,186],[67,116,150],[95,131,198],[46,92,191],[45,91,190],
[105,125,202],[44,92,197],[43,91,196],[97,121,198],[46,90,197],[45,89,196],[42,88,187],[41,87,186],[42,94,189],[41,93,188],
[40,86,183],[39,85,182],[65,103,156],[50,102,214],[52,114,212],[38,84,181],[37,83,180],[48,88,189],[47,87,188],[38,82,179],
[37,81,178],[44,90,191],[43,89,190],[36,86,185],[35,85,184],[34,82,181],[33,81,180],[40,80,185],[39,79,184],[36,80,183],
[35,79,182],[32,78,172],[48,96,170],[260,265,357],[34,84,179],[33,83,178],[31,76,177],[42,98,176],[30,74,172],[46,100,170],
[32,74,168],[48,100,166],[30,78,168],[46,96,166],[29,72,177],[44,106,176],[29,76,163],[44,98,162],[157,167,257],[101,153,164],
[107,157,256],[101,145,171],[229,246,325],[124,173,223],[110,153,171],[107,167,351],[31,72,163],[42,106,162],[110,145,164],[71,109,159],
[69,111,159],[68,102,158],[66,115,158],[68,115,146],[66,102,146],[71,111,154],[67,119,152],[73,124,151],[64,76,140],[119,147,174],
[63,76,142],[62,78,148],[63,74,140],[61,72,148],[61,78,141],[28,60,136],[69,109,154],[27,59,138],[64,74,142],[26,59,139],
[62,72,141],[27,58,139],[25,57,136],[25,60,137],[26,58,138],[24,56,134],[28,57,137],[23,55,133],[23,54,132],[22,56,135],
[21,54,133],[24,53,135],[22,53,134],[221,225,320],[21,55,132],[72,75,169],[124,130,218],[175,205,277],[51,66,119],[52,71,119],
[49,69,116],[50,68,116],[49,68,103],[50,69,103],[51,71,112],[104,120,175],[121,126,225],[47,54,95],[45,54,99],[43,56,105],
[45,53,95],[41,55,105],[41,56,97],[20,40,88],[19,39,87],[52,66,112],[18,38,92],[17,37,91],[47,53,99],[16,38,94],
[15,37,93],[43,55,97],[18,36,94],[17,35,93],[14,34,88],[13,33,87],[14,40,90],[13,39,89],[16,36,92],[15,35,91],
[12,32,84],[14,48,83],[20,34,90],[19,33,89],[11,31,82],[20,42,81],[11,30,80],[20,46,79],[10,32,86],[16,48,85],
[9,30,82],[18,46,81],[12,29,86],[14,44,85],[10,29,84],[16,44,83],[162,167,265],[9,31,80],[18,42,79],[145,159,229],
[28,30,61],[27,30,63],[26,32,64],[27,29,61],[25,31,64],[25,32,62],[26,31,62],[8,24,57],[28,29,63],[7,23,59],
[6,23,60],[7,22,60],[5,21,57],[5,24,58],[6,22,59],[8,21,58],[19,22,41],[17,22,45],[15,24,47],[17,21,41],
[13,23,47],[13,24,43],[15,23,43],[4,12,34],[3,14,33],[19,21,45],[3,11,38],[2,20,37],[1,11,40],[1,20,39],
[3,10,40],[2,16,39],[2,9,34],[4,18,33],[2,12,36],[4,14,35],[1,10,38],[1,16,37],[4,9,36],[3,18,35],
[8,10,25],[7,10,27],[6,12,28],[7,9,25],[5,11,28],[5,12,26],[6,11,26],[8,9,27],[3,5,13],[2,5,17],
[1,8,19],[2,7,13],[4,6,19],[4,8,15],[1,6,15],[3,7,17],[584,586,587],[582,587,588],[579,586,588],[577,584,585],
[574,585,587],[572,582,583],[570,581,586],[566,583,588],[564,581,584],[562,579,580],[560,577,578],[558,576,587],[553,580,586],[551,578,585],
[549,576,582],[547,574,575],[545,572,573],[543,570,571],[541,569,588],[553,568,584],[533,575,587],[531,573,583],[529,571,581],[527,569,579],
[525,568,577],[523,566,567],[521,564,565],[519,562,563],[517,560,561],[515,558,559],[513,557,585],[556,574,582],[533,555,586],[534,567,588],
[558,565,584],[502,563,580],[501,561,578],[499,559,576],[512,557,574],[497,556,572],[495,555,570],[493,553,554],[510,551,552],[491,549,550],
[491,547,548],[488,545,546],[486,543,544],[484,541,542],[511,540,553],[481,539,583],[479,538,581],[537,566,579],[536,564,577],[534,535,587],
[505,554,586],[504,552,585],[541,550,582],[466,548,575],[465,546,573],[464,544,571],[462,542,569],[460,540,568],[478,539,566],[477,538,564],
[458,537,562],[456,536,560],[454,535,558],[452,533,534],[475,531,532],[474,529,530],[450,527,528],[448,525,526],[450,523,524],[448,521,522],
[444,519,520],[442,517,518],[440,515,516],[438,513,514],[476,532,533],[435,511,580],[433,516,578],[431,510,576],[509,551,574],[508,549,572],
[528,570,579],[505,507,588],[504,506,584],[468,532,583],[530,554,581],[513,526,577],[453,524,567],[455,522,565],[419,520,563],[418,518,561],
[417,516,559],[417,514,557],[415,512,556],[463,532,555],[432,516,551],[430,510,549],[425,509,547],[413,508,545],[447,528,543],[410,507,541],
[429,506,553],[423,505,534],[409,504,558],[502,503,538],[437,501,559],[428,499,500],[407,497,498],[495,496,519],[493,494,521],[415,500,510],
[407,491,492],[424,490,491],[402,488,489],[400,486,487],[398,484,485],[396,483,511],[394,481,482],[436,479,480],[429,503,534],[410,476,575],
[389,485,573],[419,483,571],[386,475,569],[427,474,568],[473,531,566],[472,529,564],[471,527,562],[470,525,560],[494,535,585],[468,469,582],
[422,503,580],[421,559,578],[500,575,576],[481,498,572],[479,496,570],[421,494,554],[500,507,552],[411,492,550],[481,490,548],[371,489,546],
[370,487,544],[369,485,542],[368,483,540],[369,482,539],[368,480,538],[366,478,537],[364,477,536],[503,530,535],[387,485,531],[385,483,529],
[384,475,527],[383,474,525],[376,473,523],[375,472,521],[362,471,519],[360,470,517],[405,515,565],[405,494,513],[420,469,574],[382,505,533],
[422,504,535],[379,468,541],[466,467,569],[392,465,542],[391,464,540],[381,462,463],[380,460,461],[358,458,459],[356,456,457],[454,455,560],
[452,453,562],[366,463,475],[364,461,474],[358,450,451],[356,448,449],[374,447,450],[373,446,448],[352,444,445],[350,442,443],[348,440,441],
[347,438,439],[345,437,557],[411,476,539],[412,435,436],[341,433,434],[431,432,514],[420,505,552],[382,467,504],[429,495,567],[406,544,563],
[348,439,561],[428,509,556],[379,523,555],[427,502,553],[426,501,551],[425,499,549],[430,512,547],[424,497,545],[459,495,543],[507,548,583],
[453,506,581],[422,467,579],[421,423,577],[467,469,575],[466,542,573],[372,540,571],[463,567,569],[461,565,568],[435,459,562],[433,457,560],
[431,455,558],[372,453,534],[461,494,530],[451,496,528],[440,449,526],[435,447,524],[433,446,522],[326,445,520],[325,443,518],[339,441,516],
[340,439,514],[333,437,512],[462,532,539],[436,464,511],[340,434,516],[333,432,510],[334,432,509],[323,430,508],[467,506,567],[480,502,544],
[346,439,501],[334,437,499],[332,428,497],[471,495,523],[427,472,493],[338,426,510],[328,425,491],[332,430,491],[321,424,488],[359,459,486],
[484,490,550],[435,453,479],[467,476,566],[423,503,564],[468,504,507],[469,506,554],[372,422,570],[421,431,513],[420,455,557],[339,418,514],
[338,417,512],[331,417,499],[330,415,416],[367,463,524],[330,425,508],[319,413,414],[363,412,447],[410,411,545],[429,502,543],[409,507,547],
[460,530,538],[323,416,428],[319,407,408],[363,406,519],[405,470,521],[328,415,497],[327,404,407],[315,414,424],[313,402,403],[311,400,401],
[309,398,399],[337,396,397],[307,394,395],[343,393,436],[344,392,539],[329,391,538],[429,496,511],[410,484,498],[303,389,390],[326,388,419],
[386,387,482],[385,427,480],[452,468,506],[420,454,554],[382,549,552],[492,548,573],[309,395,546],[337,393,544],[381,473,537],[380,472,536],
[372,493,535],[379,466,533],[378,465,531],[377,464,529],[376,462,527],[375,460,525],[384,478,523],[383,477,521],[374,458,519],[373,456,517],
[454,515,526],[524,555,580],[494,522,578],[421,469,576],[382,466,572],[420,423,565],[453,563,571],[455,514,561],[409,512,559],[499,552,557],
[416,550,556],[410,508,547],[389,414,545],[412,419,543],[386,411,541],[409,421,505],[416,500,548],[398,408,498],[396,406,496],[410,497,500],
[389,404,492],[394,414,490],[277,403,489],[276,401,487],[299,399,485],[298,397,483],[301,395,482],[300,393,480],[289,392,478],[288,391,477],
[503,511,529],[476,484,531],[301,390,485],[300,388,483],[289,387,475],[288,385,474],[291,387,473],[290,385,472],[274,384,471],[272,383,470],
[306,395,465],[305,393,464],[291,392,462],[290,391,460],[287,381,458],[286,380,456],[454,493,536],[379,452,537],[297,378,475],[296,377,474],
[281,376,450],[280,375,448],[287,384,450],[286,383,448],[270,374,444],[268,373,442],[438,446,526],[420,515,551],[422,468,555],[386,466,481],
[372,427,479],[299,371,482],[298,370,480],[297,369,478],[296,368,477],[285,369,462],[284,368,460],[283,366,367],[282,364,365],[283,376,471],
[282,375,470],[266,362,363],[264,360,361],[405,438,457],[405,440,517],[274,367,381],[272,365,380],[266,358,359],[264,356,357],[281,366,458],
[280,364,456],[279,355,358],[278,354,356],[261,363,374],[260,361,373],[258,352,353],[256,350,351],[254,348,349],[252,347,349],[345,346,434],
[344,389,411],[318,343,412],[254,341,342],[382,476,550],[316,337,406],[246,336,348],[335,418,501],[379,478,542],[422,423,469],[452,527,532],
[454,525,530],[451,524,563],[449,522,561],[343,400,520],[252,342,518],[331,426,509],[367,528,537],[329,419,502],[458,463,495],[477,493,540],
[327,413,488],[444,447,486],[372,423,568],[411,482,546],[365,526,536],[348,361,517],[438,501,515],[345,440,513],[365,461,522],[347,357,457],
[345,433,455],[405,456,461],[355,406,451],[348,354,449],[341,361,446],[230,353,445],[229,351,443],[240,349,441],[244,349,439],[243,346,437],
[251,342,434],[245,340,432],[243,339,432],[237,338,430],[251,336,439],[245,335,437],[237,334,428],[239,346,426],[238,334,425],[242,333,430],
[232,332,424],[275,459,471],[343,397,419],[250,342,418],[249,340,417],[239,339,417],[238,338,415],[236,331,425],[235,330,413],[362,367,447],
[429,452,528],[409,431,509],[242,331,428],[233,328,407],[236,333,415],[235,332,407],[234,328,424],[227,327,402],[271,400,444],[394,404,498],
[436,496,520],[326,370,436],[244,325,434],[234,323,324],[224,321,322],[267,359,445],[398,488,490],[396,435,486],[232,324,330],[275,367,451],
[224,319,320],[267,318,363],[233,323,413],[231,317,319],[263,316,363],[273,457,470],[221,322,327],[227,315,317],[219,313,314],[259,311,312],
[216,309,310],[248,308,337],[213,307,310],[241,308,343],[306,344,390],[305,329,388],[216,303,304],[248,302,326],[205,295,309],[230,294,337],
[293,371,465],[292,370,464],[408,492,546],[213,304,489],[241,302,487],[285,378,473],[284,377,472],[279,362,444],[278,360,442],[382,409,556],
[434,440,518],[324,498,508],[309,322,488],[337,445,486],[394,465,484],[344,398,481],[329,396,479],[324,416,492],[307,320,414],[413,416,490],
[309,317,408],[303,322,404],[303,317,414],[175,314,403],[174,312,401],[195,310,399],[194,308,397],[201,310,395],[200,308,393],[199,306,392],
[198,305,391],[211,304,390],[210,302,388],[203,301,387],[202,300,385],[199,299,387],[198,298,385],[189,297,384],[188,296,383],[211,295,395],
[210,294,393],[203,293,392],[202,292,391],[189,291,381],[188,290,380],[193,306,378],[192,305,377],[191,291,376],[190,290,375],[197,289,384],
[196,288,383],[179,287,374],[178,286,373],[209,304,371],[220,302,370],[208,301,369],[207,300,368],[193,299,369],[192,298,368],[191,297,366],
[190,296,364],[187,285,376],[186,284,375],[185,283,362],[184,282,360],[379,386,473],[197,285,381],[196,284,380],[181,281,358],[180,280,356],
[187,289,366],[186,288,364],[185,287,358],[184,286,356],[183,281,374],[182,280,373],[172,279,352],[170,278,350],[355,412,459],[341,354,457],
[201,277,390],[200,276,388],[183,274,275],[182,272,273],[168,270,271],[166,268,269],[357,449,518],[347,442,446],[179,275,283],[178,273,282],
[168,266,267],[166,264,265],[181,274,362],[180,272,360],[177,263,266],[176,262,264],[163,271,279],[162,269,278],[172,261,263],[170,260,262],
[160,258,259],[199,256,257],[254,255,351],[157,252,253],[307,389,399],[223,318,401],[153,253,254],[250,336,441],[249,335,426],[248,311,316],
[157,246,247],[226,241,400],[145,252,255],[240,325,418],[359,451,520],[223,248,445],[153,247,443],[329,377,427],[231,321,402],[263,359,400],
[390,398,489],[388,396,487],[252,269,442],[341,418,438],[347,433,441],[345,426,431],[273,365,449],[254,265,361],[360,365,446],[252,262,357],
[271,316,355],[246,269,354],[246,262,361],[130,259,353],[159,257,351],[150,255,349],[144,253,349],[143,251,346],[293,344,399],[294,343,401],
[152,253,342],[149,251,340],[161,250,339],[141,249,338],[156,247,336],[151,250,335],[142,245,334],[161,244,346],[141,243,334],[148,245,333],
[137,242,332],[156,255,342],[151,244,340],[143,240,339],[142,239,338],[148,239,331],[137,238,330],[292,329,397],[140,249,331],[138,238,328],
[140,243,333],[139,237,332],[136,236,328],[132,235,327],[150,247,325],[138,242,323],[135,234,321],[139,236,330],[133,233,319],[136,237,323],
[135,235,319],[134,233,327],[134,232,315],[128,231,313],[258,263,311],[316,326,412],[152,229,336],[149,240,335],[270,275,355],[125,227,228],
[165,226,271],[320,408,489],[318,406,487],[307,402,404],[132,234,315],[125,224,225],[165,223,267],[133,232,321],[261,275,359],[131,222,224],
[169,267,353],[121,228,231],[173,226,263],[268,273,354],[128,221,222],[131,227,313],[219,220,298],[161,218,259],[216,217,314],[215,248,312],
[117,213,214],[130,212,241],[113,214,216],[155,212,248],[209,295,399],[220,294,397],[208,293,378],[207,292,377],[117,205,206],[130,204,230],
[104,213,217],[147,215,241],[195,277,371],[194,276,370],[113,206,403],[155,204,401],[177,270,352],[176,268,350],[336,347,443],[335,345,441],
[213,228,402],[303,371,394],[344,378,386],[315,324,408],[216,225,322],[321,324,404],[213,222,320],[241,318,353],[205,228,317],[226,230,316],
[205,222,322],[216,313,317],[120,220,314],[119,218,312],[109,217,310],[108,215,308],[102,214,310],[114,212,308],[101,211,306],[123,210,305],
[111,214,304],[120,212,302],[107,211,301],[129,210,300],[209,257,299],[98,208,297],[97,207,296],[115,206,295],[118,204,294],[110,209,293],
[126,220,292],[100,203,291],[99,202,290],[201,257,306],[200,219,305],[98,199,291],[97,198,290],[106,203,289],[105,202,288],[90,197,287],
[89,196,286],[115,217,304],[118,215,302],[110,201,301],[126,200,300],[101,195,299],[123,194,298],[100,193,297],[99,192,296],[106,193,285],
[105,192,284],[90,191,283],[89,190,282],[96,208,285],[95,207,284],[92,191,281],[91,190,280],[96,199,289],[95,198,288],[94,189,287],
[93,188,286],[88,187,281],[87,186,280],[80,185,279],[79,184,278],[109,206,277],[108,204,276],[92,197,274],[91,196,272],[86,183,270],
[85,182,268],[94,187,283],[93,186,282],[82,181,266],[81,180,264],[88,189,274],[87,188,272],[86,185,266],[85,184,264],[84,181,279],
[83,180,278],[84,179,261],[83,178,260],[76,177,258],[98,176,256],[254,350,354],[111,175,295],[120,174,294],[107,195,293],[129,194,292],
[74,172,173],[100,170,171],[265,357,443],[318,352,355],[80,183,261],[79,182,260],[74,168,169],[100,166,167],[82,179,270],[81,178,268],
[78,165,168],[96,164,166],[72,173,177],[106,171,176],[76,163,165],[98,162,164],[78,172,258],[96,170,256],[160,161,243],[157,158,257],
[295,307,403],[122,155,223],[101,153,154],[127,155,311],[107,154,157],[122,147,226],[101,145,146],[144,229,325],[124,223,312],[110,153,158],
[230,276,326],[127,147,353],[107,146,351],[169,271,311],[173,223,352],[153,171,350],[246,325,341],[260,273,357],[157,167,269],[153,164,265],
[145,171,262],[145,164,269],[157,256,262],[71,159,255],[66,158,253],[65,156,251],[69,154,253],[67,152,251],[70,156,250],[73,151,249],
[71,154,247],[152,218,250],[77,151,245],[150,218,244],[75,149,245],[62,148,242],[68,146,255],[70,144,244],[67,150,240],[75,161,239],
[77,143,239],[63,142,238],[149,160,249],[62,141,238],[73,143,243],[64,142,237],[64,140,236],[58,139,235],[68,158,247],[63,140,242],
[58,138,234],[61,148,236],[59,138,233],[61,141,237],[60,137,235],[57,136,233],[59,139,232],[53,135,231],[147,174,230],[66,146,229],
[65,144,240],[56,134,227],[60,136,234],[54,133,224],[163,261,267],[57,137,232],[56,135,224],[55,133,231],[55,132,221],[54,132,227],
[131,198,219],[75,169,259],[53,134,221],[128,129,202],[77,127,258],[225,320,403],[125,126,202],[77,124,165],[123,125,192],[122,160,165],
[129,131,207],[73,127,169],[121,123,198],[75,122,173],[128,192,219],[117,118,220],[116,130,218],[113,114,194],[70,112,155],[114,117,200],
[65,112,130],[104,108,194],[70,103,147],[102,175,277],[114,174,276],[113,118,210],[67,116,155],[108,200,314],[65,103,312],[221,315,320],
[113,129,313],[205,277,303],[117,126,228],[124,130,226],[113,123,225],[104,129,222],[104,123,228],[117,219,222],[52,120,217],[51,119,215],
[51,118,214],[50,116,212],[115,146,211],[50,114,214],[52,112,212],[111,154,211],[104,120,210],[115,158,209],[110,164,208],[121,126,207],
[52,114,206],[51,112,204],[111,159,209],[110,171,203],[109,159,201],[107,167,203],[44,106,197],[43,105,196],[49,108,217],[49,103,215],
[102,158,201],[109,154,195],[167,193,257],[101,171,193],[46,100,191],[45,99,190],[107,208,256],[44,98,191],[43,97,190],[101,164,199],
[48,100,189],[47,99,188],[48,96,187],[47,95,186],[36,94,185],[35,93,184],[49,118,206],[49,116,204],[46,96,197],[45,95,196],
[36,92,183],[35,91,182],[42,106,187],[41,105,186],[38,92,181],[37,91,180],[42,98,189],[41,97,188],[40,90,185],[39,89,184],
[34,88,181],[33,87,180],[38,94,179],[37,93,178],[29,86,177],[44,85,176],[51,108,175],[50,103,174],[102,146,195],[32,84,172],
[48,83,170],[40,88,183],[39,87,182],[30,82,168],[46,81,166],[34,90,179],[33,89,178],[32,86,168],[48,85,166],[31,82,177],
[42,81,176],[31,80,163],[42,79,162],[30,80,172],[46,79,170],[78,141,160],[167,265,351],[29,84,163],[44,83,162],[76,77,142],
[74,75,142],[73,74,140],[77,78,148],[72,73,141],[76,140,160],[70,122,161],[69,159,229],[67,127,143],[67,122,149],[65,124,143],
[70,127,151],[65,149,259],[162,260,265],[145,229,246],[73,124,173],[71,112,156],[69,116,152],[68,103,156],[66,119,152],[124,151,218],
[68,116,150],[72,75,148],[67,119,147],[66,112,144],[71,119,150],[26,64,139],[27,63,138],[26,62,138],[28,63,137],[28,61,136],
[27,61,139],[22,60,135],[69,103,144],[22,59,134],[25,64,136],[23,59,133],[25,62,137],[24,58,135],[21,57,133],[23,60,132],
[21,58,132],[56,97,131],[24,57,134],[55,105,128],[54,99,125],[56,105,125],[54,95,131],[72,163,169],[53,95,121],[53,99,128],
[126,225,314],[55,97,121],[50,120,175],[52,119,174],[121,221,225],[104,175,205],[52,66,115],[50,69,111],[49,68,115],[51,71,111],
[110,145,159],[49,69,109],[106,162,167],[51,66,102],[52,71,109],[16,48,94],[15,47,93],[18,46,92],[17,45,91],[16,44,92],
[15,43,91],[20,46,90],[19,45,89],[20,42,88],[19,41,87],[18,42,94],[17,41,93],[10,40,86],[16,39,85],[50,68,102],
[10,38,84],[16,37,83],[14,48,88],[13,47,87],[11,38,82],[20,37,81],[14,44,90],[13,43,89],[12,36,86],[14,35,85],
[9,34,82],[18,33,81],[11,40,80],[20,39,79],[9,36,80],[18,35,79],[32,62,78],[12,34,84],[14,33,83],[31,64,76],
[30,63,74],[32,64,74],[30,61,78],[29,61,72],[29,63,76],[31,62,72],[6,28,60],[7,27,59],[6,26,59],[8,27,58],
[8,25,57],[7,25,60],[5,26,58],[24,43,56],[5,28,57],[23,43,55],[23,47,54],[22,41,56],[21,45,54],[24,47,53],
[22,45,53],[21,41,55],[1,20,40],[1,19,39],[3,18,38],[2,17,37],[1,16,38],[1,15,37],[4,18,36],[3,17,35],
[4,14,34],[3,13,33],[3,14,40],[2,13,39],[2,16,36],[4,15,35],[12,26,32],[2,20,34],[4,19,33],[11,26,31],
[11,28,30],[10,25,32],[9,27,30],[12,28,29],[10,27,29],[9,25,31],[8,15,24],[7,13,23],[6,15,23],[7,17,22],
[5,17,21],[5,13,24],[6,19,22],[8,19,21],[4,6,12],[3,5,11],[1,6,11],[3,7,10],[2,7,9],[2,5,12],
[1,8,10],[4,8,9]];
###############################################################

